nome_particella,lon,lat,BELFIORE,SEZIONE,FOGLIO,PARTICELLA
H691__00010.1,7.680177726512074,45.36728104,H691,_,00010,1
H691__00080.1,7.7083887872017405,45.361919615000005,H691,_,00080,1
H691__00050.1,7.68831270718678,45.360216045,H691,_,00050,1
H691__00040.1,7.680640619036522,45.361207555,H691,_,00040,1
H691__00020.1,7.692049160819707,45.369545099999996,H691,_,00020,1
H691__00010.10,7.680534050493916,45.366939544999994,H691,_,00010,10
H691__00080.10,7.706757250130295,45.360581429999996,H691,_,00080,10
H691__00050.10,7.68874050799481,45.3588392,H691,_,00050,10
H691__00040.10,7.681916146215672,45.360721495,H691,_,00040,10
H691__00030.10,7.690986814573743,45.36168775,H691,_,00030,10
H691__00020.10,7.693291849739804,45.3688863,H691,_,00020,10
H691__00010.100,7.684320579569058,45.36566827,H691,_,00010,100
H691__00080.100,7.7072984504229325,45.35970861,H691,_,00080,100
H691__00060.100,7.687013845679555,45.353188335,H691,_,00060,100
H691__00040.100,7.679108842312507,45.35937652,H691,_,00040,100
H691__00030.100,7.692854961545224,45.361038105000006,H691,_,00030,100
H691__00020.100,7.693041960716489,45.36509565,H691,_,00020,100
H691__00010.1000,7.680073900016367,45.36128692,H691,_,00010,1000
H691__00070.1000,7.702794507357686,45.356361820000004,H691,_,00070,1000
H691__00050.1000,7.690275068048852,45.359171685,H691,_,00050,1000
H691__00040.1000,7.684745244880991,45.35286319,H691,_,00040,1000
H691__00010.1001,7.682414373799027,45.3638174,H691,_,00010,1001
H691__00070.1001,7.70335698583095,45.35561355,H691,_,00070,1001
H691__00040.1002,7.684774982862385,45.352326335,H691,_,00040,1002
H691__00070.1002,7.70338794802281,45.355992655,H691,_,00070,1002
H691__00040.1003,7.684944032434743,45.352993045000005,H691,_,00040,1003
H691__00070.1003,7.70341592022181,45.356494005,H691,_,00070,1003
H691__00040.1004,7.684934091146733,45.352543155,H691,_,00040,1004
H691__00070.1004,7.7040362052425895,45.35549788,H691,_,00070,1004
H691__00070.1005,7.704047087190373,45.356295265,H691,_,00070,1005
H691__00040.1006,7.684927682426737,45.35233445,H691,_,00040,1006
H691__00070.1006,7.7040522662240125,45.356601985,H691,_,00070,1006
H691__00050.1006,7.689370232179176,45.35823352,H691,_,00050,1006
H691__00010.1007,7.682675631241771,45.36670776,H691,_,00010,1007
H691__00070.1007,7.697281228003954,45.35616143,H691,_,00070,1007
H691__00040.1007,7.685099921276184,45.35277114,H691,_,00040,1007
H691__00010.1008,7.6826087822923395,45.36670776,H691,_,00010,1008
H691__00070.1008,7.697265043715992,45.355999415,H691,_,00070,1008
H691__00040.1008,7.685058631555069,45.352659564999996,H691,_,00040,1008
H691__00010.1009,7.6826049193197505,45.36654525,H691,_,00010,1009
H691__00070.1009,7.703656720053727,45.35568578,H691,_,00070,1009
H691__00040.1009,7.685098255187615,45.35235632,H691,_,00040,1009
H691__00010.101,7.684544392931328,45.36566869,H691,_,00010,101
H691__00080.101,7.707842738130924,45.35892492,H691,_,00080,101
H691__00060.101,7.687294242493067,45.353080965000004,H691,_,00060,101
H691__00040.101,7.679237503847199,45.359382205,H691,_,00040,101
H691__00030.101,7.69307648407373,45.36123791999999,H691,_,00030,101
H691__00020.101,7.692811573818523,45.365056765,H691,_,00020,101
H691__00010.1010,7.6830591460191755,45.36717627,H691,_,00010,1010
H691__00070.1010,7.703692385013275,45.35616467,H691,_,00070,1010
H691__00040.1010,7.685210964872297,45.35259752,H691,_,00040,1010
H691__00010.1011,7.682799533095416,45.366565359999996,H691,_,00010,1011
H691__00070.1011,7.703713372139953,45.35653261,H691,_,00070,1011
H691__00040.1011,7.68518542405492,45.35244106,H691,_,00040,1011
H691__00010.1012,7.682511929855657,45.36662508,H691,_,00010,1012
H691__00070.1012,7.699168383210752,45.353802705,H691,_,00070,1012
H691__00040.1012,7.684416831312268,45.353397435000005,H691,_,00040,1012
H691__00010.1013,7.682494699584895,45.36660302,H691,_,00010,1013
H691__00070.1013,7.699064102506892,45.353984350000005,H691,_,00070,1013
H691__00050.1013,7.688099704485873,45.35740202,H691,_,00050,1013
H691__00040.1013,7.684322575926343,45.353302795000005,H691,_,00040,1013
H691__00010.1014,7.683511246389989,45.36638755,H691,_,00010,1014
H691__00070.1014,7.699316855596717,45.35381506,H691,_,00070,1014
H691__00050.1014,7.688227653465331,45.35749749,H691,_,00050,1014
H691__00010.1015,7.683196296836693,45.36635334,H691,_,00010,1015
H691__00070.1015,7.699147533572743,45.354095825,H691,_,00070,1015
H691__00050.1015,7.68825548847747,45.357468745000006,H691,_,00050,1015
H691__00040.1015,7.684517802573165,45.353441235000005,H691,_,00040,1015
H691__00010.1016,7.6831031479860545,45.366366355,H691,_,00010,1016
H691__00070.1016,7.702884198727287,45.355317015,H691,_,00070,1016
H691__00050.1016,7.688136047162269,45.35735356,H691,_,00050,1016
H691__00040.1016,7.684491306019579,45.35331744,H691,_,00040,1016
H691__00010.1017,7.683546846709987,45.366118885,H691,_,00010,1017
H691__00070.1017,7.7029030190359045,45.355713565,H691,_,00070,1017
H691__00050.1017,7.687921702258514,45.35726913,H691,_,00050,1017
H691__00040.1017,7.6844690561889735,45.353131555000004,H691,_,00040,1017
H691__00010.1018,7.6830869023466555,45.36621557,H691,_,00010,1018
H691__00070.1018,7.703890393594084,45.355843070000006,H691,_,00070,1018
H691__00010.1019,7.682687702454189,45.36599249,H691,_,00010,1019
H691__00070.1019,7.703900162395919,45.356097375,H691,_,00070,1019
H691__00050.1019,7.689218937278763,45.35684713,H691,_,00050,1019
H691__00040.1019,7.684603395306695,45.353389365,H691,_,00040,1019
H691__00010.102,7.684579694520613,45.365358635,H691,_,00010,102
H691__00080.102,7.708017633180657,45.35868236,H691,_,00080,102
H691__00070.102,7.696361842965789,45.3543649,H691,_,00070,102
H691__00060.102,7.687560780139227,45.353262485,H691,_,00060,102
H691__00050.102,7.691567359661503,45.357743514999996,H691,_,00050,102
H691__00040.102,7.67940564437876,45.359595490000004,H691,_,00040,102
H691__00030.102,7.6941928225296685,45.361269565,H691,_,00030,102
H691__00020.102,7.69260280838062,45.365056765,H691,_,00020,102
H691__00010.1020,7.682628687757041,45.36609125,H691,_,00010,1020
H691__00070.1020,7.697085648504438,45.356163269999996,H691,_,00070,1020
H691__00050.1020,7.691520939138402,45.356314005,H691,_,00050,1020
H691__00040.1020,7.684573296954488,45.35332743,H691,_,00040,1020
H691__00010.1021,7.682669969667701,45.36570426,H691,_,00010,1021
H691__00070.1021,7.697023223141745,45.356163269999996,H691,_,00070,1021
H691__00040.1021,7.684579625771132,45.35309554,H691,_,00040,1021
H691__00010.1022,7.682217673986137,45.366068569999996,H691,_,00010,1022
H691__00070.1022,7.701238650704351,45.35478075,H691,_,00070,1022
H691__00010.1023,7.67813948882579,45.364429015,H691,_,00010,1023
H691__00070.1023,7.701409343190203,45.35514125,H691,_,00070,1023
H691__00040.1023,7.686184126240562,45.35878749,H691,_,00040,1023
H691__00010.1024,7.678264002903109,45.36431393,H691,_,00010,1024
H691__00070.1024,7.704611080788166,45.3561842,H691,_,00070,1024
H691__00040.1024,7.687490148648987,45.3593716,H691,_,00040,1024
H691__00010.1025,7.678234278015779,45.36404358,H691,_,00010,1025
H691__00070.1025,7.70461278487382,45.356379015,H691,_,00070,1025
H691__00040.1025,7.683811072293949,45.35332478,H691,_,00040,1025
H691__00040.1026,7.684940889481358,45.35545909,H691,_,00040,1026
H691__00070.1026,7.704107952378175,45.355496099999996,H691,_,00070,1026
H691__00040.1027,7.682940314251596,45.350646174999994,H691,_,00040,1027
H691__00070.1027,7.704115514838463,45.35618615,H691,_,00070,1027
H691__00040.1028,7.682982380793366,45.35134034,H691,_,00040,1028
H691__00070.1028,7.704173398253092,45.355547485,H691,_,00070,1028
H691__00050.1028,7.690526057819259,45.358400485000004,H691,_,00050,1028
H691__00040.1029,7.682097322020164,45.35231383,H691,_,00040,1029
H691__00070.1029,7.704176233188475,45.35620903,H691,_,00070,1029
H691__00010.103,7.683795138067618,45.364736300000004,H691,_,00010,103
H691__00080.103,7.710039957516548,45.35751826,H691,_,00080,103
H691__00070.103,7.6961281858202675,45.354543845,H691,_,00070,103
H691__00060.103,7.687939498397956,45.3531794,H691,_,00060,103
H691__00040.103,7.679486135786746,45.359008779999996,H691,_,00040,103
H691__00030.103,7.693026916436027,45.361352305,H691,_,00030,103
H691__00020.103,7.692440889160871,45.365117245,H691,_,00020,103
H691__00040.1030,7.682088825978173,45.352268145,H691,_,00040,1030
H691__00070.1030,7.702978450794278,45.35532696,H691,_,00070,1030
H691__00070.1031,7.703018996598573,45.355775640000005,H691,_,00070,1031
H691__00010.1032,7.680715076374162,45.363025705,H691,_,00010,1032
H691__00070.1032,7.703093267271656,45.355348039999996,H691,_,00070,1032
H691__00040.1032,7.682309631801688,45.352281500000004,H691,_,00040,1032
H691__00010.1033,7.680718189334403,45.362893975000006,H691,_,00010,1033
H691__00070.1033,7.7031321168640865,45.35581869,H691,_,00070,1033
H691__00070.1034,7.701801074925176,45.355241965000005,H691,_,00070,1034
H691__00040.1035,7.6814121010385605,45.36001774,H691,_,00040,1035
H691__00070.1035,7.701803765407778,45.35530825,H691,_,00070,1035
H691__00050.1035,7.691977925427384,45.358063404999996,H691,_,00050,1035
H691__00010.1036,7.679851873235218,45.364770605,H691,_,00010,1036
H691__00070.1036,7.70188604349392,45.355247285000004,H691,_,00070,1036
H691__00040.1036,7.682394641572497,45.36091573,H691,_,00040,1036
H691__00070.1037,7.701892340719063,45.3553419,H691,_,00070,1037
H691__00010.1038,7.682349964977247,45.36398998,H691,_,00010,1038
H691__00070.1038,7.702036434007532,45.355250135,H691,_,00070,1038
H691__00040.1038,7.6771970568062375,45.351443025,H691,_,00040,1038
H691__00070.1039,7.702050236138303,45.35540164,H691,_,00070,1039
H691__00010.104,7.683261060072049,45.364626475,H691,_,00010,104
H691__00080.104,7.711341613181337,45.355022905,H691,_,00080,104
H691__00070.104,7.6959145743097555,45.354684515,H691,_,00070,104
H691__00040.104,7.679719086051561,45.358839855,H691,_,00040,104
H691__00030.104,7.6928495492363815,45.361508595000004,H691,_,00030,104
H691__00020.104,7.692272673879666,45.365117725000005,H691,_,00020,104
H691__00040.1040,7.677374428475415,45.35144325,H691,_,00040,1040
H691__00070.1040,7.702479328024972,45.356297385000005,H691,_,00070,1040
H691__00040.1041,7.677471273151779,45.35212036,H691,_,00040,1041
H691__00070.1041,7.694464872004412,45.354905990000006,H691,_,00070,1041
H691__00040.1042,7.68176227408814,45.361327275,H691,_,00040,1042
H691__00070.1042,7.694461430538498,45.354114785,H691,_,00070,1042
H691__00040.1043,7.681876998418619,45.361418220000004,H691,_,00040,1043
H691__00070.1043,7.694962054569283,45.353839390000005,H691,_,00070,1043
H691__00050.1043,7.6884191561830635,45.358274235,H691,_,00050,1043
H691__00010.1044,7.682154642103011,45.364388065,H691,_,00010,1044
H691__00050.1044,7.688426181695517,45.358192865,H691,_,00050,1044
H691__00040.1044,7.682800429917171,45.361142515,H691,_,00040,1044
H691__00010.1045,7.682966017652184,45.36444919,H691,_,00010,1045
H691__00070.1045,7.695237344291416,45.354023165,H691,_,00070,1045
H691__00050.1045,7.688299786314333,45.358185045,H691,_,00050,1045
H691__00040.1045,7.6831432461189415,45.35994624,H691,_,00040,1045
H691__00010.1046,7.682028057921313,45.36449536,H691,_,00010,1046
H691__00050.1046,7.688544709663035,45.35819204,H691,_,00050,1046
H691__00040.1046,7.682526092393806,45.36067143,H691,_,00040,1046
H691__00010.1047,7.682685572995729,45.364674234999995,H691,_,00010,1047
H691__00070.1047,7.693089099669876,45.353795219999995,H691,_,00070,1047
H691__00050.1047,7.688538643016714,45.358130794999994,H691,_,00050,1047
H691__00040.1047,7.685266612777755,45.35188007,H691,_,00040,1047
H691__00010.1048,7.684202817850986,45.36835672,H691,_,00010,1048
H691__00070.1048,7.693769960408426,45.35545569999999,H691,_,00070,1048
H691__00040.1048,7.681989420626431,45.360350915,H691,_,00040,1048
H691__00010.1049,7.683931918287273,45.368348805,H691,_,00010,1049
H691__00070.1049,7.693120887761411,45.35721484,H691,_,00070,1049
H691__00050.1049,7.688546529041194,45.35808944,H691,_,00050,1049
H691__00010.105,7.683354001424412,45.364404685,H691,_,00010,105
H691__00080.105,7.707626969999628,45.357420165,H691,_,00080,105
H691__00070.105,7.695711987371471,45.354770105,H691,_,00070,105
H691__00050.105,7.687207717907452,45.358642515,H691,_,00050,105
H691__00040.105,7.67986340492849,45.35915318,H691,_,00040,105
H691__00030.105,7.69322223799902,45.36167992,H691,_,00030,105
H691__00020.105,7.692118216653387,45.365083795000004,H691,_,00020,105
H691__00010.1050,7.68367759133284,45.36810821500001,H691,_,00010,1050
H691__00070.1050,7.693186111559234,45.35545888,H691,_,00070,1050
H691__00050.1050,7.690187355058438,45.35771378,H691,_,00050,1050
H691__00040.1051,7.685795897197991,45.35895818,H691,_,00040,1051
H691__00070.1051,7.692506925993726,45.354800455,H691,_,00070,1051
H691__00010.1052,7.680804352840157,45.363185349999995,H691,_,00010,1052
H691__00070.1052,7.692888006068524,45.355653669999995,H691,_,00070,1052
H691__00010.1053,7.68056298425352,45.363185349999995,H691,_,00010,1053
H691__00070.1053,7.692909454157325,45.355210979999995,H691,_,00070,1053
H691__00050.1053,7.687765553949296,45.357212575,H691,_,00050,1053
H691__00040.1053,7.682631992696836,45.36075601,H691,_,00040,1053
H691__00040.1054,7.682704718600307,45.360854235,H691,_,00040,1054
H691__00070.1054,7.693067453431963,45.355212275,H691,_,00070,1054
H691__00050.1054,7.688626570614034,45.35691817,H691,_,00050,1054
H691__00040.1055,7.686464708645655,45.35852411,H691,_,00040,1055
H691__00070.1055,7.69301097374513,45.35523795,H691,_,00070,1055
H691__00070.1056,7.693251620870768,45.35537245,H691,_,00070,1056
H691__00040.1057,7.685009180170393,45.359413615,H691,_,00040,1057
H691__00070.1057,7.692991356029067,45.355595879999996,H691,_,00070,1057
H691__00040.1058,7.681397048599006,45.352630285000004,H691,_,00040,1058
H691__00070.1058,7.69300627107382,45.355264975,H691,_,00070,1058
H691__00050.1058,7.688813078125914,45.35710983,H691,_,00050,1058
H691__00040.1059,7.682502537249702,45.36026623,H691,_,00040,1059
H691__00070.1059,7.693592938020684,45.355606505,H691,_,00070,1059
H691__00010.106,7.683994943180139,45.364498485,H691,_,00010,106
H691__00080.106,7.708129130249291,45.358573535000005,H691,_,00080,106
H691__00070.106,7.695605288164533,45.354716455,H691,_,00070,106
H691__00040.106,7.679977440482538,45.359260379999995,H691,_,00040,106
H691__00030.106,7.693086620137688,45.36203792,H691,_,00030,106
H691__00020.106,7.6918799449389095,45.364682185,H691,_,00020,106
H691__00040.1060,7.683063884398114,45.35148758,H691,_,00040,1060
H691__00040.1061,7.685435211960092,45.358944230000006,H691,_,00040,1061
H691__00070.1061,7.6935622350699635,45.355402760000004,H691,_,00070,1061
H691__00040.1062,7.686254273885433,45.358403055,H691,_,00040,1062
H691__00070.1062,7.693590139527982,45.355321065,H691,_,00070,1062
H691__00040.1063,7.686136173316845,45.358385815,H691,_,00040,1063
H691__00070.1063,7.693592656122554,45.35545569999999,H691,_,00070,1063
H691__00040.1064,7.685605866962973,45.358639695,H691,_,00040,1064
H691__00070.1064,7.693205087345968,45.355383355,H691,_,00070,1064
H691__00050.1064,7.688668989136363,45.35699998,H691,_,00050,1064
H691__00040.1065,7.685812745946844,45.35846071,H691,_,00040,1065
H691__00040.1066,7.6816735770222895,45.35962467,H691,_,00040,1066
H691__00070.1066,7.695188710302768,45.35413667,H691,_,00070,1066
H691__00050.1066,7.687222400163252,45.35913932,H691,_,00050,1066
H691__00040.1067,7.682040340894179,45.35984876,H691,_,00040,1067
H691__00070.1067,7.6924002236246585,45.356404865,H691,_,00070,1067
H691__00050.1068,7.687350620981698,45.35915566,H691,_,00050,1068
H691__00040.1069,7.681986150403162,45.359472615,H691,_,00040,1069
H691__00070.1069,7.696285813248982,45.353513055,H691,_,00070,1069
H691__00050.1069,7.687226560210217,45.35903008,H691,_,00050,1069
H691__00020.107,7.691708361945792,45.36424803,H691,_,00020,107
H691__00080.107,7.708491023250264,45.358460315,H691,_,00080,107
H691__00070.107,7.695472180061779,45.354934854999996,H691,_,00070,107
H691__00040.107,7.680125881500661,45.359122549999995,H691,_,00040,107
H691__00030.107,7.692446951416317,45.362115695,H691,_,00030,107
H691__00070.1070,7.696252552548508,45.353772715,H691,_,00070,1070
H691__00040.1071,7.684912940367853,45.35469002,H691,_,00040,1071
H691__00070.1071,7.696494983230205,45.353597905,H691,_,00070,1071
H691__00050.1072,7.687344951636373,45.359010385000005,H691,_,00050,1072
H691__00070.1072,7.692947000814877,45.35701496,H691,_,00070,1072
H691__00040.1073,7.684801029322813,45.354633585,H691,_,00040,1073
H691__00070.1073,7.693213220118815,45.35683773,H691,_,00070,1073
H691__00070.1074,7.699061534860055,45.35256636,H691,_,00070,1074
H691__00040.1075,7.684680887933737,45.354582675,H691,_,00040,1075
H691__00070.1075,7.698967954829593,45.35284982,H691,_,00070,1075
H691__00050.1076,7.687566149773202,45.358611145,H691,_,00050,1076
H691__00070.1076,7.6926258195459525,45.353643695,H691,_,00070,1076
H691__00040.1077,7.684989721352583,45.354715705000004,H691,_,00040,1077
H691__00040.1079,7.685049972559739,45.354772845,H691,_,00040,1079
H691__00010.108,7.681613803375253,45.366247365,H691,_,00010,108
H691__00080.108,7.70883899499165,45.358413,H691,_,00080,108
H691__00070.108,7.6952207708092955,45.355297645,H691,_,00070,108
H691__00060.108,7.688754071861576,45.353898529999995,H691,_,00060,108
H691__00040.108,7.680398388161077,45.35916103,H691,_,00040,108
H691__00030.108,7.692462725720698,45.36237216,H691,_,00030,108
H691__00020.108,7.691604704993562,45.36359865,H691,_,00020,108
H691__00050.1080,7.686560891805801,45.35799676,H691,_,00050,1080
H691__00040.1081,7.684602329645511,45.35452034,H691,_,00040,1081
H691__00070.1081,7.695058179935332,45.353041375000004,H691,_,00070,1081
H691__00040.1083,7.68451285655209,45.3544936,H691,_,00040,1083
H691__00070.1083,7.695594343301529,45.353297885,H691,_,00070,1083
H691__00050.1083,7.69159222267025,45.357607985,H691,_,00050,1083
H691__00040.1084,7.682049560850957,45.352741925000004,H691,_,00040,1084
H691__00070.1084,7.6955625757173225,45.3530374,H691,_,00070,1084
H691__00040.1085,7.682082395084384,45.352535975,H691,_,00040,1085
H691__00070.1085,7.6955403555489,45.352853725,H691,_,00070,1085
H691__00040.1086,7.6822251339257,45.35253127,H691,_,00040,1086
H691__00070.1086,7.694578079979422,45.35325546,H691,_,00070,1086
H691__00070.1087,7.694566960260092,45.353006245,H691,_,00070,1087
H691__00050.1089,7.688846167317616,45.35833779,H691,_,00050,1089
H691__00070.1089,7.695806169800358,45.35323594,H691,_,00070,1089
H691__00010.109,7.686184385553981,45.36523476,H691,_,00010,109
H691__00080.109,7.707009136636324,45.35747082,H691,_,00080,109
H691__00070.109,7.6951155019262725,45.35517711,H691,_,00070,109
H691__00060.109,7.689493999408064,45.35369507,H691,_,00060,109
H691__00050.109,7.687277974315474,45.358480135,H691,_,00050,109
H691__00040.109,7.680559190544914,45.35915825,H691,_,00040,109
H691__00020.109,7.692039976640551,45.3641462,H691,_,00020,109
H691__00040.1090,7.682857123852519,45.36043809,H691,_,00040,1090
H691__00070.1090,7.695777110222419,45.353021145,H691,_,00070,1090
H691__00040.1091,7.684739785670208,45.35507387,H691,_,00040,1091
H691__00070.1091,7.695754210880706,45.352855245,H691,_,00070,1091
H691__00040.1092,7.684304712060047,45.355045375,H691,_,00040,1092
H691__00070.1093,7.69537633405678,45.353049235,H691,_,00070,1093
H691__00050.1094,7.69082731977127,45.357372505,H691,_,00050,1094
H691__00050.1095,7.690769463853443,45.35733727,H691,_,00050,1095
H691__00070.1095,7.696052847803875,45.35326668,H691,_,00070,1095
H691__00050.1096,7.690715187458807,45.357317605,H691,_,00050,1096
H691__00070.1096,7.6960189004157895,45.35300277,H691,_,00070,1096
H691__00070.1097,7.695995521018313,45.352824195,H691,_,00070,1097
H691__00050.1098,7.690757740623743,45.357201595,H691,_,00050,1098
H691__00070.1098,7.696298467763274,45.35326668,H691,_,00070,1098
H691__00070.1099,7.696267004759699,45.352983955,H691,_,00070,1099
H691__00010.11,7.680804125802787,45.366953615,H691,_,00010,11
H691__00080.11,7.707081074079325,45.35764738,H691,_,00080,11
H691__00050.11,7.687532832434287,45.359624034999996,H691,_,00050,11
H691__00030.11,7.691124413860942,45.361805385,H691,_,00030,11
H691__00020.11,7.694229343248263,45.368803869999994,H691,_,00020,11
H691__00010.110,7.685546055394724,45.364803135,H691,_,00010,110
H691__00080.110,7.707215933075684,45.357422850000006,H691,_,00080,110
H691__00070.110,7.6949711512217585,45.355513555,H691,_,00070,110
H691__00060.110,7.689392657348659,45.353601839999996,H691,_,00060,110
H691__00040.110,7.680533408521365,45.358460414999996,H691,_,00040,110
H691__00020.110,7.692478058154442,45.364386325,H691,_,00020,110
H691__00040.1100,7.685125723264408,45.351135400000004,H691,_,00040,1100
H691__00070.1100,7.696241794908702,45.352780425000006,H691,_,00070,1100
H691__00040.1101,7.684480859487897,45.354777495,H691,_,00040,1101
H691__00070.1101,7.696523900989114,45.353258034999996,H691,_,00070,1101
H691__00040.1102,7.685032837034857,45.359986485,H691,_,00040,1102
H691__00070.1102,7.696494548045424,45.352968285,H691,_,00070,1102
H691__00050.1102,7.68707942451349,45.35784199,H691,_,00050,1102
H691__00040.1103,7.678792615183919,45.358429335,H691,_,00040,1103
H691__00070.1103,7.696488277532515,45.35291151,H691,_,00070,1103
H691__00050.1103,7.686322470922563,45.3570448,H691,_,00050,1103
H691__00040.1104,7.682313212256693,45.360313625,H691,_,00040,1104
H691__00070.1104,7.696690402172754,45.353265585,H691,_,00070,1104
H691__00040.1105,7.6787465835884,45.358227825,H691,_,00040,1105
H691__00070.1105,7.696796173523284,45.353193605,H691,_,00070,1105
H691__00070.1106,7.696725803350054,45.35289376,H691,_,00070,1106
H691__00070.1107,7.711464777878463,45.35312099,H691,_,00070,1107
H691__00070.1108,7.6935370341309515,45.35624076,H691,_,00070,1108
H691__00070.1109,7.693568149817916,45.356521025000006,H691,_,00070,1109
H691__00010.111,7.684532937221531,45.364293935,H691,_,00010,111
H691__00080.111,7.7075404333695055,45.357543155,H691,_,00080,111
H691__00070.111,7.694706856920105,45.355463865,H691,_,00070,111
H691__00060.111,7.688753024225676,45.353764405,H691,_,00060,111
H691__00040.111,7.680882985247756,45.358460414999996,H691,_,00040,111
H691__00020.111,7.693028690107829,45.364214745,H691,_,00020,111
H691__00070.1110,7.693545499067266,45.356661970000005,H691,_,00070,1110
H691__00050.1114,7.688440806787469,45.35653135,H691,_,00050,1114
H691__00070.1116,7.69347858428284,45.353021420000005,H691,_,00070,1116
H691__00050.1118,7.686187048467073,45.356677645000005,H691,_,00050,1118
H691__00050.1119,7.688360317851332,45.358145875000005,H691,_,00050,1119
H691__00010.112,7.686067748045232,45.364807775,H691,_,00010,112
H691__00080.112,7.7080764384062395,45.358026525,H691,_,00080,112
H691__00070.112,7.694258210247723,45.355749024999994,H691,_,00070,112
H691__00060.112,7.688802778614535,45.35360113,H691,_,00060,112
H691__00040.112,7.681170017650417,45.358452455,H691,_,00040,112
H691__00030.112,7.6920182871420035,45.362649445,H691,_,00030,112
H691__00020.112,7.693205923023553,45.364097385,H691,_,00020,112
H691__00050.1123,7.689309596492708,45.356848005,H691,_,00050,1123
H691__00070.1123,7.693880541983214,45.352953615000004,H691,_,00070,1123
H691__00050.1124,7.688216406380087,45.360030144999996,H691,_,00050,1124
H691__00070.1124,7.693218867365776,45.352818095,H691,_,00070,1124
H691__00050.1125,7.688425023441972,45.36011087,H691,_,00050,1125
H691__00050.1126,7.6882431311230945,45.360167505,H691,_,00050,1126
H691__00050.1127,7.688210771901359,45.36013357,H691,_,00050,1127
H691__00050.1128,7.688300594900538,45.360072645,H691,_,00050,1128
H691__00050.1129,7.687619813022666,45.35935658,H691,_,00050,1129
H691__00010.113,7.68636956233498,45.364730115,H691,_,00010,113
H691__00080.113,7.709143010189747,45.35818287,H691,_,00080,113
H691__00070.113,7.694638768345749,45.35609418,H691,_,00070,113
H691__00060.113,7.690047417161942,45.353580775,H691,_,00060,113
H691__00040.113,7.681508572817071,45.357396915,H691,_,00040,113
H691__00030.113,7.692151766289035,45.362604520000005,H691,_,00030,113
H691__00020.113,7.693361741481799,45.36419549,H691,_,00020,113
H691__00040.1130,7.683712053071547,45.360010255,H691,_,00040,1130
H691__00040.1131,7.683966331952173,45.360356605,H691,_,00040,1131
H691__00050.1131,7.687658850484983,45.358660145,H691,_,00050,1131
H691__00040.1133,7.685493200731656,45.360068285,H691,_,00040,1133
H691__00050.1133,7.692247625905089,45.357671440000004,H691,_,00050,1133
H691__00040.1134,7.68561640061655,45.360015239999996,H691,_,00040,1134
H691__00070.1134,7.693438495767284,45.35298779,H691,_,00070,1134
H691__00050.1134,7.687460440397943,45.358878355,H691,_,00050,1134
H691__00040.1135,7.682273411054998,45.359629819999995,H691,_,00040,1135
H691__00050.1136,7.68740553152281,45.358899980000004,H691,_,00050,1136
H691__00070.1136,7.693493699016201,45.352984195000005,H691,_,00070,1136
H691__00040.1138,7.679891129182992,45.351283124999995,H691,_,00040,1138
H691__00070.1138,7.693549840346622,45.35283412,H691,_,00070,1138
H691__00050.1138,7.687299181847497,45.35887029,H691,_,00050,1138
H691__00070.1139,7.693342310017259,45.35285135,H691,_,00070,1139
H691__00010.114,7.6864057736376115,45.36420048,H691,_,00010,114
H691__00080.114,7.708680135111891,45.35814836,H691,_,00080,114
H691__00070.114,7.696394818342364,45.355493775,H691,_,00070,114
H691__00060.114,7.690263453908801,45.35346092,H691,_,00060,114
H691__00040.114,7.681371650009014,45.357506889999996,H691,_,00040,114
H691__00030.114,7.692328048553138,45.36276203,H691,_,00030,114
H691__00020.114,7.693512931407531,45.363900975,H691,_,00020,114
H691__00070.1140,7.693470654798533,45.353344754999995,H691,_,00070,1140
H691__00040.1141,7.679046637990197,45.35151617,H691,_,00040,1141
H691__00050.1141,7.686813483645334,45.35870055,H691,_,00050,1141
H691__00040.1142,7.678992792128793,45.351538745,H691,_,00040,1142
H691__00050.1142,7.6869358209170455,45.358170115,H691,_,00050,1142
H691__00040.1143,7.679179915140521,45.351522015,H691,_,00040,1143
H691__00050.1143,7.692526483650708,45.357918495,H691,_,00050,1143
H691__00040.1144,7.679396404989815,45.351695895000006,H691,_,00040,1144
H691__00040.1145,7.679258241054001,45.351416605,H691,_,00040,1145
H691__00070.1145,7.694230981125559,45.352845720000005,H691,_,00070,1145
H691__00040.1146,7.6792310154369225,45.35130389,H691,_,00040,1146
H691__00040.1147,7.679312979062539,45.35116477,H691,_,00040,1147
H691__00050.1147,7.692554871804504,45.357438745,H691,_,00050,1147
H691__00040.1148,7.679528506012971,45.35083266,H691,_,00040,1148
H691__00050.1148,7.6904267115625,45.35832555,H691,_,00050,1148
H691__00050.1149,7.690400832256552,45.357653535,H691,_,00050,1149
H691__00010.115,7.686912418463754,45.364424495,H691,_,00010,115
H691__00080.115,7.70843469576335,45.35782725,H691,_,00080,115
H691__00070.115,7.695943259507542,45.355671725,H691,_,00070,115
H691__00060.115,7.6904340601960435,45.353272485,H691,_,00060,115
H691__00040.115,7.6810167574867005,45.357501485,H691,_,00040,115
H691__00030.115,7.692560717493315,45.362850374999994,H691,_,00030,115
H691__00020.115,7.69363255348218,45.363968145,H691,_,00020,115
H691__00050.1151,7.691117252927711,45.357300545,H691,_,00050,1151
H691__00040.1152,7.679730126145937,45.351232964999994,H691,_,00040,1152
H691__00040.1153,7.6798234991822785,45.351228115,H691,_,00040,1153
H691__00040.1155,7.679559451282523,45.35117138,H691,_,00040,1155
H691__00050.1155,7.68790315402046,45.35821882,H691,_,00050,1155
H691__00070.1156,7.693758991929323,45.352831644999995,H691,_,00070,1156
H691__00040.1157,7.679733321561523,45.350719855,H691,_,00040,1157
H691__00070.1157,7.693976362045415,45.35284583,H691,_,00070,1157
H691__00050.1158,7.687638377891167,45.358012975,H691,_,00050,1158
H691__00040.1159,7.679707982374479,45.35108169,H691,_,00040,1159
H691__00010.116,7.687059495939476,45.36430143,H691,_,00010,116
H691__00080.116,7.710366927130724,45.358917405,H691,_,00080,116
H691__00070.116,7.696188977911554,45.35564029,H691,_,00070,116
H691__00060.116,7.689708009683301,45.352969314999996,H691,_,00060,116
H691__00040.116,7.68081266202726,45.35727247,H691,_,00040,116
H691__00030.116,7.692880835186541,45.36306039,H691,_,00030,116
H691__00020.116,7.69381612784281,45.364042999999995,H691,_,00020,116
H691__00070.1160,7.694146389283167,45.35325546,H691,_,00070,1160
H691__00040.1162,7.679503897634067,45.351167059999995,H691,_,00040,1162
H691__00070.1162,7.693922827675051,45.353099555,H691,_,00070,1162
H691__00050.1162,7.687980077881695,45.35779421,H691,_,00050,1162
H691__00050.1163,7.688310720255101,45.35746056,H691,_,00050,1163
H691__00070.1163,7.694276882696099,45.35303358,H691,_,00070,1163
H691__00050.1164,7.688000401203563,45.35727909,H691,_,00050,1164
H691__00070.1164,7.693961778613332,45.353176555000005,H691,_,00070,1164
H691__00050.1165,7.688986687671656,45.35674634,H691,_,00050,1165
H691__00050.1166,7.691381933736401,45.356261105,H691,_,00050,1166
H691__00070.1167,7.693451245098703,45.35309599,H691,_,00070,1167
H691__00040.1168,7.679915621720889,45.35129,H691,_,00040,1168
H691__00070.1168,7.693735807561211,45.353232399999996,H691,_,00070,1168
H691__00040.1169,7.6798752579522285,45.351147935,H691,_,00040,1169
H691__00070.1169,7.693452625978383,45.353130715000006,H691,_,00070,1169
H691__00010.117,7.6866642688572515,45.36400413,H691,_,00010,117
H691__00080.117,7.712063662539665,45.35886532,H691,_,00080,117
H691__00070.117,7.695782575367289,45.35578411,H691,_,00070,117
H691__00060.117,7.689296261036428,45.353086475,H691,_,00060,117
H691__00040.117,7.68063465547966,45.35791417,H691,_,00040,117
H691__00030.117,7.693037521384339,45.36282891,H691,_,00030,117
H691__00020.117,7.694043642498087,45.364067425,H691,_,00020,117
H691__00040.1172,7.686702979892965,45.359175795,H691,_,00040,1172
H691__00050.1172,7.690210813230076,45.35643105,H691,_,00050,1172
H691__00040.1173,7.68652298838601,45.35931404,H691,_,00040,1173
H691__00040.1174,7.682988902148052,45.36015226,H691,_,00040,1174
H691__00040.1175,7.683030336743267,45.36014778,H691,_,00040,1175
H691__00050.1175,7.691333797640864,45.358455425,H691,_,00050,1175
H691__00040.1178,7.683065470334839,45.35228148,H691,_,00040,1178
H691__00010.118,7.686966778734607,45.363653604999996,H691,_,00010,118
H691__00080.118,7.71143746990732,45.359105065,H691,_,00080,118
H691__00070.118,7.695179699437897,45.356065725,H691,_,00070,118
H691__00060.118,7.688898249822497,45.353255665,H691,_,00060,118
H691__00040.118,7.680478315888996,45.357622175,H691,_,00040,118
H691__00030.118,7.693156359568537,45.362847544999994,H691,_,00030,118
H691__00020.118,7.694361182677847,45.36386702,H691,_,00020,118
H691__00040.1180,7.684316921721866,45.350734215,H691,_,00040,1180
H691__00040.1181,7.68446422684975,45.351089925,H691,_,00040,1181
H691__00040.1183,7.678686293431033,45.356577445,H691,_,00040,1183
H691__00040.1184,7.682827732274395,45.35952486,H691,_,00040,1184
H691__00050.1184,7.689372624286811,45.35601993,H691,_,00050,1184
H691__00040.1185,7.682541650267252,45.359424325,H691,_,00040,1185
H691__00050.1185,7.691433325756048,45.35663721,H691,_,00050,1185
H691__00040.1186,7.678590532072771,45.356895734999995,H691,_,00040,1186
H691__00070.1186,7.692878522409362,45.35694023,H691,_,00070,1186
H691__00040.1187,7.678294255917814,45.353735285,H691,_,00040,1187
H691__00070.1187,7.693048368994039,45.356726175,H691,_,00070,1187
H691__00040.1188,7.678249650319936,45.353352675,H691,_,00040,1188
H691__00050.1188,7.688767989545062,45.35995972,H691,_,00050,1188
H691__00040.1189,7.68264197914664,45.35999524,H691,_,00040,1189
H691__00010.119,7.686249771953595,45.3635856,H691,_,00010,119
H691__00080.119,7.71056909046227,45.358865115,H691,_,00080,119
H691__00070.119,7.694176599315154,45.356732075,H691,_,00070,119
H691__00060.119,7.6884856748745545,45.35343078,H691,_,00060,119
H691__00040.119,7.680224108537129,45.35771307,H691,_,00040,119
H691__00030.119,7.693290364976905,45.362737159999995,H691,_,00030,119
H691__00020.119,7.694499864451574,45.364078004999996,H691,_,00020,119
H691__00040.1190,7.682442583770337,45.35959699,H691,_,00040,1190
H691__00050.1190,7.688896472345329,45.35889636,H691,_,00050,1190
H691__00050.1191,7.688228148551039,45.356382190000005,H691,_,00050,1191
H691__00050.1192,7.688240663359538,45.35664484,H691,_,00050,1192
H691__00050.1193,7.688298567206292,45.35665768,H691,_,00050,1193
H691__00040.1195,7.679994526991443,45.349616145,H691,_,00040,1195
H691__00050.1195,7.689930947350694,45.356111240000004,H691,_,00050,1195
H691__00040.1196,7.679183976814604,45.35040999,H691,_,00040,1196
H691__00040.1197,7.682595071087194,45.353190999999995,H691,_,00040,1197
H691__00040.1198,7.682497994145941,45.35265817,H691,_,00040,1198
H691__00040.1199,7.682790801833083,45.35303522,H691,_,00040,1199
H691__00010.12,7.681001467619568,45.366783455000004,H691,_,00010,12
H691__00080.12,7.707406293487589,45.35764738,H691,_,00080,12
H691__00030.12,7.691218299093656,45.36218856,H691,_,00030,12
H691__00020.12,7.692573878592182,45.369066995,H691,_,00020,12
H691__00010.120,7.685275198601737,45.363429105,H691,_,00010,120
H691__00080.120,7.706555921215539,45.361214239999995,H691,_,00080,120
H691__00060.120,7.688513672093792,45.353028885,H691,_,00060,120
H691__00050.120,7.687111954250001,45.358425085,H691,_,00050,120
H691__00040.120,7.680252441822595,45.358436765,H691,_,00040,120
H691__00030.120,7.693458371042814,45.36275765,H691,_,00030,120
H691__00020.120,7.694712906938035,45.364274735,H691,_,00020,120
H691__00040.1200,7.682617230792429,45.352518765,H691,_,00040,1200
H691__00070.1201,7.693104619816961,45.356520895,H691,_,00070,1201
H691__00050.1202,7.690981630236403,45.356208710000004,H691,_,00050,1202
H691__00050.1203,7.690003646480568,45.35936069500001,H691,_,00050,1203
H691__00070.1207,7.694645210718729,45.3529693,H691,_,00070,1207
H691__00070.1208,7.694611436723941,45.352827235,H691,_,00070,1208
H691__00010.121,7.684774058865591,45.363227214999995,H691,_,00010,121
H691__00060.121,7.688802286392375,45.352767295,H691,_,00060,121
H691__00040.121,7.679999898582018,45.3584726,H691,_,00040,121
H691__00030.121,7.6935821187465425,45.362686534999995,H691,_,00030,121
H691__00020.121,7.6948431890839935,45.363413730000005,H691,_,00020,121
H691__00070.1210,7.6931006548462415,45.353604579999995,H691,_,00070,1210
H691__00070.1213,7.69501119689902,45.352999909999994,H691,_,00070,1213
H691__00070.1217,7.695375747039902,45.3529774,H691,_,00070,1217
H691__00070.1218,7.6949679477454325,45.352826535000005,H691,_,00070,1218
H691__00050.1219,7.690530961075657,45.358597275,H691,_,00050,1219
H691__00070.1219,7.695261011639449,45.35279945,H691,_,00070,1219
H691__00010.122,7.684398081369329,45.36341031,H691,_,00010,122
H691__00060.122,7.689955990627629,45.35232537500001,H691,_,00060,122
H691__00040.122,7.680100745222095,45.35771307,H691,_,00040,122
H691__00030.122,7.693702917740069,45.362421655000006,H691,_,00030,122
H691__00020.122,7.6950191205031295,45.36343069,H691,_,00020,122
H691__00070.1220,7.695405755626383,45.353335785,H691,_,00070,1220
H691__00050.1221,7.686543458013643,45.35899919,H691,_,00050,1221
H691__00070.1221,7.695440003535808,45.35347082,H691,_,00070,1221
H691__00050.1222,7.686574829058221,45.358928725,H691,_,00050,1222
H691__00050.1223,7.686660608510671,45.358840695,H691,_,00050,1223
H691__00070.1223,7.695074613183207,45.3533546,H691,_,00070,1223
H691__00050.1224,7.6900179812757905,45.358351055,H691,_,00050,1224
H691__00070.1224,7.695139199586121,45.35316927,H691,_,00070,1224
H691__00050.1228,7.687809855329171,45.35853108,H691,_,00050,1228
H691__00010.123,7.6848273165528935,45.363627945,H691,_,00010,123
H691__00060.123,7.689682537429681,45.352355759999995,H691,_,00060,123
H691__00040.123,7.679957862107591,45.357804145,H691,_,00040,123
H691__00030.123,7.693865364506053,45.362537655,H691,_,00030,123
H691__00020.123,7.695086416439014,45.36440904,H691,_,00020,123
H691__00050.1234,7.688563019259182,45.358148514999996,H691,_,00050,1234
H691__00050.1235,7.688627281953256,45.35818355,H691,_,00050,1235
H691__00010.124,7.684067549645324,45.36366866,H691,_,00010,124
H691__00060.124,7.689468063800833,45.35235652,H691,_,00060,124
H691__00040.124,7.67982722276655,45.357668835,H691,_,00040,124
H691__00030.124,7.694057193162285,45.36279291,H691,_,00030,124
H691__00020.124,7.695378925327408,45.364593555,H691,_,00020,124
H691__00050.1242,7.687489852729987,45.35780792,H691,_,00050,1242
H691__00050.1243,7.687284254680532,45.357751565,H691,_,00050,1243
H691__00050.1245,7.687353587606942,45.357404305,H691,_,00050,1245
H691__00050.1246,7.688317935519989,45.359948974999995,H691,_,00050,1246
H691__00010.125,7.683801723659329,45.364082894999996,H691,_,00010,125
H691__00070.125,7.693449384605609,45.356995475000005,H691,_,00070,125
H691__00060.125,7.689169368152081,45.35215029,H691,_,00060,125
H691__00040.125,7.679709354169588,45.357630985,H691,_,00040,125
H691__00030.125,7.69417950536633,45.36284814,H691,_,00030,125
H691__00020.125,7.695196528809329,45.36342282,H691,_,00020,125
H691__00050.1258,7.6902770804627405,45.35855891,H691,_,00050,1258
H691__00050.1259,7.690251440267366,45.358578980000004,H691,_,00050,1259
H691__00020.126,7.695631909221532,45.36358475,H691,_,00020,126
H691__00070.126,7.697594397543044,45.35262162,H691,_,00070,126
H691__00060.126,7.688987250774527,45.35251793,H691,_,00060,126
H691__00040.126,7.679472930823586,45.35766476,H691,_,00040,126
H691__00030.126,7.694095008842982,45.36217456,H691,_,00030,126
H691__00050.1261,7.688855694749579,45.359701709999996,H691,_,00050,1261
H691__00050.1265,7.690893441664702,45.356191055,H691,_,00050,1265
H691__00050.1266,7.692324988009808,45.357243665,H691,_,00050,1266
H691__00050.1267,7.692309202100139,45.3569894,H691,_,00050,1267
H691__00050.1268,7.686507291112475,45.359008415,H691,_,00050,1268
H691__00050.1269,7.68647206278983,45.359006245,H691,_,00050,1269
H691__00020.127,7.69574182123023,45.363581545,H691,_,00020,127
H691__00070.127,7.694646988429731,45.356596005,H691,_,00070,127
H691__00060.127,7.688540703108805,45.35259418,H691,_,00060,127
H691__00050.127,7.686960206533893,45.358304195,H691,_,00050,127
H691__00040.127,7.679352761247531,45.35751424,H691,_,00040,127
H691__00030.127,7.694234442522372,45.36203616,H691,_,00030,127
H691__00050.1270,7.68884172966452,45.357501029999995,H691,_,00050,1270
H691__00050.1272,7.687790745995461,45.35856371,H691,_,00050,1272
H691__00050.1273,7.686762043405885,45.35906161,H691,_,00050,1273
H691__00050.1276,7.688435546303175,45.359252624999996,H691,_,00050,1276
H691__00050.1277,7.688443201436196,45.35933162,H691,_,00050,1277
H691__00050.1278,7.688139795254891,45.35846574,H691,_,00050,1278
H691__00050.1279,7.688203791290159,45.358442085,H691,_,00050,1279
H691__00020.128,7.695633616774983,45.36435313,H691,_,00020,128
H691__00070.128,7.694795716228695,45.356725415,H691,_,00070,128
H691__00060.128,7.688743306181083,45.352069035,H691,_,00060,128
H691__00050.128,7.686909827378442,45.358357895,H691,_,00050,128
H691__00040.128,7.679328357131839,45.35827511,H691,_,00040,128
H691__00030.128,7.694355077372901,45.36275938,H691,_,00030,128
H691__00050.1280,7.691065457508135,45.356929495,H691,_,00050,1280
H691__00050.1281,7.691036358517925,45.35693597,H691,_,00050,1281
H691__00050.1282,7.687637823955628,45.358690815,H691,_,00050,1282
H691__00050.1283,7.68754203541236,45.358775735,H691,_,00050,1283
H691__00050.1285,7.687484312295009,45.358698704999995,H691,_,00050,1285
H691__00050.1289,7.690189122697076,45.356072010000005,H691,_,00050,1289
H691__00020.129,7.6967016112860565,45.364480330000006,H691,_,00020,129
H691__00070.129,7.695107501400326,45.356735145,H691,_,00070,129
H691__00060.129,7.688621717847903,45.351374480000004,H691,_,00060,129
H691__00050.129,7.6868201410655,45.358399515,H691,_,00050,129
H691__00040.129,7.67927320433526,45.358269295,H691,_,00040,129
H691__00030.129,7.694573606900933,45.362761410000005,H691,_,00030,129
H691__00050.1290,7.690488283236106,45.3584245,H691,_,00050,1290
H691__00050.1291,7.691053245663266,45.356936405,H691,_,00050,1291
H691__00050.1292,7.689377098028,45.35898192,H691,_,00050,1292
H691__00050.1293,7.689528208391614,45.358961699999995,H691,_,00050,1293
H691__00050.1294,7.69185915068797,45.35827466,H691,_,00050,1294
H691__00050.1295,7.691645169601362,45.358141599999996,H691,_,00050,1295
H691__00050.1296,7.689486537234197,45.358945074999994,H691,_,00050,1296
H691__00050.1297,7.690662325482364,45.357119170000004,H691,_,00050,1297
H691__00050.1298,7.69073537688897,45.35701833,H691,_,00050,1298
H691__00050.1299,7.690673176079786,45.35730785,H691,_,00050,1299
H691__00010.13,7.681025450422936,45.36657657000001,H691,_,00010,13
H691__00080.13,7.7094325458467265,45.356665815,H691,_,00080,13
H691__00060.13,7.690550394567249,45.355960145,H691,_,00060,13
H691__00040.13,7.683355259888767,45.358840255000004,H691,_,00040,13
H691__00030.13,7.691240700946363,45.36151214,H691,_,00030,13
H691__00020.13,7.69280846239535,45.36913898,H691,_,00020,13
H691__00020.130,7.6971183217087145,45.364740375,H691,_,00020,130
H691__00070.130,7.695340353609334,45.356728605,H691,_,00070,130
H691__00060.130,7.691839010335012,45.352745865,H691,_,00060,130
H691__00050.130,7.686768194571183,45.3584434,H691,_,00050,130
H691__00040.130,7.6792606830026315,45.35754978,H691,_,00040,130
H691__00030.130,7.694760172825309,45.362801884999996,H691,_,00030,130
H691__00050.1300,7.690555188170942,45.35731901,H691,_,00050,1300
H691__00050.1301,7.6901703501160075,45.358144499999995,H691,_,00050,1301
H691__00050.1302,7.690517085948006,45.358104510000004,H691,_,00050,1302
H691__00050.1303,7.690395018497113,45.357979115000006,H691,_,00050,1303
H691__00050.1304,7.689685381442562,45.359113125,H691,_,00050,1304
H691__00050.1305,7.6883731585299415,45.358421245,H691,_,00050,1305
H691__00050.1306,7.689459005875568,45.35740606,H691,_,00050,1306
H691__00050.1307,7.691323703127313,45.3569272,H691,_,00050,1307
H691__00050.1308,7.689571817380466,45.357357955,H691,_,00050,1308
H691__00050.1309,7.688554165104032,45.358931045,H691,_,00050,1309
H691__00020.131,7.693537569872692,45.36867548,H691,_,00020,131
H691__00070.131,7.695558449957356,45.356716055,H691,_,00070,131
H691__00060.131,7.688865409712587,45.35165685,H691,_,00060,131
H691__00040.131,7.679188522550241,45.357647375,H691,_,00040,131
H691__00030.131,7.694913001626583,45.362801884999996,H691,_,00030,131
H691__00050.1310,7.688086580167074,45.357739765000005,H691,_,00050,1310
H691__00050.1311,7.688309611798282,45.357984255,H691,_,00050,1311
H691__00050.1314,7.690163199801489,45.35723716,H691,_,00050,1314
H691__00050.1315,7.690077242474988,45.35725346,H691,_,00050,1315
H691__00050.1316,7.689292609728556,45.35741385,H691,_,00050,1316
H691__00050.1317,7.689210896874482,45.357596195,H691,_,00050,1317
H691__00050.1318,7.68953431586932,45.359096835,H691,_,00050,1318
H691__00050.1319,7.6873450764688815,45.35811961,H691,_,00050,1319
H691__00020.132,7.696257798899237,45.364997259999996,H691,_,00020,132
H691__00050.132,7.686757681307725,45.35831476,H691,_,00050,132
H691__00040.132,7.679218107796305,45.358256069999996,H691,_,00040,132
H691__00030.132,7.694484743441203,45.361823665,H691,_,00030,132
H691__00050.1320,7.68743393220177,45.358118785,H691,_,00050,1320
H691__00050.1321,7.687383852627599,45.35827073,H691,_,00050,1321
H691__00050.1322,7.68763479577847,45.358324385,H691,_,00050,1322
H691__00050.1323,7.690477216694166,45.356177564999996,H691,_,00050,1323
H691__00050.1324,7.690607844775046,45.356652555,H691,_,00050,1324
H691__00050.1326,7.688977047781847,45.357835265,H691,_,00050,1326
H691__00050.1327,7.688192747899352,45.359310535000006,H691,_,00050,1327
H691__00050.1328,7.690509075703324,45.357347225,H691,_,00050,1328
H691__00050.1329,7.688197235507092,45.35714377,H691,_,00050,1329
H691__00020.133,7.696336337661117,45.364826995,H691,_,00020,133
H691__00070.133,7.6957047515169155,45.356704565,H691,_,00070,133
H691__00060.133,7.689306024845937,45.351495195,H691,_,00060,133
H691__00040.133,7.679093876379007,45.358183440000005,H691,_,00040,133
H691__00030.133,7.694837880218183,45.36177535,H691,_,00030,133
H691__00050.1330,7.687733841646657,45.35934154,H691,_,00050,1330
H691__00050.1331,7.690666427504038,45.358576665,H691,_,00050,1331
H691__00050.1332,7.6911247322362115,45.357468139999995,H691,_,00050,1332
H691__00050.1333,7.69004179955339,45.357894505000004,H691,_,00050,1333
H691__00050.1334,7.690057901223291,45.35781087,H691,_,00050,1334
H691__00050.1335,7.688879995877361,45.35786468,H691,_,00050,1335
H691__00050.1336,7.688861040899391,45.357975285,H691,_,00050,1336
H691__00050.1338,7.6883261697444265,45.35776013,H691,_,00050,1338
H691__00050.1339,7.689268029305266,45.357236475,H691,_,00050,1339
H691__00010.134,7.682207405267583,45.365489045000004,H691,_,00010,134
H691__00070.134,7.696196160000715,45.356821295,H691,_,00070,134
H691__00050.134,7.686938836212859,45.358273345,H691,_,00050,134
H691__00040.134,7.679089367102385,45.35768528,H691,_,00040,134
H691__00030.134,7.695022910340375,45.362864165000005,H691,_,00030,134
H691__00020.134,7.6963668375512135,45.36463608,H691,_,00020,134
H691__00050.1340,7.687267256946017,45.359158054999995,H691,_,00050,1340
H691__00050.1341,7.687236851029702,45.35895197,H691,_,00050,1341
H691__00050.1342,7.687397995936413,45.359072365,H691,_,00050,1342
H691__00050.1343,7.687093025169127,45.359076125,H691,_,00050,1343
H691__00050.1344,7.690081352237247,45.357161015,H691,_,00050,1344
H691__00050.1345,7.690108220041948,45.35722093,H691,_,00050,1345
H691__00050.1346,7.690139116747947,45.357221845,H691,_,00050,1346
H691__00050.1349,7.687345370758413,45.358229935,H691,_,00050,1349
H691__00020.135,7.696713884206621,45.364360094999995,H691,_,00020,135
H691__00070.135,7.695480957935878,45.35662033,H691,_,00070,135
H691__00060.135,7.690129522715829,45.351901285,H691,_,00060,135
H691__00040.135,7.67889766501526,45.357579065,H691,_,00040,135
H691__00030.135,7.695207292004428,45.362858855,H691,_,00030,135
H691__00050.1350,7.688716829886694,45.35670101,H691,_,00050,1350
H691__00050.1351,7.6890734954213436,45.35775251,H691,_,00050,1351
H691__00050.1352,7.689485057379121,45.357020605,H691,_,00050,1352
H691__00050.1354,7.690134309389306,45.358404435,H691,_,00050,1354
H691__00050.1356,7.689152719490309,45.356170995,H691,_,00050,1356
H691__00050.1357,7.691014726644399,45.357349475,H691,_,00050,1357
H691__00050.1358,7.690807290740075,45.35718619,H691,_,00050,1358
H691__00050.1359,7.69089843737249,45.357301205,H691,_,00050,1359
H691__00020.136,7.696417465903473,45.36413843,H691,_,00020,136
H691__00070.136,7.695584312671958,45.356532695,H691,_,00070,136
H691__00060.136,7.690385427396333,45.35190257,H691,_,00060,136
H691__00050.136,7.686445276312424,45.358075535,H691,_,00050,136
H691__00040.136,7.6789430329051696,45.358114279999995,H691,_,00040,136
H691__00030.136,7.6955036454879915,45.36270664,H691,_,00030,136
H691__00050.1360,7.690964085140931,45.35733155,H691,_,00050,1360
H691__00050.1361,7.687906413560151,45.35829008,H691,_,00050,1361
H691__00050.1362,7.687823192316539,45.35820095,H691,_,00050,1362
H691__00050.1363,7.6876728183508405,45.358085605,H691,_,00050,1363
H691__00050.1364,7.690750020263825,45.357650934999995,H691,_,00050,1364
H691__00050.1365,7.690987123311368,45.35710477,H691,_,00050,1365
H691__00050.1366,7.6908021379150595,45.35700077,H691,_,00050,1366
H691__00050.1367,7.690974188327472,45.356727975,H691,_,00050,1367
H691__00050.1369,7.691082174400502,45.35672537,H691,_,00050,1369
H691__00010.137,7.682231235182188,45.36635648,H691,_,00010,137
H691__00070.137,7.695526969469594,45.356380735,H691,_,00070,137
H691__00060.137,7.690663826042102,45.351991895,H691,_,00060,137
H691__00050.137,7.691020078461973,45.35757416,H691,_,00050,137
H691__00040.137,7.678326584854235,45.358466899999996,H691,_,00040,137
H691__00030.137,7.6956861333756885,45.36278393,H691,_,00030,137
H691__00020.137,7.695945099893446,45.36365138,H691,_,00020,137
H691__00050.1370,7.689011234715383,45.35724561,H691,_,00050,1370
H691__00050.1371,7.68905882401736,45.357786155,H691,_,00050,1371
H691__00050.1372,7.688308541090242,45.358812990000004,H691,_,00050,1372
H691__00050.1373,7.687426726355134,45.358739400000005,H691,_,00050,1373
H691__00050.1374,7.687970356932631,45.35947452,H691,_,00050,1374
H691__00050.1375,7.69034051717801,45.35803912,H691,_,00050,1375
H691__00050.1377,7.690323401082468,45.358015375,H691,_,00050,1377
H691__00050.1378,7.690489513135945,45.358062114999996,H691,_,00050,1378
H691__00050.1379,7.690850878567707,45.358797800000005,H691,_,00050,1379
H691__00020.138,7.696110269674433,45.363752704999996,H691,_,00020,138
H691__00070.138,7.695336434138683,45.35622735,H691,_,00070,138
H691__00060.138,7.690228460130173,45.352447335,H691,_,00060,138
H691__00050.138,7.686322533078929,45.358126385,H691,_,00050,138
H691__00040.138,7.678280580472077,45.357350055,H691,_,00040,138
H691__00050.1380,7.690428215753648,45.358626825,H691,_,00050,1380
H691__00050.1381,7.690633903865929,45.35809352,H691,_,00050,1381
H691__00050.1382,7.691468101147316,45.35699374,H691,_,00050,1382
H691__00050.1383,7.689986623057707,45.35913414,H691,_,00050,1383
H691__00050.1384,7.691196767796942,45.357041665,H691,_,00050,1384
H691__00050.1385,7.689600612577414,45.359041625,H691,_,00050,1385
H691__00050.1386,7.689459323163451,45.35903389,H691,_,00050,1386
H691__00050.1388,7.687156639879557,45.35883932,H691,_,00050,1388
H691__00050.1389,7.687211813618642,45.358791705,H691,_,00050,1389
H691__00010.139,7.682039007837716,45.36533134,H691,_,00010,139
H691__00060.139,7.690632359254399,45.35305847,H691,_,00060,139
H691__00040.139,7.6783882085908175,45.357749665,H691,_,00040,139
H691__00030.139,7.695564560072877,45.361705685000004,H691,_,00030,139
H691__00020.139,7.696251312179103,45.363745225,H691,_,00020,139
H691__00050.1390,7.688403322762717,45.357942115,H691,_,00050,1390
H691__00050.1391,7.6901734107535695,45.358765309999995,H691,_,00050,1391
H691__00050.1392,7.690439461893876,45.358780429999996,H691,_,00050,1392
H691__00050.1393,7.6901314629674875,45.35878315,H691,_,00050,1393
H691__00050.1394,7.686900352799668,45.358777055000004,H691,_,00050,1394
H691__00050.1395,7.687495692541299,45.359010275,H691,_,00050,1395
H691__00050.1396,7.687342495728187,45.358805745,H691,_,00050,1396
H691__00050.1397,7.687257653264565,45.3589013,H691,_,00050,1397
H691__00050.1398,7.688930626699926,45.3582322,H691,_,00050,1398
H691__00010.14,7.681115697636548,45.36641116,H691,_,00010,14
H691__00060.14,7.689085359277244,45.35310934,H691,_,00060,14
H691__00050.14,7.69130761742602,45.356569245,H691,_,00050,14
H691__00040.14,7.683612035549645,45.358870865,H691,_,00040,14
H691__00030.14,7.691589846337719,45.361520615,H691,_,00030,14
H691__00020.14,7.692909957276379,45.369412865,H691,_,00020,14
H691__00010.140,7.681585257748081,45.3655104,H691,_,00010,140
H691__00060.140,7.690746549065707,45.353086545,H691,_,00060,140
H691__00050.140,7.686880175716649,45.358220955,H691,_,00050,140
H691__00040.140,7.67807816263289,45.357587525,H691,_,00040,140
H691__00030.140,7.695261941212937,45.361671630000004,H691,_,00030,140
H691__00020.140,7.696422895888563,45.36372466,H691,_,00020,140
H691__00050.1402,7.6891440574506,45.357300665,H691,_,00050,1402
H691__00050.1403,7.689138075677816,45.357223704999996,H691,_,00050,1403
H691__00050.1404,7.689185148026436,45.35723687,H691,_,00050,1404
H691__00050.1405,7.68915994687273,45.35780787,H691,_,00050,1405
H691__00050.1406,7.6893553291883965,45.35912241,H691,_,00050,1406
H691__00050.1407,7.689019437568482,45.357821755,H691,_,00050,1407
H691__00050.1408,7.689617696159246,45.358925850000006,H691,_,00050,1408
H691__00050.1409,7.689533169159926,45.359010755,H691,_,00050,1409
H691__00020.141,7.696539572772024,45.3634222,H691,_,00020,141
H691__00060.141,7.6909092692596275,45.35308854,H691,_,00060,141
H691__00040.141,7.678110724018981,45.3582459,H691,_,00040,141
H691__00030.141,7.69503726137203,45.36164828,H691,_,00030,141
H691__00050.1410,7.690566183690542,45.357970965,H691,_,00050,1410
H691__00050.1411,7.690980746755809,45.357806690000004,H691,_,00050,1411
H691__00050.1412,7.688950325758178,45.356960455,H691,_,00050,1412
H691__00050.1414,7.6881685384225715,45.357186675,H691,_,00050,1414
H691__00050.1415,7.6886285446004745,45.359092024999995,H691,_,00050,1415
H691__00050.1416,7.688571116091726,45.35911899,H691,_,00050,1416
H691__00050.1418,7.689693881582494,45.356565405,H691,_,00050,1418
H691__00050.1419,7.692031141194033,45.35802183,H691,_,00050,1419
H691__00020.142,7.697022637711818,45.363585625,H691,_,00020,142
H691__00070.142,7.696712363000602,45.356577935,H691,_,00070,142
H691__00060.142,7.691184959361006,45.35243701,H691,_,00060,142
H691__00040.142,7.677987726677177,45.358086494999995,H691,_,00040,142
H691__00030.142,7.695155296335916,45.361218595,H691,_,00030,142
H691__00050.1420,7.691844820839896,45.358060505,H691,_,00050,1420
H691__00050.1421,7.691775431394029,45.358105005,H691,_,00050,1421
H691__00050.1422,7.689621775947977,45.35717491,H691,_,00050,1422
H691__00050.1423,7.689712443303701,45.35723509,H691,_,00050,1423
H691__00050.1424,7.691525201703104,45.35802375,H691,_,00050,1424
H691__00050.1425,7.687623266597624,45.35913768,H691,_,00050,1425
H691__00050.1426,7.688678936675549,45.359128729999995,H691,_,00050,1426
H691__00050.1427,7.688914681057657,45.359026099999994,H691,_,00050,1427
H691__00050.1428,7.689624766498934,45.35723202,H691,_,00050,1428
H691__00050.1429,7.688610549342488,45.35753796,H691,_,00050,1429
H691__00020.143,7.697296475496778,45.36358559,H691,_,00020,143
H691__00070.143,7.696610427582759,45.35679153,H691,_,00070,143
H691__00060.143,7.691758689783422,45.352477695000005,H691,_,00060,143
H691__00040.143,7.678001880700013,45.357311545,H691,_,00040,143
H691__00030.143,7.695267397248215,45.361111485,H691,_,00030,143
H691__00050.1430,7.691268827673241,45.357633375,H691,_,00050,1430
H691__00050.1431,7.690700672398753,45.357242049999996,H691,_,00050,1431
H691__00050.1433,7.686648726680993,45.35835111,H691,_,00050,1433
H691__00050.1434,7.686705786250711,45.358033219999996,H691,_,00050,1434
H691__00050.1435,7.68870975095653,45.358028680000004,H691,_,00050,1435
H691__00050.1436,7.6885795441016285,45.35667941,H691,_,00050,1436
H691__00050.1437,7.687028011305609,45.359112935,H691,_,00050,1437
H691__00020.144,7.697739863263896,45.363766675,H691,_,00020,144
H691__00070.144,7.696822579901498,45.356980475,H691,_,00070,144
H691__00060.144,7.691505364609629,45.352835645,H691,_,00060,144
H691__00040.144,7.677874759123766,45.35734032,H691,_,00040,144
H691__00030.144,7.695533739596572,45.360938024999996,H691,_,00030,144
H691__00050.1444,7.689646480357258,45.357116930000004,H691,_,00050,1444
H691__00050.1445,7.689016744408288,45.359048665,H691,_,00050,1445
H691__00050.1447,7.689985687466175,45.3585308,H691,_,00050,1447
H691__00050.1448,7.689816380693752,45.35853983,H691,_,00050,1448
H691__00050.1449,7.688656596101456,45.35725558,H691,_,00050,1449
H691__00020.145,7.6979093154432015,45.36432909,H691,_,00020,145
H691__00070.145,7.697214346606703,45.356922135000005,H691,_,00070,145
H691__00060.145,7.6913437413892325,45.352882285,H691,_,00060,145
H691__00050.145,7.686966295491354,45.358113610000004,H691,_,00050,145
H691__00040.145,7.677876302575594,45.358023945,H691,_,00040,145
H691__00030.145,7.695813556737294,45.360916735,H691,_,00030,145
H691__00050.1450,7.688596756845573,45.357002005,H691,_,00050,1450
H691__00050.1451,7.690962486248059,45.358222335,H691,_,00050,1451
H691__00050.1453,7.68984176623045,45.35859003,H691,_,00050,1453
H691__00050.1454,7.688534946316457,45.357025115,H691,_,00050,1454
H691__00050.1455,7.688773623805851,45.358432750000006,H691,_,00050,1455
H691__00050.1456,7.690853639588733,45.358200365,H691,_,00050,1456
H691__00050.1457,7.6906643482029065,45.358226715,H691,_,00050,1457
H691__00050.1458,7.687928503848729,45.358408865,H691,_,00050,1458
H691__00050.1459,7.690784322698527,45.35795157,H691,_,00050,1459
H691__00010.146,7.680983824310401,45.365839125,H691,_,00010,146
H691__00070.146,7.697409303417657,45.356893095000004,H691,_,00070,146
H691__00050.146,7.690848559826058,45.358244485,H691,_,00050,146
H691__00040.146,7.677732979537819,45.358048385000004,H691,_,00040,146
H691__00030.146,7.696028393318469,45.360731720000004,H691,_,00030,146
H691__00020.146,7.698067366968763,45.36427462,H691,_,00020,146
H691__00050.1460,7.6906222194161575,45.35785942,H691,_,00050,1460
H691__00050.1461,7.690928701233499,45.357967654999996,H691,_,00050,1461
H691__00050.1462,7.68691536630499,45.35873456,H691,_,00050,1462
H691__00050.1463,7.69014899050827,45.357157335,H691,_,00050,1463
H691__00050.1464,7.6903995498386335,45.357320165,H691,_,00050,1464
H691__00050.1465,7.69029228303866,45.35736747,H691,_,00050,1465
H691__00050.1466,7.69013171421841,45.358039555,H691,_,00050,1466
H691__00050.1467,7.687301754600432,45.35794853,H691,_,00050,1467
H691__00050.1468,7.687841978052161,45.357607044999995,H691,_,00050,1468
H691__00050.1469,7.687674247102431,45.357465864999995,H691,_,00050,1469
H691__00030.147,7.696442104622147,45.360458285,H691,_,00030,147
H691__00070.147,7.697603296862587,45.356863075,H691,_,00070,147
H691__00050.147,7.686769334981255,45.35814859,H691,_,00050,147
H691__00040.147,7.677642408220541,45.358115935,H691,_,00040,147
H691__00050.1470,7.6877083303450995,45.357546605,H691,_,00050,1470
H691__00050.1471,7.687574873073089,45.35787965,H691,_,00050,1471
H691__00050.1472,7.692386376423064,45.357453230000004,H691,_,00050,1472
H691__00050.1473,7.689175273303329,45.357134355,H691,_,00050,1473
H691__00050.1474,7.6915703279899486,45.3580724,H691,_,00050,1474
H691__00050.1475,7.688122743119425,45.35873557,H691,_,00050,1475
H691__00050.1477,7.690346295297319,45.357330735,H691,_,00050,1477
H691__00050.1478,7.690149864566579,45.357304725,H691,_,00050,1478
H691__00050.1479,7.690197267932161,45.357317875,H691,_,00050,1479
H691__00030.148,7.696265854903697,45.361679885,H691,_,00030,148
H691__00070.148,7.697665192281585,45.35685728,H691,_,00070,148
H691__00040.148,7.677542661662777,45.358126604999995,H691,_,00040,148
H691__00050.1480,7.6905480092555925,45.35818855,H691,_,00050,1480
H691__00050.1481,7.690492557004893,45.35820143,H691,_,00050,1481
H691__00050.1482,7.6884278771035355,45.358499505,H691,_,00050,1482
H691__00050.1483,7.68767936891107,45.35732237,H691,_,00050,1483
H691__00050.1484,7.6874682503138025,45.357454075,H691,_,00050,1484
H691__00050.1485,7.688335725872474,45.357091405,H691,_,00050,1485
H691__00050.1486,7.691321529580496,45.357716605,H691,_,00050,1486
H691__00050.1487,7.68845849396671,45.359800230000005,H691,_,00050,1487
H691__00050.1488,7.688561223229163,45.359448845,H691,_,00050,1488
H691__00050.1489,7.688185915693478,45.359719865,H691,_,00050,1489
H691__00020.149,7.693693097112288,45.368453765,H691,_,00020,149
H691__00070.149,7.697705665561507,45.35685375,H691,_,00070,149
H691__00040.149,7.677489561549043,45.357867029999994,H691,_,00040,149
H691__00050.1490,7.689832925222081,45.357692525000004,H691,_,00050,1490
H691__00050.1491,7.688271056525406,45.359588385,H691,_,00050,1491
H691__00050.1492,7.687414472747926,45.35855583,H691,_,00050,1492
H691__00050.1494,7.689713508127266,45.35713028,H691,_,00050,1494
H691__00050.1495,7.692715268085422,45.357194885,H691,_,00050,1495
H691__00050.1496,7.689761640837558,45.356759705,H691,_,00050,1496
H691__00050.1497,7.686466535637323,45.35801673,H691,_,00050,1497
H691__00050.1498,7.691811420491202,45.35776171,H691,_,00050,1498
H691__00010.15,7.681147117327292,45.36650265,H691,_,00010,15
H691__00080.15,7.7070481954963554,45.357186244999994,H691,_,00080,15
H691__00070.15,7.69268865797818,45.35556044,H691,_,00070,15
H691__00060.15,7.6919014075,45.35598013,H691,_,00060,15
H691__00050.15,7.688332341958204,45.35954031,H691,_,00050,15
H691__00040.15,7.683784814850579,45.358919709999995,H691,_,00040,15
H691__00030.15,7.691327937066978,45.361415574999995,H691,_,00030,15
H691__00020.15,7.692501579886149,45.369113675,H691,_,00020,15
H691__00010.150,7.680753157864995,45.365778125,H691,_,00010,150
H691__00070.150,7.6970472532622844,45.357102455,H691,_,00070,150
H691__00040.150,7.677316555638544,45.358438405,H691,_,00040,150
H691__00020.150,7.698249644697842,45.364146864999995,H691,_,00020,150
H691__00050.1501,7.690729818359085,45.357755965,H691,_,00050,1501
H691__00050.1502,7.690869874237691,45.357892645,H691,_,00050,1502
H691__00050.1503,7.690779456707609,45.356698545,H691,_,00050,1503
H691__00050.1504,7.690669542920382,45.358924855,H691,_,00050,1504
H691__00050.1505,7.690390081991806,45.35699589,H691,_,00050,1505
H691__00050.1506,7.689934595588955,45.357723289999996,H691,_,00050,1506
H691__00050.1507,7.687036809039807,45.358947045,H691,_,00050,1507
H691__00050.1508,7.687106226770018,45.358882135,H691,_,00050,1508
H691__00050.1509,7.690061699027449,45.35858083,H691,_,00050,1509
H691__00010.151,7.680715611595647,45.365851815,H691,_,00010,151
H691__00070.151,7.697051965225423,45.357139275,H691,_,00070,151
H691__00060.151,7.689955427358523,45.354557,H691,_,00060,151
H691__00040.151,7.67735865571263,45.357845275,H691,_,00040,151
H691__00030.151,7.696343750874135,45.362671575,H691,_,00030,151
H691__00050.1510,7.688842247616009,45.359073495000004,H691,_,00050,1510
H691__00050.1511,7.688894030994249,45.35759822,H691,_,00050,1511
H691__00050.1515,7.68915893967109,45.357722069999994,H691,_,00050,1515
H691__00050.1516,7.687745087101229,45.359266175,H691,_,00050,1516
H691__00050.1517,7.688039207570379,45.35800315,H691,_,00050,1517
H691__00050.1518,7.688047473208022,45.35783341,H691,_,00050,1518
H691__00050.1519,7.69118870939459,45.35828228,H691,_,00050,1519
H691__00010.152,7.6806368843993535,45.365810615,H691,_,00010,152
H691__00070.152,7.6972459310703565,45.357148890000005,H691,_,00070,152
H691__00050.152,7.689260589393278,45.359669925,H691,_,00050,152
H691__00040.152,7.677163024589601,45.35822011,H691,_,00040,152
H691__00020.152,7.693115221595626,45.368577415000004,H691,_,00020,152
H691__00050.1520,7.6870554720995665,45.35905029,H691,_,00050,1520
H691__00050.1521,7.687201295370797,45.358930889999996,H691,_,00050,1521
H691__00050.1522,7.689832905091976,45.359040305,H691,_,00050,1522
H691__00050.1523,7.688398065567263,45.356959555,H691,_,00050,1523
H691__00050.1524,7.688469573305699,45.357027075000005,H691,_,00050,1524
H691__00050.1525,7.689304154034501,45.357065915,H691,_,00050,1525
H691__00050.1526,7.68870869125367,45.35765153,H691,_,00050,1526
H691__00050.1527,7.688640369813195,45.357697834999996,H691,_,00050,1527
H691__00050.1528,7.692042073836475,45.357855665,H691,_,00050,1528
H691__00050.1529,7.689696216944364,45.357792,H691,_,00050,1529
H691__00010.153,7.680677563850801,45.365242185,H691,_,00010,153
H691__00070.153,7.697304646702717,45.35717845,H691,_,00070,153
H691__00050.153,7.69060066259842,45.35829354,H691,_,00050,153
H691__00040.153,7.6763259987487675,45.35700778499999,H691,_,00040,153
H691__00030.153,7.696674952400589,45.362867949999995,H691,_,00030,153
H691__00050.1530,7.68969977372981,45.35790562,H691,_,00050,1530
H691__00050.1531,7.6897971574342385,45.357872975,H691,_,00050,1531
H691__00050.1532,7.692440255312442,45.357985479999996,H691,_,00050,1532
H691__00050.1534,7.689137524016298,45.358322834999996,H691,_,00050,1534
H691__00050.1536,7.686703839306965,45.357941025,H691,_,00050,1536
H691__00050.1537,7.686711718192527,45.359015535,H691,_,00050,1537
H691__00050.1538,7.686994698509839,45.358982845,H691,_,00050,1538
H691__00050.1539,7.6912168155759275,45.358512965,H691,_,00050,1539
H691__00010.154,7.6804990925859125,45.36518615999999,H691,_,00010,154
H691__00070.154,7.697266564576613,45.357284205,H691,_,00070,154
H691__00060.154,7.686832360797871,45.353093605,H691,_,00060,154
H691__00040.154,7.6766731383708615,45.357127505,H691,_,00040,154
H691__00030.154,7.696784347709059,45.362072295,H691,_,00030,154
H691__00020.154,7.694505505353574,45.36650446,H691,_,00020,154
H691__00050.1540,7.689239195697297,45.35814737,H691,_,00050,1540
H691__00050.1541,7.6880993147239955,45.357860695,H691,_,00050,1541
H691__00050.1542,7.691102034294074,45.35807744,H691,_,00050,1542
H691__00050.1543,7.6910501315192885,45.356314105,H691,_,00050,1543
H691__00050.1544,7.689743405650814,45.357756425000005,H691,_,00050,1544
H691__00050.1545,7.687307291868286,45.358156625,H691,_,00050,1545
H691__00050.1546,7.688874153645803,45.35676266,H691,_,00050,1546
H691__00050.1547,7.6888458556500385,45.35644191,H691,_,00050,1547
H691__00010.155,7.680795086694642,45.364751805,H691,_,00010,155
H691__00070.155,7.697719668418577,45.357278805,H691,_,00070,155
H691__00060.155,7.688931568246613,45.35134343,H691,_,00060,155
H691__00040.155,7.677119680747943,45.357171550000004,H691,_,00040,155
H691__00030.155,7.696837085667065,45.362046719999995,H691,_,00030,155
H691__00020.155,7.69422514224512,45.363999915,H691,_,00020,155
H691__00050.1550,7.6882110774072085,45.357991245,H691,_,00050,1550
H691__00050.1552,7.690671389235353,45.358653445,H691,_,00050,1552
H691__00050.1553,7.688174015675363,45.356917455,H691,_,00050,1553
H691__00050.1554,7.688374438281144,45.357144475,H691,_,00050,1554
H691__00050.1555,7.688960687859895,45.35881063,H691,_,00050,1555
H691__00050.1556,7.687532113352903,45.358097715,H691,_,00050,1556
H691__00050.1559,7.689101408731926,45.35773776,H691,_,00050,1559
H691__00020.156,7.699020050759145,45.363280085,H691,_,00020,156
H691__00070.156,7.697970040661763,45.357038465,H691,_,00070,156
H691__00060.156,7.689509078468612,45.35482854,H691,_,00060,156
H691__00050.156,7.6897329169550055,45.358918185,H691,_,00050,156
H691__00040.156,7.677292708007979,45.357370715,H691,_,00040,156
H691__00030.156,7.696887416207726,45.361968355,H691,_,00030,156
H691__00050.1560,7.689617144333071,45.357763105000004,H691,_,00050,1560
H691__00050.1561,7.6895233086792825,45.357648205000004,H691,_,00050,1561
H691__00050.1562,7.689452209052054,45.357682325,H691,_,00050,1562
H691__00050.1563,7.6896563414587025,45.357740820000004,H691,_,00050,1563
H691__00050.1564,7.687731626940627,45.35802205,H691,_,00050,1564
H691__00050.1565,7.690138983430363,45.35886065,H691,_,00050,1565
H691__00050.1566,7.6899128917865855,45.358262155000006,H691,_,00050,1566
H691__00050.1567,7.689650606568689,45.3591864,H691,_,00050,1567
H691__00050.1568,7.686899674703369,45.357787125,H691,_,00050,1568
H691__00050.1569,7.689368219111109,45.35714032,H691,_,00050,1569
H691__00010.157,7.681403734739744,45.366465745,H691,_,00010,157
H691__00070.157,7.698427279852586,45.35720313,H691,_,00070,157
H691__00050.157,7.688140341280137,45.359091410000005,H691,_,00050,157
H691__00040.157,7.677617180172389,45.3573807,H691,_,00040,157
H691__00030.157,7.696978981348342,45.362114125,H691,_,00030,157
H691__00050.1570,7.691429363124431,45.357489215,H691,_,00050,1570
H691__00050.1571,7.690056554648247,45.35766305,H691,_,00050,1571
H691__00050.1572,7.688705618660924,45.358719789999995,H691,_,00050,1572
H691__00050.1573,7.688426340977705,45.357525005,H691,_,00050,1573
H691__00050.1574,7.688546120056873,45.357626005,H691,_,00050,1574
H691__00050.1575,7.687870470983442,45.35846738,H691,_,00050,1575
H691__00050.1576,7.687725267050473,45.35854827,H691,_,00050,1576
H691__00050.1578,7.689365760405971,45.35762369,H691,_,00050,1578
H691__00050.1579,7.688678662633983,45.35749489,H691,_,00050,1579
H691__00010.158,7.680367516056737,45.365720755,H691,_,00010,158
H691__00070.158,7.695341147553774,45.355086130000004,H691,_,00070,158
H691__00060.158,7.686015268507129,45.354929920000004,H691,_,00060,158
H691__00050.158,7.690736549573458,45.35825744,H691,_,00050,158
H691__00040.158,7.677541609875659,45.35699057,H691,_,00040,158
H691__00030.158,7.697100176743438,45.362227295,H691,_,00030,158
H691__00050.1584,7.6903965086218395,45.35818367,H691,_,00050,1584
H691__00010.159,7.6804036656248655,45.365754285,H691,_,00010,159
H691__00070.159,7.698698375652477,45.356924155,H691,_,00070,159
H691__00060.159,7.686362116042092,45.355057245,H691,_,00060,159
H691__00040.159,7.676458881968914,45.356247435,H691,_,00040,159
H691__00030.159,7.697216984106348,45.362318450000004,H691,_,00030,159
H691__00020.16,7.69218160821811,45.36872211,H691,_,00020,16
H691__00080.16,7.708955296886994,45.356660915,H691,_,00080,16
H691__00070.16,7.692395783074011,45.35570310999999,H691,_,00070,16
H691__00040.16,7.684005764839483,45.35895119,H691,_,00040,16
H691__00010.160,7.680450762358001,45.365754285,H691,_,00010,160
H691__00070.160,7.698411000138567,45.35645816,H691,_,00070,160
H691__00030.160,7.697312181791034,45.362024430000005,H691,_,00030,160
H691__00020.161,7.694607046550721,45.364270255,H691,_,00020,161
H691__00070.161,7.697549670000007,45.35670879,H691,_,00070,161
H691__00060.161,7.687071044558635,45.355987135,H691,_,00060,161
H691__00050.161,7.689702076415179,45.35897511,H691,_,00050,161
H691__00040.161,7.679414535099986,45.356353975000005,H691,_,00040,161
H691__00030.161,7.6974178062986045,45.36197192,H691,_,00030,161
H691__00010.162,7.680216392508868,45.36526464,H691,_,00010,162
H691__00070.162,7.697540489614116,45.356527595,H691,_,00070,162
H691__00060.162,7.687462881438793,45.356018215,H691,_,00060,162
H691__00050.162,7.689937403426617,45.359231745,H691,_,00050,162
H691__00040.162,7.67959973951972,45.35646237,H691,_,00040,162
H691__00030.162,7.697546033049777,45.36197192,H691,_,00030,162
H691__00030.163,7.69769863795284,45.36204302,H691,_,00030,163
H691__00070.163,7.696879383752295,45.35582497,H691,_,00070,163
H691__00040.163,7.679807839538595,45.356701175,H691,_,00040,163
H691__00010.164,7.679976973293602,45.365186575,H691,_,00010,164
H691__00040.164,7.679696177448037,45.356143985,H691,_,00040,164
H691__00030.164,7.697846558322283,45.362126149999995,H691,_,00030,164
H691__00010.165,7.679963211262837,45.3649817,H691,_,00010,165
H691__00070.165,7.6986719679945,45.355977175,H691,_,00070,165
H691__00050.165,7.6898550336586275,45.35924183,H691,_,00050,165
H691__00040.165,7.6799708771220345,45.35636115,H691,_,00040,165
H691__00030.165,7.698052868106302,45.362132595,H691,_,00030,165
H691__00010.166,7.679681299089364,45.365428565,H691,_,00010,166
H691__00070.166,7.698843938255163,45.356654500000005,H691,_,00070,166
H691__00040.166,7.680158063118445,45.35634219,H691,_,00040,166
H691__00030.166,7.6982451750553444,45.362169269999995,H691,_,00030,166
H691__00030.167,7.69846709392859,45.362099470000004,H691,_,00030,167
H691__00070.167,7.6991257642137745,45.35675609,H691,_,00070,167
H691__00040.167,7.680385821938119,45.35631773,H691,_,00040,167
H691__00030.168,7.698584971425676,45.362150115,H691,_,00030,168
H691__00070.168,7.6993693441484234,45.356810445,H691,_,00070,168
H691__00060.168,7.6881784649578435,45.355979735000005,H691,_,00060,168
H691__00040.168,7.6805807382770315,45.356375615000005,H691,_,00040,168
H691__00030.169,7.69868259848712,45.361617315000004,H691,_,00030,169
H691__00070.169,7.699567389587143,45.356874669999996,H691,_,00070,169
H691__00040.169,7.68107049862928,45.356319670000005,H691,_,00040,169
H691__00010.17,7.681294963091963,45.366530615,H691,_,00010,17
H691__00070.17,7.692521336301958,45.355097,H691,_,00070,17
H691__00060.17,7.689935033154491,45.351697715,H691,_,00060,17
H691__00050.17,7.6881566433112685,45.35960072,H691,_,00050,17
H691__00040.17,7.685059182030223,45.358530040000005,H691,_,00040,17
H691__00020.17,7.692162942971769,45.36902073,H691,_,00020,17
H691__00040.170,7.681194294172078,45.356344199999995,H691,_,00040,170
H691__00070.170,7.699852689342121,45.356756680000004,H691,_,00070,170
H691__00020.171,7.698286173149787,45.364231135,H691,_,00020,171
H691__00070.171,7.700267581724993,45.356557815,H691,_,00070,171
H691__00040.171,7.681327053790742,45.35636687,H691,_,00040,171
H691__00030.172,7.699569316760325,45.361093870000005,H691,_,00030,172
H691__00070.172,7.7003439302822905,45.355864405000005,H691,_,00070,172
H691__00050.172,7.689416312474823,45.359436795,H691,_,00050,172
H691__00040.172,7.681494347420218,45.356375215,H691,_,00040,172
H691__00030.173,7.700173259776506,45.361271959999996,H691,_,00030,173
H691__00070.173,7.700412773991239,45.35552482,H691,_,00070,173
H691__00060.173,7.691577533341761,45.355984254999996,H691,_,00060,173
H691__00050.173,7.689364304494611,45.359376444999995,H691,_,00050,173
H691__00040.173,7.68174997683565,45.356505715,H691,_,00040,173
H691__00020.174,7.698121601406848,45.36439038,H691,_,00020,174
H691__00070.174,7.699861288518525,45.355819405000005,H691,_,00070,174
H691__00050.174,7.689232966718292,45.359314745000006,H691,_,00050,174
H691__00040.174,7.682140304827277,45.356133955,H691,_,00040,174
H691__00030.174,7.700468925710077,45.362129755,H691,_,00030,174
H691__00020.175,7.698114788633421,45.364564095,H691,_,00020,175
H691__00070.175,7.699265896502177,45.35604569,H691,_,00070,175
H691__00060.175,7.685264531897733,45.353218285,H691,_,00060,175
H691__00050.175,7.689858130417889,45.358606455,H691,_,00050,175
H691__00040.175,7.682025311703708,45.35562792,H691,_,00040,175
H691__00020.176,7.697965420464852,45.36478223,H691,_,00020,176
H691__00070.176,7.698538155952223,45.35572623,H691,_,00070,176
H691__00060.176,7.686540338893325,45.352162155,H691,_,00060,176
H691__00050.176,7.689175908971459,45.359273509999994,H691,_,00050,176
H691__00040.176,7.682423281274694,45.35559394,H691,_,00040,176
H691__00010.177,7.678265423349248,45.36370454,H691,_,00010,177
H691__00070.177,7.697877815418927,45.355515265,H691,_,00070,177
H691__00060.177,7.688036021623281,45.351358454999996,H691,_,00060,177
H691__00050.177,7.689121333289106,45.359236609999996,H691,_,00050,177
H691__00040.177,7.68238409715051,45.35637224,H691,_,00040,177
H691__00030.177,7.700594863039141,45.362059165000005,H691,_,00030,177
H691__00020.177,7.697636504179123,45.36488792,H691,_,00020,177
H691__00020.178,7.697873812283169,45.36463791,H691,_,00020,178
H691__00070.178,7.6975668912021735,45.35528733,H691,_,00070,178
H691__00060.178,7.687283105030085,45.35201654,H691,_,00060,178
H691__00050.178,7.689068939395192,45.359201985,H691,_,00050,178
H691__00040.178,7.682628589898249,45.356612510000005,H691,_,00040,178
H691__00020.179,7.697493929583202,45.364706174999995,H691,_,00020,179
H691__00070.179,7.697309281652301,45.355407825,H691,_,00070,179
H691__00060.179,7.689603657653063,45.351894935000004,H691,_,00060,179
H691__00050.179,7.68900277782029,45.359187055,H691,_,00050,179
H691__00040.179,7.683258064508843,45.3566007,H691,_,00040,179
H691__00010.18,7.681494861116063,45.366411740000004,H691,_,00010,18
H691__00080.18,7.70731789129179,45.357221124999995,H691,_,00080,18
H691__00050.18,7.688097547615911,45.359654845,H691,_,00050,18
H691__00040.18,7.6843166694919525,45.359177585,H691,_,00040,18
H691__00020.18,7.692281949942946,45.36897727,H691,_,00020,18
H691__00020.180,7.69711594534002,45.365125495,H691,_,00020,180
H691__00050.180,7.689031005815136,45.35913572,H691,_,00050,180
H691__00040.180,7.683436276434469,45.356389055,H691,_,00040,180
H691__00030.180,7.7007285940868595,45.362477335,H691,_,00030,180
H691__00020.181,7.696733500332818,45.36428298,H691,_,00020,181
H691__00070.181,7.697491212639429,45.354850785,H691,_,00070,181
H691__00050.181,7.6889279603609335,45.35905847,H691,_,00050,181
H691__00040.181,7.68383133473465,45.356048415000004,H691,_,00040,181
H691__00030.181,7.7007280444811315,45.361914975000005,H691,_,00030,181
H691__00020.182,7.697981519094606,45.36491332,H691,_,00020,182
H691__00060.182,7.687128523883658,45.351108695,H691,_,00060,182
H691__00040.182,7.68300226289734,45.35576055,H691,_,00040,182
H691__00030.182,7.701151773435662,45.361970875,H691,_,00030,182
H691__00020.183,7.697585739358018,45.365127565,H691,_,00020,183
H691__00070.183,7.698176976938228,45.354168494999996,H691,_,00070,183
H691__00060.183,7.686609708615731,45.35303675,H691,_,00060,183
H691__00050.183,7.688876829375678,45.35911217,H691,_,00050,183
H691__00040.183,7.683544305771332,45.355620099999996,H691,_,00040,183
H691__00030.183,7.701033387954752,45.361841264999995,H691,_,00030,183
H691__00020.184,7.697259331810674,45.365387014999996,H691,_,00020,184
H691__00050.184,7.688620189070599,45.359025009999996,H691,_,00050,184
H691__00040.184,7.683893293844687,45.355260335,H691,_,00040,184
H691__00030.184,7.7009722180744244,45.361140094999996,H691,_,00030,184
H691__00020.185,7.695344790537311,45.36669466,H691,_,00020,185
H691__00070.185,7.697722364382489,45.354981995,H691,_,00070,185
H691__00050.185,7.688719956158928,45.359222994999996,H691,_,00050,185
H691__00040.185,7.6841301357097525,45.355472825,H691,_,00040,185
H691__00030.185,7.699381552165036,45.360044335,H691,_,00030,185
H691__00010.186,7.677485234774721,45.36441973,H691,_,00010,186
H691__00070.186,7.697915388314508,45.354864665,H691,_,00070,186
H691__00060.186,7.690578149096794,45.352412935000004,H691,_,00060,186
H691__00040.186,7.684185256211782,45.355668185,H691,_,00040,186
H691__00030.186,7.699093799961677,45.36067381,H691,_,00030,186
H691__00020.186,7.6946546138240235,45.367803185,H691,_,00020,186
H691__00020.187,7.697509462485282,45.365662135,H691,_,00020,187
H691__00070.187,7.698826290095095,45.35425358,H691,_,00070,187
H691__00060.187,7.685645240535681,45.355552375,H691,_,00060,187
H691__00050.187,7.688553775672462,45.359076079999994,H691,_,00050,187
H691__00040.187,7.684045802552139,45.355808295,H691,_,00040,187
H691__00030.187,7.69459136136262,45.35823467,H691,_,00030,187
H691__00010.188,7.67730024999902,45.364355675,H691,_,00010,188
H691__00070.188,7.698828274298396,45.354419345,H691,_,00070,188
H691__00040.188,7.684587771996674,45.356107449999996,H691,_,00040,188
H691__00030.188,7.698843972283663,45.36054416,H691,_,00030,188
H691__00020.188,7.69771601338134,45.36590662,H691,_,00020,188
H691__00010.189,7.677439964585426,45.364235445000006,H691,_,00010,189
H691__00060.189,7.689436283069773,45.354778795,H691,_,00060,189
H691__00040.189,7.685139702136572,45.356433865,H691,_,00040,189
H691__00030.189,7.698529165224156,45.36060103,H691,_,00030,189
H691__00020.189,7.697854997828657,45.36645393,H691,_,00020,189
H691__00010.19,7.6812691851419235,45.36688466,H691,_,00010,19
H691__00050.19,7.688318331714234,45.359757990000006,H691,_,00050,19
H691__00040.19,7.684631292947767,45.359352955,H691,_,00040,19
H691__00030.19,7.69099368174445,45.361219250000005,H691,_,00030,19
H691__00020.19,7.692286784685127,45.368757055,H691,_,00020,19
H691__00020.190,7.697636460515616,45.36625471,H691,_,00020,190
H691__00050.190,7.6887483558747824,45.358884685,H691,_,00050,190
H691__00040.190,7.685195978247472,45.356160564999996,H691,_,00040,190
H691__00030.190,7.698180300437276,45.360670545000005,H691,_,00030,190
H691__00010.191,7.676703053690992,45.364058955000004,H691,_,00010,191
H691__00050.191,7.688766795561477,45.358817035,H691,_,00050,191
H691__00040.191,7.68552271559969,45.35508559,H691,_,00040,191
H691__00030.191,7.697742268071101,45.36067541,H691,_,00030,191
H691__00020.191,7.69709699161073,45.36639413,H691,_,00020,191
H691__00010.192,7.676594163298278,45.363652685000005,H691,_,00010,192
H691__00040.192,7.68528771437604,45.355649165,H691,_,00040,192
H691__00030.192,7.697638487313178,45.360990685000004,H691,_,00030,192
H691__00020.192,7.697411545409331,45.366530895,H691,_,00020,192
H691__00020.193,7.697685670345325,45.366698514999996,H691,_,00020,193
H691__00040.193,7.685210554992125,45.355283985,H691,_,00040,193
H691__00030.193,7.697548702850184,45.360619459999995,H691,_,00030,193
H691__00010.194,7.675699127606992,45.36390528,H691,_,00010,194
H691__00040.194,7.685125834153764,45.354981765,H691,_,00040,194
H691__00030.194,7.697276831104942,45.36058317,H691,_,00030,194
H691__00020.194,7.697408205385045,45.36547015,H691,_,00020,194
H691__00010.195,7.675904380084518,45.36358876,H691,_,00010,195
H691__00070.195,7.700870432435307,45.35434366,H691,_,00070,195
H691__00050.195,7.688688063026189,45.358790025,H691,_,00050,195
H691__00030.195,7.697080895358887,45.3604529,H691,_,00030,195
H691__00020.195,7.6976221605887005,45.367219695,H691,_,00020,195
H691__00020.196,7.697344570336087,45.366918670000004,H691,_,00020,196
H691__00070.196,7.700539710879766,45.354192325,H691,_,00070,196
H691__00030.196,7.696937606267047,45.360397340000006,H691,_,00030,196
H691__00010.197,7.677281883474351,45.363037635,H691,_,00010,197
H691__00070.197,7.701054016280043,45.353978325,H691,_,00070,197
H691__00060.197,7.6892198335492115,45.35398016,H691,_,00060,197
H691__00050.197,7.688738212062025,45.35905391,H691,_,00050,197
H691__00030.197,7.696753426183019,45.36039173,H691,_,00030,197
H691__00020.197,7.696545366453035,45.366648895,H691,_,00020,197
H691__00020.198,7.697172415976175,45.367233080000005,H691,_,00020,198
H691__00070.198,7.700252943325782,45.35440776,H691,_,00070,198
H691__00060.198,7.68945882187563,45.35387085,H691,_,00060,198
H691__00030.198,7.697218425025659,45.359641475000004,H691,_,00030,198
H691__00010.199,7.676377471261432,45.362986015000004,H691,_,00010,199
H691__00060.199,7.689791478732003,45.35384155,H691,_,00060,199
H691__00050.199,7.688245698298267,45.35873557,H691,_,00050,199
H691__00040.199,7.683873210440803,45.35479063,H691,_,00040,199
H691__00030.199,7.697529362474112,45.359587575000006,H691,_,00030,199
H691__00020.199,7.696718637670683,45.367875695,H691,_,00020,199
H691__00010.2,7.68051768385919,45.367467935,H691,_,00010,2
H691__00070.2,7.69238990651295,45.35679077,H691,_,00070,2
H691__00050.2,7.688206631923556,45.35901101,H691,_,00050,2
H691__00040.2,7.680688181716679,45.360969025,H691,_,00040,2
H691__00030.2,7.689384850530525,45.36111082,H691,_,00030,2
H691__00020.2,7.692422287652951,45.3695203,H691,_,00020,2
H691__00010.20,7.682327004308771,45.367381554999994,H691,_,00010,20
H691__00080.20,7.708430037084627,45.356647284999994,H691,_,00080,20
H691__00070.20,7.69336585760049,45.355205345,H691,_,00070,20
H691__00050.20,7.6883657709354,45.359711105,H691,_,00050,20
H691__00030.20,7.691058158642997,45.36105949,H691,_,00030,20
H691__00020.20,7.692366133287078,45.368756430000005,H691,_,00020,20
H691__00010.200,7.677527463870721,45.36278607,H691,_,00010,200
H691__00060.200,7.689587058441168,45.35333158,H691,_,00060,200
H691__00050.200,7.689079083658853,45.35864109,H691,_,00050,200
H691__00040.200,7.683663330108427,45.354886629999996,H691,_,00040,200
H691__00030.200,7.698102019679566,45.359574475,H691,_,00030,200
H691__00020.200,7.695018797303124,45.36784729,H691,_,00020,200
H691__00020.201,7.696897919271448,45.367579324999994,H691,_,00020,201
H691__00070.201,7.700501687415987,45.352584695000004,H691,_,00070,201
H691__00040.201,7.68352962884104,45.354568315,H691,_,00040,201
H691__00030.201,7.698364130621398,45.359726785,H691,_,00030,201
H691__00010.202,7.677734114522181,45.362742725000004,H691,_,00010,202
H691__00030.202,7.698620819114038,45.3597384,H691,_,00030,202
H691__00020.202,7.696461555925302,45.367656139999994,H691,_,00020,202
H691__00010.203,7.67757938453217,45.362416015,H691,_,00010,203
H691__00050.203,7.6892639140625345,45.358912065,H691,_,00050,203
H691__00040.203,7.682777257487517,45.354845365,H691,_,00040,203
H691__00030.203,7.698868042693267,45.359713795000005,H691,_,00030,203
H691__00020.203,7.6973081851015825,45.367499115,H691,_,00020,203
H691__00010.204,7.681744026857233,45.36626989,H691,_,00010,204
H691__00050.204,7.689256190134502,45.358864725000004,H691,_,00050,204
H691__00040.204,7.682436645700006,45.35487217,H691,_,00040,204
H691__00030.204,7.6994194139057885,45.35979176,H691,_,00030,204
H691__00020.204,7.696467460767366,45.36747132,H691,_,00020,204
H691__00010.205,7.678007965566449,45.36236044,H691,_,00010,205
H691__00060.205,7.6907015669403505,45.355955435,H691,_,00060,205
H691__00050.205,7.689155694359161,45.358774675,H691,_,00050,205
H691__00040.205,7.682053862793167,45.354721260000005,H691,_,00040,205
H691__00030.205,7.700505939524827,45.36008005,H691,_,00030,205
H691__00020.205,7.696238469546401,45.367457650000006,H691,_,00020,205
H691__00010.206,7.678209383860114,45.361894754999994,H691,_,00010,206
H691__00060.206,7.691043166798951,45.356024805,H691,_,00060,206
H691__00050.206,7.688184588577762,45.35859276,H691,_,00050,206
H691__00040.206,7.6819235033383055,45.35523414,H691,_,00040,206
H691__00030.206,7.700466145391868,45.35985397,H691,_,00030,206
H691__00020.206,7.696043794500929,45.36728646500001,H691,_,00020,206
H691__00010.207,7.678605138583124,45.362377155000004,H691,_,00010,207
H691__00070.207,7.69971883338177,45.353223925,H691,_,00070,207
H691__00050.207,7.689358366608883,45.358760035,H691,_,00050,207
H691__00040.207,7.6817708986441575,45.354928395,H691,_,00040,207
H691__00030.207,7.699527587423416,45.359616415000005,H691,_,00030,207
H691__00020.207,7.695932143905204,45.36779678,H691,_,00020,207
H691__00010.208,7.679129724878257,45.36118916,H691,_,00010,208
H691__00070.208,7.700239161430192,45.35349848,H691,_,00070,208
H691__00060.208,7.687791286855866,45.351224635,H691,_,00060,208
H691__00040.208,7.6815189694927515,45.355314925,H691,_,00040,208
H691__00030.208,7.700525929512127,45.35970292499999,H691,_,00030,208
H691__00020.208,7.696435002577436,45.36804909,H691,_,00020,208
H691__00010.209,7.679267262375026,45.362265385,H691,_,00010,209
H691__00050.209,7.689251052094636,45.358594955,H691,_,00050,209
H691__00040.209,7.681518440802117,45.35565323,H691,_,00040,209
H691__00030.209,7.700819452722333,45.35921754,H691,_,00030,209
H691__00020.209,7.696194983739957,45.368116235,H691,_,00020,209
H691__00020.21,7.692358048284783,45.368959905,H691,_,00020,21
H691__00080.21,7.708587910875888,45.35661811,H691,_,00080,21
H691__00060.21,7.691105397279214,45.35366141,H691,_,00060,21
H691__00050.21,7.688388089780405,45.35969736,H691,_,00050,21
H691__00040.21,7.683301466274172,45.3606068,H691,_,00040,21
H691__00030.21,7.691391060024064,45.361037775,H691,_,00030,21
H691__00010.210,7.679323389491724,45.36120389,H691,_,00010,210
H691__00070.210,7.700626927422302,45.353198160000005,H691,_,00070,210
H691__00050.210,7.689364630276216,45.35855776,H691,_,00050,210
H691__00040.210,7.681247062263662,45.355417125,H691,_,00040,210
H691__00030.210,7.700387487405614,45.359263235,H691,_,00030,210
H691__00020.210,7.695457890971879,45.36800284,H691,_,00020,210
H691__00010.211,7.684381650622548,45.367286955,H691,_,00010,211
H691__00070.211,7.70080984522672,45.35343924,H691,_,00070,211
H691__00060.211,7.686639706390594,45.355729255,H691,_,00060,211
H691__00050.211,7.68919387708123,45.358478175,H691,_,00050,211
H691__00040.211,7.681033703857571,45.35543916,H691,_,00040,211
H691__00030.211,7.699943988642422,45.359309955,H691,_,00030,211
H691__00020.211,7.694693984073529,45.367401189999995,H691,_,00020,211
H691__00010.212,7.679632978402436,45.3611399,H691,_,00010,212
H691__00070.212,7.7011615063189165,45.353669395,H691,_,00070,212
H691__00050.212,7.689170216098349,45.359079265,H691,_,00050,212
H691__00040.212,7.681281914918252,45.354577555000006,H691,_,00040,212
H691__00030.212,7.699495329086166,45.359030829999995,H691,_,00030,212
H691__00020.212,7.694599049940566,45.36729604,H691,_,00020,212
H691__00010.213,7.679753998928383,45.361462315,H691,_,00010,213
H691__00070.213,7.70118024928091,45.353422725,H691,_,00070,213
H691__00050.213,7.6892372383427485,45.359135835000004,H691,_,00050,213
H691__00040.213,7.681015545899305,45.354579915,H691,_,00040,213
H691__00030.213,7.698563392650169,45.358914835,H691,_,00030,213
H691__00020.213,7.695137614582785,45.368072415,H691,_,00020,213
H691__00010.214,7.679874581941476,45.361155195,H691,_,00010,214
H691__00070.214,7.700935419211998,45.352935235000004,H691,_,00070,214
H691__00040.214,7.680716770287278,45.35462716,H691,_,00040,214
H691__00030.214,7.698179373641759,45.359010194999996,H691,_,00030,214
H691__00020.214,7.694747370609878,45.368152765000005,H691,_,00020,214
H691__00020.215,7.694375469596051,45.36820013,H691,_,00020,215
H691__00070.215,7.7012790614638735,45.352960949999996,H691,_,00070,215
H691__00040.215,7.6805969473463165,45.35457783,H691,_,00040,215
H691__00030.215,7.697776759488802,45.3591746,H691,_,00030,215
H691__00020.216,7.693949933243267,45.367998185000005,H691,_,00020,216
H691__00070.216,7.700531064198129,45.35270257,H691,_,00070,216
H691__00060.216,7.687042796396314,45.35543912,H691,_,00060,216
H691__00040.216,7.680481436331037,45.35456298,H691,_,00040,216
H691__00030.216,7.6971289382126376,45.358864260000004,H691,_,00030,216
H691__00010.217,7.680279280096815,45.361626959999995,H691,_,00010,217
H691__00070.217,7.7005003255828415,45.352389935,H691,_,00070,217
H691__00050.217,7.6893288173053005,45.359070075000005,H691,_,00050,217
H691__00040.217,7.680627584774108,45.355433965,H691,_,00040,217
H691__00030.217,7.69690697784249,45.358627865,H691,_,00030,217
H691__00020.217,7.693816880734715,45.368226655,H691,_,00020,217
H691__00010.218,7.680507281010703,45.36152941,H691,_,00010,218
H691__00070.218,7.700480363123387,45.352004245,H691,_,00070,218
H691__00050.218,7.689401965992738,45.359213015,H691,_,00050,218
H691__00040.218,7.680410676162008,45.35543406,H691,_,00040,218
H691__00030.218,7.696746799432255,45.358457619999996,H691,_,00030,218
H691__00020.218,7.694571072667088,45.368482295,H691,_,00020,218
H691__00010.219,7.68063070370644,45.36165368,H691,_,00010,219
H691__00070.219,7.700085382001075,45.351646625,H691,_,00070,219
H691__00040.219,7.68035784182131,45.354676535,H691,_,00040,219
H691__00030.219,7.69653549320134,45.358374964999996,H691,_,00030,219
H691__00020.219,7.694134577091219,45.369766854999995,H691,_,00020,219
H691__00020.22,7.692545574971753,45.368739415,H691,_,00020,22
H691__00080.22,7.7096503023627445,45.35610144,H691,_,00080,22
H691__00060.22,7.690887760567714,45.35367243,H691,_,00060,22
H691__00050.22,7.688405135382705,45.359678615,H691,_,00050,22
H691__00040.22,7.683631152062229,45.36069008,H691,_,00040,22
H691__00030.22,7.6913082614452035,45.36094059,H691,_,00030,22
H691__00010.220,7.680983418520103,45.361734495,H691,_,00010,220
H691__00070.220,7.70035115146323,45.351647334999996,H691,_,00070,220
H691__00040.220,7.680124981559265,45.35453772,H691,_,00040,220
H691__00030.220,7.696213184804757,45.358149245,H691,_,00030,220
H691__00020.220,7.695118849278074,45.369274015,H691,_,00020,220
H691__00010.221,7.679304841762189,45.36315983,H691,_,00010,221
H691__00070.221,7.700488641569323,45.351388315,H691,_,00070,221
H691__00040.221,7.680172498493459,45.355406575,H691,_,00040,221
H691__00030.221,7.6956997959667195,45.357679595,H691,_,00030,221
H691__00020.221,7.6956360394997105,45.368940495000004,H691,_,00020,221
H691__00010.222,7.679575026406797,45.362831885,H691,_,00010,222
H691__00070.222,7.700612282993553,45.351307605,H691,_,00070,222
H691__00040.222,7.679829148066357,45.355390709999995,H691,_,00040,222
H691__00020.222,7.696351472309341,45.368779285,H691,_,00020,222
H691__00010.223,7.679917123700763,45.363086069999994,H691,_,00010,223
H691__00070.223,7.700969590675735,45.351453055,H691,_,00070,223
H691__00040.223,7.679925553184772,45.354522835,H691,_,00040,223
H691__00030.223,7.695013741043706,45.356879594999995,H691,_,00030,223
H691__00020.223,7.69574024123183,45.368451985,H691,_,00020,223
H691__00030.224,7.695761137559174,45.357150395,H691,_,00030,224
H691__00070.224,7.701147707416169,45.350846175,H691,_,00070,224
H691__00060.224,7.686700769396717,45.355288994999995,H691,_,00060,224
H691__00040.224,7.679678287969354,45.35450335,H691,_,00040,224
H691__00020.225,7.695439882997629,45.368591385,H691,_,00020,225
H691__00070.225,7.701935401775245,45.35078228,H691,_,00070,225
H691__00040.225,7.679694111462874,45.35544896,H691,_,00040,225
H691__00030.225,7.696047213305276,45.35739205,H691,_,00030,225
H691__00020.226,7.696081091109418,45.36841004,H691,_,00020,226
H691__00070.226,7.702717946588093,45.350735130000004,H691,_,00070,226
H691__00060.226,7.68960761900423,45.35274596,H691,_,00060,226
H691__00040.226,7.679553724882723,45.35545389,H691,_,00040,226
H691__00030.226,7.696232386295263,45.35755005,H691,_,00030,226
H691__00020.227,7.69593885078899,45.36923307,H691,_,00020,227
H691__00070.227,7.702779522663732,45.35112689,H691,_,00070,227
H691__00040.227,7.679402043008741,45.355471195,H691,_,00040,227
H691__00030.227,7.696825358378689,45.357605155,H691,_,00030,227
H691__00020.228,7.695553999270196,45.36925883,H691,_,00020,228
H691__00070.228,7.701621095268457,45.351138455,H691,_,00070,228
H691__00040.228,7.679182831416232,45.355502305,H691,_,00040,228
H691__00030.228,7.69742765317827,45.357818159999994,H691,_,00030,228
H691__00010.229,7.6810827411678195,45.362684200000004,H691,_,00010,229
H691__00070.229,7.701712727755781,45.351476245,H691,_,00070,229
H691__00040.229,7.67897226676779,45.354674175,H691,_,00040,229
H691__00030.229,7.697290502082919,45.358079645000004,H691,_,00030,229
H691__00020.229,7.694644327970673,45.369872305,H691,_,00020,229
H691__00020.23,7.693007708403173,45.36865198,H691,_,00020,23
H691__00080.23,7.709970585731682,45.355920835,H691,_,00080,23
H691__00060.23,7.6906242765297215,45.353772515,H691,_,00060,23
H691__00050.23,7.688419593775318,45.359662145,H691,_,00050,23
H691__00030.23,7.6914289938921545,45.360754325,H691,_,00030,23
H691__00010.230,7.680917202208827,45.364333195,H691,_,00010,230
H691__00070.230,7.702902080071106,45.35138814,H691,_,00070,230
H691__00040.230,7.679033749656535,45.355594255,H691,_,00040,230
H691__00030.230,7.6976659040005515,45.357925855,H691,_,00030,230
H691__00020.230,7.69427278865739,45.370075545,H691,_,00020,230
H691__00020.231,7.694683145674313,45.370218435,H691,_,00020,231
H691__00070.231,7.702957647601858,45.35152457,H691,_,00070,231
H691__00060.231,7.691523343381492,45.355531765,H691,_,00060,231
H691__00050.231,7.689410789548591,45.359009035,H691,_,00050,231
H691__00040.231,7.6786730604513895,45.35556379,H691,_,00040,231
H691__00030.231,7.6980201207265955,45.357814450000006,H691,_,00030,231
H691__00010.232,7.681444633292969,45.36359781,H691,_,00010,232
H691__00070.232,7.702333401895961,45.351611635,H691,_,00070,232
H691__00040.232,7.678653156792843,45.3546254,H691,_,00040,232
H691__00030.232,7.698271492671989,45.358470159999996,H691,_,00030,232
H691__00020.232,7.696914717873094,45.370511504999996,H691,_,00020,232
H691__00010.233,7.681315369219493,45.363011924999995,H691,_,00010,233
H691__00070.233,7.701576523164089,45.351680905,H691,_,00070,233
H691__00050.233,7.689450782459787,45.3589656,H691,_,00050,233
H691__00040.233,7.678312958172057,45.354681245,H691,_,00040,233
H691__00030.233,7.698593646685547,45.358099519999996,H691,_,00030,233
H691__00020.233,7.697530750594872,45.37067519,H691,_,00020,233
H691__00010.234,7.681307460091869,45.362208605,H691,_,00010,234
H691__00070.234,7.7022425495447155,45.351770205,H691,_,00070,234
H691__00060.234,7.690644858088243,45.35581725,H691,_,00060,234
H691__00040.234,7.678381505252697,45.35520113,H691,_,00040,234
H691__00030.234,7.698558912037497,45.35767951,H691,_,00030,234
H691__00020.234,7.6977380136293245,45.370530439999996,H691,_,00020,234
H691__00010.235,7.681432067865874,45.361887725,H691,_,00010,235
H691__00070.235,7.702857887330554,45.351858745,H691,_,00070,235
H691__00040.235,7.678512864153935,45.355710025,H691,_,00040,235
H691__00030.235,7.6988753462407225,45.35778974,H691,_,00030,235
H691__00020.235,7.697925357675951,45.37039333,H691,_,00020,235
H691__00010.236,7.681549244058323,45.361770835,H691,_,00010,236
H691__00070.236,7.702002925939434,45.35244656,H691,_,00070,236
H691__00060.236,7.691708671682322,45.35414173,H691,_,00060,236
H691__00040.236,7.678353221066428,45.355731125,H691,_,00040,236
H691__00030.236,7.699835515336782,45.35724457,H691,_,00030,236
H691__00020.236,7.698287592826645,45.370154045,H691,_,00020,236
H691__00020.237,7.697780261054511,45.369887320000004,H691,_,00020,237
H691__00070.237,7.701918724586836,45.352783325000004,H691,_,00070,237
H691__00060.237,7.686747128828811,45.35606849,H691,_,00060,237
H691__00040.237,7.678248184311888,45.354780364999996,H691,_,00040,237
H691__00030.237,7.700399579517686,45.35712708,H691,_,00030,237
H691__00010.238,7.681707128734214,45.361916545,H691,_,00010,238
H691__00070.238,7.701816285019707,45.353012975,H691,_,00070,238
H691__00050.238,7.6900569583911675,45.35882302,H691,_,00050,238
H691__00040.238,7.678085826905663,45.354638640000005,H691,_,00040,238
H691__00030.238,7.7004911139585825,45.357905599999995,H691,_,00030,238
H691__00020.238,7.698695795379866,45.36989434,H691,_,00020,238
H691__00010.239,7.681623308543862,45.362837475000006,H691,_,00010,239
H691__00070.239,7.701707076005778,45.353400824999994,H691,_,00070,239
H691__00040.239,7.678211288938795,45.35573617,H691,_,00040,239
H691__00030.239,7.699835791433888,45.357553010000004,H691,_,00030,239
H691__00020.239,7.698367889454997,45.3695072,H691,_,00020,239
H691__00010.24,7.6834539643828865,45.36695388,H691,_,00010,24
H691__00080.24,7.709772572228035,45.356219295,H691,_,00080,24
H691__00060.24,7.687838855299033,45.356248905,H691,_,00060,24
H691__00050.24,7.6884452803403365,45.359638294999996,H691,_,00050,24
H691__00030.24,7.69121297419788,45.36082232,H691,_,00030,24
H691__00020.24,7.69334798735072,45.368598524999996,H691,_,00020,24
H691__00010.240,7.681955637887748,45.36250357,H691,_,00010,240
H691__00070.240,7.7016373292914935,45.353841145,H691,_,00070,240
H691__00040.240,7.677989565389561,45.35565964,H691,_,00040,240
H691__00030.240,7.6945955426135955,45.358381754999996,H691,_,00030,240
H691__00030.241,7.699805894097146,45.357672725,H691,_,00030,241
H691__00070.241,7.702094229078392,45.353854534999996,H691,_,00070,241
H691__00060.241,7.685941821141514,45.353621364999995,H691,_,00060,241
H691__00050.241,7.69016772305131,45.358914920000004,H691,_,00050,241
H691__00040.241,7.67790985208358,45.354638640000005,H691,_,00040,241
H691__00010.242,7.682259777567091,45.36273105,H691,_,00010,242
H691__00070.242,7.702899886746078,45.353172125,H691,_,00070,242
H691__00060.242,7.68989252983863,45.35421455,H691,_,00060,242
H691__00040.242,7.677786589711589,45.354856444999996,H691,_,00040,242
H691__00030.242,7.69547311334188,45.35821937,H691,_,00030,242
H691__00020.242,7.6997788656942205,45.368257549999996,H691,_,00020,242
H691__00010.243,7.682033848911237,45.36195148,H691,_,00010,243
H691__00070.243,7.702311679755274,45.353072485,H691,_,00070,243
H691__00060.243,7.689839486533392,45.354500904999995,H691,_,00060,243
H691__00050.243,7.69020016021266,45.35872118,H691,_,00050,243
H691__00040.243,7.677552984986449,45.35442825,H691,_,00040,243
H691__00030.243,7.699388247682879,45.358263005,H691,_,00030,243
H691__00020.243,7.700753350103463,45.36742168,H691,_,00020,243
H691__00020.244,7.700326810419144,45.36686947,H691,_,00020,244
H691__00070.244,7.703246701302655,45.352123945,H691,_,00070,244
H691__00060.244,7.689049435333022,45.355047285,H691,_,00060,244
H691__00050.244,7.690234218003167,45.358748125,H691,_,00050,244
H691__00040.244,7.677592817859345,45.354965230000005,H691,_,00040,244
H691__00030.244,7.69280555980613,45.361220419999995,H691,_,00030,244
H691__00010.245,7.682906769498511,45.36172764,H691,_,00010,245
H691__00070.245,7.703631590923674,45.35168557,H691,_,00070,245
H691__00050.245,7.690386666290724,45.35895987,H691,_,00050,245
H691__00040.245,7.677637399032259,45.35558438,H691,_,00040,245
H691__00030.245,7.699482733749498,45.358703059999996,H691,_,00030,245
H691__00010.246,7.682598938078442,45.362165825000005,H691,_,00010,246
H691__00070.246,7.703445366894761,45.35151992,H691,_,00070,246
H691__00040.246,7.67733599220063,45.355009445,H691,_,00040,246
H691__00030.246,7.699012372589536,45.35870358,H691,_,00030,246
H691__00010.247,7.682522242575012,45.36292949,H691,_,00010,247
H691__00070.247,7.7035363882641885,45.352223910000006,H691,_,00070,247
H691__00060.247,7.6891715506482194,45.354109405,H691,_,00060,247
H691__00050.247,7.690454980122425,45.359038029999994,H691,_,00050,247
H691__00040.247,7.677202850766385,45.35515388,H691,_,00040,247
H691__00030.247,7.699800268943537,45.358765225,H691,_,00030,247
H691__00020.247,7.699526213486092,45.367040685,H691,_,00020,247
H691__00010.248,7.6827855699055325,45.362965715,H691,_,00010,248
H691__00070.248,7.704087852102423,45.352049,H691,_,00070,248
H691__00050.248,7.690425762560752,45.359054674999996,H691,_,00050,248
H691__00040.248,7.677056877992676,45.3550045,H691,_,00040,248
H691__00030.248,7.700018564799866,45.35872279,H691,_,00030,248
H691__00020.248,7.700113820772029,45.36628752,H691,_,00020,248
H691__00030.249,7.700207087275605,45.358744709999996,H691,_,00030,249
H691__00070.249,7.704230664516043,45.352356990000004,H691,_,00070,249
H691__00060.249,7.6888478794130215,45.354749975000004,H691,_,00060,249
H691__00050.249,7.6879695368072145,45.358623165,H691,_,00050,249
H691__00040.249,7.676809247671742,45.354029795,H691,_,00040,249
H691__00020.25,7.693775635449109,45.36813065,H691,_,00020,25
H691__00080.25,7.7100818016158135,45.35644839,H691,_,00080,25
H691__00050.25,7.688483443220402,45.35960447,H691,_,00050,25
H691__00030.25,7.6904945670301075,45.36100324,H691,_,00030,25
H691__00020.250,7.700419001363912,45.36570341,H691,_,00020,250
H691__00070.250,7.7042797670277885,45.35268431,H691,_,00070,250
H691__00060.250,7.688873202698833,45.35299869,H691,_,00060,250
H691__00050.250,7.6903876134853135,45.35908563,H691,_,00050,250
H691__00040.250,7.676980691603198,45.353747195,H691,_,00040,250
H691__00030.250,7.70005184881777,45.358359844999995,H691,_,00030,250
H691__00010.251,7.682920744903122,45.362770675,H691,_,00010,251
H691__00070.251,7.704544800441035,45.352768065,H691,_,00070,251
H691__00060.251,7.68831140348669,45.353281685,H691,_,00060,251
H691__00050.251,7.69028508532473,45.358958775000005,H691,_,00050,251
H691__00040.251,7.677123820188461,45.353693449999994,H691,_,00040,251
H691__00030.251,7.70030096755886,45.358276875,H691,_,00030,251
H691__00010.252,7.683135345935688,45.362924365,H691,_,00010,252
H691__00070.252,7.704828084096774,45.35313907,H691,_,00070,252
H691__00060.252,7.688648041892026,45.353195785,H691,_,00060,252
H691__00050.252,7.690297476483568,45.358806045,H691,_,00050,252
H691__00040.252,7.677245069079857,45.35363703,H691,_,00040,252
H691__00030.252,7.700373068682959,45.35854296,H691,_,00030,252
H691__00020.252,7.702405701574426,45.36498128,H691,_,00020,252
H691__00010.253,7.682851408134696,45.361374655,H691,_,00010,253
H691__00070.253,7.704550383022118,45.353240435000004,H691,_,00070,253
H691__00060.253,7.690552652791861,45.35582376,H691,_,00060,253
H691__00050.253,7.6904483652445235,45.358877565,H691,_,00050,253
H691__00040.253,7.6773393938210654,45.353475155,H691,_,00040,253
H691__00030.253,7.700459938440314,45.35852672,H691,_,00030,253
H691__00020.253,7.701828024890732,45.365617985,H691,_,00020,253
H691__00010.254,7.683080008406216,45.36218972,H691,_,00010,254
H691__00070.254,7.704195349452172,45.35332374,H691,_,00070,254
H691__00050.254,7.6905604635444025,45.358981655,H691,_,00050,254
H691__00030.254,7.700552612924662,45.3586748,H691,_,00030,254
H691__00020.254,7.7014992065138514,45.365519355,H691,_,00020,254
H691__00010.255,7.683514844922925,45.36360368,H691,_,00010,255
H691__00070.255,7.7037396852339395,45.353335785,H691,_,00070,255
H691__00060.255,7.689910146109662,45.3547505,H691,_,00060,255
H691__00050.255,7.688014077787885,45.35846574,H691,_,00050,255
H691__00030.255,7.70093673177838,45.35834768,H691,_,00030,255
H691__00020.255,7.694109230530604,45.368012815,H691,_,00020,255
H691__00010.256,7.6844351122552474,45.363153355,H691,_,00010,256
H691__00070.256,7.703355943234435,45.35360997,H691,_,00070,256
H691__00050.256,7.690488526645698,45.35880384,H691,_,00050,256
H691__00040.256,7.67749912284847,45.35347945,H691,_,00040,256
H691__00030.256,7.7013184079570145,45.35935276,H691,_,00030,256
H691__00020.256,7.700771463028634,45.365867115,H691,_,00020,256
H691__00020.257,7.700768225238955,45.36628752,H691,_,00020,257
H691__00070.257,7.7031012157849235,45.35376086,H691,_,00070,257
H691__00060.257,7.689794825497251,45.35460467,H691,_,00060,257
H691__00050.257,7.690583843414567,45.358738079999995,H691,_,00050,257
H691__00040.257,7.677696280483164,45.35358606,H691,_,00040,257
H691__00030.257,7.701611434333971,45.359558795,H691,_,00030,257
H691__00010.258,7.685371432581671,45.36258369,H691,_,00010,258
H691__00070.258,7.70328483262073,45.35321422,H691,_,00070,258
H691__00040.258,7.677865349200728,45.35361954,H691,_,00040,258
H691__00030.258,7.701965917075684,45.359351375,H691,_,00030,258
H691__00020.258,7.7011888651512805,45.36590013,H691,_,00020,258
H691__00010.259,7.684294837379642,45.363050965,H691,_,00010,259
H691__00070.259,7.702279743627453,45.35425775,H691,_,00070,259
H691__00060.259,7.686739068440156,45.355064115000005,H691,_,00060,259
H691__00040.259,7.677775428583288,45.352902855,H691,_,00040,259
H691__00030.259,7.702174124729876,45.359519805000005,H691,_,00030,259
H691__00020.259,7.701599185886545,45.3661403,H691,_,00020,259
H691__00010.26,7.683775878449762,45.36831798,H691,_,00010,26
H691__00080.26,7.710629189918092,45.356402635,H691,_,00080,26
H691__00060.26,7.690136999528834,45.35407547,H691,_,00060,26
H691__00050.26,7.688523986418606,45.35957176,H691,_,00050,26
H691__00020.26,7.693591641915976,45.368192289999996,H691,_,00020,26
H691__00010.260,7.6835396978843225,45.362501405,H691,_,00010,260
H691__00070.260,7.703433730429529,45.35393576,H691,_,00070,260
H691__00040.260,7.678003759581809,45.352604235,H691,_,00040,260
H691__00030.260,7.702387889555551,45.359603750000005,H691,_,00030,260
H691__00020.260,7.6940047908705935,45.368228630000004,H691,_,00020,260
H691__00020.261,7.702315970710513,45.365332715,H691,_,00020,261
H691__00070.261,7.703238653434333,45.354581644999996,H691,_,00070,261
H691__00050.261,7.690763828565565,45.358845355,H691,_,00050,261
H691__00040.261,7.678026667445923,45.35359751,H691,_,00040,261
H691__00030.261,7.7025595886482545,45.35959511,H691,_,00030,261
H691__00010.262,7.683432424457324,45.362311375000004,H691,_,00010,262
H691__00070.262,7.705995119224166,45.352650225,H691,_,00070,262
H691__00060.262,7.691395060899797,45.35308562,H691,_,00060,262
H691__00050.262,7.6909817657042,45.358778475,H691,_,00050,262
H691__00030.262,7.703159499209586,45.35987643,H691,_,00030,262
H691__00020.262,7.702472388816053,45.365653415,H691,_,00020,262
H691__00020.263,7.701457429743135,45.36661816,H691,_,00020,263
H691__00070.263,7.702677569161106,45.35433462,H691,_,00070,263
H691__00050.263,7.690851986283553,45.358657949999994,H691,_,00050,263
H691__00040.263,7.678522970185412,45.353765545,H691,_,00040,263
H691__00030.263,7.701950041563599,45.359995655000006,H691,_,00030,263
H691__00020.264,7.701640961488382,45.367058799999995,H691,_,00020,264
H691__00070.264,7.70278703275448,45.354680155,H691,_,00070,264
H691__00060.264,7.691356864089304,45.35319469,H691,_,00060,264
H691__00050.264,7.690585878800787,45.35853222,H691,_,00050,264
H691__00040.264,7.678446463626819,45.352932145,H691,_,00040,264
H691__00030.264,7.701847742412282,45.360124675,H691,_,00030,264
H691__00020.265,7.70096495821238,45.36790411,H691,_,00020,265
H691__00070.265,7.701944015111135,45.354635994999995,H691,_,00070,265
H691__00060.265,7.690829369264089,45.352094055,H691,_,00060,265
H691__00050.265,7.6907276219483975,45.358448405,H691,_,00050,265
H691__00040.265,7.678657637823916,45.353773995,H691,_,00040,265
H691__00030.265,7.702403034758575,45.360245575,H691,_,00030,265
H691__00020.266,7.699318881963499,45.36960976,H691,_,00020,266
H691__00060.266,7.687258817578776,45.35244993,H691,_,00060,266
H691__00040.266,7.678704799427429,45.353435105,H691,_,00040,266
H691__00030.266,7.702548208667401,45.36039264,H691,_,00030,266
H691__00010.267,7.68385441657796,45.361028759999996,H691,_,00010,267
H691__00070.267,7.701373452791664,45.35551091,H691,_,00070,267
H691__00060.267,7.688972847856489,45.355535135,H691,_,00060,267
H691__00050.267,7.690941160933307,45.35861082,H691,_,00050,267
H691__00040.267,7.678810782827046,45.353436215,H691,_,00040,267
H691__00030.267,7.701627981419126,45.360282905,H691,_,00030,267
H691__00020.267,7.703141814451396,45.36641643,H691,_,00020,267
H691__00020.268,7.703148862706572,45.36576714,H691,_,00020,268
H691__00070.268,7.705021418819836,45.355070355,H691,_,00070,268
H691__00060.268,7.688944364566305,45.35538206,H691,_,00060,268
H691__00050.268,7.691028632100322,45.35863401,H691,_,00050,268
H691__00040.268,7.678951507992693,45.353451410000005,H691,_,00040,268
H691__00030.268,7.701710078487406,45.3605376,H691,_,00030,268
H691__00020.269,7.694511602407765,45.369376349999996,H691,_,00020,269
H691__00050.269,7.69103372113997,45.35857383,H691,_,00050,269
H691__00040.269,7.678729071051498,45.352553404999995,H691,_,00040,269
H691__00030.269,7.701332651203543,45.361257484999996,H691,_,00030,269
H691__00010.27,7.684907242038557,45.36854529,H691,_,00010,27
H691__00080.27,7.7103382070324775,45.35605673,H691,_,00080,27
H691__00060.27,7.690011120557051,45.354375184999995,H691,_,00060,27
H691__00040.27,7.685356086189159,45.360168075000004,H691,_,00040,27
H691__00020.27,7.693354335677641,45.368273325,H691,_,00020,27
H691__00010.270,7.684185312178842,45.361267305,H691,_,00010,270
H691__00070.270,7.700976546654859,45.355588080000004,H691,_,00070,270
H691__00050.270,7.691070903843494,45.358702725,H691,_,00050,270
H691__00040.270,7.678550037169381,45.352622915,H691,_,00040,270
H691__00030.270,7.701463055453813,45.36164411,H691,_,00030,270
H691__00020.270,7.695033541570209,45.368646670000004,H691,_,00020,270
H691__00010.271,7.684362099529011,45.361192505,H691,_,00010,271
H691__00070.271,7.70065471395104,45.356291354999996,H691,_,00070,271
H691__00050.271,7.691154348375965,45.35859363,H691,_,00050,271
H691__00040.271,7.678393153927821,45.35253808,H691,_,00040,271
H691__00030.271,7.70153975999111,45.361218205,H691,_,00030,271
H691__00020.271,7.695482040912912,45.368802265,H691,_,00020,271
H691__00010.272,7.684688805320073,45.360862295000004,H691,_,00010,272
H691__00070.272,7.700798634984542,45.356169285,H691,_,00070,272
H691__00060.272,7.688118067417227,45.353385180000004,H691,_,00060,272
H691__00040.272,7.678284816105958,45.352508465,H691,_,00040,272
H691__00030.272,7.70168634586218,45.36152391,H691,_,00030,272
H691__00020.272,7.699012651207973,45.369703009999995,H691,_,00020,272
H691__00010.273,7.684880487955215,45.36084932,H691,_,00010,273
H691__00070.273,7.7009591378410835,45.35608463,H691,_,00070,273
H691__00050.273,7.690934068835459,45.35853686,H691,_,00050,273
H691__00040.273,7.678350138694507,45.35180221,H691,_,00040,273
H691__00030.273,7.702003918574208,45.361893894999994,H691,_,00030,273
H691__00010.274,7.685018705744832,45.360983165,H691,_,00010,274
H691__00070.274,7.701317003444217,45.35611543,H691,_,00070,274
H691__00060.274,7.688171504447795,45.353545605,H691,_,00060,274
H691__00050.274,7.690985467820374,45.35837166,H691,_,00050,274
H691__00040.274,7.678574737547143,45.351835305,H691,_,00040,274
H691__00030.274,7.7017933406204575,45.361398925,H691,_,00030,274
H691__00020.274,7.701196750177768,45.365237675,H691,_,00020,274
H691__00020.275,7.702734843786843,45.36692387,H691,_,00020,275
H691__00070.275,7.7017487988958155,45.356189555,H691,_,00070,275
H691__00040.275,7.6788691361823025,45.352248225,H691,_,00040,275
H691__00030.275,7.70164761704186,45.36108147,H691,_,00030,275
H691__00020.276,7.69730694657831,45.369240250000004,H691,_,00020,276
H691__00070.276,7.702120906297064,45.356130425,H691,_,00070,276
H691__00060.276,7.688204440362734,45.353653095,H691,_,00060,276
H691__00050.276,7.690939616842268,45.358504765000006,H691,_,00050,276
H691__00040.276,7.679099569659828,45.352232810000004,H691,_,00040,276
H691__00030.276,7.7018336274507515,45.36117666,H691,_,00030,276
H691__00020.277,7.697405669679675,45.368959625,H691,_,00020,277
H691__00050.277,7.691149365442018,45.35845138,H691,_,00050,277
H691__00040.277,7.679274907694882,45.353363470000005,H691,_,00040,277
H691__00030.277,7.701954592569988,45.361361470000006,H691,_,00030,277
H691__00020.278,7.69762702186128,45.368620155,H691,_,00020,278
H691__00060.278,7.688228124350756,45.35378082,H691,_,00060,278
H691__00040.278,7.679442900749338,45.353397314999995,H691,_,00040,278
H691__00030.278,7.702492159277551,45.361398585,H691,_,00030,278
H691__00010.279,7.686013469441841,45.368641,H691,_,00010,279
H691__00050.279,7.691289619984101,45.358478325,H691,_,00050,279
H691__00040.279,7.679982294272058,45.353437185000004,H691,_,00040,279
H691__00030.279,7.702223481521804,45.36119071,H691,_,00030,279
H691__00020.279,7.699485642733285,45.36661143,H691,_,00020,279
H691__00010.28,7.6856136772780905,45.368660545,H691,_,00010,28
H691__00080.28,7.7106753367267755,45.356050525,H691,_,00080,28
H691__00060.28,7.689781736057419,45.354195785,H691,_,00060,28
H691__00050.28,7.688618975178171,45.35991281,H691,_,00050,28
H691__00040.28,7.6862232260759304,45.359790685,H691,_,00040,28
H691__00030.28,7.690316399823621,45.359855685,H691,_,00030,28
H691__00020.28,7.6931579132808725,45.36811011,H691,_,00020,28
H691__00010.280,7.685111139905473,45.36211171,H691,_,00010,280
H691__00070.280,7.703062749138361,45.35624957500001,H691,_,00070,280
H691__00060.280,7.688263046868086,45.353862414999995,H691,_,00060,280
H691__00050.280,7.691244980820554,45.358405205,H691,_,00050,280
H691__00040.280,7.679302214660764,45.352210755,H691,_,00040,280
H691__00030.280,7.70202127072603,45.36099303,H691,_,00030,280
H691__00020.280,7.699862895329979,45.366015935,H691,_,00020,280
H691__00010.281,7.685125700106809,45.362478464999995,H691,_,00010,281
H691__00050.281,7.691339043335741,45.358353629999996,H691,_,00050,281
H691__00040.281,7.679496642788585,45.352233995,H691,_,00040,281
H691__00030.281,7.701735463168246,45.360960930000005,H691,_,00030,281
H691__00020.281,7.692924359694061,45.368118839999994,H691,_,00020,281
H691__00010.282,7.6853446731880135,45.36244483,H691,_,00010,282
H691__00050.282,7.691406333527251,45.35841699,H691,_,00050,282
H691__00040.282,7.679718621681979,45.35239121,H691,_,00040,282
H691__00030.282,7.702380691080879,45.360739429999995,H691,_,00030,282
H691__00020.282,7.695661968346155,45.36589651,H691,_,00020,282
H691__00010.283,7.6862088238944075,45.361786595,H691,_,00010,283
H691__00060.283,7.6882701406642475,45.353959270000004,H691,_,00060,283
H691__00050.283,7.691337639563468,45.3585489,H691,_,00050,283
H691__00040.283,7.679943458914372,45.35258625,H691,_,00040,283
H691__00030.283,7.702672527863719,45.36091804,H691,_,00030,283
H691__00020.283,7.695557733881449,45.366344665,H691,_,00020,283
H691__00010.284,7.686661544541307,45.361276419999996,H691,_,00010,284
H691__00050.284,7.6915210581180204,45.358348965000005,H691,_,00050,284
H691__00040.284,7.680202371904121,45.352710720000005,H691,_,00040,284
H691__00030.284,7.702932863378379,45.361118825,H691,_,00030,284
H691__00020.284,7.693239802991277,45.36507493,H691,_,00020,284
H691__00010.285,7.686182254885736,45.3611916,H691,_,00010,285
H691__00070.285,7.703925049589463,45.35658557,H691,_,00070,285
H691__00060.285,7.688189870339515,45.353960765,H691,_,00060,285
H691__00040.285,7.680550578229897,45.352836835000005,H691,_,00040,285
H691__00030.285,7.70306776910829,45.36096533,H691,_,00030,285
H691__00020.285,7.691951352207858,45.364360935,H691,_,00020,285
H691__00010.286,7.685977364351839,45.36112219,H691,_,00010,286
H691__00070.286,7.703574916383099,45.355007185000005,H691,_,00070,286
H691__00060.286,7.691128071104268,45.356009315,H691,_,00060,286
H691__00050.286,7.691364632948536,45.358181875,H691,_,00050,286
H691__00040.286,7.6807885919775165,45.353674895,H691,_,00040,286
H691__00030.286,7.702790056763203,45.360858005,H691,_,00030,286
H691__00020.286,7.692936518367218,45.364235285,H691,_,00020,286
H691__00010.287,7.6858611357375635,45.361105525,H691,_,00010,287
H691__00070.287,7.703831888387056,45.354914905,H691,_,00070,287
H691__00060.287,7.691243828021854,45.35600882,H691,_,00060,287
H691__00050.287,7.691613285315647,45.358200545,H691,_,00050,287
H691__00040.287,7.681355378120979,45.353874794999996,H691,_,00040,287
H691__00030.287,7.7025516049543725,45.36067783,H691,_,00030,287
H691__00020.287,7.697416382261968,45.36451361,H691,_,00020,287
H691__00010.288,7.685266323488799,45.361033840000005,H691,_,00010,288
H691__00070.288,7.703994978579958,45.354797525,H691,_,00070,288
H691__00060.288,7.691362754037895,45.356008015,H691,_,00060,288
H691__00040.288,7.681997147641171,45.353856205,H691,_,00040,288
H691__00030.288,7.7027222596485085,45.36057742,H691,_,00030,288
H691__00020.289,7.698373077294997,45.364048530000005,H691,_,00020,289
H691__00070.289,7.704187993711535,45.354824805,H691,_,00070,289
H691__00060.289,7.691450490561776,45.35600571,H691,_,00060,289
H691__00050.289,7.691574419100055,45.358264145,H691,_,00050,289
H691__00040.289,7.682190330048408,45.35406579,H691,_,00040,289
H691__00030.289,7.702944013704748,45.36068258,H691,_,00030,289
H691__00010.29,7.686185308295849,45.368608269999996,H691,_,00010,29
H691__00080.29,7.710409011508815,45.35556607,H691,_,00080,29
H691__00050.29,7.688541428861704,45.360179634999994,H691,_,00050,29
H691__00040.29,7.6860433293970765,45.35978016,H691,_,00040,29
H691__00020.29,7.692723160230226,45.368118839999994,H691,_,00020,29
H691__00010.290,7.685313682054141,45.360414045,H691,_,00010,290
H691__00040.290,7.682355193951542,45.353922385000004,H691,_,00040,290
H691__00030.290,7.703333188371118,45.360905295,H691,_,00030,290
H691__00020.290,7.697935190789382,45.36972625,H691,_,00020,290
H691__00020.291,7.6996543219451326,45.36687424,H691,_,00020,291
H691__00040.291,7.682521026658722,45.35392865,H691,_,00040,291
H691__00030.291,7.703455927623405,45.360800405,H691,_,00030,291
H691__00010.292,7.6859556585923645,45.360604859999995,H691,_,00010,292
H691__00070.292,7.704524890821576,45.356637015000004,H691,_,00070,292
H691__00040.292,7.682706140009363,45.354092495,H691,_,00040,292
H691__00030.292,7.703049901384632,45.360558885,H691,_,00030,292
H691__00020.292,7.6998435592685635,45.36671525,H691,_,00020,292
H691__00010.293,7.685855119688551,45.36848741,H691,_,00010,293
H691__00070.293,7.704431432907528,45.355559405,H691,_,00070,293
H691__00040.293,7.682931118040723,45.354157055,H691,_,00040,293
H691__00030.293,7.702901891563523,45.360508025,H691,_,00030,293
H691__00020.293,7.699620734381609,45.369041355,H691,_,00020,293
H691__00010.294,7.686458157527454,45.3599869,H691,_,00010,294
H691__00070.294,7.704428847554571,45.35481263,H691,_,00070,294
H691__00040.294,7.683553090675735,45.35414063,H691,_,00040,294
H691__00030.294,7.703166407167737,45.36034109,H691,_,00030,294
H691__00020.294,7.700009838069816,45.36873636999999,H691,_,00020,294
H691__00010.295,7.687019977263055,45.36037881,H691,_,00010,295
H691__00070.295,7.704313401283227,45.35401787,H691,_,00070,295
H691__00030.295,7.703570922116285,45.360126595,H691,_,00030,295
H691__00010.296,7.687301920293477,45.360326855,H691,_,00010,296
H691__00070.296,7.7046989936854935,45.354220895,H691,_,00070,296
H691__00060.296,7.689131434418468,45.355876054999996,H691,_,00060,296
H691__00030.296,7.703134865594295,45.360181235,H691,_,00030,296
H691__00020.296,7.698467439217527,45.363968735,H691,_,00020,296
H691__00020.297,7.693711195691558,45.368961555,H691,_,00020,297
H691__00070.297,7.704555319962194,45.354668669999995,H691,_,00070,297
H691__00060.297,7.68933900215912,45.354290500000005,H691,_,00060,297
H691__00030.297,7.703220270668439,45.35941714,H691,_,00030,297
H691__00010.298,7.688256658738085,45.36973557,H691,_,00010,298
H691__00070.298,7.704886248844916,45.35465365,H691,_,00070,298
H691__00060.298,7.689391221629551,45.35458035,H691,_,00060,298
H691__00030.298,7.703507605996557,45.359490449999996,H691,_,00030,298
H691__00020.298,7.693622821269962,45.369566039999995,H691,_,00020,298
H691__00010.299,7.68723769307627,45.36116801,H691,_,00010,299
H691__00070.299,7.705061150608589,45.354664639999996,H691,_,00070,299
H691__00060.299,7.690141616140766,45.354345124999995,H691,_,00060,299
H691__00030.299,7.703679664187522,45.35996352,H691,_,00030,299
H691__00020.299,7.693967912749841,45.36926159,H691,_,00020,299
H691__00010.3,7.680322086461013,45.36721342,H691,_,00010,3
H691__00080.3,7.708886908245164,45.361379265,H691,_,00080,3
H691__00060.3,7.686009410831127,45.3553407,H691,_,00060,3
H691__00050.3,7.688147100186402,45.36009505,H691,_,00050,3
H691__00040.3,7.680757563620121,45.36091155,H691,_,00040,3
H691__00020.3,7.692705782407058,45.369534834999996,H691,_,00020,3
H691__00010.30,7.686014529083066,45.368886215,H691,_,00010,30
H691__00080.30,7.710669631763913,45.35526273000001,H691,_,00080,30
H691__00070.30,7.69508774346002,45.354519365,H691,_,00070,30
H691__00060.30,7.689978639827327,45.35527537,H691,_,00060,30
H691__00050.30,7.688752033644055,45.359789935,H691,_,00050,30
H691__00040.30,7.685703008970872,45.359933045,H691,_,00040,30
H691__00030.30,7.69152967097077,45.360610805,H691,_,00030,30
H691__00020.30,7.69228458307443,45.367672240000005,H691,_,00020,30
H691__00010.300,7.687867581540665,45.360910905,H691,_,00010,300
H691__00070.300,7.704919576603599,45.353950935,H691,_,00070,300
H691__00030.300,7.703731243818568,45.35986078,H691,_,00030,300
H691__00020.300,7.692818214361209,45.368707385,H691,_,00020,300
H691__00010.301,7.687684787499777,45.361031205,H691,_,00010,301
H691__00070.301,7.705233646140252,45.353134319999995,H691,_,00070,301
H691__00030.301,7.703676893586779,45.359534475000004,H691,_,00030,301
H691__00020.301,7.694237737786825,45.36766438,H691,_,00020,301
H691__00010.302,7.687362594645865,45.36122119,H691,_,00010,302
H691__00070.302,7.704740060415887,45.352102065,H691,_,00070,302
H691__00030.302,7.703772161723327,45.359423539999995,H691,_,00030,302
H691__00020.302,7.693720963239195,45.366475465,H691,_,00020,302
H691__00010.303,7.686953063616537,45.36143698,H691,_,00010,303
H691__00070.303,7.704959302469424,45.352280865,H691,_,00070,303
H691__00060.303,7.691821223673822,45.353547275,H691,_,00060,303
H691__00030.303,7.703810520503876,45.35970528,H691,_,00030,303
H691__00010.304,7.686622311867525,45.36164672,H691,_,00010,304
H691__00070.304,7.705098276294772,45.352373775000004,H691,_,00070,304
H691__00060.304,7.691830461702617,45.353247714999995,H691,_,00060,304
H691__00030.304,7.704059313370561,45.35970322,H691,_,00030,304
H691__00010.305,7.686420025073175,45.36176063,H691,_,00010,305
H691__00070.305,7.705309129740272,45.352464145,H691,_,00070,305
H691__00060.305,7.691972629239704,45.353551995000004,H691,_,00060,305
H691__00030.305,7.703942427824266,45.359272915000005,H691,_,00030,305
H691__00020.305,7.692475196707699,45.366293835,H691,_,00020,305
H691__00010.306,7.686106587100589,45.36193659,H691,_,00010,306
H691__00070.306,7.705468878800691,45.35195712,H691,_,00070,306
H691__00060.306,7.692001758796824,45.35325526,H691,_,00060,306
H691__00050.306,7.6921886539724,45.357982574999994,H691,_,00050,306
H691__00030.306,7.7042052387446684,45.35935372,H691,_,00030,306
H691__00020.306,7.693681924687594,45.36568305,H691,_,00020,306
H691__00010.307,7.685979543198295,45.362025904999996,H691,_,00010,307
H691__00070.307,7.7054953346652155,45.35295206,H691,_,00070,307
H691__00060.307,7.688599073353153,45.35582868,H691,_,00060,307
H691__00050.307,7.6890565819923005,45.35836929,H691,_,00050,307
H691__00030.307,7.704138548947438,45.359175289999996,H691,_,00030,307
H691__00020.307,7.694634069814512,45.366504965000004,H691,_,00020,307
H691__00010.308,7.685875836221434,45.362119385,H691,_,00010,308
H691__00070.308,7.7053861630888765,45.35411837,H691,_,00070,308
H691__00060.308,7.688453091754193,45.35553975,H691,_,00060,308
H691__00030.308,7.7040193657488985,45.35849849,H691,_,00030,308
H691__00020.308,7.691773850429961,45.363586675,H691,_,00020,308
H691__00010.309,7.685733856648216,45.362355795,H691,_,00010,309
H691__00070.309,7.705537093502383,45.35400578,H691,_,00070,309
H691__00060.309,7.687106312518115,45.353734085,H691,_,00060,309
H691__00050.309,7.6881004552605425,45.35912644,H691,_,00050,309
H691__00030.309,7.703821118650369,45.35866009,H691,_,00030,309
H691__00020.309,7.693419570401147,45.363922020000004,H691,_,00020,309
H691__00010.31,7.686657983246301,45.36841561999999,H691,_,00010,31
H691__00080.31,7.710766542394701,45.355445895,H691,_,00080,31
H691__00050.31,7.68882025043612,45.359750840000004,H691,_,00050,31
H691__00040.31,7.685669021323358,45.35991148,H691,_,00040,31
H691__00020.31,7.692519718307604,45.36803704,H691,_,00020,31
H691__00010.310,7.685390832151322,45.362664875,H691,_,00010,310
H691__00070.310,7.705852448359831,45.354047605,H691,_,00070,310
H691__00050.310,7.692321861433957,45.35807569,H691,_,00050,310
H691__00030.310,7.7036367751467,45.358708824999994,H691,_,00030,310
H691__00020.310,7.697826086718425,45.36532056,H691,_,00020,310
H691__00010.311,7.68503756432769,45.362922055,H691,_,00010,311
H691__00070.311,7.705869178268931,45.352606789999996,H691,_,00070,311
H691__00030.311,7.703545506920218,45.358601195,H691,_,00030,311
H691__00020.311,7.6960010420718135,45.365930975,H691,_,00020,311
H691__00010.312,7.684822314216905,45.363052305,H691,_,00010,312
H691__00070.312,7.706147911190845,45.35284197,H691,_,00070,312
H691__00050.312,7.6923424587641795,45.357798810000006,H691,_,00050,312
H691__00030.312,7.703114391552642,45.35823681,H691,_,00030,312
H691__00020.312,7.696316986326485,45.365607245,H691,_,00020,312
H691__00010.313,7.685214391829668,45.36306877,H691,_,00010,313
H691__00070.313,7.706250628289478,45.352574419999996,H691,_,00070,313
H691__00060.313,7.6900279749870855,45.354791,H691,_,00060,313
H691__00050.313,7.692759949313983,45.35753522,H691,_,00050,313
H691__00040.313,7.68394060985478,45.35279661,H691,_,00040,313
H691__00030.313,7.702989663064738,45.35858468,H691,_,00030,313
H691__00020.313,7.695489806856108,45.36677254,H691,_,00020,313
H691__00010.314,7.6857761396323365,45.36307895,H691,_,00010,314
H691__00070.314,7.706091292454998,45.354071655,H691,_,00070,314
H691__00030.314,7.692656667705437,45.36118066,H691,_,00030,314
H691__00010.315,7.685700439695522,45.362635985,H691,_,00010,315
H691__00070.315,7.706154180843663,45.355153605,H691,_,00070,315
H691__00060.315,7.689604328934875,45.355804305,H691,_,00060,315
H691__00030.315,7.702916578330952,45.35878049,H691,_,00030,315
H691__00020.315,7.696073988705825,45.366094735000004,H691,_,00020,315
H691__00010.316,7.685952546611354,45.362596095,H691,_,00010,316
H691__00070.316,7.705835412666297,45.35478783,H691,_,00070,316
H691__00060.316,7.691844218934735,45.352987865,H691,_,00060,316
H691__00030.316,7.702862569594747,45.35899187,H691,_,00030,316
H691__00020.316,7.696873618115726,45.36594216,H691,_,00020,316
H691__00010.317,7.686265542209416,45.3628041,H691,_,00010,317
H691__00070.317,7.705635102602161,45.354796725,H691,_,00070,317
H691__00060.317,7.691844710022133,45.353144119999996,H691,_,00060,317
H691__00050.317,7.691950248979653,45.357243665,H691,_,00050,317
H691__00030.317,7.702248855662145,45.35876569,H691,_,00030,317
H691__00020.317,7.696767270299434,45.36547864,H691,_,00020,317
H691__00010.318,7.686448851140513,45.362975825,H691,_,00010,318
H691__00070.318,7.705432544310826,45.354796725,H691,_,00070,318
H691__00060.318,7.691565356943386,45.35347805,H691,_,00060,318
H691__00040.318,7.682618003126962,45.35152687,H691,_,00040,318
H691__00030.318,7.701907304478803,45.358675155,H691,_,00030,318
H691__00020.318,7.696739239264641,45.366789775,H691,_,00020,318
H691__00010.319,7.686697080571733,45.362896585,H691,_,00010,319
H691__00060.319,7.689311046560391,45.354675650000004,H691,_,00060,319
H691__00050.319,7.69274597616974,45.35772571,H691,_,00050,319
H691__00030.319,7.701564820444286,45.35877336,H691,_,00030,319
H691__00020.319,7.696894231871723,45.366916825000004,H691,_,00020,319
H691__00010.32,7.686361835436337,45.368064665000006,H691,_,00010,32
H691__00080.32,7.710774324741464,45.355839315,H691,_,00080,32
H691__00060.32,7.689316217146901,45.35543768,H691,_,00060,32
H691__00050.32,7.6889131749880395,45.359603525,H691,_,00050,32
H691__00040.32,7.685600231603113,45.35987402,H691,_,00040,32
H691__00030.32,7.691544322833767,45.360420035000004,H691,_,00030,32
H691__00020.32,7.6926438642430925,45.367344175,H691,_,00020,32
H691__00010.320,7.686773480172555,45.36303088,H691,_,00010,320
H691__00060.320,7.6894917758899375,45.35428605,H691,_,00060,320
H691__00050.320,7.6916758518299115,45.35745177,H691,_,00050,320
H691__00030.320,7.701117760307648,45.359490375,H691,_,00030,320
H691__00020.320,7.695081508611764,45.367062135,H691,_,00020,320
H691__00010.321,7.686880278165295,45.36308443,H691,_,00010,321
H691__00060.321,7.689527634258077,45.354495405,H691,_,00060,321
H691__00030.321,7.701235024238406,45.35865554,H691,_,00030,321
H691__00020.321,7.695001200666871,45.36700367,H691,_,00020,321
H691__00010.322,7.686482094865401,45.362580435,H691,_,00010,322
H691__00040.322,7.682296190400059,45.353141685,H691,_,00040,322
H691__00030.322,7.701036309079903,45.358068335,H691,_,00030,322
H691__00020.322,7.6950229615081005,45.36980646,H691,_,00020,322
H691__00010.323,7.686399381629374,45.36248951,H691,_,00010,323
H691__00050.323,7.6916484112900285,45.357664255,H691,_,00050,323
H691__00030.323,7.701524159209436,45.357803385,H691,_,00030,323
H691__00020.323,7.695406188008158,45.36964892,H691,_,00020,323
H691__00010.324,7.686562931411114,45.36248845,H691,_,00010,324
H691__00070.324,7.7060043704818835,45.35582959,H691,_,00070,324
H691__00060.324,7.686434236408224,45.355579500000005,H691,_,00060,324
H691__00050.324,7.691488657926945,45.357422845,H691,_,00050,324
H691__00030.324,7.701277114411371,45.357648475000005,H691,_,00030,324
H691__00020.324,7.701846616058485,45.364903895,H691,_,00020,324
H691__00010.325,7.686753437018861,45.3624801,H691,_,00010,325
H691__00070.325,7.706118463476848,45.3564467,H691,_,00070,325
H691__00040.325,7.681463775533105,45.35316267,H691,_,00040,325
H691__00030.325,7.702045930062172,45.357322985,H691,_,00030,325
H691__00020.325,7.692483705654728,45.367337160000005,H691,_,00020,325
H691__00010.326,7.686675935508438,45.362334555000004,H691,_,00010,326
H691__00070.326,7.706220531450272,45.356298190000004,H691,_,00070,326
H691__00060.326,7.686228190561138,45.355578,H691,_,00060,326
H691__00050.326,7.691324807364713,45.357482525,H691,_,00050,326
H691__00030.326,7.700848023148252,45.357249710000005,H691,_,00030,326
H691__00020.326,7.693084023864767,45.364097385,H691,_,00020,326
H691__00010.327,7.686723049418453,45.362216945,H691,_,00010,327
H691__00070.327,7.706440920264501,45.356444505,H691,_,00070,327
H691__00050.327,7.691265328394073,45.35751167,H691,_,00050,327
H691__00030.327,7.701149705638368,45.357181530000005,H691,_,00030,327
H691__00020.327,7.6974359087331194,45.36341748,H691,_,00020,327
H691__00010.328,7.686863757140371,45.36197568,H691,_,00010,328
H691__00070.328,7.706287296518285,45.355795185000005,H691,_,00070,328
H691__00050.328,7.691195587875425,45.357570115,H691,_,00050,328
H691__00030.328,7.701334987884788,45.357191955000005,H691,_,00030,328
H691__00020.328,7.697930335297459,45.366120705,H691,_,00020,328
H691__00010.329,7.687237108342059,45.36199508,H691,_,00010,329
H691__00070.329,7.706617977324733,45.355913415,H691,_,00070,329
H691__00050.329,7.691083808447212,45.35749219,H691,_,00050,329
H691__00030.329,7.701513524739596,45.357053725,H691,_,00030,329
H691__00020.329,7.698765145722364,45.36921204,H691,_,00020,329
H691__00010.33,7.686226438307342,45.368027749999996,H691,_,00010,33
H691__00080.33,7.711017049344773,45.356361205,H691,_,00080,33
H691__00070.33,7.695478110751112,45.354334105,H691,_,00070,33
H691__00060.33,7.688993448044549,45.355705834999995,H691,_,00060,33
H691__00050.33,7.688848496841885,45.35945907,H691,_,00050,33
H691__00020.33,7.69283230642545,45.367344175,H691,_,00020,33
H691__00010.330,7.687200264232412,45.361421625000006,H691,_,00010,330
H691__00070.330,7.706702090068276,45.35657118,H691,_,00070,330
H691__00040.330,7.681269737549072,45.35310545,H691,_,00040,330
H691__00030.330,7.701716444496734,45.357190915,H691,_,00030,330
H691__00020.330,7.701813913286137,45.36600686,H691,_,00020,330
H691__00010.331,7.687427078007575,45.361421660000005,H691,_,00010,331
H691__00070.331,7.706873758009699,45.35645613,H691,_,00070,331
H691__00060.331,7.6879517073680255,45.35354846,H691,_,00060,331
H691__00040.331,7.681172571718006,45.35326126,H691,_,00040,331
H691__00030.331,7.7020890725888815,45.358016445000004,H691,_,00030,331
H691__00020.331,7.702261175111335,45.36585245,H691,_,00020,331
H691__00010.332,7.687743842514972,45.3613227,H691,_,00010,332
H691__00070.332,7.70696393368287,45.356455170000004,H691,_,00070,332
H691__00060.332,7.6876090873857335,45.353682,H691,_,00060,332
H691__00030.332,7.702452802617206,45.35722671,H691,_,00030,332
H691__00020.332,7.695412043852546,45.366495145,H691,_,00020,332
H691__00010.333,7.687978958717855,45.361408335,H691,_,00010,333
H691__00070.333,7.707096070042072,45.35642782,H691,_,00070,333
H691__00060.333,7.690368767145399,45.354679489999995,H691,_,00060,333
H691__00050.333,7.691362848537228,45.35769549,H691,_,00050,333
H691__00040.333,7.680853326247764,45.352049085000004,H691,_,00040,333
H691__00030.333,7.703281616131257,45.356999125,H691,_,00030,333
H691__00020.333,7.695512923414938,45.365864685000005,H691,_,00020,333
H691__00010.334,7.688121485817881,45.361416305,H691,_,00010,334
H691__00070.334,7.707289770260841,45.356550625,H691,_,00070,334
H691__00060.334,7.690204882501164,45.355226675,H691,_,00060,334
H691__00030.334,7.702943395028591,45.35721982,H691,_,00030,334
H691__00020.334,7.692230850740044,45.364136715,H691,_,00020,334
H691__00010.335,7.688166549967096,45.361492084999995,H691,_,00010,335
H691__00070.335,7.70733599670854,45.355676700000004,H691,_,00070,335
H691__00060.335,7.690314435247033,45.35491764,H691,_,00060,335
H691__00050.335,7.691531227533361,45.357834104999995,H691,_,00050,335
H691__00030.335,7.700623127978027,45.36131813,H691,_,00030,335
H691__00020.335,7.692650020390733,45.3643886,H691,_,00020,335
H691__00010.336,7.688195771548781,45.361543045000005,H691,_,00010,336
H691__00070.336,7.70761571193361,45.35587357,H691,_,00070,336
H691__00060.336,7.690328347233113,45.354814965,H691,_,00060,336
H691__00040.336,7.6800893436170234,45.351858390000004,H691,_,00040,336
H691__00030.336,7.703569190517722,45.35729654,H691,_,00030,336
H691__00020.336,7.692794281144975,45.364235285,H691,_,00020,336
H691__00010.337,7.688309043877206,45.361537885000004,H691,_,00010,337
H691__00070.337,7.707443222178141,45.356636085,H691,_,00070,337
H691__00050.337,7.691233726703672,45.35788546,H691,_,00050,337
H691__00040.337,7.679734343355454,45.351734725,H691,_,00040,337
H691__00030.337,7.7029494234422815,45.357355479999995,H691,_,00030,337
H691__00020.337,7.696389633447319,45.364740095,H691,_,00020,337
H691__00010.338,7.688580776208656,45.36156799,H691,_,00010,338
H691__00070.338,7.707591186785535,45.356399005,H691,_,00070,338
H691__00050.338,7.691308165184054,45.357864285,H691,_,00050,338
H691__00030.338,7.702285715448129,45.358001959999996,H691,_,00030,338
H691__00020.338,7.696715325302195,45.36342287,H691,_,00020,338
H691__00010.339,7.687359181256122,45.36261014,H691,_,00010,339
H691__00070.339,7.707508742780794,45.35680952,H691,_,00070,339
H691__00060.339,7.68973060698201,45.35446391,H691,_,00060,339
H691__00050.339,7.6914026726820826,45.35796193,H691,_,00050,339
H691__00030.339,7.703143554250794,45.357526225,H691,_,00030,339
H691__00020.339,7.696668150238457,45.364218269999995,H691,_,00020,339
H691__00010.34,7.686027043208746,45.3679956,H691,_,00010,34
H691__00080.34,7.7112065392876925,45.35681755,H691,_,00080,34
H691__00060.34,7.688920902585773,45.355265904999996,H691,_,00060,34
H691__00020.34,7.6930557421494745,45.36739207,H691,_,00020,34
H691__00010.340,7.687180872393158,45.363235615,H691,_,00010,340
H691__00070.340,7.707659422980111,45.356712305,H691,_,00070,340
H691__00030.340,7.703168079731455,45.357717465,H691,_,00030,340
H691__00020.340,7.695590852807413,45.3670504,H691,_,00020,340
H691__00020.341,7.695656100587902,45.367936650000004,H691,_,00020,341
H691__00070.341,7.707652886707859,45.356589925,H691,_,00070,341
H691__00050.341,7.691139002334837,45.357940595,H691,_,00050,341
H691__00030.341,7.703242079720968,45.358066539999996,H691,_,00030,341
H691__00010.342,7.687621276723507,45.36260371,H691,_,00010,342
H691__00070.342,7.707727380681499,45.356410815000004,H691,_,00070,342
H691__00050.342,7.69131967763389,45.357783,H691,_,00050,342
H691__00030.342,7.704508379993882,45.35868115,H691,_,00030,342
H691__00010.343,7.687849338637065,45.36235861,H691,_,00010,343
H691__00070.343,7.707832272435873,45.3563874,H691,_,00070,343
H691__00030.343,7.704603008420467,45.359004225,H691,_,00030,343
H691__00020.343,7.700374540179854,45.367139885,H691,_,00020,343
H691__00010.344,7.688611137777024,45.36172085,H691,_,00010,344
H691__00070.344,7.707757082030078,45.356651819999996,H691,_,00070,344
H691__00060.344,7.691368447713949,45.35388921,H691,_,00060,344
H691__00030.344,7.7047046725500845,45.358841999999996,H691,_,00030,344
H691__00020.344,7.702106001395492,45.36640768,H691,_,00020,344
H691__00010.345,7.688702513173906,45.361786115,H691,_,00010,345
H691__00070.345,7.707832305240345,45.35661889,H691,_,00070,345
H691__00060.345,7.691270250069018,45.354122445,H691,_,00060,345
H691__00030.345,7.704710732825093,45.358542175,H691,_,00030,345
H691__00020.345,7.7027609588730765,45.366170785,H691,_,00020,345
H691__00010.346,7.687372360726174,45.363128315,H691,_,00010,346
H691__00070.346,7.707895955220396,45.356382475000004,H691,_,00070,346
H691__00060.346,7.691412501471341,45.354093975,H691,_,00060,346
H691__00030.346,7.704889171564001,45.358412445,H691,_,00030,346
H691__00020.346,7.702187637999286,45.36688211,H691,_,00020,346
H691__00010.347,7.687878488825189,45.362814549999996,H691,_,00010,347
H691__00070.347,7.707982125497907,45.35658178,H691,_,00070,347
H691__00060.347,7.686619795276613,45.354409305000004,H691,_,00060,347
H691__00050.347,7.690924746281674,45.357842180000006,H691,_,00050,347
H691__00030.347,7.704820661910502,45.358855925,H691,_,00030,347
H691__00020.347,7.702694342275146,45.366552170000006,H691,_,00020,347
H691__00010.348,7.688026364564658,45.362857469999994,H691,_,00010,348
H691__00070.348,7.708022728941362,45.35637599499999,H691,_,00070,348
H691__00030.348,7.704997385849751,45.358768749999996,H691,_,00030,348
H691__00020.348,7.699414083198111,45.369316895,H691,_,00020,348
H691__00010.349,7.68814040775754,45.36307861,H691,_,00010,349
H691__00070.349,7.708097480245549,45.35590521,H691,_,00070,349
H691__00030.349,7.704967442348176,45.358669325,H691,_,00030,349
H691__00020.349,7.6929005793104785,45.36630142,H691,_,00020,349
H691__00010.35,7.685662348786613,45.36794071,H691,_,00010,35
H691__00080.35,7.711263360479498,45.35634972,H691,_,00080,35
H691__00060.35,7.689141528999791,45.355412715,H691,_,00060,35
H691__00040.35,7.686004325791356,45.35829345,H691,_,00040,35
H691__00030.35,7.691729331988864,45.360119575,H691,_,00030,35
H691__00020.35,7.693265653238209,45.367394544999996,H691,_,00020,35
H691__00010.350,7.688502378010121,45.36304957,H691,_,00010,350
H691__00070.350,7.708252530560291,45.355928995,H691,_,00070,350
H691__00060.350,7.686198999234962,45.356521615000005,H691,_,00060,350
H691__00030.350,7.705142359805345,45.35847584,H691,_,00030,350
H691__00020.350,7.695908320520996,45.365930975,H691,_,00020,350
H691__00010.351,7.688747958716616,45.363391745,H691,_,00010,351
H691__00070.351,7.70821334939847,45.356636275,H691,_,00070,351
H691__00030.351,7.7055476174820985,45.358444004999996,H691,_,00030,351
H691__00020.351,7.696013865899685,45.365638265,H691,_,00020,351
H691__00010.352,7.6889022965126514,45.36254076,H691,_,00010,352
H691__00070.352,7.708497516178085,45.356121195,H691,_,00070,352
H691__00060.352,7.68957069984724,45.354826625,H691,_,00060,352
H691__00020.352,7.6956069967892375,45.366403430000005,H691,_,00020,352
H691__00010.353,7.689202202746892,45.36252619,H691,_,00010,353
H691__00070.353,7.708621149448996,45.356113795,H691,_,00070,353
H691__00060.353,7.6896272110663215,45.354823505,H691,_,00060,353
H691__00030.353,7.7057839146378955,45.35824791,H691,_,00030,353
H691__00020.353,7.695779879133516,45.366484825,H691,_,00020,353
H691__00010.354,7.688716019851641,45.362126274999994,H691,_,00010,354
H691__00070.354,7.709046364382951,45.356218334999994,H691,_,00070,354
H691__00040.354,7.681971702181818,45.35072049,H691,_,00040,354
H691__00030.354,7.705928348959821,45.358127960000004,H691,_,00030,354
H691__00020.354,7.695078758164753,45.367785645,H691,_,00020,354
H691__00010.355,7.688852019096588,45.362164719999996,H691,_,00010,355
H691__00070.355,7.709289764265487,45.356065064999996,H691,_,00070,355
H691__00050.355,7.691030868679308,45.358137915,H691,_,00050,355
H691__00040.355,7.681651219521256,45.34969475,H691,_,00040,355
H691__00030.355,7.705123609705623,45.35811958,H691,_,00030,355
H691__00020.355,7.6950167340730475,45.367594675,H691,_,00020,355
H691__00010.356,7.689129590904931,45.361886635,H691,_,00010,356
H691__00070.356,7.709315656188371,45.355661895,H691,_,00070,356
H691__00040.356,7.681551816784783,45.349786385,H691,_,00040,356
H691__00030.356,7.704240826754898,45.35849849,H691,_,00030,356
H691__00020.356,7.702759704007084,45.365569015,H691,_,00020,356
H691__00010.357,7.689131242487219,45.36203863,H691,_,00010,357
H691__00070.357,7.709386998148593,45.35565066,H691,_,00070,357
H691__00040.357,7.6814753282060355,45.34984024,H691,_,00040,357
H691__00030.357,7.703557286470514,45.35787578,H691,_,00030,357
H691__00020.357,7.701996839686446,45.36593868,H691,_,00020,357
H691__00010.358,7.689312525267002,45.36209978,H691,_,00010,358
H691__00070.358,7.709374614408304,45.356006484999995,H691,_,00070,358
H691__00060.358,7.691778111131763,45.35500328,H691,_,00060,358
H691__00040.358,7.681361897785262,45.349636305000004,H691,_,00040,358
H691__00030.358,7.704061468753187,45.35768682,H691,_,00030,358
H691__00020.358,7.7006179656210705,45.365632465000004,H691,_,00020,358
H691__00020.359,7.7007002091316465,45.365392619999994,H691,_,00020,359
H691__00070.359,7.709478685340338,45.355978,H691,_,00070,359
H691__00060.359,7.685777997712805,45.354510405,H691,_,00060,359
H691__00040.359,7.6812969538213824,45.349703295,H691,_,00040,359
H691__00030.359,7.70405555151047,45.357496415,H691,_,00030,359
H691__00010.36,7.685323483763962,45.367921795,H691,_,00010,36
H691__00080.36,7.7120471841834295,45.35609207,H691,_,00080,36
H691__00060.36,7.688778071628939,45.35433708,H691,_,00060,36
H691__00030.36,7.69188398953979,45.359899639999995,H691,_,00030,36
H691__00020.36,7.693406592305426,45.367278485,H691,_,00020,36
H691__00010.360,7.6903273313869995,45.362074655,H691,_,00010,360
H691__00070.360,7.709488449844803,45.355610325,H691,_,00070,360
H691__00060.360,7.686004031833361,45.354156595000006,H691,_,00060,360
H691__00050.360,7.688057254301519,45.359164985,H691,_,00050,360
H691__00040.360,7.681224071236986,45.34977451,H691,_,00040,360
H691__00030.360,7.704610850340409,45.357669595000004,H691,_,00030,360
H691__00020.360,7.699122634776875,45.363841140000005,H691,_,00020,360
H691__00010.361,7.688450424724831,45.36969829,H691,_,00010,361
H691__00070.361,7.70967730573429,45.35556762,H691,_,00070,361
H691__00060.361,7.685647290751219,45.354348110000004,H691,_,00060,361
H691__00040.361,7.681086696387477,45.349813795,H691,_,00040,361
H691__00030.361,7.704254041904413,45.357237185,H691,_,00030,361
H691__00020.361,7.70216332800916,45.364769845,H691,_,00020,361
H691__00010.362,7.6904203543531535,45.36221137,H691,_,00010,362
H691__00070.362,7.70965570561445,45.355875585,H691,_,00070,362
H691__00050.362,7.68912956214338,45.35777204,H691,_,00050,362
H691__00040.362,7.680904373002713,45.349892655,H691,_,00040,362
H691__00030.362,7.704252139106785,45.356925575000005,H691,_,00030,362
H691__00020.362,7.702514925962449,45.364585055000006,H691,_,00020,362
H691__00010.363,7.690969460207086,45.362321539999996,H691,_,00010,363
H691__00070.363,7.709908283680276,45.35573569,H691,_,00070,363
H691__00060.363,7.6854966541539,45.354240704999995,H691,_,00060,363
H691__00040.363,7.680633373521327,45.349936095000004,H691,_,00040,363
H691__00030.363,7.704838951367544,45.35726383,H691,_,00030,363
H691__00020.363,7.702768547572102,45.364395245,H691,_,00020,363
H691__00010.364,7.690632026181758,45.36238488,H691,_,00010,364
H691__00070.364,7.709940720840409,45.355228565000004,H691,_,00070,364
H691__00040.364,7.680472957559498,45.349846725,H691,_,00040,364
H691__00030.364,7.704861784758892,45.357624355,H691,_,00030,364
H691__00010.365,7.690280541451458,45.362434930000006,H691,_,00010,365
H691__00070.365,7.710144232316093,45.35517110000001,H691,_,00070,365
H691__00060.365,7.686415856432642,45.356457235,H691,_,00060,365
H691__00040.365,7.680330472938125,45.35001033,H691,_,00040,365
H691__00030.365,7.705065335871622,45.357724125000004,H691,_,00030,365
H691__00020.365,7.695367840260779,45.363584880000005,H691,_,00020,365
H691__00010.366,7.6902051102171,45.36256127,H691,_,00010,366
H691__00070.366,7.710090117685224,45.35562623,H691,_,00070,366
H691__00060.366,7.691377468523342,45.35335175,H691,_,00060,366
H691__00050.366,7.690772439252144,45.35786894,H691,_,00050,366
H691__00040.366,7.680145484130392,45.34993195,H691,_,00040,366
H691__00030.366,7.705274998539598,45.357724125000004,H691,_,00030,366
H691__00020.366,7.695513992213849,45.36358998,H691,_,00020,366
H691__00010.367,7.689867680362205,45.362764354999996,H691,_,00010,367
H691__00070.367,7.710423493180648,45.35523264,H691,_,00070,367
H691__00060.367,7.691687298215529,45.353835739999994,H691,_,00060,367
H691__00040.367,7.680073776225925,45.350302145,H691,_,00040,367
H691__00030.367,7.705486281165227,45.357625760000005,H691,_,00030,367
H691__00020.367,7.6934570432246,45.369207325000005,H691,_,00020,367
H691__00010.368,7.688945951820214,45.363792720000006,H691,_,00010,368
H691__00070.368,7.7103733922377025,45.354925225,H691,_,00070,368
H691__00060.368,7.686360343416643,45.35609656,H691,_,00060,368
H691__00040.368,7.679684108098282,45.34950388,H691,_,00040,368
H691__00030.368,7.705327707944016,45.357255605000006,H691,_,00030,368
H691__00020.368,7.693774740468667,45.369459385,H691,_,00020,368
H691__00010.369,7.687428060432078,45.365089005,H691,_,00010,369
H691__00070.369,7.710380667485039,45.35396987,H691,_,00070,369
H691__00060.369,7.6917801801835175,45.355146225,H691,_,00060,369
H691__00040.369,7.679895082623403,45.350331534999995,H691,_,00040,369
H691__00030.369,7.705694348661799,45.35725345,H691,_,00030,369
H691__00020.369,7.6958602115520245,45.36553782,H691,_,00020,369
H691__00010.37,7.684789646567485,45.367943095,H691,_,00010,37
H691__00080.37,7.712413542665727,45.35595073,H691,_,00080,37
H691__00050.37,7.688682067200482,45.359467265,H691,_,00050,37
H691__00040.37,7.6852589583066315,45.358007425,H691,_,00040,37
H691__00020.37,7.693507890689936,45.367350470000005,H691,_,00020,37
H691__00010.370,7.687525168658551,45.365756265,H691,_,00010,370
H691__00070.370,7.710358702130744,45.353573035,H691,_,00070,370
H691__00050.370,7.690565833719505,45.357761665,H691,_,00050,370
H691__00040.370,7.679703997339869,45.350379085,H691,_,00040,370
H691__00030.370,7.705803437128487,45.35753548,H691,_,00030,370
H691__00020.370,7.696126196309833,45.3656864,H691,_,00020,370
H691__00010.371,7.687885931158775,45.36573575,H691,_,00010,371
H691__00070.371,7.710538222622996,45.3535458,H691,_,00070,371
H691__00050.371,7.690425803465468,45.357865035,H691,_,00050,371
H691__00040.371,7.679427034377208,45.350013965,H691,_,00040,371
H691__00030.371,7.706129736895111,45.357639005,H691,_,00030,371
H691__00020.371,7.69586823672078,45.365912755,H691,_,00020,371
H691__00010.372,7.688011493100605,45.36682395,H691,_,00010,372
H691__00070.372,7.710570123226605,45.35404301,H691,_,00070,372
H691__00050.372,7.690246041111109,45.35794454,H691,_,00050,372
H691__00040.372,7.6792890214987235,45.349418135,H691,_,00040,372
H691__00030.372,7.706166144243958,45.357796054999994,H691,_,00030,372
H691__00020.372,7.696144479920539,45.36658908,H691,_,00020,372
H691__00010.373,7.688323346774806,45.36680819,H691,_,00010,373
H691__00070.373,7.710595317147871,45.354461755,H691,_,00070,373
H691__00040.373,7.679254837474161,45.35004938,H691,_,00040,373
H691__00030.373,7.706216449848087,45.35793656,H691,_,00030,373
H691__00020.373,7.696435192531164,45.366254909999995,H691,_,00020,373
H691__00010.374,7.6884280505374205,45.36591022,H691,_,00010,374
H691__00070.374,7.710587252246514,45.35470994,H691,_,00070,374
H691__00060.374,7.690859624687178,45.35578762,H691,_,00060,374
H691__00040.374,7.679009447444564,45.350130115,H691,_,00040,374
H691__00030.374,7.706389514219216,45.357768995,H691,_,00030,374
H691__00020.374,7.697689143343375,45.37030498,H691,_,00020,374
H691__00010.375,7.6884970789247715,45.36590707,H691,_,00010,375
H691__00070.375,7.710596221148396,45.354961825000004,H691,_,00070,375
H691__00050.375,7.6894005377965,45.357719329999995,H691,_,00050,375
H691__00040.375,7.678884125159124,45.34958177,H691,_,00040,375
H691__00030.375,7.706303617118078,45.357703439999995,H691,_,00030,375
H691__00020.375,7.697225283871729,45.37016901,H691,_,00020,375
H691__00010.376,7.6886478766807915,45.366333075,H691,_,00010,376
H691__00070.376,7.707268433831475,45.356900105,H691,_,00070,376
H691__00060.376,7.69100487581502,45.35452222,H691,_,00060,376
H691__00040.376,7.678505393236964,45.348254615,H691,_,00040,376
H691__00030.376,7.7063028858330025,45.35734827,H691,_,00030,376
H691__00020.376,7.697917786577909,45.363740435,H691,_,00020,376
H691__00010.377,7.68871618440429,45.365683665,H691,_,00010,377
H691__00070.377,7.708440341287414,45.35639583,H691,_,00070,377
H691__00050.377,7.690399724928021,45.358126255,H691,_,00050,377
H691__00040.377,7.676856967603538,45.346952445,H691,_,00040,377
H691__00030.377,7.706444483511531,45.35755096,H691,_,00030,377
H691__00020.377,7.697894934049261,45.363551795,H691,_,00020,377
H691__00010.378,7.68924352558451,45.36631148,H691,_,00010,378
H691__00070.378,7.710739155996535,45.354568965,H691,_,00070,378
H691__00050.378,7.689438176505751,45.357751535000006,H691,_,00050,378
H691__00040.378,7.677115851332733,45.34702402,H691,_,00040,378
H691__00030.378,7.706471352968231,45.35713933,H691,_,00030,378
H691__00020.378,7.698029475230144,45.363340475,H691,_,00020,378
H691__00010.379,7.689415388876335,45.367429015,H691,_,00010,379
H691__00070.379,7.710728944724803,45.3548871,H691,_,00070,379
H691__00050.379,7.690432109008444,45.35803337,H691,_,00050,379
H691__00040.379,7.677360432132164,45.34732807,H691,_,00040,379
H691__00030.379,7.70668008916096,45.357156669999995,H691,_,00030,379
H691__00020.379,7.698059594228434,45.36354007,H691,_,00020,379
H691__00010.38,7.684798166379709,45.366923854999996,H691,_,00010,38
H691__00080.38,7.712122140233214,45.355581134999994,H691,_,00080,38
H691__00060.38,7.6894386435749205,45.35467227,H691,_,00060,38
H691__00050.38,7.688549816323916,45.359546825,H691,_,00050,38
H691__00040.38,7.685582701582192,45.358079675,H691,_,00040,38
H691__00020.38,7.693645169965613,45.367350470000005,H691,_,00020,38
H691__00010.380,7.689445669461698,45.366656195000004,H691,_,00010,380
H691__00070.380,7.710949771259217,45.35442374,H691,_,00070,380
H691__00040.380,7.677608467074821,45.347370335,H691,_,00040,380
H691__00030.380,7.70694559755127,45.3570333,H691,_,00030,380
H691__00020.380,7.698128083519143,45.36397877,H691,_,00020,380
H691__00010.381,7.68987416087092,45.367902584999996,H691,_,00010,381
H691__00070.381,7.710777978396095,45.354453465,H691,_,00070,381
H691__00060.381,7.690944826193775,45.353932134999994,H691,_,00060,381
H691__00040.381,7.677710541574948,45.347436705,H691,_,00040,381
H691__00030.381,7.70685419138001,45.3570333,H691,_,00030,381
H691__00020.381,7.698513328513056,45.363277145,H691,_,00020,381
H691__00010.382,7.689683096536461,45.367546950000005,H691,_,00010,382
H691__00070.382,7.710830373977,45.354227595,H691,_,00070,382
H691__00060.382,7.690654438725821,45.354652745,H691,_,00060,382
H691__00040.382,7.677849617758969,45.3474054,H691,_,00040,382
H691__00030.382,7.706850740173856,45.35721968,H691,_,00030,382
H691__00020.382,7.698573984127508,45.36334342000001,H691,_,00020,382
H691__00010.383,7.683660854751716,45.365085820000004,H691,_,00010,383
H691__00070.383,7.711039300866615,45.354233214999994,H691,_,00070,383
H691__00040.383,7.6781275675543,45.34746751,H691,_,00040,383
H691__00030.383,7.70684421152059,45.357517375,H691,_,00030,383
H691__00020.383,7.698636346456567,45.363526035,H691,_,00020,383
H691__00010.384,7.689626864115432,45.36842406,H691,_,00010,384
H691__00070.384,7.710864817272229,45.354043635,H691,_,00070,384
H691__00050.384,7.69077392530121,45.35808847,H691,_,00050,384
H691__00040.384,7.678396136064702,45.347551870000004,H691,_,00040,384
H691__00030.384,7.70669198518992,45.357354915,H691,_,00030,384
H691__00020.384,7.69823254820179,45.363328875,H691,_,00020,384
H691__00010.385,7.686840382579302,45.363546465,H691,_,00010,385
H691__00070.385,7.711118260338116,45.35400059,H691,_,00070,385
H691__00050.385,7.689516226048855,45.35781411000001,H691,_,00050,385
H691__00040.385,7.6785189062074455,45.347572825,H691,_,00040,385
H691__00030.385,7.706628252946349,45.35764716,H691,_,00030,385
H691__00020.385,7.698254739961654,45.363503035,H691,_,00020,385
H691__00010.386,7.689346416849761,45.367617375,H691,_,00010,386
H691__00070.386,7.71110143204289,45.353863860000004,H691,_,00070,386
H691__00040.386,7.678779305363336,45.34760398,H691,_,00040,386
H691__00020.386,7.6982915495486015,45.363783325,H691,_,00020,386
H691__00010.387,7.688701322711864,45.367536044999994,H691,_,00010,387
H691__00070.387,7.710827376460955,45.35384594,H691,_,00070,387
H691__00060.387,7.6908356488887355,45.353985545,H691,_,00060,387
H691__00050.387,7.690746883939134,45.358215009999995,H691,_,00050,387
H691__00040.387,7.678872452356369,45.34845774,H691,_,00040,387
H691__00030.387,7.690529273572229,45.36157937,H691,_,00030,387
H691__00020.387,7.6983696162623625,45.36329157,H691,_,00020,387
H691__00010.388,7.688442596631369,45.367533925000004,H691,_,00010,388
H691__00070.388,7.71008414234892,45.353856570000005,H691,_,00070,388
H691__00040.388,7.678917436748422,45.34840506,H691,_,00040,388
H691__00030.388,7.705411002754412,45.35862383,H691,_,00030,388
H691__00020.388,7.698389968444035,45.36345265,H691,_,00020,388
H691__00010.389,7.688136379983357,45.36741476,H691,_,00010,389
H691__00070.389,7.710155721752454,45.35464575,H691,_,00070,389
H691__00060.389,7.690298630068739,45.3543364,H691,_,00060,389
H691__00040.389,7.679009024191853,45.348482935,H691,_,00040,389
H691__00030.389,7.705173826437687,45.358800985,H691,_,00030,389
H691__00020.389,7.6984253625566295,45.363726445,H691,_,00020,389
H691__00010.39,7.685115748302334,45.3671419,H691,_,00010,39
H691__00080.39,7.711691314913519,45.35524158,H691,_,00080,39
H691__00070.39,7.692668080434823,45.354088225,H691,_,00070,39
H691__00060.39,7.68932522989195,45.35478069,H691,_,00060,39
H691__00040.39,7.685867681484696,45.35811562,H691,_,00040,39
H691__00030.39,7.691671239727661,45.359288025,H691,_,00030,39
H691__00020.39,7.693832813293255,45.36737169,H691,_,00020,39
H691__00010.390,7.687916715310347,45.367477304999994,H691,_,00010,390
H691__00070.390,7.7099534668450405,45.354781855,H691,_,00070,390
H691__00040.390,7.679132472345501,45.348662520000005,H691,_,00040,390
H691__00030.390,7.7055306281188845,45.358940435,H691,_,00030,390
H691__00020.390,7.6938404323603535,45.366423825,H691,_,00020,390
H691__00010.391,7.688014679818492,45.368218625,H691,_,00010,391
H691__00070.391,7.709763564191905,45.3545713,H691,_,00070,391
H691__00050.391,7.690492270726079,45.35829099,H691,_,00050,391
H691__00040.391,7.679272487981091,45.348658865000004,H691,_,00040,391
H691__00030.391,7.705374390029018,45.3591438,H691,_,00030,391
H691__00010.392,7.688193310467469,45.368210594999994,H691,_,00010,392
H691__00070.392,7.709422525871266,45.354311949999996,H691,_,00070,392
H691__00040.392,7.679435616140239,45.348654665,H691,_,00040,392
H691__00030.392,7.70539890789719,45.35961444,H691,_,00030,392
H691__00020.392,7.693802809846954,45.36651277,H691,_,00020,392
H691__00010.393,7.6883218045931665,45.368209545,H691,_,00010,393
H691__00070.393,7.709563787577048,45.354913975,H691,_,00070,393
H691__00050.393,7.690443807028037,45.358222185,H691,_,00050,393
H691__00040.393,7.679505502346461,45.348433185000005,H691,_,00040,393
H691__00030.393,7.7050920664540765,45.359786815,H691,_,00030,393
H691__00010.394,7.688465955025918,45.368204165,H691,_,00010,394
H691__00070.394,7.7095687065009395,45.354513964999995,H691,_,00070,394
H691__00040.394,7.679679799598851,45.34865444,H691,_,00040,394
H691__00030.394,7.705010787864061,45.35945927,H691,_,00030,394
H691__00020.394,7.693917704370332,45.366527035000004,H691,_,00020,394
H691__00010.395,7.688690025680874,45.367992435000005,H691,_,00010,395
H691__00070.395,7.708939387512287,45.354897455,H691,_,00070,395
H691__00050.395,7.690284024612047,45.358173645,H691,_,00050,395
H691__00040.395,7.679437162486332,45.347782225,H691,_,00040,395
H691__00030.395,7.704316458814839,45.360715065,H691,_,00030,395
H691__00010.396,7.688991299921842,45.36781254,H691,_,00010,396
H691__00070.396,7.709109866590979,45.355702629999996,H691,_,00070,396
H691__00050.396,7.6904250459652435,45.358270610000005,H691,_,00050,396
H691__00040.396,7.679816660203649,45.34865444,H691,_,00040,396
H691__00030.396,7.704732104499654,45.361121835,H691,_,00030,396
H691__00010.397,7.689511846122431,45.36893547,H691,_,00010,397
H691__00070.397,7.708974057467644,45.355477414999996,H691,_,00070,397
H691__00060.397,7.690940910946255,45.35455149,H691,_,00060,397
H691__00050.397,7.6903486169664035,45.358368805,H691,_,00050,397
H691__00040.397,7.679944165629168,45.348511040000005,H691,_,00040,397
H691__00030.397,7.703626039218776,45.36192706,H691,_,00030,397
H691__00010.398,7.689189931689045,45.368940280000004,H691,_,00010,398
H691__00070.398,7.708753419005191,45.355466585,H691,_,00070,398
H691__00060.398,7.690867113403467,45.355049915,H691,_,00060,398
H691__00050.398,7.690572260225741,45.35837182,H691,_,00050,398
H691__00040.398,7.68008993968059,45.348317455,H691,_,00040,398
H691__00010.399,7.688868334701539,45.36900782,H691,_,00010,399
H691__00070.399,7.70852064958965,45.355523355,H691,_,00070,399
H691__00060.399,7.69080425866421,45.35419065,H691,_,00060,399
H691__00050.399,7.6904513565939565,45.358377865,H691,_,00050,399
H691__00040.399,7.680348236893822,45.34864254,H691,_,00040,399
H691__00010.4,7.680801045556006,45.36730835,H691,_,00010,4
H691__00050.4,7.687164847959195,45.359103114999996,H691,_,00050,4
H691__00040.4,7.679852544187723,45.36050263,H691,_,00040,4
H691__00020.4,7.692198953796673,45.36925669,H691,_,00020,4
H691__00010.40,7.685285019545843,45.367357255,H691,_,00010,40
H691__00080.40,7.7116804378924435,45.355533635,H691,_,00080,40
H691__00070.40,7.692505457517404,45.353918379999996,H691,_,00070,40
H691__00040.40,7.6863824214917,45.357511255,H691,_,00040,40
H691__00030.40,7.6916710447025824,45.35894019,H691,_,00030,40
H691__00020.40,7.693920267884243,45.36780985,H691,_,00020,40
H691__00010.400,7.68876936650968,45.369029895,H691,_,00010,400
H691__00070.400,7.708178215631937,45.35528961,H691,_,00070,400
H691__00060.400,7.691028494021005,45.354411595,H691,_,00060,400
H691__00050.400,7.690378874917473,45.358299814999995,H691,_,00050,400
H691__00040.400,7.680491004384452,45.34857981,H691,_,00040,400
H691__00030.400,7.702652382779535,45.362798585,H691,_,00030,400
H691__00010.401,7.688632896464196,45.36899131,H691,_,00010,401
H691__00070.401,7.707716130655346,45.355078865,H691,_,00070,401
H691__00060.401,7.691089307218171,45.353901074999996,H691,_,00060,401
H691__00050.401,7.690329802398084,45.35831199,H691,_,00050,401
H691__00040.401,7.68061187864483,45.348494939999995,H691,_,00040,401
H691__00010.402,7.688489539492287,45.36899362,H691,_,00010,402
H691__00070.402,7.707103096145724,45.355058135,H691,_,00070,402
H691__00060.402,7.69099991661974,45.354099254999994,H691,_,00060,402
H691__00050.402,7.690305840881727,45.358356105,H691,_,00050,402
H691__00040.402,7.680755730934081,45.348364794999995,H691,_,00040,402
H691__00010.403,7.688624279198413,45.36969967,H691,_,00010,403
H691__00070.403,7.707116609716887,45.354171485,H691,_,00070,403
H691__00060.403,7.690886943707934,45.354843635,H691,_,00060,403
H691__00050.403,7.690272846610897,45.35833287,H691,_,00050,403
H691__00040.403,7.681022619391138,45.348573625,H691,_,00040,403
H691__00010.404,7.6892582418912205,45.369672745,H691,_,00010,404
H691__00070.404,7.7068600005967225,45.354983025,H691,_,00070,404
H691__00060.404,7.690478865354052,45.354388825,H691,_,00060,404
H691__00050.404,7.690195020609387,45.358284049999995,H691,_,00050,404
H691__00040.404,7.6812736695715245,45.34859295,H691,_,00040,404
H691__00010.405,7.689763880490316,45.36960564,H691,_,00010,405
H691__00070.405,7.70658661407941,45.354953065000004,H691,_,00070,405
H691__00060.405,7.690752575719303,45.35441615,H691,_,00060,405
H691__00050.405,7.690240502967706,45.35825936,H691,_,00050,405
H691__00040.405,7.681439381915029,45.348628605,H691,_,00040,405
H691__00010.406,7.689868438218376,45.369201419999996,H691,_,00010,406
H691__00070.406,7.706324017208857,45.354482825000005,H691,_,00070,406
H691__00060.406,7.69050083945733,45.35413301,H691,_,00060,406
H691__00050.406,7.6903375856255645,45.358256215,H691,_,00050,406
H691__00040.406,7.681600704068755,45.34866152,H691,_,00040,406
H691__00010.407,7.690219822687039,45.369121855,H691,_,00010,407
H691__00070.407,7.706530435358878,45.354486445,H691,_,00070,407
H691__00060.407,7.690558614974576,45.35413003,H691,_,00060,407
H691__00050.407,7.690178854306986,45.358214895,H691,_,00050,407
H691__00040.407,7.681711305896558,45.348641485,H691,_,00040,407
H691__00010.408,7.690288425859426,45.369331715,H691,_,00010,408
H691__00070.408,7.70677738189304,45.354489465,H691,_,00070,408
H691__00060.408,7.690651571535769,45.35412552,H691,_,00060,408
H691__00040.408,7.681837874412523,45.348701739999996,H691,_,00040,408
H691__00010.409,7.690581226528448,45.369391085000004,H691,_,00010,409
H691__00070.409,7.706973724453761,45.354498715000005,H691,_,00070,409
H691__00060.409,7.690711659892842,45.354123245,H691,_,00060,409
H691__00050.409,7.689974134481398,45.358072410000005,H691,_,00050,409
H691__00040.409,7.681350506756006,45.348804099999995,H691,_,00040,409
H691__00030.409,7.700560301172683,45.362894175,H691,_,00030,409
H691__00010.41,7.685418434120589,45.367294845,H691,_,00010,41
H691__00080.41,7.712075477349953,45.355862834999996,H691,_,00080,41
H691__00050.41,7.688412186445418,45.35935581,H691,_,00050,41
H691__00040.41,7.686028270019667,45.357304549999995,H691,_,00040,41
H691__00030.41,7.69183042926519,45.35855265,H691,_,00030,41
H691__00020.41,7.6941049402030846,45.367778654999995,H691,_,00020,41
H691__00010.410,7.6905353486952945,45.369049635,H691,_,00010,410
H691__00070.410,7.7073382430511295,45.354328755,H691,_,00070,410
H691__00040.410,7.6813701051001715,45.34895547,H691,_,00040,410
H691__00010.411,7.691201953877117,45.36907243,H691,_,00010,411
H691__00070.411,7.707960330582067,45.354442305,H691,_,00070,411
H691__00050.411,7.690222489276193,45.358508605,H691,_,00050,411
H691__00040.411,7.68193702924237,45.349289405,H691,_,00040,411
H691__00030.411,7.7037294976894914,45.36540169,H691,_,00030,411
H691__00010.412,7.691187435470296,45.369326745,H691,_,00010,412
H691__00070.412,7.707965561644513,45.35473,H691,_,00070,412
H691__00040.412,7.68196458112508,45.350295810000006,H691,_,00040,412
H691__00030.412,7.70347955283826,45.36463937,H691,_,00030,412
H691__00010.413,7.691633314797543,45.369341815,H691,_,00010,413
H691__00070.413,7.708759546699232,45.354439604999996,H691,_,00070,413
H691__00040.413,7.682123955394641,45.35019949,H691,_,00040,413
H691__00030.413,7.704812679987823,45.362874125000005,H691,_,00030,413
H691__00010.414,7.691725698362592,45.36914804,H691,_,00010,414
H691__00070.414,7.70874688707625,45.354086045,H691,_,00070,414
H691__00060.414,7.686637294601851,45.35470754,H691,_,00060,414
H691__00040.414,7.682206072722517,45.3508264,H691,_,00040,414
H691__00030.414,7.705271539404686,45.3637339,H691,_,00030,414
H691__00010.415,7.691515396787624,45.367619405,H691,_,00010,415
H691__00070.415,7.708742383514602,45.353749495,H691,_,00070,415
H691__00040.415,7.682312455623251,45.350603085,H691,_,00040,415
H691__00030.415,7.7055538906009104,45.363985075,H691,_,00030,415
H691__00010.416,7.690831736405395,45.367913924999996,H691,_,00010,416
H691__00070.416,7.707956722766065,45.35374313,H691,_,00070,416
H691__00060.416,7.689612705393503,45.35428605,H691,_,00060,416
H691__00050.416,7.69007914192994,45.358367825,H691,_,00050,416
H691__00040.416,7.682392540987086,45.350754644999995,H691,_,00040,416
H691__00030.416,7.705938123020617,45.36370635,H691,_,00030,416
H691__00010.417,7.690717936979612,45.36816077,H691,_,00010,417
H691__00070.417,7.707650279177828,45.353768290000005,H691,_,00070,417
H691__00060.417,7.689607553182515,45.3546243,H691,_,00060,417
H691__00050.417,7.690033148062765,45.358450045,H691,_,00050,417
H691__00040.417,7.682179600837013,45.349350915,H691,_,00040,417
H691__00030.417,7.706176723593098,45.363551799999996,H691,_,00030,417
H691__00010.418,7.690210120558016,45.367310465,H691,_,00010,418
H691__00070.418,7.707028661595501,45.353750395000006,H691,_,00070,418
H691__00060.418,7.689282949277372,45.354570985,H691,_,00060,418
H691__00050.418,7.689898826741885,45.358498409999996,H691,_,00050,418
H691__00040.418,7.68230574942565,45.34914866,H691,_,00040,418
H691__00030.418,7.706517654166659,45.36334791,H691,_,00030,418
H691__00010.419,7.690073871932791,45.368165035000004,H691,_,00010,419
H691__00070.419,7.706770538497789,45.353741764999995,H691,_,00070,419
H691__00060.419,7.689234795468428,45.354304424999995,H691,_,00060,419
H691__00040.419,7.682415900826449,45.350481015,H691,_,00040,419
H691__00010.42,7.685740182921636,45.36707173,H691,_,00010,42
H691__00080.42,7.711612910874807,45.35591428,H691,_,00080,42
H691__00070.42,7.692537989912736,45.35344991,H691,_,00070,42
H691__00040.42,7.6857543797603665,45.357324344999995,H691,_,00040,42
H691__00030.42,7.6930091424418245,45.358384655,H691,_,00030,42
H691__00020.42,7.694043020261065,45.36734037,H691,_,00020,42
H691__00010.420,7.689761471027229,45.36634306,H691,_,00010,420
H691__00070.420,7.706553417851692,45.35370315,H691,_,00070,420
H691__00040.420,7.68248374905221,45.35057087,H691,_,00040,420
H691__00030.420,7.706471399129869,45.362407989999994,H691,_,00030,420
H691__00010.421,7.690180582125707,45.365058785,H691,_,00010,421
H691__00070.421,7.706379436543013,45.353695975,H691,_,00070,421
H691__00060.421,7.690840942623647,45.355309000000005,H691,_,00060,421
H691__00050.421,7.69014602368865,45.358629555,H691,_,00050,421
H691__00040.421,7.682584501757817,45.35066492,H691,_,00040,421
H691__00010.422,7.690707972445281,45.366369004999996,H691,_,00010,422
H691__00070.422,7.706326597485755,45.352451955,H691,_,00070,422
H691__00050.422,7.690101573511522,45.35865848,H691,_,00050,422
H691__00040.422,7.682716864054198,45.350784614999995,H691,_,00040,422
H691__00010.423,7.690999253682061,45.366444855,H691,_,00010,423
H691__00070.423,7.70638394884181,45.35250399,H691,_,00070,423
H691__00050.423,7.690052302000007,45.35868971,H691,_,00050,423
H691__00040.423,7.682841885579091,45.35089357,H691,_,00040,423
H691__00010.424,7.691720059577575,45.36643179,H691,_,00010,424
H691__00070.424,7.70645888066959,45.352590215000006,H691,_,00070,424
H691__00060.424,7.690905446805356,45.354658459999996,H691,_,00060,424
H691__00050.424,7.689996437549786,45.35872478,H691,_,00050,424
H691__00030.424,7.70709586709287,45.361812875,H691,_,00030,424
H691__00010.425,7.691849055800917,45.36643703,H691,_,00010,425
H691__00070.425,7.706798612735504,45.35274991,H691,_,00070,425
H691__00060.425,7.6891241735089375,45.354702735000004,H691,_,00060,425
H691__00050.425,7.689943247505631,45.358766735,H691,_,00050,425
H691__00040.425,7.682511140245014,45.349364395,H691,_,00040,425
H691__00030.425,7.6988682834939,45.357448039999994,H691,_,00030,425
H691__00010.426,7.692050065296329,45.366451275,H691,_,00010,426
H691__00070.426,7.706943910421192,45.352670540000005,H691,_,00070,426
H691__00060.426,7.689055956948849,45.35428713,H691,_,00060,426
H691__00050.426,7.689779299442984,45.358615005,H691,_,00050,426
H691__00040.426,7.682806413952873,45.3496771,H691,_,00040,426
H691__00030.426,7.703113284249796,45.364865315,H691,_,00030,426
H691__00010.427,7.691909044459502,45.365518505,H691,_,00010,427
H691__00070.427,7.707091688618183,45.35283271,H691,_,00070,427
H691__00060.427,7.6905886575308555,45.355369374999995,H691,_,00060,427
H691__00050.427,7.689948364813272,45.358632,H691,_,00050,427
H691__00040.427,7.682792535848511,45.34914131,H691,_,00040,427
H691__00010.428,7.691754037413348,45.365876915,H691,_,00010,428
H691__00070.428,7.7072460099558295,45.352713735,H691,_,00070,428
H691__00060.428,7.690643849308126,45.355634325,H691,_,00060,428
H691__00050.428,7.689871584907195,45.358577695,H691,_,00050,428
H691__00040.428,7.68321100373168,45.34939539,H691,_,00040,428
H691__00030.428,7.6990815029394195,45.357774004999996,H691,_,00030,428
H691__00010.429,7.691564214745272,45.36537691,H691,_,00010,429
H691__00070.429,7.707362758247679,45.3525729,H691,_,00070,429
H691__00060.429,7.690646104999999,45.355609470000005,H691,_,00060,429
H691__00040.429,7.6831385119280995,45.350051054999994,H691,_,00040,429
H691__00030.429,7.702892699646803,45.359269104999996,H691,_,00030,429
H691__00010.43,7.685946919082761,45.366796245,H691,_,00010,43
H691__00080.43,7.711164726985178,45.35544854,H691,_,00080,43
H691__00050.43,7.688370308677033,45.359396919999995,H691,_,00050,43
H691__00040.43,7.6855258799346835,45.35780808,H691,_,00040,43
H691__00030.43,7.692777188427526,45.35787132,H691,_,00030,43
H691__00020.43,7.69428543233425,45.36712709,H691,_,00020,43
H691__00010.430,7.691437250933776,45.365389285000006,H691,_,00010,430
H691__00070.430,7.7074348662325125,45.352568950000006,H691,_,00070,430
H691__00060.430,7.690650035000001,45.355565084999995,H691,_,00060,430
H691__00040.430,7.683205879791122,45.35103161,H691,_,00040,430
H691__00030.430,7.703709248472279,45.360293405,H691,_,00030,430
H691__00010.431,7.691302933660854,45.36535808,H691,_,00010,431
H691__00070.431,7.707678008381537,45.35267346,H691,_,00070,431
H691__00060.431,7.690652227393355,45.355540239999996,H691,_,00060,431
H691__00050.431,7.689816258374172,45.358156255,H691,_,00050,431
H691__00040.431,7.683524370155207,45.350902915,H691,_,00040,431
H691__00030.431,7.703296398111717,45.36166595,H691,_,00030,431
H691__00010.432,7.691265423575138,45.364565979999995,H691,_,00010,432
H691__00070.432,7.707821486813235,45.352647469999994,H691,_,00070,432
H691__00060.432,7.690654422606624,45.355515374999996,H691,_,00060,432
H691__00050.432,7.689666115099817,45.358273475000004,H691,_,00050,432
H691__00040.432,7.6834564975724895,45.350216065,H691,_,00040,432
H691__00030.432,7.702128308599393,45.361487085,H691,_,00030,432
H691__00010.433,7.69110738831407,45.364572595,H691,_,00010,433
H691__00070.433,7.708385528725469,45.352798625000005,H691,_,00070,433
H691__00060.433,7.690656620196221,45.355490520000004,H691,_,00060,433
H691__00040.433,7.6837095767742944,45.350003244999996,H691,_,00040,433
H691__00030.433,7.702378020250977,45.361634515000006,H691,_,00030,433
H691__00030.434,7.70361231684546,45.36578978,H691,_,00030,434
H691__00070.434,7.708635422667026,45.352652035,H691,_,00070,434
H691__00060.434,7.690813992528643,45.355587619999994,H691,_,00060,434
H691__00050.434,7.6894692325993415,45.35835199,H691,_,00050,434
H691__00040.434,7.683822922699676,45.351023385000005,H691,_,00040,434
H691__00010.435,7.69117011197509,45.36535808,H691,_,00010,435
H691__00070.435,7.708760384081455,45.35257394,H691,_,00070,435
H691__00060.435,7.690647141258529,45.355685965,H691,_,00060,435
H691__00050.435,7.6882395038185845,45.35879791,H691,_,00050,435
H691__00040.435,7.684018739239623,45.35112373,H691,_,00040,435
H691__00010.436,7.69089795095107,45.365246415,H691,_,00010,436
H691__00070.436,7.7092535529491615,45.352170810000004,H691,_,00070,436
H691__00040.436,7.683980821345225,45.349923235000006,H691,_,00040,436
H691__00030.436,7.699213588832867,45.357483175,H691,_,00030,436
H691__00010.437,7.690241279472035,45.36473961,H691,_,00010,437
H691__00070.437,7.709367820830532,45.352712945,H691,_,00070,437
H691__00040.437,7.6836120388062765,45.349437535,H691,_,00040,437
H691__00030.437,7.705918837820322,45.360617195,H691,_,00030,437
H691__00010.438,7.690132819160176,45.365493265,H691,_,00010,438
H691__00070.438,7.70950213249391,45.352712945,H691,_,00070,438
H691__00040.438,7.683859157103535,45.34946479,H691,_,00040,438
H691__00030.438,7.691447240825597,45.361904545,H691,_,00030,438
H691__00010.439,7.689969812371778,45.365493265,H691,_,00010,439
H691__00070.439,7.709770163296216,45.352644045000005,H691,_,00070,439
H691__00050.439,7.688309157018427,45.358671535,H691,_,00050,439
H691__00040.439,7.683980917769467,45.34945999,H691,_,00040,439
H691__00010.44,7.6860456361074485,45.36679963,H691,_,00010,44
H691__00080.44,7.711068021589588,45.355248165,H691,_,00080,44
H691__00070.44,7.692790816031589,45.353048265,H691,_,00070,44
H691__00060.44,7.689681525910294,45.354766420000004,H691,_,00060,44
H691__00040.44,7.6855142728918935,45.35722587,H691,_,00040,44
H691__00030.44,7.693366327610992,45.357426235000005,H691,_,00030,44
H691__00020.44,7.6943686069909365,45.367511885,H691,_,00020,44
H691__00010.440,7.689856529362494,45.365533920000004,H691,_,00010,440
H691__00070.440,7.709933759519432,45.352630485000006,H691,_,00070,440
H691__00050.440,7.688396200402347,45.358735705,H691,_,00050,440
H691__00040.440,7.684202281311168,45.349968245,H691,_,00040,440
H691__00010.441,7.689761262158493,45.365465490000005,H691,_,00010,441
H691__00070.441,7.709979087010556,45.353618095,H691,_,00070,441
H691__00040.441,7.68436562766985,45.350010745,H691,_,00040,441
H691__00010.442,7.68939443970062,45.365606935,H691,_,00010,442
H691__00070.442,7.71015625813062,45.353589265,H691,_,00070,442
H691__00050.442,7.688440085545336,45.358634304999995,H691,_,00050,442
H691__00040.442,7.684595245910433,45.350928005,H691,_,00040,442
H691__00030.442,7.694067508518046,45.357812595,H691,_,00030,442
H691__00010.443,7.689371759751158,45.36493217,H691,_,00010,443
H691__00070.443,7.710132360249091,45.35255719,H691,_,00070,443
H691__00060.443,7.686009859976745,45.356731894999996,H691,_,00060,443
H691__00050.443,7.688396669725929,45.35860124,H691,_,00050,443
H691__00040.443,7.684808254480702,45.350968325,H691,_,00040,443
H691__00030.443,7.693420681885069,45.357713020000006,H691,_,00030,443
H691__00010.444,7.689241109290764,45.364840785,H691,_,00010,444
H691__00070.444,7.710383777014266,45.352450475,H691,_,00070,444
H691__00050.444,7.688350882996817,45.358568915000006,H691,_,00050,444
H691__00040.444,7.6845863206550336,45.350004675,H691,_,00040,444
H691__00030.444,7.692812217214939,45.359445955,H691,_,00030,444
H691__00010.445,7.689268929913353,45.36564808,H691,_,00010,445
H691__00070.445,7.710474046109775,45.352585395000006,H691,_,00070,445
H691__00060.445,7.685821604644256,45.35671127,H691,_,00060,445
H691__00040.445,7.684701727280141,45.350174815,H691,_,00040,445
H691__00030.445,7.693632234800947,45.362459665,H691,_,00030,445
H691__00010.446,7.689168743749635,45.364934955,H691,_,00010,446
H691__00070.446,7.71053384368514,45.352589745,H691,_,00070,446
H691__00060.446,7.6858983385205235,45.356543425,H691,_,00060,446
H691__00050.446,7.689653528514441,45.35791677,H691,_,00050,446
H691__00040.446,7.684778230874773,45.350183375,H691,_,00040,446
H691__00030.446,7.695359576255102,45.361639545,H691,_,00030,446
H691__00010.447,7.689024544909923,45.364947015,H691,_,00010,447
H691__00070.447,7.7105853065606365,45.352482725,H691,_,00070,447
H691__00040.447,7.68492781745301,45.35023866,H691,_,00040,447
H691__00030.447,7.698808396779007,45.36160503,H691,_,00030,447
H691__00010.448,7.688807666883438,45.365281455,H691,_,00010,448
H691__00070.448,7.710782736200725,45.353095115,H691,_,00070,448
H691__00060.448,7.68572708007909,45.356679334999995,H691,_,00060,448
H691__00040.448,7.685303588293858,45.350052975,H691,_,00040,448
H691__00030.448,7.697907737222165,45.36069501,H691,_,00030,448
H691__00010.449,7.688433641863423,45.36506265,H691,_,00010,449
H691__00070.449,7.710819745989539,45.352219840000004,H691,_,00070,449
H691__00050.449,7.689583745724783,45.35786453,H691,_,00050,449
H691__00040.449,7.685416008737055,45.351504195000004,H691,_,00040,449
H691__00030.449,7.700870138125044,45.359959185,H691,_,00030,449
H691__00010.45,7.686236335049806,45.36675928,H691,_,00010,45
H691__00080.45,7.710968399477016,45.354906165,H691,_,00080,45
H691__00070.45,7.6925285386306825,45.352703899999995,H691,_,00070,45
H691__00060.45,7.689723809748126,45.355228755,H691,_,00060,45
H691__00040.45,7.685281403749799,45.35722587,H691,_,00040,45
H691__00030.45,7.693011270130713,45.357967735,H691,_,00030,45
H691__00020.45,7.694488733088052,45.36727706,H691,_,00020,45
H691__00010.450,7.6881872621457985,45.365131465000005,H691,_,00010,450
H691__00070.450,7.711007595338353,45.35315345,H691,_,00070,450
H691__00060.450,7.685788687919198,45.35552305,H691,_,00060,450
H691__00050.450,7.688581114765119,45.358578955,H691,_,00050,450
H691__00040.450,7.685449757651523,45.350893675,H691,_,00040,450
H691__00030.450,7.703079667299972,45.358384865,H691,_,00030,450
H691__00010.451,7.688163770981523,45.36573314,H691,_,00010,451
H691__00070.451,7.711142944448779,45.353320945,H691,_,00070,451
H691__00050.451,7.688234274954572,45.3584921,H691,_,00050,451
H691__00040.451,7.685640075677162,45.350895175000005,H691,_,00040,451
H691__00030.451,7.701554773493949,45.35833195,H691,_,00030,451
H691__00010.452,7.6878638872611145,45.365127154999996,H691,_,00010,452
H691__00070.452,7.710947359826585,45.35367746,H691,_,00070,452
H691__00040.452,7.685581880557522,45.35027776,H691,_,00040,452
H691__00030.452,7.701722160178786,45.35810443,H691,_,00030,452
H691__00010.453,7.687677275187428,45.365118725,H691,_,00010,453
H691__00070.453,7.711180582530241,45.352943885,H691,_,00070,453
H691__00060.453,7.685554072480454,45.356308225,H691,_,00060,453
H691__00050.453,7.6881868716408395,45.358537424999994,H691,_,00050,453
H691__00040.453,7.68572028987852,45.35021517,H691,_,00040,453
H691__00030.453,7.702533338671099,45.357914914999995,H691,_,00030,453
H691__00030.454,7.706025840197702,45.357913525,H691,_,00030,454
H691__00070.454,7.707958534285362,45.354885055,H691,_,00070,454
H691__00040.454,7.685827188345357,45.35023866,H691,_,00040,454
H691__00010.455,7.6884180292113395,45.364435920000005,H691,_,00010,455
H691__00070.455,7.711422990613176,45.352244325,H691,_,00070,455
H691__00050.455,7.688220632797772,45.35865162,H691,_,00050,455
H691__00040.455,7.685771653809196,45.350833315,H691,_,00040,455
H691__00030.455,7.705203047902381,45.357964515,H691,_,00030,455
H691__00010.456,7.688700836292387,45.364316295,H691,_,00010,456
H691__00070.456,7.711313963271696,45.352549139999994,H691,_,00070,456
H691__00040.456,7.685643083403278,45.351591619999994,H691,_,00040,456
H691__00030.456,7.704137015800398,45.35808731,H691,_,00030,456
H691__00010.457,7.6895199440135364,45.364029875,H691,_,00010,457
H691__00070.457,7.711569137056637,45.352191004999995,H691,_,00070,457
H691__00060.457,7.685980294249415,45.355849815,H691,_,00060,457
H691__00050.457,7.688010584977681,45.358745215,H691,_,00050,457
H691__00040.457,7.68587565499538,45.351229025,H691,_,00040,457
H691__00030.457,7.704060865298859,45.36532298,H691,_,00030,457
H691__00010.458,7.6899893198742975,45.363707325,H691,_,00010,458
H691__00070.458,7.711826227251316,45.35220464,H691,_,00070,458
H691__00060.458,7.6859378798971445,45.356101394999996,H691,_,00060,458
H691__00050.458,7.6879885348872445,45.358546265,H691,_,00050,458
H691__00040.458,7.6859525771374635,45.35027352,H691,_,00040,458
H691__00030.458,7.70404670403145,45.364577104999995,H691,_,00030,458
H691__00030.459,7.704430809676129,45.36437012,H691,_,00030,459
H691__00070.459,7.711593098716872,45.3529616,H691,_,00070,459
H691__00060.459,7.685904024234262,45.35628492,H691,_,00060,459
H691__00050.459,7.687898997322547,45.358561804999994,H691,_,00050,459
H691__00040.459,7.686218842314639,45.35032589,H691,_,00040,459
H691__00010.46,7.685994588916012,45.367512594999994,H691,_,00010,46
H691__00080.46,7.711469017713416,45.354913464999996,H691,_,00080,46
H691__00060.46,7.689880677943325,45.354851205,H691,_,00060,46
H691__00040.46,7.684988009562103,45.35697084,H691,_,00040,46
H691__00030.46,7.693430589232891,45.358175865,H691,_,00030,46
H691__00020.46,7.694483041121053,45.367094435,H691,_,00020,46
H691__00010.460,7.689861728282776,45.36420981,H691,_,00010,460
H691__00070.460,7.711521854082284,45.353250450000004,H691,_,00070,460
H691__00040.460,7.686081443544406,45.351162915,H691,_,00040,460
H691__00030.460,7.700113527919002,45.35800723,H691,_,00030,460
H691__00010.461,7.689933229167547,45.36416778,H691,_,00010,461
H691__00070.461,7.711719460263155,45.35304329,H691,_,00070,461
H691__00050.461,7.688126377069062,45.358575065,H691,_,00050,461
H691__00040.461,7.686172259250766,45.351380545,H691,_,00040,461
H691__00030.461,7.69537858377884,45.35924823,H691,_,00030,461
H691__00010.462,7.69000281843439,45.364167125,H691,_,00010,462
H691__00070.462,7.711759521236378,45.35282108,H691,_,00070,462
H691__00040.462,7.686347975671497,45.35059792,H691,_,00040,462
H691__00010.463,7.690125075227581,45.364159345,H691,_,00010,463
H691__00070.463,7.711971489426846,45.352244145,H691,_,00070,463
H691__00040.463,7.6863994161928515,45.350355840000006,H691,_,00040,463
H691__00010.464,7.690309121372578,45.36372693,H691,_,00010,464
H691__00070.464,7.712082678640573,45.35204525,H691,_,00070,464
H691__00060.464,7.691293444464942,45.35512496,H691,_,00060,464
H691__00050.464,7.6881919250337845,45.35832858,H691,_,00050,464
H691__00040.464,7.68665984141058,45.350362055000005,H691,_,00040,464
H691__00030.464,7.690048399087702,45.361334,H691,_,00030,464
H691__00010.465,7.690556237521263,45.363852315,H691,_,00010,465
H691__00070.465,7.712170050567562,45.352359765,H691,_,00070,465
H691__00040.465,7.686438618236968,45.351016305,H691,_,00040,465
H691__00010.466,7.690835079020545,45.363852315,H691,_,00010,466
H691__00070.466,7.711463860810136,45.352912035,H691,_,00070,466
H691__00060.466,7.691249328007868,45.35441427,H691,_,00060,466
H691__00010.467,7.69109371626493,45.36386435,H691,_,00010,467
H691__00070.467,7.712380288787118,45.35265559,H691,_,00070,467
H691__00060.467,7.691405561138934,45.35441427,H691,_,00060,467
H691__00050.467,7.68776700101076,45.358597645,H691,_,00050,467
H691__00030.467,7.69171807097181,45.360310675,H691,_,00030,467
H691__00010.468,7.691405018293026,45.36453419,H691,_,00010,468
H691__00070.468,7.712446471753735,45.352252660000005,H691,_,00070,468
H691__00060.468,7.691756697865249,45.354381794999995,H691,_,00060,468
H691__00050.468,7.687667597940846,45.35851085,H691,_,00050,468
H691__00040.468,7.682709261300861,45.355676395,H691,_,00040,468
H691__00030.468,7.69477105113425,45.35953064,H691,_,00030,468
H691__00010.469,7.691534188823756,45.36443063,H691,_,00010,469
H691__00070.469,7.7126244244969975,45.352407815,H691,_,00070,469
H691__00060.469,7.691994413264543,45.354859065,H691,_,00060,469
H691__00040.469,7.679161258976038,45.35457199,H691,_,00040,469
H691__00030.469,7.694768770289468,45.35866678,H691,_,00030,469
H691__00010.47,7.68627793921244,45.36751033,H691,_,00010,47
H691__00080.47,7.711734452521082,45.35491509,H691,_,00080,47
H691__00070.47,7.6931753523026565,45.352752185,H691,_,00070,47
H691__00060.47,7.689866429731856,45.354708540000004,H691,_,00060,47
H691__00040.47,7.685236604947169,45.35666788,H691,_,00040,47
H691__00030.47,7.694672652888129,45.35787702499999,H691,_,00030,47
H691__00020.47,7.694675520456571,45.367142425,H691,_,00020,47
H691__00010.470,7.691283781937283,45.363466384999995,H691,_,00010,470
H691__00070.470,7.712711596631799,45.35266886,H691,_,00070,470
H691__00050.470,7.690362439154321,45.357719555,H691,_,00050,470
H691__00040.470,7.679355141240185,45.354525069999994,H691,_,00040,470
H691__00030.470,7.694457407951505,45.360017705000004,H691,_,00030,470
H691__00010.471,7.69000782960402,45.36309979,H691,_,00010,471
H691__00070.471,7.711847915879401,45.353128104999996,H691,_,00070,471
H691__00050.471,7.6877703289266055,45.35839997,H691,_,00050,471
H691__00040.471,7.679105210602228,45.353325505,H691,_,00040,471
H691__00030.471,7.692990089234594,45.35917664,H691,_,00030,471
H691__00010.472,7.690470382400905,45.36305149,H691,_,00010,472
H691__00070.472,7.711697228542133,45.35352133,H691,_,00070,472
H691__00040.472,7.685115154642019,45.350217665,H691,_,00040,472
H691__00010.473,7.6780543878583565,45.36421035,H691,_,00010,473
H691__00070.473,7.711577248826313,45.35435333,H691,_,00070,473
H691__00030.473,7.693585843924671,45.35994667,H691,_,00030,473
H691__00010.474,7.678127254206175,45.36429286,H691,_,00010,474
H691__00070.474,7.711719211598636,45.354594265,H691,_,00070,474
H691__00060.474,7.68769760243155,45.353941680000005,H691,_,00060,474
H691__00030.474,7.694604032656892,45.36178773,H691,_,00030,474
H691__00010.475,7.677580334027556,45.364451015,H691,_,00010,475
H691__00070.475,7.712132066586308,45.354336525,H691,_,00070,475
H691__00060.475,7.691805600055549,45.354675,H691,_,00060,475
H691__00030.475,7.694718540058695,45.36178841,H691,_,00030,475
H691__00030.476,7.695391898803694,45.362876560000004,H691,_,00030,476
H691__00070.476,7.71197965648811,45.354209175,H691,_,00070,476
H691__00050.476,7.688596166573116,45.35828694,H691,_,00050,476
H691__00040.476,7.680754805787725,45.34991853,H691,_,00040,476
H691__00010.477,7.677668403621634,45.36448281,H691,_,00010,477
H691__00070.477,7.712026647934367,45.35409118,H691,_,00070,477
H691__00060.477,7.691052586622376,45.35335175,H691,_,00060,477
H691__00050.477,7.688746239687003,45.358133390000006,H691,_,00050,477
H691__00040.477,7.684974272848589,45.351140685000004,H691,_,00040,477
H691__00030.477,7.696606574823272,45.361340095,H691,_,00030,477
H691__00030.478,7.698357382187149,45.362204395000006,H691,_,00030,478
H691__00070.478,7.7121635388192145,45.3536584,H691,_,00070,478
H691__00060.478,7.691158530934896,45.352905699999994,H691,_,00060,478
H691__00040.478,7.681235418942531,45.360617680000004,H691,_,00040,478
H691__00010.479,7.677226486801224,45.36402913,H691,_,00010,479
H691__00070.479,7.712333814835064,45.353113685,H691,_,00070,479
H691__00060.479,7.687198090679454,45.354058275,H691,_,00060,479
H691__00030.479,7.697808192713478,45.35958053,H691,_,00030,479
H691__00010.48,7.68645864322667,45.36749101,H691,_,00010,48
H691__00080.48,7.712028613155209,45.355055390000004,H691,_,00080,48
H691__00060.48,7.68976401845165,45.354795339999995,H691,_,00060,48
H691__00040.48,7.685082806168939,45.35665523,H691,_,00040,48
H691__00030.48,7.693403571185786,45.357898465000005,H691,_,00030,48
H691__00020.48,7.694632805016488,45.36704918,H691,_,00020,48
H691__00010.480,7.677397019057954,45.363333935,H691,_,00010,480
H691__00010.481,7.677335346385614,45.36248506,H691,_,00010,481
H691__00070.481,7.711413625286564,45.353542945,H691,_,00070,481
H691__00030.481,7.696377733738599,45.35749643,H691,_,00030,481
H691__00030.482,7.696641710491322,45.357467935,H691,_,00030,482
H691__00070.482,7.694469209753411,45.35673296,H691,_,00070,482
H691__00010.483,7.684988687040896,45.362470099999996,H691,_,00010,483
H691__00070.483,7.711771152311035,45.353084785,H691,_,00070,483
H691__00060.483,7.691567976334351,45.35449646,H691,_,00060,483
H691__00030.483,7.697038923416454,45.357889305,H691,_,00030,483
H691__00010.484,7.684917126395598,45.36214807,H691,_,00010,484
H691__00060.484,7.68815166316087,45.355761290000004,H691,_,00060,484
H691__00030.484,7.699573445634811,45.357906575,H691,_,00030,484
H691__00010.485,7.688575610507899,45.36331227,H691,_,00010,485
H691__00070.485,7.695512869866343,45.352679275,H691,_,00070,485
H691__00060.485,7.688286431374359,45.355753645,H691,_,00060,485
H691__00050.485,7.6889452743363265,45.358403525,H691,_,00050,485
H691__00040.485,7.685743837724887,45.35994692,H691,_,00040,485
H691__00030.485,7.7017937340119556,45.3595533,H691,_,00030,485
H691__00010.486,7.6887894932104,45.369563325,H691,_,00010,486
H691__00070.486,7.6956118827209705,45.352666735,H691,_,00070,486
H691__00060.486,7.6883062768347,45.3555241,H691,_,00060,486
H691__00050.486,7.689101557692846,45.358344795,H691,_,00050,486
H691__00040.486,7.684258632731407,45.357431555000005,H691,_,00040,486
H691__00030.486,7.701898497585095,45.359906155000004,H691,_,00030,486
H691__00010.487,7.690799473587245,45.36903976,H691,_,00010,487
H691__00050.487,7.689187845879179,45.3583001,H691,_,00050,487
H691__00040.487,7.683841562558663,45.357444395,H691,_,00040,487
H691__00030.487,7.703581781431424,45.36075513,H691,_,00030,487
H691__00010.488,7.690827425189497,45.369354415000004,H691,_,00010,488
H691__00050.488,7.689025521870455,45.35821517,H691,_,00050,488
H691__00040.488,7.678332516237079,45.35958515,H691,_,00040,488
H691__00030.488,7.703548887523539,45.360604125,H691,_,00030,488
H691__00010.489,7.691408208563429,45.3664298,H691,_,00010,489
H691__00050.489,7.688947971815176,45.358333695,H691,_,00050,489
H691__00040.489,7.67819358174158,45.35956476,H691,_,00040,489
H691__00030.489,7.703707171473499,45.360526905,H691,_,00030,489
H691__00010.49,7.68662541687269,45.36750071,H691,_,00010,49
H691__00080.49,7.712314091180357,45.355284345,H691,_,00080,49
H691__00060.49,7.689677457982685,45.354152545000005,H691,_,00060,49
H691__00040.49,7.684983987955208,45.35660964,H691,_,00040,49
H691__00030.49,7.693668154701635,45.35762966,H691,_,00030,49
H691__00020.49,7.694208127280101,45.36652113,H691,_,00020,49
H691__00010.490,7.689089232543045,45.369375535,H691,_,00010,490
H691__00050.490,7.688972436317819,45.35824269,H691,_,00050,490
H691__00040.490,7.680266885975639,45.359173435,H691,_,00040,490
H691__00030.490,7.703145862118671,45.360517045,H691,_,00030,490
H691__00010.491,7.689072724088781,45.36933802,H691,_,00010,491
H691__00050.491,7.688953849316144,45.358168725,H691,_,00050,491
H691__00040.491,7.679008530509819,45.35652887,H691,_,00040,491
H691__00030.491,7.703243883526412,45.360433665,H691,_,00030,491
H691__00010.492,7.689259745809386,45.369304415,H691,_,00010,492
H691__00070.492,7.700721475916861,45.351279295,H691,_,00070,492
H691__00060.492,7.691308156059005,45.35487691,H691,_,00060,492
H691__00050.492,7.688866904783521,45.358068445,H691,_,00050,492
H691__00040.492,7.6792160671629315,45.356326995,H691,_,00040,492
H691__00030.492,7.703388387564285,45.360371924999995,H691,_,00030,492
H691__00010.493,7.689435436605607,45.36925983,H691,_,00010,493
H691__00070.493,7.7036949752500075,45.35259573,H691,_,00070,493
H691__00040.493,7.6798651908046836,45.35633023,H691,_,00040,493
H691__00030.493,7.702979708246232,45.360451435,H691,_,00030,493
H691__00010.494,7.688940608471039,45.369414085,H691,_,00010,494
H691__00070.494,7.704181662763177,45.35662776,H691,_,00070,494
H691__00060.494,7.691593641625719,45.35488468,H691,_,00060,494
H691__00040.494,7.682274782523367,45.3556219,H691,_,00040,494
H691__00030.494,7.705316932295393,45.358256095,H691,_,00030,494
H691__00010.495,7.682241400466535,45.367085204999995,H691,_,00010,495
H691__00070.495,7.704122412201023,45.356614719999996,H691,_,00070,495
H691__00050.495,7.688787131501504,45.357887395,H691,_,00050,495
H691__00040.495,7.68339672961443,45.355617565,H691,_,00040,495
H691__00010.496,7.68634835680842,45.36886844,H691,_,00010,496
H691__00070.496,7.7056521518235055,45.351987705,H691,_,00070,496
H691__00060.496,7.691371534566732,45.35466819,H691,_,00060,496
H691__00040.496,7.683258233694994,45.355552445,H691,_,00040,496
H691__00030.496,7.692905111393201,45.36066383,H691,_,00030,496
H691__00010.497,7.6863720809697496,45.3691125,H691,_,00010,497
H691__00070.497,7.7057842662297,45.353237755,H691,_,00070,497
H691__00060.497,7.689404808407669,45.355373795,H691,_,00060,497
H691__00050.497,7.6890465435692565,45.35793581,H691,_,00050,497
H691__00030.497,7.69334479351338,45.360695715,H691,_,00030,497
H691__00010.498,7.686198941521516,45.36911839,H691,_,00010,498
H691__00070.498,7.708496540831279,45.3526805,H691,_,00070,498
H691__00060.498,7.689469347870037,45.35526098,H691,_,00060,498
H691__00050.498,7.6902899040431505,45.357671710000005,H691,_,00050,498
H691__00030.498,7.697653509568584,45.358873435,H691,_,00030,498
H691__00010.499,7.686734635216789,45.365776325,H691,_,00010,499
H691__00070.499,7.70921209640532,45.352797095,H691,_,00070,499
H691__00060.499,7.689434586942625,45.354965355000004,H691,_,00060,499
H691__00050.499,7.688935205087002,45.358003925000006,H691,_,00050,499
H691__00040.499,7.6775266973158605,45.35268221,H691,_,00040,499
H691__00030.499,7.697988106275639,45.358154625,H691,_,00030,499
H691__00010.5,7.680825254585361,45.36717632,H691,_,00010,5
H691__00050.5,7.688365570276277,45.360152889999995,H691,_,00050,5
H691__00040.5,7.681536303018342,45.36150255,H691,_,00040,5
H691__00030.5,7.6899193654589295,45.361312455000004,H691,_,00030,5
H691__00020.5,7.6923965212544,45.36928378499999,H691,_,00020,5
H691__00010.50,7.686842303907867,45.367600845,H691,_,00010,50
H691__00060.50,7.688934618687549,45.353956339999996,H691,_,00060,50
H691__00040.50,7.684993430875205,45.356529125,H691,_,00040,50
H691__00030.50,7.693989093713653,45.357416920000006,H691,_,00030,50
H691__00020.50,7.694051502067004,45.36659317,H691,_,00020,50
H691__00010.500,7.686623276457578,45.36549036,H691,_,00010,500
H691__00070.500,7.711754033868903,45.35394934,H691,_,00070,500
H691__00060.500,7.689606857276178,45.35528113,H691,_,00060,500
H691__00050.500,7.689128431537309,45.3580048,H691,_,00050,500
H691__00040.500,7.6767345926541415,45.353300669999996,H691,_,00040,500
H691__00030.500,7.7026942825030265,45.35951485,H691,_,00030,500
H691__00010.501,7.685891175969772,45.363591055,H691,_,00010,501
H691__00070.501,7.712285399626192,45.353951885,H691,_,00070,501
H691__00060.501,7.689584779306891,45.354964855000006,H691,_,00060,501
H691__00050.501,7.689295987240087,45.358108915,H691,_,00050,501
H691__00040.501,7.676918790536945,45.35309787,H691,_,00040,501
H691__00030.501,7.6960479177916685,45.358613805,H691,_,00030,501
H691__00030.502,7.6949493328458844,45.361718115,H691,_,00030,502
H691__00070.502,7.711237736694566,45.354332400000004,H691,_,00070,502
H691__00050.502,7.689163360835565,45.358209970000004,H691,_,00050,502
H691__00040.502,7.677073246105262,45.353052755,H691,_,00040,502
H691__00010.503,7.681755094347983,45.365524725,H691,_,00010,503
H691__00050.503,7.689282125997002,45.358254790000004,H691,_,00050,503
H691__00030.503,7.695587518731577,45.362661705,H691,_,00030,503
H691__00010.504,7.679869345634403,45.365405945000006,H691,_,00010,504
H691__00030.504,7.695172982701374,45.36170513,H691,_,00030,504
H691__00010.505,7.679827762219819,45.36539323,H691,_,00010,505
H691__00050.505,7.689318235609896,45.358195375,H691,_,00050,505
H691__00040.505,7.6779450218887915,45.35183074,H691,_,00040,505
H691__00030.505,7.698931706520323,45.358948760000004,H691,_,00030,505
H691__00010.506,7.680623768454347,45.364307804999996,H691,_,00010,506
H691__00050.506,7.689520909581231,45.35815201,H691,_,00050,506
H691__00040.506,7.678323420482295,45.35296589,H691,_,00040,506
H691__00030.506,7.700730359792886,45.358617100000004,H691,_,00030,506
H691__00030.507,7.70272534737858,45.36116321,H691,_,00030,507
H691__00050.507,7.689526708626257,45.35802708999999,H691,_,00050,507
H691__00040.507,7.6782043440364065,45.35168512,H691,_,00040,507
H691__00030.508,7.7025215011374755,45.360997535,H691,_,00030,508
H691__00050.508,7.689404719684752,45.357978985,H691,_,00050,508
H691__00040.508,7.679597308233012,45.35336408,H691,_,00040,508
H691__00010.509,7.678514096602843,45.364645145,H691,_,00010,509
H691__00070.509,7.697509412749376,45.35687764,H691,_,00070,509
H691__00050.509,7.689396757861628,45.358102185,H691,_,00050,509
H691__00030.509,7.702263984570383,45.360873115000004,H691,_,00030,509
H691__00010.51,7.686882868939794,45.368371145,H691,_,00010,51
H691__00080.51,7.712612729825369,45.35545773,H691,_,00080,51
H691__00060.51,7.687773251760859,45.354935805,H691,_,00060,51
H691__00040.51,7.684839389004846,45.35648087,H691,_,00040,51
H691__00030.51,7.6943615076973195,45.356994490000005,H691,_,00030,51
H691__00020.51,7.693602178537388,45.366429755,H691,_,00020,51
H691__00010.510,7.678462978789866,45.364170735,H691,_,00010,510
H691__00070.510,7.6983357351430435,45.356863315,H691,_,00070,510
H691__00050.510,7.689279877288691,45.35801946,H691,_,00050,510
H691__00040.510,7.684156665500465,45.351105945,H691,_,00040,510
H691__00030.510,7.703091610561937,45.364390345000004,H691,_,00030,510
H691__00030.511,7.693789066224934,45.360133395,H691,_,00030,511
H691__00070.511,7.697513774124603,45.356306495,H691,_,00070,511
H691__00010.512,7.678840625970281,45.362941469999996,H691,_,00010,512
H691__00030.512,7.693980394930371,45.360071340000005,H691,_,00030,512
H691__00070.513,7.69933084535047,45.355718710000005,H691,_,00070,513
H691__00010.514,7.677732377938572,45.362324165000004,H691,_,00010,514
H691__00040.514,7.680101888492276,45.3492584,H691,_,00040,514
H691__00030.514,7.694198520748472,45.361136055,H691,_,00030,514
H691__00010.515,7.6781295053367975,45.362205245,H691,_,00010,515
H691__00070.515,7.698692413609354,45.355602935,H691,_,00070,515
H691__00040.515,7.679974249861752,45.349228695,H691,_,00040,515
H691__00030.515,7.699454362156547,45.360627980000004,H691,_,00030,515
H691__00010.516,7.678744071065311,45.361283205,H691,_,00010,516
H691__00050.516,7.6893969516552065,45.357895535,H691,_,00050,516
H691__00040.516,7.679833579034835,45.34931528,H691,_,00040,516
H691__00030.517,7.704401377789232,45.364185844999994,H691,_,00030,517
H691__00070.517,7.698505039103512,45.35373348500001,H691,_,00070,517
H691__00050.517,7.689211532088455,45.35786802,H691,_,00050,517
H691__00040.517,7.679677431919473,45.349792570000005,H691,_,00040,517
H691__00010.518,7.678956930561776,45.361144045,H691,_,00010,518
H691__00070.518,7.700523743898555,45.35228126,H691,_,00070,518
H691__00030.518,7.704854948130475,45.364281075,H691,_,00030,518
H691__00010.519,7.680390895861514,45.361465894999995,H691,_,00010,519
H691__00070.519,7.700561624697601,45.35217632,H691,_,00070,519
H691__00040.519,7.677563488883105,45.34740591,H691,_,00040,519
H691__00010.52,7.687129605049922,45.369055675,H691,_,00010,52
H691__00080.52,7.712693117592282,45.35577015,H691,_,00080,52
H691__00050.52,7.687980543379224,45.35895206,H691,_,00050,52
H691__00040.52,7.68473171479312,45.356469825000005,H691,_,00040,52
H691__00030.52,7.69463627356486,45.357158795000004,H691,_,00030,52
H691__00020.52,7.693461582498179,45.36640368,H691,_,00020,52
H691__00010.520,7.691935873760501,45.366433605,H691,_,00010,520
H691__00070.520,7.7034680433156275,45.35213374,H691,_,00070,520
H691__00040.520,7.677507674867108,45.347400705,H691,_,00040,520
H691__00030.520,7.694278151501641,45.36068378,H691,_,00030,520
H691__00010.521,7.688870490060978,45.36495833,H691,_,00010,521
H691__00070.521,7.702682984713393,45.353922945,H691,_,00070,521
H691__00040.521,7.680607740661158,45.348968764999995,H691,_,00040,521
H691__00030.521,7.692807569766069,45.360913455,H691,_,00030,521
H691__00010.522,7.689206750901673,45.364151385,H691,_,00010,522
H691__00070.522,7.703531049179064,45.35438887,H691,_,00070,522
H691__00050.522,7.6888713730984115,45.357919845,H691,_,00050,522
H691__00040.522,7.680754232671065,45.34881008,H691,_,00040,522
H691__00030.522,7.69978428466314,45.35950329,H691,_,00030,522
H691__00010.523,7.685819907647421,45.36038924,H691,_,00010,523
H691__00070.523,7.703883841015214,45.354201695,H691,_,00070,523
H691__00050.523,7.690264509737343,45.35765268,H691,_,00050,523
H691__00040.523,7.6810352761385,45.348390640000005,H691,_,00040,523
H691__00030.524,7.694398683699092,45.3619942,H691,_,00030,524
H691__00070.524,7.702355520192203,45.354841085000004,H691,_,00070,524
H691__00040.524,7.68072049196028,45.348475570000005,H691,_,00040,524
H691__00010.525,7.681700299555118,45.366530615,H691,_,00010,525
H691__00070.525,7.701094408098763,45.356120575,H691,_,00070,525
H691__00050.525,7.6890885867804,45.357830390000004,H691,_,00050,525
H691__00040.525,7.68450325323032,45.350050865,H691,_,00040,525
H691__00030.525,7.700910352322554,45.362324715,H691,_,00030,525
H691__00010.526,7.681686945248852,45.366861,H691,_,00010,526
H691__00040.526,7.679100142170082,45.350977130000004,H691,_,00040,526
H691__00030.526,7.700842672583579,45.36186725,H691,_,00030,526
H691__00010.527,7.682012254593946,45.36699938,H691,_,00010,527
H691__00070.527,7.701906568771289,45.356189555,H691,_,00070,527
H691__00030.527,7.701751983283712,45.357581925,H691,_,00030,527
H691__00030.528,7.688771341005719,45.360809505,H691,_,00030,528
H691__00010.529,7.682592314915949,45.366739735,H691,_,00010,529
H691__00030.529,7.695964178457842,45.362104540000004,H691,_,00030,529
H691__00010.53,7.687273566394851,45.369016255000005,H691,_,00010,53
H691__00080.53,7.712797225081811,45.355415205,H691,_,00080,53
H691__00050.53,7.690723835457014,45.35870265,H691,_,00050,53
H691__00030.53,7.6950010783507965,45.35698541,H691,_,00030,53
H691__00020.53,7.69335552245988,45.366467805,H691,_,00020,53
H691__00010.530,7.684979420722208,45.367933879999995,H691,_,00010,530
H691__00070.530,7.702986953180531,45.35638962,H691,_,00070,530
H691__00030.530,7.695969910958146,45.361856415000005,H691,_,00030,530
H691__00010.531,7.685151480208334,45.367918995,H691,_,00010,531
H691__00070.531,7.7031809148407095,45.356443895,H691,_,00070,531
H691__00040.531,7.685298460800222,45.35453656999999,H691,_,00040,531
H691__00030.531,7.699400397762355,45.358592645,H691,_,00030,531
H691__00010.532,7.6845003756944,45.365968165,H691,_,00010,532
H691__00010.533,7.6836825735636065,45.365795860000006,H691,_,00010,533
H691__00040.533,7.6848315287435724,45.354356195,H691,_,00040,533
H691__00030.534,7.695727266859513,45.359524525,H691,_,00030,534
H691__00070.534,7.7069586243971235,45.3560626,H691,_,00070,534
H691__00040.534,7.684968144519181,45.35408395,H691,_,00040,534
H691__00030.535,7.695863043002834,45.359541835,H691,_,00030,535
H691__00070.535,7.708305538390789,45.356120135,H691,_,00070,535
H691__00040.535,7.68463895434536,45.353999375,H691,_,00040,535
H691__00010.536,7.680775617236909,45.365725735,H691,_,00010,536
H691__00070.536,7.709467905709324,45.353791305,H691,_,00070,536
H691__00030.536,7.695971226294915,45.35959896,H691,_,00030,536
H691__00030.537,7.694852285996177,45.358966484999996,H691,_,00030,537
H691__00070.537,7.708257069136469,45.353881275,H691,_,00070,537
H691__00030.538,7.69261285156054,45.362045075,H691,_,00030,538
H691__00070.538,7.7073347978616535,45.353763400000005,H691,_,00070,538
H691__00040.538,7.680691920872842,45.35238217,H691,_,00040,538
H691__00010.539,7.680192922166394,45.365498755000004,H691,_,00010,539
H691__00070.539,7.7065459741569775,45.352694675,H691,_,00070,539
H691__00050.539,7.689492018445096,45.357655644999994,H691,_,00050,539
H691__00040.539,7.682636274379323,45.353391654999996,H691,_,00040,539
H691__00030.539,7.692678055670955,45.360294870000004,H691,_,00030,539
H691__00010.54,7.687380919440729,45.36902233,H691,_,00010,54
H691__00080.54,7.7123240758717255,45.35483052,H691,_,00080,54
H691__00070.54,7.696311065519906,45.352602005,H691,_,00070,54
H691__00040.54,7.684593203639535,45.357322350000004,H691,_,00040,54
H691__00030.54,7.694655514637855,45.357365825,H691,_,00030,54
H691__00020.54,7.693234306678303,45.366388435000005,H691,_,00020,54
H691__00040.540,7.682782441530502,45.353430274999994,H691,_,00040,540
H691__00070.540,7.706663653370665,45.352829119999996,H691,_,00070,540
H691__00040.541,7.683107026508925,45.35352801,H691,_,00040,541
H691__00070.541,7.708010210064819,45.352748585,H691,_,00070,541
H691__00050.541,7.6895423146896205,45.357727335,H691,_,00050,541
H691__00010.542,7.680211982610738,45.36544457,H691,_,00010,542
H691__00070.542,7.708235171948775,45.352834535,H691,_,00070,542
H691__00050.542,7.68963155959095,45.357815020000004,H691,_,00050,542
H691__00030.542,7.694088194605855,45.358301069999996,H691,_,00030,542
H691__00030.543,7.693967174865758,45.358366495,H691,_,00030,543
H691__00070.543,7.708874649104259,45.3525129,H691,_,00070,543
H691__00050.543,7.689575679040665,45.357785615,H691,_,00050,543
H691__00010.544,7.679965092266784,45.36560376,H691,_,00010,544
H691__00070.544,7.708994354946374,45.352679835,H691,_,00070,544
H691__00050.544,7.689715404402581,45.357846655,H691,_,00050,544
H691__00040.544,7.683267166968017,45.354157055,H691,_,00040,544
H691__00030.544,7.693861906720095,45.358486035,H691,_,00030,544
H691__00040.545,7.683428127442388,45.353507269999994,H691,_,00040,545
H691__00070.545,7.7090892356288165,45.35281904,H691,_,00070,545
H691__00070.546,7.709619679604712,45.352644909999995,H691,_,00070,546
H691__00040.547,7.682318006685923,45.353363814999994,H691,_,00040,547
H691__00070.547,7.710297237137584,45.352452315,H691,_,00070,547
H691__00050.547,7.689779418817711,45.35772608,H691,_,00050,547
H691__00010.548,7.677042636553624,45.36256271,H691,_,00010,548
H691__00070.548,7.711769994556305,45.35448863,H691,_,00070,548
H691__00030.548,7.6927971652837925,45.359213645,H691,_,00030,548
H691__00010.549,7.679452599071308,45.362231980000004,H691,_,00010,549
H691__00070.549,7.708690712186165,45.35610975,H691,_,00070,549
H691__00040.549,7.682060458104017,45.353299815,H691,_,00040,549
H691__00010.55,7.687475092494868,45.369114804999995,H691,_,00010,55
H691__00080.55,7.71271465509367,45.354988055,H691,_,00080,55
H691__00050.55,7.687628131204905,45.358875725,H691,_,00050,55
H691__00040.55,7.6845511022402,45.356540370000005,H691,_,00040,55
H691__00030.55,7.695192838983466,45.35767508,H691,_,00030,55
H691__00020.55,7.693128570349753,45.366511845000005,H691,_,00020,55
H691__00070.550,7.70876429985708,45.35610578,H691,_,00070,550
H691__00010.551,7.6807247865471915,45.361633315,H691,_,00010,551
H691__00070.551,7.708838825901585,45.356103965,H691,_,00070,551
H691__00050.551,7.689810552438374,45.357938935,H691,_,00050,551
H691__00040.551,7.681695913521959,45.353271815,H691,_,00040,551
H691__00030.551,7.695174995502509,45.357508255,H691,_,00030,551
H691__00010.552,7.680669513269231,45.362256335,H691,_,00010,552
H691__00070.552,7.708929691861529,45.3560698,H691,_,00070,552
H691__00050.552,7.689839571234463,45.358000945,H691,_,00050,552
H691__00010.553,7.681033938022866,45.36399588,H691,_,00010,553
H691__00070.553,7.70907478367252,45.356058745,H691,_,00070,553
H691__00040.553,7.6811990021474985,45.352567825,H691,_,00040,553
H691__00030.553,7.6968278862273,45.35784497,H691,_,00030,553
H691__00010.554,7.684125519021225,45.362944435,H691,_,00010,554
H691__00070.554,7.709399434117187,45.35615471,H691,_,00070,554
H691__00050.554,7.6901301064975485,45.357828605,H691,_,00050,554
H691__00040.554,7.681073858819605,45.352536650000005,H691,_,00040,554
H691__00030.554,7.6986780228979494,45.36255816,H691,_,00030,554
H691__00010.555,7.683638459757994,45.362698255,H691,_,00010,555
H691__00070.555,7.70855283978212,45.356420915,H691,_,00070,555
H691__00050.555,7.6899070787619035,45.35782762,H691,_,00050,555
H691__00030.556,7.705443923393478,45.356982855,H691,_,00030,556
H691__00070.556,7.708647644107391,45.356351745,H691,_,00070,556
H691__00050.556,7.690118042634417,45.357632425000006,H691,_,00050,556
H691__00040.556,7.685380475443274,45.354319204999996,H691,_,00040,556
H691__00010.557,7.6844723343411925,45.36076629,H691,_,00010,557
H691__00070.557,7.708773790388495,45.356318849999994,H691,_,00070,557
H691__00050.557,7.690197795684675,45.35777377,H691,_,00050,557
H691__00030.557,7.705802345308657,45.357102395,H691,_,00030,557
H691__00010.558,7.684348858827903,45.360728390000006,H691,_,00010,558
H691__00070.558,7.707536751233032,45.352700435,H691,_,00070,558
H691__00050.558,7.690123463642392,45.357658185000005,H691,_,00050,558
H691__00030.558,7.705991497491066,45.357397445000004,H691,_,00030,558
H691__00010.559,7.686332677561754,45.36122331,H691,_,00010,559
H691__00070.559,7.711691746195701,45.352035555,H691,_,00070,559
H691__00050.559,7.690125106375452,45.357773615,H691,_,00050,559
H691__00030.559,7.706117094212686,45.357295455,H691,_,00030,559
H691__00010.56,7.687558274025598,45.36913851,H691,_,00010,56
H691__00080.56,7.7130353072245965,45.355131955000004,H691,_,00080,56
H691__00030.56,7.694651674616308,45.358108619999996,H691,_,00030,56
H691__00020.56,7.692988704944936,45.366236265,H691,_,00020,56
H691__00010.560,7.6860389837756475,45.361169105,H691,_,00010,560
H691__00070.560,7.711994367279395,45.352846365000005,H691,_,00070,560
H691__00050.560,7.6902550855732095,45.35776413000001,H691,_,00050,560
H691__00040.560,7.684655375686349,45.359510615000005,H691,_,00040,560
H691__00030.560,7.691730155809198,45.362027125,H691,_,00030,560
H691__00010.561,7.686613295059198,45.36018259,H691,_,00010,561
H691__00070.561,7.711923233390484,45.352793399999996,H691,_,00070,561
H691__00050.561,7.690347945512231,45.357635329999994,H691,_,00050,561
H691__00040.561,7.687070753576105,45.359405675000005,H691,_,00040,561
H691__00030.561,7.688857553682217,45.360679329999996,H691,_,00030,561
H691__00010.562,7.686921783782866,45.359864169999994,H691,_,00010,562
H691__00070.562,7.712393137340339,45.352803789999996,H691,_,00070,562
H691__00050.562,7.690041221966508,45.357713509999996,H691,_,00050,562
H691__00040.562,7.687526980664642,45.359404715,H691,_,00040,562
H691__00030.562,7.689438091646982,45.360909004999996,H691,_,00030,562
H691__00010.563,7.686828365089513,45.35981853,H691,_,00010,563
H691__00050.563,7.690013922845654,45.35778007,H691,_,00050,563
H691__00040.563,7.6869005235929775,45.359617475,H691,_,00040,563
H691__00030.563,7.696401321257209,45.3613891,H691,_,00030,563
H691__00010.564,7.686829182618601,45.360268475,H691,_,00010,564
H691__00070.564,7.6981541863731895,45.35365091,H691,_,00070,564
H691__00040.564,7.6868713983841666,45.35920849,H691,_,00040,564
H691__00030.564,7.696403476779264,45.361792025,H691,_,00030,564
H691__00040.565,7.686028880604134,45.359089935,H691,_,00040,565
H691__00070.565,7.698217217860966,45.355903600000005,H691,_,00070,565
H691__00010.566,7.688218994409791,45.36048189,H691,_,00010,566
H691__00070.566,7.702839890857092,45.351301815,H691,_,00070,566
H691__00050.566,7.689826166081948,45.357541174999994,H691,_,00050,566
H691__00040.566,7.6864454878054715,45.358988935,H691,_,00040,566
H691__00030.566,7.6889233043745495,45.36048017,H691,_,00030,566
H691__00010.567,7.68814401319117,45.360790205,H691,_,00010,567
H691__00040.567,7.6833448743797135,45.357013269999996,H691,_,00040,567
H691__00030.567,7.700715959962214,45.360577855,H691,_,00030,567
H691__00010.568,7.688546855722027,45.36030288,H691,_,00010,568
H691__00040.568,7.683558459857766,45.35697639,H691,_,00040,568
H691__00030.568,7.70021411844325,45.360757535000005,H691,_,00030,568
H691__00010.569,7.687546222392291,45.362562795,H691,_,00010,569
H691__00070.569,7.697554353149708,45.356615985000005,H691,_,00070,569
H691__00040.569,7.68225739443513,45.357334120000004,H691,_,00040,569
H691__00010.57,7.687660637614444,45.369152195,H691,_,00010,57
H691__00080.57,7.712687850821468,45.354644085000004,H691,_,00080,57
H691__00050.57,7.68751323516701,45.35866398,H691,_,00050,57
H691__00040.57,7.684363181949838,45.35657705,H691,_,00040,57
H691__00030.57,7.695364296505979,45.358000815,H691,_,00030,57
H691__00020.57,7.692808494115347,45.36630142,H691,_,00020,57
H691__00010.570,7.688329770134162,45.36300004,H691,_,00010,570
H691__00070.570,7.698925470179827,45.354530714999996,H691,_,00070,570
H691__00040.570,7.679595349997168,45.357679675,H691,_,00040,570
H691__00010.571,7.6883311218373755,45.363135645,H691,_,00010,571
H691__00070.571,7.7007254391627225,45.352502535,H691,_,00070,571
H691__00040.571,7.678565684027501,45.358442710000006,H691,_,00040,571
H691__00030.571,7.696026430964249,45.361498615,H691,_,00030,571
H691__00010.572,7.689052831961309,45.362551495000005,H691,_,00010,572
H691__00070.572,7.705666565502211,45.354047144999996,H691,_,00070,572
H691__00040.572,7.678585022201657,45.35741645,H691,_,00040,572
H691__00030.572,7.699848102760212,45.360634309999995,H691,_,00030,572
H691__00010.573,7.689494015251283,45.36205245,H691,_,00010,573
H691__00070.573,7.705707899235167,45.355936299999996,H691,_,00070,573
H691__00050.573,7.689674263223095,45.357513365,H691,_,00050,573
H691__00040.573,7.678578884123127,45.357776130000005,H691,_,00040,573
H691__00010.574,7.6901250603203035,45.3623511,H691,_,00010,574
H691__00070.574,7.705652328539712,45.35542581,H691,_,00070,574
H691__00050.574,7.689618686544267,45.35765223,H691,_,00050,574
H691__00040.574,7.678139170271142,45.35771227,H691,_,00040,574
H691__00030.574,7.699209523274579,45.362979265,H691,_,00030,574
H691__00010.575,7.687902512274485,45.36378226,H691,_,00010,575
H691__00070.575,7.707743712819781,45.3558889,H691,_,00070,575
H691__00050.575,7.6896376188255555,45.357435475,H691,_,00050,575
H691__00040.575,7.678100803627588,45.35754066,H691,_,00040,575
H691__00030.575,7.699326372878242,45.363018925000006,H691,_,00030,575
H691__00010.576,7.689202104706111,45.367536235,H691,_,00010,576
H691__00070.576,7.7078516525126695,45.356125295,H691,_,00070,576
H691__00050.576,7.689766316049829,45.3574225,H691,_,00050,576
H691__00040.576,7.6777878438174145,45.35806423,H691,_,00040,576
H691__00030.576,7.699405408543374,45.36307175,H691,_,00030,576
H691__00010.577,7.6896095465604315,45.365688175,H691,_,00010,577
H691__00070.577,7.707904642910012,45.355794135,H691,_,00070,577
H691__00050.577,7.690025077125439,45.357436344999996,H691,_,00050,577
H691__00040.577,7.680896628595615,45.356338089999994,H691,_,00040,577
H691__00030.577,7.698919303520892,45.36216047,H691,_,00030,577
H691__00010.578,7.689535286246468,45.36493217,H691,_,00010,578
H691__00070.578,7.697311418388347,45.356908645000004,H691,_,00070,578
H691__00040.578,7.681941779213664,45.35652063,H691,_,00040,578
H691__00030.578,7.698917929798156,45.36311464,H691,_,00030,578
H691__00010.579,7.6906539803188885,45.364927699999996,H691,_,00010,579
H691__00070.579,7.704282314805867,45.355547485,H691,_,00070,579
H691__00040.579,7.683132157388693,45.355711455000005,H691,_,00040,579
H691__00030.579,7.700482948092252,45.362632149999996,H691,_,00030,579
H691__00010.58,7.687747685579544,45.36916772,H691,_,00010,58
H691__00080.58,7.712604922653943,45.354381685,H691,_,00080,58
H691__00040.58,7.68447315603784,45.357526355000005,H691,_,00040,58
H691__00030.58,7.695253130563584,45.358413600000006,H691,_,00030,58
H691__00020.58,7.692698467214693,45.366262375000005,H691,_,00020,58
H691__00030.580,7.700474086057294,45.362753264999995,H691,_,00030,580
H691__00070.580,7.7026770233121304,45.353075630000006,H691,_,00070,580
H691__00010.581,7.6904665778341545,45.36509915,H691,_,00010,581
H691__00070.581,7.6929106286537365,45.35670727,H691,_,00070,581
H691__00050.581,7.690245491763962,45.357579279999996,H691,_,00050,581
H691__00040.581,7.680498712485321,45.35380251,H691,_,00040,581
H691__00030.581,7.70061278860308,45.362548270000005,H691,_,00030,581
H691__00010.582,7.687982442326472,45.365135515000006,H691,_,00010,582
H691__00070.582,7.692379145584393,45.35534959,H691,_,00070,582
H691__00050.582,7.690433820453643,45.35766113,H691,_,00050,582
H691__00040.582,7.680953005703852,45.35357618,H691,_,00040,582
H691__00030.582,7.700562755217939,45.362755905,H691,_,00030,582
H691__00010.583,7.689684195960297,45.36374073,H691,_,00010,583
H691__00040.583,7.681632245061344,45.35403845,H691,_,00040,583
H691__00030.583,7.700555889097273,45.362822359999996,H691,_,00030,583
H691__00030.584,7.702257387492547,45.362573255,H691,_,00030,584
H691__00070.584,7.698849457486315,45.352913085,H691,_,00070,584
H691__00050.584,7.6906135291128805,45.357582305,H691,_,00050,584
H691__00010.585,7.680075633021847,45.36544249,H691,_,00010,585
H691__00050.585,7.690656501434422,45.35755815,H691,_,00050,585
H691__00030.585,7.701934298705807,45.362612195,H691,_,00030,585
H691__00010.586,7.690958326380109,45.362856975,H691,_,00010,586
H691__00070.586,7.699961990370108,45.35335891,H691,_,00070,586
H691__00050.586,7.6907155489104895,45.3575066,H691,_,00050,586
H691__00030.586,7.7018844049005,45.36256934,H691,_,00030,586
H691__00010.587,7.691291934143213,45.36286945,H691,_,00010,587
H691__00070.587,7.705038947765821,45.35329663,H691,_,00070,587
H691__00050.587,7.690780320471653,45.35746951,H691,_,00050,587
H691__00030.587,7.7018174828564785,45.362446750000004,H691,_,00030,587
H691__00010.588,7.685670777771371,45.361086799999995,H691,_,00010,588
H691__00040.588,7.67877583283934,45.348575095,H691,_,00040,588
H691__00030.588,7.701632996540716,45.362646575,H691,_,00030,588
H691__00030.589,7.701967339111143,45.362525129999995,H691,_,00030,589
H691__00070.589,7.7051409003949125,45.353921705000005,H691,_,00070,589
H691__00050.589,7.690813567055498,45.35740672,H691,_,00050,589
H691__00040.589,7.6865515599844265,45.35037321,H691,_,00040,589
H691__00010.59,7.687807623556953,45.369178255,H691,_,00010,59
H691__00080.59,7.712824412773637,45.354582855000004,H691,_,00080,59
H691__00060.59,7.68699536459222,45.350493650000004,H691,_,00060,59
H691__00040.59,7.684317843943287,45.35717287,H691,_,00040,59
H691__00030.59,7.691098205710281,45.361419805,H691,_,00030,59
H691__00020.59,7.692585510251019,45.366293835,H691,_,00020,59
H691__00010.590,7.682357743191693,45.365698285,H691,_,00010,590
H691__00070.590,7.707333977740854,45.35512293,H691,_,00070,590
H691__00050.590,7.6905999492842465,45.357444515,H691,_,00050,590
H691__00030.590,7.702755887822109,45.361842205,H691,_,00030,590
H691__00010.591,7.682861306987336,45.365087405,H691,_,00010,591
H691__00070.591,7.69552018563388,45.355879245,H691,_,00070,591
H691__00030.591,7.701104758470426,45.362704275,H691,_,00030,591
H691__00010.592,7.68319687154079,45.36456326,H691,_,00010,592
H691__00070.592,7.704622186592264,45.35547952,H691,_,00070,592
H691__00050.592,7.690373127111969,45.35743334,H691,_,00050,592
H691__00040.592,7.684719582622179,45.36029214,H691,_,00040,592
H691__00030.592,7.700958486997056,45.362924344999996,H691,_,00030,592
H691__00030.593,7.700400058600243,45.362792830000004,H691,_,00030,593
H691__00040.593,7.683775596572513,45.357246195,H691,_,00040,593
H691__00010.594,7.681000453650396,45.366099205,H691,_,00010,594
H691__00070.594,7.692644138086122,45.356801385,H691,_,00070,594
H691__00040.594,7.6838048489649164,45.35816538,H691,_,00040,594
H691__00030.594,7.7004161803602225,45.362694835,H691,_,00030,594
H691__00010.595,7.687213428922769,45.365246595,H691,_,00010,595
H691__00070.595,7.692616387132275,45.356191675000005,H691,_,00070,595
H691__00040.595,7.676498307973931,45.35695851,H691,_,00040,595
H691__00030.595,7.700300627159543,45.362896305,H691,_,00030,595
H691__00010.596,7.6847580167660565,45.364009845,H691,_,00010,596
H691__00070.596,7.692801817658667,45.356239235000004,H691,_,00070,596
H691__00040.596,7.677669208099996,45.35650425,H691,_,00040,596
H691__00030.596,7.699378058518071,45.362191165,H691,_,00030,596
H691__00010.597,7.677357990054854,45.3643764,H691,_,00010,597
H691__00070.597,7.692990645436163,45.356191644999996,H691,_,00070,597
H691__00040.597,7.680709503331465,45.35636548,H691,_,00040,597
H691__00030.597,7.699587046028551,45.363030565,H691,_,00030,597
H691__00010.598,7.677070916533948,45.363688194999995,H691,_,00010,598
H691__00070.598,7.6926242116844605,45.356432350000006,H691,_,00070,598
H691__00040.598,7.682151427786902,45.35515115,H691,_,00040,598
H691__00030.598,7.699111689159548,45.363134985,H691,_,00030,598
H691__00010.599,7.678447142949245,45.36198429,H691,_,00010,599
H691__00040.599,7.681676587342357,45.354617395,H691,_,00040,599
H691__00030.599,7.699082567278772,45.363085319999996,H691,_,00030,599
H691__00010.6,7.68062691760594,45.36738707,H691,_,00010,6
H691__00080.6,7.707511391105017,45.361344020000004,H691,_,00080,6
H691__00070.6,7.692609898720125,45.35639936,H691,_,00070,6
H691__00040.6,7.680975146499479,45.36086715,H691,_,00040,6
H691__00030.6,7.690212084233883,45.361292665,H691,_,00030,6
H691__00020.6,7.692318804285366,45.369138410000005,H691,_,00020,6
H691__00010.60,7.687860318353737,45.369158065,H691,_,00010,60
H691__00080.60,7.712984365071336,45.354621605000006,H691,_,00080,60
H691__00060.60,7.686235334227401,45.354709299999996,H691,_,00060,60
H691__00040.60,7.684821366949574,45.358109915,H691,_,00040,60
H691__00030.60,7.696217409700382,45.35906587,H691,_,00030,60
H691__00020.60,7.692403102640666,45.36665939,H691,_,00020,60
H691__00010.600,7.685143802234977,45.361623800000004,H691,_,00010,600
H691__00050.600,7.690322452125676,45.35769351,H691,_,00050,600
H691__00040.600,7.681550651312845,45.354586065,H691,_,00040,600
H691__00030.600,7.699591361513722,45.362955385,H691,_,00030,600
H691__00030.601,7.699035574099611,45.362130745,H691,_,00030,601
H691__00040.601,7.679986533864077,45.355390709999995,H691,_,00040,601
H691__00010.602,7.686743427192148,45.361566890000006,H691,_,00010,602
H691__00070.602,7.702215637744581,45.352148415,H691,_,00070,602
H691__00040.602,7.67886574745442,45.355579885,H691,_,00040,602
H691__00030.602,7.698988462863094,45.363120515,H691,_,00030,602
H691__00010.603,7.687226195131167,45.361850759999996,H691,_,00010,603
H691__00050.603,7.690224893510501,45.357265115000004,H691,_,00050,603
H691__00030.603,7.700044981879197,45.362134955,H691,_,00030,603
H691__00010.604,7.689152827979791,45.362961935,H691,_,00010,604
H691__00050.604,7.690263970780965,45.35712284,H691,_,00050,604
H691__00040.604,7.683173053054545,45.35075322,H691,_,00040,604
H691__00030.604,7.700003842001459,45.362860575,H691,_,00030,604
H691__00010.605,7.687734384531677,45.365741485,H691,_,00010,605
H691__00070.605,7.69647147530759,45.352763195,H691,_,00070,605
H691__00050.605,7.690378681807072,45.357227394999995,H691,_,00050,605
H691__00030.605,7.6998157042197874,45.362964425,H691,_,00030,605
H691__00010.606,7.691183606952444,45.369793985,H691,_,00010,606
H691__00070.606,7.696773598003584,45.35274542,H691,_,00070,606
H691__00050.606,7.690549792500001,45.35721237,H691,_,00050,606
H691__00040.606,7.687269721934019,45.359449080000005,H691,_,00040,606
H691__00030.606,7.698800754624374,45.362645119999996,H691,_,00030,606
H691__00010.607,7.6903759837188,45.367671915,H691,_,00010,607
H691__00070.607,7.698270089359715,45.354013815,H691,_,00070,607
H691__00050.607,7.69062458343754,45.357275305,H691,_,00050,607
H691__00040.607,7.68738219778714,45.359439574999996,H691,_,00040,607
H691__00030.607,7.698841363999158,45.36313452,H691,_,00030,607
H691__00010.608,7.690486794526487,45.36766328,H691,_,00010,608
H691__00070.608,7.706205798740527,45.354828125,H691,_,00070,608
H691__00040.608,7.687437366751333,45.35942094,H691,_,00040,608
H691__00030.608,7.689573046519245,45.360679160000004,H691,_,00030,608
H691__00010.609,7.690570404261664,45.36756808,H691,_,00010,609
H691__00070.609,7.693409858970474,45.35640609,H691,_,00070,609
H691__00050.609,7.69049139886633,45.357499055000005,H691,_,00050,609
H691__00010.61,7.688067231920243,45.368954720000005,H691,_,00010,61
H691__00080.61,7.713072003399924,45.354899169999996,H691,_,00080,61
H691__00070.61,7.695998464841365,45.353712335,H691,_,00070,61
H691__00050.61,7.692136195389194,45.357715514999995,H691,_,00050,61
H691__00040.61,7.684153451051188,45.358119105,H691,_,00040,61
H691__00030.61,7.6967542125007125,45.35972176,H691,_,00030,61
H691__00020.61,7.692264027247097,45.36662263,H691,_,00020,61
H691__00010.610,7.68770964849094,45.364567635,H691,_,00010,610
H691__00050.610,7.69092522883055,45.35739669,H691,_,00050,610
H691__00030.610,7.69169228806471,45.362760255,H691,_,00030,610
H691__00010.611,7.688160129680028,45.364517000000006,H691,_,00010,611
H691__00050.611,7.691358725777022,45.357154695,H691,_,00050,611
H691__00040.611,7.687296798180837,45.35929891,H691,_,00040,611
H691__00030.611,7.691893021453461,45.362665675,H691,_,00030,611
H691__00010.612,7.691393572733082,45.363486755,H691,_,00010,612
H691__00070.612,7.704157544329945,45.35214457,H691,_,00070,612
H691__00040.612,7.684182362236644,45.357464285000006,H691,_,00040,612
H691__00010.613,7.688945188470176,45.36286883,H691,_,00010,613
H691__00050.613,7.690433669523111,45.357084505,H691,_,00050,613
H691__00040.613,7.681218482225066,45.35752633,H691,_,00040,613
H691__00030.613,7.695858086243582,45.3625619,H691,_,00030,613
H691__00010.614,7.680894292356386,45.36669414,H691,_,00010,614
H691__00040.614,7.676898509530426,45.35706295,H691,_,00040,614
H691__00030.614,7.691198881353581,45.35883283,H691,_,00030,614
H691__00010.615,7.681143776624162,45.36664581,H691,_,00010,615
H691__00040.615,7.676928186206387,45.356246725,H691,_,00040,615
H691__00030.615,7.691663885260157,45.361316314999996,H691,_,00030,615
H691__00010.616,7.685543006007268,45.36729489,H691,_,00010,616
H691__00070.616,7.692971483310995,45.354924620000006,H691,_,00070,616
H691__00010.617,7.685333526221049,45.36384419,H691,_,00010,617
H691__00070.617,7.700873836931548,45.356193884999996,H691,_,00070,617
H691__00050.617,7.691013722577705,45.357230720000004,H691,_,00050,617
H691__00010.618,7.680678460725007,45.36571751,H691,_,00010,618
H691__00040.618,7.680280473438803,45.35375653,H691,_,00040,618
H691__00010.619,7.680430937539446,45.363134215,H691,_,00010,619
H691__00050.619,7.691043097908581,45.35714331,H691,_,00050,619
H691__00040.619,7.686065943208812,45.350289195,H691,_,00040,619
H691__00010.62,7.688325731240881,45.368954959999996,H691,_,00010,62
H691__00080.62,7.713398909870911,45.355419409999996,H691,_,00080,62
H691__00050.62,7.6875545919116774,45.35895855,H691,_,00050,62
H691__00040.62,7.684084307799578,45.357466835,H691,_,00040,62
H691__00030.62,7.696700592546608,45.360018575,H691,_,00030,62
H691__00020.62,7.6922446142867145,45.36616152,H691,_,00020,62
H691__00040.620,7.6797854956058975,45.35341851,H691,_,00040,620
H691__00050.620,7.691182547321383,45.35725347,H691,_,00050,620
H691__00010.621,7.678757475032386,45.36236463,H691,_,00010,621
H691__00050.621,7.691230232161084,45.3572274,H691,_,00050,621
H691__00040.621,7.685130128363472,45.35435384,H691,_,00040,621
H691__00010.622,7.678918724546509,45.36210148,H691,_,00010,622
H691__00070.622,7.692907955827568,45.353916944999995,H691,_,00070,622
H691__00050.622,7.691311784673687,45.35718233,H691,_,00050,622
H691__00040.622,7.680646207827808,45.353821825,H691,_,00040,622
H691__00010.623,7.679083891156042,45.362224265,H691,_,00010,623
H691__00070.623,7.694721161180593,45.35650953,H691,_,00070,623
H691__00050.623,7.691407569279762,45.357129055,H691,_,00050,623
H691__00040.623,7.686706129939514,45.359532505,H691,_,00040,623
H691__00010.624,7.686232718796172,45.361861855,H691,_,00010,624
H691__00010.625,7.686065869779016,45.362755594999996,H691,_,00010,625
H691__00070.625,7.692932945383503,45.354361014999995,H691,_,00070,625
H691__00050.625,7.691223876180247,45.357128995,H691,_,00050,625
H691__00010.626,7.6870679148935706,45.362209359999994,H691,_,00010,626
H691__00050.626,7.691094755847967,45.35710021,H691,_,00050,626
H691__00040.626,7.685337437005449,45.358673554999996,H691,_,00040,626
H691__00010.627,7.688437792783768,45.361551945,H691,_,00010,627
H691__00070.627,7.697541554136158,45.35643455,H691,_,00070,627
H691__00040.627,7.684032228372251,45.360596535,H691,_,00040,627
H691__00010.628,7.6910640662653655,45.365626864999996,H691,_,00010,628
H691__00050.628,7.6910246066404095,45.35707977,H691,_,00050,628
H691__00010.629,7.682618315877811,45.36719367,H691,_,00010,629
H691__00040.629,7.686533006935514,45.357745300000005,H691,_,00040,629
H691__00010.63,7.687783436817298,45.368457945,H691,_,00010,63
H691__00050.63,7.691750016310884,45.35762627,H691,_,00050,63
H691__00040.63,7.683917730539317,45.357197235,H691,_,00040,63
H691__00030.63,7.696516436301359,45.360073944999996,H691,_,00030,63
H691__00020.63,7.692379118354415,45.365745765,H691,_,00020,63
H691__00010.630,7.685329818083392,45.365894045000005,H691,_,00010,630
H691__00050.630,7.691154976810858,45.35698707,H691,_,00050,630
H691__00010.631,7.685537304773474,45.365427885,H691,_,00010,631
H691__00040.631,7.682046797044253,45.358582665,H691,_,00040,631
H691__00040.632,7.679561937505765,45.358477015000005,H691,_,00040,632
H691__00010.633,7.686492977804454,45.364444025,H691,_,00010,633
H691__00070.633,7.7029367899064916,45.35587269,H691,_,00070,633
H691__00050.633,7.690964963864404,45.3570031,H691,_,00050,633
H691__00040.633,7.680632705538806,45.35713706,H691,_,00040,633
H691__00040.634,7.680329497121169,45.35753525,H691,_,00040,634
H691__00050.634,7.690942730244206,45.356896665,H691,_,00050,634
H691__00010.635,7.678552217797726,45.36299631,H691,_,00010,635
H691__00070.635,7.703908309638324,45.356233715,H691,_,00070,635
H691__00040.635,7.6841126608801185,45.354450975,H691,_,00040,635
H691__00010.636,7.6761200231720625,45.363361045,H691,_,00010,636
H691__00050.636,7.690849343435573,45.356957215,H691,_,00050,636
H691__00040.636,7.679290709438679,45.355475459999994,H691,_,00040,636
H691__00010.637,7.67992533695741,45.362535214999994,H691,_,00010,637
H691__00050.637,7.6910721959740105,45.35704578,H691,_,00050,637
H691__00040.637,7.683747103939451,45.354172,H691,_,00040,637
H691__00010.638,7.682247123920357,45.36199073,H691,_,00010,638
H691__00040.639,7.677288281651766,45.34711463,H691,_,00040,639
H691__00070.639,7.695848044358964,45.355213675,H691,_,00070,639
H691__00010.64,7.687755372490435,45.368069215000006,H691,_,00010,64
H691__00050.64,7.691852483463087,45.35763217,H691,_,00050,64
H691__00040.64,7.683706682061313,45.35704586,H691,_,00040,64
H691__00030.64,7.69638419858058,45.36011776,H691,_,00030,64
H691__00020.64,7.692713264074367,45.365679285,H691,_,00020,64
H691__00010.640,7.686868863631734,45.361383665000005,H691,_,00010,640
H691__00070.640,7.695730485036256,45.355215965,H691,_,00070,640
H691__00050.640,7.6891200330035225,45.357348435000006,H691,_,00050,640
H691__00010.641,7.686617222698207,45.359990435,H691,_,00010,641
H691__00070.641,7.695789788475942,45.3547074,H691,_,00070,641
H691__00050.641,7.690580779113288,45.356937724999995,H691,_,00050,641
H691__00010.642,7.6874094350258275,45.359999805,H691,_,00010,642
H691__00070.642,7.695592461132865,45.35531929,H691,_,00070,642
H691__00040.642,7.684272554642256,45.35393879,H691,_,00040,642
H691__00050.643,7.6900778056979835,45.356998759999996,H691,_,00050,643
H691__00070.643,7.6954642049384105,45.355412255000005,H691,_,00070,643
H691__00010.644,7.688495034419634,45.363196415,H691,_,00010,644
H691__00070.644,7.695338473075118,45.355509205000004,H691,_,00070,644
H691__00050.644,7.689949011695988,45.35713338,H691,_,00050,644
H691__00040.644,7.685719278452366,45.359248629999996,H691,_,00040,644
H691__00010.645,7.689137439242589,45.362147955,H691,_,00010,645
H691__00070.645,7.695246062063591,45.35558306,H691,_,00070,645
H691__00050.645,7.689908268370765,45.357083455,H691,_,00050,645
H691__00010.646,7.68891823555397,45.367530285,H691,_,00010,646
H691__00070.646,7.695771091347262,45.35534633,H691,_,00070,646
H691__00050.646,7.689709734640045,45.35696135,H691,_,00050,646
H691__00040.646,7.6787518520456945,45.35787829,H691,_,00040,646
H691__00010.647,7.691382368661603,45.369834815000004,H691,_,00010,647
H691__00070.647,7.694973178434602,45.35413235,H691,_,00070,647
H691__00040.647,7.681770590639211,45.349666325,H691,_,00040,647
H691__00010.648,7.686357104967099,45.360182545,H691,_,00010,648
H691__00070.648,7.6968642347140666,45.35631994,H691,_,00070,648
H691__00050.649,7.689092982835485,45.3575931,H691,_,00050,649
H691__00070.649,7.699348963475531,45.352696925000004,H691,_,00070,649
H691__00010.65,7.68776151680596,45.367483875000005,H691,_,00010,65
H691__00080.65,7.7102037973130635,45.359103450000006,H691,_,00080,65
H691__00060.65,7.685808687478234,45.35387536,H691,_,00060,65
H691__00040.65,7.6831329278719895,45.357321784999996,H691,_,00040,65
H691__00030.65,7.696201100687715,45.360047115,H691,_,00030,65
H691__00020.65,7.692984601682542,45.365657005,H691,_,00020,65
H691__00040.650,7.684188701351426,45.360356605,H691,_,00040,650
H691__00050.650,7.689787177382438,45.357210625,H691,_,00050,650
H691__00010.651,7.679580491248363,45.36389321,H691,_,00010,651
H691__00010.652,7.683677088735372,45.366972105,H691,_,00010,652
H691__00010.653,7.686331616423537,45.365861484999996,H691,_,00010,653
H691__00070.653,7.697067994253711,45.355694935,H691,_,00070,653
H691__00010.654,7.686507189874265,45.36554869,H691,_,00010,654
H691__00050.654,7.689531670060084,45.35700292,H691,_,00050,654
H691__00010.655,7.677710649016785,45.362913725,H691,_,00010,655
H691__00070.655,7.6928733473426725,45.353808744999995,H691,_,00070,655
H691__00010.656,7.690780992834773,45.368065595000004,H691,_,00010,656
H691__00050.656,7.68898552065488,45.357642365000004,H691,_,00050,656
H691__00040.656,7.684749541720375,45.35991588,H691,_,00040,656
H691__00040.657,7.68512828143713,45.35920691,H691,_,00040,657
H691__00070.657,7.7013956922611015,45.355246705,H691,_,00070,657
H691__00050.657,7.6894506662031405,45.357063805,H691,_,00050,657
H691__00010.659,7.6830758572156626,45.36265588,H691,_,00010,659
H691__00070.659,7.704606334372269,45.356514905,H691,_,00070,659
H691__00050.659,7.688194373500723,45.35808462,H691,_,00050,659
H691__00010.66,7.687706817253677,45.366840675,H691,_,00010,66
H691__00060.66,7.68532209908655,45.353983415,H691,_,00060,66
H691__00040.66,7.683686371670449,45.358191430000005,H691,_,00040,66
H691__00030.66,7.696008575419184,45.360028325,H691,_,00030,66
H691__00020.66,7.693217207830148,45.365654515,H691,_,00020,66
H691__00010.660,7.687542416730491,45.363092755,H691,_,00010,660
H691__00040.660,7.681420839405577,45.354598845,H691,_,00040,660
H691__00010.661,7.6768973656343995,45.36358912,H691,_,00010,661
H691__00070.661,7.704117322553576,45.356322915,H691,_,00070,661
H691__00040.661,7.680831903778546,45.35462716,H691,_,00040,661
H691__00040.662,7.684767715152603,45.35411661,H691,_,00040,662
H691__00050.662,7.689272166833145,45.357086405,H691,_,00050,662
H691__00040.663,7.683736950735222,45.353666849999996,H691,_,00040,663
H691__00070.663,7.704178262650874,45.35634582,H691,_,00070,663
H691__00040.664,7.684153151531266,45.353781409999996,H691,_,00040,664
H691__00010.665,7.6827197793658,45.36257509,H691,_,00010,665
H691__00070.665,7.709229622740995,45.35570131,H691,_,00070,665
H691__00050.665,7.6892898978640805,45.357157575,H691,_,00050,665
H691__00010.666,7.6830178663923885,45.36234503,H691,_,00010,666
H691__00070.666,7.703031437602163,45.35590831499999,H691,_,00070,666
H691__00040.666,7.681803463198223,45.35377572,H691,_,00040,666
H691__00010.667,7.683026495910448,45.36242456,H691,_,00010,667
H691__00040.667,7.681651240618994,45.353706,H691,_,00040,667
H691__00010.668,7.679278017093144,45.36281036,H691,_,00010,668
H691__00070.668,7.703143221478504,45.355959155,H691,_,00070,668
H691__00010.669,7.679444569416432,45.36276305,H691,_,00010,669
H691__00050.669,7.687324989946182,45.35813322,H691,_,00050,669
H691__00010.67,7.6875849011070425,45.367017525,H691,_,00010,67
H691__00080.67,7.709522628531703,45.36070927,H691,_,00080,67
H691__00060.67,7.685760134656633,45.35363866,H691,_,00060,67
H691__00040.67,7.683578538049707,45.358200894999996,H691,_,00040,67
H691__00030.67,7.696277866464019,45.359656945,H691,_,00030,67
H691__00020.67,7.693421135735492,45.365703675000006,H691,_,00020,67
H691__00040.670,7.680836287064861,45.35276091,H691,_,00040,670
H691__00070.670,7.692868181402883,45.355863285,H691,_,00070,670
H691__00010.671,7.67759196966546,45.363325225,H691,_,00010,671
H691__00070.671,7.710360519038025,45.354327755,H691,_,00070,671
H691__00010.672,7.67649778129328,45.36409789,H691,_,00010,672
H691__00070.672,7.701809399342224,45.355425714999996,H691,_,00070,672
H691__00050.673,7.689491782067538,45.35719876,H691,_,00050,673
H691__00050.674,7.689095036966277,45.357496035,H691,_,00050,674
H691__00070.674,7.7018995341327345,45.355445399999994,H691,_,00070,674
H691__00050.675,7.688842854014942,45.357338115000005,H691,_,00050,675
H691__00010.676,7.676371831449751,45.36400991,H691,_,00010,676
H691__00070.676,7.702062024655865,45.35552295,H691,_,00070,676
H691__00010.677,7.679503829341604,45.361172545,H691,_,00010,677
H691__00050.677,7.688936537142857,45.357611885,H691,_,00050,677
H691__00010.678,7.679828692524984,45.362631385,H691,_,00010,678
H691__00010.679,7.679926591513235,45.362416455,H691,_,00010,679
H691__00010.68,7.687630584030987,45.36743342,H691,_,00010,68
H691__00080.68,7.7102282783269525,45.360226615,H691,_,00080,68
H691__00070.68,7.697003677146016,45.35254132,H691,_,00070,68
H691__00060.68,7.685623210592639,45.353641010000004,H691,_,00060,68
H691__00040.68,7.683484415594535,45.35821951,H691,_,00040,68
H691__00030.68,7.695605132745969,45.35944906,H691,_,00030,68
H691__00020.68,7.693939757984493,45.36567349,H691,_,00020,68
H691__00040.680,7.686695029975732,45.35932012,H691,_,00040,680
H691__00070.680,7.692491323512881,45.35443202,H691,_,00070,680
H691__00010.681,7.6830702602786145,45.36185931,H691,_,00010,681
H691__00040.681,7.6842983451272024,45.354502025,H691,_,00040,681
H691__00050.682,7.688291601946738,45.35649533,H691,_,00050,682
H691__00010.683,7.689701067154185,45.362197775,H691,_,00010,683
H691__00010.684,7.680143117326831,45.36525528,H691,_,00010,684
H691__00040.684,7.6796250677316635,45.351300615,H691,_,00040,684
H691__00040.685,7.685014885916122,45.354248505,H691,_,00040,685
H691__00010.686,7.6783998673011675,45.36336987,H691,_,00010,686
H691__00050.686,7.688278755782182,45.35637766000001,H691,_,00050,686
H691__00040.686,7.681834862988554,45.35328716,H691,_,00040,686
H691__00010.687,7.683276053267247,45.366944860000004,H691,_,00010,687
H691__00070.687,7.694012514578073,45.35543313,H691,_,00070,687
H691__00040.687,7.685550369511315,45.359837615,H691,_,00040,687
H691__00010.688,7.687363487124456,45.367601475,H691,_,00010,688
H691__00010.69,7.68750514624133,45.3675878,H691,_,00010,69
H691__00080.69,7.710880090873134,45.35970908,H691,_,00080,69
H691__00070.69,7.697077320370511,45.35295992,H691,_,00070,69
H691__00060.69,7.686086366590069,45.353011835000004,H691,_,00060,69
H691__00050.69,7.686936159485041,45.359145955,H691,_,00050,69
H691__00040.69,7.683393713406813,45.358227995,H691,_,00040,69
H691__00030.69,7.695861271079165,45.360109789999996,H691,_,00030,69
H691__00020.69,7.694193425483338,45.36575678,H691,_,00020,69
H691__00040.691,7.680806581000386,45.35790016999999,H691,_,00040,691
H691__00050.692,7.6888886719246425,45.357683255,H691,_,00050,692
H691__00010.693,7.680037894427357,45.365588110000004,H691,_,00010,693
H691__00010.694,7.679738732920195,45.362831885,H691,_,00010,694
H691__00050.694,7.688435953804119,45.357578315,H691,_,00050,694
H691__00040.694,7.682852033184865,45.35640713,H691,_,00040,694
H691__00010.696,7.687758404570285,45.359856585,H691,_,00010,696
H691__00050.696,7.688746409822524,45.35779759,H691,_,00050,696
H691__00010.697,7.6880805991711565,45.36301634,H691,_,00010,697
H691__00050.697,7.688548787683322,45.35775814,H691,_,00050,697
H691__00040.697,7.683993823996395,45.3544026,H691,_,00040,697
H691__00050.698,7.68897413634283,45.357075935,H691,_,00050,698
H691__00040.699,7.680796212140418,45.35536075,H691,_,00040,699
H691__00010.7,7.68157864041567,45.367473625,H691,_,00010,7
H691__00070.7,7.692388119660279,45.35613506,H691,_,00070,7
H691__00060.7,7.689390785423289,45.355737325,H691,_,00060,7
H691__00050.7,7.686420372498304,45.35821995,H691,_,00050,7
H691__00040.7,7.679984846944047,45.359972495,H691,_,00040,7
H691__00030.7,7.690263434916075,45.361429619999996,H691,_,00030,7
H691__00020.7,7.6932853943762325,45.36932562,H691,_,00020,7
H691__00010.70,7.687450294839669,45.366673135,H691,_,00010,70
H691__00070.70,7.6973189460688225,45.352742705,H691,_,00070,70
H691__00060.70,7.685583112424055,45.353529785000006,H691,_,00060,70
H691__00040.70,7.683230383671798,45.358164495,H691,_,00040,70
H691__00030.70,7.695664143306859,45.36006222,H691,_,00030,70
H691__00020.70,7.694387657604856,45.366458815,H691,_,00020,70
H691__00010.701,7.683664969943259,45.361665725,H691,_,00010,701
H691__00040.701,7.6838478224784685,45.35917454,H691,_,00040,701
H691__00010.702,7.684385870460018,45.36076578,H691,_,00010,702
H691__00040.702,7.678416460512972,45.35464988,H691,_,00040,702
H691__00010.703,7.6759276083667425,45.36383311,H691,_,00010,703
H691__00040.703,7.678489843289757,45.355187625,H691,_,00040,703
H691__00010.704,7.684092370700271,45.36257876,H691,_,00010,704
H691__00010.705,7.682298372128432,45.364923669999996,H691,_,00010,705
H691__00050.705,7.688192631179135,45.35778734,H691,_,00050,705
H691__00040.706,7.678942539538484,45.359120465000004,H691,_,00040,706
H691__00050.706,7.688225303173522,45.357899175,H691,_,00050,706
H691__00010.707,7.683955362034409,45.362374945,H691,_,00010,707
H691__00040.707,7.678463040282699,45.359241885,H691,_,00040,707
H691__00040.708,7.684232928862587,45.350928785,H691,_,00040,708
H691__00040.709,7.678735644668217,45.351662865,H691,_,00040,709
H691__00050.709,7.688285578195265,45.35802527,H691,_,00050,709
H691__00010.71,7.6873405605581135,45.366847865,H691,_,00010,71
H691__00080.71,7.712032960509753,45.358620335,H691,_,00080,71
H691__00070.71,7.697827808683742,45.35262279,H691,_,00070,71
H691__00060.71,7.685633175473347,45.353279175,H691,_,00060,71
H691__00050.71,7.686648434215085,45.35908372,H691,_,00050,71
H691__00040.71,7.68293346894333,45.357910685,H691,_,00040,71
H691__00030.71,7.695405515626417,45.360065475,H691,_,00030,71
H691__00020.71,7.694535924354833,45.366103255,H691,_,00020,71
H691__00040.710,7.67879209096788,45.351679250000004,H691,_,00040,710
H691__00050.710,7.688114364487804,45.357984135,H691,_,00050,710
H691__00010.711,7.690140687575504,45.362480615,H691,_,00010,711
H691__00050.711,7.688156085138971,45.358108869999995,H691,_,00050,711
H691__00040.711,7.678829904500127,45.351676620000006,H691,_,00040,711
H691__00010.713,7.682162758770891,45.366153985,H691,_,00010,713
H691__00040.713,7.6831112232756995,45.353193665,H691,_,00040,713
H691__00010.714,7.6879421321631565,45.362362775,H691,_,00010,714
H691__00010.715,7.681369401617143,45.36769482,H691,_,00010,715
H691__00050.715,7.688382731214493,45.357236560000004,H691,_,00050,715
H691__00040.715,7.6842707770921415,45.35387146,H691,_,00040,715
H691__00010.716,7.682807877823231,45.366500345,H691,_,00010,716
H691__00040.716,7.685608221203017,45.356873615,H691,_,00040,716
H691__00010.717,7.686559577648471,45.36368024,H691,_,00010,717
H691__00040.717,7.67829689446778,45.35657257,H691,_,00040,717
H691__00010.718,7.688131009585326,45.362250375,H691,_,00010,718
H691__00050.718,7.687884711091176,45.357921915,H691,_,00050,718
H691__00010.719,7.685148142832681,45.364386785,H691,_,00010,719
H691__00010.72,7.687125145117688,45.365947105000004,H691,_,00010,72
H691__00070.72,7.69816625377663,45.353020650000005,H691,_,00070,72
H691__00060.72,7.685427130525495,45.353287715,H691,_,00060,72
H691__00040.72,7.682739252262893,45.35819643,H691,_,00040,72
H691__00030.72,7.695113024888781,45.360104164999996,H691,_,00030,72
H691__00020.72,7.694695749366968,45.36607565,H691,_,00020,72
H691__00010.720,7.682874651797096,45.366494,H691,_,00010,720
H691__00010.721,7.685142505617968,45.364779055,H691,_,00010,721
H691__00010.723,7.689063533539185,45.361550699999995,H691,_,00010,723
H691__00050.723,7.687990229410634,45.35806632,H691,_,00050,723
H691__00040.723,7.6863484453515,45.35908098,H691,_,00040,723
H691__00010.724,7.681498278803344,45.367586365,H691,_,00010,724
H691__00040.724,7.686408705751129,45.359023745,H691,_,00040,724
H691__00010.725,7.685988501389035,45.36379893,H691,_,00010,725
H691__00010.726,7.681229280380644,45.36777932,H691,_,00010,726
H691__00050.726,7.6881725329366395,45.357246024999995,H691,_,00050,726
H691__00010.727,7.68244234852532,45.36309458,H691,_,00010,727
H691__00050.727,7.688194131819214,45.35723202,H691,_,00050,727
H691__00040.727,7.686403505432349,45.35910992,H691,_,00040,727
H691__00010.728,7.682481781629136,45.362486875,H691,_,00010,728
H691__00050.728,7.688318869742602,45.357222815,H691,_,00050,728
H691__00040.728,7.686459062381713,45.359129035,H691,_,00040,728
H691__00010.729,7.683818332819721,45.365796335,H691,_,00010,729
H691__00040.729,7.685823172480767,45.359759855,H691,_,00040,729
H691__00010.73,7.687207681039544,45.36760162,H691,_,00010,73
H691__00070.73,7.69835442331321,45.35304707,H691,_,00070,73
H691__00060.73,7.68534038962869,45.35324389,H691,_,00060,73
H691__00050.73,7.686611441559927,45.35905099,H691,_,00050,73
H691__00040.73,7.682573828546049,45.3580336,H691,_,00040,73
H691__00030.73,7.695038420857426,45.359067815,H691,_,00030,73
H691__00020.73,7.694792594364271,45.365719555,H691,_,00020,73
H691__00010.730,7.68572826732996,45.363897385,H691,_,00010,730
H691__00050.730,7.687573865764405,45.3582153,H691,_,00050,730
H691__00010.731,7.682988352412672,45.366496935,H691,_,00010,731
H691__00040.731,7.686492139899455,45.359137855,H691,_,00040,731
H691__00010.732,7.685341045014008,45.364217065000005,H691,_,00010,732
H691__00050.732,7.687842956624057,45.358269455,H691,_,00050,732
H691__00050.733,7.687779470010101,45.358228960000005,H691,_,00050,733
H691__00010.734,7.685585569304485,45.3640144,H691,_,00010,734
H691__00050.734,7.687725494970134,45.358283435000004,H691,_,00050,734
H691__00040.734,7.686530693800338,45.35914854000001,H691,_,00040,734
H691__00010.735,7.685169581172988,45.36502545,H691,_,00010,735
H691__00050.735,7.687784301225067,45.358301405,H691,_,00050,735
H691__00010.737,7.678485235412888,45.36372974,H691,_,00010,737
H691__00040.737,7.686557521681439,45.359171125,H691,_,00040,737
H691__00010.738,7.678561471813701,45.36355939,H691,_,00010,738
H691__00050.738,7.687618564063556,45.358373075,H691,_,00050,738
H691__00040.738,7.685994777430984,45.359562515,H691,_,00040,738
H691__00010.739,7.678378732896522,45.363704694999996,H691,_,00010,739
H691__00010.74,7.687037401062576,45.36760162,H691,_,00010,74
H691__00070.74,7.6985568728288,45.35280606,H691,_,00070,74
H691__00060.74,7.68488175662055,45.353432715,H691,_,00060,74
H691__00050.74,7.686499301532281,45.35903766,H691,_,00050,74
H691__00040.74,7.68245843889896,45.3580491,H691,_,00040,74
H691__00030.74,7.695436911799861,45.358783224999996,H691,_,00030,74
H691__00020.74,7.694855820484189,45.36697574,H691,_,00020,74
H691__00010.740,7.678687694280434,45.36295996,H691,_,00010,740
H691__00050.740,7.687606537024591,45.358469150000005,H691,_,00050,740
H691__00010.741,7.678650864156281,45.363769524999995,H691,_,00010,741
H691__00050.741,7.687511863527295,45.358400610000004,H691,_,00050,741
H691__00010.742,7.678732485821413,45.363598780000004,H691,_,00010,742
H691__00050.742,7.68745439856011,45.358337184999996,H691,_,00050,742
H691__00040.742,7.683911911570837,45.360456915,H691,_,00040,742
H691__00010.743,7.681047490542482,45.36390829,H691,_,00010,743
H691__00050.743,7.687436379783833,45.358295465,H691,_,00050,743
H691__00010.744,7.6812315513237,45.363931615,H691,_,00010,744
H691__00040.744,7.683102072546044,45.352932800000005,H691,_,00040,744
H691__00010.745,7.681338642842949,45.363598195,H691,_,00010,745
H691__00050.745,7.68773269737477,45.35812296,H691,_,00050,745
H691__00050.746,7.687579781892258,45.357984439999996,H691,_,00050,746
H691__00050.747,7.68756408984801,45.358057185,H691,_,00050,747
H691__00010.749,7.683988847302475,45.367155100000005,H691,_,00010,749
H691__00010.75,7.687012337420472,45.36609742,H691,_,00010,75
H691__00080.75,7.71007444136527,45.3567475,H691,_,00080,75
H691__00070.75,7.698711854940905,45.35279437,H691,_,00070,75
H691__00060.75,7.685171048012708,45.353159344999995,H691,_,00060,75
H691__00050.75,7.686454382520773,45.35902254,H691,_,00050,75
H691__00040.75,7.682082105081545,45.35734169,H691,_,00040,75
H691__00030.75,7.694776691145667,45.360232315,H691,_,00030,75
H691__00020.75,7.694984798186514,45.36690456,H691,_,00020,75
H691__00010.751,7.687955383585974,45.361275035000006,H691,_,00010,751
H691__00040.751,7.685236097138686,45.359523955,H691,_,00040,751
H691__00010.752,7.676578645544369,45.36390538,H691,_,00010,752
H691__00010.753,7.6764310032514445,45.363875305,H691,_,00010,753
H691__00050.753,7.687265841129019,45.358173965,H691,_,00050,753
H691__00040.753,7.685608900564013,45.359782075,H691,_,00040,753
H691__00010.754,7.678142932375026,45.36373908,H691,_,00010,754
H691__00010.755,7.67825038892436,45.363077175,H691,_,00010,755
H691__00050.755,7.687565835996873,45.357678574999994,H691,_,00050,755
H691__00040.755,7.685638160081001,45.359798375,H691,_,00040,755
H691__00010.756,7.67806107002405,45.36378905,H691,_,00010,756
H691__00050.757,7.6867597942655514,45.357243415,H691,_,00050,757
H691__00040.758,7.684510519359247,45.35383666,H691,_,00040,758
H691__00050.758,7.688252465961353,45.357263395000004,H691,_,00050,758
H691__00010.759,7.677910655566828,45.36376155000001,H691,_,00010,759
H691__00050.759,7.688332083562199,45.357306135,H691,_,00050,759
H691__00040.759,7.684354170283665,45.354067549999996,H691,_,00040,759
H691__00010.76,7.6868608821345585,45.365590354999995,H691,_,00010,76
H691__00060.76,7.685559312179091,45.352223460000005,H691,_,00060,76
H691__00050.76,7.691734777270981,45.357546575,H691,_,00050,76
H691__00040.76,7.682401183122824,45.35834111,H691,_,00040,76
H691__00030.76,7.695583666405721,45.36059415,H691,_,00030,76
H691__00020.76,7.694958553470643,45.366096854999995,H691,_,00020,76
H691__00040.760,7.684770676018143,45.357308935,H691,_,00040,760
H691__00050.760,7.688394271344772,45.357304935,H691,_,00050,760
H691__00040.761,7.684752461196682,45.356632195,H691,_,00040,761
H691__00050.761,7.6879536743987265,45.357465864999995,H691,_,00050,761
H691__00040.762,7.685320964091549,45.35971845,H691,_,00040,762
H691__00010.763,7.682238688035128,45.36151094,H691,_,00010,763
H691__00050.763,7.686798344909688,45.356605814999995,H691,_,00050,763
H691__00040.763,7.681473498797068,45.353664685,H691,_,00040,763
H691__00040.764,7.684502063686187,45.359862289999995,H691,_,00040,764
H691__00010.765,7.690897971635099,45.36762682,H691,_,00010,765
H691__00050.765,7.687430880543034,45.35666218,H691,_,00050,765
H691__00040.765,7.6805858139116046,45.3569161,H691,_,00040,765
H691__00040.766,7.685500630510775,45.359374195,H691,_,00040,766
H691__00050.766,7.687844798446656,45.356992115,H691,_,00050,766
H691__00010.767,7.689953853384613,45.362394484999996,H691,_,00010,767
H691__00010.768,7.690048210462342,45.362437835,H691,_,00010,768
H691__00010.769,7.683436948592269,45.36239552,H691,_,00010,769
H691__00050.769,7.688307567673532,45.35691269,H691,_,00050,769
H691__00040.769,7.680877138362835,45.351909365,H691,_,00040,769
H691__00010.77,7.686523220679151,45.36675928,H691,_,00010,77
H691__00080.77,7.707762203445858,45.356975985,H691,_,00080,77
H691__00060.77,7.685713299845595,45.352367015,H691,_,00060,77
H691__00050.77,7.686789184856863,45.35884797,H691,_,00050,77
H691__00040.77,7.682309869783383,45.358519085,H691,_,00040,77
H691__00030.77,7.695134693255346,45.360826825000004,H691,_,00030,77
H691__00020.77,7.695069774669642,45.36609927,H691,_,00020,77
H691__00010.770,7.683596459721819,45.362343625,H691,_,00010,770
H691__00010.771,7.683937061560248,45.36222314,H691,_,00010,771
H691__00040.771,7.68166031696869,45.35169258,H691,_,00040,771
H691__00010.772,7.68743274458266,45.360642245,H691,_,00010,772
H691__00010.773,7.687143595130159,45.360707565,H691,_,00010,773
H691__00070.773,7.69363014603832,45.354937750000005,H691,_,00070,773
H691__00050.773,7.688822935860973,45.356585105,H691,_,00050,773
H691__00010.774,7.687796145168978,45.36082777,H691,_,00010,774
H691__00010.775,7.6880437315014785,45.36063686,H691,_,00010,775
H691__00010.776,7.688135475481863,45.360699455,H691,_,00010,776
H691__00050.777,7.6888320320527175,45.356912315,H691,_,00050,777
H691__00010.778,7.6873923655008785,45.360862100000006,H691,_,00010,778
H691__00050.778,7.688888124898531,45.356899515,H691,_,00050,778
H691__00010.779,7.687787780111622,45.36053045,H691,_,00010,779
H691__00070.779,7.693725622531051,45.3549402,H691,_,00070,779
H691__00050.779,7.6889402458688405,45.35689823,H691,_,00050,779
H691__00010.78,7.6861354159089865,45.366120589999994,H691,_,00010,78
H691__00080.78,7.708347243796508,45.356801915000005,H691,_,00080,78
H691__00070.78,7.698720455653665,45.35340463,H691,_,00070,78
H691__00060.78,7.685921936364551,45.35217624,H691,_,00060,78
H691__00040.78,7.682181671461864,45.358546745,H691,_,00040,78
H691__00030.78,7.694251071451007,45.36097086,H691,_,00030,78
H691__00020.78,7.695066443619659,45.366846190000004,H691,_,00020,78
H691__00010.780,7.687997450183008,45.36048771,H691,_,00010,780
H691__00050.780,7.689002910823991,45.356966424999996,H691,_,00050,780
H691__00010.781,7.688231278285455,45.36023718,H691,_,00010,781
H691__00050.782,7.688995285644992,45.357022565,H691,_,00050,782
H691__00050.783,7.6889663007305575,45.35711115,H691,_,00050,783
H691__00010.784,7.6833455058474325,45.362334845,H691,_,00010,784
H691__00050.784,7.688906899444394,45.356960465,H691,_,00050,784
H691__00040.784,7.682797263649684,45.351992010000004,H691,_,00040,784
H691__00010.785,7.683462203383433,45.362207944999994,H691,_,00010,785
H691__00050.785,7.688866549371494,45.356960990000005,H691,_,00050,785
H691__00010.786,7.6833361508189375,45.362117425,H691,_,00010,786
H691__00050.786,7.68895132176657,45.35714485,H691,_,00050,786
H691__00010.787,7.683331023216043,45.361986725,H691,_,00010,787
H691__00050.787,7.688899490642346,45.35714446,H691,_,00050,787
H691__00040.787,7.686235588291197,45.359353005,H691,_,00040,787
H691__00010.788,7.683327643172868,45.361895445,H691,_,00010,788
H691__00050.788,7.688836104948092,45.356977985,H691,_,00050,788
H691__00040.788,7.685577946470364,45.354634255,H691,_,00040,788
H691__00040.789,7.682117812374134,45.351814725,H691,_,00040,789
H691__00050.789,7.688750066768224,45.35691382500001,H691,_,00050,789
H691__00010.79,7.685814043289551,45.366051735,H691,_,00010,79
H691__00080.79,7.710717421784777,45.358709770000004,H691,_,00080,79
H691__00070.79,7.698366994910984,45.353642435,H691,_,00070,79
H691__00060.79,7.686164547885132,45.35193432,H691,_,00060,79
H691__00040.79,7.681776795187781,45.357531269999996,H691,_,00040,79
H691__00030.79,7.694306423911215,45.36077498,H691,_,00030,79
H691__00020.79,7.695128848395182,45.366787825,H691,_,00020,79
H691__00010.790,7.6834228587238735,45.3621158,H691,_,00010,790
H691__00070.790,7.693507523407314,45.355670974999995,H691,_,00070,790
H691__00050.790,7.691542149025802,45.356840385,H691,_,00050,790
H691__00040.790,7.68134812343696,45.350913559999995,H691,_,00040,790
H691__00010.791,7.683417259743454,45.361997815,H691,_,00010,791
H691__00050.791,7.688752591344028,45.35712250500001,H691,_,00050,791
H691__00040.791,7.681696997554209,45.350838405000005,H691,_,00040,791
H691__00010.792,7.683454419544313,45.3618285,H691,_,00010,792
H691__00070.792,7.6932749025155935,45.353483589999996,H691,_,00070,792
H691__00050.792,7.688884439961749,45.357075935,H691,_,00050,792
H691__00040.792,7.68005518109365,45.351402955,H691,_,00040,792
H691__00010.793,7.683406644569649,45.36175767,H691,_,00010,793
H691__00010.794,7.683545419789225,45.3623109,H691,_,00010,794
H691__00040.794,7.68026896101711,45.351393325000004,H691,_,00040,794
H691__00010.796,7.683545056334943,45.362113545,H691,_,00010,796
H691__00050.796,7.688589648820228,45.357240790000006,H691,_,00050,796
H691__00040.796,7.680521468882395,45.35133878,H691,_,00040,796
H691__00010.797,7.6835393372693535,45.361996365,H691,_,00010,797
H691__00070.797,7.692955588768973,45.352716355,H691,_,00070,797
H691__00050.797,7.688537017646285,45.35723867,H691,_,00050,797
H691__00010.798,7.683657401508675,45.36200411,H691,_,00010,798
H691__00070.798,7.693324825637708,45.354789440000005,H691,_,00070,798
H691__00050.798,7.688463659932326,45.357252450000004,H691,_,00050,798
H691__00040.798,7.680404292567838,45.351303585,H691,_,00040,798
H691__00010.799,7.683576124175718,45.361855325,H691,_,00010,799
H691__00040.799,7.680126986321804,45.350896070000005,H691,_,00040,799
H691__00010.8,7.68057906891989,45.367017085,H691,_,00010,8
H691__00060.8,7.6900412812032,45.35560155,H691,_,00060,8
H691__00030.8,7.6903644004787735,45.36152405,H691,_,00030,8
H691__00020.8,7.69337492765642,45.369643354999994,H691,_,00020,8
H691__00010.80,7.685880797037315,45.365541625000006,H691,_,00010,80
H691__00070.80,7.697895072215452,45.35395123,H691,_,00070,80
H691__00060.80,7.686365527058019,45.35190018,H691,_,00060,80
H691__00040.80,7.681901801511024,45.35858963,H691,_,00040,80
H691__00030.80,7.694260354503065,45.360544715,H691,_,00030,80
H691__00020.80,7.695153108564895,45.365983305,H691,_,00020,80
H691__00010.800,7.6834799073728455,45.361763839999995,H691,_,00010,800
H691__00050.800,7.6883139223521475,45.357145095,H691,_,00050,800
H691__00040.800,7.681046515270458,45.350895054999995,H691,_,00040,800
H691__00010.801,7.679775439589482,45.36460776,H691,_,00010,801
H691__00070.801,7.693854085928892,45.354970155000004,H691,_,00070,801
H691__00010.802,7.679513289108582,45.36514178,H691,_,00010,802
H691__00010.803,7.679927519804833,45.36437018,H691,_,00010,803
H691__00050.803,7.6883374487037095,45.357183215,H691,_,00050,803
H691__00040.803,7.685247152253231,45.352324089999996,H691,_,00040,803
H691__00010.804,7.679946712639779,45.364247410000004,H691,_,00010,804
H691__00050.804,7.6885066854050494,45.357144475,H691,_,00050,804
H691__00010.805,7.6803237679541105,45.363589305,H691,_,00010,805
H691__00070.805,7.6934967645165795,45.353693935,H691,_,00070,805
H691__00050.805,7.688147843763619,45.357257829999995,H691,_,00050,805
H691__00010.806,7.6804035677688915,45.36270265,H691,_,00010,806
H691__00050.806,7.689087107272235,45.35676118,H691,_,00050,806
H691__00040.806,7.685068179927035,45.35226121,H691,_,00040,806
H691__00010.807,7.6803991052050975,45.36344196,H691,_,00010,807
H691__00050.807,7.68941183142439,45.35657461,H691,_,00050,807
H691__00050.808,7.689901264502764,45.35633918,H691,_,00050,808
H691__00040.809,7.684919428705026,45.3522351,H691,_,00040,809
H691__00050.809,7.6898440913752655,45.356648915,H691,_,00050,809
H691__00010.81,7.685605190230914,45.36588388,H691,_,00010,81
H691__00080.81,7.710199732586409,45.355767965,H691,_,00080,81
H691__00070.81,7.697773746285879,45.35395123,H691,_,00070,81
H691__00060.81,7.686876439820069,45.35212574,H691,_,00060,81
H691__00040.81,7.681684875758357,45.357967869999996,H691,_,00040,81
H691__00030.81,7.694538964588618,45.358997755000004,H691,_,00030,81
H691__00020.81,7.695267804140428,45.36609566,H691,_,00020,81
H691__00010.810,7.680218999604223,45.36381063,H691,_,00010,810
H691__00070.810,7.69400571451941,45.35466876,H691,_,00070,810
H691__00010.811,7.687552823839528,45.36098761,H691,_,00010,811
H691__00070.811,7.694011070975982,45.35413709,H691,_,00070,811
H691__00010.812,7.682825730314375,45.361852940000006,H691,_,00010,812
H691__00040.812,7.684760293429749,45.352234435,H691,_,00040,812
H691__00070.813,7.69428435862177,45.35407274,H691,_,00070,813
H691__00010.814,7.680119141097496,45.363094985000004,H691,_,00010,814
H691__00070.814,7.695924282893577,45.354080295,H691,_,00070,814
H691__00010.815,7.680129350908052,45.362577105,H691,_,00010,815
H691__00050.815,7.69013112452253,45.356707565,H691,_,00050,815
H691__00040.815,7.684619167220695,45.35223155,H691,_,00040,815
H691__00010.816,7.680256962442162,45.36301288,H691,_,00010,816
H691__00070.816,7.693748848275445,45.354127115,H691,_,00070,816
H691__00010.817,7.680271914231244,45.362477215,H691,_,00010,817
H691__00070.817,7.692934694214825,45.35419582,H691,_,00070,817
H691__00010.818,7.680342021025401,45.36297653,H691,_,00010,818
H691__00070.818,7.6924832085230825,45.354229535,H691,_,00070,818
H691__00010.819,7.680355984336547,45.36248724,H691,_,00010,819
H691__00040.819,7.685247464218404,45.352204549999996,H691,_,00040,819
H691__00010.82,7.684948743699677,45.365948075,H691,_,00010,82
H691__00080.82,7.71124842173723,45.356959,H691,_,00080,82
H691__00060.82,7.686575389521863,45.35118733,H691,_,00060,82
H691__00040.82,7.681504614238449,45.358242950000005,H691,_,00040,82
H691__00030.82,7.694202209920996,45.359749135,H691,_,00030,82
H691__00020.82,7.69523655465562,45.36667892,H691,_,00020,82
H691__00010.820,7.680393657826955,45.36251163,H691,_,00010,820
H691__00070.820,7.693408024024341,45.354195645,H691,_,00070,820
H691__00050.820,7.690735156942553,45.356191499999994,H691,_,00050,820
H691__00010.822,7.683927560069121,45.36209715,H691,_,00010,822
H691__00070.822,7.693535643278781,45.354301785,H691,_,00070,822
H691__00010.823,7.684356406476246,45.362083165,H691,_,00010,823
H691__00010.824,7.684912362579765,45.361408585,H691,_,00010,824
H691__00070.824,7.693116204076593,45.35422022,H691,_,00070,824
H691__00050.824,7.691973411416689,45.356530070000005,H691,_,00050,824
H691__00010.825,7.684459618659258,45.362223959999994,H691,_,00010,825
H691__00050.825,7.690920499245833,45.356573555,H691,_,00050,825
H691__00010.826,7.684937327029401,45.36152947,H691,_,00010,826
H691__00070.826,7.694148228896115,45.354127145,H691,_,00070,826
H691__00050.826,7.688006982259923,45.35920179,H691,_,00050,826
H691__00040.826,7.685849585068206,45.35906847,H691,_,00040,826
H691__00010.827,7.684529139156812,45.362250169999996,H691,_,00010,827
H691__00050.827,7.68795247095408,45.359232004999996,H691,_,00050,827
H691__00010.828,7.684964610676859,45.361631415000005,H691,_,00010,828
H691__00070.828,7.694275801270727,45.354120685,H691,_,00070,828
H691__00050.828,7.687902849215082,45.3592551,H691,_,00050,828
H691__00040.828,7.685802284899774,45.359041635,H691,_,00040,828
H691__00010.829,7.684668107055797,45.362173865,H691,_,00010,829
H691__00010.83,7.68518868217713,45.36535986,H691,_,00010,83
H691__00080.83,7.711433056530602,45.35672805,H691,_,00080,83
H691__00060.83,7.6867669316190135,45.35109312,H691,_,00060,83
H691__00040.83,7.681674232857947,45.35908633,H691,_,00040,83
H691__00030.83,7.694344569737236,45.358928625000004,H691,_,00030,83
H691__00020.83,7.695346074859737,45.36657109,H691,_,00020,83
H691__00010.830,7.68520870505744,45.361413125,H691,_,00010,830
H691__00070.830,7.693581962144483,45.35474751,H691,_,00070,830
H691__00040.830,7.681087090444018,45.351933705,H691,_,00040,830
H691__00010.831,7.676567895862576,45.363332075,H691,_,00010,831
H691__00010.832,7.676394597800185,45.363251885,H691,_,00010,832
H691__00050.832,7.6886102449111,45.359312195,H691,_,00050,832
H691__00010.833,7.676292822932886,45.36371427,H691,_,00010,833
H691__00050.833,7.687923644032546,45.359131454999996,H691,_,00050,833
H691__00010.834,7.677534052276709,45.364434810000006,H691,_,00010,834
H691__00070.834,7.693568755164513,45.354299565,H691,_,00070,834
H691__00050.834,7.687923627601185,45.358921785,H691,_,00050,834
H691__00010.835,7.683924218995314,45.36810821500001,H691,_,00010,835
H691__00050.835,7.687872640461027,45.358889645000005,H691,_,00050,835
H691__00040.835,7.681351771025906,45.351933705,H691,_,00040,835
H691__00040.836,7.684355097355791,45.35171177,H691,_,00040,836
H691__00070.836,7.693717778761347,45.354169005,H691,_,00070,836
H691__00010.837,7.67955559565579,45.365319,H691,_,00010,837
H691__00010.838,7.68771446612333,45.36029035,H691,_,00010,838
H691__00070.838,7.693850829054103,45.354154050000005,H691,_,00070,838
H691__00040.838,7.684252631804089,45.35171476,H691,_,00040,838
H691__00010.839,7.686311387444539,45.364583839999995,H691,_,00010,839
H691__00050.839,7.686599475168129,45.35901446,H691,_,00050,839
H691__00010.84,7.684855087296497,45.36530343,H691,_,00010,84
H691__00080.84,7.711498836554705,45.356875065,H691,_,00080,84
H691__00070.84,7.698053915909309,45.352852915,H691,_,00070,84
H691__00060.84,7.686939820022523,45.351066845000005,H691,_,00060,84
H691__00050.84,7.686963844407375,45.35892464,H691,_,00050,84
H691__00040.84,7.68138999994246,45.35927739500001,H691,_,00040,84
H691__00030.84,7.694188710099757,45.358928625000004,H691,_,00030,84
H691__00020.84,7.69540259902156,45.365841630000006,H691,_,00020,84
H691__00010.840,7.686288904974324,45.364483324999995,H691,_,00010,840
H691__00070.840,7.693556621281233,45.354938455,H691,_,00070,840
H691__00040.840,7.684070111885079,45.351585744999994,H691,_,00040,840
H691__00010.841,7.685433889520828,45.36413944,H691,_,00010,841
H691__00010.842,7.685492908964084,45.36408848,H691,_,00010,842
H691__00070.842,7.693549976624407,45.35474764,H691,_,00070,842
H691__00050.842,7.688959499492428,45.35915819,H691,_,00050,842
H691__00040.842,7.6838798732699605,45.351641145,H691,_,00040,842
H691__00010.843,7.677965987517117,45.364579135,H691,_,00010,843
H691__00010.844,7.680215300975647,45.365024635,H691,_,00010,844
H691__00040.844,7.683689471202517,45.351652015,H691,_,00040,844
H691__00010.845,7.677766562609458,45.36444997,H691,_,00010,845
H691__00050.845,7.6914483805621146,45.357846035,H691,_,00050,845
H691__00010.846,7.678001222849485,45.364580669999995,H691,_,00010,846
H691__00010.847,7.6842510805644855,45.361759895,H691,_,00010,847
H691__00010.848,7.681181843998084,45.36348958000001,H691,_,00010,848
H691__00070.848,7.69329252788797,45.35416608,H691,_,00070,848
H691__00010.849,7.6801016753279665,45.36557517,H691,_,00010,849
H691__00050.849,7.689583429855476,45.357497835000004,H691,_,00050,849
H691__00040.849,7.681927817978474,45.35140843,H691,_,00040,849
H691__00010.85,7.684078719655275,45.366018049999994,H691,_,00010,85
H691__00070.85,7.697928269951831,45.35313797,H691,_,00070,85
H691__00060.85,7.687311667040449,45.351159339999995,H691,_,00060,85
H691__00050.85,7.686828258294506,45.358981355,H691,_,00050,85
H691__00040.85,7.68114661588519,45.35938879,H691,_,00040,85
H691__00030.85,7.694045620686467,45.35889068,H691,_,00030,85
H691__00020.85,7.695589620247268,45.365931805,H691,_,00020,85
H691__00010.850,7.680292815548632,45.365275319999995,H691,_,00010,850
H691__00070.850,7.693155812240667,45.354036965,H691,_,00070,850
H691__00010.851,7.677175106084558,45.363879935,H691,_,00010,851
H691__00070.851,7.693142048016908,45.354183864999996,H691,_,00070,851
H691__00050.851,7.689625926335381,45.35676718,H691,_,00050,851
H691__00010.852,7.682551771199938,45.361626775000005,H691,_,00010,852
H691__00070.852,7.693522521556693,45.354014164999995,H691,_,00070,852
H691__00040.852,7.681859050326634,45.35243579,H691,_,00040,852
H691__00010.853,7.67617603888894,45.363968915,H691,_,00010,853
H691__00070.853,7.694147454036177,45.353852835,H691,_,00070,853
H691__00040.854,7.681641338992728,45.352325805,H691,_,00040,854
H691__00070.854,7.692791228365348,45.353235209999994,H691,_,00070,854
H691__00010.855,7.680444073025631,45.36467135,H691,_,00010,855
H691__00040.855,7.681419585727366,45.351427445,H691,_,00040,855
H691__00010.856,7.677759130293542,45.364516859999995,H691,_,00010,856
H691__00070.856,7.695490950499293,45.353829265,H691,_,00070,856
H691__00050.856,7.691153099178409,45.356314105,H691,_,00050,856
H691__00010.857,7.6778576926127045,45.36455153,H691,_,00010,857
H691__00070.857,7.693761680773777,45.354744769999996,H691,_,00070,857
H691__00010.858,7.677882924339336,45.364232975,H691,_,00010,858
H691__00070.858,7.69325513478617,45.355753305,H691,_,00070,858
H691__00050.858,7.68772214885635,45.359525590000004,H691,_,00050,858
H691__00010.859,7.677713785226393,45.364499845,H691,_,00010,859
H691__00010.86,7.6841242410528245,45.36622879,H691,_,00010,86
H691__00080.86,7.712871185198982,45.355665175,H691,_,00080,86
H691__00070.86,7.697784731356708,45.35307742,H691,_,00070,86
H691__00060.86,7.687473659440272,45.351190025,H691,_,00060,86
H691__00040.86,7.680975597370974,45.359464044999996,H691,_,00040,86
H691__00030.86,7.693891555311697,45.35897253500001,H691,_,00030,86
H691__00010.860,7.677733639866239,45.364131670000006,H691,_,00010,860
H691__00070.860,7.693104580974208,45.355755224999996,H691,_,00070,860
H691__00050.860,7.688696445835751,45.359593045,H691,_,00050,860
H691__00040.860,7.681189276582287,45.352356075,H691,_,00040,860
H691__00010.861,7.684458146561815,45.362661169999996,H691,_,00010,861
H691__00050.861,7.689727679401855,45.359386310000005,H691,_,00050,861
H691__00040.861,7.680962358450868,45.351448860000005,H691,_,00040,861
H691__00010.862,7.684093822005064,45.362764694999996,H691,_,00010,862
H691__00070.862,7.6939056159267105,45.354897519999994,H691,_,00070,862
H691__00050.862,7.690327434192049,45.3586844,H691,_,00050,862
H691__00010.863,7.683811519496997,45.36289612,H691,_,00010,863
H691__00070.863,7.692887946531009,45.353411355000006,H691,_,00070,863
H691__00040.863,7.6806241296780575,45.351468225000005,H691,_,00040,863
H691__00010.864,7.683573754892089,45.362985295,H691,_,00010,864
H691__00070.864,7.693144486172489,45.35338223,H691,_,00070,864
H691__00040.864,7.680569042463997,45.352024185000005,H691,_,00040,864
H691__00010.865,7.683628215840123,45.3628497,H691,_,00010,865
H691__00050.865,7.688717423269282,45.35825339,H691,_,00050,865
H691__00040.865,7.6803736741335875,45.35147634,H691,_,00040,865
H691__00010.866,7.686213468109285,45.36007842,H691,_,00010,866
H691__00070.866,7.693204050524866,45.35388746,H691,_,00070,866
H691__00050.866,7.689583897467959,45.35758352,H691,_,00050,866
H691__00040.866,7.680524264768006,45.35086776,H691,_,00040,866
H691__00010.867,7.6799168927052985,45.36557695,H691,_,00010,867
H691__00050.867,7.688289387228373,45.35887628,H691,_,00050,867
H691__00040.867,7.680652051488143,45.35133763,H691,_,00040,867
H691__00010.868,7.680117224127486,45.364988010000005,H691,_,00010,868
H691__00070.868,7.6939881905080885,45.35638747,H691,_,00070,868
H691__00050.868,7.690911749560849,45.357161825,H691,_,00050,868
H691__00070.869,7.6937700821124455,45.35377578000001,H691,_,00070,869
H691__00010.87,7.684547232816785,45.36630994,H691,_,00010,87
H691__00080.87,7.7128866496794615,45.354943000000006,H691,_,00080,87
H691__00060.87,7.687634350077804,45.35121547,H691,_,00060,87
H691__00040.87,7.680841349128489,45.359449485,H691,_,00040,87
H691__00030.87,7.693582720334934,45.359101415,H691,_,00030,87
H691__00020.87,7.695699386246281,45.36618637,H691,_,00020,87
H691__00010.870,7.68017898839747,45.365632785,H691,_,00010,870
H691__00070.870,7.693288900175988,45.354014164999995,H691,_,00070,870
H691__00010.871,7.680113020868296,45.365124905,H691,_,00010,871
H691__00070.871,7.693749161964039,45.35450549,H691,_,00070,871
H691__00010.872,7.679978012071738,45.365451050000004,H691,_,00010,872
H691__00070.872,7.6937623870397385,45.355216035,H691,_,00070,872
H691__00010.873,7.679545926890819,45.364487825,H691,_,00010,873
H691__00070.873,7.694213247444699,45.35443325,H691,_,00070,873
H691__00050.873,7.687927759837223,45.35767511,H691,_,00050,873
H691__00010.874,7.679271999433775,45.36503501,H691,_,00010,874
H691__00070.874,7.694216052532964,45.355291460000004,H691,_,00070,874
H691__00050.874,7.690611486785851,45.35675974,H691,_,00050,874
H691__00010.875,7.677718260776381,45.363579805,H691,_,00010,875
H691__00070.875,7.693305826771235,45.35437159,H691,_,00070,875
H691__00050.875,7.688425365788483,45.35906819,H691,_,00050,875
H691__00070.876,7.693753953811961,45.354296129999994,H691,_,00070,876
H691__00050.877,7.689670609262767,45.35717377,H691,_,00050,877
H691__00070.877,7.694212004749138,45.3549117,H691,_,00070,877
H691__00010.878,7.678997596447855,45.363148525,H691,_,00010,878
H691__00070.878,7.69326801393291,45.353722430000005,H691,_,00070,878
H691__00050.878,7.691150376575136,45.357673135,H691,_,00050,878
H691__00010.879,7.677423796975189,45.364397325,H691,_,00010,879
H691__00070.879,7.694730974135151,45.354550294999996,H691,_,00070,879
H691__00050.879,7.6909184981184815,45.35762252,H691,_,00050,879
H691__00010.88,7.684050808674456,45.366426055000005,H691,_,00010,88
H691__00080.88,7.71204341904847,45.357294495000005,H691,_,00080,88
H691__00070.88,7.6975779771899955,45.354334705,H691,_,00070,88
H691__00060.88,7.688261258098132,45.351354965,H691,_,00060,88
H691__00040.88,7.6807025428128295,45.35945764,H691,_,00040,88
H691__00030.88,7.693241789743233,45.359022089999996,H691,_,00030,88
H691__00020.88,7.695747324220992,45.365986145,H691,_,00020,88
H691__00070.880,7.697672026501967,45.35394602,H691,_,00070,880
H691__00010.881,7.681302880885365,45.36628563,H691,_,00010,881
H691__00070.881,7.697480203103986,45.35437994,H691,_,00070,881
H691__00050.881,7.691041695955512,45.35772584,H691,_,00050,881
H691__00040.882,7.682160678615327,45.35139597,H691,_,00040,882
H691__00070.882,7.697552829599308,45.353890320000005,H691,_,00070,882
H691__00050.883,7.689817179167056,45.357083450000005,H691,_,00050,883
H691__00070.883,7.6973475836590435,45.35444855,H691,_,00070,883
H691__00010.884,7.680364295132414,45.365501465,H691,_,00010,884
H691__00070.884,7.697351811357255,45.354003585,H691,_,00070,884
H691__00050.884,7.688376523638676,45.35676035,H691,_,00050,884
H691__00040.884,7.681827875225235,45.35231691,H691,_,00040,884
H691__00010.885,7.677624743994139,45.364466585,H691,_,00010,885
H691__00070.885,7.697136403615957,45.354559210000005,H691,_,00070,885
H691__00050.885,7.68834993360585,45.35653461,H691,_,00050,885
H691__00040.885,7.681629563931604,45.351415970000005,H691,_,00040,885
H691__00010.886,7.680288147897439,45.36475205,H691,_,00010,886
H691__00070.886,7.697068563856449,45.354060755,H691,_,00070,886
H691__00050.886,7.688331169095437,45.356378175,H691,_,00050,886
H691__00040.886,7.684445602987636,45.351689275,H691,_,00040,886
H691__00010.887,7.6802364675687,45.364346765,H691,_,00010,887
H691__00070.887,7.69687634782875,45.35467726,H691,_,00070,887
H691__00010.888,7.687230291759306,45.35986584,H691,_,00010,888
H691__00070.888,7.696937775671262,45.354139095,H691,_,00070,888
H691__00010.889,7.681956465171362,45.36282905,H691,_,00010,889
H691__00070.889,7.696769225425765,45.354750120000006,H691,_,00070,889
H691__00040.889,7.681652937494096,45.35244297,H691,_,00040,889
H691__00020.89,7.696106552611624,45.365392,H691,_,00020,89
H691__00060.89,7.688408489653094,45.351418295,H691,_,00060,89
H691__00050.89,7.686790958981343,45.358771195,H691,_,00050,89
H691__00040.89,7.680504839443437,45.359781135,H691,_,00040,89
H691__00030.89,7.692453499257224,45.35885302,H691,_,00030,89
H691__00010.890,7.681956590965417,45.363035625,H691,_,00010,890
H691__00070.890,7.696436905136656,45.355018115,H691,_,00070,890
H691__00050.890,7.687761831608726,45.356329765,H691,_,00050,890
H691__00010.891,7.676726110110316,45.36300792,H691,_,00010,891
H691__00070.891,7.69695084733553,45.35473763,H691,_,00070,891
H691__00040.891,7.681082270509545,45.352381025,H691,_,00040,891
H691__00010.892,7.676939496042111,45.362753215,H691,_,00010,892
H691__00070.892,7.696369533711319,45.355188964999996,H691,_,00070,892
H691__00040.893,7.680756426979967,45.35102746,H691,_,00040,893
H691__00070.893,7.696907004506444,45.354870065,H691,_,00070,893
H691__00040.894,7.68089185494139,45.351070045,H691,_,00040,894
H691__00070.894,7.696505183695992,45.355182075,H691,_,00070,894
H691__00050.895,7.688615900927927,45.356233025,H691,_,00050,895
H691__00070.895,7.697051022488895,45.35485175,H691,_,00070,895
H691__00070.896,7.6965611226489745,45.35521926,H691,_,00070,896
H691__00050.897,7.689183593912862,45.35652163,H691,_,00050,897
H691__00070.897,7.69686198280419,45.355066449999995,H691,_,00070,897
H691__00040.898,7.681316706720547,45.352351,H691,_,00040,898
H691__00070.898,7.696007272148059,45.356183455,H691,_,00070,898
H691__00050.898,7.689409695486529,45.356893119999995,H691,_,00050,898
H691__00040.899,7.681090601015004,45.351443200000006,H691,_,00040,899
H691__00070.899,7.696287952662253,45.35629984,H691,_,00070,899
H691__00010.9,7.680230477556388,45.367185645,H691,_,00010,9
H691__00070.9,7.693192403574038,45.356122415,H691,_,00070,9
H691__00060.9,7.690397061724072,45.355487145,H691,_,00060,9
H691__00050.9,7.688454286596151,45.360021995,H691,_,00050,9
H691__00030.9,7.690592273675655,45.3617481,H691,_,00030,9
H691__00020.9,7.693956807598828,45.36855527,H691,_,00020,9
H691__00020.90,7.696515780860483,45.365398465,H691,_,00020,90
H691__00080.90,7.711056213761411,45.355815155,H691,_,00080,90
H691__00070.90,7.697515221203861,45.353288344999996,H691,_,00070,90
H691__00060.90,7.688274011665914,45.352320344999995,H691,_,00060,90
H691__00040.90,7.680307432133301,45.36003884,H691,_,00040,90
H691__00030.90,7.69267770401264,45.35971766,H691,_,00030,90
H691__00070.900,7.6962775320971435,45.355971255,H691,_,00070,900
H691__00070.901,7.6966383543508625,45.3559793,H691,_,00070,901
H691__00050.902,7.687733357753899,45.35971891,H691,_,00050,902
H691__00070.902,7.6976497598944755,45.35601862,H691,_,00070,902
H691__00050.903,7.687863401294213,45.35980609,H691,_,00050,903
H691__00070.903,7.697599450974623,45.3557552,H691,_,00070,903
H691__00040.904,7.681042253662951,45.352387675,H691,_,00040,904
H691__00070.904,7.6966575053622215,45.355542605,H691,_,00070,904
H691__00050.904,7.687759334051318,45.35963371,H691,_,00050,904
H691__00070.905,7.697038072350813,45.355337805,H691,_,00070,905
H691__00050.906,7.687974108369368,45.35999051,H691,_,00050,906
H691__00070.906,7.697949843797795,45.3542824,H691,_,00070,906
H691__00050.907,7.688013096978398,45.35991625,H691,_,00050,907
H691__00070.907,7.697759501787598,45.354512215,H691,_,00070,907
H691__00050.908,7.688088129536992,45.35985735,H691,_,00050,908
H691__00070.908,7.6982159840575175,45.354322565000004,H691,_,00070,908
H691__00040.909,7.683435131103259,45.351358535,H691,_,00040,909
H691__00070.909,7.69810680487614,45.354496055,H691,_,00070,909
H691__00050.909,7.6881605209234225,45.35979776,H691,_,00050,909
H691__00020.91,7.69675098123823,45.365197555,H691,_,00020,91
H691__00080.91,7.711339017068727,45.35564796,H691,_,00080,91
H691__00070.91,7.697306764830335,45.35328542,H691,_,00070,91
H691__00060.91,7.687993941126103,45.352234655000004,H691,_,00060,91
H691__00040.91,7.680196514122765,45.359962444999994,H691,_,00040,91
H691__00050.910,7.688228498014052,45.359649415,H691,_,00050,910
H691__00070.910,7.698303803386773,45.355371265,H691,_,00070,910
H691__00010.911,7.681535777210989,45.365289875,H691,_,00010,911
H691__00070.911,7.69823621642216,45.35524708,H691,_,00070,911
H691__00070.912,7.698660301970418,45.354957755,H691,_,00070,912
H691__00010.913,7.680939100793845,45.36527001,H691,_,00010,913
H691__00070.913,7.699024838681437,45.355377785,H691,_,00070,913
H691__00050.913,7.688549271845389,45.35951583,H691,_,00050,913
H691__00050.914,7.688615211267864,45.35941063,H691,_,00050,914
H691__00070.914,7.699474517773044,45.354848815,H691,_,00070,914
H691__00010.915,7.6814129173369,45.365257215,H691,_,00010,915
H691__00070.915,7.699810892139651,45.35516104,H691,_,00070,915
H691__00050.915,7.687533851427752,45.358715829999994,H691,_,00050,915
H691__00040.915,7.683335328508726,45.35136265,H691,_,00040,915
H691__00050.916,7.687592320583879,45.358730835,H691,_,00050,916
H691__00070.916,7.699838930600045,45.354836559999995,H691,_,00070,916
H691__00010.917,7.681294031946588,45.365225545,H691,_,00010,917
H691__00070.917,7.700107893028756,45.355186775,H691,_,00070,917
H691__00070.918,7.700166164669791,45.35484334,H691,_,00070,918
H691__00010.919,7.681110072866923,45.36532373,H691,_,00010,919
H691__00070.919,7.700471977353802,45.355266205,H691,_,00070,919
H691__00040.919,7.683208914009015,45.351354195,H691,_,00040,919
H691__00020.92,7.696151135890474,45.365185495000006,H691,_,00020,92
H691__00080.92,7.713128129943801,45.35517101000001,H691,_,00080,92
H691__00060.92,7.687838472823804,45.352260045,H691,_,00060,92
H691__00050.92,7.686882204285103,45.358660095000005,H691,_,00050,92
H691__00040.92,7.680094031160905,45.359930195000004,H691,_,00040,92
H691__00010.920,7.685503543530723,45.36046813,H691,_,00010,920
H691__00070.920,7.700686977390733,45.355114650000004,H691,_,00070,920
H691__00050.920,7.690447320536791,45.358434545,H691,_,00050,920
H691__00070.921,7.700632913352441,45.35466892,H691,_,00070,921
H691__00070.922,7.700495259124481,45.354872130000004,H691,_,00070,922
H691__00070.923,7.700121167899075,45.354215260000004,H691,_,00070,923
H691__00040.924,7.682627321981351,45.352309245,H691,_,00040,924
H691__00070.924,7.699937947883726,45.354606925,H691,_,00070,924
H691__00050.924,7.690483215013149,45.35902208,H691,_,00050,924
H691__00050.925,7.690511047792915,45.359008015,H691,_,00050,925
H691__00070.925,7.70004012376206,45.35401831,H691,_,00070,925
H691__00070.926,7.699783899307388,45.354630920000005,H691,_,00070,926
H691__00070.927,7.69990289788444,45.3540159,H691,_,00070,927
H691__00050.928,7.691697212620035,45.35812454,H691,_,00050,928
H691__00070.928,7.699580726823305,45.35465429,H691,_,00070,928
H691__00070.929,7.699728012658632,45.354148565,H691,_,00070,929
H691__00010.93,7.683097492900741,45.365514475,H691,_,00010,93
H691__00080.93,7.712954739746705,45.354911465,H691,_,00080,93
H691__00060.93,7.687664288123743,45.352265745,H691,_,00060,93
H691__00050.93,7.687194341646823,45.358808534999994,H691,_,00050,93
H691__00040.93,7.6798897847863525,45.36002867,H691,_,00040,93
H691__00030.93,7.692598133129097,45.3599595,H691,_,00030,93
H691__00020.93,7.695312958027408,45.365064925,H691,_,00020,93
H691__00070.930,7.69942897157049,45.3547187,H691,_,00070,930
H691__00070.931,7.699578317225507,45.354050505000004,H691,_,00070,931
H691__00070.932,7.699272996870124,45.3546137,H691,_,00070,932
H691__00070.933,7.699467341227271,45.353858794999994,H691,_,00070,933
H691__00040.934,7.6848884957904815,45.35198314,H691,_,00040,934
H691__00070.934,7.6990900718225515,45.354534355,H691,_,00070,934
H691__00050.935,7.691729868233033,45.357707094999995,H691,_,00050,935
H691__00070.935,7.699401665081506,45.353259435,H691,_,00070,935
H691__00050.936,7.691070414949962,45.357532250000006,H691,_,00050,936
H691__00070.936,7.6992383425604745,45.353217785,H691,_,00070,936
H691__00050.937,7.691240625908575,45.35753166,H691,_,00050,937
H691__00070.937,7.6999853533381994,45.352844835,H691,_,00070,937
H691__00040.938,7.683508434172808,45.351365154999996,H691,_,00040,938
H691__00070.938,7.699361425960822,45.352843050000004,H691,_,00070,938
H691__00040.939,7.682509009997888,45.35138309,H691,_,00040,939
H691__00070.939,7.701640712853209,45.354788775,H691,_,00070,939
H691__00010.94,7.683228551368022,45.3647373,H691,_,00010,94
H691__00070.94,7.696823823863091,45.35414093,H691,_,00070,94
H691__00060.94,7.687527741002989,45.352223845,H691,_,00060,94
H691__00040.94,7.679680287632943,45.359971885,H691,_,00040,94
H691__00030.94,7.692708414382847,45.36012119,H691,_,00030,94
H691__00020.94,7.69484715798483,45.364274735,H691,_,00020,94
H691__00040.940,7.683348208679755,45.352103905,H691,_,00040,940
H691__00070.940,7.7015634800731485,45.35521411,H691,_,00070,940
H691__00040.941,7.683570961619164,45.352103905,H691,_,00040,941
H691__00070.941,7.701223291624526,45.355016315,H691,_,00070,941
H691__00040.942,7.683408481798778,45.351780065,H691,_,00040,942
H691__00070.942,7.701072472328514,45.355143104999996,H691,_,00070,942
H691__00040.943,7.681425127122473,45.35134194,H691,_,00040,943
H691__00070.943,7.701009963108892,45.35540444,H691,_,00070,943
H691__00050.943,7.690852652943792,45.35772613,H691,_,00050,943
H691__00040.944,7.681772418957244,45.351322429999996,H691,_,00040,944
H691__00070.944,7.702233604032191,45.355263840000006,H691,_,00070,944
H691__00040.945,7.680923914003502,45.35091515,H691,_,00040,945
H691__00070.945,7.70226653994389,45.355581404999995,H691,_,00070,945
H691__00040.946,7.681514706410342,45.35233768,H691,_,00040,946
H691__00070.946,7.702309981117032,45.35601621,H691,_,00070,946
H691__00040.947,7.681287650430175,45.351435394999996,H691,_,00040,947
H691__00070.947,7.702538142127634,45.35527766,H691,_,00070,947
H691__00050.947,7.689798695872318,45.358222345,H691,_,00050,947
H691__00040.948,7.681370920642246,45.3522647,H691,_,00040,948
H691__00070.948,7.702579761554475,45.355704795,H691,_,00070,948
H691__00050.948,7.688060107146759,45.358627115,H691,_,00050,948
H691__00010.949,7.681348197463505,45.36465947,H691,_,00010,949
H691__00070.949,7.702636732701437,45.356323325000005,H691,_,00070,949
H691__00040.949,7.68139249881623,45.352351889999994,H691,_,00040,949
H691__00010.95,7.683327839896382,45.3654348,H691,_,00010,95
H691__00080.95,7.7087034080971435,45.35657358,H691,_,00080,95
H691__00070.95,7.696717427607773,45.35383911,H691,_,00070,95
H691__00060.95,7.687252789450611,45.352699215,H691,_,00060,95
H691__00050.95,7.6870144879537,45.358812385,H691,_,00050,95
H691__00040.95,7.679097768620098,45.36032552,H691,_,00040,95
H691__00030.95,7.692720656305454,45.360484695,H691,_,00030,95
H691__00020.95,7.694461650165209,45.364923605,H691,_,00020,95
H691__00040.950,7.681162649208385,45.3514422,H691,_,00040,950
H691__00070.950,7.702793549446071,45.35514944,H691,_,00070,950
H691__00040.951,7.681176944974411,45.351499745,H691,_,00040,951
H691__00070.951,7.702858469687984,45.355834540000004,H691,_,00070,951
H691__00010.952,7.681954159050063,45.36326142,H691,_,00010,952
H691__00070.952,7.702930694569737,45.356556595,H691,_,00070,952
H691__00040.952,7.681464982667945,45.351879065,H691,_,00040,952
H691__00050.953,7.689685201847597,45.357646285,H691,_,00050,953
H691__00070.953,7.703211722457169,45.35537219,H691,_,00070,953
H691__00040.954,7.684182381698518,45.352297605000004,H691,_,00040,954
H691__00070.954,7.703256794866841,45.355984379999995,H691,_,00070,954
H691__00050.954,7.68975028310178,45.357669619999996,H691,_,00050,954
H691__00010.955,7.682044599273279,45.36467253,H691,_,00010,955
H691__00070.955,7.70329048539744,45.35646672,H691,_,00070,955
H691__00040.955,7.683467174818591,45.352313984999995,H691,_,00040,955
H691__00050.956,7.689087079597706,45.3573934,H691,_,00050,956
H691__00070.956,7.703593027049472,45.356530234999994,H691,_,00070,956
H691__00010.957,7.682732014992272,45.363338845,H691,_,00010,957
H691__00070.957,7.703574370826733,45.356129984999995,H691,_,00070,957
H691__00050.957,7.689153373559696,45.35755252,H691,_,00050,957
H691__00040.957,7.684369405436183,45.35230868,H691,_,00040,957
H691__00010.958,7.683329504992075,45.36339681,H691,_,00010,958
H691__00070.958,7.703534573876529,45.355644395,H691,_,00070,958
H691__00050.958,7.689218188110679,45.357520715,H691,_,00050,958
H691__00040.959,7.684517473157715,45.352310134999996,H691,_,00040,959
H691__00070.959,7.70355216726112,45.355990115,H691,_,00070,959
H691__00050.959,7.689002421617795,45.357540529999994,H691,_,00050,959
H691__00010.96,7.683901732258702,45.36507323,H691,_,00010,96
H691__00080.96,7.708820002990198,45.35651147,H691,_,00080,96
H691__00070.96,7.696485286295744,45.35470121,H691,_,00070,96
H691__00060.96,7.686826575310192,45.35274907,H691,_,00060,96
H691__00040.96,7.678538504509694,45.359359659999996,H691,_,00040,96
H691__00030.96,7.693385542995852,45.359851809999995,H691,_,00030,96
H691__00020.96,7.694189606021142,45.36492461500001,H691,_,00020,96
H691__00040.960,7.684424831680957,45.352229035,H691,_,00040,960
H691__00070.960,7.703724546167731,45.355771055,H691,_,00070,960
H691__00050.960,7.688968132271816,45.357515225,H691,_,00050,960
H691__00040.961,7.684431758929575,45.35228128,H691,_,00040,961
H691__00070.961,7.703753664635693,45.35617397,H691,_,00070,961
H691__00050.961,7.688958192911756,45.357428075,H691,_,00050,961
H691__00010.962,7.681613399594217,45.364728785,H691,_,00010,962
H691__00070.962,7.7037790328885025,45.356548704999994,H691,_,00070,962
H691__00050.962,7.689055399577313,45.357410540000004,H691,_,00050,962
H691__00040.962,7.684329446170379,45.352222330000004,H691,_,00040,962
H691__00010.963,7.681791891961376,45.364778939999994,H691,_,00010,963
H691__00070.963,7.704281027504612,45.355921715,H691,_,00070,963
H691__00040.963,7.684337068940497,45.352278600000005,H691,_,00040,963
H691__00040.964,7.68418017883645,45.352225465000004,H691,_,00040,964
H691__00070.964,7.704248820279877,45.356358105,H691,_,00070,964
H691__00050.964,7.68894225047062,45.357330305000005,H691,_,00050,964
H691__00010.965,7.678945366508524,45.364659634999995,H691,_,00010,965
H691__00070.965,7.704247639003066,45.356644185,H691,_,00070,965
H691__00050.965,7.689027918547163,45.357329165,H691,_,00050,965
H691__00040.965,7.684187199499577,45.35227312,H691,_,00040,965
H691__00010.966,7.678698102557101,45.36407956,H691,_,00010,966
H691__00070.966,7.70437531610948,45.35617154,H691,_,00070,966
H691__00050.966,7.688961688845746,45.357269695,H691,_,00050,966
H691__00040.966,7.683987386789117,45.352237775,H691,_,00040,966
H691__00040.967,7.683992682402172,45.352267354999995,H691,_,00040,967
H691__00070.967,7.704370188867034,45.356421695,H691,_,00070,967
H691__00010.968,7.678985281782202,45.363892305,H691,_,00010,968
H691__00070.968,7.70436536711777,45.356679220000004,H691,_,00070,968
H691__00040.968,7.683796627506192,45.35224102,H691,_,00040,968
H691__00040.969,7.683801539047035,45.352266685000004,H691,_,00040,969
H691__00070.969,7.704883969776824,45.3557969,H691,_,00070,969
H691__00010.97,7.6840558960807,45.365722825000006,H691,_,00010,97
H691__00080.97,7.709044057183402,45.35646873,H691,_,00080,97
H691__00060.97,7.686388408720755,45.353070900000006,H691,_,00060,97
H691__00050.97,7.68699005797086,45.35867125,H691,_,00050,97
H691__00040.97,7.678614359319521,45.359591574999996,H691,_,00040,97
H691__00030.97,7.693167220744646,45.360649269999996,H691,_,00030,97
H691__00020.97,7.694055903115364,45.365057705,H691,_,00020,97
H691__00010.970,7.680722736461027,45.36274679,H691,_,00010,970
H691__00070.970,7.704873997744226,45.35659998,H691,_,00070,970
H691__00050.970,7.687888224174602,45.356737734999996,H691,_,00050,970
H691__00040.970,7.684517170240714,45.352227819999996,H691,_,00040,970
H691__00040.971,7.684524497701808,45.35228368,H691,_,00040,971
H691__00070.971,7.704794706024947,45.35674772,H691,_,00070,971
H691__00050.971,7.687780937244447,45.356480975,H691,_,00050,971
H691__00010.972,7.689963580818464,45.362285485,H691,_,00010,972
H691__00070.972,7.7050028461736915,45.35616246,H691,_,00070,972
H691__00010.973,7.682449112350235,45.36359508,H691,_,00010,973
H691__00070.973,7.7050355168467615,45.356667200000004,H691,_,00070,973
H691__00040.973,7.683540535690055,45.35223531,H691,_,00040,973
H691__00070.974,7.705102726966613,45.355762635000005,H691,_,00070,974
H691__00050.975,7.688998638567586,45.356897765,H691,_,00050,975
H691__00070.975,7.705187054666695,45.356710105000005,H691,_,00070,975
H691__00050.976,7.68871591681253,45.35724706,H691,_,00050,976
H691__00070.976,7.705367278738265,45.355816770000004,H691,_,00070,976
H691__00010.977,7.681753252598988,45.36457892,H691,_,00010,977
H691__00070.977,7.7054406348944315,45.356724615,H691,_,00070,977
H691__00050.977,7.688668028414456,45.357133485000006,H691,_,00050,977
H691__00040.977,7.683482170963506,45.35223558,H691,_,00040,977
H691__00010.978,7.681769581967567,45.364611685,H691,_,00010,978
H691__00070.978,7.70577167694716,45.356538404999995,H691,_,00070,978
H691__00050.979,7.6916945325790005,45.356465975,H691,_,00050,979
H691__00070.979,7.705735419735677,45.356765885,H691,_,00070,979
H691__00010.98,7.684115527649693,45.365027874999996,H691,_,00010,98
H691__00080.98,7.709298783413344,45.356381944999995,H691,_,00080,98
H691__00070.98,7.697413048640195,45.35447131,H691,_,00070,98
H691__00060.98,7.6866009892847345,45.353767835,H691,_,00060,98
H691__00040.98,7.678774359137981,45.359435930000004,H691,_,00040,98
H691__00030.98,7.69242649645461,45.36074236,H691,_,00030,98
H691__00020.98,7.69385840847393,45.36505999,H691,_,00020,98
H691__00070.980,7.697483494259665,45.356084715,H691,_,00070,980
H691__00010.981,7.6814832815489815,45.3638506,H691,_,00010,981
H691__00070.981,7.69742871239399,45.355884095,H691,_,00070,981
H691__00050.981,7.6882661970110515,45.359709865,H691,_,00050,981
H691__00040.981,7.683648607038673,45.35224102,H691,_,00040,981
H691__00050.982,7.689671072289261,45.357461885,H691,_,00050,982
H691__00070.982,7.698784412529684,45.35514825,H691,_,00070,982
H691__00010.983,7.68140287913943,45.364311785,H691,_,00010,983
H691__00070.983,7.698890284015475,45.354958714999995,H691,_,00070,983
H691__00040.983,7.6830741770138395,45.35223415,H691,_,00040,983
H691__00010.984,7.681508873868678,45.364352765,H691,_,00010,984
H691__00070.984,7.699964126820331,45.354012194999996,H691,_,00070,984
H691__00050.984,7.689501603684485,45.356172725,H691,_,00050,984
H691__00040.985,7.68319653130956,45.352266209999996,H691,_,00040,985
H691__00070.985,7.699676959619989,45.354602560000004,H691,_,00070,985
H691__00050.985,7.687769049922597,45.35953981,H691,_,00050,985
H691__00040.986,7.683109255388392,45.35134233,H691,_,00040,986
H691__00070.986,7.697166989108272,45.35409749,H691,_,00070,986
H691__00050.986,7.68783968680561,45.35960197,H691,_,00050,986
H691__00050.987,7.687912776564019,45.359634760000006,H691,_,00050,987
H691__00070.987,7.697016507462866,45.354589085,H691,_,00070,987
H691__00040.988,7.683036507013339,45.35136627,H691,_,00040,988
H691__00070.988,7.697875578018866,45.355903600000005,H691,_,00070,988
H691__00070.989,7.697686574433874,45.355696635,H691,_,00070,989
H691__00010.99,7.684319058163878,45.365367739999996,H691,_,00010,99
H691__00080.99,7.708455911022188,45.35723246,H691,_,00080,99
H691__00040.99,7.679040558188937,45.359139385,H691,_,00040,99
H691__00030.99,7.692580859680593,45.360827165,H691,_,00030,99
H691__00020.99,7.693536302144196,45.36506239,H691,_,00020,99
H691__00040.990,7.684281740644169,45.353399415,H691,_,00040,990
H691__00070.990,7.699463544054898,45.355274144999996,H691,_,00070,990
H691__00050.990,7.687983438093369,45.359668645,H691,_,00050,990
H691__00040.991,7.6840526675025735,45.354864899999995,H691,_,00040,991
H691__00070.991,7.699575966183346,45.354838545,H691,_,00070,991
H691__00040.992,7.681648077344344,45.35273402,H691,_,00040,992
H691__00070.992,7.6980841239443105,45.355422655,H691,_,00070,992
H691__00040.993,7.6818495562382845,45.352674635,H691,_,00040,993
H691__00070.993,7.698299529151139,45.355195935,H691,_,00070,993
H691__00010.994,7.679755981205003,45.365319959999994,H691,_,00010,994
H691__00070.994,7.701563154687726,45.356075430000004,H691,_,00070,994
H691__00050.994,7.687752287689442,45.358800635,H691,_,00050,994
H691__00040.994,7.682261119412185,45.352741925000004,H691,_,00040,994
H691__00010.995,7.680004333927288,45.362013825000005,H691,_,00010,995
H691__00070.995,7.701621919328818,45.355358435,H691,_,00070,995
H691__00010.996,7.680161882202137,45.361865269999996,H691,_,00010,996
H691__00070.996,7.702381041574368,45.355269945,H691,_,00070,996
H691__00010.997,7.6799993079296325,45.361863985,H691,_,00010,997
H691__00070.997,7.702417557616111,45.355640425000004,H691,_,00070,997
H691__00010.998,7.680152786527537,45.36162864,H691,_,00010,998
H691__00070.998,7.7026795407534525,45.355162719999996,H691,_,00070,998
H691__00040.998,7.681999679832196,45.35241197,H691,_,00040,998
H691__00010.999,7.679944468413338,45.361627915,H691,_,00010,999
H691__00070.999,7.702737645691013,45.355767945,H691,_,00070,999
H691__00040.999,7.684763677794644,45.353224395,H691,_,00040,999
