nome_particella,lon,lat,BELFIORE,SEZIONE,FOGLIO,PARTICELLA
A192__00010.1,8.197792864702517,40.67047986,A192,_,00010,1
A192__00970.1,8.311343216217253,40.560041825,A192,_,00970,1
A192__00940.1,8.354818656222008,40.522336300000006,A192,_,00940,1
A192__00930.1,8.332349235758699,40.522262135000005,A192,_,00930,1
A192__00910.1,8.388724750255315,40.534150865,A192,_,00910,1
A192__00900.1,8.358783509864558,40.522813850000006,A192,_,00900,1
A192__00870.1,8.328324686309353,40.528755005,A192,_,00870,1
A192__00860.1,8.352174650097485,40.543066335,A192,_,00860,1
A192__00850.1,8.336180515798223,40.540690775,A192,_,00850,1
A192__00830.1,8.403625511832503,40.54798183,A192,_,00830,1
A192__00820.1,8.376658893270772,40.54807453,A192,_,00820,1
A192__00810.1,8.365409731296815,40.552993685,A192,_,00810,1
A192__0077.1,8.327924497088496,40.555826545,A192,_,0077,1
A192__00760.1,8.405513233585292,40.56448994,A192,_,00760,1
A192__00750.1,8.362199521743321,40.562714490000005,A192,_,00750,1
A192__00740.1,8.354277586904917,40.560553315,A192,_,00740,1
A192__00730.1,8.352533933198181,40.56255451,A192,_,00730,1
A192__00680.1,8.354774418355206,40.57393051,A192,_,00680,1
A192__00670.1,8.346656975321938,40.57193751,A192,_,00670,1
A192__00660.1,8.33782956914261,40.56870697,A192,_,00660,1
A192__00650.1,8.319026949024252,40.568357195000004,A192,_,00650,1
A192__00640.1,8.320949682417536,40.569285015000006,A192,_,00640,1
A192__00630.1,8.333777143969083,40.575270085,A192,_,00630,1
A192__00620.1,8.329575005118436,40.58201418,A192,_,00620,1
A192__00610.1,8.317944201062923,40.58207095,A192,_,00610,1
A192__00600.1,8.335039640833742,40.587464145,A192,_,00600,1
A192__00540.1,8.349265176939536,40.59966147,A192,_,00540,1
A192__00530.1,8.333566285532473,40.59546971,A192,_,00530,1
A192__00520.1,8.325061292405302,40.595790984999994,A192,_,00520,1
A192__00510.1,8.315935437845617,40.597620895000006,A192,_,00510,1
A192__00490.1,8.249527232648276,40.592897465,A192,_,00490,1
A192__00470.1,8.216588713990705,40.592686549999996,A192,_,00470,1
A192__00460.1,8.160634650827213,40.57620044,A192,_,00460,1
A192__00440.1,8.392492548521323,40.61124332,A192,_,00440,1
A192__00410.1,8.333529557792676,40.60922336,A192,_,00410,1
A192__00400.1,8.327118535928015,40.608724475,A192,_,00400,1
A192__00390.1,8.321405091205975,40.6110591,A192,_,00390,1
A192__00380.1,8.313932454922725,40.60540461,A192,_,00380,1
A192__00370.1,8.3007889874388,40.600124914999995,A192,_,00370,1
A192__00340.1,8.25414724702722,40.61894708,A192,_,00340,1
A192__00330.1,8.236290143622663,40.60632233,A192,_,00330,1
A192__00320.1,8.21218222445842,40.613014185,A192,_,00320,1
A192__00300.1,8.406150681032877,40.625132245,A192,_,00300,1
A192__00280.1,8.352002572395827,40.60352662,A192,_,00280,1
A192__00230.1,8.187792673335204,40.616423014999995,A192,_,00230,1
A192__00220.1,8.145256597646286,40.616715125,A192,_,00220,1
A192__00180.1,8.174743544874788,40.63380836,A192,_,00180,1
A192__00140.1,8.191786881726255,40.653194555,A192,_,00140,1
A192__00070.1,8.345568641727406,40.67092398,A192,_,00070,1
A192__00020.1,8.193726949683011,40.661793315,A192,_,00020,1
A192__00030.10,8.240730991306272,40.647460505,A192,_,00030,10
A192__00960.10,8.362069681732192,40.506249075,A192,_,00960,10
A192__00950.10,8.347064412681519,40.5134171,A192,_,00950,10
A192__00930.10,8.339867202579141,40.52373243,A192,_,00930,10
A192__00920.10,8.397441720791699,40.527460545,A192,_,00920,10
A192__00900.10,8.375648649094693,40.542878645,A192,_,00900,10
A192__00890.10,8.347830847387746,40.534491655,A192,_,00890,10
A192__00860.10,8.352123430964305,40.541037315,A192,_,00860,10
A192__00850.10,8.335812885479418,40.53700709,A192,_,00850,10
A192__00840.10,8.328596599681177,40.540160935,A192,_,00840,10
A192__00820.10,8.38422066888452,40.550176645,A192,_,00820,10
A192__00810.10,8.375569108579723,40.544635535,A192,_,00810,10
A192__00790.10,8.343284335996728,40.54993408,A192,_,00790,10
A192__00780.10,8.323822657882307,40.546327205,A192,_,00780,10
A192__00760.10,8.416314168204202,40.554704755,A192,_,00760,10
A192__00750.10,8.36365130870359,40.558294355,A192,_,00750,10
A192__00730.10,8.348454869351256,40.55854087,A192,_,00730,10
A192__0071.10,8.318039917404626,40.556968964999996,A192,_,0071,10
A192__00700.10,8.397231861690244,40.566875205,A192,_,00700,10
A192__00680.10,8.35398844662773,40.57245628,A192,_,00680,10
A192__00670.10,8.34856991359026,40.57056526,A192,_,00670,10
A192__00620.10,8.328363474523997,40.57679109,A192,_,00620,10
A192__00600.10,8.332622963441127,40.585390355,A192,_,00600,10
A192__00590.10,8.392079308869045,40.582756489999994,A192,_,00590,10
A192__00580.10,8.370661640526928,40.584470725,A192,_,00580,10
A192__00540.10,8.352386891031138,40.59805145999999,A192,_,00540,10
A192__0049.10,8.284476469733297,40.59305389,A192,_,0049,10
A192__00440.10,8.384689863830626,40.603752485,A192,_,00440,10
A192__00430.10,8.366539830603791,40.596265915000004,A192,_,00430,10
A192__00410.10,8.341080200061565,40.605651155000004,A192,_,00410,10
A192__00390.10,8.323888349414787,40.610525304999996,A192,_,00390,10
A192__00380.10,8.311345221180389,40.60411842,A192,_,00380,10
A192__00330.10,8.242869275204988,40.59486368,A192,_,00330,10
A192__00280.10,8.360580781102225,40.61533936,A192,_,00280,10
A192__00240.10,8.226091086231069,40.6310809,A192,_,00240,10
A192__00220.10,8.148857959540326,40.605912399999994,A192,_,00220,10
A192__00200.10,8.242003580901883,40.634478205,A192,_,00200,10
A192__00190.10,8.194962651981108,40.629150964999994,A192,_,00190,10
A192__00140.10,8.186468673311673,40.644026280000006,A192,_,00140,10
A192__00080.10,8.31225290241579,40.648273105,A192,_,00080,10
A192__00060.10,8.286053756553628,40.653023649999994,A192,_,00060,10
A192__00020.100,8.191862457725186,40.66023597,A192,_,00020,100
A192__00970.100,8.314280117434475,40.55913687,A192,_,00970,100
A192__00950.100,8.35348551869389,40.517823015000005,A192,_,00950,100
A192__00930.100,8.337319003369862,40.52280082,A192,_,00930,100
A192__00870.100,8.336965433809276,40.525975035,A192,_,00870,100
A192__00860.100,8.3648472005023,40.539296365,A192,_,00860,100
A192__00850.100,8.346123694270151,40.531918005,A192,_,00850,100
A192__00840.100,8.328784918329786,40.535307169999996,A192,_,00840,100
A192__00810.100,8.368657858039388,40.54604841,A192,_,00810,100
A192__00800.100,8.359000130676963,40.5434212,A192,_,00800,100
A192__00790.100,8.341854548096197,40.55059835,A192,_,00790,100
A192__00780.100,8.332656905066601,40.546767525,A192,_,00780,100
A192__00740.100,8.356421716486244,40.55440909,A192,_,00740,100
A192__0072.100,8.33199575526644,40.55659643,A192,_,0072,100
A192__00700.100,8.401150818350892,40.577771285,A192,_,00700,100
A192__00680.100,8.356560606559245,40.570287885,A192,_,00680,100
A192__00660.100,8.331189865448517,40.561263260000004,A192,_,00660,100
A192__00590.100,8.366605477130705,40.576676570000004,A192,_,00590,100
A192__00580.100,8.361620686438645,40.58986271,A192,_,00580,100
A192__00560.100,8.32315968920556,40.57921047000001,A192,_,00560,100
A192__00550.100,8.317993280198904,40.583311735,A192,_,00550,100
A192__00540.100,8.35299152193825,40.594154175,A192,_,00540,100
A192__00530.100,8.338243687428228,40.593456235,A192,_,00530,100
A192__00510.100,8.316888856697934,40.596688979999996,A192,_,00510,100
A192__0049.100,8.285565675776445,40.592385725,A192,_,0049,100
A192__00470.100,8.198439694181761,40.57694311,A192,_,00470,100
A192__00450.100,8.169919330796425,40.585511014999994,A192,_,00450,100
A192__00440.100,8.378370604060331,40.599092615,A192,_,00440,100
A192__00420.100,8.345527825019811,40.59930696,A192,_,00420,100
A192__00410.100,8.337568772654157,40.59763187,A192,_,00410,100
A192__00400.100,8.327305911490805,40.607586,A192,_,00400,100
A192__00350.100,8.263615835019573,40.598565324999996,A192,_,00350,100
A192__00340.100,8.268504940611486,40.616136055,A192,_,00340,100
A192__00330.100,8.239653019954643,40.595500115,A192,_,00330,100
A192__00320.100,8.207336996735851,40.593061445000004,A192,_,00320,100
A192__00310.100,8.373070387500011,40.60871765500001,A192,_,00310,100
A192__00300.100,8.387372155329015,40.61173043,A192,_,00300,100
A192__00290.100,8.384640843260396,40.616163560000004,A192,_,00290,100
A192__00270.100,8.352321209613486,40.613253405,A192,_,00270,100
A192__00240.100,8.214012368592094,40.614257665,A192,_,00240,100
A192__00230.100,8.18325736702307,40.602398199999996,A192,_,00230,100
A192__00190.100,8.208423492838325,40.620608345,A192,_,00190,100
A192__00180.100,8.171998274633442,40.63390732,A192,_,00180,100
A192__00160.100,8.271223514221496,40.62711824,A192,_,00160,100
A192__00150.100,8.224175749320223,40.641961015,A192,_,00150,100
A192__00140.100,8.196064488163142,40.640518150000005,A192,_,00140,100
A192__00130.100,8.332400050630321,40.642043735,A192,_,00130,100
A192__00120.100,8.299999255208682,40.64738957,A192,_,00120,100
A192__00080.100,8.319487613439291,40.654300955,A192,_,00080,100
A192__00070.100,8.328059955279455,40.659438425000005,A192,_,00070,100
A192__00040.100,8.25143342100884,40.660185874999996,A192,_,00040,100
A192__00030.100,8.232950859534547,40.649974735,A192,_,00030,100
A192__00210.1000,8.355571848398228,40.62206055,A192,_,00210,1000
A192__00780.1000,8.328516014557968,40.547602865,A192,_,00780,1000
A192__0071.1000,8.32394664177469,40.556100195,A192,_,0071,1000
A192__00630.1000,8.328518135033338,40.569745705,A192,_,00630,1000
A192__00550.1000,8.320673926884592,40.5889566,A192,_,00550,1000
A192__00490.1000,8.246275890227055,40.58225442,A192,_,00490,1000
A192__00480.1000,8.221327900014803,40.59080859,A192,_,00480,1000
A192__00210.1001,8.35450192389389,40.623521365,A192,_,00210,1001
A192__0071.1001,8.326933640260997,40.55652119,A192,_,0071,1001
A192__00660.1001,8.330555906501662,40.559225695,A192,_,00660,1001
A192__00630.1001,8.328274844273238,40.570113140000004,A192,_,00630,1001
A192__0049.1001,8.28665832945741,40.595366535,A192,_,0049,1001
A192__00480.1001,8.222130209978527,40.590984705,A192,_,00480,1001
A192__00210.1002,8.354338249855724,40.62298646,A192,_,00210,1002
A192__00780.1002,8.328613882407408,40.547387545,A192,_,00780,1002
A192__00630.1002,8.328313000642293,40.56973336,A192,_,00630,1002
A192__00480.1002,8.220653310301737,40.591362204999996,A192,_,00480,1002
A192__00210.1003,8.354269649342106,40.62272892,A192,_,00210,1003
A192__0071.1003,8.327163597587521,40.55643356,A192,_,0071,1003
A192__00630.1003,8.332044266960587,40.57211461,A192,_,00630,1003
A192__00480.1003,8.220642249773023,40.593113904999996,A192,_,00480,1003
A192__00210.1004,8.354200940471994,40.622472285,A192,_,00210,1004
A192__00660.1004,8.330833121745375,40.55951693,A192,_,00660,1004
A192__00630.1004,8.337389994298205,40.571292045,A192,_,00630,1004
A192__00610.1004,8.318008682327239,40.578915105,A192,_,00610,1004
A192__00490.1004,8.248396379792716,40.58630076,A192,_,00490,1004
A192__00480.1004,8.220466906089513,40.592283725,A192,_,00480,1004
A192__00210.1005,8.354132137116462,40.622215265,A192,_,00210,1005
A192__0071.1005,8.327051922737013,40.556233205,A192,_,0071,1005
A192__00480.1005,8.219537975696877,40.593018265,A192,_,00480,1005
A192__00210.1006,8.35406849044551,40.62197752,A192,_,00210,1006
A192__00660.1006,8.330044558947172,40.5637975,A192,_,00660,1006
A192__00610.1006,8.31764275483891,40.578997455,A192,_,00610,1006
A192__0049.1006,8.285910963001609,40.595714154999996,A192,_,0049,1006
A192__00480.1006,8.219295259445309,40.593156164999996,A192,_,00480,1006
A192__00210.1007,8.354812623480841,40.622119675,A192,_,00210,1007
A192__0071.1007,8.327029322399117,40.556154605,A192,_,0071,1007
A192__00660.1007,8.32974151095018,40.564030535,A192,_,00660,1007
A192__00610.1007,8.318655761161931,40.579113719999995,A192,_,00610,1007
A192__0049.1007,8.286188260578697,40.59562109,A192,_,0049,1007
A192__00480.1007,8.236790313681968,40.58308858,A192,_,00480,1007
A192__00210.1008,8.353703138469072,40.620656655000005,A192,_,00210,1008
A192__0071.1008,8.327215821325314,40.556093669999996,A192,_,0071,1008
A192__00660.1008,8.32905310016184,40.56126236,A192,_,00660,1008
A192__00630.1008,8.331240564032994,40.574474190000004,A192,_,00630,1008
A192__00610.1008,8.317307620060017,40.57893875,A192,_,00610,1008
A192__00480.1008,8.237040645850863,40.582938565,A192,_,00480,1008
A192__00480.1009,8.235936309337498,40.582293055,A192,_,00480,1009
A192__0071.1009,8.327152417065204,40.555921999999995,A192,_,0071,1009
A192__00630.1009,8.33257250500436,40.573389885,A192,_,00630,1009
A192__00020.101,8.192344795485784,40.660259165,A192,_,00020,101
A192__00970.101,8.314205426611235,40.559300295,A192,_,00970,101
A192__00950.101,8.352384014600428,40.51493182,A192,_,00950,101
A192__00940.101,8.356009839988122,40.51864896,A192,_,00940,101
A192__00930.101,8.337119410762224,40.52279816,A192,_,00930,101
A192__00900.101,8.35885076979676,40.53125847,A192,_,00900,101
A192__00890.101,8.349636374433455,40.528620665000005,A192,_,00890,101
A192__00860.101,8.361015122698479,40.538992015,A192,_,00860,101
A192__00810.101,8.368888858019961,40.545806715,A192,_,00810,101
A192__00800.101,8.359155919979909,40.5435202,A192,_,00800,101
A192__00790.101,8.342378583068946,40.55031427,A192,_,00790,101
A192__00780.101,8.33297137093941,40.546430555,A192,_,00780,101
A192__00740.101,8.35638094113473,40.553219645,A192,_,00740,101
A192__00680.101,8.356749721962835,40.570020105,A192,_,00680,101
A192__00660.101,8.330658206600623,40.560395150000005,A192,_,00660,101
A192__0064.101,8.31924407319708,40.562936805,A192,_,0064,101
A192__00630.101,8.337583658317666,40.57117706,A192,_,00630,101
A192__00620.101,8.322835777758533,40.572106285000004,A192,_,00620,101
A192__0061.101,8.319644099264877,40.569559955,A192,_,0061,101
A192__00600.101,8.341816862128333,40.576216345,A192,_,00600,101
A192__00590.101,8.365881580831275,40.576612255,A192,_,00590,101
A192__00580.101,8.361609916041274,40.588264875,A192,_,00580,101
A192__00570.101,8.353290562407476,40.589881395,A192,_,00570,101
A192__00560.101,8.322896027060763,40.579247925000004,A192,_,00560,101
A192__00550.101,8.317363459068616,40.583719765,A192,_,00550,101
A192__00540.101,8.350374117377003,40.59592698,A192,_,00540,101
A192__00510.101,8.31671131023625,40.59658603,A192,_,00510,101
A192__0049.101,8.28535545658684,40.592817260000004,A192,_,0049,101
A192__00470.101,8.198680374740977,40.5771657,A192,_,00470,101
A192__00410.101,8.335724107543404,40.59890937,A192,_,00410,101
A192__00390.101,8.318243926108567,40.604192275,A192,_,00390,101
A192__00350.101,8.263107944670985,40.598455735,A192,_,00350,101
A192__00340.101,8.267434799670344,40.615064309999994,A192,_,00340,101
A192__00320.101,8.20713100772835,40.59311203,A192,_,00320,101
A192__00310.101,8.377705353874278,40.614189429999996,A192,_,00310,101
A192__00300.101,8.387441418141771,40.61167981,A192,_,00300,101
A192__00290.101,8.38570241784218,40.61643991,A192,_,00290,101
A192__00280.101,8.368766016278474,40.62154761,A192,_,00280,101
A192__00270.101,8.350391754903995,40.612701055,A192,_,00270,101
A192__00230.101,8.172399652516528,40.594286435,A192,_,00230,101
A192__00210.101,8.34635585120177,40.624131925,A192,_,00210,101
A192__00180.101,8.171385333090672,40.633833775,A192,_,00180,101
A192__00160.101,8.269985993968945,40.62692861,A192,_,00160,101
A192__00150.101,8.22453989404407,40.642383845,A192,_,00150,101
A192__00140.101,8.19841763939092,40.646515965,A192,_,00140,101
A192__00120.101,8.300140404266623,40.64764426,A192,_,00120,101
A192__00070.101,8.325911961976463,40.659779455,A192,_,00070,101
A192__00060.101,8.297301741819284,40.669020585,A192,_,00060,101
A192__00480.1010,8.236268021277006,40.582186295,A192,_,00480,1010
A192__0071.1010,8.327121206460102,40.5558211,A192,_,0071,1010
A192__00630.1010,8.335886439128613,40.568026375,A192,_,00630,1010
A192__00550.1010,8.323210665956694,40.58585372500001,A192,_,00550,1010
A192__00480.1011,8.226398434540922,40.58907702,A192,_,00480,1011
A192__0071.1011,8.327081695166093,40.555697405000004,A192,_,0071,1011
A192__00630.1011,8.336516385519559,40.568301885,A192,_,00630,1011
A192__00610.1011,8.318426627899095,40.57926952,A192,_,00610,1011
A192__00550.1011,8.323502511328904,40.585801255,A192,_,00550,1011
A192__00490.1012,8.266743900967843,40.592084369999995,A192,_,00490,1012
A192__0071.1012,8.327054418858253,40.555611760000005,A192,_,0071,1012
A192__00630.1012,8.336807053609627,40.568481985000005,A192,_,00630,1012
A192__00550.1012,8.323056741283764,40.58326015,A192,_,00550,1012
A192__00490.1013,8.267074839459466,40.591416030000005,A192,_,00490,1013
A192__0071.1013,8.32701684928149,40.555491315,A192,_,0071,1013
A192__00610.1013,8.317711191685653,40.578630434999994,A192,_,00610,1013
A192__00480.1014,8.225271498191912,40.591515994999995,A192,_,00480,1014
A192__00660.1014,8.329289248178402,40.560217769999994,A192,_,00660,1014
A192__00630.1014,8.337578782561788,40.568922405,A192,_,00630,1014
A192__00610.1014,8.31776621131303,40.57893168,A192,_,00610,1014
A192__00550.1014,8.325758109647508,40.589957565000006,A192,_,00550,1014
A192__00490.1014,8.246373651643996,40.5771476,A192,_,00490,1014
A192__00210.1015,8.358431512109627,40.62616885,A192,_,00210,1015
A192__0071.1015,8.326900587659079,40.55513148,A192,_,0071,1015
A192__00630.1015,8.337883643119785,40.569102715,A192,_,00630,1015
A192__00490.1015,8.246363304359537,40.577090795000004,A192,_,00490,1015
A192__00480.1015,8.225296612593583,40.59157371,A192,_,00480,1015
A192__00210.1016,8.359028244050057,40.62421291,A192,_,00210,1016
A192__0071.1016,8.326860288096459,40.555008575,A192,_,0071,1016
A192__00630.1016,8.338333826678976,40.569374355,A192,_,00630,1016
A192__00490.1016,8.246561997078413,40.57710159,A192,_,00490,1016
A192__00480.1016,8.225104215060274,40.59132579,A192,_,00480,1016
A192__00210.1017,8.35817621045274,40.6222986,A192,_,00210,1017
A192__00660.1017,8.329245173742354,40.56069268,A192,_,00660,1017
A192__00630.1017,8.337458914176791,40.568857304999995,A192,_,00630,1017
A192__00490.1017,8.246539786462773,40.577058109999996,A192,_,00490,1017
A192__00480.1017,8.24367521081449,40.577051215,A192,_,00480,1017
A192__00210.1018,8.357855486968994,40.62060667,A192,_,00210,1018
A192__00630.1018,8.337508441200638,40.568884095,A192,_,00630,1018
A192__00490.1018,8.246486930629535,40.577120465,A192,_,00490,1018
A192__00480.1018,8.245124715720747,40.577247889999995,A192,_,00480,1018
A192__00210.1019,8.358090388831805,40.619820945,A192,_,00210,1019
A192__00660.1019,8.328301093296918,40.56041514499999,A192,_,00660,1019
A192__00630.1019,8.337252358671154,40.56874759,A192,_,00630,1019
A192__00490.1019,8.246490888054321,40.57707018,A192,_,00490,1019
A192__00480.1019,8.226719668196093,40.58843993,A192,_,00480,1019
A192__00010.102,8.23627714469524,40.656311335,A192,_,00010,102
A192__00970.102,8.314002665634817,40.55935339,A192,_,00970,102
A192__00950.102,8.353317832877998,40.5145149,A192,_,00950,102
A192__00940.102,8.356747632024238,40.517325315,A192,_,00940,102
A192__00900.102,8.370337997852221,40.542836885,A192,_,00900,102
A192__00880.102,8.347814509997791,40.520883964999996,A192,_,00880,102
A192__00870.102,8.336904323420551,40.526363724999996,A192,_,00870,102
A192__00860.102,8.364424639103996,40.539861355,A192,_,00860,102
A192__00850.102,8.334889177906202,40.53894922,A192,_,00850,102
A192__00840.102,8.33041694654034,40.53935472,A192,_,00840,102
A192__00810.102,8.368816308698813,40.545527879999995,A192,_,00810,102
A192__00780.102,8.33222171896606,40.545703704999994,A192,_,00780,102
A192__00740.102,8.357027494901928,40.55333024,A192,_,00740,102
A192__00730.102,8.35031864926329,40.55472101,A192,_,00730,102
A192__00700.102,8.401875950341417,40.57629765,A192,_,00700,102
A192__00680.102,8.356941713177907,40.56985965,A192,_,00680,102
A192__00670.102,8.344480315679023,40.57096797,A192,_,00670,102
A192__00660.102,8.331060119455607,40.560534634999996,A192,_,00660,102
A192__0064.102,8.319691950283428,40.562323840000005,A192,_,0064,102
A192__00620.102,8.323266499455322,40.57142274,A192,_,00620,102
A192__0061.102,8.318577459672447,40.572453525,A192,_,0061,102
A192__00590.102,8.366220834243453,40.5770548,A192,_,00590,102
A192__00580.102,8.360781497778687,40.58899693,A192,_,00580,102
A192__00560.102,8.32293092208883,40.578934695,A192,_,00560,102
A192__00550.102,8.317570222286427,40.58393846,A192,_,00550,102
A192__00540.102,8.34927721438018,40.59502471,A192,_,00540,102
A192__00530.102,8.337202911813797,40.592604515000005,A192,_,00530,102
A192__00520.102,8.329081876626098,40.594029845,A192,_,00520,102
A192__00510.102,8.317597083804987,40.59621069,A192,_,00510,102
A192__0049.102,8.286006386635613,40.592763065,A192,_,0049,102
A192__00470.102,8.198576495798438,40.57709996,A192,_,00470,102
A192__00450.102,8.169993791156763,40.585886475,A192,_,00450,102
A192__00400.102,8.32617013117064,40.60729311,A192,_,00400,102
A192__00390.102,8.315570300297901,40.605507605,A192,_,00390,102
A192__00380.102,8.305869402911842,40.595252529999996,A192,_,00380,102
A192__00360.102,8.307689994102095,40.6020634,A192,_,00360,102
A192__00350.102,8.264692788884046,40.598069695,A192,_,00350,102
A192__00330.102,8.243582770063652,40.610221295,A192,_,00330,102
A192__00320.102,8.206893106509547,40.59317161,A192,_,00320,102
A192__00310.102,8.380693285176587,40.61156541,A192,_,00310,102
A192__00300.102,8.38772729266615,40.611789935,A192,_,00300,102
A192__00280.102,8.369544124094238,40.621752779999994,A192,_,00280,102
A192__00270.102,8.327439113331396,40.62036198,A192,_,00270,102
A192__00250.102,8.287422015083497,40.61433656,A192,_,00250,102
A192__00240.102,8.217020609397526,40.613356464999995,A192,_,00240,102
A192__00230.102,8.16945344298643,40.5944261,A192,_,00230,102
A192__00190.102,8.208956344461404,40.62006037,A192,_,00190,102
A192__00180.102,8.171322679035693,40.63391196,A192,_,00180,102
A192__00150.102,8.223955162196887,40.64065701,A192,_,00150,102
A192__00140.102,8.199615040051192,40.6458825,A192,_,00140,102
A192__00120.102,8.300304999630637,40.647914744999994,A192,_,00120,102
A192__00070.102,8.327278294492825,40.65976059,A192,_,00070,102
A192__00060.102,8.29710115456561,40.670364565,A192,_,00060,102
A192__00040.102,8.245341245648362,40.649368915,A192,_,00040,102
A192__00020.102,8.193729772590324,40.660070915,A192,_,00020,102
A192__00210.1020,8.357996033909881,40.619303335,A192,_,00210,1020
A192__0071.1020,8.318787569946164,40.556826385,A192,_,0071,1020
A192__00660.1020,8.328184834672989,40.560221815,A192,_,00660,1020
A192__00630.1020,8.337399275554247,40.56888669,A192,_,00630,1020
A192__00490.1020,8.255200853743096,40.585130109999994,A192,_,00490,1020
A192__00480.1020,8.218958430372261,40.59254271499999,A192,_,00480,1020
A192__00210.1021,8.347661292021794,40.62670546,A192,_,00210,1021
A192__0071.1021,8.318348730390056,40.556441039999996,A192,_,0071,1021
A192__00630.1021,8.337455895798815,40.568906605,A192,_,00630,1021
A192__00490.1021,8.24593172239829,40.58190682,A192,_,00490,1021
A192__00210.1022,8.348149084394443,40.624817164999996,A192,_,00210,1022
A192__0071.1022,8.318889494456894,40.55630744,A192,_,0071,1022
A192__00660.1022,8.32839770902104,40.561026185,A192,_,00660,1022
A192__00630.1022,8.337156829536294,40.56877324,A192,_,00630,1022
A192__00210.1023,8.347800563251429,40.624797525000005,A192,_,00210,1023
A192__00630.1023,8.33569548852681,40.569304439999996,A192,_,00630,1023
A192__00490.1023,8.246496776295018,40.583108575,A192,_,00490,1023
A192__00480.1023,8.227913528808024,40.58832832,A192,_,00480,1023
A192__00210.1024,8.347801078827663,40.62498467,A192,_,00210,1024
A192__00630.1024,8.33632589487539,40.56924299,A192,_,00630,1024
A192__00490.1024,8.246356100832154,40.582725375,A192,_,00490,1024
A192__00480.1024,8.234903515465463,40.591548365,A192,_,00480,1024
A192__00210.1025,8.347492784086597,40.62462628,A192,_,00210,1025
A192__00660.1025,8.329194831672954,40.560732735,A192,_,00660,1025
A192__00630.1025,8.335965797491587,40.569229525,A192,_,00630,1025
A192__00490.1025,8.246559906195088,40.582433775,A192,_,00490,1025
A192__00210.1026,8.356891707250153,40.629522525,A192,_,00210,1026
A192__00630.1026,8.336728557307207,40.56915123,A192,_,00630,1026
A192__00490.1026,8.248126368806734,40.584102155,A192,_,00490,1026
A192__00480.1026,8.230813272112606,40.585014695,A192,_,00480,1026
A192__00210.1027,8.356038374204935,40.62974718,A192,_,00210,1027
A192__00660.1027,8.329670653585026,40.560471215,A192,_,00660,1027
A192__00630.1027,8.336600991197574,40.568965649999996,A192,_,00630,1027
A192__00490.1027,8.262182072799279,40.583412855000006,A192,_,00490,1027
A192__00480.1027,8.223731292442327,40.595044305,A192,_,00480,1027
A192__00210.1028,8.355776491884862,40.629912485,A192,_,00210,1028
A192__00660.1028,8.328287381435608,40.56068837,A192,_,00660,1028
A192__00630.1028,8.334810619480024,40.57582735,A192,_,00630,1028
A192__00490.1028,8.258964501549517,40.584440099999995,A192,_,00490,1028
A192__00480.1028,8.226713178602495,40.59482892,A192,_,00480,1028
A192__00210.1029,8.356247107420208,40.629870034999996,A192,_,00210,1029
A192__00630.1029,8.335112578136204,40.576065310000004,A192,_,00630,1029
A192__00490.1029,8.258627649685668,40.58443636,A192,_,00490,1029
A192__00010.103,8.228417186524183,40.663724904999995,A192,_,00010,103
A192__00970.103,8.3139552229175,40.559356539999996,A192,_,00970,103
A192__00950.103,8.35330734846754,40.514425075000005,A192,_,00950,103
A192__00940.103,8.356383483115831,40.51767906,A192,_,00940,103
A192__00930.103,8.339819126615826,40.52131275,A192,_,00930,103
A192__00900.103,8.370826702631732,40.542494515,A192,_,00900,103
A192__00890.103,8.349461366854023,40.528423465,A192,_,00890,103
A192__00880.103,8.348451118496973,40.52080402,A192,_,00880,103
A192__00860.103,8.363954892154016,40.539723205,A192,_,00860,103
A192__00850.103,8.33512121468779,40.538925725,A192,_,00850,103
A192__00810.103,8.369480859812626,40.545622800000004,A192,_,00810,103
A192__00780.103,8.339027132187114,40.539200855,A192,_,00780,103
A192__00740.103,8.357362345253259,40.553424265,A192,_,00740,103
A192__00730.103,8.350510851785714,40.5545381,A192,_,00730,103
A192__00720.103,8.334832226845819,40.554662195,A192,_,00720,103
A192__0071.103,8.318950048084925,40.554675970000005,A192,_,0071,103
A192__00660.103,8.330320533013296,40.56076071,A192,_,00660,103
A192__00620.103,8.324510056091956,40.571689840000005,A192,_,00620,103
A192__00600.103,8.337904000682236,40.575072649999996,A192,_,00600,103
A192__00590.103,8.367062685774288,40.577454055000004,A192,_,00590,103
A192__00530.103,8.337624920144616,40.592574514999995,A192,_,00530,103
A192__00510.103,8.32049803089999,40.594393769999996,A192,_,00510,103
A192__0049.103,8.286147387881083,40.593103604999996,A192,_,0049,103
A192__00470.103,8.198992740863792,40.577505795,A192,_,00470,103
A192__00450.103,8.169639086025839,40.586255754999996,A192,_,00450,103
A192__00440.103,8.379122934321122,40.59739902,A192,_,00440,103
A192__00420.103,8.345082969530457,40.598548554999994,A192,_,00420,103
A192__00400.103,8.325498211058907,40.60357028,A192,_,00400,103
A192__00380.103,8.307720432155012,40.5949354,A192,_,00380,103
A192__00350.103,8.271418589839824,40.59980111,A192,_,00350,103
A192__00340.103,8.26532639004592,40.616131525,A192,_,00340,103
A192__00330.103,8.24207657989727,40.607278625000006,A192,_,00330,103
A192__00320.103,8.206646070815506,40.59323938,A192,_,00320,103
A192__00310.103,8.380996003335152,40.610592385000004,A192,_,00310,103
A192__00300.103,8.388017936572938,40.612136825,A192,_,00300,103
A192__00280.103,8.366463252411581,40.61936345,A192,_,00280,103
A192__00270.103,8.327361139073425,40.62012945,A192,_,00270,103
A192__00250.103,8.285151945510592,40.615847665000004,A192,_,00250,103
A192__00240.103,8.214859208659043,40.6120789,A192,_,00240,103
A192__00230.103,8.182220293979562,40.601641015,A192,_,00230,103
A192__00190.103,8.208548207535777,40.620431350000004,A192,_,00190,103
A192__00180.103,8.171161738593359,40.63375291,A192,_,00180,103
A192__00160.103,8.270368889157545,40.62892019,A192,_,00160,103
A192__00130.103,8.333013928171049,40.641304765,A192,_,00130,103
A192__00120.103,8.300478750928729,40.64815717,A192,_,00120,103
A192__00060.103,8.295744887521732,40.67108768,A192,_,00060,103
A192__00020.103,8.193181413805622,40.6619594,A192,_,00020,103
A192__00210.1030,8.35801316510436,40.6334859,A192,_,00210,1030
A192__00660.1030,8.328184554198257,40.560801455000004,A192,_,00660,1030
A192__00630.1030,8.335011600897257,40.57611051,A192,_,00630,1030
A192__00480.1030,8.22152383833062,40.59353377,A192,_,00480,1030
A192__00210.1031,8.357581585790792,40.633040175,A192,_,00210,1031
A192__0071.1031,8.322606402437877,40.553927625,A192,_,0071,1031
A192__00660.1031,8.328103615652477,40.560670535,A192,_,00660,1031
A192__00630.1031,8.334890973118345,40.576045335,A192,_,00630,1031
A192__00210.1032,8.358912491361924,40.63211176,A192,_,00210,1032
A192__00660.1032,8.328060049677479,40.560755255000004,A192,_,00660,1032
A192__00630.1032,8.334935312945646,40.576017019999995,A192,_,00630,1032
A192__00480.1032,8.230374226500889,40.58471064,A192,_,00480,1032
A192__00210.1033,8.359658868245013,40.63167435,A192,_,00210,1033
A192__0071.1033,8.323129617943009,40.55366724,A192,_,0071,1033
A192__00630.1033,8.328620717289583,40.570036759999994,A192,_,00630,1033
A192__00480.1033,8.229827460055164,40.584090180000004,A192,_,00480,1033
A192__00480.1034,8.241540799810164,40.591600189999994,A192,_,00480,1034
A192__00660.1034,8.327865255432151,40.56099278,A192,_,00660,1034
A192__00630.1034,8.337653048504942,40.570595194999996,A192,_,00630,1034
A192__0061.1034,8.318590156578498,40.5768048,A192,_,0061,1034
A192__00480.1035,8.23997499989498,40.591892485,A192,_,00480,1035
A192__00630.1035,8.34134337148338,40.57193105,A192,_,00630,1035
A192__00210.1036,8.353454953038224,40.6195915,A192,_,00210,1036
A192__00660.1036,8.329537862627571,40.56086262,A192,_,00660,1036
A192__00630.1036,8.337303552955325,40.57132149,A192,_,00630,1036
A192__0061.1036,8.319636298488597,40.576160465,A192,_,0061,1036
A192__00490.1036,8.256517820718798,40.589989149999994,A192,_,00490,1036
A192__00480.1036,8.22288785668714,40.59450627,A192,_,00480,1036
A192__00210.1037,8.341273079056478,40.622810285,A192,_,00210,1037
A192__0061.1037,8.319334149288396,40.576932725,A192,_,0061,1037
A192__00490.1037,8.255861068894934,40.58997221,A192,_,00490,1037
A192__00480.1037,8.222540139131905,40.594536704999996,A192,_,00480,1037
A192__00210.1038,8.354104796339747,40.62351572,A192,_,00210,1038
A192__0071.1038,8.321087626781285,40.560568685,A192,_,0071,1038
A192__00660.1038,8.329573475628262,40.560924475,A192,_,00660,1038
A192__00630.1038,8.333387898712555,40.571848085,A192,_,00630,1038
A192__0061.1038,8.319326454800212,40.576787045,A192,_,0061,1038
A192__00490.1038,8.245955627230895,40.582332480000005,A192,_,00490,1038
A192__00480.1038,8.222515392509283,40.594612295000005,A192,_,00480,1038
A192__00210.1039,8.354107282354619,40.623319515,A192,_,00210,1039
A192__0071.1039,8.321147218216032,40.560381789999994,A192,_,0071,1039
A192__00490.1039,8.246047169877095,40.58270848,A192,_,00490,1039
A192__00480.1039,8.22266150370619,40.594667865,A192,_,00480,1039
A192__00010.104,8.22888313163994,40.659118645,A192,_,00010,104
A192__00970.104,8.313922183522196,40.559317065,A192,_,00970,104
A192__00950.104,8.340911612743879,40.51523658,A192,_,00950,104
A192__00940.104,8.357236579281917,40.5163701,A192,_,00940,104
A192__00930.104,8.34112215835128,40.521137675,A192,_,00930,104
A192__00900.104,8.370140866310527,40.541787945,A192,_,00900,104
A192__00890.104,8.34943741684678,40.527853425,A192,_,00890,104
A192__00880.104,8.34723434319907,40.520477375,A192,_,00880,104
A192__00870.104,8.33863198590746,40.52602096,A192,_,00870,104
A192__00840.104,8.331556220930894,40.537731895,A192,_,00840,104
A192__00810.104,8.370096134765088,40.545668175,A192,_,00810,104
A192__00790.104,8.342485459497503,40.544125505,A192,_,00790,104
A192__00750.104,8.368183083711017,40.555025905,A192,_,00750,104
A192__00740.104,8.358168111383721,40.552712955,A192,_,00740,104
A192__0072.104,8.32626274827091,40.557623355000004,A192,_,0072,104
A192__00700.104,8.399817217529577,40.576262555,A192,_,00700,104
A192__00620.104,8.324369529700036,40.572542935,A192,_,00620,104
A192__00600.104,8.344041768713037,40.57358766,A192,_,00600,104
A192__00590.104,8.365664284904934,40.576792685,A192,_,00590,104
A192__00580.104,8.363132286890785,40.5893205,A192,_,00580,104
A192__00540.104,8.3438802708588,40.59133234,A192,_,00540,104
A192__00530.104,8.333985578159812,40.59627407,A192,_,00530,104
A192__00520.104,8.329960501210483,40.593616995,A192,_,00520,104
A192__00510.104,8.320347278018463,40.594445054999994,A192,_,00510,104
A192__0050.104,8.312391355628812,40.58096213,A192,_,0050,104
A192__00470.104,8.199095077528742,40.577706175,A192,_,00470,104
A192__00440.104,8.378132678751257,40.59787956,A192,_,00440,104
A192__00420.104,8.350095929338792,40.601574625,A192,_,00420,104
A192__00410.104,8.3344254375796,40.59956086,A192,_,00410,104
A192__00400.104,8.324688496248648,40.60340982,A192,_,00400,104
A192__00390.104,8.31671508729664,40.597956755,A192,_,00390,104
A192__00350.104,8.27109460353234,40.600680225000005,A192,_,00350,104
A192__00330.104,8.243356615751356,40.606774970000004,A192,_,00330,104
A192__00320.104,8.20641804629073,40.5932789,A192,_,00320,104
A192__00310.104,8.37096476489701,40.607858765,A192,_,00310,104
A192__00300.104,8.388381693342463,40.6119389,A192,_,00300,104
A192__00280.104,8.366394277272551,40.618727899999996,A192,_,00280,104
A192__00270.104,8.332444443648132,40.620971735,A192,_,00270,104
A192__00240.104,8.215902703485805,40.612040815,A192,_,00240,104
A192__00210.104,8.346772523814584,40.62441539,A192,_,00210,104
A192__00190.104,8.208740091127234,40.620342455,A192,_,00190,104
A192__00180.104,8.170093114403674,40.63356163,A192,_,00180,104
A192__00140.104,8.200901433668054,40.649766015,A192,_,00140,104
A192__00130.104,8.333203549496886,40.641295255,A192,_,00130,104
A192__00120.104,8.300593012654526,40.648396255,A192,_,00120,104
A192__00020.104,8.19209384837082,40.663707224999996,A192,_,00020,104
A192__00480.1040,8.22052147853213,40.593898725,A192,_,00480,1040
A192__0071.1040,8.321280427057925,40.560433810000006,A192,_,0071,1040
A192__00630.1040,8.329047834099704,40.57017711,A192,_,00630,1040
A192__00490.1040,8.264103232319325,40.590757835000005,A192,_,00490,1040
A192__00480.1041,8.234942253847827,40.59109124,A192,_,00480,1041
A192__00640.1041,8.329078934763993,40.566213105,A192,_,00640,1041
A192__00490.1041,8.264183363416802,40.591802875,A192,_,00490,1041
A192__00480.1042,8.222178548667806,40.594028359999996,A192,_,00480,1042
A192__00640.1042,8.331954403848918,40.567192559999995,A192,_,00640,1042
A192__00630.1042,8.329450469969661,40.570118625000006,A192,_,00630,1042
A192__00490.1042,8.264600582403318,40.59088197,A192,_,00490,1042
A192__00210.1043,8.356340419048944,40.624144099999995,A192,_,00210,1043
A192__00780.1043,8.336453019805015,40.541888405,A192,_,00780,1043
A192__0071.1043,8.3219123134437,40.560679905,A192,_,0071,1043
A192__00660.1043,8.328393257018247,40.560693825,A192,_,00660,1043
A192__00630.1043,8.33594670384246,40.568866375,A192,_,00630,1043
A192__00610.1043,8.319763587358288,40.577566059999995,A192,_,00610,1043
A192__00480.1043,8.222116931892607,40.594017699999995,A192,_,00480,1043
A192__00210.1044,8.355686963495511,40.624665725,A192,_,00210,1044
A192__00780.1044,8.327169635626195,40.54600506,A192,_,00780,1044
A192__0071.1044,8.321894902285067,40.56075818,A192,_,0071,1044
A192__00640.1044,8.328518546364254,40.56618339,A192,_,00640,1044
A192__00630.1044,8.335360294708112,40.568981355000005,A192,_,00630,1044
A192__00610.1044,8.321057646765698,40.578036534999995,A192,_,00610,1044
A192__00480.1044,8.222410060617172,40.59414298,A192,_,00480,1044
A192__00210.1045,8.355840237286422,40.62416317,A192,_,00210,1045
A192__00660.1045,8.32815670519263,40.560611815,A192,_,00660,1045
A192__00630.1045,8.332351837710668,40.57581935,A192,_,00630,1045
A192__00610.1045,8.320175588475736,40.577647865,A192,_,00610,1045
A192__00490.1045,8.254953576264278,40.5890285,A192,_,00490,1045
A192__00480.1046,8.224164368678029,40.587024535,A192,_,00480,1046
A192__0071.1046,8.322040654698345,40.560788235000004,A192,_,0071,1046
A192__00640.1046,8.329212628998642,40.566356580000004,A192,_,00640,1046
A192__00630.1046,8.335172335809046,40.57349353,A192,_,00630,1046
A192__00610.1046,8.320275666958285,40.57857492,A192,_,00610,1046
A192__00490.1046,8.25493252865661,40.58866379,A192,_,00490,1046
A192__00480.1047,8.22408301355147,40.58694398,A192,_,00480,1047
A192__0071.1047,8.32197979078013,40.561385765,A192,_,0071,1047
A192__00660.1047,8.328849143225119,40.560585474999996,A192,_,00660,1047
A192__00640.1047,8.329233758558562,40.56623868,A192,_,00640,1047
A192__00630.1047,8.335017358765786,40.573510225,A192,_,00630,1047
A192__00490.1047,8.254052568500661,40.58778135,A192,_,00490,1047
A192__00210.1048,8.339946079834654,40.62314178,A192,_,00210,1048
A192__0071.1048,8.322296822544168,40.561380545,A192,_,0071,1048
A192__00630.1048,8.329006357015547,40.570007399999994,A192,_,00630,1048
A192__00480.1048,8.224045717878656,40.58678242,A192,_,00480,1048
A192__00020.105,8.191615333560346,40.663533259999994,A192,_,00020,105
A192__00970.105,8.31379869618064,40.559276485,A192,_,00970,105
A192__00940.105,8.355574926910126,40.508866874999995,A192,_,00940,105
A192__00900.105,8.370841555347276,40.542204479999995,A192,_,00900,105
A192__00880.105,8.347247892680311,40.520173944999996,A192,_,00880,105
A192__00850.105,8.335332895156156,40.538820720000004,A192,_,00850,105
A192__0077.105,8.327724861539782,40.55180397,A192,_,0077,105
A192__00700.105,8.398821321714351,40.576158185,A192,_,00700,105
A192__00680.105,8.353447053587363,40.57330709,A192,_,00680,105
A192__00670.105,8.338853492978036,40.564132115,A192,_,00670,105
A192__00630.105,8.3336031869581,40.56969812,A192,_,00630,105
A192__00600.105,8.345283870551288,40.573132439999995,A192,_,00600,105
A192__00570.105,8.35370596243486,40.59087675,A192,_,00570,105
A192__00550.105,8.318436623693625,40.58260704,A192,_,00550,105
A192__00540.105,8.3525448328606,40.59488639,A192,_,00540,105
A192__00530.105,8.334583378024611,40.595753595,A192,_,00530,105
A192__00510.105,8.320047522025035,40.594558805,A192,_,00510,105
A192__0050.105,8.312432022766245,40.580979475,A192,_,0050,105
A192__00470.105,8.19938602974081,40.577698635000004,A192,_,00470,105
A192__00450.105,8.165107431965849,40.58499454,A192,_,00450,105
A192__00440.105,8.379520861012258,40.59685243,A192,_,00440,105
A192__00420.105,8.345780359980697,40.599777700000004,A192,_,00420,105
A192__00400.105,8.325204778739755,40.602931625,A192,_,00400,105
A192__00390.105,8.316190767794616,40.604954785000004,A192,_,00390,105
A192__00380.105,8.308913393201841,40.593773655,A192,_,00380,105
A192__00350.105,8.270896486024863,40.601217795,A192,_,00350,105
A192__00330.105,8.24574187933559,40.60728795,A192,_,00330,105
A192__00320.105,8.206837675765101,40.592734,A192,_,00320,105
A192__00310.105,8.367815060832951,40.610077495,A192,_,00310,105
A192__00300.105,8.388406189299733,40.61227289,A192,_,00300,105
A192__00250.105,8.28793781334049,40.61433656,A192,_,00250,105
A192__00240.105,8.216426027374494,40.614041945,A192,_,00240,105
A192__00210.105,8.327608365598632,40.62494582,A192,_,00210,105
A192__00190.105,8.209292126243906,40.619683914999996,A192,_,00190,105
A192__00180.105,8.169830974937987,40.63350976,A192,_,00180,105
A192__00150.105,8.230225960674659,40.642362995,A192,_,00150,105
A192__00140.105,8.202471588748068,40.650905370000004,A192,_,00140,105
A192__00120.105,8.300731101528394,40.64862895500001,A192,_,00120,105
A192__00080.105,8.32716519010866,40.657333539999996,A192,_,00080,105
A192__00070.105,8.326204312500536,40.662617465,A192,_,00070,105
A192__00210.1050,8.34631730838283,40.622716195,A192,_,00210,1050
A192__00610.1050,8.321345055740041,40.577973945,A192,_,00610,1050
A192__0049.1050,8.285214520681013,40.591565015,A192,_,0049,1050
A192__00210.1051,8.346695907938471,40.622829055,A192,_,00210,1051
A192__0071.1051,8.322692761504417,40.561276995,A192,_,0071,1051
A192__0049.1051,8.28502807808863,40.59177053,A192,_,0049,1051
A192__00210.1052,8.352354204134464,40.61907857,A192,_,00210,1052
A192__0071.1052,8.322806431515385,40.561206765,A192,_,0071,1052
A192__00610.1052,8.321407191812941,40.57834485,A192,_,00610,1052
A192__0049.1052,8.285385112395732,40.591411504999996,A192,_,0049,1052
A192__00210.1053,8.352452623330702,40.618916850000005,A192,_,00210,1053
A192__0071.1053,8.322209684940464,40.561015475000005,A192,_,0071,1053
A192__00660.1053,8.328494475760555,40.56044665,A192,_,00660,1053
A192__0049.1053,8.28509189459161,40.591700085,A192,_,0049,1053
A192__00480.1053,8.223800916891058,40.586807745,A192,_,00480,1053
A192__00210.1054,8.351627225160597,40.619345795,A192,_,00210,1054
A192__0071.1054,8.322326378699959,40.560910969999995,A192,_,0071,1054
A192__0064.1054,8.317726748658883,40.564044374999995,A192,_,0064,1054
A192__00610.1054,8.321051398813221,40.577835050000004,A192,_,00610,1054
A192__0049.1054,8.283872568031153,40.59125194,A192,_,0049,1054
A192__00210.1055,8.351866674112845,40.619415185,A192,_,00210,1055
A192__0071.1055,8.32250200445546,40.56096549,A192,_,0071,1055
A192__00660.1055,8.328689911709478,40.560528525,A192,_,00660,1055
A192__00610.1055,8.321453609835544,40.578594115,A192,_,00610,1055
A192__0049.1055,8.283971154913694,40.59103148,A192,_,0049,1055
A192__00480.1056,8.230667130614792,40.581767479999996,A192,_,00480,1056
A192__0071.1056,8.322644307266625,40.560998229999996,A192,_,0071,1056
A192__0049.1056,8.284142764954334,40.591013035,A192,_,0049,1056
A192__00480.1057,8.232002675960594,40.58306467,A192,_,00480,1057
A192__0071.1057,8.32275213402839,40.561780385,A192,_,0071,1057
A192__00660.1057,8.329629556503697,40.56061638,A192,_,00660,1057
A192__00630.1057,8.33466517054399,40.57374697,A192,_,00630,1057
A192__00490.1057,8.258008184384435,40.58903153999999,A192,_,00490,1057
A192__00480.1058,8.220977904950761,40.595284475,A192,_,00480,1058
A192__0071.1058,8.322919815341159,40.561885665000005,A192,_,0071,1058
A192__00630.1058,8.339301111598555,40.572341665,A192,_,00630,1058
A192__00490.1058,8.258110811505214,40.58867103,A192,_,00490,1058
A192__00480.1059,8.220769239159086,40.594965079999994,A192,_,00480,1059
A192__00780.1059,8.338291664019291,40.54267525,A192,_,00780,1059
A192__0071.1059,8.323039482651682,40.56198438,A192,_,0071,1059
A192__00490.1059,8.259133239436384,40.589865175,A192,_,00490,1059
A192__00010.106,8.22686371012573,40.656023825000005,A192,_,00010,106
A192__00970.106,8.313860225076137,40.559112830000004,A192,_,00970,106
A192__00940.106,8.357398930034572,40.51725331,A192,_,00940,106
A192__00930.106,8.340278832971936,40.518769205,A192,_,00930,106
A192__00900.106,8.364948948521253,40.533858525,A192,_,00900,106
A192__00890.106,8.34883752739863,40.52746623,A192,_,00890,106
A192__00870.106,8.337766157135658,40.534676445,A192,_,00870,106
A192__00850.106,8.334617737672755,40.538645675,A192,_,00850,106
A192__00840.106,8.328942392274264,40.537264245,A192,_,00840,106
A192__00800.106,8.360893266424073,40.54866768,A192,_,00800,106
A192__00780.106,8.332341491832896,40.543964835,A192,_,00780,106
A192__00750.106,8.371665212328816,40.55123193,A192,_,00750,106
A192__00740.106,8.35588263295725,40.5519261,A192,_,00740,106
A192__00730.106,8.348514705311224,40.554422675,A192,_,00730,106
A192__0072.106,8.327881357498082,40.558237059999996,A192,_,0072,106
A192__00700.106,8.403126260605983,40.57582816,A192,_,00700,106
A192__00680.106,8.35250537403288,40.57307815,A192,_,00680,106
A192__00620.106,8.324211922286711,40.572676645,A192,_,00620,106
A192__0061.106,8.315957318208987,40.575236805,A192,_,0061,106
A192__00600.106,8.345711456562928,40.57289804,A192,_,00600,106
A192__00580.106,8.361637935697436,40.58870148,A192,_,00580,106
A192__00560.106,8.32316094502788,40.580459495,A192,_,00560,106
A192__00540.106,8.352761701143223,40.59502808,A192,_,00540,106
A192__00530.106,8.33638410896457,40.592088325000006,A192,_,00530,106
A192__00510.106,8.320460655286102,40.594617299999996,A192,_,00510,106
A192__0050.106,8.31260443559871,40.577400665,A192,_,0050,106
A192__00470.106,8.199922445921384,40.578079945,A192,_,00470,106
A192__00450.106,8.170431345427172,40.585283085,A192,_,00450,106
A192__00440.106,8.379186499999985,40.59704407,A192,_,00440,106
A192__00420.106,8.34635318978744,40.599164735,A192,_,00420,106
A192__00400.106,8.330937480717509,40.600600915,A192,_,00400,106
A192__00390.106,8.318165087316288,40.603890585,A192,_,00390,106
A192__00380.106,8.310300462093146,40.592279614999995,A192,_,00380,106
A192__00350.106,8.27071512351074,40.60170986,A192,_,00350,106
A192__00340.106,8.26611274111653,40.617922805,A192,_,00340,106
A192__00330.106,8.239801239185365,40.595456205000005,A192,_,00330,106
A192__00310.106,8.3699991366721,40.60843072,A192,_,00310,106
A192__00300.106,8.387673154320519,40.612966130000004,A192,_,00300,106
A192__00280.106,8.369275176697103,40.621860465,A192,_,00280,106
A192__00270.106,8.32371845165677,40.62006244,A192,_,00270,106
A192__00260.106,8.305150777957579,40.620417365,A192,_,00260,106
A192__00250.106,8.28641855451594,40.61503328,A192,_,00250,106
A192__00240.106,8.216922614748949,40.61273963,A192,_,00240,106
A192__00190.106,8.205309302150852,40.61743707,A192,_,00190,106
A192__00180.106,8.169655919112898,40.633457975,A192,_,00180,106
A192__00140.106,8.202608038530428,40.65095389,A192,_,00140,106
A192__00130.106,8.333697000992075,40.641415745,A192,_,00130,106
A192__00120.106,8.300878157542652,40.648859555,A192,_,00120,106
A192__00080.106,8.323146434105706,40.658186650000005,A192,_,00080,106
A192__00070.106,8.324746000555553,40.662974559999995,A192,_,00070,106
A192__00060.106,8.295255847373944,40.669131664999995,A192,_,00060,106
A192__00020.106,8.192053380846605,40.663446255,A192,_,00020,106
A192__00490.1060,8.259241704122854,40.58900027,A192,_,00490,1060
A192__00780.1060,8.332310078149131,40.540322395000004,A192,_,00780,1060
A192__00660.1060,8.328919159711873,40.561084915,A192,_,00660,1060
A192__00630.1060,8.331714753053387,40.569542354999996,A192,_,00630,1060
A192__0061.1060,8.319959393760392,40.576729475,A192,_,0061,1060
A192__00490.1061,8.254960081205308,40.585189285,A192,_,00490,1061
A192__00780.1061,8.331563650087041,40.5404153,A192,_,00780,1061
A192__0064.1061,8.319060641071827,40.56422929,A192,_,0064,1061
A192__0061.1061,8.320169007710863,40.576443865,A192,_,0061,1061
A192__00480.1062,8.226936705,40.59517023,A192,_,00480,1062
A192__00780.1062,8.331506833274794,40.540467975,A192,_,00780,1062
A192__00660.1062,8.328716195366264,40.561011805,A192,_,00660,1062
A192__00630.1062,8.339852039292387,40.571655344999996,A192,_,00630,1062
A192__0061.1062,8.319638994216056,40.577166344999995,A192,_,0061,1062
A192__0049.1062,8.282881232075992,40.594354035,A192,_,0049,1062
A192__00480.1063,8.22220803733089,40.58896306,A192,_,00480,1063
A192__0071.1063,8.323043265156471,40.561428215,A192,_,0071,1063
A192__0064.1063,8.319210462131196,40.56421683,A192,_,0064,1063
A192__00630.1063,8.334292527635334,40.576354775,A192,_,00630,1063
A192__0061.1063,8.319763332328767,40.5769949,A192,_,0061,1063
A192__0049.1063,8.283868474251395,40.594498474999995,A192,_,0049,1063
A192__00480.1064,8.220322865356454,40.594325445,A192,_,00480,1064
A192__00780.1064,8.332630275035278,40.541169795,A192,_,00780,1064
A192__0071.1064,8.32319133242693,40.56152171,A192,_,0071,1064
A192__00660.1064,8.328965815226901,40.55983887,A192,_,00660,1064
A192__0064.1064,8.319261925705785,40.56431119,A192,_,0064,1064
A192__00630.1064,8.334551882368695,40.576522534999995,A192,_,00630,1064
A192__0061.1064,8.31942717577089,40.575137695,A192,_,0061,1064
A192__0049.1064,8.282681005365692,40.593796170000005,A192,_,0049,1064
A192__00480.1065,8.22007060632695,40.594123409999995,A192,_,00480,1065
A192__00780.1065,8.332667541378662,40.540520225,A192,_,00780,1065
A192__0071.1065,8.32312078816344,40.56129672,A192,_,0071,1065
A192__00640.1065,8.330606630426063,40.568284719999994,A192,_,00640,1065
A192__00630.1065,8.333061135639536,40.574865779999996,A192,_,00630,1065
A192__0061.1065,8.31665089092191,40.575919569999996,A192,_,0061,1065
A192__0049.1065,8.283188336648335,40.593728944999995,A192,_,0049,1065
A192__00210.1066,8.33384323035056,40.621817815,A192,_,00210,1066
A192__00780.1066,8.332443413470791,40.540619574999994,A192,_,00780,1066
A192__0071.1066,8.32325055815365,40.561331710000005,A192,_,0071,1066
A192__0064.1066,8.319528901497172,40.563174000000004,A192,_,0064,1066
A192__0061.1066,8.316637729131266,40.575940325000005,A192,_,0061,1066
A192__0049.1066,8.281497242530985,40.593706915,A192,_,0049,1066
A192__00480.1066,8.22027346578767,40.594296314999994,A192,_,00480,1066
A192__00480.1067,8.220076928421658,40.59439363,A192,_,00480,1067
A192__00780.1067,8.331817265221423,40.54058827,A192,_,00780,1067
A192__0071.1067,8.32332875288702,40.561385885,A192,_,0071,1067
A192__0064.1067,8.32251180344976,40.56387977,A192,_,0064,1067
A192__00630.1067,8.333264214061877,40.574557514999995,A192,_,00630,1067
A192__00210.1068,8.332633833568092,40.622390100000004,A192,_,00210,1068
A192__00780.1068,8.33200249555231,40.540615579999994,A192,_,00780,1068
A192__0071.1068,8.323429980939956,40.561420405,A192,_,0071,1068
A192__0064.1068,8.320327851722272,40.56431162,A192,_,0064,1068
A192__0049.1068,8.27955240252183,40.594637645,A192,_,0049,1068
A192__00480.1069,8.222463184300647,40.587063025000006,A192,_,00480,1069
A192__00780.1069,8.331554260607568,40.540605264999996,A192,_,00780,1069
A192__0071.1069,8.323491440573939,40.561454415,A192,_,0071,1069
A192__00660.1069,8.328465729369334,40.560847355,A192,_,00660,1069
A192__00640.1069,8.322955317710072,40.568040815,A192,_,00640,1069
A192__00630.1069,8.340771616116633,40.573168365,A192,_,00630,1069
A192__00490.1069,8.256073859864397,40.586679180000004,A192,_,00490,1069
A192__00010.107,8.235500991903887,40.65662366,A192,_,00010,107
A192__00970.107,8.31366117642672,40.55926192,A192,_,00970,107
A192__00960.107,8.36840483410949,40.50666288,A192,_,00960,107
A192__00940.107,8.357992010700741,40.515793669999994,A192,_,00940,107
A192__00930.107,8.3403441823674,40.518080335,A192,_,00930,107
A192__00900.107,8.356245732398868,40.53128641,A192,_,00900,107
A192__00890.107,8.349415419365723,40.527331035,A192,_,00890,107
A192__00860.107,8.36257011504225,40.539681055,A192,_,00860,107
A192__00850.107,8.3349574049494,40.53802897,A192,_,00850,107
A192__00840.107,8.329424056719812,40.537220065,A192,_,00840,107
A192__00810.107,8.370161836728673,40.546778079999996,A192,_,00810,107
A192__00750.107,8.371497780171001,40.551339045,A192,_,00750,107
A192__00730.107,8.349384369955999,40.55400448,A192,_,00730,107
A192__0072.107,8.329076976736236,40.55851683,A192,_,0072,107
A192__00680.107,8.352204332787135,40.572506165,A192,_,00680,107
A192__00670.107,8.336807261416533,40.561249075,A192,_,00670,107
A192__00620.107,8.32405972483405,40.57210583,A192,_,00620,107
A192__00590.107,8.36621045553142,40.57638198,A192,_,00590,107
A192__00580.107,8.361126739519657,40.587470995000004,A192,_,00580,107
A192__00560.107,8.322914805539867,40.58056921,A192,_,00560,107
A192__00550.107,8.317996426740697,40.582705825000005,A192,_,00550,107
A192__00520.107,8.329149222219144,40.59008763,A192,_,00520,107
A192__0049.107,8.28522280364697,40.59123572,A192,_,0049,107
A192__00470.107,8.199848021671844,40.578247485,A192,_,00470,107
A192__00450.107,8.167764726160534,40.584806830000005,A192,_,00450,107
A192__00440.107,8.378582376852378,40.597115130000006,A192,_,00440,107
A192__00410.107,8.333269297328506,40.598802965000004,A192,_,00410,107
A192__00400.107,8.32779140723635,40.60640861,A192,_,00400,107
A192__00390.107,8.316589415205936,40.604389455,A192,_,00390,107
A192__00340.107,8.26529185530553,40.617799645,A192,_,00340,107
A192__00330.107,8.239909876210742,40.59546064,A192,_,00330,107
A192__00320.107,8.206386687277703,40.592851395,A192,_,00320,107
A192__00310.107,8.372853087499998,40.60872329,A192,_,00310,107
A192__00300.107,8.387733843858616,40.61301045,A192,_,00300,107
A192__00280.107,8.359247219052332,40.61483719,A192,_,00280,107
A192__00260.107,8.299392855413393,40.6166065,A192,_,00260,107
A192__00250.107,8.286156243881265,40.61508005,A192,_,00250,107
A192__00240.107,8.218899583645456,40.613013280000004,A192,_,00240,107
A192__00230.107,8.187555598945071,40.616387904999996,A192,_,00230,107
A192__00190.107,8.204813893150957,40.617519105,A192,_,00190,107
A192__00180.107,8.169499746307189,40.6334371,A192,_,00180,107
A192__00140.107,8.202705957816598,40.65095389,A192,_,00140,107
A192__00120.107,8.3010122717588,40.649085045,A192,_,00120,107
A192__00070.107,8.338954672632076,40.654846395,A192,_,00070,107
A192__00040.107,8.256025993076534,40.648132024999995,A192,_,00040,107
A192__00020.107,8.192302511501868,40.663830595,A192,_,00020,107
A192__00210.1070,8.352582323597332,40.625537335000004,A192,_,00210,1070
A192__00780.1070,8.323482874164988,40.545894725,A192,_,00780,1070
A192__0071.1070,8.323591540888877,40.56149823,A192,_,0071,1070
A192__00640.1070,8.322438423764545,40.56826798,A192,_,00640,1070
A192__00630.1070,8.341225946942247,40.573045865,A192,_,00630,1070
A192__00210.1071,8.352470751196218,40.624745340000004,A192,_,00210,1071
A192__00780.1071,8.328721884257376,40.546632935,A192,_,00780,1071
A192__0071.1071,8.323842390110297,40.561635405000004,A192,_,0071,1071
A192__00660.1071,8.328450086478048,40.560750490000004,A192,_,00660,1071
A192__00640.1071,8.322571098379743,40.56835968,A192,_,00640,1071
A192__00630.1071,8.34113804609784,40.573481625,A192,_,00630,1071
A192__00480.1071,8.222744567512194,40.58705902,A192,_,00480,1071
A192__00210.1072,8.325442004111586,40.62490473,A192,_,00210,1072
A192__00780.1072,8.32483223778734,40.54514801,A192,_,00780,1072
A192__0071.1072,8.32448513508566,40.5621036,A192,_,0071,1072
A192__00660.1072,8.328638609178341,40.560496575,A192,_,00660,1072
A192__00640.1072,8.32258947493714,40.56866256,A192,_,00640,1072
A192__00630.1072,8.340606375360782,40.57357849,A192,_,00630,1072
A192__0061.1072,8.320607554386523,40.574561445,A192,_,0061,1072
A192__00210.1073,8.326244620279093,40.624200200000004,A192,_,00210,1073
A192__0071.1073,8.3248292795009,40.562397605,A192,_,0071,1073
A192__0064.1073,8.31962120498055,40.562600485000004,A192,_,0064,1073
A192__00210.1074,8.327486055630448,40.624521245,A192,_,00210,1074
A192__0071.1074,8.32499197741479,40.562765865,A192,_,0071,1074
A192__00630.1074,8.335357835152486,40.573394055,A192,_,00630,1074
A192__00480.1075,8.2304451998667,40.587680545,A192,_,00480,1075
A192__0071.1075,8.325204702666637,40.562884215,A192,_,0071,1075
A192__00640.1075,8.32724680955797,40.566654525000004,A192,_,00640,1075
A192__00480.1076,8.231235307138224,40.588460264999995,A192,_,00480,1076
A192__00660.1076,8.328471826675493,40.56072055,A192,_,00660,1076
A192__00640.1076,8.326622513300059,40.569925424999994,A192,_,00640,1076
A192__00630.1076,8.33520391430174,40.57544112,A192,_,00630,1076
A192__0061.1076,8.321392050199972,40.572679289999996,A192,_,0061,1076
A192__00210.1077,8.339753607611854,40.62360273,A192,_,00210,1077
A192__0071.1077,8.323850340173323,40.56131995,A192,_,0071,1077
A192__00660.1077,8.329556907707495,40.560079645,A192,_,00660,1077
A192__00640.1077,8.324884609933747,40.56697622,A192,_,00640,1077
A192__00630.1077,8.335267390902404,40.575624695,A192,_,00630,1077
A192__00480.1077,8.231488058239094,40.587078465000005,A192,_,00480,1077
A192__00630.1078,8.335056608222306,40.57561076,A192,_,00630,1078
A192__0071.1078,8.324473425159365,40.561217205,A192,_,0071,1078
A192__00640.1078,8.324431654520197,40.566658815,A192,_,00640,1078
A192__00480.1079,8.232425047478568,40.58713601,A192,_,00480,1079
A192__00660.1079,8.329678762184757,40.560077595,A192,_,00660,1079
A192__00010.108,8.235840189846293,40.656592634999996,A192,_,00010,108
A192__00970.108,8.313629747684729,40.55907485,A192,_,00970,108
A192__00960.108,8.368338028705955,40.50667668,A192,_,00960,108
A192__00950.108,8.343396841085731,40.514695895,A192,_,00950,108
A192__00940.108,8.358180801950807,40.515951895,A192,_,00940,108
A192__00900.108,8.357174179435745,40.53731632,A192,_,00900,108
A192__00880.108,8.348550803863638,40.52254514,A192,_,00880,108
A192__00870.108,8.337502998815744,40.52541145,A192,_,00870,108
A192__00860.108,8.352047629742383,40.541658995,A192,_,00860,108
A192__00850.108,8.33534501096402,40.53759231,A192,_,00850,108
A192__00810.108,8.376722287159879,40.544415029999996,A192,_,00810,108
A192__00800.108,8.36061685057124,40.548475595,A192,_,00800,108
A192__00790.108,8.34099905177182,40.5469253,A192,_,00790,108
A192__00780.108,8.331126906987944,40.542190995,A192,_,00780,108
A192__00750.108,8.371697894750284,40.551689385,A192,_,00750,108
A192__00740.108,8.356572840646297,40.552080355,A192,_,00740,108
A192__0072.108,8.328486863484285,40.55807322,A192,_,0072,108
A192__00680.108,8.35362440216779,40.572788585,A192,_,00680,108
A192__00660.108,8.33190159656407,40.56002438,A192,_,00660,108
A192__00620.108,8.324335254037901,40.57228209,A192,_,00620,108
A192__00600.108,8.336409290747618,40.576268209999995,A192,_,00600,108
A192__00580.108,8.361633156982052,40.589372125,A192,_,00580,108
A192__00570.108,8.342645770398676,40.585719335,A192,_,00570,108
A192__00560.108,8.325452583304706,40.58403385,A192,_,00560,108
A192__00550.108,8.31809695822011,40.58254733,A192,_,00550,108
A192__00540.108,8.351199359305802,40.596529145000005,A192,_,00540,108
A192__00530.108,8.336835263600852,40.592052505,A192,_,00530,108
A192__00520.108,8.328858021692133,40.59002846,A192,_,00520,108
A192__00510.108,8.320397189391254,40.59417442,A192,_,00510,108
A192__00470.108,8.19983444236415,40.5785504,A192,_,00470,108
A192__00450.108,8.171007783819142,40.585635839999995,A192,_,00450,108
A192__00440.108,8.37947354192357,40.596339755,A192,_,00440,108
A192__00420.108,8.347212831729335,40.599116305,A192,_,00420,108
A192__00390.108,8.315042083519682,40.604656935,A192,_,00390,108
A192__00380.108,8.314571675431122,40.59384491,A192,_,00380,108
A192__00340.108,8.265455066489299,40.617169995,A192,_,00340,108
A192__00330.108,8.239935053602942,40.595491355,A192,_,00330,108
A192__00320.108,8.206155439757195,40.592896175,A192,_,00320,108
A192__00310.108,8.373541716767368,40.608982960000006,A192,_,00310,108
A192__00300.108,8.387813834903138,40.61289759,A192,_,00300,108
A192__00290.108,8.386913141231195,40.61574868,A192,_,00290,108
A192__00270.108,8.32645786621372,40.620086150000006,A192,_,00270,108
A192__00260.108,8.286328925288247,40.61896738,A192,_,00260,108
A192__00240.108,8.219328462503393,40.61222221,A192,_,00240,108
A192__00210.108,8.324214288233167,40.62557981,A192,_,00210,108
A192__00190.108,8.204575337148855,40.61753904,A192,_,00190,108
A192__00180.108,8.16912208932585,40.633352650000006,A192,_,00180,108
A192__00140.108,8.192428019989219,40.639971895,A192,_,00140,108
A192__00130.108,8.325819362576025,40.63451012,A192,_,00130,108
A192__00120.108,8.301148261591035,40.649310155,A192,_,00120,108
A192__00080.108,8.325506635826795,40.659430119999996,A192,_,00080,108
A192__00020.108,8.192398137443206,40.66384007,A192,_,00020,108
A192__00210.1080,8.352124800351822,40.6282992,A192,_,00210,1080
A192__00780.1080,8.329286684961716,40.546891085,A192,_,00780,1080
A192__00640.1080,8.32555700041862,40.567001024999996,A192,_,00640,1080
A192__00630.1080,8.33530739861595,40.575826750000004,A192,_,00630,1080
A192__0061.1080,8.316619440985173,40.575443320000005,A192,_,0061,1080
A192__00480.1080,8.232549871556316,40.586428555,A192,_,00480,1080
A192__00480.1081,8.23335962214172,40.587206945000005,A192,_,00480,1081
A192__00660.1081,8.329401794996109,40.55989261,A192,_,00660,1081
A192__00640.1081,8.327691969949328,40.566741465,A192,_,00640,1081
A192__00630.1081,8.335568327899308,40.57576559,A192,_,00630,1081
A192__0061.1081,8.319493054852572,40.57676709,A192,_,0061,1081
A192__00210.1082,8.350669181957684,40.6238533,A192,_,00210,1082
A192__00660.1082,8.329038863643737,40.559987425,A192,_,00660,1082
A192__00640.1082,8.319567470821656,40.568727955,A192,_,00640,1082
A192__0061.1082,8.321517544595775,40.57318429,A192,_,0061,1082
A192__00480.1082,8.227868021115302,40.59479052499999,A192,_,00480,1082
A192__00480.1083,8.22691676745894,40.595074819999994,A192,_,00480,1083
A192__00210.1084,8.350519572215376,40.62499319,A192,_,00210,1084
A192__0071.1084,8.32532815619852,40.561541335,A192,_,0071,1084
A192__00660.1084,8.329734210453697,40.560361475,A192,_,00660,1084
A192__00640.1084,8.31917017765372,40.565978095000006,A192,_,00640,1084
A192__00630.1084,8.335291617421788,40.570624445,A192,_,00630,1084
A192__00480.1084,8.2269520425729,40.594756405,A192,_,00480,1084
A192__00210.1085,8.35066666974704,40.6245139,A192,_,00210,1085
A192__00640.1085,8.319633588271005,40.56889862,A192,_,00640,1085
A192__00630.1085,8.335512306685127,40.570597365,A192,_,00630,1085
A192__00480.1085,8.22700112790966,40.58897895,A192,_,00480,1085
A192__00630.1086,8.33563511831331,40.570433495,A192,_,00630,1086
A192__00660.1086,8.329833802965382,40.56033796,A192,_,00660,1086
A192__00630.1087,8.335858576243538,40.57047315,A192,_,00630,1087
A192__00660.1087,8.33016754196157,40.560472265,A192,_,00660,1087
A192__00210.1088,8.35617465195135,40.624925905,A192,_,00210,1088
A192__00630.1088,8.335619026898458,40.57057193,A192,_,00630,1088
A192__0061.1089,8.318545665214973,40.571225985,A192,_,0061,1089
A192__00780.1089,8.33045042194481,40.54688566,A192,_,00780,1089
A192__00630.1089,8.335597582888358,40.570564520000005,A192,_,00630,1089
A192__00010.109,8.236284954758109,40.656678174999996,A192,_,00010,109
A192__00970.109,8.313645545317303,40.558893485,A192,_,00970,109
A192__00940.109,8.358280303070966,40.516206855,A192,_,00940,109
A192__00930.109,8.342117682381952,40.522173615,A192,_,00930,109
A192__00900.109,8.356962660530403,40.536086319999995,A192,_,00900,109
A192__00870.109,8.337603804438782,40.52513207,A192,_,00870,109
A192__00810.109,8.370387826021128,40.546891959999996,A192,_,00810,109
A192__00800.109,8.358716137513778,40.541565035000005,A192,_,00800,109
A192__00790.109,8.342849393714802,40.54835112,A192,_,00790,109
A192__0077.109,8.328206077564026,40.551842545,A192,_,0077,109
A192__00730.109,8.349109788601922,40.55461827,A192,_,00730,109
A192__00700.109,8.399123331072417,40.576674,A192,_,00700,109
A192__00680.109,8.352712849473393,40.57248069,A192,_,00680,109
A192__00620.109,8.324491389842407,40.57214306,A192,_,00620,109
A192__0061.109,8.31718706838386,40.573836834999994,A192,_,0061,109
A192__00600.109,8.339464883924744,40.574883785,A192,_,00600,109
A192__00580.109,8.362253395375753,40.589857405000004,A192,_,00580,109
A192__00560.109,8.324848639623085,40.584482320000006,A192,_,00560,109
A192__00540.109,8.341960575813548,40.592035435,A192,_,00540,109
A192__00520.109,8.326762187702968,40.589541685,A192,_,00520,109
A192__00510.109,8.320187250620437,40.594218085,A192,_,00510,109
A192__0049.109,8.285512825708034,40.591691775,A192,_,0049,109
A192__00470.109,8.200280757371697,40.579578235,A192,_,00470,109
A192__00450.109,8.170669082674731,40.586321325,A192,_,00450,109
A192__00440.109,8.379016742617452,40.5956436,A192,_,00440,109
A192__00420.109,8.346691724263918,40.599456790000005,A192,_,00420,109
A192__00390.109,8.316929862638723,40.603646825,A192,_,00390,109
A192__00360.109,8.297303156554007,40.608924155,A192,_,00360,109
A192__00340.109,8.266303844292425,40.617198529999996,A192,_,00340,109
A192__00330.109,8.239843430367001,40.595491855000006,A192,_,00330,109
A192__00310.109,8.366279852205887,40.607186105,A192,_,00310,109
A192__00300.109,8.387746938776296,40.612844975,A192,_,00300,109
A192__00280.109,8.35836819553843,40.615422755,A192,_,00280,109
A192__00270.109,8.325633331340189,40.62081067,A192,_,00270,109
A192__00260.109,8.286368171337909,40.618726370000005,A192,_,00260,109
A192__00240.109,8.21941662505148,40.611701355,A192,_,00240,109
A192__00180.109,8.168586656452458,40.63331866,A192,_,00180,109
A192__00130.109,8.328334843016309,40.63184149,A192,_,00130,109
A192__00120.109,8.301299211851186,40.649546185,A192,_,00120,109
A192__00020.109,8.192711728137601,40.663849565,A192,_,00020,109
A192__00210.1090,8.355405685807654,40.629061835,A192,_,00210,1090
A192__00660.1090,8.329743917137707,40.560985495,A192,_,00660,1090
A192__0064.1090,8.318068188372237,40.563833845000005,A192,_,0064,1090
A192__00630.1090,8.335574342997212,40.57075561,A192,_,00630,1090
A192__00630.1091,8.335982825517174,40.570677375,A192,_,00630,1091
A192__00780.1091,8.332999682610971,40.544296435,A192,_,00780,1091
A192__0071.1091,8.321660971193825,40.560284125,A192,_,0071,1091
A192__00660.1091,8.32978938282453,40.560922135,A192,_,00660,1091
A192__0064.1091,8.319353691814108,40.565392935,A192,_,0064,1091
A192__00210.1092,8.352481472793205,40.623948935,A192,_,00210,1092
A192__00780.1092,8.333396190695861,40.544176805,A192,_,00780,1092
A192__0064.1092,8.318250670313628,40.564137235000004,A192,_,0064,1092
A192__00630.1092,8.335617165985095,40.57065724,A192,_,00630,1092
A192__00480.1092,8.223570797271362,40.591368689999996,A192,_,00480,1092
A192__00210.1093,8.356900011840393,40.63094653,A192,_,00210,1093
A192__00780.1093,8.329354463053908,40.548958424999995,A192,_,00780,1093
A192__00660.1093,8.331372140363433,40.55961654,A192,_,00660,1093
A192__00630.1093,8.343039513810956,40.57246523,A192,_,00630,1093
A192__0061.1093,8.319869134565092,40.576535160000006,A192,_,0061,1093
A192__00480.1093,8.223641169929422,40.591575809999995,A192,_,00480,1093
A192__00210.1094,8.357139149591942,40.6311822,A192,_,00210,1094
A192__00780.1094,8.329574288745771,40.548778415,A192,_,00780,1094
A192__0071.1094,8.322128171131915,40.560495814999996,A192,_,0071,1094
A192__00660.1094,8.333813235309849,40.565613365000004,A192,_,00660,1094
A192__0064.1094,8.317600678002929,40.563266715,A192,_,0064,1094
A192__00630.1094,8.335283861456785,40.57329626,A192,_,00630,1094
A192__00480.1094,8.223824555000004,40.59146667,A192,_,00480,1094
A192__00210.1095,8.356828478861665,40.631397660000005,A192,_,00210,1095
A192__0071.1095,8.322191917552077,40.560455434999994,A192,_,0071,1095
A192__00630.1095,8.335416498597752,40.57319312,A192,_,00630,1095
A192__00480.1095,8.223743975303737,40.591368689999996,A192,_,00480,1095
A192__00210.1096,8.346203646664225,40.619481915,A192,_,00210,1096
A192__0061.1096,8.319779768696623,40.57688271000001,A192,_,0061,1096
A192__00210.1097,8.346935209602279,40.62064317,A192,_,00210,1097
A192__0061.1097,8.319185871913271,40.576473045,A192,_,0061,1097
A192__00210.1098,8.347277324807592,40.62071949,A192,_,00210,1098
A192__00780.1098,8.328814445554965,40.547418640000004,A192,_,00780,1098
A192__0071.1098,8.322106567924973,40.560319989999996,A192,_,0071,1098
A192__0061.1098,8.319808738886463,40.57670631,A192,_,0061,1098
A192__0064.1099,8.322925016253365,40.56356926,A192,_,0064,1099
A192__00020.11,8.215582855466359,40.650446239999994,A192,_,00020,11
A192__00960.11,8.372894062385141,40.51018777,A192,_,00960,11
A192__00940.11,8.357119331153656,40.52093661,A192,_,00940,11
A192__00900.11,8.376506437313662,40.542775965000004,A192,_,00900,11
A192__00870.11,8.335076684570383,40.531339305,A192,_,00870,11
A192__00850.11,8.336488842077989,40.537535745,A192,_,00850,11
A192__00840.11,8.329168225754785,40.54021487,A192,_,00840,11
A192__00830.11,8.416032299787865,40.535561235,A192,_,00830,11
A192__00820.11,8.389925788705455,40.55141702,A192,_,00820,11
A192__00790.11,8.342772575163117,40.54929956,A192,_,00790,11
A192__00780.11,8.32180571316639,40.544552280000005,A192,_,00780,11
A192__00760.11,8.398243110724025,40.548418209999994,A192,_,00760,11
A192__00750.11,8.363442866428263,40.5579348,A192,_,00750,11
A192__00740.11,8.3584901105629,40.561097315,A192,_,00740,11
A192__00700.11,8.406852050534738,40.57211877,A192,_,00700,11
A192__00690.11,8.358001342862918,40.574706915,A192,_,00690,11
A192__00680.11,8.356002268699989,40.566145590000005,A192,_,00680,11
A192__00620.11,8.332277792150538,40.579098349999995,A192,_,00620,11
A192__00610.11,8.313190123386654,40.57927351,A192,_,00610,11
A192__00600.11,8.334754463204977,40.5856778,A192,_,00600,11
A192__00590.11,8.379682335040673,40.58480238,A192,_,00590,11
A192__00570.11,8.342216619743436,40.59081196,A192,_,00570,11
A192__00540.11,8.350079461888399,40.596114225,A192,_,00540,11
A192__00520.11,8.3283993547333,40.591754355,A192,_,00520,11
A192__00470.11,8.215500098259106,40.578412560000004,A192,_,00470,11
A192__00440.11,8.388587559413214,40.602451445,A192,_,00440,11
A192__00430.11,8.36665559574756,40.595709795000005,A192,_,00430,11
A192__00420.11,8.343442599116837,40.599958044999994,A192,_,00420,11
A192__00390.11,8.323611120285914,40.60994298,A192,_,00390,11
A192__00380.11,8.306020677045439,40.59488821,A192,_,00380,11
A192__00320.11,8.205316463569796,40.59317211,A192,_,00320,11
A192__00300.11,8.382302918694627,40.605669315,A192,_,00300,11
A192__00270.11,8.333716096223021,40.615647505,A192,_,00270,11
A192__00240.11,8.208080441908859,40.62197333,A192,_,00240,11
A192__00220.11,8.167412152665499,40.598699265,A192,_,00220,11
A192__00200.11,8.238025416370228,40.635297415,A192,_,00200,11
A192__00190.11,8.204171484916632,40.628964505,A192,_,00190,11
A192__00170.11,8.324576927623426,40.633068234999996,A192,_,00170,11
A192__00120.11,8.306135330328928,40.64619063,A192,_,00120,11
A192__00010.110,8.236266772398048,40.656791235,A192,_,00010,110
A192__00960.110,8.368067435253943,40.506452519999996,A192,_,00960,110
A192__00940.110,8.357315690848827,40.515601939999996,A192,_,00940,110
A192__00930.110,8.333911814446603,40.519237385,A192,_,00930,110
A192__00900.110,8.357067036362032,40.53642506,A192,_,00900,110
A192__00870.110,8.3374426041468,40.52476128,A192,_,00870,110
A192__00860.110,8.348972668425386,40.53934567,A192,_,00860,110
A192__00810.110,8.370829953240186,40.546343645,A192,_,00810,110
A192__00800.110,8.357915575413378,40.54181122,A192,_,00800,110
A192__0077.110,8.328205925106294,40.551411665,A192,_,0077,110
A192__00730.110,8.349534675737285,40.554454719999995,A192,_,00730,110
A192__0072.110,8.328286405262784,40.557845285,A192,_,0072,110
A192__00680.110,8.35627922088121,40.571527425,A192,_,00680,110
A192__0064.110,8.321316754637632,40.56322344,A192,_,0064,110
A192__00630.110,8.333684568354482,40.569888320000004,A192,_,00630,110
A192__00620.110,8.324660908930989,40.57154552,A192,_,00620,110
A192__0061.110,8.315177908778438,40.575284104999994,A192,_,0061,110
A192__00600.110,8.345209888249666,40.57407063,A192,_,00600,110
A192__00580.110,8.361567014822167,40.590076350000004,A192,_,00580,110
A192__00560.110,8.324444987732111,40.5849616,A192,_,00560,110
A192__00540.110,8.341858040855733,40.59172381,A192,_,00540,110
A192__00530.110,8.336319114417114,40.591776765000006,A192,_,00530,110
A192__00520.110,8.327926047663516,40.592776805,A192,_,00520,110
A192__00510.110,8.320052167007368,40.59430698,A192,_,00510,110
A192__0049.110,8.285795639566707,40.59143621,A192,_,0049,110
A192__00470.110,8.201367453633218,40.580438375,A192,_,00470,110
A192__00450.110,8.17016614074262,40.58448345,A192,_,00450,110
A192__00440.110,8.379203955000001,40.59673281,A192,_,00440,110
A192__00420.110,8.347279123036932,40.598910685,A192,_,00420,110
A192__00410.110,8.335935172192123,40.60216869,A192,_,00410,110
A192__00400.110,8.326179015430267,40.609858925,A192,_,00400,110
A192__00360.110,8.297504706999673,40.608913665,A192,_,00360,110
A192__00320.110,8.207773492612517,40.59276582,A192,_,00320,110
A192__00310.110,8.36585978593164,40.609007415,A192,_,00310,110
A192__00300.110,8.388351640868622,40.61367957,A192,_,00300,110
A192__00280.110,8.359366910772028,40.613807035,A192,_,00280,110
A192__00260.110,8.286128432058806,40.61868378,A192,_,00260,110
A192__00250.110,8.281672090962031,40.617985055,A192,_,00250,110
A192__00240.110,8.219341140224444,40.611304565,A192,_,00240,110
A192__00190.110,8.193528254883322,40.621672365,A192,_,00190,110
A192__00180.110,8.168273545564878,40.633261295,A192,_,00180,110
A192__00160.110,8.271380108210835,40.636429055,A192,_,00160,110
A192__00150.110,8.226583841273655,40.64590848,A192,_,00150,110
A192__00140.110,8.192238304022299,40.639660495,A192,_,00140,110
A192__00120.110,8.301392059284328,40.649697585,A192,_,00120,110
A192__00040.110,8.261443513799033,40.648014835,A192,_,00040,110
A192__00020.110,8.19298384809361,40.664082095,A192,_,00020,110
A192__00640.1100,8.321407081877322,40.567205564999995,A192,_,00640,1100
A192__0071.1100,8.321894139729984,40.56026637,A192,_,0071,1100
A192__00210.1101,8.334202702757972,40.6216845,A192,_,00210,1101
A192__00480.1101,8.223000556659635,40.58746567,A192,_,00480,1101
A192__00480.1102,8.22283359374445,40.58746567,A192,_,00480,1102
A192__0071.1102,8.322357919625894,40.560343425,A192,_,0071,1102
A192__0061.1102,8.319091736743186,40.574637255,A192,_,0061,1102
A192__00210.1103,8.332627738357104,40.622593359999996,A192,_,00210,1103
A192__00780.1103,8.329398752281676,40.54713002,A192,_,00780,1103
A192__00480.1103,8.222645754656186,40.58737565,A192,_,00480,1103
A192__00480.1104,8.223613771780517,40.590900884999996,A192,_,00480,1104
A192__00780.1104,8.340219990809942,40.540039745,A192,_,00780,1104
A192__0064.1105,8.320969756367921,40.561797745,A192,_,0064,1105
A192__00780.1105,8.340587258662431,40.539945365,A192,_,00780,1105
A192__00660.1105,8.32829137822414,40.56025537,A192,_,00660,1105
A192__00480.1106,8.239849074226914,40.582646065000006,A192,_,00480,1106
A192__00610.1106,8.312500365092347,40.57969373,A192,_,00610,1106
A192__00210.1107,8.3334863713204,40.622109755,A192,_,00210,1107
A192__0071.1107,8.322532051356056,40.560169375,A192,_,0071,1107
A192__00480.1107,8.24133155330099,40.58177518,A192,_,00480,1107
A192__00480.1108,8.241998988256665,40.581381730000004,A192,_,00480,1108
A192__00780.1108,8.331593096323843,40.54307039,A192,_,00780,1108
A192__0071.1108,8.322596645302628,40.5600878,A192,_,0071,1108
A192__00640.1108,8.32834410850788,40.566261615,A192,_,00640,1108
A192__00610.1108,8.313427153796866,40.57996377,A192,_,00610,1108
A192__00210.1109,8.356862467519068,40.624240935,A192,_,00210,1109
A192__00780.1109,8.331583110253977,40.543220535,A192,_,00780,1109
A192__00640.1109,8.328386870196447,40.566551079999996,A192,_,00640,1109
A192__00480.1109,8.223785793375242,40.59049408,A192,_,00480,1109
A192__00010.111,8.235716455045452,40.656744395000004,A192,_,00010,111
A192__00960.111,8.367658720601774,40.506590575000004,A192,_,00960,111
A192__00940.111,8.357997102850119,40.515167975,A192,_,00940,111
A192__00900.111,8.358538985180509,40.536185415000006,A192,_,00900,111
A192__00880.111,8.346650941449209,40.52390608,A192,_,00880,111
A192__00870.111,8.337562076869407,40.534380305,A192,_,00870,111
A192__00850.111,8.336396550116552,40.536696515,A192,_,00850,111
A192__00840.111,8.328672403072993,40.537674795,A192,_,00840,111
A192__00810.111,8.370795656370731,40.54711227,A192,_,00810,111
A192__00800.111,8.358892109513576,40.54171186,A192,_,00800,111
A192__00740.111,8.356922376230232,40.552112025,A192,_,00740,111
A192__00730.111,8.349825662969092,40.554379155,A192,_,00730,111
A192__0072.111,8.328747318767089,40.558377475,A192,_,0072,111
A192__0064.111,8.320409573546867,40.56164094499999,A192,_,0064,111
A192__00620.111,8.323758886241883,40.57238217,A192,_,00620,111
A192__0061.111,8.318841443193968,40.572451535,A192,_,0061,111
A192__00580.111,8.361570147316037,40.58986088,A192,_,00580,111
A192__00550.111,8.31817679326903,40.582226399999996,A192,_,00550,111
A192__00540.111,8.341755516767064,40.591341035,A192,_,00540,111
A192__00520.111,8.327672689971827,40.592253755,A192,_,00520,111
A192__00510.111,8.319773630644093,40.594202005,A192,_,00510,111
A192__00470.111,8.204341193618786,40.581271515,A192,_,00470,111
A192__00440.111,8.379186100241682,40.596642405,A192,_,00440,111
A192__00380.111,8.3146970730896,40.602338634999995,A192,_,00380,111
A192__00360.111,8.297176672207208,40.60843122,A192,_,00360,111
A192__00320.111,8.210018228222353,40.59255455,A192,_,00320,111
A192__00310.111,8.364730404669636,40.609711715,A192,_,00310,111
A192__00300.111,8.39035496052271,40.612219135000004,A192,_,00300,111
A192__00280.111,8.358476129108308,40.61479338,A192,_,00280,111
A192__00270.111,8.32812448210945,40.6117547,A192,_,00270,111
A192__00260.111,8.314043490310034,40.62439422,A192,_,00260,111
A192__00250.111,8.281990079484832,40.61796683,A192,_,00250,111
A192__00240.111,8.219727786108125,40.610809525,A192,_,00240,111
A192__00210.111,8.354063219820308,40.62440269,A192,_,00210,111
A192__00180.111,8.16798397978526,40.63301466,A192,_,00180,111
A192__00130.111,8.33097722515561,40.65400512,A192,_,00130,111
A192__00120.111,8.301574984538973,40.650000059999996,A192,_,00120,111
A192__00030.111,8.237307559660533,40.64857047,A192,_,00030,111
A192__00020.111,8.192994075365124,40.664355959999995,A192,_,00020,111
A192__00210.1110,8.356910236124394,40.623989155000004,A192,_,00210,1110
A192__0071.1110,8.322594118709867,40.560780030000004,A192,_,0071,1110
A192__00640.1110,8.328615416294824,40.566075225,A192,_,00640,1110
A192__00610.1110,8.31357182310858,40.579454444999996,A192,_,00610,1110
A192__00210.1111,8.327544794330848,40.625509415,A192,_,00210,1111
A192__00780.1111,8.33024598874166,40.547356955,A192,_,00780,1111
A192__0071.1111,8.322638014187987,40.56058727,A192,_,0071,1111
A192__00640.1111,8.329231811510919,40.566554679999996,A192,_,00640,1111
A192__00480.1111,8.233259376012528,40.593481675,A192,_,00480,1111
A192__0071.1112,8.32280936208457,40.560754255,A192,_,0071,1112
A192__00210.1113,8.329550627698982,40.624793350000004,A192,_,00210,1113
A192__00780.1113,8.330056000851705,40.547836785,A192,_,00780,1113
A192__0071.1113,8.322916146957214,40.560878835,A192,_,0071,1113
A192__0064.1113,8.320784933808813,40.563816259999996,A192,_,0064,1113
A192__0061.1113,8.319059018798363,40.57283355,A192,_,0061,1113
A192__0061.1114,8.32037574217112,40.57260763,A192,_,0061,1114
A192__0071.1114,8.323045906171924,40.560950315,A192,_,0071,1114
A192__00210.1115,8.345746498210108,40.62180848,A192,_,00210,1115
A192__00780.1115,8.330140546074707,40.547783795,A192,_,00780,1115
A192__0071.1115,8.323065452841503,40.56079866,A192,_,0071,1115
A192__0064.1115,8.321135540079151,40.562516105,A192,_,0064,1115
A192__0061.1115,8.31971524815031,40.575470565,A192,_,0061,1115
A192__0071.1116,8.322720381638607,40.560484695,A192,_,0071,1116
A192__0061.1117,8.319843217664156,40.575889950000004,A192,_,0061,1117
A192__00780.1117,8.330207881452951,40.547741615,A192,_,00780,1117
A192__0071.1117,8.323075803410266,40.560647259999996,A192,_,0071,1117
A192__0064.1117,8.320843623800465,40.56173072,A192,_,0064,1117
A192__0061.1118,8.318891150803012,40.57648355,A192,_,0061,1118
A192__00480.1119,8.22296338670792,40.59318765,A192,_,00480,1119
A192__00780.1119,8.330229220527308,40.54772825,A192,_,00780,1119
A192__00010.112,8.230504394441727,40.656215985,A192,_,00010,112
A192__00960.112,8.367617216524469,40.506600125,A192,_,00960,112
A192__00940.112,8.358506295757387,40.515233095,A192,_,00940,112
A192__00900.112,8.358303697543594,40.53608265,A192,_,00900,112
A192__00890.112,8.35036690961959,40.52552899,A192,_,00890,112
A192__00870.112,8.33549084353278,40.526367445000005,A192,_,00870,112
A192__00850.112,8.336609712513582,40.53646664,A192,_,00850,112
A192__00810.112,8.377431896088087,40.544551415,A192,_,00810,112
A192__00800.112,8.357811135099741,40.542079785,A192,_,00800,112
A192__00790.112,8.343658005872335,40.538446015,A192,_,00790,112
A192__00780.112,8.334655472838843,40.545918735,A192,_,00780,112
A192__0077.112,8.328095098357442,40.551249645,A192,_,0077,112
A192__00740.112,8.356086660797729,40.5519261,A192,_,00740,112
A192__00730.112,8.347671222013803,40.555012860000005,A192,_,00730,112
A192__0072.112,8.328605204805175,40.558209500000004,A192,_,0072,112
A192__0071.112,8.315389583052742,40.554839025,A192,_,0071,112
A192__00680.112,8.35440815537159,40.57056656,A192,_,00680,112
A192__00670.112,8.341273061386136,40.569994935,A192,_,00670,112
A192__00640.112,8.328256886146857,40.568854419999994,A192,_,00640,112
A192__00630.112,8.33825283172023,40.573096755,A192,_,00630,112
A192__00620.112,8.323913537325902,40.572237765,A192,_,00620,112
A192__00610.112,8.31745652810805,40.579798665,A192,_,00610,112
A192__00600.112,8.344544071282137,40.573651659999996,A192,_,00600,112
A192__00590.112,8.382855295624914,40.581171,A192,_,00590,112
A192__00580.112,8.36158652254528,40.589374615,A192,_,00580,112
A192__00550.112,8.318017532680154,40.583098685,A192,_,00550,112
A192__00540.112,8.343009744052267,40.59170843,A192,_,00540,112
A192__00530.112,8.336257472052795,40.591487889999996,A192,_,00530,112
A192__00520.112,8.327834857013311,40.591817585,A192,_,00520,112
A192__00510.112,8.319389829671248,40.594803905,A192,_,00510,112
A192__00470.112,8.201520114090744,40.580481715000005,A192,_,00470,112
A192__00450.112,8.169555082229309,40.583782084999996,A192,_,00450,112
A192__00440.112,8.379481170299973,40.596646835,A192,_,00440,112
A192__00390.112,8.317160485755473,40.602683485,A192,_,00390,112
A192__00350.112,8.275624472760587,40.605637939999994,A192,_,00350,112
A192__00330.112,8.239528091239002,40.595358505,A192,_,00330,112
A192__00320.112,8.205181686657017,40.593605865,A192,_,00320,112
A192__00310.112,8.36175015263317,40.608306155,A192,_,00310,112
A192__00280.112,8.358193256967134,40.61289289,A192,_,00280,112
A192__00270.112,8.328701866408993,40.613249284999995,A192,_,00270,112
A192__00260.112,8.296356042179976,40.621669435,A192,_,00260,112
A192__00250.112,8.281241946956744,40.618266475,A192,_,00250,112
A192__00240.112,8.222507931779358,40.61024512,A192,_,00240,112
A192__00190.112,8.195917463605834,40.623112305,A192,_,00190,112
A192__00180.112,8.167960823095486,40.632963045,A192,_,00180,112
A192__00170.112,8.319402878545471,40.625003585,A192,_,00170,112
A192__00160.112,8.272328339501694,40.637405825,A192,_,00160,112
A192__00130.112,8.329526824093673,40.65107903,A192,_,00130,112
A192__00120.112,8.301723183922586,40.65023138,A192,_,00120,112
A192__00110.112,8.282419091342696,40.64545373,A192,_,00110,112
A192__00060.112,8.296811107876103,40.66494005,A192,_,00060,112
A192__00040.112,8.250251493052712,40.657315025,A192,_,00040,112
A192__00030.112,8.245125937260346,40.65982263,A192,_,00030,112
A192__00020.112,8.193629643231226,40.66462668,A192,_,00020,112
A192__00480.1120,8.222581946016607,40.5929102,A192,_,00480,1120
A192__0071.1120,8.322965816800082,40.560274755,A192,_,0071,1120
A192__00210.1121,8.348336410120504,40.623880415,A192,_,00210,1121
A192__00780.1121,8.330252573815908,40.547713619999996,A192,_,00780,1121
A192__00480.1121,8.229533218035705,40.591109025,A192,_,00480,1121
A192__00210.1122,8.348680557050013,40.624026040000004,A192,_,00210,1122
A192__0071.1122,8.32319522864113,40.560435265,A192,_,0071,1122
A192__00480.1122,8.228054713267978,40.59135206,A192,_,00480,1122
A192__00210.1123,8.348973126293608,40.624079214999995,A192,_,00210,1123
A192__00780.1123,8.330300953198117,40.547683305,A192,_,00780,1123
A192__0061.1123,8.32143384603329,40.574419315,A192,_,0061,1123
A192__00480.1123,8.227999452733538,40.59145716,A192,_,00480,1123
A192__00480.1124,8.228080774981382,40.59151631,A192,_,00480,1124
A192__0071.1124,8.323396383448555,40.560455635,A192,_,0071,1124
A192__0061.1124,8.321401119534421,40.574615245000004,A192,_,0061,1124
A192__00210.1125,8.347793243359293,40.62314861,A192,_,00210,1125
A192__0071.1125,8.32334019284925,40.561057675,A192,_,0071,1125
A192__0061.1125,8.317500794565106,40.575226799999996,A192,_,0061,1125
A192__00480.1125,8.228180149551351,40.591596005,A192,_,00480,1125
A192__00210.1126,8.348027976805614,40.62313322,A192,_,00210,1126
A192__00480.1126,8.228653518278524,40.591157609999996,A192,_,00480,1126
A192__00210.1127,8.347824982879377,40.623056934999994,A192,_,00210,1127
A192__00780.1127,8.329955701836909,40.547197034999996,A192,_,00780,1127
A192__0071.1127,8.323442437598565,40.560870625,A192,_,0071,1127
A192__0061.1127,8.317232101085537,40.575209855,A192,_,0061,1127
A192__00480.1127,8.223477264496722,40.590552880000004,A192,_,00480,1127
A192__00210.1128,8.347415256384169,40.62300459,A192,_,00210,1128
A192__00210.1129,8.347363972051468,40.622908885,A192,_,00210,1129
A192__00780.1129,8.330013097502821,40.547198615,A192,_,00780,1129
A192__0071.1129,8.323886608921658,40.561125645,A192,_,0071,1129
A192__00660.1129,8.32857304250243,40.560190735,A192,_,00660,1129
A192__0061.1129,8.318490337989996,40.575899145,A192,_,0061,1129
A192__00480.1129,8.227872362408213,40.58940571,A192,_,00480,1129
A192__00010.113,8.22665673696213,40.65606136,A192,_,00010,113
A192__00960.113,8.362377715772151,40.50470265,A192,_,00960,113
A192__00950.113,8.357318284438257,40.50386014,A192,_,00950,113
A192__00940.113,8.359811553694776,40.51430857,A192,_,00940,113
A192__00900.113,8.356793312075574,40.53566569,A192,_,00900,113
A192__00890.113,8.350912529331332,40.525320185,A192,_,00890,113
A192__00880.113,8.35038507657865,40.523638505,A192,_,00880,113
A192__00850.113,8.336906988992805,40.536226395,A192,_,00850,113
A192__00840.113,8.329858470200564,40.53709275,A192,_,00840,113
A192__00810.113,8.371466967055747,40.546533235,A192,_,00810,113
A192__00800.113,8.355751064759271,40.551149394999996,A192,_,00800,113
A192__00790.113,8.343014903150529,40.545180535,A192,_,00790,113
A192__00780.113,8.335064388391594,40.545844675,A192,_,00780,113
A192__00740.113,8.357522118712868,40.552067455,A192,_,00740,113
A192__00730.113,8.349223953187682,40.554480855,A192,_,00730,113
A192__0071.113,8.318084872855525,40.55019316,A192,_,0071,113
A192__00670.113,8.341669809736404,40.570319645,A192,_,00670,113
A192__00640.113,8.32219606894035,40.568245794999996,A192,_,00640,113
A192__0061.113,8.315280114251658,40.575991735,A192,_,0061,113
A192__00600.113,8.340216402648997,40.57485491,A192,_,00600,113
A192__00590.113,8.373238543685648,40.576371135,A192,_,00590,113
A192__00580.113,8.361608762629036,40.588977145,A192,_,00580,113
A192__00550.113,8.31823344986277,40.583252375,A192,_,00550,113
A192__00540.113,8.342754341535098,40.59141874,A192,_,00540,113
A192__00530.113,8.336001220358662,40.5913514,A192,_,00530,113
A192__00520.113,8.32818823565988,40.591160474999995,A192,_,00520,113
A192__00510.113,8.319575884153425,40.594944014999996,A192,_,00510,113
A192__00500.113,8.310461612940749,40.587473745,A192,_,00500,113
A192__00470.113,8.220619902871434,40.569480084999995,A192,_,00470,113
A192__00450.113,8.169559546753426,40.584044545,A192,_,00450,113
A192__00440.113,8.379653735179584,40.596717014999996,A192,_,00440,113
A192__00420.113,8.347660112358005,40.59966475,A192,_,00420,113
A192__00380.113,8.31300664544482,40.596416000000005,A192,_,00380,113
A192__00360.113,8.293099459557123,40.608952555,A192,_,00360,113
A192__00340.113,8.266496987069402,40.61635028,A192,_,00340,113
A192__00310.113,8.363149301307566,40.60551746,A192,_,00310,113
A192__00300.113,8.383221428781164,40.610769655,A192,_,00300,113
A192__00260.113,8.29621437343603,40.622096830000004,A192,_,00260,113
A192__00250.113,8.280716083156506,40.618185,A192,_,00250,113
A192__00240.113,8.225805860580522,40.6108307,A192,_,00240,113
A192__00190.113,8.196626362622432,40.623463565,A192,_,00190,113
A192__00180.113,8.167785184812594,40.63285861,A192,_,00180,113
A192__00150.113,8.225749771535742,40.645835125,A192,_,00150,113
A192__00130.113,8.334054422978081,40.653243865,A192,_,00130,113
A192__00120.113,8.301778511698942,40.65048956,A192,_,00120,113
A192__00110.113,8.282424648734432,40.644821795,A192,_,00110,113
A192__00080.113,8.323136235618344,40.658562155,A192,_,00080,113
A192__00040.113,8.253141709811896,40.658196005,A192,_,00040,113
A192__00030.113,8.24465454172407,40.656783955,A192,_,00030,113
A192__00020.113,8.194849382422111,40.665875365,A192,_,00020,113
A192__00480.1130,8.227540111112674,40.58934921,A192,_,00480,1130
A192__0071.1130,8.323583302232237,40.56097672,A192,_,0071,1130
A192__00660.1130,8.328676017257795,40.560110734999995,A192,_,00660,1130
A192__00210.1131,8.34849575325271,40.62326826,A192,_,00210,1131
A192__00780.1131,8.330124184378539,40.547283555,A192,_,00780,1131
A192__0071.1131,8.323707193897196,40.560673135,A192,_,0071,1131
A192__00660.1131,8.328730992303761,40.56017114,A192,_,00660,1131
A192__0061.1131,8.320739192764961,40.574844330000005,A192,_,0061,1131
A192__00210.1132,8.352521477894086,40.628614854999995,A192,_,00210,1132
A192__0061.1132,8.317691230319156,40.573108930000004,A192,_,0061,1132
A192__0061.1133,8.316895836040631,40.576194485,A192,_,0061,1133
A192__00780.1133,8.329845899473462,40.547121045,A192,_,00780,1133
A192__0064.1133,8.326081679450779,40.564269895,A192,_,0064,1133
A192__00210.1134,8.355552213477477,40.627458419999996,A192,_,00210,1134
A192__00780.1134,8.331958252421762,40.548318815,A192,_,00780,1134
A192__00660.1134,8.328343224707009,40.560168105,A192,_,00660,1134
A192__00640.1134,8.322627598469639,40.565566725,A192,_,00640,1134
A192__00480.1134,8.222983406073892,40.588162635,A192,_,00480,1134
A192__00210.1135,8.355352967877234,40.62731378,A192,_,00210,1135
A192__00640.1135,8.32336142523954,40.565670409999996,A192,_,00640,1135
A192__00480.1135,8.222695366518039,40.588904135,A192,_,00480,1135
A192__00480.1136,8.22347431704426,40.585825175,A192,_,00480,1136
A192__00780.1136,8.335602957974164,40.547327870000004,A192,_,00780,1136
A192__0061.1136,8.321286499019308,40.570502704999996,A192,_,0061,1136
A192__00210.1138,8.33440450100251,40.622106224999996,A192,_,00210,1138
A192__00480.1138,8.223474794995138,40.58623274,A192,_,00480,1138
A192__00010.1139,8.227458788647539,40.662463165,A192,_,00010,1139
A192__00210.1139,8.33487347609779,40.62357282,A192,_,00210,1139
A192__00010.114,8.211573329247326,40.657894735,A192,_,00010,114
A192__00960.114,8.36243754653051,40.504584640000004,A192,_,00960,114
A192__00940.114,8.358874314117667,40.514209975,A192,_,00940,114
A192__00900.114,8.35866838092294,40.5208099,A192,_,00900,114
A192__00890.114,8.351968118445527,40.53254966,A192,_,00890,114
A192__00880.114,8.350412056192063,40.523404235,A192,_,00880,114
A192__00870.114,8.338378961981764,40.524856465,A192,_,00870,114
A192__00840.114,8.33073645621377,40.53406269,A192,_,00840,114
A192__00810.114,8.3724368873509,40.54688048,A192,_,00810,114
A192__00790.114,8.33850663065316,40.543841185000005,A192,_,00790,114
A192__00780.114,8.334043975456009,40.54562923500001,A192,_,00780,114
A192__00740.114,8.357805519972674,40.55207884,A192,_,00740,114
A192__00730.114,8.346874244992936,40.554618465000004,A192,_,00730,114
A192__0072.114,8.328667907920575,40.557876300000004,A192,_,0072,114
A192__00680.114,8.354789849062225,40.572461125000004,A192,_,00680,114
A192__00620.114,8.324811105828822,40.57138964,A192,_,00620,114
A192__00600.114,8.340835751996039,40.575688549999995,A192,_,00600,114
A192__00590.114,8.373072293332276,40.575991605,A192,_,00590,114
A192__00580.114,8.36158201760815,40.588977145,A192,_,00580,114
A192__00540.114,8.352342756283125,40.594908329999996,A192,_,00540,114
A192__00530.114,8.333854867818143,40.594554555,A192,_,00530,114
A192__00520.114,8.328375308958801,40.59096506,A192,_,00520,114
A192__00510.114,8.3191532142819,40.5944827,A192,_,00510,114
A192__00500.114,8.31103654772402,40.58749808,A192,_,00500,114
A192__00470.114,8.219027995556335,40.56948846,A192,_,00470,114
A192__00450.114,8.168259833301864,40.584698875,A192,_,00450,114
A192__00440.114,8.379640545241157,40.59665968,A192,_,00440,114
A192__00410.114,8.335663514269992,40.59789592,A192,_,00410,114
A192__00360.114,8.291239677790998,40.60525705,A192,_,00360,114
A192__00340.114,8.268035042099882,40.616193505,A192,_,00340,114
A192__00310.114,8.360758682435847,40.606541635,A192,_,00310,114
A192__00300.114,8.383301183551296,40.610750284999995,A192,_,00300,114
A192__00280.114,8.358486879881188,40.61413813,A192,_,00280,114
A192__00270.114,8.330285463210771,40.61560257,A192,_,00270,114
A192__00260.114,8.29638473354531,40.622094219999994,A192,_,00260,114
A192__00250.114,8.280097980766087,40.619241395,A192,_,00250,114
A192__00240.114,8.2244152233406,40.61194253,A192,_,00240,114
A192__00210.114,8.354779396012283,40.625285745,A192,_,00210,114
A192__00180.114,8.167492591994819,40.63270604,A192,_,00180,114
A192__00170.114,8.315188554731826,40.630673955,A192,_,00170,114
A192__00160.114,8.272314044232402,40.637726990000004,A192,_,00160,114
A192__00150.114,8.225023120184705,40.645717335,A192,_,00150,114
A192__00130.114,8.332995757474496,40.649951455,A192,_,00130,114
A192__00120.114,8.302003503212024,40.650728029999996,A192,_,00120,114
A192__00110.114,8.280699377457328,40.644468180000004,A192,_,00110,114
A192__00040.114,8.254429464152718,40.658146925,A192,_,00040,114
A192__00030.114,8.244699748937268,40.664306690000004,A192,_,00030,114
A192__00020.114,8.194632777829465,40.666501415,A192,_,00020,114
A192__00010.1140,8.220082585118043,40.655806595,A192,_,00010,1140
A192__0071.1140,8.320362242817353,40.557991025,A192,_,0071,1140
A192__0061.1140,8.320896464163772,40.570868105,A192,_,0061,1140
A192__00010.1141,8.22021905934633,40.65581842,A192,_,00010,1141
A192__0061.1141,8.320952393028032,40.571280705,A192,_,0061,1141
A192__00210.1141,8.34622199399523,40.617482815,A192,_,00210,1141
A192__00010.1142,8.21980746730351,40.65560773,A192,_,00010,1142
A192__0064.1142,8.319053437747042,40.562919955,A192,_,0064,1142
A192__0061.1142,8.320996491141837,40.57113042,A192,_,0061,1142
A192__00480.1142,8.223339392680538,40.58606023,A192,_,00480,1142
A192__00210.1142,8.34645544652449,40.617680605000004,A192,_,00210,1142
A192__00010.1143,8.219914433173944,40.655638995000004,A192,_,00010,1143
A192__0064.1143,8.319011205282731,40.5629307,A192,_,0064,1143
A192__00480.1143,8.223488439124008,40.58605461,A192,_,00480,1143
A192__00010.1144,8.230237786703892,40.656189685,A192,_,00010,1144
A192__00480.1144,8.223614054219254,40.586140125,A192,_,00480,1144
A192__00210.1144,8.345690751198482,40.618037465,A192,_,00210,1144
A192__00010.1145,8.22877626131935,40.656313495,A192,_,00010,1145
A192__00780.1145,8.3293573385445,40.54733159,A192,_,00780,1145
A192__00640.1145,8.319727218774407,40.56909237,A192,_,00640,1145
A192__00480.1145,8.221425198631213,40.595145689999995,A192,_,00480,1145
A192__00010.1146,8.22889656288828,40.65616333,A192,_,00010,1146
A192__00780.1146,8.329435328914482,40.54736849,A192,_,00780,1146
A192__00640.1146,8.320276114762487,40.569433020000005,A192,_,00640,1146
A192__0061.1146,8.321647824286856,40.57170375,A192,_,0061,1146
A192__00010.1147,8.223939429395099,40.65828426,A192,_,00010,1147
A192__00780.1147,8.329721976752623,40.547194525,A192,_,00780,1147
A192__0064.1147,8.320598677613553,40.561226559999994,A192,_,0064,1147
A192__0061.1147,8.315805004651764,40.5770271,A192,_,0061,1147
A192__00010.1148,8.223800836875412,40.65606504,A192,_,00010,1148
A192__00780.1148,8.329497623522165,40.54742885,A192,_,00780,1148
A192__0064.1148,8.320019717739706,40.563168835,A192,_,0064,1148
A192__00480.1148,8.223924593615568,40.595076315,A192,_,00480,1148
A192__00210.1148,8.337769438605307,40.622705755,A192,_,00210,1148
A192__00010.1149,8.223848247244696,40.65587002,A192,_,00010,1149
A192__00780.1149,8.329624999851077,40.547366155,A192,_,00780,1149
A192__00640.1149,8.327008997877929,40.569630075,A192,_,00640,1149
A192__00480.1149,8.220525501361397,40.593968970000006,A192,_,00480,1149
A192__00010.115,8.210809829340317,40.663432150000006,A192,_,00010,115
A192__00970.115,8.31340637584826,40.558917935,A192,_,00970,115
A192__00960.115,8.362592973306377,40.504510185,A192,_,00960,115
A192__00940.115,8.357954372199575,40.513901625,A192,_,00940,115
A192__00930.115,8.341152979541238,40.51936965,A192,_,00930,115
A192__00900.115,8.359300685632094,40.52041441,A192,_,00900,115
A192__00890.115,8.350989852478616,40.525824805,A192,_,00890,115
A192__00870.115,8.338514812957126,40.52478528,A192,_,00870,115
A192__00860.115,8.364927979390686,40.541653695,A192,_,00860,115
A192__00850.115,8.337016657997367,40.537274685,A192,_,00850,115
A192__00790.115,8.338634665101472,40.544081930000004,A192,_,00790,115
A192__00780.115,8.335840963321456,40.542954315,A192,_,00780,115
A192__0077.115,8.327987500856988,40.55151671,A192,_,0077,115
A192__00730.115,8.347660969994424,40.554348285,A192,_,00730,115
A192__0071.115,8.320508946878373,40.551666264999994,A192,_,0071,115
A192__00680.115,8.354658918784935,40.572414635,A192,_,00680,115
A192__00670.115,8.341378701824187,40.570474700000005,A192,_,00670,115
A192__0064.115,8.322325235661596,40.56482373,A192,_,0064,115
A192__00620.115,8.324947755467413,40.571239785,A192,_,00620,115
A192__00600.115,8.340519611104087,40.575368755,A192,_,00600,115
A192__00580.115,8.361581196722017,40.588525239999996,A192,_,00580,115
A192__00510.115,8.318579343900126,40.59326994,A192,_,00510,115
A192__00500.115,8.311397280126151,40.587175185,A192,_,00500,115
A192__0049.115,8.281626073355245,40.59477101,A192,_,0049,115
A192__00480.115,8.229020561741187,40.5866405,A192,_,00480,115
A192__00470.115,8.216253251925483,40.569978524999996,A192,_,00470,115
A192__00450.115,8.169212147492654,40.58404645,A192,_,00450,115
A192__00440.115,8.379630540220102,40.596605624999995,A192,_,00440,115
A192__00420.115,8.345324801102517,40.599128910000005,A192,_,00420,115
A192__00400.115,8.326620857775929,40.60142504,A192,_,00400,115
A192__00380.115,8.311910636561791,40.59365106,A192,_,00380,115
A192__00330.115,8.23963827453853,40.595672115,A192,_,00330,115
A192__00320.115,8.21388268370745,40.612179145,A192,_,00320,115
A192__00310.115,8.361707131300278,40.609997205,A192,_,00310,115
A192__00300.115,8.383242152775782,40.610728065,A192,_,00300,115
A192__00280.115,8.358414030002653,40.61459515,A192,_,00280,115
A192__00270.115,8.329576913048975,40.617373560000004,A192,_,00270,115
A192__00260.115,8.292488309709704,40.619237170000005,A192,_,00260,115
A192__00250.115,8.279839198321124,40.619202040000005,A192,_,00250,115
A192__00240.115,8.224582015633377,40.61024548,A192,_,00240,115
A192__00210.115,8.35502890201027,40.624324834999996,A192,_,00210,115
A192__00190.115,8.19072542262894,40.617931735,A192,_,00190,115
A192__00180.115,8.18325491874916,40.637039825,A192,_,00180,115
A192__00160.115,8.265099711865087,40.628068595,A192,_,00160,115
A192__00140.115,8.192324129221337,40.649957375,A192,_,00140,115
A192__00130.115,8.328215901497693,40.64696018,A192,_,00130,115
A192__00120.115,8.30203589989947,40.65040548,A192,_,00120,115
A192__00110.115,8.283106454403022,40.64428086,A192,_,00110,115
A192__00040.115,8.255617091411782,40.657882459999996,A192,_,00040,115
A192__00030.115,8.240423033494567,40.648394865,A192,_,00030,115
A192__00020.115,8.194645041716953,40.667437254999996,A192,_,00020,115
A192__00010.1150,8.224059201563051,40.656040645,A192,_,00010,1150
A192__00780.1150,8.329821814437302,40.547251175,A192,_,00780,1150
A192__00480.1150,8.220481491171586,40.593949175,A192,_,00480,1150
A192__00010.1151,8.23527080932148,40.663967080000006,A192,_,00010,1151
A192__00780.1151,8.329860195322315,40.547296105,A192,_,00780,1151
A192__0071.1151,8.321791905178017,40.558915415,A192,_,0071,1151
A192__00640.1151,8.325635179811558,40.56929006,A192,_,00640,1151
A192__0061.1151,8.32065533276008,40.572351485,A192,_,0061,1151
A192__00480.1151,8.245777766433765,40.576250025,A192,_,00480,1151
A192__00210.1151,8.340326759017714,40.624345250000005,A192,_,00210,1151
A192__00010.1152,8.234923983539739,40.663216745,A192,_,00010,1152
A192__0071.1152,8.321793532614485,40.558718505,A192,_,0071,1152
A192__0061.1152,8.32066892881021,40.572437765000004,A192,_,0061,1152
A192__00480.1152,8.246226962555465,40.577068195,A192,_,00480,1152
A192__00210.1152,8.339549106441599,40.624168525,A192,_,00210,1152
A192__00010.1153,8.228134512239908,40.659116975,A192,_,00010,1153
A192__00660.1153,8.326998079464952,40.563390780000006,A192,_,00660,1153
A192__0064.1153,8.321022829707282,40.56375247,A192,_,0064,1153
A192__00480.1153,8.224476314618006,40.586529060000004,A192,_,00480,1153
A192__00210.1153,8.339297445883851,40.622365645,A192,_,00210,1153
A192__00010.1154,8.22866879955989,40.656512355000004,A192,_,00010,1154
A192__00660.1154,8.328628567072986,40.563373115,A192,_,00660,1154
A192__00480.1154,8.224499948179007,40.58635042,A192,_,00480,1154
A192__00210.1154,8.339714911717781,40.622271555,A192,_,00210,1154
A192__00480.1155,8.220861683231046,40.58957787,A192,_,00480,1155
A192__00780.1155,8.329782669454252,40.54749356,A192,_,00780,1155
A192__0071.1155,8.322360381083467,40.55959285,A192,_,0071,1155
A192__00660.1155,8.328844636611635,40.56298601,A192,_,00660,1155
A192__00640.1155,8.319731358882773,40.56599334,A192,_,00640,1155
A192__00010.1156,8.22056649438307,40.661428435,A192,_,00010,1156
A192__00780.1156,8.3299140015015,40.547437755000004,A192,_,00780,1156
A192__0064.1156,8.323232185216888,40.563385554999996,A192,_,0064,1156
A192__00480.1156,8.222672428312809,40.587954365,A192,_,00480,1156
A192__00210.1156,8.337630751576754,40.619904885,A192,_,00210,1156
A192__00010.1157,8.221064312352942,40.66113285,A192,_,00010,1157
A192__00780.1157,8.32960085009238,40.547434265,A192,_,00780,1157
A192__0071.1157,8.322665159965084,40.559565895,A192,_,0071,1157
A192__0064.1157,8.32329196554639,40.56339849,A192,_,0064,1157
A192__00210.1157,8.337851015288837,40.62010794,A192,_,00210,1157
A192__00010.1158,8.22114694418184,40.65945929,A192,_,00010,1158
A192__00640.1158,8.319431713506344,40.56689761,A192,_,00640,1158
A192__00480.1158,8.222296837341215,40.58788504,A192,_,00480,1158
A192__00210.1158,8.354393728031258,40.627265715,A192,_,00210,1158
A192__00010.1159,8.220563695408195,40.65948634,A192,_,00010,1159
A192__00640.1159,8.319160866527884,40.566553105,A192,_,00640,1159
A192__00480.1159,8.222509489645782,40.587785139999994,A192,_,00480,1159
A192__00010.116,8.210564933398793,40.66646184,A192,_,00010,116
A192__00970.116,8.313386042833919,40.559029415,A192,_,00970,116
A192__00960.116,8.3626627862174,40.504483269999994,A192,_,00960,116
A192__00950.116,8.343984667837436,40.514285275,A192,_,00950,116
A192__00940.116,8.35895060006539,40.514044135,A192,_,00940,116
A192__00930.116,8.33730771901859,40.51966232,A192,_,00930,116
A192__00890.116,8.351337474495594,40.52461413,A192,_,00890,116
A192__00870.116,8.335076943678102,40.534141465000005,A192,_,00870,116
A192__00850.116,8.337220507399746,40.537106269999995,A192,_,00850,116
A192__00840.116,8.330698870001868,40.536847475,A192,_,00840,116
A192__00790.116,8.34410312780047,40.53838163,A192,_,00790,116
A192__00750.116,8.373044103330344,40.550365459999995,A192,_,00750,116
A192__0072.116,8.32659341715029,40.55776909,A192,_,0072,116
A192__0071.116,8.320821848164105,40.55190339,A192,_,0071,116
A192__00680.116,8.354416813547221,40.572379264999995,A192,_,00680,116
A192__00670.116,8.341536535919097,40.570524615,A192,_,00670,116
A192__00630.116,8.335580301330157,40.57064803,A192,_,00630,116
A192__00620.116,8.325041957317683,40.57113288,A192,_,00620,116
A192__0061.116,8.3154260233569,40.575850994999996,A192,_,0061,116
A192__00600.116,8.339974575273256,40.575368755,A192,_,00600,116
A192__00590.116,8.394998656730472,40.580037055000005,A192,_,00590,116
A192__00580.116,8.361587646293227,40.58786991,A192,_,00580,116
A192__00570.116,8.338866909182556,40.58804052,A192,_,00570,116
A192__00540.116,8.353717636432226,40.59178399,A192,_,00540,116
A192__00530.116,8.340584198226939,40.594077795000004,A192,_,00530,116
A192__00510.116,8.319660664436551,40.592490299999994,A192,_,00510,116
A192__00500.116,8.311528795007167,40.587642695,A192,_,00500,116
A192__00480.116,8.230779049349696,40.58620675,A192,_,00480,116
A192__00470.116,8.214645383884807,40.57126314,A192,_,00470,116
A192__00450.116,8.169499466064774,40.583902625,A192,_,00450,116
A192__00440.116,8.379618099399039,40.59654998,A192,_,00440,116
A192__00420.116,8.347518275616407,40.598385425000004,A192,_,00420,116
A192__00410.116,8.333548955114093,40.59700678,A192,_,00410,116
A192__00400.116,8.328701512044159,40.600789985,A192,_,00400,116
A192__00390.116,8.32033992449877,40.60198033,A192,_,00390,116
A192__00360.116,8.292220934392695,40.610779935,A192,_,00360,116
A192__00350.116,8.285147843606463,40.596072615,A192,_,00350,116
A192__00340.116,8.266731616535687,40.61597811,A192,_,00340,116
A192__00330.116,8.23971533472421,40.595639500000004,A192,_,00330,116
A192__00320.116,8.214521787394682,40.61151607,A192,_,00320,116
A192__00310.116,8.360229681172177,40.61080805,A192,_,00310,116
A192__00260.116,8.291168151991045,40.619341385,A192,_,00260,116
A192__00250.116,8.278464577743215,40.62074862,A192,_,00250,116
A192__00240.116,8.223153502225458,40.61407812,A192,_,00240,116
A192__00190.116,8.189518909399336,40.61665188,A192,_,00190,116
A192__00180.116,8.174148882044365,40.634054739999996,A192,_,00180,116
A192__00170.116,8.322923764086312,40.620691375,A192,_,00170,116
A192__00150.116,8.225024940154785,40.64540388,A192,_,00150,116
A192__00140.116,8.191322202140178,40.646471815,A192,_,00140,116
A192__00130.116,8.335946335818807,40.64814035,A192,_,00130,116
A192__00120.116,8.3020312624275,40.65071687,A192,_,00120,116
A192__00070.116,8.328399147734107,40.659742460000004,A192,_,00070,116
A192__00040.116,8.254607406121565,40.657707904999995,A192,_,00040,116
A192__00020.116,8.194270327411935,40.66760855,A192,_,00020,116
A192__00210.1160,8.335588054091492,40.623104760000004,A192,_,00210,1160
A192__00660.1160,8.330327154628627,40.559385864999996,A192,_,00660,1160
A192__00210.1161,8.335938798797493,40.62329248,A192,_,00210,1161
A192__00210.1162,8.335911062201113,40.62360831,A192,_,00210,1162
A192__0071.1162,8.322517281984455,40.55893316,A192,_,0071,1162
A192__00660.1162,8.33050642055105,40.55925305,A192,_,00660,1162
A192__00480.1162,8.227754516766897,40.587966615,A192,_,00480,1162
A192__00210.1163,8.336645553532279,40.62433772,A192,_,00210,1163
A192__00480.1163,8.227558297726508,40.587841055,A192,_,00480,1163
A192__00210.1164,8.337118935348217,40.62454112,A192,_,00210,1164
A192__0071.1164,8.322744759191515,40.55911998,A192,_,0071,1164
A192__00660.1164,8.330736729466604,40.559365065,A192,_,00660,1164
A192__00480.1164,8.239648254004006,40.57679247,A192,_,00480,1164
A192__00210.1165,8.337561250936504,40.624527575,A192,_,00210,1165
A192__0064.1165,8.321990595101148,40.5621084,A192,_,0064,1165
A192__00480.1165,8.240202761627533,40.57718918,A192,_,00480,1165
A192__00210.1166,8.352052251590408,40.63718808,A192,_,00210,1166
A192__00640.1166,8.324311121555843,40.56500768,A192,_,00640,1166
A192__00480.1166,8.239764494619395,40.580193835,A192,_,00480,1166
A192__00010.1167,8.221492325743338,40.66223891,A192,_,00010,1167
A192__00660.1167,8.329737094194773,40.559453930000004,A192,_,00660,1167
A192__00640.1167,8.324064260097616,40.565461405,A192,_,00640,1167
A192__00480.1167,8.23876412469621,40.580078675,A192,_,00480,1167
A192__00210.1167,8.351285529187804,40.637492375,A192,_,00210,1167
A192__00010.1168,8.221839604519278,40.662361825000005,A192,_,00010,1168
A192__00780.1168,8.330205212191554,40.547642885,A192,_,00780,1168
A192__0071.1168,8.32321635213556,40.55921207,A192,_,0071,1168
A192__00640.1168,8.32356915748899,40.564858515,A192,_,00640,1168
A192__00480.1168,8.227502805930762,40.589768495,A192,_,00480,1168
A192__00210.1168,8.339197787788475,40.61876336,A192,_,00210,1168
A192__00210.1169,8.339181183956962,40.619040395,A192,_,00210,1169
A192__0071.1169,8.323071538684843,40.55994547,A192,_,0071,1169
A192__00640.1169,8.323991872079375,40.565039255,A192,_,00640,1169
A192__00480.1169,8.227688895060153,40.58965331,A192,_,00480,1169
A192__00010.117,8.210900894212777,40.6642036,A192,_,00010,117
A192__00970.117,8.31335700460044,40.559172505,A192,_,00970,117
A192__00940.117,8.358269699272466,40.51332372,A192,_,00940,117
A192__00930.117,8.338689909841971,40.52251483,A192,_,00930,117
A192__00890.117,8.351742470330846,40.524810765,A192,_,00890,117
A192__00850.117,8.337470350657501,40.53694217,A192,_,00850,117
A192__00810.117,8.376568184682782,40.54402077,A192,_,00810,117
A192__00790.117,8.338369586047117,40.543617565000005,A192,_,00790,117
A192__00750.117,8.366073763447716,40.55533519,A192,_,00750,117
A192__0072.117,8.327092965027486,40.55792945,A192,_,0072,117
A192__0071.117,8.321221321209421,40.551707545,A192,_,0071,117
A192__00680.117,8.355703870417699,40.571316045,A192,_,00680,117
A192__00660.117,8.333515785590853,40.565498885,A192,_,00660,117
A192__0064.117,8.321581510542917,40.56411002,A192,_,0064,117
A192__00630.117,8.335718161263792,40.570330215,A192,_,00630,117
A192__00620.117,8.32522354256525,40.570956585000005,A192,_,00620,117
A192__00580.117,8.361601895577468,40.5876412,A192,_,00580,117
A192__00560.117,8.322107849680059,40.57690807,A192,_,00560,117
A192__00540.117,8.352009070967327,40.59173391,A192,_,00540,117
A192__00520.117,8.32925535158302,40.591027499999996,A192,_,00520,117
A192__00500.117,8.311132687285653,40.587941744999995,A192,_,00500,117
A192__0049.117,8.281479618719711,40.593553805,A192,_,0049,117
A192__00470.117,8.215653897149425,40.570910315,A192,_,00470,117
A192__00450.117,8.17070272335257,40.585238755000006,A192,_,00450,117
A192__00440.117,8.379575890418431,40.596426595,A192,_,00440,117
A192__00420.117,8.347604387144829,40.598404725,A192,_,00420,117
A192__00360.117,8.302511618517293,40.604968725000006,A192,_,00360,117
A192__00340.117,8.266966920013061,40.611414035,A192,_,00340,117
A192__00330.117,8.239791939850228,40.595607064999996,A192,_,00330,117
A192__00320.117,8.214776257680901,40.61160429500001,A192,_,00320,117
A192__00310.117,8.363014911013568,40.610265534999996,A192,_,00310,117
A192__00300.117,8.38344618587724,40.6106463,A192,_,00300,117
A192__00260.117,8.290489761459463,40.61226972,A192,_,00260,117
A192__00250.117,8.278833972719472,40.62085993,A192,_,00250,117
A192__00240.117,8.223741397763808,40.61061289,A192,_,00240,117
A192__00190.117,8.196686085653434,40.624701,A192,_,00190,117
A192__00180.117,8.16476903917555,40.6328453,A192,_,00180,117
A192__00150.117,8.22634997336155,40.645100105,A192,_,00150,117
A192__00140.117,8.19791401678128,40.643109925,A192,_,00140,117
A192__00130.117,8.327195951687871,40.64443444,A192,_,00130,117
A192__00120.117,8.302165327232284,40.650964959999996,A192,_,00120,117
A192__00110.117,8.283121351851817,40.6437346,A192,_,00110,117
A192__00070.117,8.328441510095079,40.65946666000001,A192,_,00070,117
A192__00030.117,8.230679735296327,40.65021252,A192,_,00030,117
A192__00020.117,8.191798223021896,40.66296606,A192,_,00020,117
A192__00210.1170,8.35003635317122,40.623089809999996,A192,_,00210,1170
A192__00780.1170,8.33010084382334,40.54745762,A192,_,00780,1170
A192__0071.1170,8.32305280204439,40.559885519999995,A192,_,0071,1170
A192__00480.1170,8.225330620129451,40.59132579,A192,_,00480,1170
A192__00660.1171,8.336646688821853,40.563397765000005,A192,_,00660,1171
A192__00780.1171,8.32993315808228,40.54762281,A192,_,00780,1171
A192__0071.1171,8.323227058508657,40.55988799,A192,_,0071,1171
A192__00210.1172,8.336803888949872,40.62050197,A192,_,00210,1172
A192__0071.1172,8.323425437583499,40.560003775,A192,_,0071,1172
A192__00660.1172,8.336438484100775,40.56362872,A192,_,00660,1172
A192__00480.1172,8.224338305301487,40.596013305,A192,_,00480,1172
A192__00010.1173,8.22176258068031,40.662180505,A192,_,00010,1173
A192__0071.1173,8.323657301091465,40.56010703,A192,_,0071,1173
A192__00660.1173,8.336212162023287,40.563742059999996,A192,_,00660,1173
A192__00480.1173,8.224306083881817,40.595141395,A192,_,00480,1173
A192__00210.1173,8.337107502186017,40.619904885,A192,_,00210,1173
A192__00210.1174,8.341692260059137,40.619154065000004,A192,_,00210,1174
A192__0071.1174,8.323298563290855,40.559704955,A192,_,0071,1174
A192__00660.1174,8.330093778076954,40.560219685,A192,_,00660,1174
A192__00480.1174,8.242539526682126,40.58662045,A192,_,00480,1174
A192__00210.1175,8.341104498035897,40.620911899999996,A192,_,00210,1175
A192__0071.1175,8.323564637432273,40.559827655,A192,_,0071,1175
A192__00660.1175,8.327949978880344,40.56308071,A192,_,00660,1175
A192__0064.1175,8.31990138048275,40.56427375,A192,_,0064,1175
A192__00480.1175,8.242761510352992,40.587600859999995,A192,_,00480,1175
A192__00210.1176,8.341074558125312,40.62116863,A192,_,00210,1176
A192__00640.1176,8.320063504499702,40.569346855,A192,_,00640,1176
A192__00480.1176,8.228490933788482,40.590013125,A192,_,00480,1176
A192__00210.1177,8.340709373946353,40.621530504999996,A192,_,00210,1177
A192__00480.1177,8.227561060356944,40.591037895,A192,_,00480,1177
A192__00210.1178,8.341258226554498,40.62162942,A192,_,00210,1178
A192__0071.1178,8.323690116097438,40.559664055,A192,_,0071,1178
A192__00660.1178,8.33830000082405,40.56730293,A192,_,00660,1178
A192__00480.1178,8.22726606444631,40.590125830000005,A192,_,00480,1178
A192__00010.1179,8.216607926723825,40.65545115,A192,_,00010,1179
A192__00780.1179,8.32386880608319,40.544968534999995,A192,_,00780,1179
A192__0071.1179,8.323969137195942,40.55970875,A192,_,0071,1179
A192__00660.1179,8.328472922867729,40.560021425,A192,_,00660,1179
A192__00480.1179,8.227450899421815,40.590013895,A192,_,00480,1179
A192__00010.118,8.210488229878017,40.667605925,A192,_,00010,118
A192__00970.118,8.31298713330878,40.55917358,A192,_,00970,118
A192__00950.118,8.344103202296044,40.514176485,A192,_,00950,118
A192__00900.118,8.358844934210959,40.529166450000005,A192,_,00900,118
A192__00850.118,8.335756960954875,40.538665505,A192,_,00850,118
A192__00810.118,8.37230137876232,40.54529567,A192,_,00810,118
A192__00790.118,8.338038030100327,40.54429321,A192,_,00790,118
A192__00780.118,8.338652292790137,40.542521155,A192,_,00780,118
A192__0077.118,8.32849348318438,40.55552231,A192,_,0077,118
A192__00680.118,8.354554160278028,40.572481659999994,A192,_,00680,118
A192__00670.118,8.341891967982965,40.569620465,A192,_,00670,118
A192__0064.118,8.319223800858545,40.56242497,A192,_,0064,118
A192__00630.118,8.336232002609893,40.570392885,A192,_,00630,118
A192__00620.118,8.325367918306165,40.5708201,A192,_,00620,118
A192__00600.118,8.337330421795786,40.575395345000004,A192,_,00600,118
A192__00590.118,8.373010344128815,40.582568605,A192,_,00590,118
A192__00580.118,8.36160230129208,40.587219965,A192,_,00580,118
A192__00570.118,8.33991461432349,40.587502515,A192,_,00570,118
A192__00560.118,8.322199525593652,40.57679569,A192,_,00560,118
A192__00550.118,8.318571485103696,40.583669515,A192,_,00550,118
A192__00540.118,8.352488772089568,40.591698685,A192,_,00540,118
A192__00510.118,8.320404973864735,40.59204077,A192,_,00510,118
A192__00500.118,8.310634745133363,40.587940455,A192,_,00500,118
A192__0049.118,8.281571667742451,40.593566615,A192,_,0049,118
A192__00480.118,8.228554736778879,40.58549584,A192,_,00480,118
A192__00470.118,8.21255555055113,40.57127481,A192,_,00470,118
A192__00450.118,8.1717032445747,40.585461345,A192,_,00450,118
A192__00360.118,8.302239418325602,40.605369535,A192,_,00360,118
A192__00340.118,8.268379293804683,40.609974035,A192,_,00340,118
A192__00320.118,8.218566974304327,40.59404529,A192,_,00320,118
A192__00310.118,8.381246088556185,40.61055135,A192,_,00310,118
A192__00300.118,8.383523326338441,40.610428055,A192,_,00300,118
A192__00290.118,8.39063371863302,40.619407655,A192,_,00290,118
A192__00270.118,8.329996555697278,40.620676525,A192,_,00270,118
A192__00260.118,8.290517299291773,40.61226972,A192,_,00260,118
A192__00250.118,8.27523329398827,40.621304365,A192,_,00250,118
A192__00240.118,8.22281847910983,40.61054702,A192,_,00240,118
A192__00230.118,8.188559462931691,40.615155465,A192,_,00230,118
A192__00190.118,8.189468202891318,40.617436495,A192,_,00190,118
A192__00180.118,8.164097989885068,40.632941575000004,A192,_,00180,118
A192__00170.118,8.323079449911482,40.63869282,A192,_,00170,118
A192__00140.118,8.197654667685981,40.643690565,A192,_,00140,118
A192__00130.118,8.330420610534894,40.648143219999994,A192,_,00130,118
A192__00120.118,8.30232618792015,40.651224795000005,A192,_,00120,118
A192__00110.118,8.28074019177582,40.64308571,A192,_,00110,118
A192__00070.118,8.328495707197547,40.659118875000004,A192,_,00070,118
A192__00060.118,8.290637302856613,40.66734819,A192,_,00060,118
A192__00040.118,8.254790048840576,40.657432265,A192,_,00040,118
A192__00020.118,8.192382866495535,40.662474625,A192,_,00020,118
A192__00010.1180,8.216346112626905,40.655400945,A192,_,00010,1180
A192__00780.1180,8.328846135952745,40.547874195000006,A192,_,00780,1180
A192__0071.1180,8.323478011572579,40.55941629,A192,_,0071,1180
A192__00480.1180,8.22280893114232,40.5883441,A192,_,00480,1180
A192__00210.1180,8.349391079829221,40.623239915,A192,_,00210,1180
A192__00010.1181,8.216275049891365,40.656324104999996,A192,_,00010,1181
A192__00780.1181,8.328619606128294,40.547841965,A192,_,00780,1181
A192__0071.1181,8.323520749297964,40.55932253,A192,_,0071,1181
A192__00210.1181,8.349240189630624,40.62424287,A192,_,00210,1181
A192__0071.1182,8.32362897334076,40.559435574999995,A192,_,0071,1182
A192__00780.1182,8.328484118629088,40.547874815,A192,_,00780,1182
A192__00210.1183,8.349783812649168,40.623333075,A192,_,00210,1183
A192__0071.1183,8.323745215586424,40.559475989999996,A192,_,0071,1183
A192__00480.1183,8.231454629391973,40.587820205,A192,_,00480,1183
A192__00010.1184,8.221137409162793,40.65575469,A192,_,00010,1184
A192__00780.1184,8.328931907228762,40.547724075,A192,_,00780,1184
A192__0071.1184,8.323872087626913,40.559549585,A192,_,0071,1184
A192__00480.1184,8.23646342624766,40.584788085,A192,_,00480,1184
A192__00210.1185,8.348495558000039,40.623416205,A192,_,00210,1185
A192__00780.1185,8.328684758482613,40.547710390000006,A192,_,00780,1185
A192__0071.1185,8.324051785986539,40.5596008,A192,_,0071,1185
A192__00480.1185,8.235780189945611,40.585071920000004,A192,_,00480,1185
A192__00010.1186,8.220781588882751,40.655814665,A192,_,00010,1186
A192__0064.1186,8.320739246808419,40.5617774,A192,_,0064,1186
A192__00480.1186,8.227745699809518,40.588256765,A192,_,00480,1186
A192__00610.1187,8.321698217773278,40.57641504,A192,_,00610,1187
A192__00780.1187,8.334600642836033,40.541950735,A192,_,00780,1187
A192__0071.1187,8.324066384732923,40.56038778,A192,_,0071,1187
A192__0064.1187,8.318441031371853,40.565237105,A192,_,0064,1187
A192__00480.1188,8.245231883826285,40.58245533,A192,_,00480,1188
A192__00780.1188,8.334281688016429,40.54158958,A192,_,00780,1188
A192__0071.1188,8.324079353691488,40.560297035,A192,_,0071,1188
A192__00660.1188,8.336405974323608,40.56630451,A192,_,00660,1188
A192__00210.1189,8.345860345192943,40.61806508,A192,_,00210,1189
A192__00780.1189,8.334658012302736,40.541650355,A192,_,00780,1189
A192__0071.1189,8.324179337471191,40.560333535,A192,_,0071,1189
A192__00010.119,8.210435122946599,40.668130340000005,A192,_,00010,119
A192__00970.119,8.313159059950127,40.55895016,A192,_,00970,119
A192__00960.119,8.368058633767511,40.518367545000004,A192,_,00960,119
A192__00900.119,8.360699495481587,40.53630187,A192,_,00900,119
A192__00850.119,8.33617109747431,40.53841025,A192,_,00850,119
A192__00810.119,8.372018502137784,40.54610304,A192,_,00810,119
A192__00800.119,8.356395542288617,40.54436215,A192,_,00800,119
A192__00790.119,8.346039173893686,40.54086223,A192,_,00790,119
A192__0077.119,8.328359440756337,40.55553612,A192,_,0077,119
A192__00750.119,8.367883167640983,40.55525961,A192,_,00750,119
A192__00740.119,8.360029598598532,40.56388061,A192,_,00740,119
A192__00730.119,8.346899149810444,40.5544646,A192,_,00730,119
A192__00720.119,8.334874219051567,40.558192645,A192,_,00720,119
A192__0071.119,8.3220231320459,40.551241245,A192,_,0071,119
A192__00680.119,8.354603361401509,40.572073185,A192,_,00680,119
A192__00670.119,8.348583219419366,40.566175154999996,A192,_,00670,119
A192__0064.119,8.319541518522936,40.562156925,A192,_,0064,119
A192__00630.119,8.337374758441202,40.57003541,A192,_,00630,119
A192__00620.119,8.325430515482704,40.57070203,A192,_,00620,119
A192__0061.119,8.314265371605055,40.577106205,A192,_,0061,119
A192__00600.119,8.337948636866685,40.57594329,A192,_,00600,119
A192__00580.119,8.361581715366466,40.58704854,A192,_,00580,119
A192__00560.119,8.322624875567891,40.576517225,A192,_,00560,119
A192__00530.119,8.341787020752399,40.59297525,A192,_,00530,119
A192__00520.119,8.32941187575346,40.590579105,A192,_,00520,119
A192__00500.119,8.311130996247595,40.587210424999995,A192,_,00500,119
A192__0049.119,8.281560038524308,40.593492194999996,A192,_,0049,119
A192__00470.119,8.21177803529948,40.571203305,A192,_,00470,119
A192__00450.119,8.170488956647612,40.58621599,A192,_,00450,119
A192__00420.119,8.349789796507647,40.6008272,A192,_,00420,119
A192__00360.119,8.300042763419768,40.60682864,A192,_,00360,119
A192__00310.119,8.381395141458626,40.610639335,A192,_,00310,119
A192__00300.119,8.383665740923652,40.61052421,A192,_,00300,119
A192__00280.119,8.357859390236538,40.61517039,A192,_,00280,119
A192__00270.119,8.331738010513066,40.622507315,A192,_,00270,119
A192__00250.119,8.277611856547576,40.621664475,A192,_,00250,119
A192__00240.119,8.22964914614791,40.611923295,A192,_,00240,119
A192__00230.119,8.188318726936787,40.61416191,A192,_,00230,119
A192__00210.119,8.357389013735844,40.624334219999994,A192,_,00210,119
A192__00190.119,8.202527524825413,40.61822839,A192,_,00190,119
A192__00180.119,8.162528771175339,40.633213305,A192,_,00180,119
A192__00170.119,8.323715157964411,40.63462556,A192,_,00170,119
A192__00160.119,8.263676209655525,40.62654275,A192,_,00160,119
A192__00150.119,8.250063197812977,40.633481380000006,A192,_,00150,119
A192__00140.119,8.199007266727264,40.643619924999996,A192,_,00140,119
A192__00130.119,8.331787135844348,40.643169315,A192,_,00130,119
A192__00120.119,8.302478857473844,40.651488545,A192,_,00120,119
A192__00110.119,8.283140594588474,40.64308571,A192,_,00110,119
A192__00090.119,8.209495347666403,40.65001121,A192,_,00090,119
A192__00060.119,8.290998704756802,40.666914925,A192,_,00060,119
A192__00040.119,8.253775096823523,40.65953587,A192,_,00040,119
A192__00030.119,8.232304442098355,40.65000022,A192,_,00030,119
A192__00020.119,8.192649640612728,40.662155075,A192,_,00020,119
A192__00010.1190,8.215592548728035,40.655583285000006,A192,_,00010,1190
A192__00780.1190,8.334477570273705,40.541365885,A192,_,00780,1190
A192__0071.1190,8.324271556144,40.560457885000005,A192,_,0071,1190
A192__00660.1190,8.329440032731487,40.560559405,A192,_,00660,1190
A192__00480.1190,8.244776278596614,40.585072745,A192,_,00480,1190
A192__00210.1190,8.345238855082417,40.61790212,A192,_,00210,1190
A192__00010.1191,8.215826121679726,40.655593095,A192,_,00010,1191
A192__00780.1191,8.334826152251964,40.54195828,A192,_,00780,1191
A192__0071.1191,8.324418838567105,40.560524565,A192,_,0071,1191
A192__00660.1191,8.328822829744624,40.56041086,A192,_,00660,1191
A192__0061.1191,8.316350467144698,40.5755317,A192,_,0061,1191
A192__00480.1191,8.245260552928555,40.584207795,A192,_,00480,1191
A192__00210.1191,8.337369003268886,40.623799885,A192,_,00210,1191
A192__00010.1192,8.199645261957906,40.66210007,A192,_,00010,1192
A192__0071.1192,8.324511473457282,40.560495,A192,_,0071,1192
A192__00660.1192,8.32931445700662,40.561480985,A192,_,00660,1192
A192__00480.1192,8.245410707793717,40.582826190000006,A192,_,00480,1192
A192__00210.1192,8.336437429721235,40.623102215,A192,_,00210,1192
A192__00010.1193,8.20055450589938,40.662071260000005,A192,_,00010,1193
A192__00780.1193,8.336243576603525,40.54161815,A192,_,00780,1193
A192__0071.1193,8.324555144840579,40.560614815,A192,_,0071,1193
A192__0064.1193,8.319231610670226,40.56351254,A192,_,0064,1193
A192__00480.1193,8.245490242268573,40.58310403,A192,_,00480,1193
A192__00010.1194,8.20024267744662,40.662621220000005,A192,_,00010,1194
A192__00780.1194,8.336148778840336,40.541805865,A192,_,00780,1194
A192__0071.1194,8.324598014732338,40.560528045,A192,_,0071,1194
A192__00640.1194,8.319468633043641,40.568187545,A192,_,00640,1194
A192__00480.1194,8.23228552365831,40.58783641,A192,_,00480,1194
A192__00010.1195,8.200683775384487,40.662863285,A192,_,00010,1195
A192__00780.1195,8.331288623233956,40.544702695,A192,_,00780,1195
A192__0071.1195,8.324643513209029,40.560556995,A192,_,0071,1195
A192__00640.1195,8.319282335254236,40.566104710000005,A192,_,00640,1195
A192__00480.1195,8.23249021155807,40.587681955,A192,_,00480,1195
A192__00210.1195,8.331263547616121,40.62565679,A192,_,00210,1195
A192__00010.1196,8.20102806189132,40.6638418,A192,_,00010,1196
A192__00780.1196,8.331409828676723,40.54352146,A192,_,00780,1196
A192__00640.1196,8.318910131440145,40.566230265,A192,_,00640,1196
A192__00480.1196,8.22134208508381,40.588399775,A192,_,00480,1196
A192__00010.1197,8.202105240079286,40.664257215,A192,_,00010,1197
A192__00780.1197,8.33132109284335,40.543259000000006,A192,_,00780,1197
A192__0064.1197,8.319841389779516,40.563357445,A192,_,0064,1197
A192__00010.1198,8.201312990436296,40.664634175,A192,_,00010,1198
A192__00780.1198,8.335367740253776,40.54434561,A192,_,00780,1198
A192__00660.1198,8.336288721211847,40.566849465000004,A192,_,00660,1198
A192__00640.1198,8.32442298484969,40.565607645,A192,_,00640,1198
A192__00480.1198,8.222326117840755,40.58708598,A192,_,00480,1198
A192__00010.1199,8.220614070113973,40.662239345,A192,_,00010,1199
A192__00780.1199,8.335091804890801,40.544346205,A192,_,00780,1199
A192__00660.1199,8.335981957199834,40.56696128,A192,_,00660,1199
A192__00640.1199,8.324831588866092,40.56596681,A192,_,00640,1199
A192__00480.1199,8.222719573172181,40.587244999999996,A192,_,00480,1199
A192__00070.12,8.333910615314393,40.66590855,A192,_,00070,12
A192__00970.12,8.311957701118267,40.56013258,A192,_,00970,12
A192__00950.12,8.35570684747097,40.50210535,A192,_,00950,12
A192__00920.12,8.376671658800642,40.52743979,A192,_,00920,12
A192__00900.12,8.376068264904983,40.54225597,A192,_,00900,12
A192__00870.12,8.335982747353988,40.53016312,A192,_,00870,12
A192__00860.12,8.351227040554996,40.54169922,A192,_,00860,12
A192__00840.12,8.328332274340925,40.54078264,A192,_,00840,12
A192__00830.12,8.416849786844628,40.544912284999995,A192,_,00830,12
A192__00820.12,8.383989132007748,40.549583299999995,A192,_,00820,12
A192__00800.12,8.346906677449304,40.544417085,A192,_,00800,12
A192__00780.12,8.322431344635728,40.54464832,A192,_,00780,12
A192__00760.12,8.40071419394324,40.547940625,A192,_,00760,12
A192__00750.12,8.363338711472249,40.557263375000005,A192,_,00750,12
A192__00740.12,8.361950053738486,40.565042309999995,A192,_,00740,12
A192__0071.12,8.316870502477508,40.558750105,A192,_,0071,12
A192__00700.12,8.407575899964971,40.571067095000004,A192,_,00700,12
A192__00680.12,8.357627075962672,40.56710008,A192,_,00680,12
A192__00640.12,8.319746915036207,40.566658739999994,A192,_,00640,12
A192__00600.12,8.338816292910886,40.5860964,A192,_,00600,12
A192__00570.12,8.339951346671818,40.5871043,A192,_,00570,12
A192__00530.12,8.339546698288341,40.597119164999995,A192,_,00530,12
A192__00510.12,8.319901951719183,40.59555651,A192,_,00510,12
A192__00480.12,8.222727738037083,40.5964414,A192,_,00480,12
A192__00470.12,8.21019963259112,40.581925085,A192,_,00470,12
A192__00440.12,8.384986374151957,40.602591655,A192,_,00440,12
A192__00430.12,8.36975290093773,40.59527663,A192,_,00430,12
A192__00410.12,8.332235607079,40.607962619999995,A192,_,00410,12
A192__00390.12,8.32300081765073,40.60937431,A192,_,00390,12
A192__00380.12,8.311295396086377,40.6039848,A192,_,00380,12
A192__00320.12,8.20901294300063,40.593276395000004,A192,_,00320,12
A192__00300.12,8.382165163498279,40.608417315,A192,_,00300,12
A192__00290.12,8.389668446512424,40.622517165000005,A192,_,00290,12
A192__00270.12,8.333258896157883,40.615192355000005,A192,_,00270,12
A192__00240.12,8.217637002719826,40.62629772,A192,_,00240,12
A192__00220.12,8.165034131882773,40.6041707,A192,_,00220,12
A192__00190.12,8.188416332988036,40.621331045000005,A192,_,00190,12
A192__00170.12,8.315524359343128,40.626308644999995,A192,_,00170,12
A192__00160.12,8.278916509709356,40.63667279,A192,_,00160,12
A192__00150.12,8.234680303512047,40.64696226,A192,_,00150,12
A192__00140.12,8.189983691729832,40.64788267,A192,_,00140,12
A192__00110.12,8.294298864215538,40.646205734999995,A192,_,00110,12
A192__00100.12,8.267332846754412,40.641823720000005,A192,_,00100,12
A192__00010.120,8.220329388704105,40.66213472,A192,_,00010,120
A192__00970.120,8.313236072871238,40.558895899999996,A192,_,00970,120
A192__00960.120,8.370593571471186,40.517689715,A192,_,00960,120
A192__00950.120,8.345294195817221,40.51329604,A192,_,00950,120
A192__00940.120,8.35975189182913,40.513344105,A192,_,00940,120
A192__00880.120,8.34710583185188,40.527052465,A192,_,00880,120
A192__00870.120,8.337861031356567,40.52753364,A192,_,00870,120
A192__00860.120,8.363759775097126,40.541574305,A192,_,00860,120
A192__00850.120,8.336411894265577,40.53833749,A192,_,00850,120
A192__00790.120,8.345645115631818,40.541256625,A192,_,00790,120
A192__00780.120,8.334467227069677,40.542684865,A192,_,00780,120
A192__00750.120,8.367780861554706,40.55525168,A192,_,00750,120
A192__00730.120,8.347933963105671,40.55412274,A192,_,00730,120
A192__00720.120,8.334323456839398,40.557823920000004,A192,_,00720,120
A192__0071.120,8.322354834410945,40.550711295,A192,_,0071,120
A192__00660.120,8.333752897235811,40.56529585,A192,_,00660,120
A192__0064.120,8.319481815304869,40.562365785,A192,_,0064,120
A192__00620.120,8.324534417007609,40.573069715,A192,_,00620,120
A192__00600.120,8.346177596302002,40.574139985,A192,_,00600,120
A192__00580.120,8.361154948494455,40.587303925,A192,_,00580,120
A192__00560.120,8.322454692645426,40.57726571,A192,_,00560,120
A192__00530.120,8.333907130552245,40.59200856,A192,_,00530,120
A192__00520.120,8.32955858242332,40.590851255000004,A192,_,00520,120
A192__00510.120,8.317037714067297,40.594808439999994,A192,_,00510,120
A192__00500.120,8.310429959936446,40.587656730000006,A192,_,00500,120
A192__0049.120,8.281613836608244,40.593525314999994,A192,_,0049,120
A192__00480.120,8.226812067184891,40.58523678,A192,_,00480,120
A192__00470.120,8.21124537898925,40.571428284999996,A192,_,00470,120
A192__00450.120,8.170423411727429,40.586013865,A192,_,00450,120
A192__00420.120,8.348299834873536,40.601220080000004,A192,_,00420,120
A192__00410.120,8.34064614270262,40.60603383,A192,_,00410,120
A192__00380.120,8.311894214087339,40.596303545,A192,_,00380,120
A192__00360.120,8.29997183628759,40.606895815,A192,_,00360,120
A192__00340.120,8.263263176709302,40.604641875,A192,_,00340,120
A192__00320.120,8.209555288652439,40.59251724,A192,_,00320,120
A192__00310.120,8.380559489249219,40.610330125,A192,_,00310,120
A192__00300.120,8.38377542059621,40.610389315000006,A192,_,00300,120
A192__00270.120,8.350181313726221,40.612431825,A192,_,00270,120
A192__00260.120,8.296942357473888,40.622435305,A192,_,00260,120
A192__00250.120,8.277193418598221,40.621936059999996,A192,_,00250,120
A192__00240.120,8.229315194311862,40.610598635,A192,_,00240,120
A192__00230.120,8.187919543620353,40.61234062,A192,_,00230,120
A192__00210.120,8.358031502003378,40.624285060000005,A192,_,00210,120
A192__00180.120,8.161988611870857,40.633404115000005,A192,_,00180,120
A192__00170.120,8.32479379852434,40.63454838,A192,_,00170,120
A192__00160.120,8.26479455721572,40.628068105,A192,_,00160,120
A192__00150.120,8.250345328435124,40.63360086,A192,_,00150,120
A192__00130.120,8.334735548750146,40.64424105,A192,_,00130,120
A192__00120.120,8.30262997311862,40.651739695,A192,_,00120,120
A192__00090.120,8.210254460125777,40.64978151,A192,_,00090,120
A192__00040.120,8.254871427508586,40.65955681,A192,_,00040,120
A192__00020.120,8.190522281449661,40.658852395,A192,_,00020,120
A192__00010.1200,8.220531373239908,40.661994825,A192,_,00010,1200
A192__00660.1200,8.336223644408676,40.56680265,A192,_,00660,1200
A192__00640.1200,8.3252043482907,40.565211930000004,A192,_,00640,1200
A192__00480.1200,8.222665529609557,40.587003905,A192,_,00480,1200
A192__00210.1200,8.35122090056198,40.629854484999996,A192,_,00210,1200
A192__00010.1201,8.220919578728713,40.662128065000005,A192,_,00010,1201
A192__00780.1201,8.333283304376046,40.541343600000005,A192,_,00780,1201
A192__00660.1201,8.33595025610568,40.56695485,A192,_,00660,1201
A192__00640.1201,8.324994214273882,40.565878965,A192,_,00640,1201
A192__00480.1201,8.223001594856228,40.587158365,A192,_,00480,1201
A192__00210.1201,8.339891647004642,40.623746305,A192,_,00210,1201
A192__00010.1202,8.220624561040822,40.662953255000005,A192,_,00010,1202
A192__00780.1202,8.328065875067193,40.5439625,A192,_,00780,1202
A192__00640.1202,8.31924521628539,40.566334534999996,A192,_,00640,1202
A192__00480.1202,8.233955327910042,40.58926605,A192,_,00480,1202
A192__00210.1202,8.340500879267026,40.623462599999996,A192,_,00210,1202
A192__00010.1203,8.22056904426779,40.66354944,A192,_,00010,1203
A192__00780.1203,8.327999844034434,40.5438232,A192,_,00780,1203
A192__0071.1203,8.32403682555049,40.560134180000006,A192,_,0071,1203
A192__00660.1203,8.336022195384787,40.56679192,A192,_,00660,1203
A192__00480.1203,8.233439955539726,40.589388695,A192,_,00480,1203
A192__00210.1203,8.34134254647337,40.623919445,A192,_,00210,1203
A192__00010.1204,8.220484416063957,40.66445865,A192,_,00010,1204
A192__00780.1204,8.333276318298463,40.547117615000005,A192,_,00780,1204
A192__0071.1204,8.324194760267563,40.56020572,A192,_,0071,1204
A192__0064.1204,8.321027481330493,40.562040890000006,A192,_,0064,1204
A192__00480.1204,8.234309082083415,40.581709895,A192,_,00480,1204
A192__00210.1204,8.349005399296997,40.61823925,A192,_,00210,1204
A192__00010.1205,8.220417353219538,40.66519716,A192,_,00010,1205
A192__00780.1205,8.333262220532944,40.54756069,A192,_,00780,1205
A192__0071.1205,8.324379845737836,40.560293555,A192,_,0071,1205
A192__00660.1205,8.328941890878584,40.56361581,A192,_,00660,1205
A192__0064.1205,8.320584814886924,40.56184587,A192,_,0064,1205
A192__00480.1205,8.233780874124573,40.582036985,A192,_,00480,1205
A192__00210.1205,8.349446419634402,40.62003566,A192,_,00210,1205
A192__00010.1206,8.235979699797838,40.656622825,A192,_,00010,1206
A192__0071.1206,8.324568306436806,40.560375985,A192,_,0071,1206
A192__0064.1206,8.321363486046168,40.562548955,A192,_,0064,1206
A192__00480.1206,8.229137561091306,40.58424018,A192,_,00480,1206
A192__00210.1206,8.335024007359682,40.62246029,A192,_,00210,1206
A192__00210.1207,8.334746344244802,40.622313695,A192,_,00210,1207
A192__00780.1207,8.330170521247322,40.54702255,A192,_,00780,1207
A192__0071.1207,8.32467470200935,40.560427115,A192,_,0071,1207
A192__0064.1207,8.32123692198955,40.562655045,A192,_,0064,1207
A192__00480.1207,8.229549782828613,40.584078364999996,A192,_,00480,1207
A192__00010.1208,8.232753120021941,40.663893125,A192,_,00010,1208
A192__0071.1208,8.32473846005664,40.56045693,A192,_,0071,1208
A192__00660.1208,8.32906239890009,40.56024425,A192,_,00660,1208
A192__0064.1208,8.320726998274523,40.561487584999995,A192,_,0064,1208
A192__0061.1208,8.31724619074564,40.576477205,A192,_,0061,1208
A192__00210.1208,8.334641804464077,40.622732965,A192,_,00210,1208
A192__00010.1209,8.232510757925501,40.662991340000005,A192,_,00010,1209
A192__0071.1209,8.32479690285605,40.56049925,A192,_,0071,1209
A192__00660.1209,8.329452275573448,40.563232215,A192,_,00660,1209
A192__0064.1209,8.319421536407273,40.563767135,A192,_,0064,1209
A192__00020.121,8.189075313204047,40.657358259999995,A192,_,00020,121
A192__00970.121,8.313180054028477,40.55889837,A192,_,00970,121
A192__00940.121,8.359011243617573,40.51221024,A192,_,00940,121
A192__00930.121,8.339624085966106,40.521613255,A192,_,00930,121
A192__00900.121,8.361651866731574,40.53584052,A192,_,00900,121
A192__00890.121,8.355806502253905,40.52329046,A192,_,00890,121
A192__00880.121,8.348577239064294,40.525850855,A192,_,00880,121
A192__00850.121,8.336655457029504,40.53815912,A192,_,00850,121
A192__00790.121,8.34610803512592,40.54276635,A192,_,00790,121
A192__0077.121,8.33032222130122,40.555259164999995,A192,_,0077,121
A192__00750.121,8.372950771683396,40.55101759,A192,_,00750,121
A192__00730.121,8.348269125984077,40.554011224999996,A192,_,00730,121
A192__00720.121,8.332906220590203,40.55977484,A192,_,00720,121
A192__0071.121,8.321406427619651,40.55025195,A192,_,0071,121
A192__00680.121,8.35480733031461,40.57165361,A192,_,00680,121
A192__00660.121,8.334376735775146,40.565495975,A192,_,00660,121
A192__00630.121,8.337159204701088,40.570276765,A192,_,00630,121
A192__00590.121,8.373074022032664,40.58255322,A192,_,00590,121
A192__00580.121,8.365794178053665,40.587717675,A192,_,00580,121
A192__00570.121,8.338832685174356,40.588724165,A192,_,00570,121
A192__00530.121,8.33554096839423,40.591258284999995,A192,_,00530,121
A192__00520.121,8.329717297734348,40.591144305,A192,_,00520,121
A192__0049.121,8.28169867315259,40.593576795000004,A192,_,0049,121
A192__00480.121,8.232070031509064,40.580477945,A192,_,00480,121
A192__00470.121,8.210811804206163,40.571554684999995,A192,_,00470,121
A192__00450.121,8.171511358092387,40.585948095000006,A192,_,00450,121
A192__00420.121,8.347157125073661,40.597907535000004,A192,_,00420,121
A192__00410.121,8.338925932979091,40.602665105,A192,_,00410,121
A192__00400.121,8.330467979243782,40.59670362,A192,_,00400,121
A192__00390.121,8.322995579468003,40.600092425,A192,_,00390,121
A192__00360.121,8.308102615540747,40.602354344999995,A192,_,00360,121
A192__00310.121,8.380416484621438,40.610742275,A192,_,00310,121
A192__00300.121,8.38383115021108,40.610445965,A192,_,00300,121
A192__00290.121,8.388696421489447,40.620683985,A192,_,00290,121
A192__00270.121,8.351195960098966,40.61328886,A192,_,00270,121
A192__00260.121,8.297011902235425,40.623005265,A192,_,00260,121
A192__00250.121,8.276647165664935,40.62157319,A192,_,00250,121
A192__00240.121,8.229284791889139,40.611149604999994,A192,_,00240,121
A192__00230.121,8.188884711806024,40.614953979999996,A192,_,00230,121
A192__00190.121,8.200246723743282,40.620132865,A192,_,00190,121
A192__00180.121,8.16375588191882,40.630739505,A192,_,00180,121
A192__00170.121,8.326297253878082,40.633280325,A192,_,00170,121
A192__00160.121,8.264749610363623,40.62840942,A192,_,00160,121
A192__00150.121,8.222085348650607,40.64194845,A192,_,00150,121
A192__00120.121,8.297011448103454,40.636938615000005,A192,_,00120,121
A192__00040.121,8.255486811092776,40.659484844999994,A192,_,00040,121
A192__00030.121,8.24318321678306,40.648614464999994,A192,_,00030,121
A192__00010.1210,8.222008164267026,40.66344809,A192,_,00010,1210
A192__0071.1210,8.324891847514884,40.560541545,A192,_,0071,1210
A192__00660.1210,8.33056303357558,40.559467855,A192,_,00660,1210
A192__0064.1210,8.319511464248556,40.563871750000004,A192,_,0064,1210
A192__0061.1210,8.313864508966013,40.57689229,A192,_,0061,1210
A192__0061.1211,8.314071041583617,40.57674367,A192,_,0061,1211
A192__00780.1211,8.325957494922077,40.542617719999996,A192,_,00780,1211
A192__00660.1211,8.336778978157547,40.56646298,A192,_,00660,1211
A192__0064.1211,8.31923127305257,40.56445473,A192,_,0064,1211
A192__0061.1212,8.313671553404308,40.57707766,A192,_,0061,1212
A192__0071.1212,8.325178140372579,40.560736309999996,A192,_,0071,1212
A192__0064.1212,8.321884192020608,40.56249063,A192,_,0064,1212
A192__00010.1213,8.20616349509099,40.66375516,A192,_,00010,1213
A192__00780.1213,8.330947398524351,40.54183441,A192,_,00780,1213
A192__0064.1213,8.320619816842736,40.563603155,A192,_,0064,1213
A192__0061.1213,8.318656599162777,40.5692696,A192,_,0061,1213
A192__00010.1214,8.205372946973974,40.662822954999996,A192,_,00010,1214
A192__0071.1214,8.324248405405346,40.559842145,A192,_,0071,1214
A192__00660.1214,8.335208030990609,40.566265135,A192,_,00660,1214
A192__0064.1214,8.320355667841596,40.56369539,A192,_,0064,1214
A192__00010.1215,8.221216483410515,40.65711562,A192,_,00010,1215
A192__0071.1215,8.324345885261234,40.559962080000005,A192,_,0071,1215
A192__00660.1215,8.335157376216053,40.56654652500001,A192,_,00660,1215
A192__0064.1215,8.320938562029877,40.563690385,A192,_,0064,1215
A192__0061.1215,8.315947653903976,40.574361620000005,A192,_,0061,1215
A192__0061.1216,8.313762592447816,40.5770418,A192,_,0061,1216
A192__00780.1216,8.327566404003651,40.54463305,A192,_,00780,1216
A192__0064.1216,8.322728065437609,40.562974545,A192,_,0064,1216
A192__00010.1217,8.223227792976765,40.662273575,A192,_,00010,1217
A192__00780.1217,8.327897432632573,40.544702785,A192,_,00780,1217
A192__0064.1217,8.323329440848685,40.563117495,A192,_,0064,1217
A192__0061.1218,8.318111400617942,40.57114482,A192,_,0061,1218
A192__00780.1218,8.326987655280185,40.543869425,A192,_,00780,1218
A192__0071.1218,8.324564361215693,40.560041625,A192,_,0071,1218
A192__0064.1218,8.323427836071435,40.563027585,A192,_,0064,1218
A192__0061.1219,8.3183747586822,40.56983595,A192,_,0061,1219
A192__00780.1219,8.3267151152418,40.543697949999995,A192,_,00780,1219
A192__00660.1219,8.328454543578713,40.5600943,A192,_,00660,1219
A192__0064.1219,8.32264523787602,40.563329679999995,A192,_,0064,1219
A192__00010.122,8.216316706277013,40.65558865,A192,_,00010,122
A192__00970.122,8.313134278179668,40.558899155,A192,_,00970,122
A192__00950.122,8.358467190691954,40.50334186,A192,_,00950,122
A192__00900.122,8.36167811605224,40.535210585,A192,_,00900,122
A192__00880.122,8.347110391446357,40.526087535,A192,_,00880,122
A192__00870.122,8.339108993966605,40.52990768,A192,_,00870,122
A192__00850.122,8.335866915819189,40.53894079,A192,_,00850,122
A192__00840.122,8.331982532328372,40.537616815,A192,_,00840,122
A192__00790.122,8.344880343247024,40.538793795000004,A192,_,00790,122
A192__0077.122,8.330056778265078,40.55531793,A192,_,0077,122
A192__00720.122,8.335267322678323,40.55777263,A192,_,00720,122
A192__00680.122,8.355588874065162,40.571677855000004,A192,_,00680,122
A192__00660.122,8.334507080434049,40.565549135,A192,_,00660,122
A192__00630.122,8.336868560460594,40.570555569999996,A192,_,00630,122
A192__00620.122,8.323822655441091,40.571257065,A192,_,00620,122
A192__00590.122,8.373366948600248,40.58333412499999,A192,_,00590,122
A192__00570.122,8.338911276853842,40.588688435,A192,_,00570,122
A192__00550.122,8.318416487598688,40.582164094999996,A192,_,00550,122
A192__00510.122,8.316645987217814,40.59519082,A192,_,00510,122
A192__00500.122,8.316781558775544,40.583926935,A192,_,00500,122
A192__0049.122,8.281674890788562,40.59344844,A192,_,0049,122
A192__00470.122,8.210556374866423,40.571562095,A192,_,00470,122
A192__00450.122,8.1699575352723,40.58320294,A192,_,00450,122
A192__00420.122,8.344138032320437,40.599786574999996,A192,_,00420,122
A192__00400.122,8.32911836627083,40.602713715,A192,_,00400,122
A192__00390.122,8.32001472635513,40.60156388,A192,_,00390,122
A192__00360.122,8.30809349159691,40.602247524999996,A192,_,00360,122
A192__00350.122,8.28246519720644,40.59575625,A192,_,00350,122
A192__00310.122,8.381510093283442,40.61020073,A192,_,00310,122
A192__00300.122,8.3838738690077,40.610427349999995,A192,_,00300,122
A192__00290.122,8.389395048343157,40.621271345,A192,_,00290,122
A192__00280.122,8.35678267906437,40.609440039999996,A192,_,00280,122
A192__00270.122,8.350836177449693,40.61253766,A192,_,00270,122
A192__00260.122,8.29692228933919,40.61955866,A192,_,00260,122
A192__00250.122,8.27166286841846,40.628561385,A192,_,00250,122
A192__00240.122,8.22089002727584,40.617358465,A192,_,00240,122
A192__00230.122,8.18879393631789,40.614070155,A192,_,00230,122
A192__00210.122,8.325143608986622,40.623851259999995,A192,_,00210,122
A192__00190.122,8.20047664123037,40.619962485,A192,_,00190,122
A192__00180.122,8.160610882403379,40.63362757,A192,_,00180,122
A192__00170.122,8.325880341540712,40.632584425000005,A192,_,00170,122
A192__00160.122,8.273402597185335,40.625226225,A192,_,00160,122
A192__00150.122,8.222993389601397,40.642011905000004,A192,_,00150,122
A192__00120.122,8.297102664161425,40.637070574999996,A192,_,00120,122
A192__00030.122,8.224552028355717,40.65094978,A192,_,00030,122
A192__00020.122,8.194861071570408,40.668136770000004,A192,_,00020,122
A192__0061.1220,8.318825416672489,40.56881695,A192,_,0061,1220
A192__0071.1220,8.324758194201827,40.560127995,A192,_,0071,1220
A192__00660.1220,8.336686214576932,40.564642745,A192,_,00660,1220
A192__0064.1220,8.321549724713666,40.561898645,A192,_,0064,1220
A192__00010.1221,8.20861433999367,40.66151669,A192,_,00010,1221
A192__0071.1221,8.32487133452641,40.56019244,A192,_,0071,1221
A192__00660.1221,8.33641602201541,40.56463161,A192,_,00660,1221
A192__0064.1221,8.321789588566759,40.562129205,A192,_,0064,1221
A192__0061.1221,8.318867988498237,40.568531225,A192,_,0061,1221
A192__00010.1222,8.205717387192829,40.66715767,A192,_,00010,1222
A192__00780.1222,8.327530602495502,40.543928635,A192,_,00780,1222
A192__00660.1222,8.336625051728992,40.567798615,A192,_,00660,1222
A192__0064.1222,8.318470282322842,40.56321849,A192,_,0064,1222
A192__0061.1222,8.31879272704674,40.568845205,A192,_,0061,1222
A192__0061.1223,8.318586433908294,40.56962518,A192,_,0061,1223
A192__0071.1223,8.325136993956939,40.560320655,A192,_,0071,1223
A192__0064.1223,8.318912911957199,40.563102955,A192,_,0064,1223
A192__00010.1224,8.221940849911903,40.655761135,A192,_,00010,1224
A192__00780.1224,8.33694876114437,40.542429365000004,A192,_,00780,1224
A192__0071.1224,8.325346192948889,40.560422349999996,A192,_,0071,1224
A192__00660.1224,8.330043958526097,40.559892255,A192,_,00660,1224
A192__0064.1224,8.31908870855722,40.56342143,A192,_,0064,1224
A192__0061.1224,8.318693374188985,40.56969019,A192,_,0061,1224
A192__00010.1225,8.221772245808292,40.655796699999996,A192,_,00010,1225
A192__00660.1225,8.33011099015431,40.559900795000004,A192,_,00660,1225
A192__0064.1225,8.31821563610842,40.563561449999995,A192,_,0064,1225
A192__0061.1225,8.318441524362505,40.56930483,A192,_,0061,1225
A192__00010.1226,8.21754353170465,40.663611995,A192,_,00010,1226
A192__0071.1226,8.32441672677205,40.55979884,A192,_,0071,1226
A192__00660.1226,8.330393230666804,40.55974555,A192,_,00660,1226
A192__0064.1226,8.322448069989896,40.563993139999994,A192,_,0064,1226
A192__0061.1226,8.318871477063716,40.568599695,A192,_,0061,1226
A192__00010.1227,8.21735675289277,40.661916755,A192,_,00010,1227
A192__0071.1227,8.324541586403738,40.559845915,A192,_,0071,1227
A192__00660.1227,8.33017084365244,40.559661785,A192,_,00660,1227
A192__0064.1227,8.32252320612792,40.563429065,A192,_,0064,1227
A192__00010.1228,8.22437891083791,40.662460304999996,A192,_,00010,1228
A192__0064.1228,8.322053488297009,40.563820655,A192,_,0064,1228
A192__00010.1229,8.224362986813397,40.662332434999996,A192,_,00010,1229
A192__00660.1229,8.338044532931193,40.568118145,A192,_,00660,1229
A192__0064.1229,8.323450419807344,40.562584175,A192,_,0064,1229
A192__00010.123,8.23247851508965,40.661838149999994,A192,_,00010,123
A192__00970.123,8.313060180286453,40.55890296,A192,_,00970,123
A192__00950.123,8.35948228539592,40.504558630000005,A192,_,00950,123
A192__00870.123,8.338848968610083,40.52936651,A192,_,00870,123
A192__00850.123,8.336379222329121,40.538748595,A192,_,00850,123
A192__00840.123,8.331582854398881,40.538392605,A192,_,00840,123
A192__00800.123,8.354451368057095,40.54502083,A192,_,00800,123
A192__00790.123,8.343394847295173,40.54475768499999,A192,_,00790,123
A192__0077.123,8.330008515674173,40.555176515,A192,_,0077,123
A192__00750.123,8.36514693728027,40.555042535,A192,_,00750,123
A192__00720.123,8.33619649062992,40.55746328,A192,_,00720,123
A192__00680.123,8.354955036568217,40.57121027,A192,_,00680,123
A192__00670.123,8.341511250156014,40.56847155,A192,_,00670,123
A192__00660.123,8.334601637715103,40.56561340499999,A192,_,00660,123
A192__00630.123,8.336625863211637,40.57046681,A192,_,00630,123
A192__00620.123,8.32384137397872,40.571508,A192,_,00620,123
A192__00590.123,8.373078421587664,40.582795239999996,A192,_,00590,123
A192__00570.123,8.339627565990906,40.588904235,A192,_,00570,123
A192__00560.123,8.324365541240049,40.580714455,A192,_,00560,123
A192__00540.123,8.354960345357366,40.592915205,A192,_,00540,123
A192__00530.123,8.340216381415935,40.592493085,A192,_,00530,123
A192__00520.123,8.330274835280782,40.59180264,A192,_,00520,123
A192__00510.123,8.316383507240172,40.595454860000004,A192,_,00510,123
A192__00500.123,8.31701941061661,40.58329808,A192,_,00500,123
A192__0049.123,8.28181017328032,40.593508875,A192,_,0049,123
A192__00480.123,8.243708254013075,40.569945430000004,A192,_,00480,123
A192__00470.123,8.210231871871022,40.571602604999995,A192,_,00470,123
A192__00450.123,8.169498254918125,40.582556569999994,A192,_,00450,123
A192__00420.123,8.345621872382894,40.600280405,A192,_,00420,123
A192__00400.123,8.328935161099086,40.60164873,A192,_,00400,123
A192__00390.123,8.319806400826199,40.60131977,A192,_,00390,123
A192__00360.123,8.300032793166398,40.605951205,A192,_,00360,123
A192__00330.123,8.25339128057238,40.5923887,A192,_,00330,123
A192__00320.123,8.221079767614786,40.603810545,A192,_,00320,123
A192__00310.123,8.381289829716362,40.60999314,A192,_,00310,123
A192__00300.123,8.384017050142251,40.61029159,A192,_,00300,123
A192__00290.123,8.386677268015799,40.613388220000004,A192,_,00290,123
A192__00280.123,8.35778280529751,40.613653455000005,A192,_,00280,123
A192__00260.123,8.296999735030829,40.619559550000005,A192,_,00260,123
A192__00250.123,8.273253081860016,40.616769555,A192,_,00250,123
A192__00240.123,8.221503321599553,40.61657085,A192,_,00240,123
A192__00230.123,8.189229966226545,40.61394004500001,A192,_,00230,123
A192__00210.123,8.32632781580541,40.62370238,A192,_,00210,123
A192__00190.123,8.199992495153632,40.620494035,A192,_,00190,123
A192__00180.123,8.16102394933438,40.633317129999995,A192,_,00180,123
A192__00130.123,8.33529906000787,40.639972555,A192,_,00130,123
A192__00120.123,8.297391988454677,40.637348689999996,A192,_,00120,123
A192__00060.123,8.30183903887365,40.664074665,A192,_,00060,123
A192__00040.123,8.258996134705416,40.657078025,A192,_,00040,123
A192__00030.123,8.22552495160879,40.651015459999996,A192,_,00030,123
A192__00020.123,8.194469838016026,40.66802113,A192,_,00020,123
A192__00010.1230,8.22468798898825,40.66234839,A192,_,00010,1230
A192__00660.1230,8.32941073904896,40.56132567,A192,_,00660,1230
A192__0064.1230,8.32244137717737,40.56208831,A192,_,0064,1230
A192__00010.1231,8.224814247248922,40.662369964999996,A192,_,00010,1231
A192__00780.1231,8.333167668289683,40.542570715,A192,_,00780,1231
A192__00660.1231,8.326629045434053,40.56319157,A192,_,00660,1231
A192__0064.1231,8.319691971298742,40.56377086,A192,_,0064,1231
A192__00610.1231,8.312796260514155,40.579637675,A192,_,00610,1231
A192__00010.1232,8.225488551456179,40.66279638,A192,_,00010,1232
A192__00780.1232,8.333457594019134,40.54251936,A192,_,00780,1232
A192__0064.1232,8.3183869374019,40.5642664,A192,_,0064,1232
A192__00610.1232,8.312815170323688,40.579839955,A192,_,00610,1232
A192__00010.1233,8.225366065963417,40.662591000000006,A192,_,00010,1233
A192__00780.1233,8.329272076880414,40.547426869999995,A192,_,00780,1233
A192__0064.1233,8.319260021868484,40.56335384,A192,_,0064,1233
A192__00010.1234,8.221025810983585,40.65596581,A192,_,00010,1234
A192__0064.1234,8.323018574970737,40.562988135,A192,_,0064,1234
A192__00610.1235,8.321498555875047,40.57932982,A192,_,00610,1235
A192__00780.1235,8.32931016562201,40.54749957,A192,_,00780,1235
A192__0064.1235,8.31929941981092,40.564134225000004,A192,_,0064,1235
A192__00610.1236,8.321391542194622,40.57947498,A192,_,00610,1236
A192__0064.1236,8.319663131164889,40.564070834999995,A192,_,0064,1236
A192__0061.1237,8.320901511826559,40.570369565,A192,_,0061,1237
A192__00780.1237,8.329217479789062,40.547584055,A192,_,00780,1237
A192__0071.1237,8.325259256366255,40.5601589,A192,_,0071,1237
A192__00660.1237,8.338285461696646,40.568118145,A192,_,00660,1237
A192__0064.1237,8.322825059240767,40.563165095,A192,_,0064,1237
A192__00010.1239,8.228056951992954,40.66245138,A192,_,00010,1239
A192__00780.1239,8.324585138704066,40.545847615,A192,_,00780,1239
A192__0071.1239,8.325250943963894,40.560222225000004,A192,_,0071,1239
A192__00660.1239,8.336847347995473,40.567906095,A192,_,00660,1239
A192__0064.1239,8.322939081186384,40.562371275,A192,_,0064,1239
A192__00010.124,8.232302708122294,40.659947535,A192,_,00010,124
A192__00970.124,8.312981292118277,40.55894189,A192,_,00970,124
A192__00960.124,8.362882291834342,40.52007771,A192,_,00960,124
A192__00950.124,8.359187770520059,40.50411092,A192,_,00950,124
A192__00940.124,8.360393634110885,40.51234924,A192,_,00940,124
A192__00930.124,8.340485856962601,40.52150831,A192,_,00930,124
A192__00870.124,8.338739514418283,40.529172325,A192,_,00870,124
A192__00860.124,8.366931098016789,40.54182944,A192,_,00860,124
A192__00850.124,8.336604425591194,40.538481185,A192,_,00850,124
A192__00800.124,8.355866033994126,40.544565254999995,A192,_,00800,124
A192__00790.124,8.344790926700712,40.538765005,A192,_,00790,124
A192__0077.124,8.330361936397873,40.5553874,A192,_,0077,124
A192__00730.124,8.345887607726775,40.55468551,A192,_,00730,124
A192__00680.124,8.355079815669729,40.57102542,A192,_,00680,124
A192__00670.124,8.3421082427299,40.568606675,A192,_,00670,124
A192__00660.124,8.334755664269222,40.565712945,A192,_,00660,124
A192__0064.124,8.320342994277615,40.56141544,A192,_,0064,124
A192__00630.124,8.336207170287956,40.571225425,A192,_,00630,124
A192__00590.124,8.373972450921801,40.584650260000004,A192,_,00590,124
A192__00570.124,8.337737788248202,40.589210085000005,A192,_,00570,124
A192__00560.124,8.32403855001988,40.581029215,A192,_,00560,124
A192__00550.124,8.321997033221141,40.57970372,A192,_,00550,124
A192__00530.124,8.340493223123264,40.592473444999996,A192,_,00530,124
A192__00520.124,8.329711645620105,40.59224879,A192,_,00520,124
A192__0049.124,8.281907203840632,40.59353476,A192,_,0049,124
A192__00480.124,8.243725204576851,40.569994845,A192,_,00480,124
A192__00470.124,8.208932776857415,40.571539720000004,A192,_,00470,124
A192__00450.124,8.169651037263481,40.583782084999996,A192,_,00450,124
A192__00440.124,8.378976400419354,40.596067365,A192,_,00440,124
A192__00420.124,8.34767154423356,40.60101452,A192,_,00420,124
A192__00410.124,8.333472356527539,40.603928915,A192,_,00410,124
A192__00390.124,8.321123947904047,40.600740880000004,A192,_,00390,124
A192__00360.124,8.296610630828624,40.611579289999995,A192,_,00360,124
A192__00350.124,8.264741523153646,40.60104387,A192,_,00350,124
A192__00330.124,8.259851045633436,40.591741725,A192,_,00330,124
A192__00320.124,8.220777124450604,40.604577115,A192,_,00320,124
A192__00310.124,8.36901712185838,40.605647575,A192,_,00310,124
A192__00300.124,8.38414354503077,40.61027976,A192,_,00300,124
A192__00280.124,8.367295215016087,40.6188479,A192,_,00280,124
A192__00260.124,8.29693350465681,40.617079805,A192,_,00260,124
A192__00250.124,8.270849889065065,40.6162488,A192,_,00250,124
A192__00240.124,8.21882671200068,40.615929075,A192,_,00240,124
A192__00230.124,8.189166741595361,40.61199596,A192,_,00230,124
A192__00180.124,8.16071539081936,40.633093915,A192,_,00180,124
A192__00150.124,8.242708191575643,40.642321795,A192,_,00150,124
A192__00130.124,8.339975921833034,40.640776435,A192,_,00130,124
A192__00120.124,8.29737599425604,40.637508945,A192,_,00120,124
A192__00060.124,8.293989399683984,40.66744542,A192,_,00060,124
A192__00020.124,8.194710175296063,40.66564427,A192,_,00020,124
A192__00660.1240,8.336965043292038,40.567725644999996,A192,_,00660,1240
A192__00780.1240,8.327052396446918,40.542579075,A192,_,00780,1240
A192__0071.1240,8.325366919375451,40.560234725,A192,_,0071,1240
A192__0064.1241,8.320714460917552,40.562379390000004,A192,_,0064,1241
A192__00780.1241,8.327379514389829,40.54569129,A192,_,00780,1241
A192__0071.1241,8.325463818709313,40.560297345,A192,_,0071,1241
A192__00610.1242,8.317767153678584,40.58186287,A192,_,00610,1242
A192__0071.1242,8.32124466196363,40.557974545,A192,_,0071,1242
A192__0064.1242,8.321919440393923,40.56299553,A192,_,0064,1242
A192__0064.1243,8.322005591498211,40.56398581,A192,_,0064,1243
A192__0064.1244,8.320104727362889,40.563815805000004,A192,_,0064,1244
A192__00780.1244,8.33080378303633,40.543083984999996,A192,_,00780,1244
A192__0071.1244,8.321368939167193,40.55783016,A192,_,0071,1244
A192__00660.1244,8.337634359306929,40.568011705,A192,_,00660,1244
A192__00640.1245,8.325589268012301,40.56910079,A192,_,00640,1245
A192__00780.1245,8.330626168700576,40.54304046,A192,_,00780,1245
A192__0064.1246,8.323288107417454,40.563772029999996,A192,_,0064,1246
A192__00780.1246,8.330520863573746,40.542901224999994,A192,_,00780,1246
A192__00660.1246,8.333054377979202,40.566267155000006,A192,_,00660,1246
A192__00010.1247,8.236095935114665,40.657748690000005,A192,_,00010,1247
A192__00780.1247,8.330573826358373,40.543009895,A192,_,00780,1247
A192__0064.1247,8.319242495688215,40.56362967,A192,_,0064,1247
A192__00010.1248,8.236172540839931,40.657004349999994,A192,_,00010,1248
A192__0071.1248,8.321771728697172,40.55774884,A192,_,0071,1248
A192__00660.1248,8.3329553792986,40.565930475,A192,_,00660,1248
A192__0064.1248,8.321580747579985,40.56235877,A192,_,0064,1248
A192__00010.1249,8.23005275327916,40.65759355,A192,_,00010,1249
A192__00780.1249,8.334896422860165,40.543015249999996,A192,_,00780,1249
A192__0071.1249,8.321929875959825,40.558307325,A192,_,0071,1249
A192__00640.1249,8.319035054322715,40.566397525,A192,_,00640,1249
A192__0061.1249,8.31709148356148,40.57332189,A192,_,0061,1249
A192__00010.125,8.233016044146952,40.659954985,A192,_,00010,125
A192__00970.125,8.312279782213695,40.55909305,A192,_,00970,125
A192__00960.125,8.361575684691356,40.519558735000004,A192,_,00960,125
A192__00870.125,8.337937691764392,40.52951169,A192,_,00870,125
A192__00850.125,8.336820824853504,40.538387365,A192,_,00850,125
A192__00840.125,8.33148778203196,40.53862774,A192,_,00840,125
A192__00800.125,8.355499117288964,40.545354395000004,A192,_,00800,125
A192__00790.125,8.33981628002201,40.544717515,A192,_,00790,125
A192__0077.125,8.330282758530362,40.55513573,A192,_,0077,125
A192__00730.125,8.346451964125652,40.55444831,A192,_,00730,125
A192__00720.125,8.336324441063894,40.55759247,A192,_,00720,125
A192__00660.125,8.334981464891186,40.56586007,A192,_,00660,125
A192__00630.125,8.336523086518032,40.57104283,A192,_,00630,125
A192__00600.125,8.347499046053802,40.57328135,A192,_,00600,125
A192__00590.125,8.373820794548692,40.584249715,A192,_,00590,125
A192__00550.125,8.322048023990108,40.579836209999996,A192,_,00550,125
A192__00540.125,8.355284444959876,40.596889015,A192,_,00540,125
A192__00520.125,8.328712688896507,40.593049050000005,A192,_,00520,125
A192__00510.125,8.31589679192258,40.595954815,A192,_,00510,125
A192__0049.125,8.281893338456324,40.59346368,A192,_,0049,125
A192__00470.125,8.209588689430976,40.571636194999996,A192,_,00470,125
A192__00450.125,8.171217560642528,40.584726425,A192,_,00450,125
A192__00440.125,8.37829021883821,40.596561664999996,A192,_,00440,125
A192__00420.125,8.34755961464072,40.60093138,A192,_,00420,125
A192__00410.125,8.333410560296954,40.60375288,A192,_,00410,125
A192__00360.125,8.29667796485736,40.61147767,A192,_,00360,125
A192__00330.125,8.256389090041836,40.59336949,A192,_,00330,125
A192__00320.125,8.220441724554021,40.605398449999996,A192,_,00320,125
A192__00310.125,8.372688366842356,40.60789925,A192,_,00310,125
A192__00300.125,8.384187230638798,40.61025366,A192,_,00300,125
A192__00280.125,8.3577470386652,40.611857875,A192,_,00280,125
A192__00260.125,8.296932652679763,40.614763725,A192,_,00260,125
A192__00250.125,8.279230021309665,40.61793211,A192,_,00250,125
A192__00230.125,8.176889571345669,40.61202102,A192,_,00230,125
A192__00210.125,8.326688548530434,40.624457725,A192,_,00210,125
A192__00190.125,8.204020374799285,40.618486704999995,A192,_,00190,125
A192__00180.125,8.159719041087023,40.6326616,A192,_,00180,125
A192__00170.125,8.3189951928724,40.634824745,A192,_,00170,125
A192__00120.125,8.29874403357147,40.639583075000004,A192,_,00120,125
A192__00080.125,8.326768038479553,40.65407515,A192,_,00080,125
A192__00050.125,8.281233063138469,40.67114135,A192,_,00050,125
A192__00040.125,8.245954272454991,40.66526194,A192,_,00040,125
A192__00020.125,8.1947148847476,40.66584416,A192,_,00020,125
A192__00010.1250,8.229932666349022,40.65876639,A192,_,00010,1250
A192__0071.1250,8.322133300046218,40.55832413,A192,_,0071,1250
A192__00010.1251,8.209146889152244,40.663354905000006,A192,_,00010,1251
A192__00780.1251,8.329326983603508,40.544630335,A192,_,00780,1251
A192__0071.1251,8.322348867771614,40.558443785,A192,_,0071,1251
A192__00640.1251,8.328458292320066,40.568461514999996,A192,_,00640,1251
A192__00610.1252,8.321210838841337,40.577359315,A192,_,00610,1252
A192__00780.1252,8.320970148226342,40.5446362,A192,_,00780,1252
A192__00640.1252,8.332091155737785,40.56745487,A192,_,00640,1252
A192__00610.1253,8.321162752863938,40.57750189,A192,_,00610,1253
A192__00780.1253,8.32115185893231,40.544142265000005,A192,_,00780,1253
A192__00640.1253,8.332100504803151,40.56783387,A192,_,00640,1253
A192__00640.1254,8.32479202054861,40.56899018,A192,_,00640,1254
A192__00780.1254,8.329433690512333,40.544664295000004,A192,_,00780,1254
A192__00660.1254,8.332487983511198,40.565767775,A192,_,00660,1254
A192__00010.1255,8.223426138786017,40.663540624999996,A192,_,00010,1255
A192__00780.1255,8.329557776597627,40.54478422,A192,_,00780,1255
A192__0071.1255,8.322178278230709,40.557947014999996,A192,_,0071,1255
A192__0064.1255,8.323112410236066,40.563319305,A192,_,0064,1255
A192__00010.1256,8.223410620025188,40.662295545000006,A192,_,00010,1256
A192__0071.1256,8.322417620838213,40.557968759999994,A192,_,0071,1256
A192__0064.1256,8.321080384708832,40.561831015,A192,_,0064,1256
A192__00010.1257,8.222935301030887,40.66241926,A192,_,00010,1257
A192__00780.1257,8.329153017827158,40.54745621,A192,_,00780,1257
A192__0071.1257,8.322624015249431,40.558100605,A192,_,0071,1257
A192__0064.1257,8.318193404458103,40.563062595000005,A192,_,0064,1257
A192__00010.1258,8.222879526861982,40.662483155000004,A192,_,00010,1258
A192__0071.1258,8.323189181935842,40.558540865,A192,_,0071,1258
A192__0064.1258,8.324816242417123,40.563739670000004,A192,_,0064,1258
A192__00010.1259,8.215599592889301,40.658275875,A192,_,00010,1259
A192__0071.1259,8.322578348317958,40.55854482,A192,_,0071,1259
A192__00640.1259,8.319910051951936,40.56865689,A192,_,00640,1259
A192__00010.126,8.23256406552329,40.657759885000004,A192,_,00010,126
A192__00970.126,8.312223982450881,40.559172515,A192,_,00970,126
A192__00940.126,8.361449592937117,40.512199069999994,A192,_,00940,126
A192__00930.126,8.340490325860081,40.521184985000005,A192,_,00930,126
A192__00850.126,8.345074561131819,40.532116185,A192,_,00850,126
A192__00810.126,8.369977379506725,40.543582045,A192,_,00810,126
A192__00800.126,8.35588951381748,40.54467054,A192,_,00800,126
A192__00790.126,8.34282812113154,40.55116812,A192,_,00790,126
A192__0077.126,8.327330117460871,40.55453794,A192,_,0077,126
A192__00730.126,8.346889911655559,40.55426348,A192,_,00730,126
A192__0072.126,8.326744491064062,40.5576747,A192,_,0072,126
A192__00690.126,8.361276484620221,40.570435700000004,A192,_,00690,126
A192__00680.126,8.358039272048838,40.569627005,A192,_,00680,126
A192__00670.126,8.34183629816076,40.568864815,A192,_,00670,126
A192__00630.126,8.335828826976341,40.571602045,A192,_,00630,126
A192__00600.126,8.347281905213325,40.573271184999996,A192,_,00600,126
A192__00570.126,8.339857103640298,40.588830325,A192,_,00570,126
A192__00550.126,8.32211822745398,40.579969165,A192,_,00550,126
A192__00540.126,8.350907416733904,40.59655658,A192,_,00540,126
A192__00530.126,8.339690438076502,40.591579955,A192,_,00530,126
A192__00520.126,8.328300225936388,40.592640485000004,A192,_,00520,126
A192__00510.126,8.315183599217995,40.596659239999994,A192,_,00510,126
A192__0050.126,8.313133467148067,40.58074548,A192,_,0050,126
A192__00480.126,8.24663286860973,40.590547515,A192,_,00480,126
A192__00470.126,8.207063036190068,40.59042099,A192,_,00470,126
A192__00450.126,8.171012904342527,40.585190865,A192,_,00450,126
A192__00440.126,8.378243712980051,40.59633344,A192,_,00440,126
A192__00410.126,8.33490993407203,40.6034644,A192,_,00410,126
A192__00400.126,8.32731666902723,40.60732299,A192,_,00400,126
A192__00390.126,8.319664531032263,40.60082988,A192,_,00390,126
A192__00360.126,8.296882485637596,40.605883755,A192,_,00360,126
A192__00350.126,8.26508973788695,40.60014847,A192,_,00350,126
A192__00330.126,8.25758766085658,40.59379974,A192,_,00330,126
A192__00320.126,8.222170101304291,40.60399348999999,A192,_,00320,126
A192__00310.126,8.372834131625826,40.608453205,A192,_,00310,126
A192__00300.126,8.384428894474379,40.610087605000004,A192,_,00300,126
A192__00290.126,8.389570919495597,40.615163365,A192,_,00290,126
A192__00260.126,8.296666854433393,40.61186255,A192,_,00260,126
A192__00250.126,8.279149183451658,40.61782765,A192,_,00250,126
A192__00240.126,8.217697620265806,40.618498044999995,A192,_,00240,126
A192__00230.126,8.187774214758498,40.615703315000005,A192,_,00230,126
A192__00190.126,8.203868350578517,40.61788515,A192,_,00190,126
A192__00180.126,8.160126442672667,40.632424105,A192,_,00180,126
A192__00170.126,8.318562654673052,40.634849695,A192,_,00170,126
A192__00150.126,8.242026606632201,40.642432655,A192,_,00150,126
A192__00140.126,8.194100633208953,40.64002987,A192,_,00140,126
A192__00130.126,8.329411773286704,40.63604864,A192,_,00130,126
A192__00120.126,8.29840417737243,40.639197255,A192,_,00120,126
A192__00080.126,8.325924597309843,40.65354635,A192,_,00080,126
A192__00050.126,8.285685974290779,40.671473495,A192,_,00050,126
A192__00040.126,8.245844229338926,40.665427435,A192,_,00040,126
A192__00030.126,8.22465536812868,40.65028064,A192,_,00030,126
A192__00020.126,8.194152564935916,40.665875764999996,A192,_,00020,126
A192__0064.1260,8.320730918992265,40.564263115,A192,_,0064,1260
A192__00780.1260,8.329809574293552,40.54770852,A192,_,00780,1260
A192__0071.1260,8.322877193299817,40.558696265,A192,_,0071,1260
A192__00660.1260,8.32922600990089,40.55987271,A192,_,00660,1260
A192__00010.1261,8.213181329956752,40.664420025,A192,_,00010,1261
A192__00780.1261,8.329954881955143,40.547783795,A192,_,00780,1261
A192__0071.1261,8.32319695835988,40.558811594999995,A192,_,0071,1261
A192__00660.1261,8.327601261030225,40.559470245,A192,_,00660,1261
A192__00640.1261,8.319873338991549,40.569224145,A192,_,00640,1261
A192__00010.1262,8.213125116144251,40.66154444,A192,_,00010,1262
A192__0071.1262,8.323535779268795,40.55889054,A192,_,0071,1262
A192__00640.1262,8.322924870263845,40.565088114999995,A192,_,00640,1262
A192__00640.1263,8.32222011275789,40.56539394,A192,_,00640,1263
A192__0071.1263,8.322836388341724,40.558212895,A192,_,0071,1263
A192__00660.1263,8.335913434458778,40.56693400499999,A192,_,00660,1263
A192__00010.1264,8.213181140496253,40.661753135,A192,_,00010,1264
A192__0071.1264,8.323174262611285,40.558308505,A192,_,0071,1264
A192__00660.1264,8.336149322844879,40.56152167,A192,_,00660,1264
A192__00640.1264,8.320759427223187,40.568926559999994,A192,_,00640,1264
A192__0064.1265,8.317811853328719,40.563663075,A192,_,0064,1265
A192__0071.1265,8.32345606798953,40.558483375,A192,_,0071,1265
A192__00660.1265,8.335875065030233,40.561752525,A192,_,00660,1265
A192__00010.1266,8.208456881601883,40.662086935,A192,_,00010,1266
A192__00660.1266,8.335973295445918,40.5616149,A192,_,00660,1266
A192__00640.1266,8.321046703363903,40.568278649999996,A192,_,00640,1266
A192__00010.1267,8.207247579858915,40.661574245,A192,_,00010,1267
A192__0071.1267,8.323543633831497,40.55872748,A192,_,0071,1267
A192__00660.1267,8.338149532950247,40.56754919,A192,_,00660,1267
A192__00640.1267,8.331608109093708,40.567910655000006,A192,_,00640,1267
A192__00010.1268,8.20825714849671,40.661320215,A192,_,00010,1268
A192__0071.1268,8.32374978065171,40.559130780000004,A192,_,0071,1268
A192__00660.1268,8.337001860768394,40.56490751,A192,_,00660,1268
A192__00010.1269,8.205554656014986,40.661511235,A192,_,00010,1269
A192__0071.1269,8.32399812911332,40.559306504999995,A192,_,0071,1269
A192__00660.1269,8.33709885870274,40.56519092,A192,_,00660,1269
A192__00640.1269,8.331016972933366,40.56777652,A192,_,00640,1269
A192__00010.127,8.233225878906513,40.65820833,A192,_,00010,127
A192__00950.127,8.352990266534075,40.516010265000006,A192,_,00950,127
A192__00930.127,8.339595638497402,40.520666930000004,A192,_,00930,127
A192__00870.127,8.337551261777316,40.529267919999995,A192,_,00870,127
A192__00860.127,8.35472942485903,40.53973877,A192,_,00860,127
A192__00840.127,8.33074231674591,40.5388526,A192,_,00840,127
A192__00800.127,8.355856230077297,40.544741345000006,A192,_,00800,127
A192__00790.127,8.342488104908785,40.550710305,A192,_,00790,127
A192__00730.127,8.34725233029538,40.554114205,A192,_,00730,127
A192__00690.127,8.36069578425893,40.57022073500001,A192,_,00690,127
A192__00680.127,8.35516475800285,40.56899616,A192,_,00680,127
A192__00670.127,8.34086932643989,40.569036585,A192,_,00670,127
A192__00630.127,8.335784363814348,40.5715718,A192,_,00630,127
A192__0061.127,8.318394952197181,40.573828985,A192,_,0061,127
A192__00600.127,8.347404885363531,40.573278564999995,A192,_,00600,127
A192__00590.127,8.390536565307784,40.580476465000004,A192,_,00590,127
A192__00580.127,8.364835810305102,40.587014960000005,A192,_,00580,127
A192__00550.127,8.32221387498504,40.580117605,A192,_,00550,127
A192__00540.127,8.353871631364761,40.59642694,A192,_,00540,127
A192__00520.127,8.32873834972737,40.592587975,A192,_,00520,127
A192__00510.127,8.315119161424448,40.596657895,A192,_,00510,127
A192__00470.127,8.206394167364108,40.591523635,A192,_,00470,127
A192__00450.127,8.170681943414383,40.58518028,A192,_,00450,127
A192__00440.127,8.378194810971072,40.596104845,A192,_,00440,127
A192__00420.127,8.34592108984225,40.600277274999996,A192,_,00420,127
A192__00400.127,8.327735326058281,40.60790663,A192,_,00400,127
A192__00380.127,8.312378260118436,40.597207825,A192,_,00380,127
A192__00360.127,8.296885093365947,40.605397005,A192,_,00360,127
A192__00330.127,8.258030220938569,40.593644420000004,A192,_,00330,127
A192__00310.127,8.363834940937002,40.61161474,A192,_,00310,127
A192__00300.127,8.384632433663619,40.61001852,A192,_,00300,127
A192__00290.127,8.390845801674963,40.61595721,A192,_,00290,127
A192__00260.127,8.296780075641989,40.614794059999994,A192,_,00260,127
A192__00250.127,8.276641139334453,40.61742202,A192,_,00250,127
A192__00240.127,8.221269494902533,40.617912555000004,A192,_,00240,127
A192__00230.127,8.18172066208098,40.605357595,A192,_,00230,127
A192__00210.127,8.326062653786927,40.623543185,A192,_,00210,127
A192__00190.127,8.20281147267694,40.617664344999994,A192,_,00190,127
A192__00180.127,8.160873195974572,40.632072765000004,A192,_,00180,127
A192__00140.127,8.195493062631067,40.639773785,A192,_,00140,127
A192__00130.127,8.340479648816359,40.637706605000005,A192,_,00130,127
A192__00120.127,8.30129783077141,40.642001255,A192,_,00120,127
A192__00100.127,8.272634855049933,40.658060945,A192,_,00100,127
A192__00050.127,8.288700430197402,40.671512199999995,A192,_,00050,127
A192__00030.127,8.225596989954058,40.650349315,A192,_,00030,127
A192__00020.127,8.19405567951393,40.665779235,A192,_,00020,127
A192__00010.1270,8.204346781382622,40.66185366,A192,_,00010,1270
A192__0071.1270,8.323926342861547,40.559178595,A192,_,0071,1270
A192__00660.1270,8.337236407115395,40.56540252,A192,_,00660,1270
A192__0064.1270,8.320053663478703,40.56278775,A192,_,0064,1270
A192__00010.1271,8.231133141722086,40.656337795,A192,_,00010,1271
A192__0071.1271,8.323985513814247,40.559207025000006,A192,_,0071,1271
A192__00660.1271,8.334946220335862,40.566846165,A192,_,00660,1271
A192__00640.1271,8.319573511511663,40.56732057,A192,_,00640,1271
A192__0061.1271,8.319640140896992,40.57639554,A192,_,0061,1271
A192__0061.1272,8.321151967855872,40.573569660000004,A192,_,0061,1272
A192__00780.1272,8.32971092880635,40.547774805,A192,_,00780,1272
A192__00660.1272,8.337129739703407,40.566615565,A192,_,00660,1272
A192__0064.1272,8.320211889618816,40.562314549999996,A192,_,0064,1272
A192__00010.1273,8.2221057247334,40.65627699,A192,_,00010,1273
A192__00660.1273,8.32971836831747,40.559977595,A192,_,00660,1273
A192__0064.1273,8.320649615169287,40.565058480000005,A192,_,0064,1273
A192__0061.1273,8.32079868996852,40.57418851,A192,_,0061,1273
A192__00010.1274,8.222339357148343,40.655877805,A192,_,00010,1274
A192__00660.1274,8.328292373212047,40.56085462,A192,_,00660,1274
A192__0064.1274,8.318399921212539,40.563492315,A192,_,0064,1274
A192__00610.1274,8.314684630726891,40.578258094999995,A192,_,00610,1274
A192__00010.1275,8.22588382051795,40.656872535,A192,_,00010,1275
A192__00780.1275,8.330742078047617,40.54688504,A192,_,00780,1275
A192__00660.1275,8.32834851820478,40.560828915,A192,_,00660,1275
A192__00640.1275,8.329554502847394,40.5652149,A192,_,00640,1275
A192__0061.1275,8.32149074290231,40.570800315,A192,_,0061,1275
A192__00010.1276,8.225549045078541,40.660225385000004,A192,_,00010,1276
A192__00780.1276,8.33097559343727,40.547034229999994,A192,_,00780,1276
A192__00660.1276,8.328540124984963,40.564218485,A192,_,00660,1276
A192__00640.1276,8.329693769028374,40.56524261,A192,_,00640,1276
A192__00610.1276,8.317325065726692,40.583294545,A192,_,00610,1276
A192__00010.1277,8.224814927580223,40.66047561,A192,_,00010,1277
A192__00780.1277,8.330892197433027,40.5468421,A192,_,00780,1277
A192__00640.1277,8.32930120733823,40.56505455,A192,_,00640,1277
A192__00010.1278,8.225132997386856,40.657269674999995,A192,_,00010,1278
A192__00780.1278,8.337796737946453,40.542732005,A192,_,00780,1278
A192__0071.1278,8.32389711288495,40.558826825,A192,_,0071,1278
A192__00660.1278,8.328171785939185,40.560501595000005,A192,_,00660,1278
A192__00010.1279,8.224522047223104,40.662172495,A192,_,00010,1279
A192__00780.1279,8.337689909603661,40.542559659999995,A192,_,00780,1279
A192__0071.1279,8.32402435188989,40.558888115,A192,_,0071,1279
A192__00640.1279,8.328010009830024,40.565706925,A192,_,00640,1279
A192__00020.128,8.193985758480196,40.665566115000004,A192,_,00020,128
A192__00970.128,8.312244647185167,40.55886726,A192,_,00970,128
A192__00940.128,8.360183132236811,40.510919465,A192,_,00940,128
A192__00890.128,8.354073562414147,40.52887332,A192,_,00890,128
A192__00880.128,8.34796419256249,40.524550774999994,A192,_,00880,128
A192__00870.128,8.33493311917491,40.52637919,A192,_,00870,128
A192__00860.128,8.354876945372943,40.539473395,A192,_,00860,128
A192__00850.128,8.335545926588644,40.540357555,A192,_,00850,128
A192__00840.128,8.33045730440213,40.538936765,A192,_,00840,128
A192__00810.128,8.371833957071484,40.544506405,A192,_,00810,128
A192__00800.128,8.355488635977762,40.545499230000004,A192,_,00800,128
A192__00750.128,8.394944798607705,40.557875194999994,A192,_,00750,128
A192__00740.128,8.360950002087122,40.562858219999995,A192,_,00740,128
A192__00730.128,8.347607138022923,40.553970755,A192,_,00730,128
A192__0072.128,8.328793858633862,40.55798552,A192,_,0072,128
A192__00700.128,8.395229627621454,40.577354915,A192,_,00700,128
A192__00690.128,8.360967555015698,40.570722765,A192,_,00690,128
A192__00680.128,8.354861962811142,40.56915818,A192,_,00680,128
A192__00630.128,8.33527569996383,40.57239911,A192,_,00630,128
A192__00620.128,8.323560143426315,40.572870429999995,A192,_,00620,128
A192__0061.128,8.31745787961881,40.573430189999996,A192,_,0061,128
A192__00590.128,8.390855387245098,40.580502795,A192,_,00590,128
A192__00570.128,8.33938712056107,40.58732248,A192,_,00570,128
A192__00540.128,8.352505656739734,40.596907040000005,A192,_,00540,128
A192__00530.128,8.340150624756955,40.59270049,A192,_,00530,128
A192__00520.128,8.329642125046039,40.59193107,A192,_,00520,128
A192__00510.128,8.317778429864953,40.596998595,A192,_,00510,128
A192__00480.128,8.24552192688919,40.57551461,A192,_,00480,128
A192__00470.128,8.20627679544954,40.59169387,A192,_,00470,128
A192__00450.128,8.1691885177258,40.58449874,A192,_,00450,128
A192__00440.128,8.378874919264934,40.594021415,A192,_,00440,128
A192__00420.128,8.345405685742412,40.600181195000005,A192,_,00420,128
A192__00400.128,8.327972905883849,40.608250635000005,A192,_,00400,128
A192__00360.128,8.297039637905367,40.6050575,A192,_,00360,128
A192__00330.128,8.258202288461888,40.59374319,A192,_,00330,128
A192__00310.128,8.362201527032548,40.612041465000004,A192,_,00310,128
A192__00290.128,8.386580968792236,40.61354232,A192,_,00290,128
A192__00260.128,8.296786285514205,40.612362075,A192,_,00260,128
A192__00190.128,8.203572401558423,40.61752534,A192,_,00190,128
A192__00180.128,8.16251167166507,40.63113004,A192,_,00180,128
A192__00170.128,8.31814557024649,40.63470519,A192,_,00170,128
A192__00140.128,8.196941696508182,40.639035655,A192,_,00140,128
A192__00130.128,8.346407040920155,40.638913585,A192,_,00130,128
A192__00120.128,8.300773684849574,40.64179734,A192,_,00120,128
A192__00080.128,8.323935848748297,40.66125359,A192,_,00080,128
A192__00060.128,8.292708747107746,40.666914254999995,A192,_,00060,128
A192__00030.128,8.226567350850122,40.65042004,A192,_,00030,128
A192__0061.1280,8.317025100204841,40.576044915,A192,_,0061,1280
A192__00660.1280,8.329491547168754,40.560392355000005,A192,_,00660,1280
A192__00010.1281,8.212693508465982,40.664291125000005,A192,_,00010,1281
A192__00780.1281,8.331098566822586,40.544052705,A192,_,00780,1281
A192__0071.1281,8.324046336704459,40.558775685,A192,_,0071,1281
A192__0061.1281,8.32134065480619,40.573569660000004,A192,_,0061,1281
A192__00010.1282,8.212873763932318,40.66255665,A192,_,00010,1282
A192__00780.1282,8.331430974928018,40.544079690000004,A192,_,00780,1282
A192__00660.1282,8.32845852064934,40.56028599,A192,_,00660,1282
A192__0061.1282,8.320163411392588,40.5762069,A192,_,0061,1282
A192__00010.1283,8.212817620036567,40.66185057,A192,_,00010,1283
A192__00660.1283,8.329878922461269,40.560680235,A192,_,00660,1283
A192__00640.1283,8.329033482685507,40.565475925,A192,_,00640,1283
A192__00610.1283,8.317492917406181,40.58068068,A192,_,00610,1283
A192__00010.1284,8.216662158377694,40.65810782,A192,_,00010,1284
A192__00780.1284,8.32675323663775,40.54525273,A192,_,00780,1284
A192__0071.1284,8.324185388670763,40.558762265,A192,_,0071,1284
A192__00660.1284,8.329974102715918,40.56054004000001,A192,_,00660,1284
A192__00640.1284,8.327522657978008,40.56569816,A192,_,00640,1284
A192__0061.1285,8.313950594484528,40.57763401,A192,_,0061,1285
A192__00780.1285,8.32701693584169,40.54498554,A192,_,00780,1285
A192__00660.1285,8.3291598250626,40.56090502,A192,_,00660,1285
A192__00010.1286,8.226118942896324,40.662453755,A192,_,00010,1286
A192__00780.1286,8.327105838910992,40.54508772,A192,_,00780,1286
A192__00660.1286,8.328759905288521,40.560751505,A192,_,00660,1286
A192__00640.1286,8.328245191337393,40.566160005,A192,_,00640,1286
A192__00610.1286,8.321046615495097,40.577736834999996,A192,_,00610,1286
A192__00010.1287,8.22582424342177,40.662618210000005,A192,_,00010,1287
A192__00780.1287,8.327220717250343,40.544944035,A192,_,00780,1287
A192__00660.1287,8.327849058342377,40.561100075,A192,_,00660,1287
A192__00640.1287,8.328181873572941,40.565768025,A192,_,00640,1287
A192__00010.1288,8.213831968968393,40.667126845,A192,_,00010,1288
A192__00640.1288,8.328289674569366,40.565884505,A192,_,00640,1288
A192__00010.1289,8.214406334839799,40.666587684999996,A192,_,00010,1289
A192__0071.1289,8.324481152750081,40.55885458,A192,_,0071,1289
A192__00660.1289,8.328300052339506,40.561255245,A192,_,00660,1289
A192__00640.1289,8.328416008552429,40.5659584,A192,_,00640,1289
A192__00020.129,8.193201664455067,40.66464436,A192,_,00020,129
A192__00970.129,8.312154889081764,40.558927095,A192,_,00970,129
A192__00940.129,8.358814017866372,40.510517085000004,A192,_,00940,129
A192__00900.129,8.360326919019311,40.530822425,A192,_,00900,129
A192__00890.129,8.355757820966211,40.528798304999995,A192,_,00890,129
A192__00860.129,8.355108263900076,40.539406615000004,A192,_,00860,129
A192__00800.129,8.355215426302967,40.545862255,A192,_,00800,129
A192__00790.129,8.343421277425694,40.544409415000004,A192,_,00790,129
A192__0077.129,8.327720235996793,40.554929654999995,A192,_,0077,129
A192__00750.129,8.388933820669825,40.5538818,A192,_,00750,129
A192__00730.129,8.347972555497709,40.55382023,A192,_,00730,129
A192__0072.129,8.329776925970892,40.555937535,A192,_,0072,129
A192__00700.129,8.397698861201365,40.577322195,A192,_,00700,129
A192__00690.129,8.360689172032982,40.57058807,A192,_,00690,129
A192__00680.129,8.35562518892064,40.56939365,A192,_,00680,129
A192__00620.129,8.324556188183497,40.572831054999995,A192,_,00620,129
A192__0061.129,8.318162873557844,40.573595215,A192,_,0061,129
A192__00570.129,8.343029805125626,40.58790644,A192,_,00570,129
A192__00560.129,8.325297161921977,40.57929718,A192,_,00560,129
A192__00550.129,8.318428942351755,40.582922104999994,A192,_,00550,129
A192__00540.129,8.35186441258692,40.596145015000005,A192,_,00540,129
A192__00530.129,8.34374357737433,40.595831165,A192,_,00530,129
A192__00520.129,8.329668273942307,40.59170077,A192,_,00520,129
A192__00510.129,8.317680039969499,40.596717215,A192,_,00510,129
A192__00480.129,8.244793581252075,40.57371555,A192,_,00480,129
A192__00470.129,8.205767285681972,40.59229003,A192,_,00470,129
A192__00450.129,8.17058676767681,40.58466162,A192,_,00450,129
A192__00440.129,8.377008814896906,40.593182755,A192,_,00440,129
A192__00410.129,8.335641615328418,40.607423575,A192,_,00410,129
A192__00390.129,8.319537923058824,40.60010844,A192,_,00390,129
A192__00380.129,8.310754181038515,40.59490736,A192,_,00380,129
A192__00360.129,8.29669976622128,40.605278865,A192,_,00360,129
A192__00350.129,8.284503299735437,40.596194800000006,A192,_,00350,129
A192__00330.129,8.239931873157943,40.59519582,A192,_,00330,129
A192__00320.129,8.220332169522253,40.600834005,A192,_,00320,129
A192__00310.129,8.361409554683076,40.612325865,A192,_,00310,129
A192__00300.129,8.38500883831333,40.609974335000004,A192,_,00300,129
A192__00280.129,8.35663847012156,40.61048126,A192,_,00280,129
A192__00260.129,8.29676152994326,40.611888805,A192,_,00260,129
A192__00240.129,8.221671475751183,40.617351715,A192,_,00240,129
A192__00190.129,8.19938416855382,40.618296595000004,A192,_,00190,129
A192__00180.129,8.162865283272584,40.630799685,A192,_,00180,129
A192__00170.129,8.320063521351324,40.635220110000006,A192,_,00170,129
A192__00140.129,8.195822610234291,40.640569485,A192,_,00140,129
A192__00130.129,8.336456081940133,40.634299165,A192,_,00130,129
A192__00120.129,8.301930850602984,40.644014670000004,A192,_,00120,129
A192__00090.129,8.212799839966635,40.64393322,A192,_,00090,129
A192__00010.1290,8.235283703805315,40.656598835,A192,_,00010,1290
A192__00780.1290,8.325218485236078,40.543646975,A192,_,00780,1290
A192__0071.1290,8.324609864894029,40.558908455,A192,_,0071,1290
A192__00660.1290,8.330124281210647,40.55963146,A192,_,00660,1290
A192__00640.1290,8.32858030893404,40.56594153,A192,_,00640,1290
A192__00640.1291,8.329312248051156,40.567119545,A192,_,00640,1291
A192__00780.1291,8.325427991466505,40.54364287,A192,_,00780,1291
A192__0071.1291,8.325014714904103,40.55979109,A192,_,0071,1291
A192__00660.1291,8.329823957838423,40.560062005000006,A192,_,00660,1291
A192__00010.1292,8.221052737948334,40.660657404999995,A192,_,00010,1292
A192__0071.1292,8.325113780391874,40.559464739999996,A192,_,0071,1292
A192__00660.1292,8.330089811013945,40.55956251,A192,_,00660,1292
A192__00640.1292,8.329656126972164,40.567000054999994,A192,_,00640,1292
A192__0061.1292,8.321473518848656,40.572644255,A192,_,0061,1292
A192__00010.1293,8.220309455170238,40.660983215,A192,_,00010,1293
A192__00780.1293,8.325814991607107,40.544037745,A192,_,00780,1293
A192__0071.1293,8.322593998975382,40.557680245,A192,_,0071,1293
A192__00660.1293,8.329753993617432,40.560077595,A192,_,00660,1293
A192__00640.1293,8.329123203166112,40.567110029999995,A192,_,00640,1293
A192__00010.1294,8.222438624578238,40.65903254,A192,_,00010,1294
A192__00780.1294,8.32599685681254,40.54412796,A192,_,00780,1294
A192__0071.1294,8.322827983054076,40.557758385,A192,_,0071,1294
A192__00660.1294,8.336499647754945,40.567500085,A192,_,00660,1294
A192__00640.1294,8.32989978626033,40.56673504,A192,_,00640,1294
A192__00010.1295,8.223008650250915,40.655950024999996,A192,_,00010,1295
A192__00780.1295,8.326192212533108,40.54420804,A192,_,00780,1295
A192__0071.1295,8.322906812508489,40.557604764999994,A192,_,0071,1295
A192__00660.1295,8.336382775147378,40.56765985,A192,_,00660,1295
A192__00640.1295,8.329996876881225,40.56704949,A192,_,00640,1295
A192__00010.1296,8.213708295224762,40.663938385,A192,_,00010,1296
A192__00660.1296,8.338208850789526,40.566143835,A192,_,00660,1296
A192__00640.1296,8.330101547167878,40.56690856,A192,_,00640,1296
A192__00010.1297,8.2137730165388,40.661930275,A192,_,00010,1297
A192__0071.1297,8.323138701566297,40.557832809999994,A192,_,0071,1297
A192__00660.1297,8.328291419885186,40.559198405000004,A192,_,00660,1297
A192__0064.1297,8.31939957662591,40.56513694,A192,_,0064,1297
A192__00010.1298,8.226818429796065,40.657936480000004,A192,_,00010,1298
A192__0071.1298,8.323462741301327,40.55794693,A192,_,0071,1298
A192__00660.1298,8.333400472167352,40.564734475,A192,_,00660,1298
A192__00640.1298,8.3252943440731,40.568979225,A192,_,00640,1298
A192__00610.1298,8.32091735155814,40.57646132,A192,_,00610,1298
A192__00010.1299,8.22692475560813,40.65687515,A192,_,00010,1299
A192__0071.1299,8.323732926691868,40.558131634999995,A192,_,0071,1299
A192__00660.1299,8.329775276200785,40.56080798,A192,_,00660,1299
A192__00610.1299,8.32100303850786,40.577265510000004,A192,_,00610,1299
A192__00020.13,8.221657246733262,40.649458530000004,A192,_,00020,13
A192__00950.13,8.34761755714652,40.513543095,A192,_,00950,13
A192__00940.13,8.354828400662289,40.509746539999995,A192,_,00940,13
A192__00930.13,8.333485586503121,40.522742480000005,A192,_,00930,13
A192__00920.13,8.37703894584866,40.52652009,A192,_,00920,13
A192__00900.13,8.375998531120722,40.542048855000004,A192,_,00900,13
A192__00890.13,8.350051745716492,40.53393558,A192,_,00890,13
A192__00880.13,8.342997875852749,40.52913941,A192,_,00880,13
A192__00860.13,8.350103011424459,40.542071699999994,A192,_,00860,13
A192__00850.13,8.335532993237319,40.538747654999995,A192,_,00850,13
A192__00830.13,8.41709504285302,40.54140672,A192,_,00830,13
A192__00820.13,8.392908974822713,40.551230495,A192,_,00820,13
A192__00800.13,8.3494483836555,40.543076405,A192,_,00800,13
A192__00780.13,8.323825238245584,40.54557065,A192,_,00780,13
A192__00750.13,8.363851097212638,40.555248005,A192,_,00750,13
A192__00740.13,8.362073435456825,40.564191144999995,A192,_,00740,13
A192__0071.13,8.318259741540475,40.55875313999999,A192,_,0071,13
A192__00700.13,8.40863977731299,40.57026812,A192,_,00700,13
A192__00680.13,8.350844801480063,40.571325805,A192,_,00680,13
A192__00660.13,8.333870940152966,40.5650379,A192,_,00660,13
A192__0065.13,8.318622963949677,40.562092625,A192,_,0065,13
A192__00600.13,8.339598030477447,40.586474055,A192,_,00600,13
A192__00590.13,8.386346178530466,40.58238718,A192,_,00590,13
A192__00580.13,8.358926636663332,40.587019955,A192,_,00580,13
A192__00570.13,8.340463270091,40.587544269999995,A192,_,00570,13
A192__00560.13,8.323163438194396,40.5788233,A192,_,00560,13
A192__00540.13,8.350955142786145,40.59562595,A192,_,00540,13
A192__00520.13,8.32980558535748,40.59278494,A192,_,00520,13
A192__00510.13,8.321193686801717,40.594681375,A192,_,00510,13
A192__00500.13,8.313758421923891,40.585914035,A192,_,00500,13
A192__00490.13,8.267877537540224,40.589728980000004,A192,_,00490,13
A192__00480.13,8.228142810194946,40.59646308,A192,_,00480,13
A192__00440.13,8.383378295000325,40.602720925,A192,_,00440,13
A192__00430.13,8.37305238633509,40.595180725000006,A192,_,00430,13
A192__00420.13,8.344880134941828,40.599342315,A192,_,00420,13
A192__00410.13,8.334902798870786,40.607855785,A192,_,00410,13
A192__00400.13,8.330756354003714,40.603594975,A192,_,00400,13
A192__00380.13,8.311429469312504,40.60384397,A192,_,00380,13
A192__00340.13,8.249525355712901,40.608923145000006,A192,_,00340,13
A192__00330.13,8.261121915628674,40.601972755,A192,_,00330,13
A192__00300.13,8.412365817626263,40.624744405,A192,_,00300,13
A192__00290.13,8.393307620939403,40.618490765000004,A192,_,00290,13
A192__00270.13,8.33458219663931,40.61513674,A192,_,00270,13
A192__00240.13,8.207017586486995,40.62527448,A192,_,00240,13
A192__00200.13,8.257552881677094,40.628882239999996,A192,_,00200,13
A192__00190.13,8.196623423562606,40.622668725,A192,_,00190,13
A192__00140.13,8.184802890983256,40.637214834999995,A192,_,00140,13
A192__00080.13,8.313335912885293,40.642810909999994,A192,_,00080,13
A192__00070.13,8.34470889893485,40.66328812,A192,_,00070,13
A192__00020.130,8.19392287393843,40.66455439,A192,_,00020,130
A192__00970.130,8.312084782775738,40.55887724,A192,_,00970,130
A192__00950.130,8.34020865318013,40.516052395,A192,_,00950,130
A192__00940.130,8.36032789285291,40.51039273,A192,_,00940,130
A192__00930.130,8.340180387596643,40.520598745,A192,_,00930,130
A192__00890.130,8.354719895582354,40.5290841,A192,_,00890,130
A192__00880.130,8.345018712531063,40.52530306,A192,_,00880,130
A192__00870.130,8.338259953457163,40.52821989,A192,_,00870,130
A192__00850.130,8.335586478496237,40.53988833,A192,_,00850,130
A192__00840.130,8.330103785378942,40.539070785,A192,_,00840,130
A192__00810.130,8.372451752334127,40.544417495,A192,_,00810,130
A192__00800.130,8.355287869276285,40.54589308,A192,_,00800,130
A192__00790.130,8.343094609354056,40.545032905,A192,_,00790,130
A192__00750.130,8.389410447369846,40.553532614999995,A192,_,00750,130
A192__00740.130,8.362045800501349,40.563506704999995,A192,_,00740,130
A192__00730.130,8.348698487947358,40.553518215,A192,_,00730,130
A192__0072.130,8.326908070664082,40.557581435,A192,_,0072,130
A192__00700.130,8.40192912213898,40.575669594999994,A192,_,00700,130
A192__00680.130,8.35604878089853,40.569564299999996,A192,_,00680,130
A192__00670.130,8.342436305112665,40.56815194,A192,_,00670,130
A192__00630.130,8.334472739004958,40.573682004999995,A192,_,00630,130
A192__0061.130,8.31782852502987,40.57330864,A192,_,0061,130
A192__00600.130,8.329758565338441,40.582782345,A192,_,00600,130
A192__00570.130,8.34346628077514,40.58790904,A192,_,00570,130
A192__00560.130,8.32517662719874,40.579557175,A192,_,00560,130
A192__00540.130,8.351219287593263,40.59709588,A192,_,00540,130
A192__00530.130,8.342035107797019,40.59626539,A192,_,00530,130
A192__00520.130,8.329665372603465,40.59163736,A192,_,00520,130
A192__00510.130,8.31788026754516,40.596717215,A192,_,00510,130
A192__00480.130,8.244064718294311,40.569712335,A192,_,00480,130
A192__00470.130,8.20512976028232,40.58208148,A192,_,00470,130
A192__00450.130,8.17066714356195,40.584947405,A192,_,00450,130
A192__00440.130,8.382372237957771,40.592509715,A192,_,00440,130
A192__00420.130,8.341961678489916,40.600415405,A192,_,00420,130
A192__00380.130,8.311802732089099,40.59999948,A192,_,00380,130
A192__00360.130,8.296045772815004,40.604977445,A192,_,00360,130
A192__00330.130,8.240065330003373,40.595302695,A192,_,00330,130
A192__00320.130,8.230136662098033,40.597705094999995,A192,_,00320,130
A192__00310.130,8.381070875308897,40.610108605,A192,_,00310,130
A192__00300.130,8.385071430287955,40.610073505,A192,_,00300,130
A192__00280.130,8.356788884874991,40.612126575000005,A192,_,00280,130
A192__00260.130,8.289780835918336,40.62118095,A192,_,00260,130
A192__00250.130,8.279299124646124,40.607436145,A192,_,00250,130
A192__00240.130,8.22187659542276,40.617654775000005,A192,_,00240,130
A192__00190.130,8.1996895750128,40.618353335,A192,_,00190,130
A192__00180.130,8.163072247131911,40.630413669999996,A192,_,00180,130
A192__00170.130,8.32255222764059,40.63417706,A192,_,00170,130
A192__00140.130,8.195820042856356,40.6391177,A192,_,00140,130
A192__00130.130,8.331070503877061,40.633197635,A192,_,00130,130
A192__00120.130,8.301621163928932,40.64411871,A192,_,00120,130
A192__00090.130,8.213771849797835,40.643523915,A192,_,00090,130
A192__00070.130,8.32543053364839,40.661846365,A192,_,00070,130
A192__00010.1300,8.21488239603438,40.658321945,A192,_,00010,1300
A192__0071.1300,8.324073529172733,40.558213255,A192,_,0071,1300
A192__00640.1300,8.326640550802006,40.568059840000004,A192,_,00640,1300
A192__0061.1300,8.32113926569993,40.5719294,A192,_,0061,1300
A192__00010.1301,8.214669363661432,40.660647295000004,A192,_,00010,1301
A192__0071.1301,8.323338189446071,40.55758653,A192,_,0071,1301
A192__00610.1301,8.321070081484969,40.576808565,A192,_,00610,1301
A192__00010.1302,8.215575769685648,40.6558288,A192,_,00010,1302
A192__0071.1302,8.32376922088087,40.557445965,A192,_,0071,1302
A192__0064.1302,8.31850805282912,40.563411294999995,A192,_,0064,1302
A192__0061.1302,8.318581134246498,40.575991224999996,A192,_,0061,1302
A192__00010.1303,8.215489457595691,40.655567165,A192,_,00010,1303
A192__00780.1303,8.328542714845774,40.545965640000006,A192,_,00780,1303
A192__0071.1303,8.324180884902109,40.55738769,A192,_,0071,1303
A192__00640.1303,8.327669495900661,40.565491519999995,A192,_,00640,1303
A192__00610.1303,8.31660831007175,40.58092269,A192,_,00610,1303
A192__00010.1304,8.215065115700053,40.65543372,A192,_,00010,1304
A192__00780.1304,8.32807388962038,40.545640594999995,A192,_,00780,1304
A192__0071.1304,8.324045265679352,40.557743245,A192,_,0071,1304
A192__00610.1304,8.316562064157527,40.58089727,A192,_,00610,1304
A192__00610.1305,8.316394669032121,40.58125011,A192,_,00610,1305
A192__00780.1305,8.328093930642673,40.54533526,A192,_,00780,1305
A192__00010.1306,8.227257013480113,40.6645759,A192,_,00010,1306
A192__0071.1306,8.324549993655445,40.557601395,A192,_,0071,1306
A192__00010.1307,8.227684860263071,40.66365838,A192,_,00010,1307
A192__00610.1307,8.316567392695877,40.58108471,A192,_,00610,1307
A192__00010.1308,8.22725543874331,40.66269861,A192,_,00010,1308
A192__00780.1308,8.334482198413227,40.54208753499999,A192,_,00780,1308
A192__0071.1308,8.324796027353377,40.558667015,A192,_,0071,1308
A192__0061.1308,8.320368391343992,40.570271395,A192,_,0061,1308
A192__00010.1309,8.227981238557755,40.66463702,A192,_,00010,1309
A192__00780.1309,8.335263879475596,40.546468995,A192,_,00780,1309
A192__0071.1309,8.324545374677772,40.558061955,A192,_,0071,1309
A192__00010.131,8.232672821291242,40.65625163,A192,_,00010,131
A192__00970.131,8.312012699571941,40.558898920000004,A192,_,00970,131
A192__00950.131,8.340459737253212,40.515417585,A192,_,00950,131
A192__00940.131,8.358648249602934,40.510207075,A192,_,00940,131
A192__00900.131,8.360174227070214,40.530720544999994,A192,_,00900,131
A192__00890.131,8.355565885597892,40.529601575,A192,_,00890,131
A192__00880.131,8.340790701764647,40.524793235000004,A192,_,00880,131
A192__00860.131,8.3659041987327,40.542461535,A192,_,00860,131
A192__00840.131,8.329726390960461,40.539165555,A192,_,00840,131
A192__00810.131,8.371810361928805,40.543152475,A192,_,00810,131
A192__00800.131,8.355017321507155,40.54643568,A192,_,00800,131
A192__00790.131,8.342376248849362,40.54572714,A192,_,00790,131
A192__00750.131,8.38992214288951,40.55350197,A192,_,00750,131
A192__00730.131,8.34727683264187,40.55419279,A192,_,00730,131
A192__0072.131,8.32654818088358,40.557342885,A192,_,0072,131
A192__00700.131,8.401129202914447,40.575606205,A192,_,00700,131
A192__00690.131,8.366119438280393,40.56905889,A192,_,00690,131
A192__00680.131,8.357100884991397,40.569776974999996,A192,_,00680,131
A192__00670.131,8.342486921385955,40.56845098,A192,_,00670,131
A192__00640.131,8.319383079417918,40.56780703,A192,_,00640,131
A192__00630.131,8.334399348666226,40.574072279999996,A192,_,00630,131
A192__0061.131,8.31413006434548,40.576757385,A192,_,0061,131
A192__00600.131,8.32972945357023,40.58278816,A192,_,00600,131
A192__00590.131,8.393621491320001,40.579586795,A192,_,00590,131
A192__00570.131,8.341689591546253,40.58662237,A192,_,00570,131
A192__00560.131,8.325085752196076,40.57869103,A192,_,00560,131
A192__00540.131,8.346668564417556,40.59494581,A192,_,00540,131
A192__00530.131,8.343555400404533,40.594931335,A192,_,00530,131
A192__00520.131,8.328379357106165,40.59241479,A192,_,00520,131
A192__00480.131,8.238763759240632,40.594121689999994,A192,_,00480,131
A192__00470.131,8.204977980652725,40.582355425,A192,_,00470,131
A192__00450.131,8.171915870984693,40.585216735,A192,_,00450,131
A192__00440.131,8.384828079149312,40.59345304,A192,_,00440,131
A192__00410.131,8.334849932444381,40.605194045000005,A192,_,00410,131
A192__00380.131,8.312322505478779,40.599685550000004,A192,_,00380,131
A192__00360.131,8.29687966542247,40.60922657,A192,_,00360,131
A192__00330.131,8.240175288257364,40.595373359999996,A192,_,00330,131
A192__00320.131,8.23209794828814,40.596527275,A192,_,00320,131
A192__00310.131,8.381544981637703,40.610339280000005,A192,_,00310,131
A192__00300.131,8.38523495647528,40.60993484,A192,_,00300,131
A192__00290.131,8.389466680588905,40.61530141,A192,_,00290,131
A192__00250.131,8.282167687194729,40.618241960000006,A192,_,00250,131
A192__00240.131,8.214494831322906,40.624923965,A192,_,00240,131
A192__00190.131,8.199075978987668,40.6184281,A192,_,00190,131
A192__00180.131,8.163346626153924,40.630072745,A192,_,00180,131
A192__00170.131,8.321779872468827,40.633257455,A192,_,00170,131
A192__00160.131,8.271291516944398,40.62515621,A192,_,00160,131
A192__00140.131,8.196616201233494,40.63871381,A192,_,00140,131
A192__00130.131,8.335279828985811,40.63411173,A192,_,00130,131
A192__00120.131,8.302066444477019,40.645091955,A192,_,00120,131
A192__00050.131,8.273518528953415,40.659947869999996,A192,_,00050,131
A192__00020.131,8.192393762861442,40.663725584999995,A192,_,00020,131
A192__00660.1310,8.333835136531736,40.564211075,A192,_,00660,1310
A192__00780.1310,8.335428309657921,40.5461667,A192,_,00780,1310
A192__00010.1311,8.227979280598614,40.6626872,A192,_,00010,1311
A192__0061.1311,8.319399707972629,40.573584565,A192,_,0061,1311
A192__00010.1312,8.23503277328484,40.66151713,A192,_,00010,1312
A192__00010.1313,8.235732672428863,40.66183189,A192,_,00010,1313
A192__00780.1313,8.33514193495811,40.545962845,A192,_,00780,1313
A192__00660.1313,8.333948810906296,40.564217635,A192,_,00660,1313
A192__0061.1313,8.319478623871277,40.57343652,A192,_,0061,1313
A192__00010.1314,8.220056002433836,40.660990025000004,A192,_,00010,1314
A192__00780.1314,8.33510946864794,40.54599293,A192,_,00780,1314
A192__0061.1314,8.31376826865153,40.577952435,A192,_,0061,1314
A192__00010.1315,8.220395115854963,40.65771003,A192,_,00010,1315
A192__0061.1315,8.321702142359314,40.57275106,A192,_,0061,1315
A192__00010.1316,8.218029508469565,40.658596775,A192,_,00010,1316
A192__00780.1316,8.335683208055581,40.54712972,A192,_,00780,1316
A192__00010.1317,8.21844216523212,40.657323395,A192,_,00010,1317
A192__00780.1317,8.335263151577795,40.547259170000004,A192,_,00780,1317
A192__00660.1317,8.333876268474295,40.564186785000004,A192,_,00660,1317
A192__0061.1317,8.31881858768578,40.571696349999996,A192,_,0061,1317
A192__00010.1318,8.21766537804756,40.65573109,A192,_,00010,1318
A192__00780.1318,8.329565696695129,40.547528505,A192,_,00780,1318
A192__0061.1319,8.318635125233545,40.571447265,A192,_,0061,1319
A192__00660.1319,8.337405273877359,40.566732735,A192,_,00660,1319
A192__00010.132,8.232841492234552,40.656265219999995,A192,_,00010,132
A192__00970.132,8.312067671245817,40.55892087,A192,_,00970,132
A192__00940.132,8.360193614512369,40.510107995,A192,_,00940,132
A192__00890.132,8.355595961476514,40.529898265,A192,_,00890,132
A192__00880.132,8.34118984696978,40.52482564,A192,_,00880,132
A192__00870.132,8.338069847123545,40.528849435,A192,_,00870,132
A192__00860.132,8.351114640579876,40.541056335,A192,_,00860,132
A192__00810.132,8.372623482848848,40.54352608,A192,_,00810,132
A192__00800.132,8.356137322121862,40.544110974999995,A192,_,00800,132
A192__00790.132,8.342946690099636,40.545559675,A192,_,00790,132
A192__00750.132,8.390500103433453,40.553464135,A192,_,00750,132
A192__00740.132,8.356319638168337,40.560514945,A192,_,00740,132
A192__00730.132,8.345331447938609,40.55515415,A192,_,00730,132
A192__0072.132,8.326916524414823,40.556858930000004,A192,_,0072,132
A192__0071.132,8.318469736553258,40.559459855,A192,_,0071,132
A192__00700.132,8.401626893870608,40.576696760000004,A192,_,00700,132
A192__00690.132,8.366592934340336,40.569665295,A192,_,00690,132
A192__00670.132,8.342480660782506,40.568484275,A192,_,00670,132
A192__0065.132,8.317488750128529,40.56167789,A192,_,0065,132
A192__00640.132,8.319613012839604,40.56769397,A192,_,00640,132
A192__00630.132,8.333811264925723,40.574761824999996,A192,_,00630,132
A192__00590.132,8.39357857740217,40.57940773,A192,_,00590,132
A192__00560.132,8.325962999319113,40.57817041,A192,_,00560,132
A192__00540.132,8.346824207491213,40.59490646,A192,_,00540,132
A192__00520.132,8.328373244214337,40.59213407,A192,_,00520,132
A192__00510.132,8.315522026110997,40.590417724999995,A192,_,00510,132
A192__0049.132,8.281663695578388,40.592645925,A192,_,0049,132
A192__00470.132,8.204381445645346,40.58249741,A192,_,00470,132
A192__00450.132,8.168747213618154,40.58643102,A192,_,00450,132
A192__00440.132,8.38347901082983,40.592013935,A192,_,00440,132
A192__00420.132,8.347670223320545,40.5985266,A192,_,00420,132
A192__00410.132,8.333588239639965,40.6053164,A192,_,00410,132
A192__00380.132,8.308661684557961,40.594081395,A192,_,00380,132
A192__00360.132,8.29688429177764,40.607499505,A192,_,00360,132
A192__00350.132,8.261217559292446,40.592648929999996,A192,_,00350,132
A192__00330.132,8.239916608304753,40.59561789,A192,_,00330,132
A192__00320.132,8.213812963162074,40.61129608,A192,_,00320,132
A192__00310.132,8.362609072886109,40.61390856,A192,_,00310,132
A192__00300.132,8.385126006551454,40.60984352,A192,_,00300,132
A192__00290.132,8.391727509017755,40.616672655,A192,_,00290,132
A192__00280.132,8.35652481630866,40.61220942,A192,_,00280,132
A192__00270.132,8.353108412638477,40.61331072,A192,_,00270,132
A192__00250.132,8.283547224930262,40.617750265,A192,_,00250,132
A192__00240.132,8.222580784615374,40.61566988,A192,_,00240,132
A192__00190.132,8.198433008116817,40.618458665,A192,_,00190,132
A192__00180.132,8.163445581900685,40.629824995,A192,_,00180,132
A192__00140.132,8.19247173866351,40.639403744999996,A192,_,00140,132
A192__00130.132,8.340602217625387,40.63504456,A192,_,00130,132
A192__00120.132,8.302103817556823,40.645172775000006,A192,_,00120,132
A192__00090.132,8.208541425714039,40.648056499999996,A192,_,00090,132
A192__00060.132,8.293103766748752,40.670002115,A192,_,00060,132
A192__00050.132,8.273617230870064,40.65959071,A192,_,00050,132
A192__00020.132,8.191628186858454,40.66339757,A192,_,00020,132
A192__00610.1320,8.312932204338406,40.57942706,A192,_,00610,1320
A192__00780.1320,8.332286127811514,40.54411944,A192,_,00780,1320
A192__00660.1320,8.333731201858756,40.564116395,A192,_,00660,1320
A192__00610.1321,8.313275250887227,40.57957433,A192,_,00610,1321
A192__00780.1321,8.326104780111738,40.545783845,A192,_,00780,1321
A192__00660.1321,8.333681966017128,40.564120270000004,A192,_,00660,1321
A192__00610.1322,8.313042773199292,40.579763295,A192,_,00610,1322
A192__00780.1322,8.32627000898485,40.545689905,A192,_,00780,1322
A192__00660.1322,8.333684542269298,40.564174955,A192,_,00660,1322
A192__00610.1323,8.313098998950364,40.579790695,A192,_,00610,1323
A192__00660.1323,8.333721242727869,40.564171055,A192,_,00660,1323
A192__00610.1324,8.313315711503517,40.580000985,A192,_,00610,1324
A192__00780.1324,8.335190441884338,40.546034590000005,A192,_,00780,1324
A192__00660.1324,8.333641061583293,40.564074015,A192,_,00660,1324
A192__00610.1325,8.313507900479237,40.579710934999994,A192,_,00610,1325
A192__00660.1325,8.333679421033798,40.564063985000004,A192,_,00660,1325
A192__00610.1326,8.313216193876299,40.57994047,A192,_,00610,1326
A192__00780.1326,8.335243404183712,40.546111255,A192,_,00780,1326
A192__00660.1326,8.333779930420693,40.564226500000004,A192,_,00660,1326
A192__00610.1327,8.31303496212539,40.579881330000006,A192,_,00610,1327
A192__00780.1327,8.335163224984832,40.546117155000005,A192,_,00780,1327
A192__00660.1327,8.333738495650596,40.56419485,A192,_,00660,1327
A192__0061.1328,8.319199105532123,40.576227605,A192,_,0061,1328
A192__00780.1328,8.336825791096665,40.545490415,A192,_,00780,1328
A192__0071.1328,8.324087538456055,40.56125525,A192,_,0071,1328
A192__00660.1329,8.333684075215302,40.56400531,A192,_,00660,1329
A192__00780.1329,8.336712816763232,40.545654060000004,A192,_,00780,1329
A192__0071.1329,8.326621274562806,40.5595031,A192,_,0071,1329
A192__00010.133,8.232979825630313,40.656269789999996,A192,_,00010,133
A192__00970.133,8.312099237862,40.55899074,A192,_,00970,133
A192__00950.133,8.353453708760112,40.51655169,A192,_,00950,133
A192__00870.133,8.338359240376786,40.52901422,A192,_,00870,133
A192__00860.133,8.351687076329956,40.540500890000004,A192,_,00860,133
A192__00840.133,8.330310716125663,40.538980955,A192,_,00840,133
A192__00790.133,8.341964864715045,40.54603236,A192,_,00790,133
A192__00750.133,8.391309037333572,40.553173920000006,A192,_,00750,133
A192__00730.133,8.344841300054288,40.555105440000006,A192,_,00730,133
A192__0072.133,8.329939433006407,40.556166274999995,A192,_,0072,133
A192__0071.133,8.31841280562624,40.559564269999996,A192,_,0071,133
A192__00700.133,8.401343872437668,40.577152565000006,A192,_,00700,133
A192__00690.133,8.365170810174414,40.568410584999995,A192,_,00690,133
A192__00680.133,8.355721556073789,40.57252997,A192,_,00680,133
A192__00670.133,8.34169341987553,40.56832976,A192,_,00670,133
A192__00640.133,8.31982780412691,40.567627725,A192,_,00640,133
A192__00580.133,8.363737548755754,40.58705826,A192,_,00580,133
A192__00570.133,8.342198220260737,40.58655436,A192,_,00570,133
A192__00540.133,8.346409830416292,40.594486765,A192,_,00540,133
A192__00520.133,8.328330297742397,40.592144545,A192,_,00520,133
A192__00510.133,8.314921428693484,40.59025752,A192,_,00510,133
A192__0050.133,8.313926889752178,40.580574015,A192,_,0050,133
A192__0049.133,8.281619347907089,40.59194412,A192,_,0049,133
A192__00470.133,8.204970842917676,40.5836774,A192,_,00470,133
A192__00450.133,8.168883577198883,40.58628774,A192,_,00450,133
A192__00440.133,8.385115202911482,40.592164985,A192,_,00440,133
A192__00410.133,8.334741126371927,40.604952265,A192,_,00410,133
A192__00390.133,8.320266619205185,40.59740334,A192,_,00390,133
A192__00380.133,8.314461695184272,40.598669675,A192,_,00380,133
A192__00360.133,8.2968838720751,40.611458465,A192,_,00360,133
A192__00330.133,8.239999788752119,40.595694765000005,A192,_,00330,133
A192__00320.133,8.21368621342573,40.593066435,A192,_,00320,133
A192__00310.133,8.361907678951544,40.608573095,A192,_,00310,133
A192__00300.133,8.38586354984305,40.610468345,A192,_,00300,133
A192__00290.133,8.385739262636024,40.61334621,A192,_,00290,133
A192__00280.133,8.356258755872908,40.612213395,A192,_,00280,133
A192__00270.133,8.352333602145134,40.613190745,A192,_,00270,133
A192__00250.133,8.285708847722411,40.61778641,A192,_,00250,133
A192__00240.133,8.222120839869447,40.616444369999996,A192,_,00240,133
A192__00190.133,8.204316216819,40.617404675,A192,_,00190,133
A192__00180.133,8.163539261566187,40.629568809999995,A192,_,00180,133
A192__00170.133,8.316891453873279,40.630676789999995,A192,_,00170,133
A192__00140.133,8.195478768010108,40.647127795,A192,_,00140,133
A192__00130.133,8.347795538399374,40.636221335,A192,_,00130,133
A192__00120.133,8.302156575869377,40.64528763,A192,_,00120,133
A192__00070.133,8.327081033137112,40.661497159999996,A192,_,00070,133
A192__00050.133,8.268745505539655,40.66230076,A192,_,00050,133
A192__00030.133,8.232655139104423,40.651419475,A192,_,00030,133
A192__00020.133,8.193346735410538,40.661921575,A192,_,00020,133
A192__0071.1330,8.326749360418827,40.55948597,A192,_,0071,1330
A192__00780.1331,8.327266403881106,40.546861629999995,A192,_,00780,1331
A192__00780.1332,8.324292283199782,40.545724480000004,A192,_,00780,1332
A192__0061.1333,8.319182396263262,40.571388815,A192,_,0061,1333
A192__0061.1334,8.315110922240184,40.57760363,A192,_,0061,1334
A192__00780.1334,8.336655005571934,40.544229735,A192,_,00780,1334
A192__00780.1335,8.336726775477459,40.54440964,A192,_,00780,1335
A192__00610.1336,8.315742187702531,40.580627809999996,A192,_,00610,1336
A192__00780.1336,8.33645940371462,40.544430545,A192,_,00780,1336
A192__00610.1337,8.316260993624615,40.580828714999996,A192,_,00610,1337
A192__00780.1337,8.336352182033867,40.544040135,A192,_,00780,1337
A192__0071.1337,8.321818876764269,40.548035665,A192,_,0071,1337
A192__00610.1338,8.316834391748579,40.581237545,A192,_,00610,1338
A192__00780.1338,8.326049098705855,40.54343319,A192,_,00780,1338
A192__00610.1339,8.317050536219583,40.580872064999994,A192,_,00610,1339
A192__00780.1339,8.326108509903783,40.54303754,A192,_,00780,1339
A192__00020.134,8.194011988814193,40.660616180000005,A192,_,00020,134
A192__00950.134,8.353779827247749,40.51585367,A192,_,00950,134
A192__00930.134,8.341927251376905,40.521848930000004,A192,_,00930,134
A192__00900.134,8.360607251648734,40.53199576,A192,_,00900,134
A192__00890.134,8.355883751493677,40.523205180000005,A192,_,00890,134
A192__00870.134,8.338049920180342,40.52855537,A192,_,00870,134
A192__00860.134,8.349535097407145,40.540428000000006,A192,_,00860,134
A192__00780.134,8.328457995641806,40.546863635,A192,_,00780,134
A192__00750.134,8.390908985231519,40.553057925000005,A192,_,00750,134
A192__00730.134,8.344877433087188,40.55514936,A192,_,00730,134
A192__00700.134,8.40828797959038,40.57519327,A192,_,00700,134
A192__00690.134,8.365677035795425,40.569201039999996,A192,_,00690,134
A192__00680.134,8.355119317738424,40.57063624,A192,_,00680,134
A192__00670.134,8.341841816499086,40.568601635,A192,_,00670,134
A192__0065.134,8.317649164719509,40.561791645,A192,_,0065,134
A192__00640.134,8.319454230183265,40.567983095,A192,_,00640,134
A192__00630.134,8.333410651772777,40.575400775000006,A192,_,00630,134
A192__00600.134,8.338590603831767,40.57437295,A192,_,00600,134
A192__00580.134,8.355750840126337,40.58194605,A192,_,00580,134
A192__00570.134,8.343176920490983,40.586883674999996,A192,_,00570,134
A192__00560.134,8.332841661432589,40.587346104999995,A192,_,00560,134
A192__00540.134,8.346584849388057,40.59444049,A192,_,00540,134
A192__00530.134,8.337224791248687,40.596423130000005,A192,_,00530,134
A192__00520.134,8.328112879697372,40.59245047,A192,_,00520,134
A192__00510.134,8.314316661997406,40.590017405,A192,_,00510,134
A192__0050.134,8.313773120321407,40.580792215,A192,_,0050,134
A192__00480.134,8.235893409055215,40.593312745000006,A192,_,00480,134
A192__00470.134,8.205721475278558,40.584808925000004,A192,_,00470,134
A192__00450.134,8.170643035951684,40.58513106,A192,_,00450,134
A192__00440.134,8.382719845212542,40.59143772,A192,_,00440,134
A192__00420.134,8.349405882780466,40.60168845,A192,_,00420,134
A192__00380.134,8.312589559289947,40.59590679,A192,_,00380,134
A192__00360.134,8.298687499219728,40.613399869999995,A192,_,00360,134
A192__00320.134,8.21454993828771,40.59306202,A192,_,00320,134
A192__00300.134,8.38514893594432,40.609872415,A192,_,00300,134
A192__00290.134,8.381898601548224,40.61276821,A192,_,00290,134
A192__00280.134,8.355872458153714,40.612123069999996,A192,_,00280,134
A192__00270.134,8.338763079241234,40.605755835,A192,_,00270,134
A192__00250.134,8.280522927492854,40.607951525000004,A192,_,00250,134
A192__00240.134,8.218717773566123,40.61699529,A192,_,00240,134
A192__00210.134,8.32956728522495,40.62812417,A192,_,00210,134
A192__00190.134,8.205343817272954,40.617031205,A192,_,00190,134
A192__00180.134,8.163132016750774,40.628509969999996,A192,_,00180,134
A192__00140.134,8.194768898414187,40.64456228,A192,_,00140,134
A192__00130.134,8.33283718815427,40.630736580000004,A192,_,00130,134
A192__00120.134,8.2970365433819,40.649577414999996,A192,_,00120,134
A192__00090.134,8.208372328911071,40.648121360000005,A192,_,00090,134
A192__00070.134,8.32496540502262,40.66049823,A192,_,00070,134
A192__00610.1340,8.31735431845371,40.58076063,A192,_,00610,1340
A192__0071.1340,8.322493783805317,40.55219452,A192,_,0071,1340
A192__00610.1342,8.32164890223763,40.577556105,A192,_,00610,1342
A192__00780.1342,8.335439287457907,40.545866085,A192,_,00780,1342
A192__00660.1342,8.32887296668633,40.56019003,A192,_,00660,1342
A192__0061.1343,8.317900487905927,40.57413128,A192,_,0061,1343
A192__0071.1343,8.326687620627387,40.56048405,A192,_,0071,1343
A192__00660.1343,8.329339965055574,40.56012389,A192,_,00660,1343
A192__0061.1344,8.317525062533669,40.574254005,A192,_,0061,1344
A192__00780.1344,8.33580083073495,40.543541425,A192,_,00780,1344
A192__0061.1345,8.318695522425505,40.571081765,A192,_,0061,1345
A192__00780.1345,8.336173897784798,40.5435262,A192,_,00780,1345
A192__0061.1346,8.319453261636948,40.56997569,A192,_,0061,1346
A192__00660.1346,8.335647088481773,40.567235780000004,A192,_,00660,1346
A192__0061.1347,8.321556171477592,40.57199969,A192,_,0061,1347
A192__0071.1347,8.327016855922347,40.55997007,A192,_,0071,1347
A192__00660.1347,8.328256662774496,40.563974720000004,A192,_,00660,1347
A192__0061.1348,8.317364832302225,40.574661845,A192,_,0061,1348
A192__0071.1348,8.326912940630988,40.56013336,A192,_,0071,1348
A192__00660.1348,8.331364332396266,40.56368188,A192,_,00660,1348
A192__0061.1349,8.31911045637236,40.575543984999996,A192,_,0061,1349
A192__00020.135,8.193812558815477,40.660129575,A192,_,00020,135
A192__00970.135,8.312077608972755,40.55911064,A192,_,00970,135
A192__00950.135,8.353901060587622,40.515581065,A192,_,00950,135
A192__00940.135,8.357639547887015,40.516401325,A192,_,00940,135
A192__00930.135,8.342271139145149,40.521635785,A192,_,00930,135
A192__00900.135,8.360292962820534,40.536540110000004,A192,_,00900,135
A192__00890.135,8.354732089442487,40.530117035,A192,_,00890,135
A192__00870.135,8.336234023542982,40.531064905,A192,_,00870,135
A192__00800.135,8.354985368173551,40.5462831,A192,_,00800,135
A192__00780.135,8.32536279969103,40.54273719,A192,_,00780,135
A192__00750.135,8.388749360545614,40.55209076,A192,_,00750,135
A192__00730.135,8.344305491809271,40.555120535,A192,_,00730,135
A192__0072.135,8.32667722508604,40.55691849,A192,_,0072,135
A192__00700.135,8.408933238504584,40.57519327,A192,_,00700,135
A192__00640.135,8.319085196090432,40.565843085,A192,_,00640,135
A192__0061.135,8.315655171473555,40.576113525,A192,_,0061,135
A192__00600.135,8.348147460290766,40.574091715,A192,_,00600,135
A192__00590.135,8.370107686659779,40.57975251,A192,_,00590,135
A192__00580.135,8.35584771478447,40.57858139,A192,_,00580,135
A192__00540.135,8.349721300521265,40.594423195,A192,_,00540,135
A192__00520.135,8.330855575826028,40.592751379999996,A192,_,00520,135
A192__00510.135,8.316328729808312,40.590334940000005,A192,_,00510,135
A192__0050.135,8.313718249377022,40.581594895,A192,_,0050,135
A192__00480.135,8.237671452733164,40.59307312,A192,_,00480,135
A192__00470.135,8.205793400360536,40.585043655,A192,_,00470,135
A192__00450.135,8.171324580703166,40.58567922,A192,_,00450,135
A192__00440.135,8.383259569345128,40.591307015,A192,_,00440,135
A192__00400.135,8.330633511697265,40.598908655,A192,_,00400,135
A192__00380.135,8.313024494931637,40.596171345,A192,_,00380,135
A192__00360.135,8.296940967324854,40.612137055,A192,_,00360,135
A192__00350.135,8.278956189429763,40.603352224999995,A192,_,00350,135
A192__00320.135,8.214773611806098,40.593067035000004,A192,_,00320,135
A192__00310.135,8.363926675251742,40.61326664,A192,_,00310,135
A192__00300.135,8.385243864207794,40.609820815000006,A192,_,00300,135
A192__00280.135,8.355596246775875,40.61229718,A192,_,00280,135
A192__00270.135,8.343134178791672,40.606461,A192,_,00270,135
A192__00250.135,8.280519345121938,40.608110355,A192,_,00250,135
A192__00240.135,8.22021609233736,40.61782044,A192,_,00240,135
A192__00210.135,8.328427269955402,40.628731025,A192,_,00210,135
A192__00190.135,8.20467145958758,40.61724949,A192,_,00190,135
A192__00180.135,8.161352800871736,40.627499195,A192,_,00180,135
A192__00140.135,8.192991570892667,40.640002105,A192,_,00140,135
A192__00130.135,8.340270878476055,40.632142625,A192,_,00130,135
A192__00120.135,8.29707142322286,40.648485245,A192,_,00120,135
A192__00090.135,8.212926311984486,40.642050264999995,A192,_,00090,135
A192__00070.135,8.325910220625158,40.65981659,A192,_,00070,135
A192__00060.135,8.287448629451852,40.657437959999996,A192,_,00060,135
A192__00050.135,8.286009026499947,40.667146970000005,A192,_,00050,135
A192__00040.135,8.254667152427519,40.65755019,A192,_,00040,135
A192__0071.1350,8.325682228807047,40.561877615,A192,_,0071,1350
A192__00660.1351,8.329963459911225,40.56424974,A192,_,00660,1351
A192__00780.1351,8.34064862984803,40.539340475,A192,_,00780,1351
A192__0061.1352,8.320915457237827,40.57057457,A192,_,0061,1352
A192__00660.1352,8.330148045549558,40.56414952,A192,_,00660,1352
A192__0071.1353,8.325151167808798,40.56190259,A192,_,0071,1353
A192__0071.1354,8.325482531646736,40.56204768,A192,_,0071,1354
A192__00660.1355,8.337639286903864,40.56683139,A192,_,00660,1355
A192__00780.1355,8.325860994703834,40.54484095,A192,_,00780,1355
A192__0071.1355,8.325367162490956,40.56263228,A192,_,0071,1355
A192__00660.1356,8.337221191567668,40.567819415,A192,_,00660,1356
A192__00780.1356,8.325860472897785,40.544546145,A192,_,00780,1356
A192__0071.1356,8.325119275327886,40.56256147,A192,_,0071,1356
A192__00660.1357,8.334038541437227,40.560747735,A192,_,00660,1357
A192__0071.1357,8.32486937969765,40.56271873,A192,_,0071,1357
A192__00640.1358,8.33072359954405,40.56648144,A192,_,00640,1358
A192__0071.1358,8.324401884571637,40.562493024999995,A192,_,0071,1358
A192__00660.1358,8.333401675892034,40.56045867500001,A192,_,00660,1358
A192__00640.1359,8.330805683289473,40.56614743,A192,_,00640,1359
A192__00780.1359,8.32137753089879,40.545751725,A192,_,00780,1359
A192__0071.1359,8.326831441571144,40.558636225,A192,_,0071,1359
A192__00020.136,8.193710914275922,40.659944984999996,A192,_,00020,136
A192__00970.136,8.31215829976837,40.559168155,A192,_,00970,136
A192__00950.136,8.341247546647393,40.515696315,A192,_,00950,136
A192__00940.136,8.360060353597781,40.51309752,A192,_,00940,136
A192__00930.136,8.342672260940024,40.521463014999995,A192,_,00930,136
A192__00900.136,8.360756024287856,40.529330855,A192,_,00900,136
A192__00870.136,8.337158736325978,40.530009344999996,A192,_,00870,136
A192__00860.136,8.350997528341583,40.53867528,A192,_,00860,136
A192__00840.136,8.331059340285883,40.538235665,A192,_,00840,136
A192__00780.136,8.324258346483425,40.545317935,A192,_,00780,136
A192__00750.136,8.389276322876068,40.55222087,A192,_,00750,136
A192__00740.136,8.357936214142626,40.55381287,A192,_,00740,136
A192__0072.136,8.328116461072112,40.558179085,A192,_,0072,136
A192__00670.136,8.339016938127582,40.562344165,A192,_,00670,136
A192__0065.136,8.317816258253801,40.561876874999996,A192,_,0065,136
A192__00590.136,8.369287697092307,40.57896842,A192,_,00590,136
A192__00580.136,8.357766954493425,40.576208035,A192,_,00580,136
A192__00570.136,8.343253841025792,40.586684164999994,A192,_,00570,136
A192__00550.136,8.31864032032938,40.581971675,A192,_,00550,136
A192__00540.136,8.350708297456865,40.59165457,A192,_,00540,136
A192__00530.136,8.337997537593198,40.595758125,A192,_,00530,136
A192__00520.136,8.330698604771882,40.592283115,A192,_,00520,136
A192__0049.136,8.282240770780923,40.593464185,A192,_,0049,136
A192__00470.136,8.206497412378074,40.585597215,A192,_,00470,136
A192__00450.136,8.163552047849988,40.584682485,A192,_,00450,136
A192__00440.136,8.38358765942788,40.591295509999995,A192,_,00440,136
A192__00410.136,8.33019226978997,40.607879325,A192,_,00410,136
A192__00400.136,8.329792692184098,40.599002490000004,A192,_,00400,136
A192__00330.136,8.240154855620396,40.596176755,A192,_,00330,136
A192__00320.136,8.221409431729448,40.600230644999996,A192,_,00320,136
A192__00310.136,8.362536476377215,40.613553190000005,A192,_,00310,136
A192__00300.136,8.383037758855789,40.61066943,A192,_,00300,136
A192__00280.136,8.355844468612126,40.61171771,A192,_,00280,136
A192__00270.136,8.33821467254252,40.605705275,A192,_,00270,136
A192__00260.136,8.288863740020426,40.619569229999996,A192,_,00260,136
A192__00250.136,8.28266679826941,40.608394895,A192,_,00250,136
A192__00240.136,8.22037958758402,40.61783418,A192,_,00240,136
A192__00210.136,8.351663954204234,40.63622883,A192,_,00210,136
A192__00190.136,8.204403705772908,40.617324345,A192,_,00190,136
A192__00180.136,8.16130463279783,40.627735455,A192,_,00180,136
A192__00170.136,8.315458684605709,40.63282839,A192,_,00170,136
A192__00150.136,8.22429383749424,40.64015697,A192,_,00150,136
A192__00140.136,8.192412428359296,40.639785355,A192,_,00140,136
A192__00130.136,8.345289927009686,40.632962469999995,A192,_,00130,136
A192__00060.136,8.28629763327892,40.658306245,A192,_,00060,136
A192__00050.136,8.282125627552489,40.666121505,A192,_,00050,136
A192__00030.136,8.233238525317377,40.65047131,A192,_,00030,136
A192__00640.1360,8.33040353962991,40.56658941,A192,_,00640,1360
A192__00780.1360,8.321395319446758,40.54594872,A192,_,00780,1360
A192__0071.1360,8.326919805246517,40.558513520000005,A192,_,0071,1360
A192__00640.1361,8.330743908133055,40.56611909,A192,_,00640,1361
A192__00660.1361,8.327934157598733,40.558687715,A192,_,00660,1361
A192__00640.1362,8.33007367831518,40.565883315,A192,_,00640,1362
A192__00780.1362,8.336344616663869,40.546924860000004,A192,_,00780,1362
A192__00640.1363,8.330656333104685,40.565839069999996,A192,_,00640,1363
A192__00780.1363,8.32148596587766,40.54636808,A192,_,00780,1363
A192__0071.1363,8.325300390518137,40.562316875,A192,_,0071,1363
A192__00660.1363,8.33183255525884,40.565340375000005,A192,_,00660,1363
A192__00640.1364,8.331264533018178,40.566065460000004,A192,_,00640,1364
A192__00780.1364,8.329067156111508,40.549424805,A192,_,00780,1364
A192__0071.1364,8.32548162904012,40.56243159,A192,_,0071,1364
A192__00660.1364,8.330457842328219,40.565252244999996,A192,_,00660,1364
A192__0061.1365,8.317458504029734,40.575898710000004,A192,_,0061,1365
A192__00780.1365,8.329085610778709,40.549892315,A192,_,00780,1365
A192__00660.1365,8.33033390841534,40.565362535,A192,_,00660,1365
A192__00640.1365,8.331070619292753,40.565975339999994,A192,_,00640,1365
A192__00640.1366,8.331141519569659,40.565959895,A192,_,00640,1366
A192__00780.1366,8.329734497373776,40.5497501,A192,_,00780,1366
A192__0071.1366,8.323201889155307,40.555263499999995,A192,_,0071,1366
A192__00660.1366,8.330556698790307,40.565465605,A192,_,00660,1366
A192__00610.1367,8.313701190828226,40.579703435,A192,_,00610,1367
A192__00780.1367,8.32982650571763,40.549803229999995,A192,_,00780,1367
A192__0071.1367,8.323110894779475,40.555162495000005,A192,_,0071,1367
A192__00660.1367,8.33163913081953,40.564640735,A192,_,00660,1367
A192__00640.1367,8.331351280345693,40.56605664,A192,_,00640,1367
A192__00610.1368,8.313547459757624,40.579985205,A192,_,00610,1368
A192__00780.1368,8.33063401371935,40.541372215,A192,_,00780,1368
A192__0071.1368,8.323015954026125,40.55507387,A192,_,0071,1368
A192__00660.1368,8.331880289655784,40.564640735,A192,_,00660,1368
A192__00640.1368,8.33017432409844,40.565559975,A192,_,00640,1368
A192__0061.1369,8.316806613275677,40.573652845,A192,_,0061,1369
A192__00660.1369,8.332344075300412,40.564667165,A192,_,00660,1369
A192__00640.1369,8.3306655419589,40.56578677,A192,_,00640,1369
A192__00020.137,8.191527036636504,40.6597564,A192,_,00020,137
A192__00970.137,8.311941056607555,40.559264125,A192,_,00970,137
A192__00950.137,8.352760716359764,40.50699173,A192,_,00950,137
A192__00940.137,8.359847825046042,40.509779879999996,A192,_,00940,137
A192__00930.137,8.342043157662676,40.52114875,A192,_,00930,137
A192__00900.137,8.359408626923418,40.53012684,A192,_,00900,137
A192__00880.137,8.347501647945617,40.521781540000006,A192,_,00880,137
A192__00810.137,8.374330766381,40.544520095,A192,_,00810,137
A192__00800.137,8.356025841407526,40.54514766,A192,_,00800,137
A192__00790.137,8.349349811122137,40.541799655,A192,_,00790,137
A192__00780.137,8.324397297252872,40.5450888,A192,_,00780,137
A192__00750.137,8.3895973340312,40.552208289999996,A192,_,00750,137
A192__00740.137,8.358307778543555,40.55350033,A192,_,00740,137
A192__00730.137,8.345525258296952,40.55434873,A192,_,00730,137
A192__0071.137,8.318143342071426,40.559731455000005,A192,_,0071,137
A192__00690.137,8.365638822895532,40.569201039999996,A192,_,00690,137
A192__00680.137,8.353755373862846,40.570920465,A192,_,00680,137
A192__00670.137,8.338601159426371,40.56368645,A192,_,00670,137
A192__0064.137,8.318461229942024,40.56572224,A192,_,0064,137
A192__00600.137,8.347418557792203,40.574383585,A192,_,00600,137
A192__00590.137,8.37044036884508,40.580042954999996,A192,_,00590,137
A192__00560.137,8.332716024722586,40.586539205,A192,_,00560,137
A192__00550.137,8.318768341068601,40.582258485,A192,_,00550,137
A192__00540.137,8.34971441724104,40.594515565,A192,_,00540,137
A192__00530.137,8.338403509247165,40.595513255,A192,_,00530,137
A192__00520.137,8.328706911194224,40.59014207,A192,_,00520,137
A192__00510.137,8.314615246078384,40.589803115,A192,_,00510,137
A192__0049.137,8.28211795793008,40.593045939999996,A192,_,0049,137
A192__00470.137,8.206180162581628,40.585486474999996,A192,_,00470,137
A192__00450.137,8.165688022275818,40.587155315000004,A192,_,00450,137
A192__00440.137,8.389298266651483,40.591513965000004,A192,_,00440,137
A192__00410.137,8.337142494489733,40.603698865,A192,_,00410,137
A192__00400.137,8.327596319616413,40.59890964,A192,_,00400,137
A192__00360.137,8.288416651247548,40.61170173,A192,_,00360,137
A192__00330.137,8.240465081047914,40.59705203,A192,_,00330,137
A192__00320.137,8.222252278407513,40.599330359999996,A192,_,00320,137
A192__00310.137,8.367658339390466,40.614496865,A192,_,00310,137
A192__00280.137,8.35566631440015,40.611559785,A192,_,00280,137
A192__00270.137,8.348910675761633,40.60392525,A192,_,00270,137
A192__00260.137,8.290319517604487,40.619215415,A192,_,00260,137
A192__00250.137,8.28273023000169,40.60853359,A192,_,00250,137
A192__00240.137,8.21990515385697,40.61840852500001,A192,_,00240,137
A192__00210.137,8.3521345721086,40.635121264999995,A192,_,00210,137
A192__00190.137,8.204226910997592,40.617297295,A192,_,00190,137
A192__00180.137,8.161193676814275,40.62756775,A192,_,00180,137
A192__00150.137,8.224925324977335,40.64497756,A192,_,00150,137
A192__00130.137,8.34852145266616,40.633753670000004,A192,_,00130,137
A192__00120.137,8.30212537507331,40.64638341,A192,_,00120,137
A192__00070.137,8.327825015452582,40.660780185,A192,_,00070,137
A192__00060.137,8.286709156628834,40.658319745,A192,_,00060,137
A192__00050.137,8.286021625035737,40.66702780999999,A192,_,00050,137
A192__00040.137,8.26059371221869,40.644830005,A192,_,00040,137
A192__00030.137,8.232133217813104,40.64997242,A192,_,00030,137
A192__00640.1370,8.330195961369336,40.565507225000005,A192,_,00640,1370
A192__00780.1370,8.32945206156908,40.54431371,A192,_,00780,1370
A192__00660.1370,8.331590511043576,40.565069935,A192,_,00660,1370
A192__0061.1371,8.316549180943579,40.574021825,A192,_,0061,1371
A192__00780.1371,8.329622403916566,40.544410299999996,A192,_,00780,1371
A192__00660.1371,8.332495313632759,40.56379508,A192,_,00660,1371
A192__00640.1371,8.330551762433686,40.56563271,A192,_,00640,1371
A192__00610.1372,8.321661584520747,40.574911404999995,A192,_,00610,1372
A192__00780.1372,8.3249644939897,40.543827449999995,A192,_,00780,1372
A192__00660.1372,8.333509468865607,40.56392296,A192,_,00660,1372
A192__00640.1372,8.330429949534395,40.566324565,A192,_,00640,1372
A192__0061.1373,8.321192372964724,40.572398005,A192,_,0061,1373
A192__00780.1373,8.32517819261263,40.543828770000005,A192,_,00780,1373
A192__00660.1373,8.331023255487223,40.565540604999995,A192,_,00660,1373
A192__00640.1373,8.330515221384147,40.566252845,A192,_,00640,1373
A192__00640.1374,8.330482780958373,40.56633191,A192,_,00640,1374
A192__00780.1374,8.325476574319575,40.544037745,A192,_,00780,1374
A192__0061.1375,8.3202323946992,40.574617525,A192,_,0061,1375
A192__00780.1375,8.325030785720273,40.543685475000004,A192,_,00780,1375
A192__00660.1375,8.33087178682673,40.565303854999996,A192,_,00660,1375
A192__00640.1375,8.330535156090342,40.56625107,A192,_,00640,1375
A192__0061.1376,8.320344726791536,40.57475081,A192,_,0061,1376
A192__00780.1376,8.325496036203521,40.543885255,A192,_,00780,1376
A192__00660.1376,8.332020731787857,40.566142215,A192,_,00660,1376
A192__00640.1376,8.330475308323585,40.566154315,A192,_,00640,1376
A192__0061.1377,8.320640264896824,40.575153220000004,A192,_,0061,1377
A192__00780.1377,8.324957164311398,40.543600045,A192,_,00780,1377
A192__00660.1377,8.331617924279753,40.565961345,A192,_,00660,1377
A192__00640.1377,8.330660294108487,40.566017805,A192,_,00640,1377
A192__0061.1378,8.32010309566638,40.57408005,A192,_,0061,1378
A192__00780.1378,8.325574346769734,40.543863470000005,A192,_,00780,1378
A192__00660.1378,8.331886335928868,40.565888720000004,A192,_,00660,1378
A192__00640.1378,8.331416409887836,40.56605841,A192,_,00640,1378
A192__0061.1379,8.320252030901582,40.574037465,A192,_,0061,1379
A192__00660.1379,8.331634700457904,40.565946894999996,A192,_,00660,1379
A192__00640.1379,8.331272986352225,40.565976655,A192,_,00640,1379
A192__00020.138,8.191294952910411,40.658055785,A192,_,00020,138
A192__00970.138,8.311905806835892,40.559324274999994,A192,_,00970,138
A192__00950.138,8.351662621712428,40.506771155,A192,_,00950,138
A192__00940.138,8.35752563518301,40.509662535000004,A192,_,00940,138
A192__00930.138,8.342828709283713,40.520982245,A192,_,00930,138
A192__00900.138,8.359707433034625,40.52993232,A192,_,00900,138
A192__00890.138,8.356793554732217,40.529872885,A192,_,00890,138
A192__00880.138,8.347731575754393,40.525868384999995,A192,_,00880,138
A192__00810.138,8.375030469533773,40.54350751,A192,_,00810,138
A192__00800.138,8.355878403220842,40.544696645,A192,_,00800,138
A192__00790.138,8.347589902136072,40.540799070000006,A192,_,00790,138
A192__00750.138,8.390956733890082,40.551561750000005,A192,_,00750,138
A192__00740.138,8.358292793099213,40.553283315,A192,_,00740,138
A192__00730.138,8.34550625737253,40.553966665000004,A192,_,00730,138
A192__0072.138,8.32635499094822,40.557107325000004,A192,_,0072,138
A192__00700.138,8.407650458737345,40.578049295,A192,_,00700,138
A192__00680.138,8.354093663466424,40.57056084,A192,_,00680,138
A192__00660.138,8.334170952291602,40.565699249999994,A192,_,00660,138
A192__0064.138,8.319458447320523,40.56563409,A192,_,0064,138
A192__00630.138,8.337017088555369,40.571562635,A192,_,00630,138
A192__00590.138,8.37217758146927,40.58135539,A192,_,00590,138
A192__00560.138,8.33125144021676,40.586733185,A192,_,00560,138
A192__00530.138,8.338721333521757,40.59512988,A192,_,00530,138
A192__00520.138,8.329819369712666,40.59322199,A192,_,00520,138
A192__00510.138,8.315249177276794,40.58990681,A192,_,00510,138
A192__0050.138,8.314320845740301,40.580749675,A192,_,0050,138
A192__0049.138,8.282243198014903,40.59304587,A192,_,0049,138
A192__00470.138,8.206767255099994,40.585673119999996,A192,_,00470,138
A192__00450.138,8.162146524090062,40.57991309,A192,_,00450,138
A192__00440.138,8.400420970112807,40.59165213,A192,_,00440,138
A192__00380.138,8.309827275879423,40.602186329999995,A192,_,00380,138
A192__00350.138,8.279304562094541,40.60335051,A192,_,00350,138
A192__00330.138,8.241120960330186,40.598232714999995,A192,_,00330,138
A192__00310.138,8.367738307320604,40.614564404999996,A192,_,00310,138
A192__00300.138,8.384116089359123,40.609391675,A192,_,00300,138
A192__00280.138,8.355457532314803,40.611216305,A192,_,00280,138
A192__00260.138,8.289460436544243,40.619195059999996,A192,_,00260,138
A192__00250.138,8.283152292251588,40.608490495,A192,_,00250,138
A192__00240.138,8.219345130520662,40.61815989,A192,_,00240,138
A192__00210.138,8.352049197315567,40.63474452,A192,_,00210,138
A192__00180.138,8.16092949872899,40.62741561,A192,_,00180,138
A192__00170.138,8.317981781405045,40.630190555,A192,_,00170,138
A192__00160.138,8.271212844224614,40.637525245,A192,_,00160,138
A192__00150.138,8.24004565869351,40.645852835,A192,_,00150,138
A192__00130.138,8.333713565850818,40.628106814999995,A192,_,00130,138
A192__00120.138,8.30178385070878,40.646108330000004,A192,_,00120,138
A192__00090.138,8.218393539905783,40.647554635,A192,_,00090,138
A192__00070.138,8.328204318160246,40.66079999,A192,_,00070,138
A192__00060.138,8.287189145074095,40.658257545,A192,_,00060,138
A192__00050.138,8.263968778129463,40.65791672,A192,_,00050,138
A192__00030.138,8.233285391462077,40.64982612,A192,_,00030,138
A192__0061.1380,8.320507050837012,40.574431739999994,A192,_,0061,1380
A192__00780.1380,8.321539336028007,40.545527205,A192,_,00780,1380
A192__00660.1380,8.33350012475685,40.56351994,A192,_,00660,1380
A192__00640.1380,8.331976091331828,40.56632382,A192,_,00640,1380
A192__0061.1381,8.320666940789767,40.574745175000004,A192,_,0061,1381
A192__00780.1381,8.335747518135879,40.542455755,A192,_,00780,1381
A192__00660.1381,8.333124888006346,40.563558744999995,A192,_,00660,1381
A192__00640.1381,8.331513374610633,40.566083899999995,A192,_,00640,1381
A192__0061.1382,8.320407609444349,40.5722081,A192,_,0061,1382
A192__00780.1382,8.336070169150894,40.542401084999995,A192,_,00780,1382
A192__00660.1382,8.332940786888695,40.563748294999996,A192,_,00660,1382
A192__00640.1382,8.332181586738598,40.566358414999996,A192,_,00640,1382
A192__0061.1383,8.320861010547858,40.574964054999995,A192,_,0061,1383
A192__00780.1383,8.33610909524614,40.542611715,A192,_,00780,1383
A192__00660.1383,8.333172297899313,40.564015685,A192,_,00660,1383
A192__00640.1383,8.331526782528544,40.566062825,A192,_,00640,1383
A192__00610.1384,8.321719414570165,40.57476365,A192,_,00610,1384
A192__00780.1384,8.33566912745555,40.542200925,A192,_,00780,1384
A192__00660.1384,8.332561755921652,40.564412340000004,A192,_,00660,1384
A192__00640.1384,8.322619993142279,40.566342815,A192,_,00640,1384
A192__0061.1385,8.314912303839854,40.57789934,A192,_,0061,1385
A192__00780.1385,8.336010885982589,40.542124895,A192,_,00780,1385
A192__00660.1385,8.33211092979883,40.564194529999995,A192,_,00660,1385
A192__00640.1385,8.325652686769118,40.56911643,A192,_,00640,1385
A192__0061.1386,8.315312269079893,40.577315835,A192,_,0061,1386
A192__00780.1386,8.336444813444261,40.54229644,A192,_,00780,1386
A192__00660.1386,8.3331529389082,40.56464072,A192,_,00660,1386
A192__00660.1387,8.333308801363376,40.564741855,A192,_,00660,1387
A192__00780.1387,8.336409464356048,40.542611715,A192,_,00780,1387
A192__0064.1388,8.319740068933749,40.565460985,A192,_,0064,1388
A192__00660.1388,8.333196690640765,40.564663984999996,A192,_,00660,1388
A192__00640.1389,8.32482222622852,40.570026835,A192,_,00640,1389
A192__00660.1389,8.330962109164611,40.56567143,A192,_,00660,1389
A192__00020.139,8.190908979658824,40.658935764999995,A192,_,00020,139
A192__00970.139,8.31182039494697,40.55928687,A192,_,00970,139
A192__00950.139,8.345456664339707,40.513250209999995,A192,_,00950,139
A192__00940.139,8.357499153957757,40.509501175,A192,_,00940,139
A192__00900.139,8.356974110542676,40.52516591,A192,_,00900,139
A192__00880.139,8.348457385596461,40.52563415,A192,_,00880,139
A192__00870.139,8.33715415910047,40.530754035,A192,_,00870,139
A192__00850.139,8.340998907039282,40.537151515000005,A192,_,00850,139
A192__00840.139,8.329472188735815,40.53983409,A192,_,00840,139
A192__00810.139,8.375479578257334,40.543650265,A192,_,00810,139
A192__00800.139,8.344865618105544,40.550057175,A192,_,00800,139
A192__00780.139,8.332671690544402,40.545092115,A192,_,00780,139
A192__00750.139,8.390343015045014,40.551730864999996,A192,_,00750,139
A192__00740.139,8.359002702487796,40.554764074999994,A192,_,00740,139
A192__00730.139,8.345553337059332,40.554130895,A192,_,00730,139
A192__00700.139,8.40937479310658,40.57710802,A192,_,00700,139
A192__00690.139,8.356352220101826,40.572254835,A192,_,00690,139
A192__00680.139,8.354666146844004,40.572559229999996,A192,_,00680,139
A192__00670.139,8.336919970913126,40.56084621,A192,_,00670,139
A192__00660.139,8.334364207342173,40.565812054999995,A192,_,00660,139
A192__0065.139,8.316616547947937,40.561079915,A192,_,0065,139
A192__00600.139,8.348131589579113,40.573275605,A192,_,00600,139
A192__00560.139,8.328411076693072,40.586800275,A192,_,00560,139
A192__00540.139,8.35282769428418,40.591386955,A192,_,00540,139
A192__00530.139,8.340365133961505,40.591471175,A192,_,00530,139
A192__00520.139,8.330668173148549,40.59249889,A192,_,00520,139
A192__00500.139,8.31070069486137,40.587213265,A192,_,00500,139
A192__0049.139,8.282202150910088,40.592924475000004,A192,_,0049,139
A192__00480.139,8.237863884144971,40.59015253,A192,_,00480,139
A192__00470.139,8.206678797713561,40.585806225,A192,_,00470,139
A192__00440.139,8.399654751939618,40.59134486,A192,_,00440,139
A192__00420.139,8.346176366999817,40.602142990000004,A192,_,00420,139
A192__00380.139,8.309460365795552,40.602009975,A192,_,00380,139
A192__00350.139,8.278929025603794,40.604083685,A192,_,00350,139
A192__00330.139,8.238086114290072,40.595636485,A192,_,00330,139
A192__00310.139,8.367717626309215,40.61464391,A192,_,00310,139
A192__00300.139,8.383788468038048,40.60854972,A192,_,00300,139
A192__00280.139,8.35517728914116,40.61079104,A192,_,00280,139
A192__00260.139,8.288839486133066,40.61918,A192,_,00260,139
A192__00250.139,8.272881767965686,40.60644829,A192,_,00250,139
A192__00240.139,8.22048918751144,40.618530535000005,A192,_,00240,139
A192__00210.139,8.351351179645954,40.632238425,A192,_,00210,139
A192__00190.139,8.20777784192277,40.621015485,A192,_,00190,139
A192__00180.139,8.16047533561034,40.627207695,A192,_,00180,139
A192__00170.139,8.316799355155368,40.63124098,A192,_,00170,139
A192__00160.139,8.270989417716752,40.63755029,A192,_,00160,139
A192__00130.139,8.341110365831597,40.629380565,A192,_,00130,139
A192__00120.139,8.299443697152885,40.648145555,A192,_,00120,139
A192__00090.139,8.200378405971513,40.645069185,A192,_,00090,139
A192__00070.139,8.32738630431729,40.659779685000004,A192,_,00070,139
A192__00060.139,8.289258431071445,40.66036634,A192,_,00060,139
A192__00050.139,8.265753934067009,40.658022855,A192,_,00050,139
A192__00040.139,8.261225530988176,40.64523421,A192,_,00040,139
A192__00640.1390,8.325670669885714,40.56909256,A192,_,00640,1390
A192__00780.1390,8.324788131914541,40.543075625,A192,_,00780,1390
A192__00660.1390,8.329995129407301,40.56523439,A192,_,00660,1390
A192__00640.1391,8.324659660886354,40.5685362,A192,_,00640,1391
A192__00780.1391,8.324671572268581,40.54351222,A192,_,00780,1391
A192__0071.1391,8.322181524409899,40.555008740000005,A192,_,0071,1391
A192__00660.1391,8.333305027419524,40.56465836,A192,_,00660,1391
A192__0064.1392,8.321654880514911,40.562056095,A192,_,0064,1392
A192__00780.1392,8.327536396445367,40.547143525,A192,_,00780,1392
A192__00660.1392,8.333231572005023,40.56462243,A192,_,00660,1392
A192__0061.1393,8.316478970668003,40.57604437,A192,_,0061,1393
A192__00780.1393,8.327004121315028,40.546820825,A192,_,00780,1393
A192__0071.1393,8.32272808618507,40.54870145,A192,_,0071,1393
A192__00660.1393,8.333283047360839,40.564682415,A192,_,00660,1393
A192__0064.1393,8.321748217081497,40.56179195,A192,_,0064,1393
A192__0064.1394,8.31991540863018,40.563247700000005,A192,_,0064,1394
A192__00660.1394,8.33320647285957,40.564648059999996,A192,_,00660,1394
A192__0061.1395,8.318296940168999,40.57298134,A192,_,0061,1395
A192__00780.1395,8.32689781795482,40.54703304,A192,_,00780,1395
A192__00660.1395,8.33284097417398,40.564158774999996,A192,_,00660,1395
A192__00640.1395,8.327909162949219,40.566171455,A192,_,00640,1395
A192__00640.1396,8.328117297888053,40.566107875,A192,_,00640,1396
A192__00660.1396,8.332682877125691,40.564311974999995,A192,_,00660,1396
A192__0061.1397,8.320286637448518,40.57610408,A192,_,0061,1397
A192__00780.1397,8.326996446520813,40.54713668,A192,_,00780,1397
A192__00660.1397,8.332532268587478,40.56436884,A192,_,00660,1397
A192__0064.1398,8.322027027033815,40.561874765,A192,_,0064,1398
A192__00780.1398,8.327857915515306,40.54652849,A192,_,00780,1398
A192__0071.1398,8.323348108852368,40.549987195,A192,_,0071,1398
A192__00660.1398,8.332572400667035,40.56436884,A192,_,00660,1398
A192__0061.1399,8.319250714662576,40.57396541,A192,_,0061,1399
A192__00780.1399,8.327876368848365,40.547032810000005,A192,_,00780,1399
A192__00660.1399,8.33246029934869,40.563930850000006,A192,_,00660,1399
A192__00640.1399,8.32552842723043,40.56817836,A192,_,00640,1399
A192__00020.14,8.201029396779816,40.660151275000004,A192,_,00020,14
A192__00960.14,8.368111251814796,40.496924660000005,A192,_,00960,14
A192__00950.14,8.348037156654222,40.51398662,A192,_,00950,14
A192__00940.14,8.356439568607641,40.5203193,A192,_,00940,14
A192__00930.14,8.335330488675357,40.52245279,A192,_,00930,14
A192__00900.14,8.375229641458915,40.542451549999996,A192,_,00900,14
A192__00860.14,8.350020780234768,40.541453950000005,A192,_,00860,14
A192__00850.14,8.335625148462514,40.53899828,A192,_,00850,14
A192__00820.14,8.397055094987415,40.55001278500001,A192,_,00820,14
A192__00810.14,8.375788479682036,40.544484785,A192,_,00810,14
A192__00800.14,8.349387070090387,40.54423826,A192,_,00800,14
A192__00790.14,8.343232761006252,40.546918125,A192,_,00790,14
A192__00760.14,8.405919528024771,40.5616268,A192,_,00760,14
A192__00730.14,8.34792336414725,40.559310935,A192,_,00730,14
A192__00700.14,8.408708723077691,40.56906163,A192,_,00700,14
A192__00660.14,8.33381867820589,40.564094085,A192,_,00660,14
A192__0065.14,8.318936808074149,40.561956865,A192,_,0065,14
A192__00630.14,8.32949588091591,40.57294003,A192,_,00630,14
A192__00620.14,8.326012773928944,40.576355285000005,A192,_,00620,14
A192__0061.14,8.316579821890471,40.57488267,A192,_,0061,14
A192__00590.14,8.370203212040849,40.579654625,A192,_,00590,14
A192__00570.14,8.341449277610899,40.588667189999995,A192,_,00570,14
A192__00550.14,8.323283759481878,40.589053385,A192,_,00550,14
A192__00540.14,8.351835496753894,40.597260025,A192,_,00540,14
A192__00530.14,8.340237615324948,40.59810113,A192,_,00530,14
A192__00520.14,8.328691276366525,40.592414055000006,A192,_,00520,14
A192__00500.14,8.313164359154925,40.585473695000005,A192,_,00500,14
A192__00480.14,8.231940799746695,40.596304675,A192,_,00480,14
A192__00440.14,8.392175422841692,40.59771592,A192,_,00440,14
A192__00430.14,8.37549040830653,40.595308225,A192,_,00430,14
A192__00410.14,8.334261820112776,40.60703273,A192,_,00410,14
A192__00390.14,8.3244169377244,40.610327665,A192,_,00390,14
A192__00360.14,8.288765547185275,40.60131222,A192,_,00360,14
A192__00330.14,8.259348494361834,40.60364950500001,A192,_,00330,14
A192__00320.14,8.207205831645139,40.592678825,A192,_,00320,14
A192__00310.14,8.369148294236453,40.614386795,A192,_,00310,14
A192__00300.14,8.382321384878175,40.607212465,A192,_,00300,14
A192__00270.14,8.33287113528121,40.614280865,A192,_,00270,14
A192__00240.14,8.214117064954838,40.626019805,A192,_,00240,14
A192__00220.14,8.166337543298699,40.596477355000005,A192,_,00220,14
A192__00200.14,8.256892926541795,40.628834795,A192,_,00200,14
A192__00190.14,8.195282800014382,40.620845465,A192,_,00190,14
A192__00090.14,8.21246971700006,40.64853805,A192,_,00090,14
A192__00020.140,8.190595048033241,40.657176914999994,A192,_,00020,140
A192__00970.140,8.311757460851675,40.559256669999996,A192,_,00970,140
A192__00930.140,8.338851976886916,40.518695515,A192,_,00930,140
A192__00900.140,8.362253574854545,40.5233468,A192,_,00900,140
A192__00880.140,8.347249686477504,40.525956205,A192,_,00880,140
A192__00870.140,8.337196593765098,40.52970946,A192,_,00870,140
A192__00840.140,8.329764218226103,40.53976589,A192,_,00840,140
A192__00810.140,8.37637405147429,40.54363424,A192,_,00810,140
A192__00800.140,8.34542942887719,40.549547505,A192,_,00800,140
A192__00790.140,8.34172775779934,40.54561171,A192,_,00790,140
A192__00750.140,8.389739148294595,40.551872185,A192,_,00750,140
A192__00730.140,8.345768962526995,40.554257199999995,A192,_,00730,140
A192__00720.140,8.336300190052565,40.557790874999995,A192,_,00720,140
A192__00700.140,8.407712970919828,40.57708509,A192,_,00700,140
A192__00680.140,8.3546939340564,40.57267024,A192,_,00680,140
A192__00660.140,8.334522355447351,40.565907165,A192,_,00660,140
A192__00630.140,8.337418935629735,40.571863345,A192,_,00630,140
A192__00590.140,8.370278366810428,40.57937594,A192,_,00590,140
A192__00580.140,8.361587207475978,40.58826576,A192,_,00580,140
A192__00570.140,8.342038996321367,40.58784015,A192,_,00570,140
A192__00560.140,8.332846951121837,40.587113970000004,A192,_,00560,140
A192__00540.140,8.35022711532316,40.591640874999996,A192,_,00540,140
A192__00530.140,8.340552537671947,40.591189725,A192,_,00530,140
A192__00520.140,8.330482961939133,40.592707125000004,A192,_,00520,140
A192__00510.140,8.315261415946523,40.597200145,A192,_,00510,140
A192__00470.140,8.206373441026063,40.58636864,A192,_,00470,140
A192__00440.140,8.394112968598261,40.59175127,A192,_,00440,140
A192__00400.140,8.324061573247633,40.60393942,A192,_,00400,140
A192__00330.140,8.238445714416038,40.596844165,A192,_,00330,140
A192__00310.140,8.367838687144301,40.61492815,A192,_,00310,140
A192__00300.140,8.383941144735193,40.608416930000004,A192,_,00300,140
A192__00280.140,8.355058107396335,40.612521565,A192,_,00280,140
A192__00270.140,8.350648291641876,40.60355078,A192,_,00270,140
A192__00260.140,8.29032058978572,40.619127895,A192,_,00260,140
A192__00250.140,8.27314296794428,40.6068839,A192,_,00250,140
A192__00240.140,8.21877390550193,40.618359780000006,A192,_,00240,140
A192__00210.140,8.351437273300585,40.632195010000004,A192,_,00210,140
A192__00190.140,8.204636969325772,40.618245834999996,A192,_,00190,140
A192__00180.140,8.160366080327975,40.62718203,A192,_,00180,140
A192__00170.140,8.315471575319886,40.631237060000004,A192,_,00170,140
A192__00150.140,8.228343148588458,40.64057418,A192,_,00150,140
A192__00130.140,8.345870528501646,40.631085115,A192,_,00130,140
A192__00120.140,8.300615521443502,40.646658495,A192,_,00120,140
A192__00090.140,8.200784330799426,40.646837860000005,A192,_,00090,140
A192__00080.140,8.320396466373719,40.661399985,A192,_,00080,140
A192__00060.140,8.29076028151438,40.66035698,A192,_,00060,140
A192__00040.140,8.256777679657759,40.645369805,A192,_,00040,140
A192__0061.1400,8.321876623293058,40.571909695,A192,_,0061,1400
A192__00780.1400,8.327454885643082,40.545987339999996,A192,_,00780,1400
A192__00660.1400,8.332562108645583,40.56402426,A192,_,00660,1400
A192__00640.1400,8.328324754284528,40.568371825,A192,_,00640,1400
A192__0061.1401,8.32186937017411,40.571875344999995,A192,_,0061,1401
A192__0071.1401,8.319273955717446,40.55739474,A192,_,0071,1401
A192__00660.1401,8.332380163739145,40.56419425,A192,_,00660,1401
A192__00640.1401,8.329129824212128,40.568831685,A192,_,00640,1401
A192__00640.1402,8.330671506776994,40.568714755,A192,_,00640,1402
A192__00780.1402,8.321680994594608,40.545782564999996,A192,_,00780,1402
A192__00660.1402,8.332187641906973,40.564194979999996,A192,_,00660,1402
A192__0061.1403,8.31745845958216,40.576863435,A192,_,0061,1403
A192__00780.1403,8.321691161366775,40.545863555,A192,_,00780,1403
A192__00660.1403,8.332302428239117,40.564255515,A192,_,00660,1403
A192__00640.1403,8.321969393563403,40.56821226,A192,_,00640,1403
A192__0061.1404,8.318133354404647,40.570669795,A192,_,0061,1404
A192__00780.1404,8.326695620554945,40.54294151,A192,_,00780,1404
A192__00660.1404,8.33320893012632,40.564275120000005,A192,_,00660,1404
A192__00640.1404,8.324144091194233,40.566316595,A192,_,00640,1404
A192__0061.1405,8.316070854690377,40.573942360000004,A192,_,0061,1405
A192__00780.1405,8.326805455198498,40.542777605,A192,_,00780,1405
A192__0071.1405,8.318754074926675,40.552775815000004,A192,_,0071,1405
A192__00660.1405,8.333421403689375,40.563912259999995,A192,_,00660,1405
A192__0064.1405,8.322229698701847,40.562367205,A192,_,0064,1405
A192__0064.1406,8.318891280321681,40.56269659,A192,_,0064,1406
A192__00780.1406,8.327391497516203,40.542650815,A192,_,00780,1406
A192__0071.1406,8.322540207321422,40.55001915,A192,_,0071,1406
A192__00660.1406,8.332891127946024,40.56446306,A192,_,00660,1406
A192__0061.1407,8.320022029158213,40.574971270000006,A192,_,0061,1407
A192__00780.1407,8.326944262054532,40.542744845,A192,_,00780,1407
A192__0071.1407,8.323588530286091,40.55051366,A192,_,0071,1407
A192__00660.1407,8.332972361514031,40.564459175,A192,_,00660,1407
A192__0064.1407,8.325639336702082,40.56407958,A192,_,0064,1407
A192__0061.1408,8.317246637118009,40.576286485,A192,_,0061,1408
A192__00780.1408,8.321922249026859,40.54636053,A192,_,00780,1408
A192__00660.1408,8.33289344095546,40.564511825,A192,_,00660,1408
A192__0064.1408,8.323687940197074,40.563670715,A192,_,0064,1408
A192__0064.1409,8.32312341125666,40.564430040000005,A192,_,0064,1409
A192__00780.1409,8.329657211024971,40.5476452,A192,_,00780,1409
A192__00660.1409,8.332876498731759,40.564520099999996,A192,_,00660,1409
A192__00020.141,8.189449110612415,40.657326940000004,A192,_,00020,141
A192__00940.141,8.357969085206665,40.509282705000004,A192,_,00940,141
A192__00900.141,8.359459399840768,40.522687335,A192,_,00900,141
A192__00870.141,8.337399137262302,40.5305011,A192,_,00870,141
A192__00860.141,8.352116741814653,40.540111745000004,A192,_,00860,141
A192__00850.141,8.3352589216917,40.53801131,A192,_,00850,141
A192__00840.141,8.329767919586818,40.539724719999995,A192,_,00840,141
A192__00810.141,8.37598350878239,40.54321028,A192,_,00810,141
A192__00800.141,8.344060051890008,40.549653375000005,A192,_,00800,141
A192__00790.141,8.342224787878386,40.54548817,A192,_,00790,141
A192__00780.141,8.332501924035334,40.544116285,A192,_,00780,141
A192__0077.141,8.327808504033555,40.55233147,A192,_,0077,141
A192__00750.141,8.389225330449289,40.551860115,A192,_,00750,141
A192__00740.141,8.35802681110232,40.55364008,A192,_,00740,141
A192__00730.141,8.346167041051931,40.55404303,A192,_,00730,141
A192__0071.141,8.318668742558813,40.554301935,A192,_,0071,141
A192__00680.141,8.354477240176843,40.57265749,A192,_,00680,141
A192__00670.141,8.340630630273505,40.56950365,A192,_,00670,141
A192__00660.141,8.334711996678013,40.56599879,A192,_,00660,141
A192__0065.141,8.31663141632431,40.56109965,A192,_,0065,141
A192__00630.141,8.337212093266618,40.57233563,A192,_,00630,141
A192__00590.141,8.372410125548978,40.58160564000001,A192,_,00590,141
A192__00580.141,8.361321609992796,40.588327875000004,A192,_,00580,141
A192__00550.141,8.31887456492448,40.582278439999996,A192,_,00550,141
A192__00540.141,8.350365942953315,40.591640874999996,A192,_,00540,141
A192__00520.141,8.330429104536165,40.592606970000006,A192,_,00520,141
A192__00510.141,8.316797739738277,40.588914239999994,A192,_,00510,141
A192__00480.141,8.243134077744442,40.589036234999995,A192,_,00480,141
A192__00470.141,8.206588123361467,40.586808059999996,A192,_,00470,141
A192__00440.141,8.392706858986593,40.591179495,A192,_,00440,141
A192__00400.141,8.323952593236914,40.60375161,A192,_,00400,141
A192__00380.141,8.30942697080682,40.602735485,A192,_,00380,141
A192__00330.141,8.238499321767279,40.59555703,A192,_,00330,141
A192__00320.141,8.223214343819324,40.59910942,A192,_,00320,141
A192__00310.141,8.36805779595525,40.615050655000005,A192,_,00310,141
A192__00300.141,8.384079676214004,40.60846723,A192,_,00300,141
A192__00280.141,8.354306880144712,40.61281373,A192,_,00280,141
A192__00270.141,8.351362061056456,40.603279,A192,_,00270,141
A192__00260.141,8.289458869483273,40.619119955,A192,_,00260,141
A192__00250.141,8.281133745680226,40.62173644,A192,_,00250,141
A192__00240.141,8.21682956515976,40.614580675,A192,_,00240,141
A192__00210.141,8.351460874604903,40.632598165000005,A192,_,00210,141
A192__00190.141,8.204963948764071,40.618449785,A192,_,00190,141
A192__00180.141,8.159610250207939,40.6270452,A192,_,00180,141
A192__00170.141,8.326662710132117,40.632053909999996,A192,_,00170,141
A192__00130.141,8.348388010903593,40.63004447,A192,_,00130,141
A192__00090.141,8.200134805674896,40.643424165,A192,_,00090,141
A192__00050.141,8.268490575008524,40.658184705,A192,_,00050,141
A192__00040.141,8.2589941708924,40.64530893,A192,_,00040,141
A192__00030.141,8.232065983757398,40.65064992,A192,_,00030,141
A192__0061.1410,8.31693974455752,40.576493105,A192,_,0061,1410
A192__00660.1410,8.333102290039385,40.564566345,A192,_,00660,1410
A192__0064.1410,8.323690692548794,40.56402928,A192,_,0064,1410
A192__0061.1411,8.321451714873374,40.573630565,A192,_,0061,1411
A192__00780.1411,8.3301182940337,40.544659855,A192,_,00780,1411
A192__00660.1411,8.333119285989802,40.564534755,A192,_,00660,1411
A192__0061.1412,8.321685224678937,40.573788525,A192,_,0061,1412
A192__00780.1412,8.330416043143847,40.54486655,A192,_,00780,1412
A192__0071.1412,8.323481210539065,40.550284825,A192,_,0071,1412
A192__0064.1412,8.324610617181673,40.563011255,A192,_,0064,1412
A192__0064.1413,8.324398896510946,40.563024185,A192,_,0064,1413
A192__00780.1413,8.325300412457258,40.54532659,A192,_,00780,1413
A192__0071.1414,8.318664783990146,40.55308623,A192,_,0071,1414
A192__0061.1415,8.317001878894983,40.57677688,A192,_,0061,1415
A192__0064.1415,8.324516507053549,40.564410275,A192,_,0064,1415
A192__0061.1416,8.321270092384555,40.571513275,A192,_,0061,1416
A192__00780.1416,8.328394711698579,40.5474528,A192,_,00780,1416
A192__0064.1416,8.325516884771648,40.5645484,A192,_,0064,1416
A192__0061.1417,8.321119316346152,40.571537434999996,A192,_,0061,1417
A192__00780.1417,8.328377609777045,40.547399084999995,A192,_,00780,1417
A192__0071.1417,8.323546292174754,40.549875815,A192,_,0071,1417
A192__0061.1418,8.314109288920228,40.57736628,A192,_,0061,1418
A192__00780.1418,8.334586481792844,40.544941715,A192,_,00780,1418
A192__0064.1418,8.32583021274541,40.563637115,A192,_,0064,1418
A192__00610.1419,8.322532321902298,40.575976065,A192,_,00610,1419
A192__00780.1419,8.334809637373503,40.545181424999996,A192,_,00780,1419
A192__00010.142,8.222465753117678,40.662265704999996,A192,_,00010,142
A192__00950.142,8.35303152282132,40.517065134999996,A192,_,00950,142
A192__00940.142,8.361809737685164,40.512223184999996,A192,_,00940,142
A192__00890.142,8.355544508296816,40.5255967,A192,_,00890,142
A192__00880.142,8.34717156335212,40.52608046,A192,_,00880,142
A192__00860.142,8.351437922453588,40.539403435,A192,_,00860,142
A192__00850.142,8.33583910882595,40.53793579,A192,_,00850,142
A192__00840.142,8.32968965565809,40.54026604,A192,_,00840,142
A192__00790.142,8.342795156091622,40.54530898,A192,_,00790,142
A192__0077.142,8.328029010758678,40.552212170000004,A192,_,0077,142
A192__00750.142,8.388762117636379,40.551857915,A192,_,00750,142
A192__00740.142,8.3612370673812,40.562333615,A192,_,00740,142
A192__00730.142,8.346611319724218,40.553868525,A192,_,00730,142
A192__00720.142,8.335403551874712,40.55734712,A192,_,00720,142
A192__00700.142,8.4060414535895,40.576866655,A192,_,00700,142
A192__00690.142,8.359124863055733,40.568991545,A192,_,00690,142
A192__00680.142,8.354061678901264,40.572697745,A192,_,00680,142
A192__00670.142,8.340033646813145,40.569600415,A192,_,00670,142
A192__0065.142,8.317518293992514,40.56118357,A192,_,0065,142
A192__00630.142,8.337026024462698,40.571688914999996,A192,_,00630,142
A192__0061.142,8.317856263061394,40.576404915,A192,_,0061,142
A192__00580.142,8.364688292637087,40.58790064,A192,_,00580,142
A192__00560.142,8.3247214166323,40.579453439999995,A192,_,00560,142
A192__00550.142,8.320236229532311,40.587579905,A192,_,00550,142
A192__00540.142,8.352147043348712,40.595125485,A192,_,00540,142
A192__00520.142,8.330283857308881,40.5925568,A192,_,00520,142
A192__00510.142,8.316219374063994,40.58908654,A192,_,00510,142
A192__0049.142,8.28260123462795,40.593006745,A192,_,0049,142
A192__00470.142,8.2078581347604,40.587337985,A192,_,00470,142
A192__00450.142,8.166187312120586,40.584728215,A192,_,00450,142
A192__00440.142,8.393053120686766,40.59097649,A192,_,00440,142
A192__00420.142,8.342210743724348,40.60509563,A192,_,00420,142
A192__00380.142,8.309234876857097,40.602593775,A192,_,00380,142
A192__00350.142,8.269914559483592,40.602135544999996,A192,_,00350,142
A192__00330.142,8.23900065695501,40.59716542,A192,_,00330,142
A192__00320.142,8.223292078452094,40.598191334999996,A192,_,00320,142
A192__00310.142,8.377079385926958,40.606136075,A192,_,00310,142
A192__00300.142,8.384198616635128,40.608505480000005,A192,_,00300,142
A192__00280.142,8.354618483501344,40.612289634999996,A192,_,00280,142
A192__00270.142,8.349114501484936,40.61311938,A192,_,00270,142
A192__00260.142,8.28883534407229,40.61910394,A192,_,00260,142
A192__00240.142,8.216907192445392,40.615577335,A192,_,00240,142
A192__00210.142,8.351548308159563,40.632831515,A192,_,00210,142
A192__00190.142,8.205377605318716,40.618670025,A192,_,00190,142
A192__00180.142,8.159110931442669,40.626842395,A192,_,00180,142
A192__00160.142,8.272162116450419,40.62528167,A192,_,00160,142
A192__00150.142,8.226982434919753,40.63998111,A192,_,00150,142
A192__00130.142,8.350913663301087,40.630050530000005,A192,_,00130,142
A192__00120.142,8.303985902748224,40.624440265,A192,_,00120,142
A192__00090.142,8.213187799100641,40.64548269,A192,_,00090,142
A192__00050.142,8.278057428862546,40.659741685,A192,_,00050,142
A192__00030.142,8.232911199884722,40.650922879999996,A192,_,00030,142
A192__00020.142,8.190425680056425,40.65564863,A192,_,00020,142
A192__0061.1420,8.319862153544621,40.575562614999996,A192,_,0061,1420
A192__00610.1421,8.320517777073112,40.576457615,A192,_,00610,1421
A192__00780.1421,8.325257216180585,40.544799215,A192,_,00780,1421
A192__00710.1421,8.326641287269535,40.547015779999995,A192,_,00710,1421
A192__00780.1422,8.324984614459346,40.54470712,A192,_,00780,1422
A192__0061.1423,8.32093521356746,40.570862774999995,A192,_,0061,1423
A192__00710.1423,8.326213875957428,40.54658676,A192,_,00710,1423
A192__0061.1424,8.321007050949126,40.570881215,A192,_,0061,1424
A192__00780.1424,8.321524120192766,40.545274005,A192,_,00780,1424
A192__00710.1424,8.326395008159025,40.546628534999996,A192,_,00710,1424
A192__00780.1425,8.325421701629619,40.544836415000006,A192,_,00780,1425
A192__0061.1426,8.321088859711224,40.57073514,A192,_,0061,1426
A192__00780.1426,8.328429985243172,40.54710861,A192,_,00780,1426
A192__00610.1427,8.322467766610067,40.573976564999995,A192,_,00610,1427
A192__00780.1427,8.328230347524622,40.547165344999996,A192,_,00780,1427
A192__00710.1427,8.325924230044123,40.546829835,A192,_,00710,1427
A192__0061.1428,8.318581525431949,40.573664865,A192,_,0061,1428
A192__00780.1428,8.32863198259824,40.547046255,A192,_,00780,1428
A192__00640.1428,8.319761569227904,40.566111635,A192,_,00640,1428
A192__0061.1429,8.318966979396805,40.574797195,A192,_,0061,1429
A192__00780.1429,8.328331898988463,40.548904345,A192,_,00780,1429
A192__00710.1429,8.325816927585024,40.547018699999995,A192,_,00710,1429
A192__00010.143,8.231979317504202,40.664397255,A192,_,00010,143
A192__00970.143,8.31182101962803,40.55940837,A192,_,00970,143
A192__00950.143,8.353477601848248,40.51638175,A192,_,00950,143
A192__00940.143,8.359127316552343,40.50930721,A192,_,00940,143
A192__00930.143,8.339128779603302,40.51862907,A192,_,00930,143
A192__00900.143,8.35937039289755,40.521373475,A192,_,00900,143
A192__00870.143,8.337608752869823,40.530311035,A192,_,00870,143
A192__00860.143,8.351576825447967,40.5391779,A192,_,00860,143
A192__00840.143,8.329907582369952,40.54000795,A192,_,00840,143
A192__00800.143,8.344942728251652,40.549525785,A192,_,00800,143
A192__00780.143,8.337702409849964,40.53994808,A192,_,00780,143
A192__0077.143,8.32809911080287,40.55231441,A192,_,0077,143
A192__00750.143,8.394837846122769,40.55455598,A192,_,00750,143
A192__00720.143,8.337178097165697,40.556986885,A192,_,00720,143
A192__0071.143,8.317064294619765,40.557145325,A192,_,0071,143
A192__00700.143,8.40563904335718,40.577726765,A192,_,00700,143
A192__00680.143,8.35411606191936,40.573252035,A192,_,00680,143
A192__00670.143,8.338599856898327,40.56109473,A192,_,00670,143
A192__0065.143,8.316583723429543,40.561073665,A192,_,0065,143
A192__00630.143,8.33703041964744,40.571697785,A192,_,00630,143
A192__00560.143,8.323503684588573,40.581601425,A192,_,00560,143
A192__00550.143,8.32023642649363,40.587438065,A192,_,00550,143
A192__00540.143,8.351993446713676,40.594221145,A192,_,00540,143
A192__00530.143,8.33868836498568,40.59479957,A192,_,00530,143
A192__00510.143,8.315862730258601,40.589339775,A192,_,00510,143
A192__00470.143,8.208268861979882,40.587723155,A192,_,00470,143
A192__00450.143,8.165956440591042,40.58648782,A192,_,00450,143
A192__00440.143,8.393062795117595,40.591240775,A192,_,00440,143
A192__00420.143,8.342368636215873,40.60546447,A192,_,00420,143
A192__00410.143,8.339441157781508,40.602695415,A192,_,00410,143
A192__00390.143,8.318863142564082,40.59865456,A192,_,00390,143
A192__00380.143,8.30906020613158,40.60245916,A192,_,00380,143
A192__00350.143,8.2701086231253,40.602177964999996,A192,_,00350,143
A192__00330.143,8.23903513377879,40.595539529999996,A192,_,00330,143
A192__00320.143,8.223980257139894,40.598599930000006,A192,_,00320,143
A192__00310.143,8.376443014946034,40.60645644,A192,_,00310,143
A192__00300.143,8.383661971043466,40.607362875,A192,_,00300,143
A192__00250.143,8.282418966752276,40.61697064,A192,_,00250,143
A192__00240.143,8.215994317910665,40.614863835,A192,_,00240,143
A192__00210.143,8.351008410220157,40.630451275,A192,_,00210,143
A192__00190.143,8.208022025412326,40.620906465000004,A192,_,00190,143
A192__00180.143,8.159519252171652,40.62700486,A192,_,00180,143
A192__00170.143,8.318161246089353,40.635154235,A192,_,00170,143
A192__00160.143,8.272907494183084,40.625226225,A192,_,00160,143
A192__00130.143,8.334700139618413,40.625982685,A192,_,00130,143
A192__00120.143,8.302391606805035,40.64517389,A192,_,00120,143
A192__00090.143,8.213417634468062,40.645684525,A192,_,00090,143
A192__00070.143,8.328533718250135,40.654870595,A192,_,00070,143
A192__00060.143,8.287266771402006,40.660157655,A192,_,00060,143
A192__00050.143,8.281446628519237,40.660304355,A192,_,00050,143
A192__00040.143,8.261215087673488,40.644969509999996,A192,_,00040,143
A192__00020.143,8.191685596616672,40.655087015,A192,_,00020,143
A192__00610.1430,8.315309798833091,40.5792493,A192,_,00610,1430
A192__00780.1430,8.327355645263122,40.54792456,A192,_,00780,1430
A192__00710.1430,8.32620509247228,40.547061875,A192,_,00710,1430
A192__0061.1431,8.320677307798988,40.57023638,A192,_,0061,1431
A192__00780.1431,8.328375424647572,40.54866247,A192,_,00780,1431
A192__00640.1431,8.328163785355844,40.565507355,A192,_,00640,1431
A192__00640.1432,8.328637479231425,40.565639885,A192,_,00640,1432
A192__00780.1432,8.335010646823951,40.54391871,A192,_,00780,1432
A192__0061.1433,8.31841043067719,40.57169814,A192,_,0061,1433
A192__00610.1434,8.317289986305465,40.58272118,A192,_,00610,1434
A192__00780.1434,8.332958279475093,40.541301195,A192,_,00780,1434
A192__0071.1434,8.324285364201918,40.549909385,A192,_,0071,1434
A192__00610.1435,8.317414460845365,40.58292973499999,A192,_,00610,1435
A192__0071.1435,8.324676615870938,40.549591155,A192,_,0071,1435
A192__00640.1435,8.331764412041174,40.567767755,A192,_,00640,1435
A192__00610.1436,8.31752021978373,40.578345555,A192,_,00610,1436
A192__00780.1436,8.334557754749355,40.543333309999994,A192,_,00780,1436
A192__0061.1437,8.319513236763342,40.575387265,A192,_,0061,1437
A192__00640.1437,8.324083959892342,40.56913994,A192,_,00640,1437
A192__0061.1438,8.31862733949781,40.573545655000004,A192,_,0061,1438
A192__0071.1438,8.324771896029649,40.556787514999996,A192,_,0071,1438
A192__00640.1438,8.324087550080915,40.56900771,A192,_,00640,1438
A192__00640.1439,8.323960012642672,40.568961005,A192,_,00640,1439
A192__00020.144,8.192454416205823,40.65407388,A192,_,00020,144
A192__00970.144,8.311741974739377,40.559497625,A192,_,00970,144
A192__00950.144,8.352969267092782,40.51772675,A192,_,00950,144
A192__00940.144,8.358580148875793,40.50884297,A192,_,00940,144
A192__00930.144,8.33795409573095,40.51904594,A192,_,00930,144
A192__00900.144,8.359368147221318,40.521132390000005,A192,_,00900,144
A192__00890.144,8.35425324261691,40.52639694,A192,_,00890,144
A192__00880.144,8.341758365274751,40.528086470000005,A192,_,00880,144
A192__00870.144,8.337094834155344,40.53084867,A192,_,00870,144
A192__00860.144,8.35184834918496,40.539049435,A192,_,00860,144
A192__00840.144,8.33100022618249,40.540014455000005,A192,_,00840,144
A192__00800.144,8.358023561565467,40.543200299999995,A192,_,00800,144
A192__00790.144,8.341351828190142,40.549510715,A192,_,00790,144
A192__00780.144,8.326097738952576,40.546223725,A192,_,00780,144
A192__0077.144,8.328598286186658,40.552743985,A192,_,0077,144
A192__00750.144,8.392277165416083,40.552333275,A192,_,00750,144
A192__00730.144,8.347304352888258,40.553533494999996,A192,_,00730,144
A192__0072.144,8.327057571349574,40.55704298,A192,_,0072,144
A192__00700.144,8.406184004657048,40.57701533,A192,_,00700,144
A192__00680.144,8.35437667660647,40.572612359999994,A192,_,00680,144
A192__00670.144,8.33879284374565,40.560991565,A192,_,00670,144
A192__0065.144,8.315822169071911,40.560851535,A192,_,0065,144
A192__00590.144,8.375298493370142,40.57820713,A192,_,00590,144
A192__00570.144,8.342584196111583,40.586499945,A192,_,00570,144
A192__00550.144,8.31865521947855,40.587188895,A192,_,00550,144
A192__00540.144,8.35224518593495,40.595019734999994,A192,_,00540,144
A192__00530.144,8.33872506861066,40.594720980000005,A192,_,00530,144
A192__00520.144,8.330464405753062,40.591897175,A192,_,00520,144
A192__00470.144,8.208095227096674,40.587912585,A192,_,00470,144
A192__00450.144,8.165828351810871,40.58639336,A192,_,00450,144
A192__00440.144,8.394394911842229,40.5910099,A192,_,00440,144
A192__00410.144,8.339994644061006,40.603022485,A192,_,00410,144
A192__00380.144,8.310534975315342,40.59864176,A192,_,00380,144
A192__00330.144,8.239645906891123,40.59714246,A192,_,00330,144
A192__00320.144,8.224846534077724,40.598375905,A192,_,00320,144
A192__00310.144,8.375010787751062,40.61407148,A192,_,00310,144
A192__00300.144,8.383777138936038,40.607458495,A192,_,00300,144
A192__00270.144,8.347835481064067,40.613223665,A192,_,00270,144
A192__00250.144,8.282083223280132,40.617181720000005,A192,_,00250,144
A192__00240.144,8.216014450024437,40.6145013,A192,_,00240,144
A192__00210.144,8.350978424816045,40.630454895,A192,_,00210,144
A192__00190.144,8.20459832931759,40.617746915,A192,_,00190,144
A192__00180.144,8.158397750306708,40.626661675,A192,_,00180,144
A192__00130.144,8.338899112280671,40.626228845,A192,_,00130,144
A192__00120.144,8.302407165798456,40.64528763,A192,_,00120,144
A192__00090.144,8.211329426767819,40.642493035,A192,_,00090,144
A192__00070.144,8.336971744005867,40.65613838,A192,_,00070,144
A192__00060.144,8.28618126815795,40.66011904,A192,_,00060,144
A192__00050.144,8.283406125733805,40.661587465,A192,_,00050,144
A192__00040.144,8.260153747317615,40.64535062,A192,_,00040,144
A192__00610.1440,8.318142471488962,40.580525785000006,A192,_,00610,1440
A192__00780.1440,8.324775219574416,40.543663075,A192,_,00780,1440
A192__0071.1440,8.323888990315357,40.54981868,A192,_,0071,1440
A192__00640.1440,8.323931336986163,40.5688602,A192,_,00640,1440
A192__00610.1441,8.318190783971682,40.580609155000005,A192,_,00610,1441
A192__00780.1441,8.325163903936767,40.544927535,A192,_,00780,1441
A192__00640.1441,8.32385928231598,40.56879105,A192,_,00640,1441
A192__00610.1442,8.317998759598188,40.58072523,A192,_,00610,1442
A192__00780.1442,8.336800150386484,40.546289,A192,_,00780,1442
A192__00710.1442,8.325639633386311,40.54640476,A192,_,00710,1442
A192__00640.1442,8.323766909057571,40.56874733,A192,_,00640,1442
A192__00610.1443,8.317856483483204,40.580768875000004,A192,_,00610,1443
A192__00780.1443,8.336397347915652,40.546334855,A192,_,00780,1443
A192__00710.1443,8.326583588853907,40.546689494999995,A192,_,00710,1443
A192__00640.1443,8.323543851714474,40.568638655,A192,_,00640,1443
A192__00610.1444,8.31823708780086,40.580643855000005,A192,_,00610,1444
A192__00780.1444,8.333132111545666,40.54202413,A192,_,00780,1444
A192__00710.1444,8.325476556956417,40.546317885,A192,_,00710,1444
A192__00640.1444,8.32475959380834,40.568686029999995,A192,_,00640,1444
A192__0061.1445,8.318816480549703,40.573195444999996,A192,_,0061,1445
A192__00780.1445,8.333324412694957,40.54168693,A192,_,00780,1445
A192__00640.1445,8.32475058598665,40.56862988,A192,_,00640,1445
A192__0061.1446,8.319882195193228,40.57502543,A192,_,0061,1446
A192__00640.1446,8.32465069927682,40.568687615,A192,_,00640,1446
A192__00640.1447,8.32452205405054,40.56871836,A192,_,00640,1447
A192__00710.1447,8.32653753543196,40.54719464,A192,_,00710,1447
A192__0061.1448,8.32026361441601,40.56986017,A192,_,0061,1448
A192__00640.1448,8.324497587037218,40.568695825000006,A192,_,00640,1448
A192__0061.1449,8.31597551704138,40.5758062,A192,_,0061,1449
A192__0064.1449,8.321313412682931,40.561560064999995,A192,_,0064,1449
A192__00020.145,8.189561533934384,40.657716,A192,_,00020,145
A192__00970.145,8.311646235257257,40.55959677,A192,_,00970,145
A192__00950.145,8.34035881334433,40.515960975,A192,_,00950,145
A192__00930.145,8.338180871086802,40.51884578,A192,_,00930,145
A192__00900.145,8.35828368793478,40.521768135,A192,_,00900,145
A192__00870.145,8.336489085142006,40.53127815,A192,_,00870,145
A192__00840.145,8.330970819528808,40.539834505,A192,_,00840,145
A192__00810.145,8.370064575461832,40.549048155,A192,_,00810,145
A192__00800.145,8.357894651909193,40.542754345000006,A192,_,00800,145
A192__00790.145,8.341336296872303,40.54596543,A192,_,00790,145
A192__00780.145,8.325810600058174,40.546124635,A192,_,00780,145
A192__00750.145,8.39027459182896,40.55236421,A192,_,00750,145
A192__00730.145,8.347729512070703,40.55344556,A192,_,00730,145
A192__0071.145,8.316295722529542,40.556117905,A192,_,0071,145
A192__00700.145,8.384291401158167,40.577260655,A192,_,00700,145
A192__00680.145,8.354441228254087,40.57283717,A192,_,00680,145
A192__00670.145,8.338336020028057,40.56178114,A192,_,00670,145
A192__00660.145,8.328708203813243,40.559275885000005,A192,_,00660,145
A192__0065.145,8.315812417341498,40.56078927,A192,_,0065,145
A192__00580.145,8.364873980469397,40.587931955,A192,_,00580,145
A192__00570.145,8.340810692490555,40.587347795,A192,_,00570,145
A192__00560.145,8.323968268860856,40.584264575000006,A192,_,00560,145
A192__00550.145,8.319520199580074,40.587230305000006,A192,_,00550,145
A192__00540.145,8.352236499799506,40.59409102,A192,_,00540,145
A192__00530.145,8.338541248794918,40.594388705,A192,_,00530,145
A192__00520.145,8.330001484911747,40.591917045,A192,_,00520,145
A192__00510.145,8.316941362636836,40.589396185,A192,_,00510,145
A192__00470.145,8.207937149738381,40.58845345,A192,_,00470,145
A192__00450.145,8.165965248333784,40.586677685,A192,_,00450,145
A192__00440.145,8.39973864767212,40.589190565,A192,_,00440,145
A192__00420.145,8.342585057354208,40.60444334,A192,_,00420,145
A192__00410.145,8.338461878239954,40.599167525,A192,_,00410,145
A192__00390.145,8.319773753767521,40.598789795,A192,_,00390,145
A192__00380.145,8.311283098927872,40.598390895,A192,_,00380,145
A192__00350.145,8.280174283532563,40.603674585,A192,_,00350,145
A192__00330.145,8.237832697724958,40.59566684,A192,_,00330,145
A192__00320.145,8.225726071389474,40.59822297,A192,_,00320,145
A192__00310.145,8.374443050381174,40.61356831,A192,_,00310,145
A192__00270.145,8.3479431567237,40.613265935,A192,_,00270,145
A192__00250.145,8.285013960013185,40.615231885,A192,_,00250,145
A192__00240.145,8.212964418101208,40.620175630000006,A192,_,00240,145
A192__00210.145,8.351201399602143,40.632094725,A192,_,00210,145
A192__00190.145,8.204795237402958,40.61783708,A192,_,00190,145
A192__00180.145,8.165383479007925,40.630195045,A192,_,00180,145
A192__00170.145,8.309777748919391,40.626471015,A192,_,00170,145
A192__00150.145,8.229556840210389,40.641429239999994,A192,_,00150,145
A192__00120.145,8.302422999158363,40.646146775,A192,_,00120,145
A192__00090.145,8.211192283483069,40.642082075000005,A192,_,00090,145
A192__00060.145,8.285737337579022,40.66026231,A192,_,00060,145
A192__00050.145,8.28255475330261,40.66464509,A192,_,00050,145
A192__00030.145,8.240623165791254,40.665033945000005,A192,_,00030,145
A192__0061.1450,8.319971180291134,40.573751040000005,A192,_,0061,1450
A192__00610.1451,8.314149916145922,40.57935582,A192,_,00610,1451
A192__00710.1451,8.326052208387274,40.546537455,A192,_,00710,1451
A192__00610.1452,8.313763206753647,40.578668495,A192,_,00610,1452
A192__0064.1452,8.318627895122164,40.564504760000005,A192,_,0064,1452
A192__00610.1453,8.31394265576657,40.579703435,A192,_,00610,1453
A192__00640.1453,8.332145753569467,40.56767131,A192,_,00640,1453
A192__0061.1454,8.315703720427083,40.57554202,A192,_,0061,1454
A192__00640.1454,8.33180062122572,40.56747765,A192,_,00640,1454
A192__00640.1455,8.33195003293423,40.567414665,A192,_,00640,1455
A192__0061.1456,8.319080028352683,40.570235255,A192,_,0061,1456
A192__00660.1456,8.330764542914764,40.55930805,A192,_,00660,1456
A192__00640.1456,8.328593030252996,40.5654685,A192,_,00640,1456
A192__0061.1457,8.320404584025475,40.571954184999996,A192,_,0061,1457
A192__00660.1457,8.330836530926907,40.559285775,A192,_,00660,1457
A192__0061.1458,8.32067787945852,40.571703715,A192,_,0061,1458
A192__00660.1458,8.330958092061767,40.55935215,A192,_,00660,1458
A192__0061.1459,8.320787742535735,40.57168233,A192,_,0061,1459
A192__0071.1459,8.32168664676734,40.561120364999994,A192,_,0071,1459
A192__00660.1459,8.330935027557015,40.559384605000005,A192,_,00660,1459
A192__00030.146,8.24133336659543,40.66504868,A192,_,00030,146
A192__00970.146,8.311533876347259,40.5596333,A192,_,00970,146
A192__00950.146,8.355092790267161,40.515493275,A192,_,00950,146
A192__00940.146,8.35952995417092,40.508387065,A192,_,00940,146
A192__00930.146,8.338462328744686,40.518997385,A192,_,00930,146
A192__00900.146,8.357883158534102,40.523160575,A192,_,00900,146
A192__00870.146,8.337640544742145,40.530247790000004,A192,_,00870,146
A192__00860.146,8.361694835332653,40.536491319999996,A192,_,00860,146
A192__00850.146,8.33643579206161,40.538120275,A192,_,00850,146
A192__00840.146,8.330883568902593,40.53964772,A192,_,00840,146
A192__00810.146,8.377004627645022,40.546170055,A192,_,00810,146
A192__00750.146,8.389936250266896,40.552363465,A192,_,00750,146
A192__00730.146,8.34840013602441,40.55330135,A192,_,00730,146
A192__0071.146,8.316050943061374,40.555921260000005,A192,_,0071,146
A192__00700.146,8.384649758614518,40.576903005,A192,_,00700,146
A192__00680.146,8.355785450882562,40.56599498,A192,_,00680,146
A192__00660.146,8.328826568531353,40.559405125,A192,_,00660,146
A192__0061.146,8.316670427795197,40.57571247,A192,_,0061,146
A192__00590.146,8.388001670549944,40.582999869999995,A192,_,00590,146
A192__00580.146,8.354714464137142,40.58641626,A192,_,00580,146
A192__00570.146,8.341468487199133,40.587145725,A192,_,00570,146
A192__00560.146,8.324068866672098,40.583781775,A192,_,00560,146
A192__00550.146,8.318751426420981,40.587338235000004,A192,_,00550,146
A192__00520.146,8.329823531551892,40.591820444999996,A192,_,00520,146
A192__00500.146,8.316475860778919,40.58166138,A192,_,00500,146
A192__0049.146,8.282604755868885,40.592713020000005,A192,_,0049,146
A192__00470.146,8.208332933851803,40.58996603,A192,_,00470,146
A192__00450.146,8.165963197012655,40.586622625000004,A192,_,00450,146
A192__00440.146,8.38451506105632,40.5984044,A192,_,00440,146
A192__00420.146,8.342868675387368,40.604812960000004,A192,_,00420,146
A192__00400.146,8.323916886618637,40.60284681,A192,_,00400,146
A192__00380.146,8.312039910029782,40.598140115,A192,_,00380,146
A192__00330.146,8.238106659487695,40.596520615,A192,_,00330,146
A192__00320.146,8.2265976043728,40.59805982,A192,_,00320,146
A192__00310.146,8.37419429917776,40.613666789999996,A192,_,00310,146
A192__00280.146,8.356411041037873,40.611429900000005,A192,_,00280,146
A192__00270.146,8.321997408265103,40.612877695,A192,_,00270,146
A192__00250.146,8.28621352397456,40.61416225,A192,_,00250,146
A192__00240.146,8.211196295815393,40.618988779999995,A192,_,00240,146
A192__00210.146,8.351352041846749,40.632567955,A192,_,00210,146
A192__00180.146,8.161780374737166,40.62726832,A192,_,00180,146
A192__00160.146,8.27131091115561,40.628430225,A192,_,00160,146
A192__00120.146,8.299078448906743,40.647721835,A192,_,00120,146
A192__00090.146,8.205044585979312,40.65113751,A192,_,00090,146
A192__00060.146,8.286076322713981,40.65907434,A192,_,00060,146
A192__00050.146,8.28267426077279,40.66050899,A192,_,00050,146
A192__0061.1460,8.319674745812964,40.57056871,A192,_,0061,1460
A192__0071.1460,8.321837787092917,40.56109737,A192,_,0071,1460
A192__00660.1460,8.33156117223913,40.56045001,A192,_,00660,1460
A192__0061.1461,8.320203604758358,40.571000260000005,A192,_,0061,1461
A192__0071.1461,8.325371667627458,40.558437909999995,A192,_,0071,1461
A192__00660.1461,8.33121795418458,40.560344560000004,A192,_,00660,1461
A192__00610.1462,8.315377937040932,40.58017696,A192,_,00610,1462
A192__00660.1462,8.330956615734287,40.559972599999995,A192,_,00660,1462
A192__0064.1462,8.321282481708552,40.563789965,A192,_,0064,1462
A192__00610.1463,8.315250379201014,40.58010011499999,A192,_,00610,1463
A192__0071.1463,8.326129114146651,40.558266544999995,A192,_,0071,1463
A192__00660.1463,8.331347314055527,40.559928965,A192,_,00660,1463
A192__00610.1464,8.315209446897926,40.580256320000004,A192,_,00610,1464
A192__0071.1464,8.325480372219223,40.558527935,A192,_,0071,1464
A192__00660.1464,8.331510329672582,40.56002438,A192,_,00660,1464
A192__0064.1465,8.32129223045224,40.563879395,A192,_,0064,1465
A192__00660.1465,8.331301515229335,40.560118315,A192,_,00660,1465
A192__00660.1466,8.330977355603277,40.559623545,A192,_,00660,1466
A192__0071.1466,8.326054439320089,40.557963545,A192,_,0071,1466
A192__0061.1467,8.316365534612169,40.575414695,A192,_,0061,1467
A192__00660.1467,8.33258800276633,40.56154196,A192,_,00660,1467
A192__0061.1468,8.316452384824036,40.575458425,A192,_,0061,1468
A192__00660.1468,8.333215380500768,40.561424630000005,A192,_,00660,1468
A192__0064.1468,8.321122204184139,40.563965530000004,A192,_,0064,1468
A192__0061.1469,8.321589569884269,40.571256555000005,A192,_,0061,1469
A192__0071.1469,8.325701440299698,40.558400105000004,A192,_,0071,1469
A192__00660.1469,8.332069376322128,40.561549459999995,A192,_,00660,1469
A192__0064.1469,8.321111977496372,40.56384303,A192,_,0064,1469
A192__00030.147,8.240717971864388,40.664006924999995,A192,_,00030,147
A192__00970.147,8.31158110700109,40.559552235,A192,_,00970,147
A192__00940.147,8.360157182140187,40.509682525,A192,_,00940,147
A192__00930.147,8.338535306721257,40.518723800000004,A192,_,00930,147
A192__00900.147,8.357017503771111,40.523148590000005,A192,_,00900,147
A192__00870.147,8.336283280283428,40.531423385,A192,_,00870,147
A192__00860.147,8.362076514065524,40.536357385,A192,_,00860,147
A192__00850.147,8.33659316676985,40.53832567,A192,_,00850,147
A192__00840.147,8.330963028583643,40.539816805,A192,_,00840,147
A192__00810.147,8.36459874358446,40.546298395,A192,_,00810,147
A192__00800.147,8.355397044586688,40.54568108,A192,_,00800,147
A192__00780.147,8.322740884013605,40.54550004,A192,_,00780,147
A192__0077.147,8.327580226052158,40.55544406,A192,_,0077,147
A192__0071.147,8.315693850968866,40.55285439,A192,_,0071,147
A192__00700.147,8.405037581694065,40.577990355,A192,_,00700,147
A192__00680.147,8.355975367716642,40.56582969,A192,_,00680,147
A192__00670.147,8.338010952205327,40.56259326,A192,_,00670,147
A192__00660.147,8.329178207002677,40.559680805,A192,_,00660,147
A192__0065.147,8.31898462677163,40.561800245,A192,_,0065,147
A192__00590.147,8.386804971450875,40.583439569999996,A192,_,00590,147
A192__00580.147,8.3611146455444,40.58898998,A192,_,00580,147
A192__00560.147,8.324640602168781,40.583800714999995,A192,_,00560,147
A192__00550.147,8.318169199741833,40.587220305,A192,_,00550,147
A192__00510.147,8.317264138826044,40.588763220000004,A192,_,00510,147
A192__00470.147,8.208119971412538,40.59016887,A192,_,00470,147
A192__00450.147,8.16602284087097,40.58661961,A192,_,00450,147
A192__00440.147,8.382850912174625,40.59754789,A192,_,00440,147
A192__00420.147,8.34313405543338,40.605320745,A192,_,00420,147
A192__00400.147,8.325067279932883,40.604054075,A192,_,00400,147
A192__00380.147,8.312634935081503,40.59939588,A192,_,00380,147
A192__00310.147,8.3736338781366,40.613766935,A192,_,00310,147
A192__00300.147,8.385009342163919,40.60825448999999,A192,_,00300,147
A192__00280.147,8.363877821018281,40.619530495,A192,_,00280,147
A192__00270.147,8.323155802424187,40.61322671,A192,_,00270,147
A192__00240.147,8.212684102265236,40.62014771,A192,_,00240,147
A192__00210.147,8.351552088201363,40.632942415,A192,_,00210,147
A192__00190.147,8.199467801446488,40.621988555,A192,_,00190,147
A192__00180.147,8.16070357697813,40.62731275,A192,_,00180,147
A192__00160.147,8.266377626162917,40.628310475,A192,_,00160,147
A192__00120.147,8.29889503578702,40.648071355,A192,_,00120,147
A192__00090.147,8.208143899830269,40.653274010000004,A192,_,00090,147
A192__00080.147,8.323971689332339,40.662133435,A192,_,00080,147
A192__00070.147,8.33555587079108,40.668139175,A192,_,00070,147
A192__00060.147,8.287468691642689,40.65913491,A192,_,00060,147
A192__00050.147,8.27479661648685,40.659207235,A192,_,00050,147
A192__00040.147,8.260686472303103,40.64597485,A192,_,00040,147
A192__00640.1470,8.327187271839367,40.564756505000005,A192,_,00640,1470
A192__0061.1471,8.31555046999399,40.575712679999995,A192,_,0061,1471
A192__0071.1471,8.32604276959749,40.55917282,A192,_,0071,1471
A192__00660.1471,8.332576004773879,40.56350205,A192,_,00660,1471
A192__00640.1471,8.32758638917784,40.56449171,A192,_,00640,1471
A192__0061.1472,8.321888676493707,40.57353644,A192,_,0061,1472
A192__00660.1472,8.334405773500777,40.562150725,A192,_,00660,1472
A192__00640.1472,8.322850160122075,40.566856810000004,A192,_,00640,1472
A192__0061.1473,8.317318194497798,40.5762156,A192,_,0061,1473
A192__0071.1473,8.324759320276424,40.558479039999995,A192,_,0071,1473
A192__00660.1473,8.332303649306425,40.56090203,A192,_,00660,1473
A192__00640.1473,8.322049485004916,40.566681270000004,A192,_,00640,1473
A192__00640.1474,8.322114177993797,40.566934805,A192,_,00640,1474
A192__0071.1474,8.324648707640536,40.558621065,A192,_,0071,1474
A192__00660.1474,8.332039282455113,40.560886194999995,A192,_,00660,1474
A192__00640.1475,8.322346944242518,40.56705076,A192,_,00640,1475
A192__0071.1475,8.324904751119973,40.558527455000004,A192,_,0071,1475
A192__00660.1475,8.332478664428464,40.560982159999995,A192,_,00660,1475
A192__00610.1476,8.315316605004774,40.580346594999995,A192,_,00610,1476
A192__00660.1476,8.332341766984094,40.561107585,A192,_,00660,1476
A192__00640.1476,8.322005535939997,40.56652565,A192,_,00640,1476
A192__00610.1477,8.31539151992998,40.580279884999996,A192,_,00610,1477
A192__00660.1477,8.331460769736294,40.561005955,A192,_,00660,1477
A192__00640.1477,8.321650928419835,40.566743095,A192,_,00640,1477
A192__0061.1478,8.31639647685152,40.575368005,A192,_,0061,1478
A192__0071.1478,8.324803948419046,40.558176615,A192,_,0071,1478
A192__00660.1478,8.331732809376218,40.56089891,A192,_,00660,1478
A192__00640.1478,8.323494207605457,40.5661358,A192,_,00640,1478
A192__0061.1479,8.316422919875523,40.575356514999996,A192,_,0061,1479
A192__0071.1479,8.324929204432536,40.55823506,A192,_,0071,1479
A192__00660.1479,8.332080420917473,40.560106184999995,A192,_,00660,1479
A192__00640.1479,8.323537347136034,40.566536035,A192,_,00640,1479
A192__00050.148,8.274021557378111,40.659080384999996,A192,_,00050,148
A192__00950.148,8.34042617874606,40.515479105,A192,_,00950,148
A192__00940.148,8.361224001458162,40.50798446,A192,_,00940,148
A192__00930.148,8.338709522850564,40.518751365,A192,_,00930,148
A192__00900.148,8.360765833093993,40.522338829999995,A192,_,00900,148
A192__00870.148,8.335725552494694,40.531454690000004,A192,_,00870,148
A192__00860.148,8.360440475961052,40.540480475,A192,_,00860,148
A192__00850.148,8.336069422864789,40.53886324,A192,_,00850,148
A192__00810.148,8.370467556478157,40.546283765,A192,_,00810,148
A192__00780.148,8.32271960644309,40.545360635,A192,_,00780,148
A192__0077.148,8.328060331883648,40.555416825,A192,_,0077,148
A192__00740.148,8.35446435831653,40.559060955,A192,_,00740,148
A192__00700.148,8.40460658517054,40.577926995,A192,_,00700,148
A192__00680.148,8.356248956443185,40.56567822,A192,_,00680,148
A192__00670.148,8.33778156166126,40.56263912,A192,_,00670,148
A192__00630.148,8.333224961733498,40.56981174,A192,_,00630,148
A192__00620.148,8.324813513396588,40.572535404999996,A192,_,00620,148
A192__0061.148,8.317598133187293,40.576066265,A192,_,0061,148
A192__00600.148,8.351977852019495,40.57662672,A192,_,00600,148
A192__00570.148,8.343118127173662,40.586769665,A192,_,00570,148
A192__00560.148,8.323741749303341,40.583911775,A192,_,00560,148
A192__00550.148,8.318127434865811,40.587291705,A192,_,00550,148
A192__00520.148,8.330442149908432,40.592322679999995,A192,_,00520,148
A192__00510.148,8.316943720525988,40.58985299,A192,_,00510,148
A192__00500.148,8.316634940562071,40.581558474999994,A192,_,00500,148
A192__00470.148,8.207666254839534,40.59027563,A192,_,00470,148
A192__00440.148,8.387493872075126,40.596429035,A192,_,00440,148
A192__00410.148,8.332378649656203,40.60428281,A192,_,00410,148
A192__00400.148,8.324957685871322,40.603864165000005,A192,_,00400,148
A192__00380.148,8.312758284232835,40.599359785000004,A192,_,00380,148
A192__00310.148,8.374758036861529,40.613804625,A192,_,00310,148
A192__00300.148,8.383368574425825,40.60888186,A192,_,00300,148
A192__00270.148,8.32429807215831,40.61283528,A192,_,00270,148
A192__00260.148,8.288109994360735,40.619178919999996,A192,_,00260,148
A192__00250.148,8.284687719489305,40.617343500000004,A192,_,00250,148
A192__00240.148,8.217748041848115,40.623701125,A192,_,00240,148
A192__00210.148,8.351705641366454,40.633314975000005,A192,_,00210,148
A192__00190.148,8.198822400843458,40.62574135,A192,_,00190,148
A192__00180.148,8.162029252162188,40.631565225,A192,_,00180,148
A192__00130.148,8.326792623194411,40.641310175,A192,_,00130,148
A192__00120.148,8.30361358960863,40.65339032,A192,_,00120,148
A192__00090.148,8.206098641954442,40.65180604,A192,_,00090,148
A192__00070.148,8.337725259867435,40.66615609,A192,_,00070,148
A192__00060.148,8.284779702321877,40.66016175,A192,_,00060,148
A192__0061.1480,8.316442106603354,40.575334385000005,A192,_,0061,1480
A192__0071.1480,8.325079064046932,40.558302685,A192,_,0071,1480
A192__00660.1480,8.331787632523183,40.560423560000004,A192,_,00660,1480
A192__0061.1481,8.316507580492242,40.57538635,A192,_,0061,1481
A192__0071.1481,8.324768185010441,40.558313765,A192,_,0071,1481
A192__00660.1481,8.3304650910356,40.559176475,A192,_,00660,1481
A192__0064.1481,8.320706441274513,40.56279701,A192,_,0064,1481
A192__0061.1482,8.31652662894325,40.57544011,A192,_,0061,1482
A192__0071.1482,8.325305243199374,40.55801579,A192,_,0071,1482
A192__00660.1482,8.330851674228633,40.55927403,A192,_,00660,1482
A192__0061.1483,8.31654640876146,40.575417689999995,A192,_,0061,1483
A192__0071.1483,8.32547837112886,40.557794675,A192,_,0071,1483
A192__00660.1483,8.331244328817762,40.560609729999996,A192,_,00660,1483
A192__00640.1484,8.332943047526301,40.56743229,A192,_,00640,1484
A192__0071.1484,8.325238691502598,40.560879205,A192,_,0071,1484
A192__00660.1484,8.331415629028244,40.560499375,A192,_,00660,1484
A192__0061.1485,8.319044841697558,40.572639885,A192,_,0061,1485
A192__0071.1485,8.32541654252972,40.56070011,A192,_,0071,1485
A192__00660.1485,8.331408693952811,40.560667475,A192,_,00660,1485
A192__00640.1486,8.333005044971072,40.56788762,A192,_,00640,1486
A192__00660.1486,8.33153863811111,40.560601094999996,A192,_,00660,1486
A192__0061.1487,8.317321190534416,40.576161139999996,A192,_,0061,1487
A192__0071.1487,8.32560091746795,40.560440424999996,A192,_,0071,1487
A192__00660.1487,8.33195212744355,40.560575615000005,A192,_,00660,1487
A192__0061.1488,8.319443418032504,40.569676075000004,A192,_,0061,1488
A192__0071.1488,8.32563858724483,40.56030026,A192,_,0071,1488
A192__00660.1488,8.331765542806558,40.56053936,A192,_,00660,1488
A192__00640.1488,8.332750049335163,40.567864439999994,A192,_,00640,1488
A192__00610.1489,8.317594657912306,40.58272118,A192,_,00610,1489
A192__00660.1489,8.331786263169132,40.56074898,A192,_,00660,1489
A192__0064.1489,8.32019383272715,40.561694765,A192,_,0064,1489
A192__00020.149,8.21007457430256,40.65471938,A192,_,00020,149
A192__00950.149,8.34052527349995,40.515180445,A192,_,00950,149
A192__00940.149,8.36210896171049,40.51025738,A192,_,00940,149
A192__00930.149,8.338588013722525,40.5179773,A192,_,00930,149
A192__00900.149,8.357728408463295,40.522484309999996,A192,_,00900,149
A192__00890.149,8.353232052443612,40.53281907,A192,_,00890,149
A192__00880.149,8.347731213798543,40.520038045,A192,_,00880,149
A192__00870.149,8.336681669790856,40.53114169,A192,_,00870,149
A192__00860.149,8.362173784200692,40.540548795,A192,_,00860,149
A192__00850.149,8.336707665214643,40.538468215,A192,_,00850,149
A192__00840.149,8.330376126058834,40.539988045,A192,_,00840,149
A192__00810.149,8.369379883467186,40.54634638,A192,_,00810,149
A192__00800.149,8.358647705749561,40.54173235499999,A192,_,00800,149
A192__00790.149,8.34790952989994,40.541765,A192,_,00790,149
A192__00780.149,8.322649412388788,40.545228545,A192,_,00780,149
A192__00750.149,8.399109075955884,40.54990353,A192,_,00750,149
A192__00740.149,8.355121151910778,40.559078575,A192,_,00740,149
A192__0072.149,8.326673167236677,40.557246695,A192,_,0072,149
A192__0071.149,8.32142802043328,40.551446535,A192,_,0071,149
A192__00700.149,8.382935241727616,40.576282025,A192,_,00700,149
A192__00680.149,8.356435058101574,40.56543533,A192,_,00680,149
A192__00670.149,8.337935253038147,40.563189315,A192,_,00670,149
A192__00660.149,8.328975738514025,40.561608969999995,A192,_,00660,149
A192__0065.149,8.31880172947052,40.561699669999996,A192,_,0065,149
A192__00590.149,8.386739716647877,40.579959895,A192,_,00590,149
A192__00560.149,8.323957544864301,40.58352172,A192,_,00560,149
A192__00530.149,8.33383143239888,40.593524455,A192,_,00530,149
A192__00520.149,8.330028695410316,40.59221014,A192,_,00520,149
A192__00510.149,8.31650897279495,40.589635189999996,A192,_,00510,149
A192__0050.149,8.313471733434078,40.581221740000004,A192,_,0050,149
A192__0049.149,8.282235731801991,40.592819695,A192,_,0049,149
A192__00470.149,8.207594722494685,40.590299355,A192,_,00470,149
A192__00450.149,8.168416455764877,40.586363774999995,A192,_,00450,149
A192__00440.149,8.383985053522151,40.596406285,A192,_,00440,149
A192__00420.149,8.342894390727995,40.604407984999995,A192,_,00420,149
A192__00410.149,8.3360651652267,40.60658524,A192,_,00410,149
A192__00400.149,8.32496360411991,40.60366376,A192,_,00400,149
A192__00380.149,8.312875740639186,40.59928635,A192,_,00380,149
A192__00360.149,8.284709811565357,40.60860692,A192,_,00360,149
A192__00310.149,8.36514292058051,40.613547925,A192,_,00310,149
A192__00270.149,8.325493915800614,40.6125489,A192,_,00270,149
A192__00260.149,8.28823652735029,40.619154914999996,A192,_,00260,149
A192__00250.149,8.285995991968754,40.61818994,A192,_,00250,149
A192__00240.149,8.219889582169282,40.61661592,A192,_,00240,149
A192__00210.149,8.351932150773777,40.6344555,A192,_,00210,149
A192__00190.149,8.197830691331909,40.624795555000006,A192,_,00190,149
A192__00180.149,8.145932804132023,40.623552415000006,A192,_,00180,149
A192__00170.149,8.327049439152372,40.628624564999996,A192,_,00170,149
A192__00130.149,8.32794767362704,40.64343492,A192,_,00130,149
A192__00090.149,8.202792659673351,40.649447824999996,A192,_,00090,149
A192__00070.149,8.337941007083876,40.665630715000006,A192,_,00070,149
A192__00060.149,8.28519495467844,40.658667945,A192,_,00060,149
A192__0061.1490,8.319586125320646,40.5720167,A192,_,0061,1490
A192__00660.1490,8.331525612978517,40.560747684999995,A192,_,00660,1490
A192__0064.1490,8.318090951911374,40.563973775,A192,_,0064,1490
A192__00640.1491,8.31971041184386,40.568528655,A192,_,00640,1491
A192__0071.1491,8.325995502056758,40.559845295,A192,_,0071,1491
A192__00660.1491,8.332035005571807,40.56072064,A192,_,00660,1491
A192__0061.1492,8.313574521007883,40.5772074,A192,_,0061,1492
A192__0071.1492,8.326093640581869,40.559743510000004,A192,_,0071,1492
A192__00660.1492,8.331452359756241,40.564659795,A192,_,00660,1492
A192__00640.1492,8.324094873628553,40.567256525000005,A192,_,00640,1492
A192__00640.1493,8.323732258301956,40.56771361,A192,_,00640,1493
A192__0071.1493,8.326137575874405,40.559650160000004,A192,_,0071,1493
A192__00660.1493,8.330167962058379,40.56507568000001,A192,_,00660,1493
A192__00640.1494,8.323805141086874,40.56778086,A192,_,00640,1494
A192__00660.1494,8.331520344919204,40.56464389,A192,_,00660,1494
A192__00640.1495,8.323623309135492,40.568034100000006,A192,_,00640,1495
A192__0071.1495,8.326243901288219,40.560108265,A192,_,0071,1495
A192__00660.1495,8.330107308491364,40.565111310000006,A192,_,00660,1495
A192__00640.1496,8.323523981356056,40.568003075,A192,_,00640,1496
A192__00660.1496,8.336742261451546,40.567626295,A192,_,00660,1496
A192__0061.1497,8.316499965409232,40.576644865000006,A192,_,0061,1497
A192__0071.1497,8.326306993173034,40.560014,A192,_,0071,1497
A192__00610.1498,8.322041114374365,40.576403150000004,A192,_,00610,1498
A192__00660.1498,8.33347409195872,40.565184689999995,A192,_,00660,1498
A192__00640.1498,8.324699802263062,40.567157995,A192,_,00640,1498
A192__00640.1499,8.323500336690646,40.568361685,A192,_,00640,1499
A192__0071.1499,8.326445062574697,40.559803365,A192,_,0071,1499
A192__00020.15,8.200451440688882,40.65850557500001,A192,_,00020,15
A192__00970.15,8.311939884781403,40.56001143,A192,_,00970,15
A192__00960.15,8.366810602535658,40.50250501,A192,_,00960,15
A192__00950.15,8.34883169587225,40.51363403,A192,_,00950,15
A192__00940.15,8.358129368454989,40.52099104,A192,_,00940,15
A192__00920.15,8.377880012131182,40.52487049,A192,_,00920,15
A192__00910.15,8.40866138980655,40.531726005,A192,_,00910,15
A192__00900.15,8.375347231695773,40.542114065,A192,_,00900,15
A192__00890.15,8.350387627660076,40.534877015,A192,_,00890,15
A192__00870.15,8.339136713881548,40.53233261,A192,_,00870,15
A192__00860.15,8.3498861024736,40.54120348,A192,_,00860,15
A192__00820.15,8.396917046146521,40.5493714,A192,_,00820,15
A192__00810.15,8.37487953877983,40.545329699999996,A192,_,00810,15
A192__00790.15,8.343890683666785,40.547530589999994,A192,_,00790,15
A192__0077.15,8.327809797899512,40.55257345,A192,_,0077,15
A192__00760.15,8.415262382105908,40.562532385,A192,_,00760,15
A192__00740.15,8.360879740984029,40.561900910000006,A192,_,00740,15
A192__00700.15,8.408444710185346,40.567050574999996,A192,_,00700,15
A192__00670.15,8.348039911742735,40.563853675000004,A192,_,00670,15
A192__0065.15,8.31850529260386,40.561740565,A192,_,0065,15
A192__0064.15,8.319211558567723,40.5657444,A192,_,0064,15
A192__00580.15,8.35101660485621,40.582828945,A192,_,00580,15
A192__00550.15,8.32260100517252,40.5883712,A192,_,00550,15
A192__00540.15,8.352436547963057,40.597260455,A192,_,00540,15
A192__00510.15,8.31890093255025,40.59566315,A192,_,00510,15
A192__00430.15,8.368355807424807,40.594218764999994,A192,_,00430,15
A192__00420.15,8.346759201664232,40.5982827,A192,_,00420,15
A192__00410.15,8.335366027623504,40.607115175000004,A192,_,00410,15
A192__00390.15,8.325300874769368,40.611050775,A192,_,00390,15
A192__00380.15,8.314303177799887,40.60158971,A192,_,00380,15
A192__00370.15,8.288007240811027,40.595211925,A192,_,00370,15
A192__00330.15,8.254538312655631,40.59746561,A192,_,00330,15
A192__00320.15,8.210533539372658,40.592649425,A192,_,00320,15
A192__00290.15,8.392098755462184,40.61988951,A192,_,00290,15
A192__00280.15,8.355120492154345,40.60851822,A192,_,00280,15
A192__00260.15,8.296772588886054,40.62384624,A192,_,00260,15
A192__00240.15,8.208440290393757,40.62115561,A192,_,00240,15
A192__00200.15,8.255953113040249,40.62953415,A192,_,00200,15
A192__00190.15,8.1987855927589,40.620417235,A192,_,00190,15
A192__00150.15,8.244981870243713,40.63883557,A192,_,00150,15
A192__00140.15,8.191101965207274,40.64198744,A192,_,00140,15
A192__00080.15,8.315339557761115,40.64193894,A192,_,00080,15
A192__00030.15,8.227011698941347,40.649747445,A192,_,00030,15
A192__00020.150,8.209663167396904,40.654586865,A192,_,00020,150
A192__00950.150,8.33925114548328,40.515718865,A192,_,00950,150
A192__00940.150,8.357628301412117,40.518175055,A192,_,00940,150
A192__00930.150,8.338696075695795,40.517845995,A192,_,00930,150
A192__00900.150,8.362251001855878,40.523215655,A192,_,00900,150
A192__00890.150,8.353620048993214,40.533755705000004,A192,_,00890,150
A192__00860.150,8.363074751896471,40.540098455000006,A192,_,00860,150
A192__00850.150,8.341549225055767,40.53297911,A192,_,00850,150
A192__00840.150,8.330057226052904,40.540259199999994,A192,_,00840,150
A192__00810.150,8.370684511729657,40.546623874999995,A192,_,00810,150
A192__00800.150,8.355795125499643,40.55098288,A192,_,00800,150
A192__00780.150,8.322555056731051,40.545048885,A192,_,00780,150
A192__0077.150,8.32707528954828,40.551883495,A192,_,0077,150
A192__00750.150,8.397172476024425,40.55081402,A192,_,00750,150
A192__00730.150,8.348992433754095,40.554901485,A192,_,00730,150
A192__00700.150,8.383161963315036,40.57593704,A192,_,00700,150
A192__00690.150,8.358704309612945,40.571725715,A192,_,00690,150
A192__00670.150,8.33791706884902,40.563300745,A192,_,00670,150
A192__00660.150,8.332518433622683,40.560460094999996,A192,_,00660,150
A192__0064.150,8.321356687216364,40.56222395499999,A192,_,0064,150
A192__00630.150,8.332715762270507,40.570007445,A192,_,00630,150
A192__0061.150,8.317382653888643,40.57600194,A192,_,0061,150
A192__00580.150,8.355399417215217,40.586859065,A192,_,00580,150
A192__00560.150,8.324265600549365,40.58357121,A192,_,00560,150
A192__00520.150,8.330132237969092,40.59202803,A192,_,00520,150
A192__00500.150,8.299582340712877,40.59202565,A192,_,00500,150
A192__0049.150,8.282191824028,40.5927012,A192,_,0049,150
A192__00470.150,8.199160492778413,40.571569554999996,A192,_,00470,150
A192__00440.150,8.38915258325791,40.594250015,A192,_,00440,150
A192__00420.150,8.342928246329915,40.604407984999995,A192,_,00420,150
A192__00410.150,8.334567238965793,40.605161155000005,A192,_,00410,150
A192__00400.150,8.324617657307812,40.603260649999996,A192,_,00400,150
A192__00380.150,8.311425842939258,40.597232559999995,A192,_,00380,150
A192__00360.150,8.297003996530632,40.60885816,A192,_,00360,150
A192__00310.150,8.3645095643839,40.6142527,A192,_,00310,150
A192__00300.150,8.382886933663563,40.61085883,A192,_,00300,150
A192__00280.150,8.366404449814938,40.620428114999996,A192,_,00280,150
A192__00270.150,8.3244188538491,40.615310519999994,A192,_,00270,150
A192__00260.150,8.287570602782043,40.61908922,A192,_,00260,150
A192__00250.150,8.27496824450651,40.625024445,A192,_,00250,150
A192__00240.150,8.207258938435572,40.62434035,A192,_,00240,150
A192__00210.150,8.351356574634657,40.636457359999994,A192,_,00210,150
A192__00190.150,8.199951647563072,40.625696235,A192,_,00190,150
A192__00180.150,8.146617249782999,40.62581291,A192,_,00180,150
A192__00170.150,8.326112912448396,40.628766885000005,A192,_,00170,150
A192__00150.150,8.22488901243561,40.641448475000004,A192,_,00150,150
A192__00130.150,8.32930472900623,40.641698085,A192,_,00130,150
A192__00120.150,8.303661883041357,40.65361435,A192,_,00120,150
A192__00090.150,8.21553051117769,40.647333419999995,A192,_,00090,150
A192__00080.150,8.322614478900439,40.654650965,A192,_,00080,150
A192__00070.150,8.337650161559052,40.667624939999996,A192,_,00070,150
A192__00060.150,8.285605586569247,40.657166954999994,A192,_,00060,150
A192__00610.1500,8.321592983668953,40.576905175,A192,_,00610,1500
A192__0071.1500,8.326481162351808,40.55969599,A192,_,0071,1500
A192__00660.1500,8.331528760987464,40.565679689999996,A192,_,00660,1500
A192__00640.1500,8.32434547596867,40.56767863,A192,_,00640,1500
A192__00640.1501,8.324520816061938,40.56741828,A192,_,00640,1501
A192__0071.1501,8.325735416054062,40.56035001,A192,_,0071,1501
A192__00610.1502,8.32133590364224,40.576095755,A192,_,00610,1502
A192__0071.1502,8.325971098494133,40.560515525,A192,_,0071,1502
A192__00660.1502,8.3280595328748,40.56084247,A192,_,00660,1502
A192__00610.1503,8.321742570121488,40.576897020000004,A192,_,00610,1503
A192__0071.1503,8.325849331862422,40.560697715,A192,_,0071,1503
A192__00660.1503,8.334265215824523,40.563966074999996,A192,_,00660,1503
A192__00610.1504,8.314432583373158,40.578811654999996,A192,_,00610,1504
A192__0071.1504,8.325805266611093,40.560811205,A192,_,0071,1504
A192__00660.1504,8.334311010964552,40.563832954999995,A192,_,00660,1504
A192__0061.1505,8.314565315378822,40.576765820000006,A192,_,0061,1505
A192__0071.1505,8.326353717114474,40.560347199999995,A192,_,0071,1505
A192__00660.1505,8.328008370387316,40.561009874999996,A192,_,00660,1505
A192__0061.1506,8.318338342630387,40.572831825,A192,_,0061,1506
A192__0061.1507,8.315157626689732,40.57614403,A192,_,0061,1507
A192__0061.1508,8.32006714407271,40.570510875,A192,_,0061,1508
A192__0061.1509,8.318212781143238,40.57199831,A192,_,0061,1509
A192__0071.1509,8.326076552358462,40.560763465,A192,_,0071,1509
A192__00020.151,8.211023208190198,40.654687870000004,A192,_,00020,151
A192__00950.151,8.339597227803178,40.515429465,A192,_,00950,151
A192__00930.151,8.33888428834091,40.517844335,A192,_,00930,151
A192__00890.151,8.351668843047452,40.532626045,A192,_,00890,151
A192__00880.151,8.34930709441836,40.524038635,A192,_,00880,151
A192__00870.151,8.336760974849659,40.531490559999995,A192,_,00870,151
A192__00840.151,8.33057823085353,40.539129125,A192,_,00840,151
A192__00810.151,8.371361484762314,40.546822495,A192,_,00810,151
A192__00800.151,8.356111833349251,40.544728865,A192,_,00800,151
A192__00740.151,8.35908220903992,40.561112385,A192,_,00740,151
A192__00730.151,8.348851615549668,40.554714675,A192,_,00730,151
A192__00670.151,8.338188072717678,40.564162595,A192,_,00670,151
A192__00660.151,8.332958309427152,40.56037296,A192,_,00660,151
A192__0065.151,8.316131178789608,40.56054769,A192,_,0065,151
A192__00630.151,8.332803040569484,40.56967401,A192,_,00630,151
A192__00580.151,8.355352567639912,40.58700539,A192,_,00580,151
A192__00560.151,8.324011719730374,40.583284635,A192,_,00560,151
A192__00520.151,8.330920104393524,40.59241636,A192,_,00520,151
A192__00500.151,8.299855611425443,40.592334755,A192,_,00500,151
A192__00480.151,8.235242592943052,40.587986825,A192,_,00480,151
A192__00470.151,8.198096002152752,40.571304245,A192,_,00470,151
A192__00440.151,8.386853303661944,40.592474624999994,A192,_,00440,151
A192__00420.151,8.340184272092865,40.601873005,A192,_,00420,151
A192__00410.151,8.335553612140181,40.60494741,A192,_,00410,151
A192__00320.151,8.223164118115013,40.598750365,A192,_,00320,151
A192__00310.151,8.364598916245045,40.614148835,A192,_,00310,151
A192__00280.151,8.366553211666057,40.620769335000006,A192,_,00280,151
A192__00270.151,8.324839588815369,40.61519869,A192,_,00270,151
A192__00260.151,8.28689442342263,40.619024385,A192,_,00260,151
A192__00240.151,8.214680991694964,40.616968105,A192,_,00240,151
A192__00210.151,8.350987295599156,40.63733421,A192,_,00210,151
A192__00190.151,8.200312483312562,40.62582253,A192,_,00190,151
A192__00180.151,8.147883103039335,40.626227175,A192,_,00180,151
A192__00170.151,8.325209243507203,40.62947063,A192,_,00170,151
A192__00150.151,8.225483812380602,40.64116328,A192,_,00150,151
A192__00130.151,8.324166476463656,40.641459170000005,A192,_,00130,151
A192__00120.151,8.30376436872833,40.653782955,A192,_,00120,151
A192__00090.151,8.218417481241952,40.64803478,A192,_,00090,151
A192__00080.151,8.320788559139274,40.654639880000005,A192,_,00080,151
A192__00070.151,8.34140686797874,40.667851845,A192,_,00070,151
A192__00040.151,8.245243342092472,40.66554686,A192,_,00040,151
A192__0071.1510,8.326165476798565,40.560683170000004,A192,_,0071,1510
A192__0071.1511,8.326195230105736,40.56058491,A192,_,0071,1511
A192__0061.1512,8.313920022690326,40.576956525,A192,_,0061,1512
A192__0071.1512,8.318933939746788,40.55403951,A192,_,0071,1512
A192__00660.1512,8.328264130100349,40.56314819,A192,_,00660,1512
A192__0061.1513,8.31404661439657,40.57685874,A192,_,0061,1513
A192__0061.1514,8.317316764764277,40.575119425,A192,_,0061,1514
A192__00660.1514,8.331631688093445,40.563979520000004,A192,_,00660,1514
A192__0061.1515,8.31710833753997,40.575127515000005,A192,_,0061,1515
A192__0071.1515,8.326508622191803,40.560112235000005,A192,_,0071,1515
A192__0061.1516,8.317239419528734,40.575068235,A192,_,0061,1516
A192__00660.1516,8.33243379058641,40.562686695,A192,_,00660,1516
A192__00610.1517,8.321867414357072,40.57572526,A192,_,00610,1517
A192__00660.1517,8.329387513608182,40.564626045,A192,_,00660,1517
A192__00660.1518,8.330716167528607,40.56440184,A192,_,00660,1518
A192__00660.1519,8.331214653700334,40.56380801,A192,_,00660,1519
A192__0071.1519,8.326632614966645,40.559819165,A192,_,0071,1519
A192__00010.152,8.212981209576315,40.65586811,A192,_,00010,152
A192__00970.152,8.31146143650421,40.5594501,A192,_,00970,152
A192__00950.152,8.352228911317848,40.515307795,A192,_,00950,152
A192__00940.152,8.35981319973058,40.519856520000005,A192,_,00940,152
A192__00930.152,8.337769365224862,40.518394959999995,A192,_,00930,152
A192__00900.152,8.359103623481609,40.53404565,A192,_,00900,152
A192__00890.152,8.347983340239157,40.532555935000005,A192,_,00890,152
A192__00870.152,8.337505265686007,40.530964049999994,A192,_,00870,152
A192__00860.152,8.351780806964985,40.538485304999995,A192,_,00860,152
A192__00840.152,8.330499317856013,40.538948435,A192,_,00840,152
A192__00810.152,8.372872854083528,40.546766695,A192,_,00810,152
A192__00780.152,8.32152336688423,40.544388605,A192,_,00780,152
A192__00740.152,8.359082661778942,40.560370774999996,A192,_,00740,152
A192__0072.152,8.33353151691659,40.55711815,A192,_,0072,152
A192__00690.152,8.357721710196138,40.572874139999996,A192,_,00690,152
A192__00680.152,8.356549199544705,40.565789405000004,A192,_,00680,152
A192__00670.152,8.338076114479895,40.56398613,A192,_,00670,152
A192__0065.152,8.318200513135578,40.5623209,A192,_,0065,152
A192__00630.152,8.33264354465437,40.56972514500001,A192,_,00630,152
A192__00620.152,8.324521762761854,40.572397715,A192,_,00620,152
A192__00580.152,8.36201165434537,40.589329585,A192,_,00580,152
A192__00570.152,8.3420041944645,40.587232494999995,A192,_,00570,152
A192__00560.152,8.325596178386574,40.584138435,A192,_,00560,152
A192__00550.152,8.31997205688579,40.587866739999996,A192,_,00550,152
A192__00540.152,8.351296425566613,40.593613559999994,A192,_,00540,152
A192__0049.152,8.28292873545433,40.592877709999996,A192,_,0049,152
A192__00470.152,8.198306776221447,40.571990235,A192,_,00470,152
A192__00440.152,8.386859153325084,40.592386255,A192,_,00440,152
A192__00390.152,8.322096529747688,40.602997135,A192,_,00390,152
A192__00340.152,8.264392212191092,40.6119926,A192,_,00340,152
A192__00320.152,8.223147730589144,40.598643495000005,A192,_,00320,152
A192__00310.152,8.366736293422402,40.614858999999996,A192,_,00310,152
A192__00300.152,8.382048290524118,40.60992514,A192,_,00300,152
A192__00280.152,8.366632861429125,40.621092919999995,A192,_,00280,152
A192__00270.152,8.325239053516611,40.614906035000004,A192,_,00270,152
A192__00250.152,8.267206773616955,40.6229789,A192,_,00250,152
A192__00240.152,8.216678200345925,40.618498044999995,A192,_,00240,152
A192__00190.152,8.202842885083143,40.625254354999996,A192,_,00190,152
A192__00180.152,8.148545092350012,40.626373130000005,A192,_,00180,152
A192__00170.152,8.324375642635513,40.629534395,A192,_,00170,152
A192__00150.152,8.22366386844221,40.641197125000005,A192,_,00150,152
A192__00120.152,8.301992810869217,40.65378183,A192,_,00120,152
A192__00090.152,8.221047262017164,40.648362184999996,A192,_,00090,152
A192__00080.152,8.322525901184454,40.659018540000005,A192,_,00080,152
A192__00070.152,8.338408685396395,40.664619384999995,A192,_,00070,152
A192__00060.152,8.291403128706625,40.665977,A192,_,00060,152
A192__00040.152,8.250440877083689,40.660754575,A192,_,00040,152
A192__00020.152,8.209277895365187,40.654155380000006,A192,_,00020,152
A192__0061.1520,8.31926626473681,40.571749845,A192,_,0061,1520
A192__0071.1520,8.32675090098789,40.559838255,A192,_,0071,1520
A192__00660.1520,8.329528903625713,40.564341345,A192,_,00660,1520
A192__0061.1521,8.319329924594157,40.57175632,A192,_,0061,1521
A192__0071.1521,8.326592350028374,40.559983634999995,A192,_,0071,1521
A192__00660.1521,8.329743786344963,40.564289130000006,A192,_,00660,1521
A192__0061.1522,8.32014002424052,40.569823435,A192,_,0061,1522
A192__0071.1522,8.318773822412389,40.557357615,A192,_,0071,1522
A192__00660.1522,8.330615802261304,40.563742685,A192,_,00660,1522
A192__0061.1523,8.31349087106698,40.577416529999994,A192,_,0061,1523
A192__0071.1523,8.326156041110735,40.55955208,A192,_,0071,1523
A192__00660.1523,8.33071938213426,40.56358529,A192,_,00660,1523
A192__00660.1524,8.337590248780407,40.566563605,A192,_,00660,1524
A192__0071.1524,8.326423526198663,40.55922062,A192,_,0071,1524
A192__00660.1525,8.338132654954808,40.566798315,A192,_,00660,1525
A192__0071.1525,8.326272003524561,40.55912997,A192,_,0071,1525
A192__0061.1526,8.31337110053126,40.57705219,A192,_,0061,1526
A192__0071.1526,8.326571343856825,40.5590074,A192,_,0071,1526
A192__00660.1526,8.329849145090675,40.562025395,A192,_,00660,1526
A192__00660.1527,8.330329345878248,40.56156825,A192,_,00660,1527
A192__00610.1528,8.314314329844308,40.579074684999995,A192,_,00610,1528
A192__0071.1528,8.326389678287672,40.558905915,A192,_,0071,1528
A192__00660.1528,8.328456302501618,40.56061877,A192,_,00660,1528
A192__0061.1529,8.319157304549478,40.571636895,A192,_,0061,1529
A192__0071.1529,8.326410982518635,40.558723995,A192,_,0071,1529
A192__00660.1529,8.328376182433303,40.56057729,A192,_,00660,1529
A192__00010.153,8.212464961859926,40.65750054,A192,_,00010,153
A192__00970.153,8.311388587510667,40.559564155000004,A192,_,00970,153
A192__00950.153,8.35271873603474,40.51504807,A192,_,00950,153
A192__00900.153,8.353782078356897,40.531758365,A192,_,00900,153
A192__00890.153,8.348477132366416,40.532792945,A192,_,00890,153
A192__00870.153,8.337477162154789,40.53090078,A192,_,00870,153
A192__00860.153,8.360920753468498,40.53694894,A192,_,00860,153
A192__00840.153,8.329728731851986,40.53918893,A192,_,00840,153
A192__00810.153,8.374241865839497,40.54556093,A192,_,00810,153
A192__00800.153,8.355487047117496,40.548029335,A192,_,00800,153
A192__00790.153,8.34181685477093,40.54509987,A192,_,00790,153
A192__00740.153,8.360410788582843,40.56073704,A192,_,00740,153
A192__00700.153,8.400403557382576,40.576984175,A192,_,00700,153
A192__00680.153,8.356991090583815,40.565378530000004,A192,_,00680,153
A192__00670.153,8.33827571135255,40.564415575,A192,_,00670,153
A192__0065.153,8.318037935731141,40.562401425000004,A192,_,0065,153
A192__00630.153,8.333730211107227,40.575620355,A192,_,00630,153
A192__00620.153,8.322550830683785,40.57256824,A192,_,00620,153
A192__00580.153,8.372622826560903,40.58272895499999,A192,_,00580,153
A192__00570.153,8.342460458174703,40.587252705,A192,_,00570,153
A192__00560.153,8.325468552684393,40.583785055,A192,_,00560,153
A192__00540.153,8.351295040783935,40.59326638,A192,_,00540,153
A192__00530.153,8.335479872780168,40.59573421,A192,_,00530,153
A192__00520.153,8.330335650906644,40.59194528,A192,_,00520,153
A192__00470.153,8.198099424854227,40.572666185,A192,_,00470,153
A192__00440.153,8.381631498890293,40.59718598,A192,_,00440,153
A192__00420.153,8.34296221523232,40.600497445,A192,_,00420,153
A192__00410.153,8.332938113049092,40.605282515,A192,_,00410,153
A192__00400.153,8.32432261384652,40.602658495,A192,_,00400,153
A192__00380.153,8.313758185635548,40.598078345000005,A192,_,00380,153
A192__00320.153,8.223140283787842,40.5985762,A192,_,00320,153
A192__00310.153,8.367157840667206,40.61456947,A192,_,00310,153
A192__00300.153,8.382055408143643,40.60965506,A192,_,00300,153
A192__00250.153,8.267168765403154,40.623607594999996,A192,_,00250,153
A192__00240.153,8.224747936310372,40.604021535,A192,_,00240,153
A192__00190.153,8.203207141739059,40.625248985,A192,_,00190,153
A192__00180.153,8.148884692080571,40.626482089999996,A192,_,00180,153
A192__00170.153,8.32361250208746,40.628306465,A192,_,00170,153
A192__00150.153,8.223245077256127,40.640065045,A192,_,00150,153
A192__00120.153,8.299775507046972,40.63479584,A192,_,00120,153
A192__00090.153,8.217273594298081,40.647814385000004,A192,_,00090,153
A192__00080.153,8.322243680209247,40.657571035000004,A192,_,00080,153
A192__00070.153,8.338291460952583,40.664468895,A192,_,00070,153
A192__00040.153,8.24958302716853,40.660676095,A192,_,00040,153
A192__00020.153,8.20529112941584,40.660835434999996,A192,_,00020,153
A192__0061.1530,8.318883247643036,40.571454535,A192,_,0061,1530
A192__0071.1530,8.326853415755387,40.55960201,A192,_,0071,1530
A192__00660.1530,8.328306051516844,40.56055294,A192,_,00660,1530
A192__0061.1531,8.321910105629051,40.57331829,A192,_,0061,1531
A192__0071.1531,8.327005148794186,40.55966674,A192,_,0071,1531
A192__00660.1531,8.332247805882922,40.563660354999996,A192,_,00660,1531
A192__0061.1532,8.321948597384084,40.572548534999996,A192,_,0061,1532
A192__0071.1532,8.327101720915072,40.559719435,A192,_,0071,1532
A192__00660.1533,8.33333613706014,40.56632968,A192,_,00660,1533
A192__0071.1533,8.326901485435027,40.55945925,A192,_,0071,1533
A192__00660.1534,8.332111973279371,40.565636335,A192,_,00660,1534
A192__0071.1534,8.32702613747566,40.55951019,A192,_,0071,1534
A192__00660.1535,8.332394755280134,40.56538722,A192,_,00660,1535
A192__0071.1535,8.327152499045255,40.559567745,A192,_,0071,1535
A192__00660.1536,8.338398944817406,40.568588195000004,A192,_,00660,1536
A192__0071.1536,8.32742818957976,40.55936029,A192,_,0071,1536
A192__0071.1537,8.327322013989626,40.559303725,A192,_,0071,1537
A192__0071.1538,8.32716679097395,40.559290794999995,A192,_,0071,1538
A192__0071.1539,8.327487806527998,40.559215855000005,A192,_,0071,1539
A192__00010.154,8.212360491204581,40.658464949999995,A192,_,00010,154
A192__00970.154,8.311679583558753,40.55968335,A192,_,00970,154
A192__00950.154,8.35285206895493,40.51517384,A192,_,00950,154
A192__00940.154,8.357967652047659,40.517701255,A192,_,00940,154
A192__00930.154,8.338182210720166,40.518222765000004,A192,_,00930,154
A192__00890.154,8.347574860437849,40.532181555,A192,_,00890,154
A192__00880.154,8.344677253730925,40.52622143000001,A192,_,00880,154
A192__00870.154,8.3379196190742,40.53116977,A192,_,00870,154
A192__00860.154,8.35071939204866,40.538152135000004,A192,_,00860,154
A192__00850.154,8.343386230837488,40.532153545,A192,_,00850,154
A192__00840.154,8.329803633607593,40.53933316,A192,_,00840,154
A192__00810.154,8.377249344080528,40.54383908,A192,_,00810,154
A192__00780.154,8.322679355575584,40.543312815,A192,_,00780,154
A192__00740.154,8.35968205453398,40.560438495,A192,_,00740,154
A192__00730.154,8.347285794380738,40.554306385000004,A192,_,00730,154
A192__0071.154,8.316747044473683,40.557812185,A192,_,0071,154
A192__00700.154,8.400874881959986,40.576233545,A192,_,00700,154
A192__00680.154,8.357155354423579,40.56552661,A192,_,00680,154
A192__00670.154,8.338453611732653,40.56486838,A192,_,00670,154
A192__00660.154,8.328748141177357,40.559017665,A192,_,00660,154
A192__0065.154,8.31830516105832,40.56046793,A192,_,0065,154
A192__00630.154,8.332924883216984,40.57621326,A192,_,00630,154
A192__00580.154,8.371277045274454,40.58077592,A192,_,00580,154
A192__00560.154,8.323402870155505,40.577477695,A192,_,00560,154
A192__00550.154,8.32070056651338,40.58819903,A192,_,00550,154
A192__00540.154,8.344208480183946,40.59401398,A192,_,00540,154
A192__00530.154,8.335816967475363,40.595452725,A192,_,00530,154
A192__00520.154,8.329257612587512,40.591694805,A192,_,00520,154
A192__0049.154,8.282011642950515,40.592285555000004,A192,_,0049,154
A192__00470.154,8.198483266062976,40.572813085,A192,_,00470,154
A192__00420.154,8.342945258052627,40.60045282,A192,_,00420,154
A192__00410.154,8.33211824515751,40.605961345,A192,_,00410,154
A192__00400.154,8.324691140867943,40.60385767,A192,_,00400,154
A192__00390.154,8.323906834697702,40.611414835000005,A192,_,00390,154
A192__00320.154,8.223380082522516,40.59880843,A192,_,00320,154
A192__00310.154,8.366716178307062,40.61583094,A192,_,00310,154
A192__00300.154,8.384583307134857,40.61155678,A192,_,00300,154
A192__00240.154,8.226480768472708,40.60292224,A192,_,00240,154
A192__00210.154,8.339114625530454,40.61911283,A192,_,00210,154
A192__00190.154,8.203953112337809,40.625175525,A192,_,00190,154
A192__00180.154,8.149107973976196,40.626463605,A192,_,00180,154
A192__00160.154,8.27084157007941,40.632301735,A192,_,00160,154
A192__00150.154,8.224319085680987,40.641329465,A192,_,00150,154
A192__00130.154,8.34066747342483,40.643624040000006,A192,_,00130,154
A192__00120.154,8.300625370026161,40.63492693,A192,_,00120,154
A192__00100.154,8.265680461451383,40.646959135,A192,_,00100,154
A192__00090.154,8.218309179829117,40.648985784999994,A192,_,00090,154
A192__00080.154,8.321867612684363,40.659113275,A192,_,00080,154
A192__00070.154,8.32689014745895,40.658332975,A192,_,00070,154
A192__00040.154,8.248232525318135,40.660917415,A192,_,00040,154
A192__00020.154,8.208032136723578,40.660996145,A192,_,00020,154
A192__0071.1540,8.327390105136958,40.559154945,A192,_,0071,1540
A192__0071.1541,8.327238214316104,40.559120684999996,A192,_,0071,1541
A192__0071.1542,8.327045629524022,40.55919539,A192,_,0071,1542
A192__0071.1544,8.326871741602698,40.559129845,A192,_,0071,1544
A192__00660.1545,8.33262820005756,40.56511444,A192,_,00660,1545
A192__0071.1546,8.326625124365469,40.558826065,A192,_,0071,1546
A192__0071.1548,8.327396930696771,40.558817995,A192,_,0071,1548
A192__0071.1549,8.327194263351688,40.558707865,A192,_,0071,1549
A192__00010.155,8.211800560004932,40.660400895,A192,_,00010,155
A192__00970.155,8.311747501219475,40.55962173499999,A192,_,00970,155
A192__00940.155,8.358087351465425,40.517341265,A192,_,00940,155
A192__00880.155,8.345033265618266,40.526046555,A192,_,00880,155
A192__00860.155,8.367726300783723,40.543195645,A192,_,00860,155
A192__00850.155,8.342847923058386,40.53183394,A192,_,00850,155
A192__00840.155,8.329337839686644,40.53961425,A192,_,00840,155
A192__00810.155,8.377004956853067,40.543545635,A192,_,00810,155
A192__00800.155,8.354555188974409,40.5504725,A192,_,00800,155
A192__00750.155,8.365077386781056,40.567770280000005,A192,_,00750,155
A192__00740.155,8.36016974020027,40.56043876,A192,_,00740,155
A192__00730.155,8.346774956481918,40.55491054,A192,_,00730,155
A192__0072.155,8.32772488898232,40.556747529999996,A192,_,0072,155
A192__00690.155,8.356804801583557,40.57265988,A192,_,00690,155
A192__00680.155,8.355437260886,40.565585075,A192,_,00680,155
A192__00670.155,8.338547316560264,40.565379925,A192,_,00670,155
A192__0065.155,8.31929906609447,40.561931545,A192,_,0065,155
A192__0064.155,8.320681370954528,40.562183225,A192,_,0064,155
A192__00630.155,8.332859372450912,40.57618505,A192,_,00630,155
A192__00620.155,8.324794066742973,40.571867960000006,A192,_,00620,155
A192__00560.155,8.323624876488914,40.577080775,A192,_,00560,155
A192__00550.155,8.320599415520768,40.587860205,A192,_,00550,155
A192__00540.155,8.344966652278554,40.594055455,A192,_,00540,155
A192__00520.155,8.328926915960425,40.591871229999995,A192,_,00520,155
A192__00480.155,8.243211173646195,40.583439185,A192,_,00480,155
A192__00470.155,8.199385230073528,40.571621775,A192,_,00470,155
A192__00450.155,8.167372235277778,40.586069925000004,A192,_,00450,155
A192__00440.155,8.382275395377349,40.595521004999995,A192,_,00440,155
A192__00400.155,8.324873559867026,40.603565790000005,A192,_,00400,155
A192__00390.155,8.323398637128783,40.610501315,A192,_,00390,155
A192__00380.155,8.312776093428866,40.599130259999995,A192,_,00380,155
A192__00350.155,8.265684308762463,40.598669650000005,A192,_,00350,155
A192__00340.155,8.264742771916941,40.612855615,A192,_,00340,155
A192__00310.155,8.367269687555895,40.614767635,A192,_,00310,155
A192__00300.155,8.384635216572804,40.611517355000004,A192,_,00300,155
A192__00260.155,8.306156481872382,40.62361772,A192,_,00260,155
A192__00240.155,8.228297131759502,40.60398203,A192,_,00240,155
A192__00210.155,8.339176230354322,40.618906625,A192,_,00210,155
A192__00190.155,8.201990808346041,40.624277815,A192,_,00190,155
A192__00180.155,8.149676902775994,40.626354410000005,A192,_,00180,155
A192__00160.155,8.271346037100047,40.63230115,A192,_,00160,155
A192__00150.155,8.223919939299357,40.64025097,A192,_,00150,155
A192__00120.155,8.29856161031043,40.634931815,A192,_,00120,155
A192__00100.155,8.265698081999489,40.645114495,A192,_,00100,155
A192__00090.155,8.216598631026693,40.648697815,A192,_,00090,155
A192__00070.155,8.32811028243442,40.657717045,A192,_,00070,155
A192__00060.155,8.286038895616457,40.65464909,A192,_,00060,155
A192__00040.155,8.247034518847343,40.660845095,A192,_,00040,155
A192__00020.155,8.209358630241583,40.66106939,A192,_,00020,155
A192__0071.1551,8.327541992117913,40.55854219,A192,_,0071,1551
A192__0071.1552,8.326654266955115,40.558492724999994,A192,_,0071,1552
A192__0071.1553,8.326532060375342,40.55839743,A192,_,0071,1553
A192__0071.1554,8.32659019251566,40.558131265,A192,_,0071,1554
A192__0071.1555,8.326794060130819,40.558206334999994,A192,_,0071,1555
A192__00660.1559,8.332226522459454,40.56362062,A192,_,00660,1559
A192__00010.156,8.212545470609381,40.660058835,A192,_,00010,156
A192__00970.156,8.311794177971372,40.559582245,A192,_,00970,156
A192__00940.156,8.359137975513171,40.517651259999994,A192,_,00940,156
A192__00890.156,8.350083653027852,40.52830582,A192,_,00890,156
A192__00880.156,8.351168720654965,40.519378884999995,A192,_,00880,156
A192__00870.156,8.337223706257554,40.530804145000005,A192,_,00870,156
A192__00850.156,8.342366908364797,40.532883749999996,A192,_,00850,156
A192__00840.156,8.329584374043247,40.539413804999995,A192,_,00840,156
A192__00810.156,8.37718798243483,40.54324075,A192,_,00810,156
A192__00750.156,8.365921988031321,40.568322609999996,A192,_,00750,156
A192__00740.156,8.360591391511312,40.56061077,A192,_,00740,156
A192__00730.156,8.346760991126196,40.55525077,A192,_,00730,156
A192__0072.156,8.327884422735732,40.556705975,A192,_,0072,156
A192__00690.156,8.356957285264382,40.572440639999996,A192,_,00690,156
A192__00670.156,8.338751008091355,40.56618483,A192,_,00670,156
A192__0065.156,8.31817239428369,40.562216945,A192,_,0065,156
A192__0064.156,8.320813673302514,40.56208637,A192,_,0064,156
A192__00630.156,8.337854982161325,40.573048560000004,A192,_,00630,156
A192__00620.156,8.324821480813942,40.572123565,A192,_,00620,156
A192__00600.156,8.348735180640023,40.57870508,A192,_,00600,156
A192__00580.156,8.37323222043852,40.583551375,A192,_,00580,156
A192__00570.156,8.342148973864411,40.58556054,A192,_,00570,156
A192__00560.156,8.32386942726287,40.577243225000004,A192,_,00560,156
A192__00540.156,8.344382705910292,40.594248615,A192,_,00540,156
A192__00530.156,8.336314800090225,40.595019745,A192,_,00530,156
A192__00520.156,8.328857729190464,40.591871229999995,A192,_,00520,156
A192__00480.156,8.237583066794922,40.58398541,A192,_,00480,156
A192__00470.156,8.199888128863842,40.571606025,A192,_,00470,156
A192__00450.156,8.170590104794229,40.584488445,A192,_,00450,156
A192__00440.156,8.384546322793529,40.59446786,A192,_,00440,156
A192__00420.156,8.344705158269557,40.602470115,A192,_,00420,156
A192__00400.156,8.324945499229877,40.603445725,A192,_,00400,156
A192__00380.156,8.312806697198173,40.59919146,A192,_,00380,156
A192__00360.156,8.298421287164244,40.609179975,A192,_,00360,156
A192__00340.156,8.265863954683935,40.612481875,A192,_,00340,156
A192__00310.156,8.373373476624973,40.620241315,A192,_,00310,156
A192__00300.156,8.384670319817012,40.611447025000004,A192,_,00300,156
A192__00240.156,8.224541678418866,40.602564470000004,A192,_,00240,156
A192__00180.156,8.150222158937357,40.62618282,A192,_,00180,156
A192__00160.156,8.26957949670907,40.63284754,A192,_,00160,156
A192__00150.156,8.232327795173887,40.639520645,A192,_,00150,156
A192__00120.156,8.298687835761228,40.635089475,A192,_,00120,156
A192__00100.156,8.265716690208762,40.643077855,A192,_,00100,156
A192__00080.156,8.319956478758776,40.662650525000004,A192,_,00080,156
A192__00060.156,8.28590138030059,40.65608163,A192,_,00060,156
A192__00040.156,8.246137453636347,40.660644489999996,A192,_,00040,156
A192__00020.156,8.215438984962317,40.654947645,A192,_,00020,156
A192__00660.1560,8.332042176786858,40.563485455000006,A192,_,00660,1560
A192__00660.1561,8.331596002577076,40.56334671,A192,_,00660,1561
A192__00660.1562,8.331897648958495,40.5629498,A192,_,00660,1562
A192__00660.1563,8.331287426345991,40.56334671,A192,_,00660,1563
A192__00660.1564,8.331048552933481,40.563309335,A192,_,00660,1564
A192__00660.1565,8.331560181821116,40.56306854,A192,_,00660,1565
A192__0071.1565,8.322794074918741,40.56110776,A192,_,0071,1565
A192__00660.1566,8.331461353153268,40.562920469999995,A192,_,00660,1566
A192__00660.1567,8.330864129901911,40.5631937,A192,_,00660,1567
A192__00660.1568,8.330759809638076,40.56301481,A192,_,00660,1568
A192__00660.1569,8.33117621763294,40.56279334,A192,_,00660,1569
A192__00020.157,8.21960807664885,40.655167455,A192,_,00020,157
A192__00970.157,8.311828476135283,40.559553075,A192,_,00970,157
A192__00940.157,8.359456326463638,40.517612330000006,A192,_,00940,157
A192__00930.157,8.339279405892952,40.51889370000001,A192,_,00930,157
A192__00900.157,8.376652736246996,40.54237157,A192,_,00900,157
A192__00890.157,8.352201155500875,40.53484203,A192,_,00890,157
A192__00880.157,8.341896997180203,40.52407702,A192,_,00880,157
A192__00870.157,8.336976474839759,40.53101507,A192,_,00870,157
A192__00850.157,8.341538152615945,40.532451425000005,A192,_,00850,157
A192__00840.157,8.32919850579717,40.53950652,A192,_,00840,157
A192__00810.157,8.370105028986044,40.548213340000004,A192,_,00810,157
A192__00790.157,8.344347947439536,40.544864520000004,A192,_,00790,157
A192__00750.157,8.36442303325207,40.567769775,A192,_,00750,157
A192__00740.157,8.36034880104775,40.560244935,A192,_,00740,157
A192__00680.157,8.356525080830158,40.56474085000001,A192,_,00680,157
A192__00670.157,8.338582611050093,40.56628321,A192,_,00670,157
A192__00660.157,8.334669127598072,40.56362583,A192,_,00660,157
A192__0065.157,8.31806700380367,40.562101475000006,A192,_,0065,157
A192__00620.157,8.324969544725196,40.571988055,A192,_,00620,157
A192__0061.157,8.316967089880308,40.57610958,A192,_,0061,157
A192__00580.157,8.361643623888655,40.577402955,A192,_,00580,157
A192__00570.157,8.343966567175432,40.584495000000004,A192,_,00570,157
A192__00560.157,8.324405841666962,40.58490535,A192,_,00560,157
A192__00540.157,8.34440680439654,40.594261110000005,A192,_,00540,157
A192__00520.157,8.329088980171953,40.591633805,A192,_,00520,157
A192__00470.157,8.223785175613925,40.570205259999994,A192,_,00470,157
A192__00440.157,8.382749342867598,40.594596975,A192,_,00440,157
A192__00400.157,8.32498845913231,40.603161025,A192,_,00400,157
A192__00390.157,8.322810529905595,40.60775763,A192,_,00390,157
A192__00380.157,8.312724797408716,40.5992058,A192,_,00380,157
A192__00360.157,8.298984456245831,40.60831005,A192,_,00360,157
A192__00350.157,8.266942533272525,40.60496436,A192,_,00350,157
A192__00320.157,8.223337901917809,40.598566815,A192,_,00320,157
A192__00310.157,8.37197452673998,40.61854653,A192,_,00310,157
A192__00300.157,8.384816572190632,40.6114526,A192,_,00300,157
A192__00240.157,8.22743090915256,40.605407485,A192,_,00240,157
A192__00190.157,8.197785608721112,40.622287665,A192,_,00190,157
A192__00180.157,8.150463125546064,40.62612459,A192,_,00180,157
A192__00160.157,8.27125880890453,40.63284583,A192,_,00160,157
A192__00150.157,8.232898897687587,40.63944525,A192,_,00150,157
A192__00120.157,8.30314420147694,40.62677499,A192,_,00120,157
A192__00100.157,8.265728999985093,40.641887510000004,A192,_,00100,157
A192__00090.157,8.207362503671359,40.650715219999995,A192,_,00090,157
A192__00080.157,8.319186792668079,40.66391256,A192,_,00080,157
A192__00070.157,8.325415323290617,40.659908635,A192,_,00070,157
A192__00060.157,8.29056158961371,40.6523259,A192,_,00060,157
A192__00660.1570,8.33099800917558,40.562684825000005,A192,_,00660,1570
A192__00660.1571,8.33257395610682,40.564822065,A192,_,00660,1571
A192__00660.1572,8.332457789232427,40.565052185,A192,_,00660,1572
A192__00660.1573,8.3327737605234,40.56477659,A192,_,00660,1573
A192__00660.1574,8.332668335538827,40.564825295000006,A192,_,00660,1574
A192__00660.1575,8.335783527391976,40.563931909999994,A192,_,00660,1575
A192__00660.1576,8.335448542373916,40.56429156,A192,_,00660,1576
A192__00660.1577,8.335603118928827,40.56419937,A192,_,00660,1577
A192__00660.1578,8.335573787649066,40.56403383,A192,_,00660,1578
A192__00020.158,8.22254373402093,40.655334865,A192,_,00020,158
A192__00970.158,8.311876956322529,40.559505945,A192,_,00970,158
A192__00960.158,8.366706849004602,40.50067247,A192,_,00960,158
A192__00940.158,8.359911474322733,40.51752512,A192,_,00940,158
A192__00890.158,8.352936548963656,40.534403385000005,A192,_,00890,158
A192__00880.158,8.342548156869938,40.524566535000005,A192,_,00880,158
A192__00870.158,8.336686470738892,40.531246885,A192,_,00870,158
A192__00860.158,8.352987453912803,40.537941685,A192,_,00860,158
A192__00850.158,8.340665401316244,40.532006565,A192,_,00850,158
A192__00840.158,8.331827462792482,40.537997355,A192,_,00840,158
A192__00810.158,8.369719682026371,40.547151625,A192,_,00810,158
A192__00780.158,8.322115266322424,40.545436085000006,A192,_,00780,158
A192__00730.158,8.344979427980414,40.5552254,A192,_,00730,158
A192__0072.158,8.327834439265452,40.556437855,A192,_,0072,158
A192__00700.158,8.385831777997602,40.577728695000005,A192,_,00700,158
A192__00680.158,8.356737224369482,40.565108545,A192,_,00680,158
A192__00670.158,8.33872973959543,40.568128509999994,A192,_,00670,158
A192__00660.158,8.335179078285432,40.563214485,A192,_,00660,158
A192__0065.158,8.317963966279581,40.561982979999996,A192,_,0065,158
A192__0064.158,8.321097205505485,40.561951269999994,A192,_,0064,158
A192__00620.158,8.323203472814058,40.572215025,A192,_,00620,158
A192__00580.158,8.36155738495188,40.577715855,A192,_,00580,158
A192__00570.158,8.343293557378173,40.58452468,A192,_,00570,158
A192__00550.158,8.321280150184347,40.580001425,A192,_,00550,158
A192__00530.158,8.341896988632381,40.593692045,A192,_,00530,158
A192__00520.158,8.329849115762208,40.591966375,A192,_,00520,158
A192__0049.158,8.282347661912606,40.592294190000004,A192,_,0049,158
A192__00470.158,8.224013497075104,40.570199915,A192,_,00470,158
A192__00440.158,8.380581326680986,40.596354155,A192,_,00440,158
A192__00410.158,8.339891745831135,40.598732479999995,A192,_,00410,158
A192__00390.158,8.324347472112814,40.60718686,A192,_,00390,158
A192__00380.158,8.312692970920715,40.599271470000005,A192,_,00380,158
A192__00360.158,8.299436323309308,40.60777903,A192,_,00360,158
A192__00350.158,8.267114862408938,40.604702169999996,A192,_,00350,158
A192__00340.158,8.26643356306283,40.614072234999995,A192,_,00340,158
A192__00320.158,8.208002919795728,40.593530925,A192,_,00320,158
A192__00300.158,8.382649178558674,40.610482605,A192,_,00300,158
A192__00270.158,8.319754991133681,40.61412348,A192,_,00270,158
A192__00250.158,8.268177430199117,40.62379978,A192,_,00250,158
A192__00240.158,8.22631024615081,40.607697195,A192,_,00240,158
A192__00190.158,8.1984794074413,40.622744885,A192,_,00190,158
A192__00180.158,8.150836188015912,40.625927535,A192,_,00180,158
A192__00160.158,8.269570932011563,40.6338048,A192,_,00160,158
A192__00150.158,8.23257004343574,40.64307465,A192,_,00150,158
A192__00120.158,8.297552693194989,40.63778608,A192,_,00120,158
A192__00070.158,8.324662613235702,40.6605549,A192,_,00070,158
A192__00060.158,8.28979414698852,40.653765335,A192,_,00060,158
A192__00050.158,8.271376340002679,40.661969415,A192,_,00050,158
A192__00660.1580,8.335875834427206,40.56371624,A192,_,00660,1580
A192__00660.1581,8.335729382612257,40.563814475,A192,_,00660,1581
A192__00660.1582,8.329598173828249,40.561078815,A192,_,00660,1582
A192__00660.1583,8.328574419523685,40.56032256,A192,_,00660,1583
A192__00660.1585,8.329469508004362,40.56118884999999,A192,_,00660,1585
A192__00660.1586,8.329463683851511,40.561266975,A192,_,00660,1586
A192__00660.1587,8.328434028110962,40.564483435,A192,_,00660,1587
A192__00660.1588,8.328993067923324,40.564560015,A192,_,00660,1588
A192__00660.1589,8.329206292572538,40.563462349999995,A192,_,00660,1589
A192__00030.159,8.231210061582445,40.655476975,A192,_,00030,159
A192__00970.159,8.311942415207614,40.559443875,A192,_,00970,159
A192__00960.159,8.367396931179085,40.500642185000004,A192,_,00960,159
A192__00940.159,8.358648241183072,40.516695334999994,A192,_,00940,159
A192__00930.159,8.339728826894437,40.518754185000006,A192,_,00930,159
A192__00900.159,8.361375239321077,40.527809465,A192,_,00900,159
A192__00880.159,8.342205441635342,40.524136545,A192,_,00880,159
A192__00860.159,8.353115625311322,40.538012855000005,A192,_,00860,159
A192__00850.159,8.342604344998126,40.531746825,A192,_,00850,159
A192__00840.159,8.331386413583992,40.53809575,A192,_,00840,159
A192__00810.159,8.374539853383322,40.544544715,A192,_,00810,159
A192__00800.159,8.35284536374936,40.54847929,A192,_,00800,159
A192__00790.159,8.344162676004307,40.544565425,A192,_,00790,159
A192__00780.159,8.32218545177711,40.545333685,A192,_,00780,159
A192__00750.159,8.364287247862617,40.56764391,A192,_,00750,159
A192__00740.159,8.361124521354325,40.55961205,A192,_,00740,159
A192__0072.159,8.327677245462073,40.556509855,A192,_,0072,159
A192__00700.159,8.386042447428473,40.5772614,A192,_,00700,159
A192__00690.159,8.361388816346775,40.56831519000001,A192,_,00690,159
A192__00680.159,8.356945868340041,40.56523516,A192,_,00680,159
A192__00660.159,8.334425088537476,40.56331093,A192,_,00660,159
A192__0064.159,8.321178103036742,40.5618786,A192,_,0064,159
A192__00580.159,8.362402059124959,40.576458595,A192,_,00580,159
A192__00570.159,8.342692363643842,40.58584669,A192,_,00570,159
A192__00560.159,8.324493739455939,40.58484851,A192,_,00560,159
A192__00540.159,8.346071298129683,40.591907235,A192,_,00540,159
A192__00530.159,8.341878555405883,40.593663785000004,A192,_,00530,159
A192__00510.159,8.317520899432852,40.5844333,A192,_,00510,159
A192__00480.159,8.234850174288475,40.592463845,A192,_,00480,159
A192__00470.159,8.220002974992635,40.569672249999996,A192,_,00470,159
A192__00440.159,8.380631361468117,40.59723882,A192,_,00440,159
A192__00420.159,8.346341784776806,40.604362574999996,A192,_,00420,159
A192__00410.159,8.340450900738336,40.59895367,A192,_,00410,159
A192__00380.159,8.312504354732265,40.599424365,A192,_,00380,159
A192__00360.159,8.299843016682939,40.60730238,A192,_,00360,159
A192__00340.159,8.266657356824862,40.61415761,A192,_,00340,159
A192__00300.159,8.384107943526145,40.6101788,A192,_,00300,159
A192__00250.159,8.272487969734549,40.62268298,A192,_,00250,159
A192__00240.159,8.22486607630457,40.607280845,A192,_,00240,159
A192__00190.159,8.198666285578188,40.622531165,A192,_,00190,159
A192__00180.159,8.15353847196054,40.625648749999996,A192,_,00180,159
A192__00160.159,8.27125769419387,40.63380254,A192,_,00160,159
A192__00150.159,8.239144683667362,40.643095814999995,A192,_,00150,159
A192__00100.159,8.271664934250222,40.64628442,A192,_,00100,159
A192__00040.159,8.247653693217124,40.66182055,A192,_,00040,159
A192__00660.1590,8.32923841518105,40.564088,A192,_,00660,1590
A192__00660.1591,8.332899498994827,40.565277429999995,A192,_,00660,1591
A192__00660.1592,8.333087233086966,40.565233625000005,A192,_,00660,1592
A192__00660.1593,8.333171218985278,40.56505563,A192,_,00660,1593
A192__00660.1595,8.334048298921536,40.56361784,A192,_,00660,1595
A192__00660.1596,8.333951005928228,40.563766900000005,A192,_,00660,1596
A192__00660.1597,8.329143631101072,40.56043131,A192,_,00660,1597
A192__00020.16,8.197173986739395,40.656381825,A192,_,00020,16
A192__00970.16,8.31209379379723,40.560073515,A192,_,00970,16
A192__00950.16,8.340174551778237,40.516117605000005,A192,_,00950,16
A192__00940.16,8.358322261522988,40.520525115,A192,_,00940,16
A192__00930.16,8.336704261589688,40.52255987,A192,_,00930,16
A192__00920.16,8.378332567292937,40.52400626,A192,_,00920,16
A192__00910.16,8.407333721712988,40.531910465,A192,_,00910,16
A192__00900.16,8.374674231076693,40.541432685,A192,_,00900,16
A192__00890.16,8.350731424825277,40.53491968,A192,_,00890,16
A192__00870.16,8.338342949471352,40.530682485,A192,_,00870,16
A192__00860.16,8.35048205483929,40.541650685,A192,_,00860,16
A192__00800.16,8.350961024285724,40.544219825,A192,_,00800,16
A192__00790.16,8.344034428956318,40.54673651,A192,_,00790,16
A192__00760.16,8.410614421729107,40.562342225,A192,_,00760,16
A192__00750.16,8.385609161462039,40.56482154,A192,_,00750,16
A192__00730.16,8.346746795860625,40.55750492,A192,_,00730,16
A192__0071.16,8.322964334287649,40.54809352,A192,_,0071,16
A192__00700.16,8.408693280246545,40.566779745000005,A192,_,00700,16
A192__00680.16,8.355942436498424,40.57088891,A192,_,00680,16
A192__0064.16,8.319045543139591,40.565432605,A192,_,0064,16
A192__00630.16,8.332498148867327,40.57069687,A192,_,00630,16
A192__00580.16,8.357879650287543,40.58407654,A192,_,00580,16
A192__00560.16,8.325485524011953,40.584453955,A192,_,00560,16
A192__00550.16,8.32262919104858,40.589101425,A192,_,00550,16
A192__00540.16,8.35265804827526,40.59612016,A192,_,00540,16
A192__00530.16,8.341114071855076,40.5986046,A192,_,00530,16
A192__0049.16,8.28621229922034,40.59513015,A192,_,0049,16
A192__00480.16,8.233085558125076,40.595172215000005,A192,_,00480,16
A192__00470.16,8.206752427568247,40.591992590000004,A192,_,00470,16
A192__00450.16,8.169069560111563,40.58595899,A192,_,00450,16
A192__00440.16,8.382580590984414,40.598929749999996,A192,_,00440,16
A192__00430.16,8.372599259814066,40.592902005,A192,_,00430,16
A192__00340.16,8.252866633853833,40.606257065,A192,_,00340,16
A192__00240.16,8.227681445374001,40.630069410000004,A192,_,00240,16
A192__00230.16,8.188368210465722,40.60846995,A192,_,00230,16
A192__00200.16,8.256106910306574,40.626162785,A192,_,00200,16
A192__00150.16,8.248748786937007,40.63582362,A192,_,00150,16
A192__00140.16,8.191475932399566,40.6442071,A192,_,00140,16
A192__00100.16,8.267332207230389,40.643222210000005,A192,_,00100,16
A192__00070.16,8.339765666630004,40.66269498,A192,_,00070,16
A192__00010.160,8.215209053414469,40.661814185,A192,_,00010,160
A192__00970.160,8.312022911055958,40.559375290000006,A192,_,00970,160
A192__00960.160,8.36715342041913,40.499845789999995,A192,_,00960,160
A192__00950.160,8.341854999079668,40.5149964,A192,_,00950,160
A192__00930.160,8.339981794079163,40.51860939,A192,_,00930,160
A192__00900.160,8.36192613142007,40.52752975999999,A192,_,00900,160
A192__00890.160,8.35320297366157,40.534544775,A192,_,00890,160
A192__00880.160,8.342750053243149,40.52393266,A192,_,00880,160
A192__00870.160,8.33742044701178,40.528924509999996,A192,_,00870,160
A192__00860.160,8.353104965024492,40.538397065,A192,_,00860,160
A192__00850.160,8.342582594778886,40.531681954999996,A192,_,00850,160
A192__00840.160,8.33119602982348,40.538943345,A192,_,00840,160
A192__00810.160,8.369710335411362,40.55091829,A192,_,00810,160
A192__00780.160,8.322180645829743,40.54570098,A192,_,00780,160
A192__00750.160,8.367238381803693,40.555273545000006,A192,_,00750,160
A192__00740.160,8.360772774646986,40.559557639999994,A192,_,00740,160
A192__00700.160,8.400097442052477,40.5775136,A192,_,00700,160
A192__00690.160,8.361276394802111,40.569424075,A192,_,00690,160
A192__00680.160,8.357486262843977,40.565065364999995,A192,_,00680,160
A192__00660.160,8.334792607124424,40.563029584999995,A192,_,00660,160
A192__0065.160,8.31848107486423,40.5604626,A192,_,0065,160
A192__00640.160,8.324597842983827,40.5692002,A192,_,00640,160
A192__00620.160,8.323112397160626,40.572053915,A192,_,00620,160
A192__0061.160,8.316579868653118,40.576536745,A192,_,0061,160
A192__00600.160,8.35100479945217,40.57749217,A192,_,00600,160
A192__00570.160,8.356069810326964,40.58837603,A192,_,00570,160
A192__00560.160,8.324520701701246,40.58482845,A192,_,00560,160
A192__00550.160,8.32202944958242,40.581161765000004,A192,_,00550,160
A192__00520.160,8.32753340070973,40.590030985,A192,_,00520,160
A192__00510.160,8.317593001793458,40.584990465000004,A192,_,00510,160
A192__00480.160,8.235569313448849,40.589520845,A192,_,00480,160
A192__00470.160,8.216255307455413,40.57081365,A192,_,00470,160
A192__00440.160,8.381237853304953,40.597097805000004,A192,_,00440,160
A192__00420.160,8.351230402481333,40.603046375000005,A192,_,00420,160
A192__00400.160,8.324700487626579,40.602536619999995,A192,_,00400,160
A192__00390.160,8.318362206469718,40.608946575000004,A192,_,00390,160
A192__00380.160,8.31243445922123,40.59943407,A192,_,00380,160
A192__00350.160,8.267691146725223,40.60301556,A192,_,00350,160
A192__00300.160,8.383344934797591,40.61091269,A192,_,00300,160
A192__00280.160,8.36075825236755,40.617685965,A192,_,00280,160
A192__00260.160,8.297296354578215,40.61974604,A192,_,00260,160
A192__00250.160,8.271837008990577,40.623174899999995,A192,_,00250,160
A192__00240.160,8.227389415053365,40.603335625,A192,_,00240,160
A192__00190.160,8.197449388080315,40.621959865,A192,_,00190,160
A192__00180.160,8.151791276360175,40.625778315000005,A192,_,00180,160
A192__00160.160,8.270962824594992,40.633324720000005,A192,_,00160,160
A192__00150.160,8.243248929759936,40.64090027,A192,_,00150,160
A192__00100.160,8.271860402412665,40.64726797,A192,_,00100,160
A192__00080.160,8.31521534305921,40.64411627,A192,_,00080,160
A192__00070.160,8.341492300309366,40.657205615,A192,_,00070,160
A192__00060.160,8.29054019109102,40.654486950000006,A192,_,00060,160
A192__00020.160,8.210741775282674,40.65503052,A192,_,00020,160
A192__0071.1601,8.325655465116629,40.562131595,A192,_,0071,1601
A192__0071.1604,8.320111441656861,40.55704321,A192,_,0071,1604
A192__00010.161,8.215224764654726,40.661651035000006,A192,_,00010,161
A192__00970.161,8.312115006199999,40.559382225,A192,_,00970,161
A192__00960.161,8.3668566967478,40.496663625,A192,_,00960,161
A192__00890.161,8.352669206160723,40.534763155,A192,_,00890,161
A192__00870.161,8.338781463834412,40.52798816,A192,_,00870,161
A192__00850.161,8.341501161217897,40.53116969,A192,_,00850,161
A192__00840.161,8.330800222580024,40.539042675000005,A192,_,00840,161
A192__00790.161,8.339020528531922,40.551309965,A192,_,00790,161
A192__00750.161,8.367201288609763,40.555562345,A192,_,00750,161
A192__00740.161,8.360525651392027,40.559808700000005,A192,_,00740,161
A192__0071.161,8.316344179630203,40.55728001,A192,_,0071,161
A192__00700.161,8.400414346774436,40.577772595,A192,_,00700,161
A192__00690.161,8.374197129792137,40.56716041,A192,_,00690,161
A192__00680.161,8.356466020978239,40.566127475,A192,_,00680,161
A192__00660.161,8.335853666026168,40.561480605,A192,_,00660,161
A192__0065.161,8.318431743348341,40.560472365,A192,_,0065,161
A192__00630.161,8.338422444795896,40.572806854999996,A192,_,00630,161
A192__00620.161,8.328074739355316,40.578170060000005,A192,_,00620,161
A192__00590.161,8.391929061340534,40.58184929,A192,_,00590,161
A192__00580.161,8.355252879787807,40.586590605,A192,_,00580,161
A192__00570.161,8.351249399534542,40.586755034999996,A192,_,00570,161
A192__00550.161,8.321649411300463,40.580575535,A192,_,00550,161
A192__00540.161,8.346474808328772,40.59183684,A192,_,00540,161
A192__00530.161,8.340711107212071,40.59473364,A192,_,00530,161
A192__00520.161,8.327283192728565,40.589735785,A192,_,00520,161
A192__00510.161,8.3194646049104,40.592490299999994,A192,_,00510,161
A192__0049.161,8.28263635648739,40.592387835,A192,_,0049,161
A192__00480.161,8.236838948707128,40.5888634,A192,_,00480,161
A192__00470.161,8.21148817269984,40.571333265,A192,_,00470,161
A192__00440.161,8.380637355834391,40.597160675,A192,_,00440,161
A192__00420.161,8.350506195991187,40.60305478,A192,_,00420,161
A192__00410.161,8.33938724070548,40.599162809999996,A192,_,00410,161
A192__00400.161,8.327175026127058,40.60708888,A192,_,00400,161
A192__00390.161,8.320267488386454,40.60620964,A192,_,00390,161
A192__00380.161,8.312262468139373,40.59965751,A192,_,00380,161
A192__00360.161,8.291847492252426,40.608448185,A192,_,00360,161
A192__00350.161,8.267887662356149,40.603086565,A192,_,00350,161
A192__00300.161,8.38381212362657,40.61118438,A192,_,00300,161
A192__00240.161,8.225483693149169,40.602828725,A192,_,00240,161
A192__00190.161,8.200518058912596,40.629319914999996,A192,_,00190,161
A192__00180.161,8.152765519688591,40.625651065,A192,_,00180,161
A192__00170.161,8.324177121289207,40.630685745,A192,_,00170,161
A192__00150.161,8.245961758336565,40.642193129999995,A192,_,00150,161
A192__00100.161,8.271858485192773,40.650267485,A192,_,00100,161
A192__00080.161,8.318202481925493,40.644164745,A192,_,00080,161
A192__00060.161,8.28978470060331,40.655169415,A192,_,00060,161
A192__00040.161,8.249483653763276,40.665518065,A192,_,00040,161
A192__00020.161,8.210483067698844,40.655163895,A192,_,00020,161
A192__00070.162,8.341988683644217,40.65702219,A192,_,00070,162
A192__00970.162,8.312022303956198,40.559491664999996,A192,_,00970,162
A192__00960.162,8.364562473052352,40.495010895,A192,_,00960,162
A192__00940.162,8.356499106783806,40.513264385,A192,_,00940,162
A192__00930.162,8.339555456120381,40.51702402,A192,_,00930,162
A192__00900.162,8.36226062782345,40.523544294999994,A192,_,00900,162
A192__00880.162,8.3493495508732,40.519729784999996,A192,_,00880,162
A192__00870.162,8.338211686671121,40.52850612,A192,_,00870,162
A192__00860.162,8.35545201166402,40.5385982,A192,_,00860,162
A192__00840.162,8.331983730738857,40.536688715,A192,_,00840,162
A192__00810.162,8.369355561185003,40.550621074999995,A192,_,00810,162
A192__00800.162,8.350329747703412,40.549076150000005,A192,_,00800,162
A192__00790.162,8.337709824535182,40.54844907,A192,_,00790,162
A192__00740.162,8.36033455641071,40.55980067,A192,_,00740,162
A192__00730.162,8.346124666045517,40.556038255,A192,_,00730,162
A192__0072.162,8.328005449190776,40.55636523,A192,_,0072,162
A192__00680.162,8.356724871527565,40.56596863,A192,_,00680,162
A192__0065.162,8.318448150525494,40.560448915,A192,_,0065,162
A192__00620.162,8.327753265533177,40.57973229,A192,_,00620,162
A192__0061.162,8.316704512520431,40.57639518,A192,_,0061,162
A192__00600.162,8.351132349235023,40.577563825,A192,_,00600,162
A192__00590.162,8.392117344578125,40.581807139999995,A192,_,00590,162
A192__00580.162,8.354993549056626,40.586595270000004,A192,_,00580,162
A192__00570.162,8.350729803202157,40.585394465,A192,_,00570,162
A192__00560.162,8.324077468318631,40.581292489999996,A192,_,00560,162
A192__00540.162,8.346039326691809,40.591455874999994,A192,_,00540,162
A192__00530.162,8.342732057248114,40.59385092,A192,_,00530,162
A192__00520.162,8.327909159201628,40.5894596,A192,_,00520,162
A192__00510.162,8.317414043166334,40.59385019,A192,_,00510,162
A192__0049.162,8.282760022002723,40.59220062,A192,_,0049,162
A192__00480.162,8.237429188212255,40.588223745,A192,_,00480,162
A192__00470.162,8.208273317299236,40.571058050000005,A192,_,00470,162
A192__00440.162,8.381007546497658,40.597097805000004,A192,_,00440,162
A192__00420.162,8.350536458793437,40.602794779999996,A192,_,00420,162
A192__00410.162,8.339917574211837,40.59941038,A192,_,00410,162
A192__00400.162,8.326533321176136,40.607361495,A192,_,00400,162
A192__00390.162,8.320970594706884,40.605976125,A192,_,00390,162
A192__00380.162,8.312235199584114,40.599614125,A192,_,00380,162
A192__00360.162,8.309968362605137,40.61257327,A192,_,00360,162
A192__00350.162,8.267792722685098,40.602896005000005,A192,_,00350,162
A192__00320.162,8.218290191130464,40.59446112,A192,_,00320,162
A192__00300.162,8.384080463355826,40.611201754999996,A192,_,00300,162
A192__00260.162,8.297298594899658,40.61946707,A192,_,00260,162
A192__00240.162,8.22922636598187,40.6042003,A192,_,00240,162
A192__00190.162,8.19865041196114,40.626722830000006,A192,_,00190,162
A192__00180.162,8.153275157341191,40.625731634999994,A192,_,00180,162
A192__00160.162,8.27797535241366,40.628823065000006,A192,_,00160,162
A192__00150.162,8.242733215296003,40.63855644,A192,_,00150,162
A192__00100.162,8.27186201821796,40.6450429,A192,_,00100,162
A192__00080.162,8.32045762276734,40.64420507,A192,_,00080,162
A192__00020.163,8.221524429198933,40.65127169,A192,_,00020,163
A192__00970.163,8.31195929534292,40.559525595,A192,_,00970,163
A192__00960.163,8.364202920420784,40.494847235,A192,_,00960,163
A192__00900.163,8.356310063015458,40.53511289,A192,_,00900,163
A192__00890.163,8.346894802877554,40.53247884,A192,_,00890,163
A192__00880.163,8.349879733604883,40.519829685000005,A192,_,00880,163
A192__00870.163,8.335231707080709,40.532337185,A192,_,00870,163
A192__00860.163,8.355203585043952,40.538709215,A192,_,00860,163
A192__00850.163,8.343165894445637,40.532013415,A192,_,00850,163
A192__00840.163,8.332072163702975,40.53793469,A192,_,00840,163
A192__00810.163,8.369375604189862,40.54987138,A192,_,00810,163
A192__00790.163,8.337087484516807,40.547301919999995,A192,_,00790,163
A192__00740.163,8.3605824019862,40.559534545,A192,_,00740,163
A192__0072.163,8.328198201725604,40.55631524,A192,_,0072,163
A192__00700.163,8.385203127737737,40.577161035,A192,_,00700,163
A192__00680.163,8.355039745070425,40.56614615,A192,_,00680,163
A192__00660.163,8.327648024804184,40.559635560000004,A192,_,00660,163
A192__0065.163,8.318410771717485,40.56044212,A192,_,0065,163
A192__0064.163,8.326681507790079,40.56448475,A192,_,0064,163
A192__00620.163,8.329120175708653,40.57740966,A192,_,00620,163
A192__00600.163,8.350966210069348,40.578912215,A192,_,00600,163
A192__00580.163,8.361333139199388,40.589425925,A192,_,00580,163
A192__00560.163,8.32642268726799,40.57885684,A192,_,00560,163
A192__00530.163,8.342527478685522,40.594031975,A192,_,00530,163
A192__00520.163,8.328788243763821,40.589899255,A192,_,00520,163
A192__00510.163,8.317241035132657,40.594822085000004,A192,_,00510,163
A192__0049.163,8.282562053490391,40.59220062,A192,_,0049,163
A192__00480.163,8.23825575148674,40.586976725,A192,_,00480,163
A192__00470.163,8.207786086450477,40.571159745,A192,_,00470,163
A192__00440.163,8.38096007040631,40.59703476,A192,_,00440,163
A192__00420.163,8.341992742736025,40.600794955,A192,_,00420,163
A192__00410.163,8.34047725039883,40.599591985,A192,_,00410,163
A192__00400.163,8.326878696238555,40.60782361,A192,_,00400,163
A192__00390.163,8.32388732747879,40.601452980000005,A192,_,00390,163
A192__00360.163,8.311162435062862,40.612403535,A192,_,00360,163
A192__00350.163,8.267972484515383,40.602659454999994,A192,_,00350,163
A192__00320.163,8.20754975182432,40.59384656,A192,_,00320,163
A192__00280.163,8.364449781584344,40.615625885,A192,_,00280,163
A192__00240.163,8.228172588423892,40.60590789,A192,_,00240,163
A192__00180.163,8.153670009521093,40.625903925,A192,_,00180,163
A192__00160.163,8.274764864076097,40.630655665000006,A192,_,00160,163
A192__00150.163,8.242282122258162,40.636563135,A192,_,00150,163
A192__00100.163,8.271864468811586,40.642586085,A192,_,00100,163
A192__00070.163,8.341521762406153,40.657374965,A192,_,00070,163
A192__00040.163,8.26225040946344,40.649389805,A192,_,00040,163
A192__00030.163,8.224986392896188,40.647293250000004,A192,_,00030,163
A192__00020.164,8.220729133181148,40.65151814,A192,_,00020,164
A192__00970.164,8.311897952874595,40.55958467,A192,_,00970,164
A192__00960.164,8.36339717141667,40.494818975,A192,_,00960,164
A192__00940.164,8.360084065746628,40.516546680000005,A192,_,00940,164
A192__00930.164,8.33932742552079,40.516783235,A192,_,00930,164
A192__00900.164,8.35573512679239,40.53517438,A192,_,00900,164
A192__00890.164,8.345709649221266,40.52943327,A192,_,00890,164
A192__00860.164,8.354956873378661,40.53881993,A192,_,00860,164
A192__00850.164,8.343459027009139,40.53216263,A192,_,00850,164
A192__00840.164,8.331851560431161,40.537121825,A192,_,00840,164
A192__00810.164,8.368903514569453,40.55011345,A192,_,00810,164
A192__00790.164,8.338840505343544,40.549845745,A192,_,00790,164
A192__00740.164,8.359738788241788,40.559570065,A192,_,00740,164
A192__0072.164,8.328231445393696,40.55651857,A192,_,0072,164
A192__0071.164,8.315558561118582,40.55706887,A192,_,0071,164
A192__00670.164,8.341496652986553,40.570511295,A192,_,00670,164
A192__0065.164,8.31839591744371,40.56048122,A192,_,0065,164
A192__00620.164,8.330625069413383,40.578201995,A192,_,00620,164
A192__0061.164,8.317372034012521,40.576182360000004,A192,_,0061,164
A192__00580.164,8.36126370807207,40.58874963,A192,_,00580,164
A192__00570.164,8.352677363427368,40.58683928,A192,_,00570,164
A192__00560.164,8.326258597514549,40.578618045,A192,_,00560,164
A192__00530.164,8.34230375293354,40.59422737,A192,_,00530,164
A192__00520.164,8.328639205570827,40.589920885,A192,_,00520,164
A192__00510.164,8.316704808446069,40.5952265,A192,_,00510,164
A192__00480.164,8.23995099853074,40.586920275,A192,_,00480,164
A192__00470.164,8.207352479535665,40.571197925,A192,_,00470,164
A192__00420.164,8.342774946352321,40.60110039,A192,_,00420,164
A192__00410.164,8.338791473751382,40.59966933,A192,_,00410,164
A192__00400.164,8.326754592911765,40.607657125,A192,_,00400,164
A192__00390.164,8.319720021998105,40.60198033,A192,_,00390,164
A192__00380.164,8.311998973718968,40.599892975,A192,_,00380,164
A192__00320.164,8.207659854359335,40.59385213,A192,_,00320,164
A192__00310.164,8.372632013030127,40.62186637,A192,_,00310,164
A192__00300.164,8.382611239226883,40.610167075,A192,_,00300,164
A192__00240.164,8.209768494504711,40.626711985,A192,_,00240,164
A192__00180.164,8.154486558840738,40.626568989999996,A192,_,00180,164
A192__00160.164,8.275132453220035,40.628817315,A192,_,00160,164
A192__00150.164,8.216981590357648,40.640750555,A192,_,00150,164
A192__00100.164,8.27507894924266,40.65201567,A192,_,00100,164
A192__00070.164,8.342735767744223,40.657210625000005,A192,_,00070,164
A192__00040.164,8.260871478488383,40.647832185,A192,_,00040,164
A192__00030.164,8.224945264345944,40.64766313,A192,_,00030,164
A192__00020.165,8.219767035031506,40.651410165,A192,_,00020,165
A192__00970.165,8.311831480497677,40.55964765,A192,_,00970,165
A192__00960.165,8.36103919921166,40.49630087,A192,_,00960,165
A192__00940.165,8.360692906464996,40.51633002,A192,_,00940,165
A192__00930.165,8.340396073681626,40.51669617,A192,_,00930,165
A192__00860.165,8.354715998365062,40.538925085,A192,_,00860,165
A192__00840.165,8.333899739350278,40.536332765,A192,_,00840,165
A192__00800.165,8.354705435740271,40.5446795,A192,_,00800,165
A192__00790.165,8.33845621215881,40.55003744,A192,_,00790,165
A192__00780.165,8.325277276567409,40.542363789999996,A192,_,00780,165
A192__00750.165,8.396974130867275,40.551057575,A192,_,00750,165
A192__00740.165,8.359336710155082,40.562856409999995,A192,_,00740,165
A192__0072.165,8.328064198222675,40.55663851,A192,_,0072,165
A192__0071.165,8.31588219165592,40.557010035000005,A192,_,0071,165
A192__00690.165,8.374436515034407,40.57002015,A192,_,00690,165
A192__00680.165,8.355388599607384,40.566267755,A192,_,00680,165
A192__00660.165,8.327813952538618,40.559560255,A192,_,00660,165
A192__0065.165,8.31837159826555,40.56049176,A192,_,0065,165
A192__00620.165,8.330968935951844,40.57868152,A192,_,00620,165
A192__00600.165,8.35215532030032,40.57843202,A192,_,00600,165
A192__00590.165,8.393719892002778,40.578807745,A192,_,00590,165
A192__00580.165,8.36771990273466,40.579755305,A192,_,00580,165
A192__00550.165,8.324710348641787,40.58955698,A192,_,00550,165
A192__00540.165,8.346845451129813,40.591545345,A192,_,00540,165
A192__00530.165,8.34211599601047,40.59439394,A192,_,00530,165
A192__00520.165,8.328687149681386,40.589997885,A192,_,00520,165
A192__00510.165,8.316237567054943,40.595793795,A192,_,00510,165
A192__0049.165,8.28298833768804,40.592488180000004,A192,_,0049,165
A192__00480.165,8.2429366549887,40.58568848,A192,_,00480,165
A192__00470.165,8.207259483372427,40.570676825,A192,_,00470,165
A192__00440.165,8.386829486536978,40.604679805,A192,_,00440,165
A192__00420.165,8.342693521909586,40.60080326,A192,_,00420,165
A192__00410.165,8.339314442515988,40.599919555,A192,_,00410,165
A192__00400.165,8.327085769282116,40.60174209,A192,_,00400,165
A192__00390.165,8.319407838818238,40.601660214999995,A192,_,00390,165
A192__00380.165,8.311996334323887,40.59983328,A192,_,00380,165
A192__00360.165,8.286950192297365,40.607251340000005,A192,_,00360,165
A192__00320.165,8.207174327582326,40.593879885,A192,_,00320,165
A192__00310.165,8.370666828638065,40.619853899999995,A192,_,00310,165
A192__00300.165,8.382818647399965,40.609953715,A192,_,00300,165
A192__00280.165,8.365656307312427,40.622093934999995,A192,_,00280,165
A192__00270.165,8.323140415606144,40.61626935,A192,_,00270,165
A192__00260.165,8.294729102712507,40.620923610000006,A192,_,00260,165
A192__00250.165,8.272107152563569,40.628079549999995,A192,_,00250,165
A192__00240.165,8.20788785567359,40.626351385,A192,_,00240,165
A192__00210.165,8.339122316452514,40.619218970000006,A192,_,00210,165
A192__00180.165,8.155007095285649,40.62663362,A192,_,00180,165
A192__00150.165,8.217820190686794,40.642222215000004,A192,_,00150,165
A192__00120.165,8.297659488029069,40.637785505,A192,_,00120,165
A192__00100.165,8.27852881259144,40.651972470000004,A192,_,00100,165
A192__00080.165,8.320623494119115,40.64576819,A192,_,00080,165
A192__00070.165,8.343203449148234,40.657715890000006,A192,_,00070,165
A192__00050.165,8.27364377590352,40.662784134999995,A192,_,00050,165
A192__00040.165,8.262136136045491,40.647759074999996,A192,_,00040,165
A192__00030.165,8.224901612316751,40.64805556,A192,_,00030,165
A192__00020.166,8.219620982639125,40.650592700000004,A192,_,00020,166
A192__00960.166,8.360817831120354,40.49707708,A192,_,00960,166
A192__00950.166,8.347400204844487,40.515814505,A192,_,00950,166
A192__00940.166,8.359564013933406,40.51650447,A192,_,00940,166
A192__00930.166,8.340770426536574,40.516727325,A192,_,00930,166
A192__00870.166,8.338238438843913,40.528825940000004,A192,_,00870,166
A192__00860.166,8.354547058723096,40.539007125,A192,_,00860,166
A192__00840.166,8.330966245973253,40.53846322,A192,_,00840,166
A192__00810.166,8.361470809748875,40.550788194999996,A192,_,00810,166
A192__00790.166,8.33762313819904,40.547187035,A192,_,00790,166
A192__00780.166,8.322405450808763,40.545537980000006,A192,_,00780,166
A192__00740.166,8.35528162585148,40.558843135000004,A192,_,00740,166
A192__00730.166,8.354102366182977,40.55356997,A192,_,00730,166
A192__0071.166,8.315699949350355,40.55694187,A192,_,0071,166
A192__00700.166,8.408919513328527,40.57588135,A192,_,00700,166
A192__00680.166,8.357116661563566,40.564759415,A192,_,00680,166
A192__00660.166,8.328033694238293,40.55962134,A192,_,00660,166
A192__0064.166,8.3237174810534,40.563167445000005,A192,_,0064,166
A192__00630.166,8.33587547743058,40.57536133,A192,_,00630,166
A192__0061.166,8.317177847927084,40.576141105,A192,_,0061,166
A192__00600.166,8.332687227796566,40.582681844999996,A192,_,00600,166
A192__00590.166,8.394581138965515,40.58025258,A192,_,00590,166
A192__00580.166,8.368335051804639,40.579021615,A192,_,00580,166
A192__00570.166,8.352318290052544,40.586579485,A192,_,00570,166
A192__00560.166,8.323856316413847,40.577484784999996,A192,_,00560,166
A192__00540.166,8.34716904118862,40.59153716,A192,_,00540,166
A192__00530.166,8.341905808914369,40.59457593,A192,_,00530,166
A192__00520.166,8.328705724395661,40.59002238,A192,_,00520,166
A192__00480.166,8.243376636375718,40.58486544,A192,_,00480,166
A192__00470.166,8.202113949016486,40.57078606,A192,_,00470,166
A192__00410.166,8.339878485686814,40.600095175,A192,_,00410,166
A192__00360.166,8.286476064519178,40.608592975,A192,_,00360,166
A192__00320.166,8.207373065526006,40.59385068,A192,_,00320,166
A192__00310.166,8.370573145636575,40.619739605,A192,_,00310,166
A192__00300.166,8.383844159124855,40.61066254000001,A192,_,00300,166
A192__00280.166,8.365376585070917,40.62170192,A192,_,00280,166
A192__00250.166,8.272032542187498,40.628078305,A192,_,00250,166
A192__00240.166,8.209770791148046,40.62701474,A192,_,00240,166
A192__00180.166,8.155332558456962,40.626078815,A192,_,00180,166
A192__00160.166,8.271837844212175,40.62880476,A192,_,00160,166
A192__00150.166,8.218592821416134,40.642897055,A192,_,00150,166
A192__00100.166,8.271855305073494,40.654857885,A192,_,00100,166
A192__00090.166,8.21291516542199,40.650341350000005,A192,_,00090,166
A192__00070.166,8.34324826357825,40.6567899,A192,_,00070,166
A192__00030.166,8.228343032802524,40.647269085000005,A192,_,00030,166
A192__0071.1666,8.326267281953115,40.55669144,A192,_,0071,1666
A192__00050.167,8.273102228234244,40.65979772,A192,_,00050,167
A192__00970.167,8.311759595649434,40.559714295,A192,_,00970,167
A192__00960.167,8.357546378241432,40.498310884999995,A192,_,00960,167
A192__00940.167,8.354646076062256,40.514821595,A192,_,00940,167
A192__00930.167,8.337400503987691,40.520277820000004,A192,_,00930,167
A192__00890.167,8.351961441580992,40.534837855,A192,_,00890,167
A192__00870.167,8.337734442777398,40.524865665,A192,_,00870,167
A192__00860.167,8.354527285939259,40.53901508,A192,_,00860,167
A192__00850.167,8.343699649210876,40.532023795,A192,_,00850,167
A192__00840.167,8.332020057741609,40.53826773,A192,_,00840,167
A192__00810.167,8.36189583662955,40.550870145,A192,_,00810,167
A192__00790.167,8.337187846066556,40.547214385000004,A192,_,00790,167
A192__0077.167,8.329217644885233,40.554789764999995,A192,_,0077,167
A192__00750.167,8.368822653760581,40.55522267,A192,_,00750,167
A192__00740.167,8.357713533993728,40.564499685,A192,_,00740,167
A192__0071.167,8.316211251644074,40.558215955,A192,_,0071,167
A192__00700.167,8.408165385063857,40.57588135,A192,_,00700,167
A192__00690.167,8.3693772588505,40.57158965,A192,_,00690,167
A192__00680.167,8.357349878510238,40.56485164,A192,_,00680,167
A192__00670.167,8.341482263133706,40.569034675,A192,_,00670,167
A192__00660.167,8.328223518108793,40.559631429999996,A192,_,00660,167
A192__00620.167,8.329933389565197,40.57940768,A192,_,00620,167
A192__00600.167,8.332138886679479,40.582752205000006,A192,_,00600,167
A192__00570.167,8.351512307324324,40.587159285,A192,_,00570,167
A192__00560.167,8.324615128952068,40.577822505,A192,_,00560,167
A192__00550.167,8.325552244225193,40.588632765,A192,_,00550,167
A192__00540.167,8.347504999887441,40.59326952,A192,_,00540,167
A192__00530.167,8.341694086529646,40.59476214,A192,_,00530,167
A192__00520.167,8.328139027712734,40.589116785,A192,_,00520,167
A192__00510.167,8.319906233205074,40.594744625,A192,_,00510,167
A192__0049.167,8.283179998300689,40.59253508,A192,_,0049,167
A192__00480.167,8.245234136500038,40.577322695,A192,_,00480,167
A192__00470.167,8.201356255603864,40.57037774,A192,_,00470,167
A192__00450.167,8.164426115802371,40.584882855000004,A192,_,00450,167
A192__00410.167,8.335811047330846,40.603683270000005,A192,_,00410,167
A192__00400.167,8.326510297097062,40.60109423,A192,_,00400,167
A192__00390.167,8.315921399197894,40.599431265,A192,_,00390,167
A192__00360.167,8.285221463683754,40.609214245000004,A192,_,00360,167
A192__00320.167,8.216482954599499,40.593715689999996,A192,_,00320,167
A192__00300.167,8.384387909838484,40.611127159999995,A192,_,00300,167
A192__00280.167,8.367129132923926,40.621614585,A192,_,00280,167
A192__00240.167,8.207853888593824,40.626508369999996,A192,_,00240,167
A192__00180.167,8.155906733107479,40.626061395,A192,_,00180,167
A192__00160.167,8.27190973093131,40.6309826,A192,_,00160,167
A192__00150.167,8.219404037323077,40.643421995,A192,_,00150,167
A192__00100.167,8.27185083669145,40.656724735,A192,_,00100,167
A192__00080.167,8.314158121520261,40.649655835,A192,_,00080,167
A192__00070.167,8.32590683240581,40.66233426,A192,_,00070,167
A192__0071.1671,8.32335120863117,40.553580115,A192,_,0071,1671
A192__0071.1672,8.323635504411342,40.55338638,A192,_,0071,1672
A192__0071.1673,8.324966630437991,40.56214665,A192,_,0071,1673
A192__00020.168,8.222877315714708,40.651119949999995,A192,_,00020,168
A192__00970.168,8.31178568246914,40.55984719,A192,_,00970,168
A192__00960.168,8.360433127778247,40.497472855,A192,_,00960,168
A192__00940.168,8.360753509409928,40.51596591,A192,_,00940,168
A192__00930.168,8.342218479274166,40.522040270000005,A192,_,00930,168
A192__00900.168,8.35714850511811,40.534693725,A192,_,00900,168
A192__00890.168,8.35189879583457,40.534591855,A192,_,00890,168
A192__00870.168,8.33886603545571,40.526181105,A192,_,00870,168
A192__00860.168,8.355079626819373,40.538154935,A192,_,00860,168
A192__00850.168,8.34338531593557,40.531801195,A192,_,00850,168
A192__00840.168,8.331096533220876,40.53874691,A192,_,00840,168
A192__00790.168,8.337092512341451,40.547207295,A192,_,00790,168
A192__00780.168,8.322401926601577,40.545375805000006,A192,_,00780,168
A192__0077.168,8.329180497144302,40.554073785,A192,_,0077,168
A192__00740.168,8.360438870095196,40.55962561,A192,_,00740,168
A192__00730.168,8.35511097783858,40.552924305,A192,_,00730,168
A192__0072.168,8.33023173853719,40.555622244999995,A192,_,0072,168
A192__00700.168,8.409065632396114,40.575478195,A192,_,00700,168
A192__00690.168,8.372537118240114,40.573656135,A192,_,00690,168
A192__00680.168,8.357588869409753,40.564937045,A192,_,00680,168
A192__00670.168,8.341222033006542,40.568922064999995,A192,_,00670,168
A192__00660.168,8.327676364450962,40.5593168,A192,_,00660,168
A192__00590.168,8.395351049469593,40.578576005,A192,_,00590,168
A192__00580.168,8.361466590472341,40.589802005,A192,_,00580,168
A192__00560.168,8.325806706570996,40.57794226,A192,_,00560,168
A192__00540.168,8.346842360954325,40.59338589,A192,_,00540,168
A192__00530.168,8.34148011978964,40.594948970000004,A192,_,00530,168
A192__00520.168,8.328285407703627,40.5891043,A192,_,00520,168
A192__00510.168,8.319626821612458,40.59436934,A192,_,00510,168
A192__0049.168,8.283194819644892,40.592394875,A192,_,0049,168
A192__00470.168,8.20053644874707,40.570979885,A192,_,00470,168
A192__00450.168,8.169101952193955,40.588807715,A192,_,00450,168
A192__00420.168,8.347620383716817,40.604195195,A192,_,00420,168
A192__00400.168,8.326996799784235,40.601416205,A192,_,00400,168
A192__00360.168,8.28516571552837,40.609541019999995,A192,_,00360,168
A192__00340.168,8.267426924987397,40.61336985,A192,_,00340,168
A192__00320.168,8.223030862287077,40.59868071,A192,_,00320,168
A192__00280.168,8.367338682452697,40.621951249999995,A192,_,00280,168
A192__00240.168,8.211140737538145,40.626973225,A192,_,00240,168
A192__00210.168,8.352300987623675,40.631121925,A192,_,00210,168
A192__00180.168,8.156290338739556,40.626002125,A192,_,00180,168
A192__00160.168,8.271905142083291,40.628803825,A192,_,00160,168
A192__00150.168,8.220145096550086,40.643676625,A192,_,00150,168
A192__00130.168,8.334529310684633,40.64305942,A192,_,00130,168
A192__00120.168,8.297082927201647,40.631277505,A192,_,00120,168
A192__00100.168,8.279968549583035,40.653942670000006,A192,_,00100,168
A192__00080.168,8.319438392385141,40.64727291,A192,_,00080,168
A192__00070.168,8.327148845787999,40.661919895,A192,_,00070,168
A192__0071.1680,8.321273350951651,40.553360235,A192,_,0071,1680
A192__0071.1684,8.32124131649184,40.553844479999995,A192,_,0071,1684
A192__0071.1688,8.318729444086095,40.55401115,A192,_,0071,1688
A192__00010.169,8.214167009903289,40.663938385,A192,_,00010,169
A192__00970.169,8.31174280886373,40.55988594,A192,_,00970,169
A192__00950.169,8.345665273165945,40.51935876,A192,_,00950,169
A192__00940.169,8.36085244061381,40.51602005,A192,_,00940,169
A192__00930.169,8.338748404738734,40.517051185,A192,_,00930,169
A192__00890.169,8.349046035931094,40.529861065000006,A192,_,00890,169
A192__00870.169,8.33865555410423,40.52945717,A192,_,00870,169
A192__00860.169,8.354879779598045,40.538331745,A192,_,00860,169
A192__00850.169,8.342922957796892,40.531468475,A192,_,00850,169
A192__00840.169,8.332156709597697,40.5382169,A192,_,00840,169
A192__00800.169,8.34531334420473,40.546818724999994,A192,_,00800,169
A192__00780.169,8.322224342694629,40.54525975,A192,_,00780,169
A192__00750.169,8.373603700157169,40.550967105,A192,_,00750,169
A192__00730.169,8.345215818770784,40.556314125,A192,_,00730,169
A192__0072.169,8.330461693850584,40.556024245,A192,_,0072,169
A192__0071.169,8.317623249524363,40.557354985,A192,_,0071,169
A192__00700.169,8.408439648826214,40.575478195,A192,_,00700,169
A192__00690.169,8.36101197804436,40.56963947,A192,_,00690,169
A192__00670.169,8.34134199462353,40.562885895,A192,_,00670,169
A192__00660.169,8.327890479679171,40.559387995,A192,_,00660,169
A192__0064.169,8.322434901419152,40.5635068,A192,_,0064,169
A192__00630.169,8.334873345620041,40.57489839,A192,_,00630,169
A192__00620.169,8.32511436341999,40.57184482,A192,_,00620,169
A192__00600.169,8.331247036960363,40.582176465,A192,_,00600,169
A192__00560.169,8.325601503334756,40.57773589,A192,_,00560,169
A192__00550.169,8.323686983573573,40.590227825,A192,_,00550,169
A192__00540.169,8.348744235771306,40.59325686,A192,_,00540,169
A192__00530.169,8.341272115619946,40.59513293,A192,_,00530,169
A192__00520.169,8.327572593876017,40.588703185,A192,_,00520,169
A192__00510.169,8.314718250825347,40.58985932,A192,_,00510,169
A192__0049.169,8.283089624724205,40.59235008,A192,_,0049,169
A192__00470.169,8.199669716740374,40.57181849,A192,_,00470,169
A192__00450.169,8.169335662733197,40.588618855,A192,_,00450,169
A192__00410.169,8.336495202180393,40.604046685,A192,_,00410,169
A192__00400.169,8.32711532449347,40.601364335,A192,_,00400,169
A192__00340.169,8.26775813745044,40.612714714999996,A192,_,00340,169
A192__00320.169,8.223009547540304,40.59876448,A192,_,00320,169
A192__00280.169,8.366355914878525,40.621908085,A192,_,00280,169
A192__00270.169,8.327971093455805,40.613483005,A192,_,00270,169
A192__00260.169,8.296499549781718,40.621767000000006,A192,_,00260,169
A192__00240.169,8.210453475630796,40.627616235,A192,_,00240,169
A192__00210.169,8.352383244506427,40.63095965,A192,_,00210,169
A192__00190.169,8.205712252948102,40.63326798,A192,_,00190,169
A192__00180.169,8.156270572474984,40.625963139999996,A192,_,00180,169
A192__00150.169,8.220912288851132,40.64031775,A192,_,00150,169
A192__00100.169,8.27996672914053,40.657565065,A192,_,00100,169
A192__00080.169,8.319874236360874,40.647357925,A192,_,00080,169
A192__00070.169,8.325144628609216,40.662321989999995,A192,_,00070,169
A192__00040.169,8.262557797119669,40.648639450000005,A192,_,00040,169
A192__0071.1691,8.322845096750198,40.56165299,A192,_,0071,1691
A192__0071.1693,8.318412228217559,40.55343143,A192,_,0071,1693
A192__00010.17,8.226289286967525,40.66344323,A192,_,00010,17
A192__00960.17,8.379450711519407,40.514753479999996,A192,_,00960,17
A192__00940.17,8.353800141753776,40.510604220000005,A192,_,00940,17
A192__00920.17,8.377415761986125,40.528611205000004,A192,_,00920,17
A192__00910.17,8.407321095065214,40.53161093,A192,_,00910,17
A192__00900.17,8.358507338580987,40.535847015,A192,_,00900,17
A192__00890.17,8.350853684559159,40.536078745,A192,_,00890,17
A192__00880.17,8.34485850149887,40.52657473,A192,_,00880,17
A192__00870.17,8.33455250467508,40.533118095,A192,_,00870,17
A192__00860.17,8.349512869073308,40.541125545,A192,_,00860,17
A192__00820.17,8.393131112599667,40.5486037,A192,_,00820,17
A192__00810.17,8.371745401868736,40.546891805,A192,_,00810,17
A192__00800.17,8.351216008967587,40.5441879,A192,_,00800,17
A192__00780.17,8.322568184812521,40.543985375000005,A192,_,00780,17
A192__00760.17,8.399946747229357,40.545987305,A192,_,00760,17
A192__00750.17,8.388739074475733,40.565535955,A192,_,00750,17
A192__00740.17,8.364549360923935,40.55349085,A192,_,00740,17
A192__00730.17,8.348109135695983,40.55717965,A192,_,00730,17
A192__0072.17,8.327539212186522,40.55789299,A192,_,0072,17
A192__00690.17,8.362886494388013,40.566227319999996,A192,_,00690,17
A192__00680.17,8.35665452242981,40.566813195,A192,_,00680,17
A192__00670.17,8.344281445057067,40.5712838,A192,_,00670,17
A192__0065.17,8.316879110724622,40.561574725,A192,_,0065,17
A192__00600.17,8.34724816738457,40.58143837,A192,_,00600,17
A192__00580.17,8.353045583225782,40.582100510000004,A192,_,00580,17
A192__00560.17,8.322260532598534,40.5781238,A192,_,00560,17
A192__00550.17,8.322181549158683,40.589155605,A192,_,00550,17
A192__00540.17,8.353447255735219,40.595877805,A192,_,00540,17
A192__00530.17,8.343967686033732,40.59609178,A192,_,00530,17
A192__00510.17,8.31414860086331,40.59027112,A192,_,00510,17
A192__0049.17,8.286225972032028,40.59492296,A192,_,0049,17
A192__00470.17,8.214451421231054,40.59277385,A192,_,00470,17
A192__00430.17,8.375481415469999,40.59339936000001,A192,_,00430,17
A192__00420.17,8.346221933583355,40.597492275,A192,_,00420,17
A192__00340.17,8.25463675727795,40.60578521,A192,_,00340,17
A192__00330.17,8.258054969157461,40.593747365,A192,_,00330,17
A192__00310.17,8.372665927971514,40.60544485,A192,_,00310,17
A192__00290.17,8.383913534625066,40.615538955,A192,_,00290,17
A192__00200.17,8.256255917869124,40.626373965,A192,_,00200,17
A192__00190.17,8.189526249549072,40.616277115,A192,_,00190,17
A192__00080.17,8.310641652022394,40.65311537,A192,_,00080,17
A192__00030.17,8.236871682904866,40.66261763,A192,_,00030,17
A192__00020.17,8.199635399311152,40.656167495,A192,_,00020,17
A192__00010.170,8.214463727672983,40.661806444999996,A192,_,00010,170
A192__00970.170,8.311696392080325,40.559929215,A192,_,00970,170
A192__00940.170,8.357351100003765,40.515467825,A192,_,00940,170
A192__00930.170,8.338972731692802,40.517480305,A192,_,00930,170
A192__00890.170,8.348650239427265,40.53040197,A192,_,00890,170
A192__00870.170,8.336957265750748,40.530188405000004,A192,_,00870,170
A192__00850.170,8.343186869032191,40.532041934999995,A192,_,00850,170
A192__00840.170,8.331132291159054,40.53875592,A192,_,00840,170
A192__00790.170,8.337240822912609,40.54618222,A192,_,00790,170
A192__00780.170,8.322124239715347,40.545109345,A192,_,00780,170
A192__0077.170,8.329919156611043,40.553651994999996,A192,_,0077,170
A192__00740.170,8.358774772490872,40.563153475,A192,_,00740,170
A192__00730.170,8.344002118163077,40.55704924,A192,_,00730,170
A192__0071.170,8.317788701199696,40.55743546,A192,_,0071,170
A192__00700.170,8.407610666181014,40.573332820000005,A192,_,00700,170
A192__00690.170,8.361463441410447,40.56962841,A192,_,00690,170
A192__00670.170,8.34173531258918,40.561696085,A192,_,00670,170
A192__00660.170,8.3280214199686,40.55945939,A192,_,00660,170
A192__0064.170,8.322253253935866,40.56367971,A192,_,0064,170
A192__00630.170,8.334720890943112,40.57457866,A192,_,00630,170
A192__00620.170,8.325255419664817,40.571684495,A192,_,00620,170
A192__00610.170,8.321352960908495,40.576919204999996,A192,_,00610,170
A192__00600.170,8.331966873700567,40.584226345,A192,_,00600,170
A192__00590.170,8.395418722541525,40.581137325,A192,_,00590,170
A192__00570.170,8.338076064287346,40.589489459999996,A192,_,00570,170
A192__00560.170,8.325375600820388,40.577533790000004,A192,_,00560,170
A192__00520.170,8.327910312381153,40.588883295,A192,_,00520,170
A192__00510.170,8.315840301267304,40.5896519,A192,_,00510,170
A192__00470.170,8.198033566506075,40.571669565,A192,_,00470,170
A192__00450.170,8.169320772689382,40.58855471,A192,_,00450,170
A192__00410.170,8.336604897027787,40.60338651,A192,_,00410,170
A192__00400.170,8.32693593224312,40.60103058,A192,_,00400,170
A192__00380.170,8.310906867590013,40.60077085,A192,_,00380,170
A192__00340.170,8.259372700403937,40.60442476,A192,_,00340,170
A192__00320.170,8.223025746837415,40.598583860000005,A192,_,00320,170
A192__00280.170,8.368403138970324,40.621888745,A192,_,00280,170
A192__00270.170,8.328551214851501,40.613994465000005,A192,_,00270,170
A192__00260.170,8.319714911215728,40.616835615,A192,_,00260,170
A192__00240.170,8.214632423297866,40.627676485,A192,_,00240,170
A192__00210.170,8.352396985694057,40.630756715000004,A192,_,00210,170
A192__00190.170,8.19823725657797,40.633550084999996,A192,_,00190,170
A192__00180.170,8.156629553282366,40.626056455,A192,_,00180,170
A192__00160.170,8.273121716727331,40.62880731,A192,_,00160,170
A192__00150.170,8.21963728638175,40.640386434999996,A192,_,00150,170
A192__00120.170,8.300503579367827,40.631140265,A192,_,00120,170
A192__00110.170,8.292525894442045,40.643421735000004,A192,_,00110,170
A192__00100.170,8.271671610057346,40.65133685,A192,_,00100,170
A192__00080.170,8.317671004273759,40.64967909,A192,_,00080,170
A192__00070.170,8.32473068324525,40.66258986,A192,_,00070,170
A192__00040.170,8.263926210770968,40.648293415,A192,_,00040,170
A192__00030.170,8.225958490235627,40.648332785,A192,_,00030,170
A192__0071.1703,8.318172016052708,40.55360102,A192,_,0071,1703
A192__00010.171,8.21460594611992,40.664367135,A192,_,00010,171
A192__00970.171,8.311648364674319,40.55997839,A192,_,00970,171
A192__00960.171,8.364189230743758,40.51036558,A192,_,00960,171
A192__00950.171,8.35317576270657,40.51534435,A192,_,00950,171
A192__00940.171,8.361923423653643,40.515672085000006,A192,_,00940,171
A192__00890.171,8.349823979142815,40.53050648,A192,_,00890,171
A192__00880.171,8.350675825738277,40.523014395,A192,_,00880,171
A192__00870.171,8.337706023134668,40.52519978,A192,_,00870,171
A192__00850.171,8.342181953373496,40.531525365,A192,_,00850,171
A192__00840.171,8.33078265764784,40.53886355,A192,_,00840,171
A192__00800.171,8.345083991987483,40.545871515,A192,_,00800,171
A192__00790.171,8.337972444637078,40.544911525,A192,_,00790,171
A192__00780.171,8.324254867114334,40.546254745,A192,_,00780,171
A192__00750.171,8.370279441416107,40.556191525,A192,_,00750,171
A192__0071.171,8.31800841408042,40.557416294999996,A192,_,0071,171
A192__00700.171,8.407999369257666,40.573210610000004,A192,_,00700,171
A192__00670.171,8.341314618984999,40.56206937,A192,_,00670,171
A192__0064.171,8.322340986603471,40.563579585,A192,_,0064,171
A192__00630.171,8.334117910046848,40.574578005,A192,_,00630,171
A192__00620.171,8.324881787558777,40.571551944999996,A192,_,00620,171
A192__00610.171,8.32155087304285,40.576645055,A192,_,00610,171
A192__00550.171,8.322795474304815,40.59076796,A192,_,00550,171
A192__00540.171,8.347215249863858,40.592649225,A192,_,00540,171
A192__00530.171,8.340855794939975,40.59550531,A192,_,00530,171
A192__00520.171,8.326723808320635,40.58900129,A192,_,00520,171
A192__00510.171,8.316665640480835,40.590740985,A192,_,00510,171
A192__0049.171,8.283392633627216,40.592421105,A192,_,0049,171
A192__00480.171,8.227202841320004,40.58935119,A192,_,00480,171
A192__00470.171,8.198590666862934,40.573910725,A192,_,00470,171
A192__00450.171,8.169447592175942,40.58673483,A192,_,00450,171
A192__00420.171,8.347709459920507,40.604389190000006,A192,_,00420,171
A192__00390.171,8.32278227658558,40.6018757,A192,_,00390,171
A192__00360.171,8.284813366681025,40.608903985,A192,_,00360,171
A192__00340.171,8.260847569651675,40.60488227,A192,_,00340,171
A192__00290.171,8.381552539901787,40.61106696,A192,_,00290,171
A192__00280.171,8.366282514852067,40.622594365,A192,_,00280,171
A192__00240.171,8.212986705925656,40.627793735,A192,_,00240,171
A192__00210.171,8.352501870381007,40.630691995,A192,_,00210,171
A192__00190.171,8.18814407851945,40.635296385000004,A192,_,00190,171
A192__00180.171,8.156824020874442,40.62609362,A192,_,00180,171
A192__00160.171,8.271948088965134,40.630829840000004,A192,_,00160,171
A192__00150.171,8.217998336092586,40.64023392,A192,_,00150,171
A192__00120.171,8.30374987994304,40.63107167,A192,_,00120,171
A192__00100.171,8.271667992314923,40.648420155,A192,_,00100,171
A192__00080.171,8.320569149405717,40.65016109,A192,_,00080,171
A192__00040.171,8.247017663778596,40.655413800000005,A192,_,00040,171
A192__00030.171,8.24142078128426,40.664111399999996,A192,_,00030,171
A192__0071.1711,8.326992815987257,40.556038225,A192,_,0071,1711
A192__0071.1713,8.326924654800038,40.555848925,A192,_,0071,1713
A192__0071.1714,8.32685667499113,40.555636635,A192,_,0071,1714
A192__0071.1717,8.326907530273537,40.555795079999996,A192,_,0071,1717
A192__00010.172,8.214715712292293,40.661925505,A192,_,00010,172
A192__00970.172,8.311613829572599,40.560010305000006,A192,_,00970,172
A192__00960.172,8.3640542955543,40.50895493,A192,_,00960,172
A192__00950.172,8.353112324523451,40.515552715,A192,_,00950,172
A192__00940.172,8.360396177226228,40.515149824999995,A192,_,00940,172
A192__00900.172,8.355592322846352,40.534612245000005,A192,_,00900,172
A192__00880.172,8.346895456680468,40.526342744999994,A192,_,00880,172
A192__00870.172,8.337632251923953,40.525014175,A192,_,00870,172
A192__00860.172,8.354051166828118,40.538426365,A192,_,00860,172
A192__00850.172,8.342163583978603,40.531492145,A192,_,00850,172
A192__00800.172,8.349080514381232,40.549807045,A192,_,00800,172
A192__00790.172,8.337295794203953,40.54543275,A192,_,00790,172
A192__00750.172,8.370132374760033,40.55614178,A192,_,00750,172
A192__0071.172,8.3181216568745,40.557512845,A192,_,0071,172
A192__00700.172,8.407057880280052,40.574070395,A192,_,00700,172
A192__00670.172,8.344402444770427,40.56158895,A192,_,00670,172
A192__00660.172,8.328003230593026,40.55930523,A192,_,00660,172
A192__0064.172,8.322134582560134,40.563753605,A192,_,0064,172
A192__00630.172,8.333887867888475,40.574816735,A192,_,00630,172
A192__00590.172,8.386797045733667,40.58285385,A192,_,00590,172
A192__00560.172,8.332050283026057,40.587095149999996,A192,_,00560,172
A192__00550.172,8.323342164033644,40.590448675000005,A192,_,00550,172
A192__00530.172,8.341952212973242,40.594666450000005,A192,_,00530,172
A192__00520.172,8.327140077842394,40.58913224,A192,_,00520,172
A192__00510.172,8.316936120283565,40.590646455,A192,_,00510,172
A192__00480.172,8.231465269186806,40.585738815,A192,_,00480,172
A192__00470.172,8.198260149213635,40.574891359999995,A192,_,00470,172
A192__00420.172,8.343208845950322,40.604288565000004,A192,_,00420,172
A192__00400.172,8.326668395635998,40.600506800000005,A192,_,00400,172
A192__00300.172,8.384429881278356,40.610313635,A192,_,00300,172
A192__00240.172,8.225301955633538,40.631763345,A192,_,00240,172
A192__00210.172,8.352563669778231,40.630639275,A192,_,00210,172
A192__00190.172,8.202524590286071,40.630969995,A192,_,00190,172
A192__00180.172,8.157094872089555,40.62622211,A192,_,00180,172
A192__00160.172,8.272016396279072,40.62880437,A192,_,00160,172
A192__00150.172,8.22797614076012,40.64347177,A192,_,00150,172
A192__00120.172,8.306825775219014,40.631070664999996,A192,_,00120,172
A192__00110.172,8.289734133092598,40.64560323,A192,_,00110,172
A192__00100.172,8.279954755719007,40.64563621,A192,_,00100,172
A192__00080.172,8.319991622347626,40.65059037,A192,_,00080,172
A192__00070.172,8.324569068852345,40.662063735,A192,_,00070,172
A192__00050.172,8.281246738979497,40.66166795,A192,_,00050,172
A192__0071.1722,8.326670413071783,40.555059740000004,A192,_,0071,1722
A192__0071.1723,8.326631513621656,40.55493172,A192,_,0071,1723
A192__0071.1725,8.326826159326117,40.554897464999996,A192,_,0071,1725
A192__00010.173,8.215138503902853,40.663885005,A192,_,00010,173
A192__00970.173,8.31169117921299,40.56006266,A192,_,00970,173
A192__00950.173,8.35255348600516,40.515465665,A192,_,00950,173
A192__00940.173,8.360735309076144,40.51457737,A192,_,00940,173
A192__00890.173,8.352606678851359,40.53216573,A192,_,00890,173
A192__00880.173,8.347488372297983,40.526756074999994,A192,_,00880,173
A192__00870.173,8.338079484547357,40.525702980000005,A192,_,00870,173
A192__00850.173,8.342583183312069,40.53171102,A192,_,00850,173
A192__00840.173,8.330112428616207,40.54025096,A192,_,00840,173
A192__00810.173,8.374616423018818,40.544096255,A192,_,00810,173
A192__00790.173,8.345404732378984,40.53873065,A192,_,00790,173
A192__0071.173,8.318214593426632,40.55760615,A192,_,0071,173
A192__00700.173,8.407565183406664,40.574026355,A192,_,00700,173
A192__00690.173,8.364589238800647,40.56859655,A192,_,00690,173
A192__00670.173,8.34217896569773,40.563488805000006,A192,_,00670,173
A192__0065.173,8.31702780621168,40.56125355,A192,_,0065,173
A192__00630.173,8.333722397570368,40.57498599,A192,_,00630,173
A192__00620.173,8.324920462050084,40.572677764999995,A192,_,00620,173
A192__00610.173,8.321254238287771,40.576579575,A192,_,00610,173
A192__00600.173,8.332967816398472,40.582475470000006,A192,_,00600,173
A192__00580.173,8.35230152389587,40.584619035,A192,_,00580,173
A192__00570.173,8.35336529385609,40.586556345000005,A192,_,00570,173
A192__00550.173,8.322108762891283,40.591112895,A192,_,00550,173
A192__00540.173,8.346899441590358,40.592784325,A192,_,00540,173
A192__00530.173,8.340603877364993,40.591788915,A192,_,00530,173
A192__00520.173,8.327163722541759,40.588848825,A192,_,00520,173
A192__00510.173,8.316762916351687,40.590532874999994,A192,_,00510,173
A192__00470.173,8.197968179029761,40.576015155,A192,_,00470,173
A192__00450.173,8.16709608748094,40.585561275,A192,_,00450,173
A192__00420.173,8.343463162745039,40.604593515000005,A192,_,00420,173
A192__00410.173,8.33926806535712,40.603386195,A192,_,00410,173
A192__00400.173,8.327243193986712,40.60038297,A192,_,00400,173
A192__00380.173,8.31023009807947,40.60099366,A192,_,00380,173
A192__00340.173,8.261363674785436,40.604426615,A192,_,00340,173
A192__00300.173,8.384842728388438,40.61078713,A192,_,00300,173
A192__00290.173,8.384075152626213,40.6147689,A192,_,00290,173
A192__00280.173,8.365804300289605,40.622398475,A192,_,00280,173
A192__00240.173,8.225193062979894,40.631757175000004,A192,_,00240,173
A192__00210.173,8.339412945232116,40.61912985,A192,_,00210,173
A192__00180.173,8.15725574226467,40.62626075,A192,_,00180,173
A192__00160.173,8.271947804028152,40.62907795,A192,_,00160,173
A192__00120.173,8.304316896068077,40.63115664,A192,_,00120,173
A192__00110.173,8.291898948568583,40.645610219999995,A192,_,00110,173
A192__00100.173,8.279957082143438,40.648163955,A192,_,00100,173
A192__00050.173,8.279587904853367,40.661730995,A192,_,00050,173
A192__00040.173,8.24879225674388,40.655786365,A192,_,00040,173
A192__00030.173,8.241228636082123,40.663247275,A192,_,00030,173
A192__0071.1730,8.32011195654005,40.551476235,A192,_,0071,1730
A192__0071.1731,8.315919685534777,40.55528485,A192,_,0071,1731
A192__0071.1738,8.318054761901568,40.55368453,A192,_,0071,1738
A192__00010.174,8.212593662051344,40.65519483,A192,_,00010,174
A192__00970.174,8.311723055521963,40.560033270000005,A192,_,00970,174
A192__00950.174,8.352866618490317,40.515441105,A192,_,00950,174
A192__00940.174,8.361119783608672,40.515022384999995,A192,_,00940,174
A192__00900.174,8.35811608039989,40.534745380000004,A192,_,00900,174
A192__00890.174,8.347797215549097,40.52768038,A192,_,00890,174
A192__00880.174,8.34455097573861,40.52777702,A192,_,00880,174
A192__00870.174,8.337769728409512,40.52547689,A192,_,00870,174
A192__00850.174,8.341595146436923,40.531194855,A192,_,00850,174
A192__00840.174,8.331425049595936,40.53719051,A192,_,00840,174
A192__00810.174,8.375178463274178,40.544064885,A192,_,00810,174
A192__00800.174,8.350311727332137,40.54912883,A192,_,00800,174
A192__00790.174,8.345608534516229,40.53873065,A192,_,00790,174
A192__00780.174,8.324583269895626,40.5442474,A192,_,00780,174
A192__0077.174,8.329549109456405,40.552712225,A192,_,0077,174
A192__00740.174,8.356161811681975,40.563295505,A192,_,00740,174
A192__00730.174,8.344803820652466,40.556270944999994,A192,_,00730,174
A192__0072.174,8.32815079214993,40.557200925000004,A192,_,0072,174
A192__0071.174,8.318323036793792,40.55747168,A192,_,0071,174
A192__00700.174,8.407372493044246,40.57386356,A192,_,00700,174
A192__00690.174,8.36572170571305,40.569321585,A192,_,00690,174
A192__00660.174,8.328035292659202,40.559108085,A192,_,00660,174
A192__00630.174,8.334267070906048,40.57428824,A192,_,00630,174
A192__00620.174,8.324990611528058,40.57261587,A192,_,00620,174
A192__00610.174,8.32142434463881,40.57632764,A192,_,00610,174
A192__00600.174,8.332599295423773,40.5822772,A192,_,00600,174
A192__00590.174,8.387199254096828,40.58124774,A192,_,00590,174
A192__00570.174,8.353301345280208,40.586143355000004,A192,_,00570,174
A192__00550.174,8.318976842225108,40.589305005,A192,_,00550,174
A192__00540.174,8.346815022979461,40.59281574,A192,_,00540,174
A192__00520.174,8.327984064555139,40.5885662,A192,_,00520,174
A192__00510.174,8.317990356837761,40.59657429,A192,_,00510,174
A192__0049.174,8.283319692790482,40.592175075,A192,_,0049,174
A192__00470.174,8.198480037821609,40.57681299,A192,_,00470,174
A192__00450.174,8.167411026952664,40.58546611,A192,_,00450,174
A192__00420.174,8.343919065493418,40.60514755,A192,_,00420,174
A192__00410.174,8.337943710971722,40.602891514999996,A192,_,00410,174
A192__00400.174,8.327443114336518,40.60123137,A192,_,00400,174
A192__00390.174,8.320690638443441,40.610086679999995,A192,_,00390,174
A192__00380.174,8.30861164672947,40.601893505,A192,_,00380,174
A192__00360.174,8.28449448287653,40.60879446,A192,_,00360,174
A192__00300.174,8.385076998772707,40.610455474999995,A192,_,00300,174
A192__00280.174,8.366461336125383,40.622037605,A192,_,00280,174
A192__00240.174,8.228924911797442,40.627778385,A192,_,00240,174
A192__00180.174,8.15818522809677,40.626537555,A192,_,00180,174
A192__00160.174,8.27195585391165,40.628804099999996,A192,_,00160,174
A192__00120.174,8.307587989700492,40.631182095,A192,_,00120,174
A192__00110.174,8.294380244343666,40.645622595,A192,_,00110,174
A192__00100.174,8.279955982560306,40.64950053,A192,_,00100,174
A192__00090.174,8.217729922009259,40.64766129,A192,_,00090,174
A192__00030.174,8.241182055923693,40.66314874,A192,_,00030,174
A192__00010.175,8.212448620742684,40.65519945,A192,_,00010,175
A192__00970.175,8.311750956861927,40.5599991,A192,_,00970,175
A192__00960.175,8.365063708646096,40.505620455,A192,_,00960,175
A192__00950.175,8.352895649581603,40.515241285,A192,_,00950,175
A192__00940.175,8.361909651621193,40.514489035,A192,_,00940,175
A192__00900.175,8.358780803258771,40.534442940000005,A192,_,00900,175
A192__00880.175,8.346081208677344,40.526957894999995,A192,_,00880,175
A192__00870.175,8.336952697038889,40.529174780000005,A192,_,00870,175
A192__00850.175,8.343788722115413,40.531596135,A192,_,00850,175
A192__00810.175,8.375627587985068,40.54415381,A192,_,00810,175
A192__00800.175,8.346727926530406,40.545524755,A192,_,00800,175
A192__00790.175,8.337755348889102,40.54624536,A192,_,00790,175
A192__00730.175,8.344985921392011,40.556343479999995,A192,_,00730,175
A192__0072.175,8.327913516338398,40.557291115,A192,_,0072,175
A192__00680.175,8.355125356369893,40.56937755,A192,_,00680,175
A192__00670.175,8.342309983351715,40.56290756,A192,_,00670,175
A192__0064.175,8.321912797169436,40.56389656,A192,_,0064,175
A192__00620.175,8.324017279075175,40.57330795,A192,_,00620,175
A192__00610.175,8.320777843633016,40.57615492,A192,_,00610,175
A192__00590.175,8.38735446976127,40.580872645,A192,_,00590,175
A192__00580.175,8.354479920035365,40.585485504999994,A192,_,00580,175
A192__00570.175,8.352967554269384,40.586521405,A192,_,00570,175
A192__00560.175,8.33156643642776,40.58683982,A192,_,00560,175
A192__00540.175,8.34994105015889,40.592253525000004,A192,_,00540,175
A192__00520.175,8.327584300283112,40.589283005,A192,_,00520,175
A192__00470.175,8.199393471333476,40.57763303,A192,_,00470,175
A192__00450.175,8.167160862797044,40.585383905,A192,_,00450,175
A192__00410.175,8.338212821606758,40.603070085,A192,_,00410,175
A192__00400.175,8.327771411254828,40.6017787,A192,_,00400,175
A192__00390.175,8.324424065116052,40.609769505,A192,_,00390,175
A192__00380.175,8.308606430020966,40.602043949999995,A192,_,00380,175
A192__00320.175,8.20756844805722,40.592678295,A192,_,00320,175
A192__00300.175,8.384179127358642,40.609721705,A192,_,00300,175
A192__00280.175,8.356202568328422,40.61309532,A192,_,00280,175
A192__00240.175,8.23057433224967,40.607050025,A192,_,00240,175
A192__00180.175,8.14991798674412,40.62638106,A192,_,00180,175
A192__00160.175,8.271294901889066,40.63673542,A192,_,00160,175
A192__00150.175,8.226427889057828,40.644069055,A192,_,00150,175
A192__00110.175,8.292533818738626,40.643316105,A192,_,00110,175
A192__00100.175,8.265661363948162,40.650796695,A192,_,00100,175
A192__00090.175,8.2190445279493,40.648036739999995,A192,_,00090,175
A192__00080.175,8.320101051261346,40.65277973,A192,_,00080,175
A192__00070.175,8.327361959233823,40.65695379,A192,_,00070,175
A192__00030.175,8.225136533570138,40.646997505,A192,_,00030,175
A192__0071.1757,8.323614134806157,40.55272214,A192,_,0071,1757
A192__00010.176,8.212371700893797,40.655445639999996,A192,_,00010,176
A192__00970.176,8.31178561840549,40.559965425,A192,_,00970,176
A192__00950.176,8.35215783824528,40.516268554999996,A192,_,00950,176
A192__00940.176,8.361688054658408,40.513661575,A192,_,00940,176
A192__00930.176,8.340021587149572,40.52221631,A192,_,00930,176
A192__00900.176,8.358611258776726,40.534739079999994,A192,_,00900,176
A192__00890.176,8.352633541110958,40.535160405,A192,_,00890,176
A192__00880.176,8.349166768943208,40.5196067,A192,_,00880,176
A192__00870.176,8.33846583322345,40.5262863,A192,_,00870,176
A192__00860.176,8.355728542594811,40.537595190000005,A192,_,00860,176
A192__00810.176,8.365116244356582,40.55304511,A192,_,00810,176
A192__00800.176,8.347271168962134,40.54621177999999,A192,_,00800,176
A192__00790.176,8.338550059816695,40.546092720000004,A192,_,00790,176
A192__00740.176,8.35403828420813,40.558635824999996,A192,_,00740,176
A192__00730.176,8.344948051916239,40.556165660000005,A192,_,00730,176
A192__0072.176,8.328367096530549,40.557547935,A192,_,0072,176
A192__00700.176,8.40990202329552,40.574907185,A192,_,00700,176
A192__00690.176,8.363904883735142,40.567828355,A192,_,00690,176
A192__00670.176,8.342535709463796,40.562949485000004,A192,_,00670,176
A192__0064.176,8.323016873047798,40.563406575,A192,_,0064,176
A192__00620.176,8.324945675071099,40.57172602,A192,_,00620,176
A192__00610.176,8.32139197786584,40.575894375000004,A192,_,00610,176
A192__00600.176,8.335555701902836,40.587100615,A192,_,00600,176
A192__00570.176,8.353760266167008,40.587197545,A192,_,00570,176
A192__00560.176,8.331920185330235,40.58684466,A192,_,00560,176
A192__00550.176,8.321409669094649,40.58987174,A192,_,00550,176
A192__00530.176,8.340649424285125,40.596622655000004,A192,_,00530,176
A192__00510.176,8.316761297610938,40.594323895,A192,_,00510,176
A192__0049.176,8.283914626450166,40.5918821,A192,_,0049,176
A192__00470.176,8.20100185465402,40.580232085,A192,_,00470,176
A192__00450.176,8.167111706361524,40.5857266,A192,_,00450,176
A192__00420.176,8.34691998644973,40.60194558,A192,_,00420,176
A192__00410.176,8.338504759562966,40.603230749999994,A192,_,00410,176
A192__00400.176,8.326161117603945,40.601121385,A192,_,00400,176
A192__00390.176,8.324460442791235,40.609790055000005,A192,_,00390,176
A192__00380.176,8.308529315199412,40.601942585,A192,_,00380,176
A192__00340.176,8.270780049009804,40.607234015,A192,_,00340,176
A192__00300.176,8.38449859740609,40.609639305,A192,_,00300,176
A192__00250.176,8.271086296545981,40.611802874999995,A192,_,00250,176
A192__00240.176,8.209845022700977,40.61868215,A192,_,00240,176
A192__00150.176,8.22716810841322,40.643786750000004,A192,_,00150,176
A192__00100.176,8.265674898181818,40.64797688,A192,_,00100,176
A192__00030.176,8.22474830709196,40.646943545,A192,_,00030,176
A192__0071.1760,8.322209732432057,40.5515626,A192,_,0071,1760
A192__0071.1761,8.322347960291498,40.551542409999996,A192,_,0071,1761
A192__0071.1763,8.322651505832463,40.551617065,A192,_,0071,1763
A192__0071.1766,8.32261707321104,40.552330715,A192,_,0071,1766
A192__00010.177,8.21226459594762,40.655947415,A192,_,00010,177
A192__00970.177,8.311847391331623,40.559904175,A192,_,00970,177
A192__00960.177,8.367983614114035,40.511292905000005,A192,_,00960,177
A192__00950.177,8.352251006640804,40.516443215,A192,_,00950,177
A192__00940.177,8.361644137207943,40.514939005,A192,_,00940,177
A192__00930.177,8.340294234108296,40.52233598,A192,_,00930,177
A192__00900.177,8.358300663601863,40.534678105,A192,_,00900,177
A192__00890.177,8.352820082954896,40.535140245,A192,_,00890,177
A192__00880.177,8.34989281715086,40.51943458,A192,_,00880,177
A192__00870.177,8.338585890662745,40.52627212,A192,_,00870,177
A192__00860.177,8.354677624724996,40.53737759,A192,_,00860,177
A192__00850.177,8.342923108034533,40.530918099999994,A192,_,00850,177
A192__00840.177,8.332423501937644,40.5367571,A192,_,00840,177
A192__00810.177,8.364961865519703,40.5531871,A192,_,00810,177
A192__00790.177,8.339301641093632,40.54613596,A192,_,00790,177
A192__0077.177,8.328595819598936,40.55240023,A192,_,0077,177
A192__0071.177,8.318508368492232,40.557747625000005,A192,_,0071,177
A192__00690.177,8.356625008400862,40.572841515,A192,_,00690,177
A192__00680.177,8.35594981786585,40.569707300000005,A192,_,00680,177
A192__00670.177,8.341846071985596,40.56262411,A192,_,00670,177
A192__0064.177,8.322301377743202,40.564073699999994,A192,_,0064,177
A192__00630.177,8.33303873933534,40.575266944999996,A192,_,00630,177
A192__00620.177,8.324683813104176,40.573179905,A192,_,00620,177
A192__00610.177,8.32113476893476,40.575611945000006,A192,_,00610,177
A192__00590.177,8.387196959815457,40.581167455,A192,_,00590,177
A192__00580.177,8.35632041027941,40.586174459999995,A192,_,00580,177
A192__00570.177,8.352529746793596,40.58742219,A192,_,00570,177
A192__00560.177,8.332499345484052,40.587007055,A192,_,00560,177
A192__00550.177,8.319783009566958,40.58989429,A192,_,00550,177
A192__00540.177,8.349770143001447,40.593972765000004,A192,_,00540,177
A192__00510.177,8.316637860161553,40.594269655,A192,_,00510,177
A192__0049.177,8.286596739415263,40.59417319000001,A192,_,0049,177
A192__00470.177,8.203272700215008,40.58089089,A192,_,00470,177
A192__00450.177,8.167132927698848,40.58587724,A192,_,00450,177
A192__00420.177,8.347315083762304,40.601856940000005,A192,_,00420,177
A192__00410.177,8.338850269828315,40.603662445,A192,_,00410,177
A192__00390.177,8.324482616357736,40.60981531,A192,_,00390,177
A192__00340.177,8.271617283530837,40.60684192,A192,_,00340,177
A192__00320.177,8.207566362184032,40.59252851,A192,_,00320,177
A192__00300.177,8.3848054541948,40.609532265,A192,_,00300,177
A192__00280.177,8.356097142146428,40.613683725,A192,_,00280,177
A192__00250.177,8.280036362924408,40.607806445,A192,_,00250,177
A192__00240.177,8.209700243743224,40.618956425,A192,_,00240,177
A192__00190.177,8.210014371029017,40.638961135,A192,_,00190,177
A192__00150.177,8.226040762528044,40.640255554999996,A192,_,00150,177
A192__00110.177,8.290556176241527,40.6456995,A192,_,00110,177
A192__00100.177,8.26589813178237,40.65785565,A192,_,00100,177
A192__00080.177,8.321631552945775,40.65292123,A192,_,00080,177
A192__00070.177,8.326019884189765,40.665035405,A192,_,00070,177
A192__00050.177,8.282883701266364,40.661716325,A192,_,00050,177
A192__00030.177,8.226193423368493,40.651302205,A192,_,00030,177
A192__0071.1772,8.32144265856078,40.552238875,A192,_,0071,1772
A192__0071.1773,8.321546838363524,40.55218689,A192,_,0071,1773
A192__00010.178,8.212290536129998,40.655284065000004,A192,_,00010,178
A192__00900.178,8.359247930640219,40.53437352,A192,_,00900,178
A192__00890.178,8.348183111406666,40.534227125,A192,_,00890,178
A192__00880.178,8.342166296979256,40.523699955,A192,_,00880,178
A192__00860.178,8.35378862170197,40.537410515000005,A192,_,00860,178
A192__00810.178,8.365061400895133,40.55288854,A192,_,00810,178
A192__00790.178,8.340051452332304,40.54608388,A192,_,00790,178
A192__00780.178,8.324435133456692,40.544666465,A192,_,00780,178
A192__0077.178,8.327184489057885,40.552045504999995,A192,_,0077,178
A192__00730.178,8.34379554676545,40.55730944,A192,_,00730,178
A192__0072.178,8.328367964418351,40.556877990000004,A192,_,0072,178
A192__0071.178,8.31871355674493,40.557893615,A192,_,0071,178
A192__00700.178,8.391017829046042,40.578235025,A192,_,00700,178
A192__00690.178,8.356709646752094,40.572764055,A192,_,00690,178
A192__00670.178,8.341870140250204,40.56262459,A192,_,00670,178
A192__0064.178,8.322233693104925,40.564183225,A192,_,0064,178
A192__00630.178,8.333383472436456,40.574981,A192,_,00630,178
A192__00600.178,8.351981457652244,40.57774036,A192,_,00600,178
A192__00590.178,8.38719506264443,40.58105284,A192,_,00590,178
A192__00580.178,8.35638278170821,40.58616695,A192,_,00580,178
A192__00570.178,8.351946527517436,40.587055855,A192,_,00570,178
A192__00560.178,8.332447518813304,40.587277875,A192,_,00560,178
A192__00550.178,8.320349594703014,40.590153505,A192,_,00550,178
A192__00540.178,8.349749107015025,40.594172995,A192,_,00540,178
A192__00530.178,8.341088194145097,40.596807459999994,A192,_,00530,178
A192__00520.178,8.328178417752522,40.589690345,A192,_,00520,178
A192__00510.178,8.319013282519988,40.592869615,A192,_,00510,178
A192__0049.178,8.286547596230417,40.593995015000004,A192,_,0049,178
A192__00470.178,8.20439033065584,40.58254874,A192,_,00470,178
A192__00450.178,8.167096629180381,40.58606786,A192,_,00450,178
A192__00420.178,8.350372327993913,40.601798115,A192,_,00420,178
A192__00400.178,8.327937653296,40.606825220000005,A192,_,00400,178
A192__00390.178,8.324415486735028,40.609804034999996,A192,_,00390,178
A192__00360.178,8.284458404700217,40.60901232,A192,_,00360,178
A192__00320.178,8.204164087130517,40.593407264999996,A192,_,00320,178
A192__00280.178,8.364654868179542,40.620279515,A192,_,00280,178
A192__00250.178,8.274531915871396,40.60688244,A192,_,00250,178
A192__00240.178,8.211538500931066,40.623316329999994,A192,_,00240,178
A192__00160.178,8.26510360936675,40.62879738,A192,_,00160,178
A192__00110.178,8.29415422270392,40.645717155,A192,_,00110,178
A192__00100.178,8.266358513551877,40.657880695,A192,_,00100,178
A192__00080.178,8.326846612462134,40.651283864999996,A192,_,00080,178
A192__00070.178,8.32420990153532,40.663729665000005,A192,_,00070,178
A192__00030.178,8.226681924782538,40.65134087,A192,_,00030,178
A192__00010.179,8.232280550805982,40.662671125,A192,_,00010,179
A192__00970.179,8.311857806829515,40.559795890000004,A192,_,00970,179
A192__00960.179,8.367072143641828,40.509569905,A192,_,00960,179
A192__00940.179,8.354305119291455,40.518309355,A192,_,00940,179
A192__00900.179,8.376121960091368,40.54282303,A192,_,00900,179
A192__00880.179,8.341831707493498,40.52381714,A192,_,00880,179
A192__00870.179,8.338265122711274,40.528650150000004,A192,_,00870,179
A192__00840.179,8.330018173191387,40.540080204999995,A192,_,00840,179
A192__00800.179,8.350244936902504,40.54757455,A192,_,00800,179
A192__0077.179,8.326962276884009,40.55171842,A192,_,0077,179
A192__00740.179,8.3620538362648,40.560186415000004,A192,_,00740,179
A192__0071.179,8.318835071672616,40.557955289999995,A192,_,0071,179
A192__00700.179,8.410697925307677,40.570167749999996,A192,_,00700,179
A192__00690.179,8.355916143295122,40.57327187,A192,_,00690,179
A192__00680.179,8.35186535044263,40.573076835,A192,_,00680,179
A192__00670.179,8.341931101571955,40.562427580000005,A192,_,00670,179
A192__00630.179,8.333029703761104,40.575009165,A192,_,00630,179
A192__00610.179,8.32209774360917,40.575287305,A192,_,00610,179
A192__00600.179,8.35243449904726,40.578464395,A192,_,00600,179
A192__00590.179,8.387075613689742,40.580756140000005,A192,_,00590,179
A192__00580.179,8.358420270192383,40.588352865000004,A192,_,00580,179
A192__00570.179,8.352252622288848,40.587515284999995,A192,_,00570,179
A192__00560.179,8.329682786014654,40.583565285,A192,_,00560,179
A192__00550.179,8.320012910667476,40.59030818,A192,_,00550,179
A192__00520.179,8.327112259697744,40.58952439,A192,_,00520,179
A192__00510.179,8.320065901818584,40.592246595000006,A192,_,00510,179
A192__0049.179,8.286694808004698,40.593793704999996,A192,_,0049,179
A192__00470.179,8.206737970913856,40.585867195000006,A192,_,00470,179
A192__00450.179,8.167010467821465,40.5862635,A192,_,00450,179
A192__00420.179,8.34406823645529,40.599349759999996,A192,_,00420,179
A192__00410.179,8.337453646597588,40.603297205000004,A192,_,00410,179
A192__00400.179,8.327901790434375,40.60274956,A192,_,00400,179
A192__00390.179,8.320066925431833,40.60287817,A192,_,00390,179
A192__00360.179,8.284631074234422,40.608938085000005,A192,_,00360,179
A192__00300.179,8.384884227977077,40.609918045,A192,_,00300,179
A192__00280.179,8.356699573325937,40.612134190000006,A192,_,00280,179
A192__00250.179,8.274295859859771,40.6068651,A192,_,00250,179
A192__00190.179,8.198643916188203,40.62404827,A192,_,00190,179
A192__00120.179,8.300067110843088,40.649171385,A192,_,00120,179
A192__00110.179,8.289161639529766,40.64445623,A192,_,00110,179
A192__00100.179,8.278561877872749,40.659637555,A192,_,00100,179
A192__00080.179,8.315650392175439,40.659159265,A192,_,00080,179
A192__00070.179,8.342692376441114,40.667161815,A192,_,00070,179
A192__00030.179,8.241376120369452,40.663276010000004,A192,_,00030,179
A192__00030.18,8.237939731888375,40.65881679,A192,_,00030,18
A192__00970.18,8.312163179017745,40.560009925,A192,_,00970,18
A192__00950.18,8.340348188031786,40.500499735,A192,_,00950,18
A192__00870.18,8.336691575777877,40.534268455,A192,_,00870,18
A192__00820.18,8.397695246828707,40.54855755,A192,_,00820,18
A192__00800.18,8.35261578633702,40.54425862,A192,_,00800,18
A192__00780.18,8.322598893144418,40.543483640000005,A192,_,00780,18
A192__0077.18,8.328726865499867,40.554265029999996,A192,_,0077,18
A192__00760.18,8.400344949581598,40.54607845,A192,_,00760,18
A192__00750.18,8.378370982169265,40.559852899999996,A192,_,00750,18
A192__00740.18,8.359152290840097,40.560721605,A192,_,00740,18
A192__00730.18,8.349137797410602,40.556908594999996,A192,_,00730,18
A192__00700.18,8.402677850181629,40.56954185,A192,_,00700,18
A192__00690.18,8.36122035812411,40.57536729,A192,_,00690,18
A192__00680.18,8.356052921049955,40.569353254999996,A192,_,00680,18
A192__00670.18,8.34486470385372,40.570607890000005,A192,_,00670,18
A192__00630.18,8.331848644454332,40.57209987,A192,_,00630,18
A192__00620.18,8.329236212064428,40.57574424,A192,_,00620,18
A192__00570.18,8.341404430816041,40.58816276,A192,_,00570,18
A192__00560.18,8.325207966100935,40.583967875,A192,_,00560,18
A192__00550.18,8.32142427353659,40.58853422,A192,_,00550,18
A192__00540.18,8.353401233353061,40.597706439999996,A192,_,00540,18
A192__00530.18,8.343486356273582,40.595762885,A192,_,00530,18
A192__00510.18,8.317628163435991,40.596060879999996,A192,_,00510,18
A192__0049.18,8.286092043150054,40.59467686,A192,_,0049,18
A192__00480.18,8.224967070074891,40.59273949999999,A192,_,00480,18
A192__00470.18,8.206196985274278,40.58457235,A192,_,00470,18
A192__00430.18,8.373343627949309,40.601020665,A192,_,00430,18
A192__00410.18,8.335072997655718,40.60615688,A192,_,00410,18
A192__00390.18,8.324502666870979,40.609739430000005,A192,_,00390,18
A192__00380.18,8.311237654135986,40.603197730000005,A192,_,00380,18
A192__00330.18,8.248539780580735,40.610265055,A192,_,00330,18
A192__00300.18,8.380173836641276,40.605510769999995,A192,_,00300,18
A192__00290.18,8.381299428726702,40.616571179999994,A192,_,00290,18
A192__00270.18,8.33218134159327,40.615058675,A192,_,00270,18
A192__00250.18,8.27524492681654,40.61894907,A192,_,00250,18
A192__00200.18,8.256871846620918,40.626670204999996,A192,_,00200,18
A192__00190.18,8.20069312886817,40.618351785,A192,_,00190,18
A192__00170.18,8.321806945492433,40.626271185,A192,_,00170,18
A192__00150.18,8.237635909866857,40.636499045,A192,_,00150,18
A192__00080.18,8.315714980998559,40.6515185,A192,_,00080,18
A192__00070.18,8.342612752511267,40.658384125,A192,_,00070,18
A192__00010.180,8.232101291831754,40.662720965000005,A192,_,00010,180
A192__00970.180,8.311929430890949,40.559825535,A192,_,00970,180
A192__00960.180,8.362779066704302,40.519509295,A192,_,00960,180
A192__00900.180,8.37289421921311,40.542391755,A192,_,00900,180
A192__00880.180,8.342636265047467,40.523697525,A192,_,00880,180
A192__00870.180,8.337908256002486,40.528027519999995,A192,_,00870,180
A192__00860.180,8.355641616134665,40.536807100000004,A192,_,00860,180
A192__00840.180,8.331483091132919,40.537415375,A192,_,00840,180
A192__00810.180,8.364337713845613,40.55187664,A192,_,00810,180
A192__00800.180,8.349154625400761,40.546866215,A192,_,00800,180
A192__0077.180,8.327056504889248,40.553788325,A192,_,0077,180
A192__00730.180,8.350047307250218,40.550650149999996,A192,_,00730,180
A192__0071.180,8.319021131282167,40.557971335000005,A192,_,0071,180
A192__00700.180,8.408715030749818,40.572377145000004,A192,_,00700,180
A192__00690.180,8.356348194986104,40.572481655000004,A192,_,00690,180
A192__00680.180,8.350496288765257,40.57251632,A192,_,00680,180
A192__00670.180,8.342800751204315,40.561823829999994,A192,_,00670,180
A192__00630.180,8.333559155940609,40.5746929,A192,_,00630,180
A192__00620.180,8.322890904890375,40.57011349,A192,_,00620,180
A192__00570.180,8.352753995296268,40.585589305,A192,_,00570,180
A192__00560.180,8.329316478662557,40.58331858,A192,_,00560,180
A192__00550.180,8.317697350625863,40.587263365,A192,_,00550,180
A192__00540.180,8.353209993882832,40.594749685,A192,_,00540,180
A192__00520.180,8.32829300193676,40.589553635,A192,_,00520,180
A192__00510.180,8.3188216203174,40.593002715,A192,_,00510,180
A192__0049.180,8.28650215611183,40.59367461,A192,_,0049,180
A192__00470.180,8.206755299672047,40.586888189999996,A192,_,00470,180
A192__00450.180,8.16705404423747,40.58612112,A192,_,00450,180
A192__00420.180,8.343974756343009,40.599597814999996,A192,_,00420,180
A192__00410.180,8.337757694727838,40.603432755,A192,_,00410,180
A192__00400.180,8.328308871975558,40.602629504999996,A192,_,00400,180
A192__00380.180,8.310427515706575,40.592153575,A192,_,00380,180
A192__00360.180,8.284381497982334,40.608896415000004,A192,_,00360,180
A192__00320.180,8.20465479286726,40.593492264999995,A192,_,00320,180
A192__00300.180,8.385491307854698,40.60999183,A192,_,00300,180
A192__00280.180,8.368209922019359,40.62031999,A192,_,00280,180
A192__00250.180,8.274258776027704,40.60709222,A192,_,00250,180
A192__00240.180,8.22645041757953,40.625133070000004,A192,_,00240,180
A192__00190.180,8.198406782207606,40.624868925,A192,_,00190,180
A192__00120.180,8.30088703033159,40.648232265,A192,_,00120,180
A192__00110.180,8.290281136885856,40.6447495,A192,_,00110,180
A192__00100.180,8.277132295530354,40.659399300000004,A192,_,00100,180
A192__00080.180,8.320063414264517,40.6589295,A192,_,00080,180
A192__00070.180,8.345374119299759,40.670332529999996,A192,_,00070,180
A192__00050.180,8.282452477609802,40.66073546,A192,_,00050,180
A192__00040.180,8.265283173747278,40.648303330000005,A192,_,00040,180
A192__00030.180,8.241508612182614,40.66320441,A192,_,00030,180
A192__0071.1800,8.327198117696817,40.55603663,A192,_,0071,1800
A192__0071.1806,8.3215772740635,40.561287995,A192,_,0071,1806
A192__0071.1807,8.321787249641913,40.561077765,A192,_,0071,1807
A192__0071.1808,8.321861280050076,40.561286155000005,A192,_,0071,1808
A192__0071.1809,8.325219338809145,40.559182684999996,A192,_,0071,1809
A192__00010.181,8.23229285344091,40.662883745,A192,_,00010,181
A192__00970.181,8.311958374003574,40.559790039999996,A192,_,00970,181
A192__00960.181,8.361112206156946,40.518653255000004,A192,_,00960,181
A192__00940.181,8.354481529663992,40.51022744,A192,_,00940,181
A192__00900.181,8.372835921143952,40.542283135,A192,_,00900,181
A192__00870.181,8.337600086899114,40.527775655,A192,_,00870,181
A192__00860.181,8.354758716313668,40.53686257,A192,_,00860,181
A192__00850.181,8.343690773062445,40.531688105,A192,_,00850,181
A192__00840.181,8.331899302168402,40.537312825,A192,_,00840,181
A192__00810.181,8.362645533656828,40.548524345000004,A192,_,00810,181
A192__00800.181,8.347956730620336,40.547342055,A192,_,00800,181
A192__0077.181,8.327201017286214,40.553390995,A192,_,0077,181
A192__00730.181,8.349808961340557,40.551400055,A192,_,00730,181
A192__0072.181,8.328409987047973,40.557076190000004,A192,_,0072,181
A192__00700.181,8.409040844041252,40.57275231,A192,_,00700,181
A192__00670.181,8.341993283734864,40.561900214999994,A192,_,00670,181
A192__00660.181,8.328335687234741,40.558854460000006,A192,_,00660,181
A192__0064.181,8.324198589294262,40.562883605,A192,_,0064,181
A192__00630.181,8.33392925707616,40.574441185,A192,_,00630,181
A192__00620.181,8.322769794983493,40.56998746,A192,_,00620,181
A192__00600.181,8.335933478902707,40.587312005,A192,_,00600,181
A192__00580.181,8.362509215080031,40.592416035,A192,_,00580,181
A192__00570.181,8.352414574317345,40.587756045,A192,_,00570,181
A192__00560.181,8.32926155089965,40.584564130000004,A192,_,00560,181
A192__00550.181,8.317871447996978,40.58727989,A192,_,00550,181
A192__00540.181,8.353166411758401,40.594729779999994,A192,_,00540,181
A192__00530.181,8.335132953388761,40.594668639999995,A192,_,00530,181
A192__00520.181,8.328537151911215,40.58995958,A192,_,00520,181
A192__00510.181,8.320168763271825,40.59218441,A192,_,00510,181
A192__0049.181,8.286693743715436,40.59346679,A192,_,0049,181
A192__00470.181,8.207236956778008,40.586890555,A192,_,00470,181
A192__00450.181,8.167219959036231,40.585806430000005,A192,_,00450,181
A192__00420.181,8.344117749231714,40.599505305,A192,_,00420,181
A192__00400.181,8.328692751216323,40.602542084999996,A192,_,00400,181
A192__00390.181,8.321443131687388,40.60141267,A192,_,00390,181
A192__00380.181,8.310699654016828,40.59210455,A192,_,00380,181
A192__00360.181,8.284459423572283,40.60884323,A192,_,00360,181
A192__00300.181,8.385637863170496,40.610361784999995,A192,_,00300,181
A192__00280.181,8.353904844311216,40.612153355,A192,_,00280,181
A192__00160.181,8.269887563214077,40.631407335,A192,_,00160,181
A192__00110.181,8.289740710813106,40.643625595,A192,_,00110,181
A192__00090.181,8.218357873193142,40.643250769999995,A192,_,00090,181
A192__00080.181,8.316404674039978,40.656154709999996,A192,_,00080,181
A192__00070.181,8.345559716734343,40.67055724,A192,_,00070,181
A192__00050.181,8.282460757326,40.66099483,A192,_,00050,181
A192__00030.181,8.236968563208553,40.651030605,A192,_,00030,181
A192__0071.1810,8.326962481269494,40.55838264,A192,_,0071,1810
A192__0071.1812,8.324670530706019,40.56137548,A192,_,0071,1812
A192__0071.1813,8.324721801909318,40.561324815,A192,_,0071,1813
A192__0071.1814,8.324849811501206,40.56132294,A192,_,0071,1814
A192__0071.1815,8.324766217103253,40.56114862,A192,_,0071,1815
A192__0071.1816,8.324882423544903,40.56126849,A192,_,0071,1816
A192__0071.1817,8.324272089227033,40.561199845000004,A192,_,0071,1817
A192__00020.182,8.221815192414184,40.65261372,A192,_,00020,182
A192__00970.182,8.311881825419468,40.559739955,A192,_,00970,182
A192__00940.182,8.362656390219735,40.51351132,A192,_,00940,182
A192__00930.182,8.339652416486917,40.522114904999995,A192,_,00930,182
A192__00900.182,8.37316783715248,40.542157615,A192,_,00900,182
A192__00890.182,8.354573494213422,40.53369978,A192,_,00890,182
A192__00870.182,8.336696850971169,40.525907045,A192,_,00870,182
A192__00850.182,8.34377425047551,40.531688105,A192,_,00850,182
A192__00810.182,8.374405722451467,40.54770921,A192,_,00810,182
A192__00800.182,8.348717323819546,40.546193630000005,A192,_,00800,182
A192__00780.182,8.32516182041823,40.544416465,A192,_,00780,182
A192__0077.182,8.32711935315508,40.553073355,A192,_,0077,182
A192__00750.182,8.368382983453987,40.555522925000005,A192,_,00750,182
A192__00740.182,8.361700438545313,40.559769415,A192,_,00740,182
A192__0072.182,8.330355993208421,40.556850765,A192,_,0072,182
A192__0071.182,8.319078158878352,40.558068840000004,A192,_,0071,182
A192__00700.182,8.40848524851721,40.572349755000005,A192,_,00700,182
A192__00690.182,8.358371142647535,40.5693579,A192,_,00690,182
A192__00680.182,8.350757928798954,40.571937935,A192,_,00680,182
A192__00670.182,8.342499994957407,40.562607439999994,A192,_,00670,182
A192__00660.182,8.328610248751843,40.5589478,A192,_,00660,182
A192__0064.182,8.323682908169495,40.562854745,A192,_,0064,182
A192__00620.182,8.322447178578432,40.57001287,A192,_,00620,182
A192__0061.182,8.318370361071434,40.57348871000001,A192,_,0061,182
A192__00600.182,8.33236142413524,40.584803465,A192,_,00600,182
A192__00590.182,8.388826665863133,40.57890405,A192,_,00590,182
A192__00570.182,8.35248640640565,40.58781672,A192,_,00570,182
A192__00560.182,8.329265628200606,40.584240210000004,A192,_,00560,182
A192__00550.182,8.318138265679103,40.58735552,A192,_,00550,182
A192__00520.182,8.328574754561416,40.59003749,A192,_,00520,182
A192__00510.182,8.318984894349985,40.59282264,A192,_,00510,182
A192__0049.182,8.286667791989348,40.593085395,A192,_,0049,182
A192__00470.182,8.207976393019823,40.5873325,A192,_,00470,182
A192__00410.182,8.338435931795015,40.60394818,A192,_,00410,182
A192__00400.182,8.32885931087435,40.60250422,A192,_,00400,182
A192__00390.182,8.321223238091964,40.601071669999996,A192,_,00390,182
A192__00380.182,8.31100275007718,40.592065815,A192,_,00380,182
A192__00360.182,8.284810257783658,40.608465589999994,A192,_,00360,182
A192__00300.182,8.382271712685215,40.609383844999996,A192,_,00300,182
A192__00280.182,8.353941972953123,40.61203501,A192,_,00280,182
A192__00260.182,8.296339807129879,40.614342815,A192,_,00260,182
A192__00240.182,8.216122250523892,40.621525135,A192,_,00240,182
A192__00110.182,8.290241941556218,40.642922150000004,A192,_,00110,182
A192__00100.182,8.270461037558807,40.641402795000005,A192,_,00100,182
A192__00090.182,8.218097803087291,40.64312371,A192,_,00090,182
A192__00080.182,8.318000008174085,40.6546666,A192,_,00080,182
A192__00070.182,8.338952359212023,40.66345774,A192,_,00070,182
A192__00050.182,8.283129698332903,40.660979825,A192,_,00050,182
A192__00030.182,8.238015518584909,40.651285994999995,A192,_,00030,182
A192__00010.183,8.232719053723098,40.662899945,A192,_,00010,183
A192__00970.183,8.311928701249853,40.559703569999996,A192,_,00970,183
A192__00960.183,8.366391539472602,40.5094722,A192,_,00960,183
A192__00950.183,8.33811403642969,40.516019305,A192,_,00950,183
A192__00940.183,8.35375581194879,40.513628804999996,A192,_,00940,183
A192__00900.183,8.359211290543875,40.529267255,A192,_,00900,183
A192__00880.183,8.345728348035543,40.522058915,A192,_,00880,183
A192__00860.183,8.353140693356085,40.536785155000004,A192,_,00860,183
A192__00850.183,8.343806561457082,40.53145458,A192,_,00850,183
A192__00840.183,8.33309950728947,40.53655276,A192,_,00840,183
A192__00810.183,8.374206623336846,40.547835750000004,A192,_,00810,183
A192__00800.183,8.350265296895358,40.547548385,A192,_,00800,183
A192__00790.183,8.341849293215079,40.54940532,A192,_,00790,183
A192__0077.183,8.327033871131384,40.55279577,A192,_,0077,183
A192__00750.183,8.368390788916845,40.55557468,A192,_,00750,183
A192__0072.183,8.330441896811333,40.556469789999994,A192,_,0072,183
A192__00700.183,8.386846842252996,40.577957755,A192,_,00700,183
A192__00690.183,8.360350803173496,40.56836677,A192,_,00690,183
A192__00680.183,8.350708286028624,40.572259175,A192,_,00680,183
A192__00670.183,8.340804241022454,40.562052435,A192,_,00670,183
A192__00660.183,8.328267040215675,40.558619660000005,A192,_,00660,183
A192__00620.183,8.321741097519457,40.570246325,A192,_,00620,183
A192__00590.183,8.38937148526722,40.578995495,A192,_,00590,183
A192__00580.183,8.366764240962773,40.595185535,A192,_,00580,183
A192__00570.183,8.351946495751001,40.586660675000005,A192,_,00570,183
A192__00550.183,8.317831668384384,40.58805358,A192,_,00550,183
A192__00540.183,8.353148588477783,40.59465435,A192,_,00540,183
A192__00520.183,8.328600731053289,40.590066485,A192,_,00520,183
A192__00510.183,8.318915163331479,40.59288677,A192,_,00510,183
A192__00470.183,8.20807828566764,40.588253815,A192,_,00470,183
A192__00420.183,8.344737587507254,40.599835465,A192,_,00420,183
A192__00410.183,8.338662095449937,40.60377282,A192,_,00410,183
A192__00400.183,8.328614881434751,40.60193629,A192,_,00400,183
A192__00380.183,8.310813203769563,40.59877199,A192,_,00380,183
A192__00360.183,8.284529452615413,40.608738125,A192,_,00360,183
A192__00280.183,8.353853809840388,40.612311555000005,A192,_,00280,183
A192__00260.183,8.29617393262465,40.61419628,A192,_,00260,183
A192__00240.183,8.21494931284028,40.620815915,A192,_,00240,183
A192__00190.183,8.197181387322106,40.624944765,A192,_,00190,183
A192__00120.183,8.304448207433042,40.6348718,A192,_,00120,183
A192__00100.183,8.273424183463693,40.64342286,A192,_,00100,183
A192__00070.183,8.340000961151123,40.663623955,A192,_,00070,183
A192__00050.183,8.283051495468424,40.66109127,A192,_,00050,183
A192__00030.183,8.236667468574405,40.649977570000004,A192,_,00030,183
A192__00020.183,8.221949309326568,40.65346685,A192,_,00020,183
A192__00070.184,8.343123782114358,40.665185335000004,A192,_,00070,184
A192__00970.184,8.312022433367854,40.559715235,A192,_,00970,184
A192__00960.184,8.365172476459275,40.50916198,A192,_,00960,184
A192__00940.184,8.362654448585769,40.512764805,A192,_,00940,184
A192__00930.184,8.340127256144015,40.5229773,A192,_,00930,184
A192__00900.184,8.36102635370283,40.53618545,A192,_,00900,184
A192__00890.184,8.354095387658907,40.530263520000005,A192,_,00890,184
A192__00870.184,8.33744699647708,40.52774106,A192,_,00870,184
A192__00860.184,8.353296349506408,40.537348595,A192,_,00860,184
A192__00850.184,8.344180564116332,40.531717135,A192,_,00850,184
A192__00810.184,8.373915313068501,40.54787872,A192,_,00810,184
A192__00800.184,8.35110542741748,40.54604372,A192,_,00800,184
A192__0077.184,8.32694011856345,40.552502515,A192,_,0077,184
A192__00750.184,8.368355172557521,40.55557449,A192,_,00750,184
A192__00700.184,8.387090848081115,40.577533904999996,A192,_,00700,184
A192__00690.184,8.359586944225168,40.56967911,A192,_,00690,184
A192__00680.184,8.350862513417876,40.571720115,A192,_,00680,184
A192__00670.184,8.341464096166444,40.561681845,A192,_,00670,184
A192__00660.184,8.328070069250668,40.559810490000004,A192,_,00660,184
A192__0064.184,8.323503498698765,40.563146149999994,A192,_,0064,184
A192__00590.184,8.389717999669354,40.579030110000005,A192,_,00590,184
A192__00580.184,8.362430991145871,40.577028170000006,A192,_,00580,184
A192__00570.184,8.351051504341743,40.587571095,A192,_,00570,184
A192__00550.184,8.317967834728124,40.5886266,A192,_,00550,184
A192__00540.184,8.353207869447445,40.59465813,A192,_,00540,184
A192__00530.184,8.334343246971986,40.588655505,A192,_,00530,184
A192__00520.184,8.328610626000007,40.59008838,A192,_,00520,184
A192__00510.184,8.319980505057153,40.59217298,A192,_,00510,184
A192__0049.184,8.286678059679804,40.592770165000005,A192,_,0049,184
A192__00470.184,8.207357132911529,40.590793435,A192,_,00470,184
A192__00420.184,8.342201281429617,40.600222415000005,A192,_,00420,184
A192__00410.184,8.33723139239261,40.603286780000005,A192,_,00410,184
A192__00400.184,8.328183190742422,40.602069475,A192,_,00400,184
A192__00380.184,8.310879442047241,40.598980005,A192,_,00380,184
A192__00340.184,8.271259663911456,40.60636267,A192,_,00340,184
A192__00290.184,8.383579406670455,40.612566099999995,A192,_,00290,184
A192__00280.184,8.357461434260031,40.612393145,A192,_,00280,184
A192__00250.184,8.2805220001902,40.627885325,A192,_,00250,184
A192__00240.184,8.212593247432606,40.62205146,A192,_,00240,184
A192__00190.184,8.1968517378032,40.62426282,A192,_,00190,184
A192__00160.184,8.27095299066914,40.631988015,A192,_,00160,184
A192__00150.184,8.240381510160027,40.638499045,A192,_,00150,184
A192__00100.184,8.276528694865672,40.643150815,A192,_,00100,184
A192__00090.184,8.209775706740196,40.651121704999994,A192,_,00090,184
A192__00080.184,8.32385390454945,40.65989391,A192,_,00080,184
A192__00010.185,8.21567580841852,40.65537186,A192,_,00010,185
A192__00970.185,8.312104455603162,40.559610705,A192,_,00970,185
A192__00950.185,8.34382564255807,40.517097655,A192,_,00950,185
A192__00940.185,8.353546227265221,40.51003603,A192,_,00940,185
A192__00930.185,8.340323468364339,40.522873540000006,A192,_,00930,185
A192__00890.185,8.350716615514092,40.52486696,A192,_,00890,185
A192__00870.185,8.33860019507795,40.533221225,A192,_,00870,185
A192__00860.185,8.362985465508556,40.538183215,A192,_,00860,185
A192__00850.185,8.342940427775918,40.53107842,A192,_,00850,185
A192__00810.185,8.374181646246162,40.547825185,A192,_,00810,185
A192__00780.185,8.324815381110596,40.543892635,A192,_,00780,185
A192__0077.185,8.326922039956308,40.553519175,A192,_,0077,185
A192__00740.185,8.362458811253532,40.559834179999996,A192,_,00740,185
A192__00720.185,8.334636933303049,40.55741313,A192,_,00720,185
A192__00700.185,8.387115048689981,40.577968940000005,A192,_,00700,185
A192__00690.185,8.36042289312783,40.569504054999996,A192,_,00690,185
A192__00670.185,8.341488187326433,40.561684435000004,A192,_,00670,185
A192__0061.185,8.318474152502022,40.57329702,A192,_,0061,185
A192__00590.185,8.390078143942706,40.57894648,A192,_,00590,185
A192__00580.185,8.354804475512537,40.582083194999996,A192,_,00580,185
A192__00570.185,8.350990055761827,40.587925865,A192,_,00570,185
A192__00560.185,8.329139152267569,40.584684155000005,A192,_,00560,185
A192__00550.185,8.318719848428925,40.58995877,A192,_,00550,185
A192__00530.185,8.33458060015651,40.58786787,A192,_,00530,185
A192__00520.185,8.322909442019965,40.596222075,A192,_,00520,185
A192__00510.185,8.320133404413115,40.592047175000005,A192,_,00510,185
A192__0049.185,8.286671440215233,40.592578020000005,A192,_,0049,185
A192__00480.185,8.245739894515793,40.590573039999995,A192,_,00480,185
A192__00470.185,8.206403921705984,40.591380625,A192,_,00470,185
A192__00420.185,8.342464498628683,40.600295425,A192,_,00420,185
A192__00400.185,8.327941314550145,40.60254292,A192,_,00400,185
A192__00390.185,8.322289800362558,40.603455245,A192,_,00390,185
A192__00340.185,8.271111089902798,40.60656008,A192,_,00340,185
A192__00290.185,8.38844070601698,40.616933329999995,A192,_,00290,185
A192__00280.185,8.35647612049109,40.610334120000005,A192,_,00280,185
A192__00260.185,8.295877736909425,40.61210824,A192,_,00260,185
A192__00240.185,8.226547503383697,40.610471625,A192,_,00240,185
A192__00190.185,8.201818240736944,40.626382195000005,A192,_,00190,185
A192__00150.185,8.241044817236979,40.63835797,A192,_,00150,185
A192__00100.185,8.275263952463948,40.64195085,A192,_,00100,185
A192__00070.185,8.341615648436353,40.662462225,A192,_,00070,185
A192__00050.185,8.282222739826011,40.666917555,A192,_,00050,185
A192__00030.185,8.23931148342646,40.649544215,A192,_,00030,185
A192__0071.1850,8.32336621456432,40.552855495,A192,_,0071,1850
A192__0071.1851,8.323434397627391,40.552773134999995,A192,_,0071,1851
A192__00010.186,8.22554695758096,40.66252758,A192,_,00010,186
A192__00960.186,8.363800233231633,40.51609066,A192,_,00960,186
A192__00950.186,8.343690842378413,40.51699691,A192,_,00950,186
A192__00940.186,8.356339626309325,40.509972895000004,A192,_,00940,186
A192__00930.186,8.340530596555498,40.522823365,A192,_,00930,186
A192__00900.186,8.360295151819788,40.521370455,A192,_,00900,186
A192__00890.186,8.354419682921282,40.53458195,A192,_,00890,186
A192__00880.186,8.344732107018805,40.521270325,A192,_,00880,186
A192__00850.186,8.343118374251048,40.53141925,A192,_,00850,186
A192__00810.186,8.373497719286844,40.54732592,A192,_,00810,186
A192__00790.186,8.340526421032104,40.54933839,A192,_,00790,186
A192__00780.186,8.325067965445491,40.543948345000004,A192,_,00780,186
A192__0077.186,8.326828443747623,40.553161695,A192,_,0077,186
A192__00740.186,8.363100513984234,40.55969409,A192,_,00740,186
A192__00730.186,8.349648359322376,40.552022730000004,A192,_,00730,186
A192__00690.186,8.360341391872272,40.569927955,A192,_,00690,186
A192__00670.186,8.341508437420558,40.56168864,A192,_,00670,186
A192__00620.186,8.32255903476538,40.57009557,A192,_,00620,186
A192__0061.186,8.318938575377423,40.572201425,A192,_,0061,186
A192__00600.186,8.350873332296455,40.579641015,A192,_,00600,186
A192__00580.186,8.357792279770532,40.58219492,A192,_,00580,186
A192__00550.186,8.319158833331414,40.590483815,A192,_,00550,186
A192__00530.186,8.334612641398682,40.587986235,A192,_,00530,186
A192__0049.186,8.286577376811685,40.59248728,A192,_,0049,186
A192__00470.186,8.206256064410562,40.591701265,A192,_,00470,186
A192__00420.186,8.34281806193753,40.59972578,A192,_,00420,186
A192__00390.186,8.324836924693523,40.60633316,A192,_,00390,186
A192__00380.186,8.309929252349953,40.595165725,A192,_,00380,186
A192__00360.186,8.303105021192176,40.603163574999996,A192,_,00360,186
A192__00340.186,8.271307710785512,40.606423235,A192,_,00340,186
A192__00300.186,8.383648122160293,40.60934578,A192,_,00300,186
A192__00290.186,8.389373235374428,40.61704951,A192,_,00290,186
A192__00280.186,8.356850460319386,40.61026955,A192,_,00280,186
A192__00260.186,8.295733225799843,40.612250275,A192,_,00260,186
A192__00250.186,8.282104526947844,40.6285472,A192,_,00250,186
A192__00190.186,8.201798861692616,40.626835514999996,A192,_,00190,186
A192__00150.186,8.240850964576289,40.64088396,A192,_,00150,186
A192__00070.186,8.342253564121423,40.66560553,A192,_,00070,186
A192__00050.186,8.28237527358973,40.66733035,A192,_,00050,186
A192__0071.1867,8.321704838638858,40.560786969999995,A192,_,0071,1867
A192__0071.1869,8.325203668739983,40.55817682,A192,_,0071,1869
A192__00030.187,8.22903201046806,40.655494085,A192,_,00030,187
A192__00970.187,8.31223132789038,40.559555970000005,A192,_,00970,187
A192__00960.187,8.363693637923108,40.51762575,A192,_,00960,187
A192__00930.187,8.340696147258976,40.522781075,A192,_,00930,187
A192__00900.187,8.358215891661665,40.53673268,A192,_,00900,187
A192__00880.187,8.344620063281067,40.520937215000004,A192,_,00880,187
A192__00860.187,8.353895978887376,40.53655042,A192,_,00860,187
A192__00850.187,8.343275052786929,40.531041725,A192,_,00850,187
A192__00840.187,8.328247888834728,40.534816675,A192,_,00840,187
A192__00810.187,8.373900795822982,40.54734046,A192,_,00810,187
A192__00800.187,8.346636803667495,40.545463515,A192,_,00800,187
A192__00790.187,8.340520344849995,40.54909515,A192,_,00790,187
A192__0077.187,8.326742500382345,40.55287563,A192,_,0077,187
A192__00730.187,8.349664099014415,40.551964749999996,A192,_,00730,187
A192__0072.187,8.326810212155795,40.557140225,A192,_,0072,187
A192__00700.187,8.386499964798698,40.57779132,A192,_,00700,187
A192__00670.187,8.340901696508313,40.562045055,A192,_,00670,187
A192__00630.187,8.332295070692334,40.574858715000005,A192,_,00630,187
A192__0061.187,8.317738821425674,40.574568785,A192,_,0061,187
A192__00600.187,8.338882826341042,40.57630437500001,A192,_,00600,187
A192__00580.187,8.355176073897908,40.585159340000004,A192,_,00580,187
A192__00550.187,8.318303028893652,40.58334215,A192,_,00550,187
A192__00540.187,8.35256544862014,40.593510835000004,A192,_,00540,187
A192__00530.187,8.334682791635633,40.58843914,A192,_,00530,187
A192__00520.187,8.323538745247443,40.596170599999994,A192,_,00520,187
A192__00510.187,8.317277131316306,40.596026464999994,A192,_,00510,187
A192__00470.187,8.206152541881035,40.591956355,A192,_,00470,187
A192__00420.187,8.343090616245703,40.599958044999994,A192,_,00420,187
A192__00410.187,8.33464866977378,40.603629985,A192,_,00410,187
A192__00400.187,8.328951302887376,40.600181594999995,A192,_,00400,187
A192__00390.187,8.319978769249165,40.59911149,A192,_,00390,187
A192__00380.187,8.309989779451328,40.59572651,A192,_,00380,187
A192__00340.187,8.266577616572691,40.613960164999995,A192,_,00340,187
A192__00300.187,8.383604754911797,40.608887555,A192,_,00300,187
A192__00290.187,8.385601241615122,40.614784885,A192,_,00290,187
A192__00280.187,8.358402981276145,40.615061659999995,A192,_,00280,187
A192__00250.187,8.28211163234958,40.62822531,A192,_,00250,187
A192__00240.187,8.21973346737781,40.608846685,A192,_,00240,187
A192__00190.187,8.203003930157253,40.626482715,A192,_,00190,187
A192__00120.187,8.30179737478921,40.628104875000005,A192,_,00120,187
A192__00100.187,8.27490430496901,40.642469164999994,A192,_,00100,187
A192__00070.187,8.342992330281199,40.6661407,A192,_,00070,187
A192__00050.187,8.259310269042713,40.663612435,A192,_,00050,187
A192__00040.187,8.25018279347829,40.642096339999995,A192,_,00040,187
A192__0071.1870,8.324928143608524,40.559002805,A192,_,0071,1870
A192__0071.1871,8.325098400135868,40.559334295,A192,_,0071,1871
A192__0071.1873,8.327399922758921,40.559660165,A192,_,0071,1873
A192__0071.1874,8.32725754639883,40.559780645000004,A192,_,0071,1874
A192__0071.1875,8.32629023649466,40.559347305,A192,_,0071,1875
A192__00030.188,8.228655378096008,40.65550879,A192,_,00030,188
A192__00970.188,8.312330906394148,40.559387515,A192,_,00970,188
A192__00960.188,8.366316369498445,40.519331375,A192,_,00960,188
A192__00950.188,8.345251815363472,40.512053234999996,A192,_,00950,188
A192__00940.188,8.354912514832163,40.508234965,A192,_,00940,188
A192__00900.188,8.357064783401345,40.525255924999996,A192,_,00900,188
A192__00890.188,8.350707879211367,40.525447375,A192,_,00890,188
A192__00880.188,8.34497359962139,40.520865029999996,A192,_,00880,188
A192__00860.188,8.3542389273317,40.53648595999999,A192,_,00860,188
A192__00850.188,8.3435684071788,40.531269645,A192,_,00850,188
A192__00840.188,8.328320676641328,40.534307150000004,A192,_,00840,188
A192__00810.188,8.374113499215841,40.547181025,A192,_,00810,188
A192__00800.188,8.360844006603138,40.543515005,A192,_,00800,188
A192__00790.188,8.345072780007008,40.538564089999994,A192,_,00790,188
A192__0077.188,8.326633520641144,40.552544170000004,A192,_,0077,188
A192__00740.188,8.355639847905568,40.562807945,A192,_,00740,188
A192__0072.188,8.327530546046077,40.557265485,A192,_,0072,188
A192__00700.188,8.386726708905957,40.577247674999995,A192,_,00700,188
A192__00690.188,8.357476931481699,40.573021170000004,A192,_,00690,188
A192__00670.188,8.341074085236121,40.562182385,A192,_,00670,188
A192__00630.188,8.332164425624736,40.5746549,A192,_,00630,188
A192__00620.188,8.32543063322955,40.572062724999995,A192,_,00620,188
A192__0061.188,8.31840297197586,40.57447451,A192,_,0061,188
A192__00600.188,8.339180207693122,40.575796145,A192,_,00600,188
A192__00570.188,8.351082805673975,40.58650054,A192,_,00570,188
A192__00560.188,8.32748892928998,40.586550134999996,A192,_,00560,188
A192__00550.188,8.318461657789692,40.583495834999994,A192,_,00550,188
A192__00540.188,8.352774836837636,40.59349812,A192,_,00540,188
A192__00530.188,8.335102633449367,40.58831204,A192,_,00530,188
A192__00520.188,8.323168551651847,40.597148675,A192,_,00520,188
A192__0049.188,8.286676284983269,40.592248075,A192,_,0049,188
A192__00470.188,8.205971266614306,40.5921212,A192,_,00470,188
A192__00410.188,8.333438826566793,40.603860194999996,A192,_,00410,188
A192__00400.188,8.328318391700048,40.600248635,A192,_,00400,188
A192__00390.188,8.31891643782085,40.599400055000004,A192,_,00390,188
A192__00380.188,8.31167756917489,40.59512796,A192,_,00380,188
A192__00340.188,8.266679243933142,40.613965425,A192,_,00340,188
A192__00300.188,8.383420998522634,40.608819780000005,A192,_,00300,188
A192__00280.188,8.358201471692809,40.61509436,A192,_,00280,188
A192__00260.188,8.296014724098985,40.613814085,A192,_,00260,188
A192__00250.188,8.282118358623805,40.627918625,A192,_,00250,188
A192__00240.188,8.219888565742611,40.609897024999995,A192,_,00240,188
A192__00190.188,8.189092730966216,40.6161127,A192,_,00190,188
A192__00160.188,8.270763535370865,40.632129035000006,A192,_,00160,188
A192__00120.188,8.30179738327649,40.628456404999994,A192,_,00120,188
A192__00070.188,8.344613686838024,40.667862285,A192,_,00070,188
A192__0071.1881,8.326521919585854,40.560735715,A192,_,0071,1881
A192__0071.1882,8.321013573584203,40.55406379,A192,_,0071,1882
A192__0071.1883,8.326024393079795,40.560887245,A192,_,0071,1883
A192__00710.1888,8.324868790975103,40.547760124999996,A192,_,00710,1888
A192__00010.189,8.225077273875002,40.66252423,A192,_,00010,189
A192__00970.189,8.314917501231038,40.55847641,A192,_,00970,189
A192__00960.189,8.366690379751255,40.519225605,A192,_,00960,189
A192__00900.189,8.356876834397161,40.525273685,A192,_,00900,189
A192__00890.189,8.351095209256448,40.52522277,A192,_,00890,189
A192__00880.189,8.343845618821895,40.521576845,A192,_,00880,189
A192__00860.189,8.352314868704305,40.537941790000005,A192,_,00860,189
A192__00850.189,8.342588009597561,40.530500695,A192,_,00850,189
A192__00840.189,8.32892994743752,40.53477539,A192,_,00840,189
A192__00810.189,8.373921604477605,40.547339455,A192,_,00810,189
A192__00800.189,8.362870455673278,40.5439659,A192,_,00800,189
A192__00790.189,8.344133571531684,40.53855116,A192,_,00790,189
A192__0072.189,8.327356086997167,40.557406515,A192,_,0072,189
A192__00700.189,8.387492667654179,40.57804749,A192,_,00700,189
A192__00690.189,8.358340359961815,40.574199910000004,A192,_,00690,189
A192__00680.189,8.352245009447387,40.57003039,A192,_,00680,189
A192__00670.189,8.341230996868266,40.562240904999996,A192,_,00670,189
A192__00620.189,8.322820421705057,40.571445235,A192,_,00620,189
A192__00600.189,8.34607123027645,40.573198015,A192,_,00600,189
A192__00580.189,8.354829812100121,40.58640543,A192,_,00580,189
A192__00550.189,8.318268765036432,40.583403675,A192,_,00550,189
A192__00540.189,8.352991958878555,40.593501965,A192,_,00540,189
A192__00530.189,8.340669131563274,40.59289866,A192,_,00530,189
A192__00520.189,8.324259606197364,40.597078124999996,A192,_,00520,189
A192__0049.189,8.286345123937286,40.592399979999996,A192,_,0049,189
A192__00480.189,8.228151172083887,40.58893214,A192,_,00480,189
A192__00470.189,8.205815958571428,40.59220826,A192,_,00470,189
A192__00420.189,8.34919482968624,40.600487494999996,A192,_,00420,189
A192__00390.189,8.322032298285139,40.602494405,A192,_,00390,189
A192__00380.189,8.311544747098345,40.594459965,A192,_,00380,189
A192__00340.189,8.266568277942618,40.613989415,A192,_,00340,189
A192__00300.189,8.383502278994746,40.608662965,A192,_,00300,189
A192__00290.189,8.386670986962592,40.614948889999994,A192,_,00290,189
A192__00260.189,8.31547339358732,40.622191244999996,A192,_,00260,189
A192__00250.189,8.282125066186637,40.62760063499999,A192,_,00250,189
A192__00240.189,8.218118067596532,40.60972205,A192,_,00240,189
A192__00190.189,8.206118123463817,40.62474349,A192,_,00190,189
A192__00120.189,8.303356457070713,40.62811429,A192,_,00120,189
A192__00110.189,8.292200033288808,40.641543999999996,A192,_,00110,189
A192__00050.189,8.259396422987004,40.661968099999996,A192,_,00050,189
A192__00040.189,8.250064072267111,40.642025875,A192,_,00040,189
A192__00030.189,8.242526307993668,40.656297519999995,A192,_,00030,189
A192__00710.1892,8.32481077657782,40.54770301,A192,_,00710,1892
A192__00710.1893,8.325985782576902,40.547388585,A192,_,00710,1893
A192__00710.1895,8.324682462224484,40.54752534,A192,_,00710,1895
A192__00020.19,8.205196839971531,40.66009848,A192,_,00020,19
A192__00970.19,8.312111403845728,40.55996066,A192,_,00970,19
A192__00950.19,8.3394991836674,40.50066222,A192,_,00950,19
A192__00900.19,8.365259232285279,40.538117125,A192,_,00900,19
A192__00870.19,8.3259745140504,40.530862240000005,A192,_,00870,19
A192__00850.19,8.337680262211578,40.53849659,A192,_,00850,19
A192__00820.19,8.398152413528168,40.547670929999995,A192,_,00820,19
A192__00800.19,8.351842129127585,40.543293395,A192,_,00800,19
A192__00790.19,8.340500040790715,40.546229355,A192,_,00790,19
A192__0077.19,8.328793902488746,40.553603595,A192,_,0077,19
A192__00760.19,8.408322623899197,40.54560652,A192,_,00760,19
A192__00740.19,8.358753761801115,40.56057,A192,_,00740,19
A192__00730.19,8.34801036302041,40.557217109999996,A192,_,00730,19
A192__0071.19,8.320275050473983,40.558150479999995,A192,_,0071,19
A192__00660.19,8.336401532676637,40.562274435,A192,_,00660,19
A192__00630.19,8.334371931817868,40.56991836500001,A192,_,00630,19
A192__0061.19,8.316044994846429,40.577599235,A192,_,0061,19
A192__00590.19,8.386299194267554,40.583441135,A192,_,00590,19
A192__00580.19,8.373328937872728,40.58439464,A192,_,00580,19
A192__00550.19,8.321951726576845,40.58959851,A192,_,00550,19
A192__00510.19,8.317175387782036,40.596175795,A192,_,00510,19
A192__0049.19,8.28606056782549,40.594414619999995,A192,_,0049,19
A192__00470.19,8.208224819047135,40.58433678,A192,_,00470,19
A192__00430.19,8.367598143773622,40.595387294999995,A192,_,00430,19
A192__00420.19,8.343803434273742,40.598880025,A192,_,00420,19
A192__00410.19,8.335019604095693,40.606087545,A192,_,00410,19
A192__00380.19,8.310214994173705,40.603532869999995,A192,_,00380,19
A192__00370.19,8.30303868191217,40.594012969999994,A192,_,00370,19
A192__00340.19,8.251023988416792,40.607652535,A192,_,00340,19
A192__00330.19,8.235190674834787,40.59813148,A192,_,00330,19
A192__00310.19,8.375405180478133,40.618530995,A192,_,00310,19
A192__00300.19,8.380142191581545,40.605516285,A192,_,00300,19
A192__00270.19,8.334241917345167,40.613919905,A192,_,00270,19
A192__00230.19,8.181696302444632,40.599118135,A192,_,00230,19
A192__00200.19,8.257196733655944,40.627718875,A192,_,00200,19
A192__00190.19,8.192535853835459,40.617964744999995,A192,_,00190,19
A192__00170.19,8.31515609584519,40.62538432,A192,_,00170,19
A192__00150.19,8.227021818713752,40.642607645,A192,_,00150,19
A192__00140.19,8.201488696109294,40.650015780000004,A192,_,00140,19
A192__00120.19,8.301515539852321,40.653424060000006,A192,_,00120,19
A192__00010.190,8.224889842262725,40.66341053,A192,_,00010,190
A192__00970.190,8.3148881370496,40.55840507,A192,_,00970,190
A192__00960.190,8.367012679818773,40.519124675,A192,_,00960,190
A192__00900.190,8.360174226844162,40.52781752,A192,_,00900,190
A192__00880.190,8.343286167671796,40.52191574,A192,_,00880,190
A192__00870.190,8.338500368253543,40.53347016,A192,_,00870,190
A192__00850.190,8.344435782586238,40.53155481,A192,_,00850,190
A192__00840.190,8.328256580725862,40.534052465,A192,_,00840,190
A192__00800.190,8.361536450568188,40.543744610000005,A192,_,00800,190
A192__00790.190,8.343323072676522,40.538446015,A192,_,00790,190
A192__00740.190,8.35644629871654,40.562243065000004,A192,_,00740,190
A192__00730.190,8.34971324206851,40.55176586,A192,_,00730,190
A192__0072.190,8.327131194148471,40.557492659999994,A192,_,0072,190
A192__00700.190,8.387708138384937,40.57762234,A192,_,00700,190
A192__00680.190,8.35220861512316,40.569959944999994,A192,_,00680,190
A192__00670.190,8.341293844986385,40.562288179999996,A192,_,00670,190
A192__00660.190,8.328120890298457,40.558763354999996,A192,_,00660,190
A192__00630.190,8.3327122785787,40.574405035,A192,_,00630,190
A192__00600.190,8.346691156666818,40.57314345,A192,_,00600,190
A192__00580.190,8.354675042608003,40.587156145,A192,_,00580,190
A192__00570.190,8.350714454932584,40.585950495,A192,_,00570,190
A192__00560.190,8.326850283910524,40.58723021,A192,_,00560,190
A192__00550.190,8.318296423721112,40.585429265,A192,_,00550,190
A192__00540.190,8.349672067528434,40.592534799999996,A192,_,00540,190
A192__00520.190,8.330273880804043,40.593459804999995,A192,_,00520,190
A192__00470.190,8.205712507488524,40.592281435000004,A192,_,00470,190
A192__00410.190,8.332020067854103,40.602695685,A192,_,00410,190
A192__00390.190,8.322902367522321,40.602076085,A192,_,00390,190
A192__00380.190,8.31145193611169,40.593945149999996,A192,_,00380,190
A192__00340.190,8.263781654531087,40.61355107,A192,_,00340,190
A192__00300.190,8.383133807154788,40.608624199999994,A192,_,00300,190
A192__00290.190,8.386087665148827,40.614932865,A192,_,00290,190
A192__00280.190,8.356562075966227,40.61231239,A192,_,00280,190
A192__00260.190,8.313371380185327,40.62067324,A192,_,00260,190
A192__00250.190,8.282132562701005,40.62728394,A192,_,00250,190
A192__00190.190,8.206507148693323,40.623831425000006,A192,_,00190,190
A192__00150.190,8.236015345769351,40.643876535000004,A192,_,00150,190
A192__00120.190,8.30356717802683,40.628569255,A192,_,00120,190
A192__00080.190,8.32430198446501,40.660599610000006,A192,_,00080,190
A192__00050.190,8.260299456425388,40.66262901,A192,_,00050,190
A192__00040.190,8.248298943419098,40.657610774999995,A192,_,00040,190
A192__00030.191,8.242910178381663,40.66341566,A192,_,00030,191
A192__00970.191,8.314836222777831,40.558324264999996,A192,_,00970,191
A192__00960.191,8.367058589904389,40.51885679,A192,_,00960,191
A192__00950.191,8.345956768867932,40.511792185,A192,_,00950,191
A192__00940.191,8.36083904109981,40.51756048,A192,_,00940,191
A192__00900.191,8.359139987250476,40.530002115,A192,_,00900,191
A192__00890.191,8.352631610273384,40.53424065,A192,_,00890,191
A192__00860.191,8.352783200519276,40.537720515000004,A192,_,00860,191
A192__00810.191,8.373674216394853,40.54690793,A192,_,00810,191
A192__00800.191,8.36369418545835,40.545453824999996,A192,_,00800,191
A192__00780.191,8.326387430667513,40.54228211,A192,_,00780,191
A192__0077.191,8.326742926695733,40.55237896,A192,_,0077,191
A192__00700.191,8.409803212042886,40.574772615,A192,_,00700,191
A192__00670.191,8.343053952853232,40.563496815,A192,_,00670,191
A192__0064.191,8.318617924372028,40.564682340000005,A192,_,0064,191
A192__00630.191,8.333154514188058,40.57423632,A192,_,00630,191
A192__00580.191,8.35478051155176,40.586989384999995,A192,_,00580,191
A192__00570.191,8.350475183656062,40.585587265,A192,_,00570,191
A192__00540.191,8.350310095769359,40.592100959999996,A192,_,00540,191
A192__00530.191,8.34142933321661,40.59278906,A192,_,00530,191
A192__0049.191,8.286096408165182,40.59231354,A192,_,0049,191
A192__00470.191,8.20561151153808,40.592347454999995,A192,_,00470,191
A192__00420.191,8.346829176565242,40.59794677,A192,_,00420,191
A192__00400.191,8.328684201899506,40.60053473,A192,_,00400,191
A192__00390.191,8.321535666382365,40.601995755,A192,_,00390,191
A192__00340.191,8.266659114074262,40.613795005,A192,_,00340,191
A192__00300.191,8.383370403515332,40.608000884999996,A192,_,00300,191
A192__00290.191,8.386616221749211,40.614201115,A192,_,00290,191
A192__00280.191,8.356051084982614,40.613078675,A192,_,00280,191
A192__00260.191,8.314523875330483,40.62176988,A192,_,00260,191
A192__00190.191,8.205478832949131,40.62304776,A192,_,00190,191
A192__00160.191,8.271384269760775,40.63210339,A192,_,00160,191
A192__00150.191,8.235714878221636,40.64396159,A192,_,00150,191
A192__00120.191,8.305016866993267,40.637904805000005,A192,_,00120,191
A192__00090.191,8.205524489265763,40.644547625,A192,_,00090,191
A192__00050.191,8.261390206299467,40.662376325,A192,_,00050,191
A192__0071.1914,8.326656927086471,40.556034319999995,A192,_,0071,1914
A192__0071.1915,8.326391870308914,40.55594277,A192,_,0071,1915
A192__0071.1916,8.326622713822843,40.55592786,A192,_,0071,1916
A192__00030.192,8.242681976757373,40.66329648,A192,_,00030,192
A192__00970.192,8.314818919529081,40.55827961,A192,_,00970,192
A192__00960.192,8.366500031297377,40.506297454999995,A192,_,00960,192
A192__00940.192,8.361338188790672,40.516758315000004,A192,_,00940,192
A192__00930.192,8.337777747395172,40.52394158,A192,_,00930,192
A192__00900.192,8.35914409481056,40.530146715,A192,_,00900,192
A192__00890.192,8.352289054476241,40.534351345,A192,_,00890,192
A192__00880.192,8.348931618962263,40.525096000000005,A192,_,00880,192
A192__00870.192,8.338355450098135,40.533756600000004,A192,_,00870,192
A192__00860.192,8.355707778163257,40.53848259,A192,_,00860,192
A192__00850.192,8.343844970012707,40.53108502,A192,_,00850,192
A192__00840.192,8.328906362346364,40.538898465,A192,_,00840,192
A192__00790.192,8.342767135624129,40.53961918,A192,_,00790,192
A192__00780.192,8.326162497740174,40.541766305,A192,_,00780,192
A192__00740.192,8.356859822122356,40.562284115,A192,_,00740,192
A192__00730.192,8.349867752634028,40.55118874,A192,_,00730,192
A192__0072.192,8.330103216733068,40.55592660000001,A192,_,0072,192
A192__00700.192,8.409144262228612,40.574888805,A192,_,00700,192
A192__00680.192,8.350926072255318,40.5704791,A192,_,00680,192
A192__00670.192,8.343278198570214,40.56333295,A192,_,00670,192
A192__00630.192,8.33351600355218,40.574400345,A192,_,00630,192
A192__00620.192,8.324010365066382,40.570323595,A192,_,00620,192
A192__0061.192,8.32027657125219,40.574694815,A192,_,0061,192
A192__00600.192,8.347655342326505,40.573034925,A192,_,00600,192
A192__00580.192,8.354884381313518,40.586955195,A192,_,00580,192
A192__00570.192,8.351518124013053,40.58640074,A192,_,00570,192
A192__00560.192,8.326348774526238,40.587776685,A192,_,00560,192
A192__00530.192,8.340183828602768,40.5938072,A192,_,00530,192
A192__00510.192,8.314613923387004,40.591088035,A192,_,00510,192
A192__0049.192,8.28621642092575,40.59218352,A192,_,0049,192
A192__00470.192,8.205531094454072,40.592366145,A192,_,00470,192
A192__00420.192,8.346404621332407,40.59835877,A192,_,00420,192
A192__00380.192,8.310783379247443,40.595422205000006,A192,_,00380,192
A192__00340.192,8.26669737365316,40.61383862,A192,_,00340,192
A192__00300.192,8.384142241292725,40.608333275,A192,_,00300,192
A192__00290.192,8.387767866530789,40.615338035,A192,_,00290,192
A192__00280.192,8.365947746225277,40.62041925,A192,_,00280,192
A192__00260.192,8.315476716688174,40.621748915,A192,_,00260,192
A192__00190.192,8.206372662129862,40.62259713,A192,_,00190,192
A192__00150.192,8.235507283186436,40.644123750000006,A192,_,00150,192
A192__00120.192,8.305019712354769,40.63697639,A192,_,00120,192
A192__00110.192,8.291684594614562,40.640812929999996,A192,_,00110,192
A192__00090.192,8.205409475003744,40.643966,A192,_,00090,192
A192__00050.192,8.262719096901375,40.66239711,A192,_,00050,192
A192__0071.1923,8.326408435060989,40.555280554999996,A192,_,0071,1923
A192__0071.1924,8.326375391710844,40.555176180000004,A192,_,0071,1924
A192__0071.1929,8.326169952704696,40.555413615,A192,_,0071,1929
A192__00030.193,8.242554477234371,40.66341566,A192,_,00030,193
A192__00970.193,8.314803197381728,40.558232665000006,A192,_,00970,193
A192__00960.193,8.366862433796786,40.506343064999996,A192,_,00960,193
A192__00940.193,8.362608150412898,40.513811675,A192,_,00940,193
A192__00930.193,8.341874092079983,40.51641214,A192,_,00930,193
A192__00900.193,8.359628644525618,40.53611842,A192,_,00900,193
A192__00890.193,8.353143404210588,40.534845094999994,A192,_,00890,193
A192__00880.193,8.349320288012343,40.524868014999996,A192,_,00880,193
A192__00870.193,8.33527216906958,40.533602040000005,A192,_,00870,193
A192__00850.193,8.343193528241358,40.53011434,A192,_,00850,193
A192__00840.193,8.329231626961615,40.53881395,A192,_,00840,193
A192__00810.193,8.37361962082867,40.54644727,A192,_,00810,193
A192__00800.193,8.346960004539348,40.546301145,A192,_,00800,193
A192__00740.193,8.35694098386702,40.562222250000005,A192,_,00740,193
A192__00730.193,8.350053103102319,40.550508925,A192,_,00730,193
A192__0071.193,8.317543396781033,40.55789431,A192,_,0071,193
A192__00700.193,8.397505314180489,40.57634427,A192,_,00700,193
A192__00670.193,8.343044020603504,40.563153285,A192,_,00670,193
A192__00660.193,8.327630036727918,40.56373062,A192,_,00660,193
A192__0064.193,8.31812634454837,40.563289495,A192,_,0064,193
A192__00620.193,8.322495854552493,40.571681375,A192,_,00620,193
A192__0061.193,8.321337579077065,40.57425009,A192,_,0061,193
A192__00600.193,8.349800034153725,40.579375675,A192,_,00600,193
A192__00590.193,8.390522798311025,40.582122185,A192,_,00590,193
A192__00580.193,8.354754583072044,40.586590369999996,A192,_,00580,193
A192__00540.193,8.350584471461543,40.592520500000006,A192,_,00540,193
A192__00530.193,8.340351697757429,40.593103765,A192,_,00530,193
A192__00520.193,8.327063289917279,40.59628812,A192,_,00520,193
A192__00510.193,8.315394020404653,40.59135443,A192,_,00510,193
A192__0049.193,8.286340424803386,40.592048434999995,A192,_,0049,193
A192__00470.193,8.198942242840245,40.5738591,A192,_,00470,193
A192__00410.193,8.333888744399983,40.605619495,A192,_,00410,193
A192__00380.193,8.310421405071747,40.595504254999994,A192,_,00380,193
A192__00360.193,8.30100473838247,40.60415008,A192,_,00360,193
A192__00340.193,8.26374725894366,40.6134709,A192,_,00340,193
A192__00300.193,8.383884838776327,40.608996665,A192,_,00300,193
A192__00290.193,8.387257923210857,40.615072015,A192,_,00290,193
A192__00280.193,8.36545342911855,40.620702515000005,A192,_,00280,193
A192__00190.193,8.2039609571847,40.62610121,A192,_,00190,193
A192__00160.193,8.264930712441505,40.62898604,A192,_,00160,193
A192__00150.193,8.235503707237216,40.644337844999995,A192,_,00150,193
A192__00110.193,8.29229261372597,40.6405771,A192,_,00110,193
A192__00090.193,8.20504141597948,40.642106975000004,A192,_,00090,193
A192__00060.193,8.29161330536163,40.65407548,A192,_,00060,193
A192__0071.1930,8.326124879229582,40.5552957,A192,_,0071,1930
A192__0071.1931,8.326075273804488,40.555167170000004,A192,_,0071,1931
A192__0071.1932,8.326059697868885,40.555048295,A192,_,0071,1932
A192__0071.1934,8.322561106010795,40.55935436,A192,_,0071,1934
A192__0071.1938,8.319258001694006,40.555169465,A192,_,0071,1938
A192__00030.194,8.242603957767411,40.66346497,A192,_,00030,194
A192__00970.194,8.314770488963465,40.558183805,A192,_,00970,194
A192__00960.194,8.368900771170203,40.506575575,A192,_,00960,194
A192__00950.194,8.345828085092933,40.512091555,A192,_,00950,194
A192__00880.194,8.348974219457485,40.524603065,A192,_,00880,194
A192__00860.194,8.355302052658274,40.537403299999994,A192,_,00860,194
A192__00850.194,8.34346571161033,40.530046549999994,A192,_,00850,194
A192__00810.194,8.373439342349679,40.546517300000005,A192,_,00810,194
A192__00790.194,8.344785012620491,40.539873805,A192,_,00790,194
A192__0077.194,8.327984013411594,40.554182714999996,A192,_,0077,194
A192__00740.194,8.362661324276644,40.559348325,A192,_,00740,194
A192__00700.194,8.396894758429148,40.57634427,A192,_,00700,194
A192__00690.194,8.376918754459252,40.572791609999996,A192,_,00690,194
A192__00680.194,8.352525309015196,40.569954155000005,A192,_,00680,194
A192__0064.194,8.318446067085707,40.563898300000005,A192,_,0064,194
A192__00620.194,8.322199250279628,40.57070512,A192,_,00620,194
A192__0061.194,8.321311583135689,40.574366925,A192,_,0061,194
A192__00600.194,8.345740709675496,40.57350777,A192,_,00600,194
A192__00590.194,8.39147878650462,40.581860905,A192,_,00590,194
A192__00580.194,8.362711885088398,40.576412245,A192,_,00580,194
A192__00570.194,8.351458321225506,40.585833645,A192,_,00570,194
A192__00550.194,8.32005428561586,40.58959648,A192,_,00550,194
A192__00540.194,8.350694139315285,40.59203261,A192,_,00540,194
A192__00530.194,8.340278099294348,40.59341872,A192,_,00530,194
A192__00520.194,8.323516815784693,40.59511728,A192,_,00520,194
A192__00510.194,8.316943940024492,40.594375084999996,A192,_,00510,194
A192__0049.194,8.284929325490587,40.591641035,A192,_,0049,194
A192__00470.194,8.205589275771903,40.592392849999996,A192,_,00470,194
A192__00420.194,8.344366398992833,40.601393779999995,A192,_,00420,194
A192__00410.194,8.333795489261767,40.605462405,A192,_,00410,194
A192__00400.194,8.325452808197037,40.604321275000004,A192,_,00400,194
A192__00380.194,8.309933902875542,40.59320494,A192,_,00380,194
A192__00340.194,8.266823559723083,40.614050885,A192,_,00340,194
A192__00290.194,8.387343750714155,40.613796125,A192,_,00290,194
A192__00190.194,8.203547564714258,40.62529129,A192,_,00190,194
A192__00150.194,8.235959379181102,40.64410473,A192,_,00150,194
A192__00110.194,8.293010622125532,40.640500384999996,A192,_,00110,194
A192__00100.194,8.271136384399504,40.64721975,A192,_,00100,194
A192__00090.194,8.206120616291567,40.642342295,A192,_,00090,194
A192__00060.194,8.291602588352848,40.65525026,A192,_,00060,194
A192__00050.194,8.264442788489173,40.66711947,A192,_,00050,194
A192__00020.195,8.223291048415156,40.65482371,A192,_,00020,195
A192__00970.195,8.314722477410019,40.55815093,A192,_,00970,195
A192__00940.195,8.354843413160083,40.509546584999995,A192,_,00940,195
A192__00930.195,8.342468757751783,40.517619285,A192,_,00930,195
A192__00900.195,8.370137721710528,40.541989654999995,A192,_,00900,195
A192__00890.195,8.354003807511766,40.533573739999994,A192,_,00890,195
A192__00870.195,8.336594179415602,40.53364454,A192,_,00870,195
A192__00860.195,8.350902210826877,40.53782473,A192,_,00860,195
A192__00850.195,8.343801611523944,40.529497945,A192,_,00850,195
A192__00810.195,8.373601604185797,40.54645217,A192,_,00810,195
A192__00790.195,8.346257872814618,40.53987106,A192,_,00790,195
A192__00740.195,8.35717664644761,40.562416105,A192,_,00740,195
A192__00700.195,8.400080238720033,40.57561077,A192,_,00700,195
A192__00690.195,8.373576780957023,40.57409094,A192,_,00690,195
A192__00670.195,8.34332235657438,40.56294737,A192,_,00670,195
A192__00620.195,8.322493192379417,40.571514905,A192,_,00620,195
A192__00600.195,8.33964054473331,40.57571111,A192,_,00600,195
A192__00580.195,8.36266377302648,40.5765533,A192,_,00580,195
A192__00570.195,8.351226390425662,40.585481404999996,A192,_,00570,195
A192__00550.195,8.319843658161643,40.589655945000004,A192,_,00550,195
A192__00530.195,8.337517040589628,40.59535301,A192,_,00530,195
A192__00520.195,8.323660626007976,40.594861695000006,A192,_,00520,195
A192__00510.195,8.316429113360932,40.59422705,A192,_,00510,195
A192__0049.195,8.285014519045355,40.591452745,A192,_,0049,195
A192__00470.195,8.207762355549743,40.590290245000006,A192,_,00470,195
A192__00420.195,8.343832375817563,40.60124806,A192,_,00420,195
A192__00410.195,8.334269067204922,40.605183405000005,A192,_,00410,195
A192__00400.195,8.326376328049886,40.60551014000001,A192,_,00400,195
A192__00390.195,8.316543759020044,40.599979565,A192,_,00390,195
A192__00380.195,8.309642134259313,40.59337076,A192,_,00380,195
A192__00350.195,8.264941768188837,40.60053383,A192,_,00350,195
A192__00340.195,8.271077280960982,40.60663134,A192,_,00340,195
A192__00300.195,8.385044239574764,40.608929950000004,A192,_,00300,195
A192__00290.195,8.387041633784973,40.613606355,A192,_,00290,195
A192__00280.195,8.357126569378377,40.611994210000006,A192,_,00280,195
A192__00250.195,8.282676420917413,40.627094775,A192,_,00250,195
A192__00190.195,8.202730801280156,40.6236422,A192,_,00190,195
A192__00160.195,8.25480069143966,40.64064248,A192,_,00160,195
A192__00150.195,8.235815813542867,40.64382199,A192,_,00150,195
A192__00110.195,8.292234414874319,40.64316345,A192,_,00110,195
A192__00060.195,8.29343508090094,40.657576899999995,A192,_,00060,195
A192__00050.195,8.265314992798729,40.666715885,A192,_,00050,195
A192__0071.1951,8.32578446281412,40.555421730000006,A192,_,0071,1951
A192__0071.1952,8.325872087701349,40.55557549,A192,_,0071,1952
A192__0071.1958,8.323233153087687,40.548285359999994,A192,_,0071,1958
A192__00010.196,8.224581700723117,40.662806525,A192,_,00010,196
A192__00970.196,8.314712763489911,40.558108759999996,A192,_,00970,196
A192__00960.196,8.368207441271512,40.503265015,A192,_,00960,196
A192__00950.196,8.34508973537666,40.512344365000004,A192,_,00950,196
A192__00940.196,8.352857939340545,40.509095915,A192,_,00940,196
A192__00930.196,8.332948239594371,40.523812745,A192,_,00930,196
A192__00900.196,8.375035763445817,40.541988950000004,A192,_,00900,196
A192__00870.196,8.337378535379043,40.533632505,A192,_,00870,196
A192__00860.196,8.351044327982017,40.538123685,A192,_,00860,196
A192__00850.196,8.345269820030612,40.531354195000006,A192,_,00850,196
A192__00810.196,8.373655088831853,40.5469163,A192,_,00810,196
A192__00790.196,8.344551557018594,40.53980552,A192,_,00790,196
A192__0077.196,8.329863695947903,40.553372095,A192,_,0077,196
A192__00740.196,8.356880169920274,40.562313925,A192,_,00740,196
A192__00730.196,8.349152825251549,40.550653440000005,A192,_,00730,196
A192__0072.196,8.32735086073051,40.557905059999996,A192,_,0072,196
A192__00700.196,8.40013319239429,40.57546153,A192,_,00700,196
A192__00680.196,8.355826942879796,40.569873015,A192,_,00680,196
A192__00670.196,8.34391391548887,40.562898585,A192,_,00670,196
A192__0064.196,8.318847657193086,40.56374694,A192,_,0064,196
A192__0061.196,8.318794755353615,40.572037725,A192,_,0061,196
A192__00600.196,8.346486839664312,40.57402301,A192,_,00600,196
A192__00590.196,8.391293208736542,40.578808505,A192,_,00590,196
A192__00570.196,8.351435554916957,40.585424025,A192,_,00570,196
A192__00560.196,8.328552669948623,40.587216465,A192,_,00560,196
A192__00550.196,8.320186715263624,40.58920954,A192,_,00550,196
A192__00540.196,8.35199189469035,40.59332057,A192,_,00540,196
A192__00530.196,8.336244646776242,40.59237691,A192,_,00530,196
A192__00520.196,8.323030625581868,40.59457286,A192,_,00520,196
A192__00510.196,8.316730411452085,40.594481415000004,A192,_,00510,196
A192__0049.196,8.2848057540144,40.591439515000005,A192,_,0049,196
A192__00480.196,8.232736368100731,40.581369975,A192,_,00480,196
A192__00420.196,8.344497150719828,40.600836845,A192,_,00420,196
A192__00410.196,8.333695586318543,40.60515984,A192,_,00410,196
A192__00390.196,8.317509090254038,40.599764140000005,A192,_,00390,196
A192__00380.196,8.310353206531842,40.592704624999996,A192,_,00380,196
A192__00350.196,8.278972977563589,40.605734815000005,A192,_,00350,196
A192__00340.196,8.267518606131286,40.61441173,A192,_,00340,196
A192__00300.196,8.385778746609102,40.608709155,A192,_,00300,196
A192__00290.196,8.388275489854772,40.61437594,A192,_,00290,196
A192__00280.196,8.357080041311697,40.611857875,A192,_,00280,196
A192__00250.196,8.284377385370124,40.627790485000006,A192,_,00250,196
A192__00190.196,8.201417529900553,40.621007475,A192,_,00190,196
A192__00110.196,8.292030331441147,40.642934104999995,A192,_,00110,196
A192__00050.196,8.26616174622207,40.666203075,A192,_,00050,196
A192__0071.1962,8.321512036322574,40.5519253,A192,_,0071,1962
A192__0071.1964,8.32219847139573,40.55932725,A192,_,0071,1964
A192__00010.197,8.224286503922205,40.66370687,A192,_,00010,197
A192__00970.197,8.314789431345059,40.558114185,A192,_,00970,197
A192__00960.197,8.369245054041926,40.50425895,A192,_,00960,197
A192__00950.197,8.343185283926037,40.514961395,A192,_,00950,197
A192__00940.197,8.353640428229328,40.509207485000005,A192,_,00940,197
A192__00900.197,8.359067578702042,40.530930145,A192,_,00900,197
A192__00880.197,8.347810770141024,40.524175174999996,A192,_,00880,197
A192__00870.197,8.337485845608446,40.53365399,A192,_,00870,197
A192__00860.197,8.35409298440233,40.538833555,A192,_,00860,197
A192__00850.197,8.345558439018582,40.531963745,A192,_,00850,197
A192__00840.197,8.32886105138555,40.53501972,A192,_,00840,197
A192__00810.197,8.365274602195068,40.55293388,A192,_,00810,197
A192__00790.197,8.34676623836797,40.539536045000006,A192,_,00790,197
A192__0077.197,8.329749270236066,40.553117,A192,_,0077,197
A192__00740.197,8.357648292172914,40.5625727,A192,_,00740,197
A192__00730.197,8.35008580747782,40.55297482,A192,_,00730,197
A192__00700.197,8.40667830678937,40.574685224999996,A192,_,00700,197
A192__00690.197,8.377339995131328,40.572447405000005,A192,_,00690,197
A192__00680.197,8.357615653958321,40.566772885,A192,_,00680,197
A192__00670.197,8.34364644975669,40.56270872,A192,_,00670,197
A192__00620.197,8.322119107341248,40.570591305,A192,_,00620,197
A192__0061.197,8.318936238673704,40.57049915,A192,_,0061,197
A192__00600.197,8.350494866828399,40.575304450000004,A192,_,00600,197
A192__00570.197,8.351631571503216,40.585589075,A192,_,00570,197
A192__00550.197,8.32039535472056,40.58928634,A192,_,00550,197
A192__00540.197,8.35161675385599,40.592263325000005,A192,_,00540,197
A192__00530.197,8.336615272543842,40.592312820000004,A192,_,00530,197
A192__00520.197,8.323176734169236,40.594617615000004,A192,_,00520,197
A192__00510.197,8.316745141700107,40.59117395,A192,_,00510,197
A192__0049.197,8.284585357999394,40.591374235,A192,_,0049,197
A192__00410.197,8.333678908168464,40.605081145,A192,_,00410,197
A192__00390.197,8.31804130111637,40.59964909,A192,_,00390,197
A192__00380.197,8.309854716870635,40.5939038,A192,_,00380,197
A192__00340.197,8.26996057654205,40.613231925,A192,_,00340,197
A192__00290.197,8.387925804723881,40.614163579999996,A192,_,00290,197
A192__00280.197,8.365059013458072,40.61839066,A192,_,00280,197
A192__00190.197,8.200561726375772,40.61921452,A192,_,00190,197
A192__00110.197,8.292186527542853,40.642877995000006,A192,_,00110,197
A192__00060.197,8.295340520599296,40.659175454999996,A192,_,00060,197
A192__00050.197,8.266998365911386,40.66562016,A192,_,00050,197
A192__0071.1979,8.32585948841578,40.55867537,A192,_,0071,1979
A192__00010.198,8.224632452276767,40.663754510000004,A192,_,00010,198
A192__00970.198,8.314918048416725,40.558219715,A192,_,00970,198
A192__00960.198,8.369233523733604,40.50384512,A192,_,00960,198
A192__00950.198,8.343436779081102,40.5150157,A192,_,00950,198
A192__00940.198,8.354960825931194,40.506868365,A192,_,00940,198
A192__00930.198,8.337964010208484,40.52324687,A192,_,00930,198
A192__00900.198,8.357628313239974,40.53433536,A192,_,00900,198
A192__00880.198,8.34828374187316,40.524566605000004,A192,_,00880,198
A192__00870.198,8.337584171720255,40.53369283,A192,_,00870,198
A192__00850.198,8.34538854679898,40.531974295,A192,_,00850,198
A192__00810.198,8.365205210065907,40.552811635,A192,_,00810,198
A192__00790.198,8.347429366495707,40.54030369,A192,_,00790,198
A192__00730.198,8.346768316789618,40.55416645,A192,_,00730,198
A192__00700.198,8.407034557866693,40.574778305,A192,_,00700,198
A192__00690.198,8.37767356214131,40.57184252,A192,_,00690,198
A192__00680.198,8.356667470610605,40.566572145,A192,_,00680,198
A192__00670.198,8.344274425445104,40.56268015,A192,_,00670,198
A192__00600.198,8.330517690351023,40.583153505,A192,_,00600,198
A192__00570.198,8.351543636385218,40.585447845,A192,_,00570,198
A192__00560.198,8.330966902247303,40.58716101,A192,_,00560,198
A192__00550.198,8.319881403304407,40.589892879999994,A192,_,00550,198
A192__00540.198,8.351548193449709,40.593054165,A192,_,00540,198
A192__00530.198,8.342282818719411,40.59358213,A192,_,00530,198
A192__00520.198,8.328180637458614,40.59613934,A192,_,00520,198
A192__00510.198,8.316617299845785,40.591155740000005,A192,_,00510,198
A192__0049.198,8.284335706626184,40.59129263,A192,_,0049,198
A192__00480.198,8.239012303430563,40.5926004,A192,_,00480,198
A192__00400.198,8.328948093346071,40.604791685,A192,_,00400,198
A192__00390.198,8.324158500466663,40.610879355,A192,_,00390,198
A192__00350.198,8.27490069033835,40.604430925,A192,_,00350,198
A192__00340.198,8.271139853097612,40.609992719999994,A192,_,00340,198
A192__00290.198,8.387268031519616,40.613961305000004,A192,_,00290,198
A192__00280.198,8.364431758672442,40.619932605,A192,_,00280,198
A192__00250.198,8.283877908270323,40.626064805,A192,_,00250,198
A192__00190.198,8.200175260107995,40.618453509999995,A192,_,00190,198
A192__00120.198,8.307871565219942,40.635621205,A192,_,00120,198
A192__00110.198,8.292671346366166,40.64309367,A192,_,00110,198
A192__00070.198,8.338765285286808,40.657683649999996,A192,_,00070,198
A192__00050.198,8.268058889996698,40.665042985,A192,_,00050,198
A192__0071.1980,8.325710960762915,40.5585819,A192,_,0071,1980
A192__0071.1981,8.325593432754673,40.558551214999994,A192,_,0071,1981
A192__0071.1982,8.324863575762873,40.55920938,A192,_,0071,1982
A192__0071.1983,8.326444777647101,40.560882774999996,A192,_,0071,1983
A192__00010.199,8.225182219469119,40.663981655,A192,_,00010,199
A192__00970.199,8.31499317705303,40.558152085,A192,_,00970,199
A192__00960.199,8.369025080415788,40.503810275,A192,_,00960,199
A192__00950.199,8.3532327750793,40.51647572,A192,_,00950,199
A192__00930.199,8.335737808954573,40.52390506,A192,_,00930,199
A192__00890.199,8.354115185596381,40.53319146,A192,_,00890,199
A192__00880.199,8.341654808256884,40.52427565,A192,_,00880,199
A192__00870.199,8.338281827980303,40.533962125,A192,_,00870,199
A192__00850.199,8.345503434058866,40.532146835000006,A192,_,00850,199
A192__00810.199,8.365473765853213,40.552877935,A192,_,00810,199
A192__00800.199,8.347818578920043,40.54470224000001,A192,_,00800,199
A192__00790.199,8.347109739645427,40.54010761,A192,_,00790,199
A192__00740.199,8.356740369411522,40.562451955,A192,_,00740,199
A192__00730.199,8.346404085505736,40.554331825000006,A192,_,00730,199
A192__0072.199,8.327798323846231,40.557825105,A192,_,0072,199
A192__00700.199,8.387963673349862,40.578048815,A192,_,00700,199
A192__00690.199,8.378103971829084,40.572178210000004,A192,_,00690,199
A192__00680.199,8.358728192462628,40.56705866,A192,_,00680,199
A192__00670.199,8.343884120167552,40.562493365,A192,_,00670,199
A192__0064.199,8.317418197896624,40.56335469,A192,_,0064,199
A192__00630.199,8.336939705918649,40.57042191,A192,_,00630,199
A192__00620.199,8.324040000306208,40.572565685,A192,_,00620,199
A192__00600.199,8.330317393289144,40.583325904999995,A192,_,00600,199
A192__00590.199,8.390601194481722,40.580689425,A192,_,00590,199
A192__00560.199,8.33284093605841,40.587411605,A192,_,00560,199
A192__00550.199,8.319701721942312,40.589900959999994,A192,_,00550,199
A192__00540.199,8.352226481345685,40.595052295,A192,_,00540,199
A192__00530.199,8.333885475971716,40.587992,A192,_,00530,199
A192__00510.199,8.3165223486441,40.591166215,A192,_,00510,199
A192__0049.199,8.283741046167407,40.591305410000004,A192,_,0049,199
A192__00480.199,8.23735396506801,40.59208343,A192,_,00480,199
A192__00470.199,8.216558792778233,40.58452522,A192,_,00470,199
A192__00420.199,8.34495771246809,40.60053525,A192,_,00420,199
A192__00410.199,8.338161876995397,40.59849465,A192,_,00410,199
A192__00400.199,8.327677035180926,40.60551781,A192,_,00400,199
A192__00390.199,8.323494698787016,40.61024955,A192,_,00390,199
A192__00380.199,8.309229464158689,40.593164529999996,A192,_,00380,199
A192__00350.199,8.273915261379347,40.60452725,A192,_,00350,199
A192__00340.199,8.272066286779134,40.6074288,A192,_,00340,199
A192__00300.199,8.3854875480636,40.612045730000006,A192,_,00300,199
A192__00290.199,8.386936701431514,40.61375315,A192,_,00290,199
A192__00280.199,8.35864601785752,40.61489317,A192,_,00280,199
A192__00190.199,8.20007694375009,40.618262345,A192,_,00190,199
A192__00160.199,8.262789101113654,40.639439159999995,A192,_,00160,199
A192__00150.199,8.241246195498192,40.64563876,A192,_,00150,199
A192__00120.199,8.307373725509184,40.637069874999995,A192,_,00120,199
A192__00070.199,8.335741764503904,40.65871127,A192,_,00070,199
A192__00050.199,8.25936246328635,40.662656940000005,A192,_,00050,199
A192__00710.1991,8.326779224248446,40.54675729,A192,_,00710,1991
A192__0071.1993,8.322823176792692,40.555632355,A192,_,0071,1993
A192__0071.1997,8.326209906940374,40.555521240000004,A192,_,0071,1997
A192__0071.1998,8.326264831799442,40.55566901,A192,_,0071,1998
A192__00010.2,8.198863013908081,40.669419745,A192,_,00010,2
A192__00970.2,8.313601941803372,40.557751015,A192,_,00970,2
A192__00930.2,8.332797583507315,40.52293245,A192,_,00930,2
A192__00920.2,8.378094710439516,40.52179548,A192,_,00920,2
A192__00910.2,8.400384679468704,40.53879901,A192,_,00910,2
A192__00880.2,8.342245481289194,40.530344785,A192,_,00880,2
A192__00870.2,8.330706093168839,40.52909289,A192,_,00870,2
A192__00860.2,8.362108063156938,40.53996822,A192,_,00860,2
A192__00850.2,8.335667336366079,40.54035447,A192,_,00850,2
A192__00840.2,8.32345367494036,40.53823771,A192,_,00840,2
A192__00830.2,8.407866922423143,40.548959440000004,A192,_,00830,2
A192__00800.2,8.34702396111372,40.549055075,A192,_,00800,2
A192__00790.2,8.33929718713524,40.549845745,A192,_,00790,2
A192__00760.2,8.40680217265541,40.56337981,A192,_,00760,2
A192__00750.2,8.36229849635874,40.561863945,A192,_,00750,2
A192__00740.2,8.357590559203251,40.560573590000004,A192,_,00740,2
A192__0072.2,8.328013068933142,40.55802199,A192,_,0072,2
A192__00700.2,8.398348484174074,40.574256995,A192,_,00700,2
A192__00680.2,8.355266883376515,40.573288105,A192,_,00680,2
A192__00650.2,8.31899035478188,40.568051014999995,A192,_,00650,2
A192__00640.2,8.320389511795296,40.568959375000006,A192,_,00640,2
A192__00610.2,8.31827064785464,40.579902615,A192,_,00610,2
A192__00580.2,8.363329139421845,40.576511115,A192,_,00580,2
A192__00570.2,8.338449974653782,40.588687145,A192,_,00570,2
A192__00540.2,8.346868508037819,40.596632165,A192,_,00540,2
A192__00530.2,8.333813348240337,40.59603516,A192,_,00530,2
A192__00510.2,8.317401189440698,40.59703275,A192,_,00510,2
A192__00490.2,8.249403555977395,40.59254903,A192,_,00490,2
A192__00460.2,8.157713088975715,40.569219995,A192,_,00460,2
A192__00440.2,8.393819561663808,40.610486480000006,A192,_,00440,2
A192__00430.2,8.351148717824803,40.60168644,A192,_,00430,2
A192__00410.2,8.334345048758568,40.60791218,A192,_,00410,2
A192__00400.2,8.326575286644804,40.608002975000005,A192,_,00400,2
A192__00390.2,8.321843086703126,40.610721615,A192,_,00390,2
A192__00380.2,8.313053949063066,40.60498352,A192,_,00380,2
A192__00370.2,8.305447961697784,40.59892777,A192,_,00370,2
A192__00360.2,8.287172679530102,40.60937957,A192,_,00360,2
A192__00340.2,8.248690146023899,40.613638785,A192,_,00340,2
A192__00330.2,8.24988585539198,40.6033524,A192,_,00330,2
A192__00320.2,8.21292433093508,40.61348596,A192,_,00320,2
A192__00260.2,8.302912776123417,40.62293328,A192,_,00260,2
A192__00230.2,8.188233753215481,40.61390147,A192,_,00230,2
A192__00220.2,8.144904254090573,40.613922599999995,A192,_,00220,2
A192__00200.2,8.257563751661152,40.629513335,A192,_,00200,2
A192__00190.2,8.207493049709344,40.618777455,A192,_,00190,2
A192__00180.2,8.164724885963114,40.627353670000005,A192,_,00180,2
A192__00170.2,8.321345302162118,40.638128075,A192,_,00170,2
A192__00140.2,8.190109428654324,40.65078651,A192,_,00140,2
A192__00100.2,8.26733062846673,40.645180105,A192,_,00100,2
A192__00070.2,8.337880775503432,40.664018165,A192,_,00070,2
A192__00050.20,8.286347330291711,40.665806495,A192,_,00050,20
A192__00970.20,8.312044733174785,40.55991864,A192,_,00970,20
A192__00960.20,8.368462120952609,40.498567935,A192,_,00960,20
A192__00950.20,8.33710368172396,40.499661020000005,A192,_,00950,20
A192__00930.20,8.338262237769364,40.522671009999996,A192,_,00930,20
A192__00920.20,8.385749936125869,40.517881329999994,A192,_,00920,20
A192__00910.20,8.414565842100203,40.530162355,A192,_,00910,20
A192__00900.20,8.370923444573304,40.53836329,A192,_,00900,20
A192__00870.20,8.33559286537745,40.533136854999995,A192,_,00870,20
A192__00850.20,8.3374731233345,40.538202389999995,A192,_,00850,20
A192__00820.20,8.386120598697582,40.536663195,A192,_,00820,20
A192__00810.20,8.369094289944435,40.547667555000004,A192,_,00810,20
A192__00800.20,8.35569903511837,40.5505999,A192,_,00800,20
A192__0077.20,8.329488028585406,40.55330163,A192,_,0077,20
A192__00750.20,8.388322850020135,40.564041015,A192,_,00750,20
A192__00730.20,8.351803262306394,40.557417244999996,A192,_,00730,20
A192__0071.20,8.317403740293042,40.559154449999994,A192,_,0071,20
A192__00690.20,8.368722306954762,40.57328188,A192,_,00690,20
A192__00670.20,8.343476571457618,40.570846015,A192,_,00670,20
A192__0065.20,8.317961889510904,40.561662365000004,A192,_,0065,20
A192__0064.20,8.317253214417171,40.563636945,A192,_,0064,20
A192__00620.20,8.32956416434775,40.57552039,A192,_,00620,20
A192__00580.20,8.349853680351842,40.580865245,A192,_,00580,20
A192__00560.20,8.32277030858754,40.576245805,A192,_,00560,20
A192__00540.20,8.35546742285658,40.59634058,A192,_,00540,20
A192__00510.20,8.316874921802341,40.596557875,A192,_,00510,20
A192__00470.20,8.209053901124568,40.588694375,A192,_,00470,20
A192__00450.20,8.168623684685464,40.586469275,A192,_,00450,20
A192__00430.20,8.36719355476049,40.595121205,A192,_,00430,20
A192__00420.20,8.343355798941584,40.59854248,A192,_,00420,20
A192__00410.20,8.33437305676009,40.605767635,A192,_,00410,20
A192__00390.20,8.326274175724949,40.610435355,A192,_,00390,20
A192__00370.20,8.292401704838424,40.594129370000005,A192,_,00370,20
A192__00340.20,8.269150903892795,40.615548175,A192,_,00340,20
A192__00330.20,8.236634141545657,40.597406675,A192,_,00330,20
A192__00320.20,8.21530854012883,40.61111809,A192,_,00320,20
A192__00290.20,8.402610248256146,40.624325895,A192,_,00290,20
A192__00280.20,8.355105895199456,40.60706163,A192,_,00280,20
A192__00270.20,8.33339274130462,40.613511645,A192,_,00270,20
A192__00240.20,8.227978534771042,40.61896034,A192,_,00240,20
A192__00220.20,8.143880137959922,40.615758940000006,A192,_,00220,20
A192__00210.20,8.350725550172468,40.616155524999996,A192,_,00210,20
A192__00200.20,8.256168639852941,40.62957452,A192,_,00200,20
A192__00140.20,8.202687482905747,40.650167644999996,A192,_,00140,20
A192__00080.20,8.319845510736677,40.647116455,A192,_,00080,20
A192__00070.20,8.34157934738548,40.66171507,A192,_,00070,20
A192__00010.200,8.225303579805537,40.664404475,A192,_,00010,200
A192__00970.200,8.315065047772366,40.55814305,A192,_,00970,200
A192__00960.200,8.368935387829012,40.50367991,A192,_,00960,200
A192__00950.200,8.353155071796138,40.516538605,A192,_,00950,200
A192__00930.200,8.332819130890865,40.523321960000004,A192,_,00930,200
A192__00900.200,8.362629103324096,40.527206379999996,A192,_,00900,200
A192__00880.200,8.341695498225407,40.524509155,A192,_,00880,200
A192__00870.200,8.338031153859792,40.534331019999996,A192,_,00870,200
A192__00860.200,8.367525181220529,40.54474429,A192,_,00860,200
A192__00850.200,8.345861393016797,40.531673479999995,A192,_,00850,200
A192__00810.200,8.365571291232358,40.55277348,A192,_,00810,200
A192__00800.200,8.347781844005823,40.5446075,A192,_,00800,200
A192__00780.200,8.328496167343436,40.547253299999994,A192,_,00780,200
A192__00730.200,8.350004857855756,40.554515949999995,A192,_,00730,200
A192__00700.200,8.388213793017316,40.577762045,A192,_,00700,200
A192__0064.200,8.31764384207824,40.56353996,A192,_,0064,200
A192__00630.200,8.336745761756855,40.570577135,A192,_,00630,200
A192__00620.200,8.324158202781994,40.574051345,A192,_,00620,200
A192__0061.200,8.322323342021354,40.573281359999996,A192,_,0061,200
A192__00600.200,8.345761387889834,40.57412531,A192,_,00600,200
A192__00590.200,8.389812086084083,40.581980995,A192,_,00590,200
A192__00570.200,8.35079225616932,40.58556505,A192,_,00570,200
A192__00540.200,8.35214413829648,40.594130495,A192,_,00540,200
A192__00530.200,8.334195312526983,40.59460935,A192,_,00530,200
A192__00520.200,8.328173645744975,40.59557432,A192,_,00520,200
A192__00510.200,8.319867735856597,40.594605945,A192,_,00510,200
A192__0049.200,8.283507524059223,40.591341615000005,A192,_,0049,200
A192__00470.200,8.209122819013709,40.591428835,A192,_,00470,200
A192__00420.200,8.34257747775682,40.60611615,A192,_,00420,200
A192__00410.200,8.338244521861037,40.59817376,A192,_,00410,200
A192__00400.200,8.328317913246314,40.605111485,A192,_,00400,200
A192__00390.200,8.321415603582018,40.60828098,A192,_,00390,200
A192__00350.200,8.274420185636274,40.60612927,A192,_,00350,200
A192__00340.200,8.268083135593708,40.619263665000005,A192,_,00340,200
A192__00300.200,8.385320087287528,40.611726669999996,A192,_,00300,200
A192__00290.200,8.388294923679904,40.614586200000005,A192,_,00290,200
A192__00240.200,8.213199630779886,40.62968386,A192,_,00240,200
A192__00190.200,8.188896329123974,40.615975825,A192,_,00190,200
A192__00170.200,8.31207628185924,40.634697955,A192,_,00170,200
A192__00150.200,8.24077573295127,40.644713365,A192,_,00150,200
A192__00130.200,8.335897436883677,40.642734175,A192,_,00130,200
A192__00120.200,8.308003480420822,40.637646079999996,A192,_,00120,200
A192__00090.200,8.207621379514599,40.644335285,A192,_,00090,200
A192__00080.200,8.320969163966362,40.66390954,A192,_,00080,200
A192__00070.200,8.338976551934106,40.661043265,A192,_,00070,200
A192__00050.200,8.259131940612466,40.66276863,A192,_,00050,200
A192__00030.200,8.224627409129873,40.655249165,A192,_,00030,200
A192__0071.2000,8.325703764856797,40.55807634,A192,_,0071,2000
A192__0071.2003,8.326734876495149,40.560817295,A192,_,0071,2003
A192__0071.2004,8.325723205006181,40.560911105,A192,_,0071,2004
A192__00010.201,8.225260929319251,40.663312945,A192,_,00010,201
A192__00970.201,8.315124983310564,40.55813024,A192,_,00970,201
A192__00950.201,8.352770231418964,40.516715165,A192,_,00950,201
A192__00930.201,8.335305910206843,40.523443979999996,A192,_,00930,201
A192__00890.201,8.352271937377925,40.532769325,A192,_,00890,201
A192__00880.201,8.341634956073351,40.52489496,A192,_,00880,201
A192__00870.201,8.337785587280443,40.5260085,A192,_,00870,201
A192__00860.201,8.36731088077554,40.544748375,A192,_,00860,201
A192__00850.201,8.345399595277813,40.53169441,A192,_,00850,201
A192__00800.201,8.348036610294116,40.544508695000005,A192,_,00800,201
A192__00790.201,8.3476514477973,40.539112595,A192,_,00790,201
A192__0077.201,8.32949373607904,40.55373098,A192,_,0077,201
A192__00700.201,8.388374918266814,40.578057985,A192,_,00700,201
A192__00690.201,8.378078109443688,40.571198385,A192,_,00690,201
A192__00670.201,8.343943737469818,40.562342799999996,A192,_,00670,201
A192__00660.201,8.336203032247639,40.56172951,A192,_,00660,201
A192__00630.201,8.332589500527806,40.574166305,A192,_,00630,201
A192__00620.201,8.321959130566317,40.57042948,A192,_,00620,201
A192__00600.201,8.345984478209669,40.574112255,A192,_,00600,201
A192__00590.201,8.389497543335104,40.582028825,A192,_,00590,201
A192__00570.201,8.350749759080415,40.585284545,A192,_,00570,201
A192__00560.201,8.330168080999856,40.586817185,A192,_,00560,201
A192__00540.201,8.35222074091853,40.59425266,A192,_,00540,201
A192__00530.201,8.33404007711396,40.594115275,A192,_,00530,201
A192__00510.201,8.316407852657198,40.591895730000005,A192,_,00510,201
A192__0049.201,8.28321154211288,40.591373965,A192,_,0049,201
A192__00480.201,8.222479774283116,40.588303644999996,A192,_,00480,201
A192__00470.201,8.211063415398707,40.592602585,A192,_,00470,201
A192__00420.201,8.343176507427609,40.606355025,A192,_,00420,201
A192__00410.201,8.332673187064067,40.608184075,A192,_,00410,201
A192__00400.201,8.329090798173315,40.605165060000004,A192,_,00400,201
A192__00390.201,8.321618370430711,40.608176345000004,A192,_,00390,201
A192__00380.201,8.310431283487823,40.60057249,A192,_,00380,201
A192__00350.201,8.273636467191778,40.605721779999996,A192,_,00350,201
A192__00340.201,8.268525750405097,40.61766864,A192,_,00340,201
A192__00290.201,8.387816733577585,40.61430292,A192,_,00290,201
A192__00280.201,8.358813934388754,40.615080434999996,A192,_,00280,201
A192__00260.201,8.321396765994372,40.617670000000004,A192,_,00260,201
A192__00250.201,8.270111772655792,40.62062237000001,A192,_,00250,201
A192__00190.201,8.189469011909154,40.617289619999994,A192,_,00190,201
A192__00120.201,8.306810719272212,40.637721830000004,A192,_,00120,201
A192__00100.201,8.279436893553147,40.64786129,A192,_,00100,201
A192__00080.201,8.322549750040594,40.662491810000006,A192,_,00080,201
A192__00070.201,8.336954576302777,40.66018332,A192,_,00070,201
A192__00050.201,8.259649787944431,40.662745035,A192,_,00050,201
A192__00030.201,8.224446483108002,40.65509328,A192,_,00030,201
A192__00020.201,8.21662646002191,40.654578315,A192,_,00020,201
A192__0071.2013,8.326583949561682,40.554782275,A192,_,0071,2013
A192__0071.2015,8.326450941723717,40.555493985,A192,_,0071,2015
A192__0071.2017,8.326268218734828,40.555293739999996,A192,_,0071,2017
A192__0071.2018,8.326236506322807,40.55519254,A192,_,0071,2018
A192__00020.202,8.216664636757898,40.653930065,A192,_,00020,202
A192__00970.202,8.315183968674933,40.558164825,A192,_,00970,202
A192__00950.202,8.352974878457644,40.51663124,A192,_,00950,202
A192__00940.202,8.361445744616631,40.515909615,A192,_,00940,202
A192__00930.202,8.342371143242321,40.51759328,A192,_,00930,202
A192__00900.202,8.36254509302524,40.52652376,A192,_,00900,202
A192__00890.202,8.352365134490679,40.53265393,A192,_,00890,202
A192__00880.202,8.341491882997127,40.524360345,A192,_,00880,202
A192__00870.202,8.333317452880692,40.52497054,A192,_,00870,202
A192__00860.202,8.3660954698192,40.544864905,A192,_,00860,202
A192__00850.202,8.344657868173357,40.53138001,A192,_,00850,202
A192__00840.202,8.332319473943716,40.535803585,A192,_,00840,202
A192__00800.202,8.34667746699544,40.54716129,A192,_,00800,202
A192__00790.202,8.347220051939983,40.539410765,A192,_,00790,202
A192__00780.202,8.328295763016953,40.547052145,A192,_,00780,202
A192__0077.202,8.329045561742458,40.554391345,A192,_,0077,202
A192__00740.202,8.358332955524734,40.562160905,A192,_,00740,202
A192__0071.202,8.318555406897492,40.55834608,A192,_,0071,202
A192__00700.202,8.388332843277041,40.577775675,A192,_,00700,202
A192__00690.202,8.3783928961864,40.57123832,A192,_,00690,202
A192__0064.202,8.318041740555655,40.56363408,A192,_,0064,202
A192__00620.202,8.325253925339567,40.572288154999995,A192,_,00620,202
A192__0061.202,8.321936674732292,40.572655085,A192,_,0061,202
A192__00600.202,8.34589583244065,40.57416482,A192,_,00600,202
A192__00590.202,8.38915489878028,40.582119,A192,_,00590,202
A192__00560.202,8.330976140020717,40.58683051,A192,_,00560,202
A192__00540.202,8.352147355254388,40.5934567,A192,_,00540,202
A192__00530.202,8.34036424813736,40.591760545,A192,_,00530,202
A192__00520.202,8.324121050401292,40.593578664999995,A192,_,00520,202
A192__00510.202,8.321620171395198,40.595128814999995,A192,_,00510,202
A192__00490.202,8.246323833961457,40.580103359999995,A192,_,00490,202
A192__00480.202,8.222685597862167,40.588377324999996,A192,_,00480,202
A192__00470.202,8.218931162193428,40.590551399999995,A192,_,00470,202
A192__00420.202,8.342660602915776,40.60574709,A192,_,00420,202
A192__00410.202,8.333065002396488,40.60806781,A192,_,00410,202
A192__00400.202,8.328794349970362,40.605254865000006,A192,_,00400,202
A192__00390.202,8.321824532927174,40.60808479,A192,_,00390,202
A192__00350.202,8.272698192426972,40.605706115000004,A192,_,00350,202
A192__00300.202,8.384744799978666,40.61127141,A192,_,00300,202
A192__00280.202,8.35826684399153,40.614791890000006,A192,_,00280,202
A192__00190.202,8.19351155964538,40.621535045,A192,_,00190,202
A192__00160.202,8.263856487865944,40.62886704,A192,_,00160,202
A192__00150.202,8.23565873463019,40.64490258,A192,_,00150,202
A192__00130.202,8.335880674973648,40.642793479999995,A192,_,00130,202
A192__00090.202,8.216442946070988,40.647063655,A192,_,00090,202
A192__00080.202,8.323636036610026,40.661535830000005,A192,_,00080,202
A192__00070.202,8.33495546398507,40.656771695,A192,_,00070,202
A192__00050.202,8.259394614655342,40.662557145,A192,_,00050,202
A192__00030.202,8.224386711013842,40.65497609,A192,_,00030,202
A192__00710.2023,8.32496018248711,40.547538485000004,A192,_,00710,2023
A192__00710.2024,8.325141277038023,40.547328405,A192,_,00710,2024
A192__00710.2025,8.325288646457391,40.547132285,A192,_,00710,2025
A192__00710.2026,8.32546050181359,40.54687746,A192,_,00710,2026
A192__00710.2028,8.325561166096799,40.54664977,A192,_,00710,2028
A192__00050.203,8.259632239767047,40.66254119,A192,_,00050,203
A192__00970.203,8.315117735645998,40.558244779999995,A192,_,00970,203
A192__00950.203,8.343096284408256,40.517535655,A192,_,00950,203
A192__00930.203,8.333882696336435,40.52324325,A192,_,00930,203
A192__00890.203,8.352982116789166,40.532353150000006,A192,_,00890,203
A192__00870.203,8.333066390312112,40.524725285,A192,_,00870,203
A192__00860.203,8.367467815499065,40.54411053,A192,_,00860,203
A192__00850.203,8.34464378492492,40.531354645,A192,_,00850,203
A192__00810.203,8.365104861828968,40.55205642,A192,_,00810,203
A192__00800.203,8.346790152927142,40.546382835,A192,_,00800,203
A192__00790.203,8.348604992430491,40.53964173,A192,_,00790,203
A192__00780.203,8.32808685685633,40.54707168,A192,_,00780,203
A192__0077.203,8.328496279069416,40.552257955,A192,_,0077,203
A192__00720.203,8.333566700973579,40.55555647,A192,_,00720,203
A192__00700.203,8.392349009313303,40.57814358,A192,_,00700,203
A192__00680.203,8.358158742195146,40.565939,A192,_,00680,203
A192__00670.203,8.343942018139519,40.562151825,A192,_,00670,203
A192__0064.203,8.317970206252335,40.563885105,A192,_,0064,203
A192__00630.203,8.331839901943624,40.574792939999995,A192,_,00630,203
A192__0061.203,8.321940042305515,40.572789075,A192,_,0061,203
A192__00590.203,8.389372842179537,40.58260535,A192,_,00590,203
A192__00560.203,8.33141874122905,40.586837825,A192,_,00560,203
A192__00540.203,8.352237228924373,40.593438969999994,A192,_,00540,203
A192__00530.203,8.34097475429738,40.592600815,A192,_,00530,203
A192__00520.203,8.324444030807951,40.59275533,A192,_,00520,203
A192__00510.203,8.320862894941662,40.595384960000004,A192,_,00510,203
A192__0049.203,8.282750363262203,40.591451225,A192,_,0049,203
A192__00480.203,8.222772724286758,40.588162635,A192,_,00480,203
A192__00420.203,8.34339366282259,40.606340345,A192,_,00420,203
A192__00410.203,8.333645991868291,40.607899145,A192,_,00410,203
A192__00340.203,8.264630545094384,40.60496648,A192,_,00340,203
A192__00300.203,8.385659700998122,40.611506405,A192,_,00300,203
A192__00290.203,8.390274091743322,40.61690987,A192,_,00290,203
A192__00280.203,8.366157246852508,40.618832845,A192,_,00280,203
A192__00250.203,8.269880509211998,40.620201455,A192,_,00250,203
A192__00190.203,8.19464375203061,40.622667699999994,A192,_,00190,203
A192__00170.203,8.32067913972368,40.632876075,A192,_,00170,203
A192__00090.203,8.21697867902435,40.647199725,A192,_,00090,203
A192__00070.203,8.336328694341919,40.65606884,A192,_,00070,203
A192__00060.203,8.296825384573811,40.6591278,A192,_,00060,203
A192__00710.2038,8.325802182854176,40.546436785,A192,_,00710,2038
A192__0071.2039,8.323145806311569,40.553936555,A192,_,0071,2039
A192__00050.204,8.27019704021466,40.66218081,A192,_,00050,204
A192__00970.204,8.315047038786883,40.55835657,A192,_,00970,204
A192__00950.204,8.34055525533909,40.515812585000006,A192,_,00950,204
A192__00940.204,8.359601234653546,40.507696865,A192,_,00940,204
A192__00930.204,8.341181923512533,40.521572855,A192,_,00930,204
A192__00900.204,8.361920835645595,40.52732657,A192,_,00900,204
A192__00890.204,8.352146661080809,40.53286333,A192,_,00890,204
A192__00870.204,8.333676858545246,40.52427811,A192,_,00870,204
A192__00860.204,8.367242544369097,40.544238175000004,A192,_,00860,204
A192__00850.204,8.34499307303723,40.531642860000005,A192,_,00850,204
A192__00840.204,8.331239816835222,40.5358105,A192,_,00840,204
A192__00810.204,8.364842921494901,40.55174733,A192,_,00810,204
A192__00800.204,8.345811197631395,40.548533559999996,A192,_,00800,204
A192__00720.204,8.333591181108098,40.555594055,A192,_,00720,204
A192__00700.204,8.391893950932058,40.57838853,A192,_,00700,204
A192__00690.204,8.379299088596168,40.570424239999994,A192,_,00690,204
A192__00630.204,8.33137408824513,40.575056605,A192,_,00630,204
A192__00600.204,8.340601156368255,40.574864965,A192,_,00600,204
A192__00580.204,8.373231217404534,40.583726585,A192,_,00580,204
A192__00570.204,8.351264794887516,40.585292055,A192,_,00570,204
A192__00560.204,8.32360916126581,40.578529904999996,A192,_,00560,204
A192__00550.204,8.32360188974572,40.588752995,A192,_,00550,204
A192__00540.204,8.344213225084614,40.59348883,A192,_,00540,204
A192__00530.204,8.336885538204896,40.5966177,A192,_,00530,204
A192__00520.204,8.322071867918494,40.592298545000006,A192,_,00520,204
A192__00510.204,8.32066307389302,40.59529827,A192,_,00510,204
A192__00480.204,8.224098829190162,40.591620524999996,A192,_,00480,204
A192__00470.204,8.218053790742443,40.59171279,A192,_,00470,204
A192__00420.204,8.342614556257157,40.60597553,A192,_,00420,204
A192__00410.204,8.33347689127589,40.606975245,A192,_,00410,204
A192__00380.204,8.308760345685396,40.60153436,A192,_,00380,204
A192__00350.204,8.271959250512898,40.605236309999995,A192,_,00350,204
A192__00300.204,8.385828413310518,40.61138181,A192,_,00300,204
A192__00280.204,8.368121009165066,40.619470235,A192,_,00280,204
A192__00240.204,8.212934207270324,40.63287799,A192,_,00240,204
A192__00190.204,8.196609615059325,40.62457543,A192,_,00190,204
A192__00170.204,8.321359812230519,40.63245245,A192,_,00170,204
A192__00160.204,8.262859209797352,40.6410688,A192,_,00160,204
A192__00150.204,8.236813538843553,40.642399365,A192,_,00150,204
A192__00130.204,8.335749106428475,40.64322733,A192,_,00130,204
A192__00090.204,8.216904200206741,40.64733174,A192,_,00090,204
A192__00060.204,8.29346322700275,40.670108920000004,A192,_,00060,204
A192__0071.2045,8.321251846775894,40.5485999,A192,_,0071,2045
A192__00050.205,8.270886894821578,40.66143888,A192,_,00050,205
A192__00970.205,8.314984232329891,40.55840507,A192,_,00970,205
A192__00960.205,8.366357062871222,40.512492275,A192,_,00960,205
A192__00940.205,8.360334028066378,40.50937739,A192,_,00940,205
A192__00930.205,8.336924017203813,40.52338426,A192,_,00930,205
A192__00900.205,8.361915913284683,40.527167375000005,A192,_,00900,205
A192__00890.205,8.347189676492185,40.52855529,A192,_,00890,205
A192__00880.205,8.348450787741378,40.51982726,A192,_,00880,205
A192__00870.205,8.334030032899978,40.52430153,A192,_,00870,205
A192__00860.205,8.366955861579807,40.54438691,A192,_,00860,205
A192__00840.205,8.331790353803767,40.536663985000004,A192,_,00840,205
A192__00810.205,8.36871768103627,40.54883208,A192,_,00810,205
A192__00800.205,8.347102326352083,40.54794699,A192,_,00800,205
A192__00780.205,8.32820017557133,40.547040585000005,A192,_,00780,205
A192__0077.205,8.329509209738841,40.554129305000004,A192,_,0077,205
A192__00740.205,8.362451239942011,40.552257005,A192,_,00740,205
A192__0072.205,8.328121553888531,40.557617054999994,A192,_,0072,205
A192__00700.205,8.389783081637486,40.57858331,A192,_,00700,205
A192__00690.205,8.378688718513805,40.57015094,A192,_,00690,205
A192__00680.205,8.358502608484343,40.5651674,A192,_,00680,205
A192__00670.205,8.343939498188435,40.561976595000004,A192,_,00670,205
A192__0064.205,8.31785616013267,40.563781129999995,A192,_,0064,205
A192__00630.205,8.332207879978505,40.57374108,A192,_,00630,205
A192__00620.205,8.325051667247056,40.572798155,A192,_,00620,205
A192__0061.205,8.321609024686754,40.573078620000004,A192,_,0061,205
A192__00600.205,8.352060185356969,40.576141545,A192,_,00600,205
A192__00580.205,8.372597692412281,40.582483984999996,A192,_,00580,205
A192__00570.205,8.346610189909594,40.58559577,A192,_,00570,205
A192__00560.205,8.323939072544,40.57891341,A192,_,00560,205
A192__00540.205,8.34343385208792,40.59257452,A192,_,00540,205
A192__00530.205,8.338722080615096,40.5923781,A192,_,00530,205
A192__00520.205,8.321654756286094,40.591965325000004,A192,_,00520,205
A192__00510.205,8.31722038067873,40.590589269999995,A192,_,00510,205
A192__00480.205,8.224343275736597,40.59166199,A192,_,00480,205
A192__00420.205,8.343866896015442,40.606340345,A192,_,00420,205
A192__00410.205,8.3354524497549,40.60672441,A192,_,00410,205
A192__00400.205,8.329326063287873,40.60434297,A192,_,00400,205
A192__00390.205,8.319147714328647,40.60790448,A192,_,00390,205
A192__00300.205,8.38594342911579,40.611194615,A192,_,00300,205
A192__00280.205,8.367249592243567,40.61842876,A192,_,00280,205
A192__00260.205,8.321690377993603,40.620589605000006,A192,_,00260,205
A192__00240.205,8.213059573310215,40.63283701,A192,_,00240,205
A192__00190.205,8.196587449409627,40.624402175,A192,_,00190,205
A192__00170.205,8.318891554041073,40.629611104999995,A192,_,00170,205
A192__00100.205,8.271356068579923,40.64762819,A192,_,00100,205
A192__00090.205,8.21745551736154,40.64730448500001,A192,_,00090,205
A192__00070.205,8.32774542928282,40.65772989,A192,_,00070,205
A192__00060.205,8.293214850139321,40.66873577,A192,_,00060,205
A192__0071.2050,8.321558373191483,40.555145644999996,A192,_,0071,2050
A192__0071.2051,8.321574718470089,40.55457502,A192,_,0071,2051
A192__0071.2052,8.321834735059817,40.554583075,A192,_,0071,2052
A192__0071.2053,8.321718347313762,40.554571525,A192,_,0071,2053
A192__0071.2054,8.321802278954584,40.55442624,A192,_,0071,2054
A192__0071.2055,8.322415388970946,40.555663585000005,A192,_,0071,2055
A192__0071.2056,8.322682378138701,40.55552408,A192,_,0071,2056
A192__0071.2057,8.322637774189454,40.55561263,A192,_,0071,2057
A192__0071.2058,8.322753967419644,40.555592669999996,A192,_,0071,2058
A192__00070.206,8.327324730172348,40.658763065,A192,_,00070,206
A192__00970.206,8.31511879950839,40.558417285,A192,_,00970,206
A192__00960.206,8.366027366949641,40.512060915,A192,_,00960,206
A192__00930.206,8.342111665338056,40.51596354,A192,_,00930,206
A192__00890.206,8.346610573676385,40.527840604999994,A192,_,00890,206
A192__00870.206,8.334290900528469,40.524451585,A192,_,00870,206
A192__00860.206,8.367110170478586,40.54440843,A192,_,00860,206
A192__00850.206,8.34521544750241,40.531857455,A192,_,00850,206
A192__00840.206,8.337669769759708,40.534975065,A192,_,00840,206
A192__00810.206,8.36823788352015,40.54925813,A192,_,00810,206
A192__00800.206,8.347798512059192,40.547095909999996,A192,_,00800,206
A192__00790.206,8.341124000416619,40.5438454,A192,_,00790,206
A192__0077.206,8.328385463202917,40.552098385,A192,_,0077,206
A192__00740.206,8.362488303487105,40.55193931,A192,_,00740,206
A192__00730.206,8.346487955047749,40.554881855000005,A192,_,00730,206
A192__0071.206,8.318280237172987,40.55809465,A192,_,0071,206
A192__00700.206,8.390137598378843,40.578173185,A192,_,00700,206
A192__00670.206,8.343911818444356,40.56197812,A192,_,00670,206
A192__00630.206,8.331958028295329,40.5736409,A192,_,00630,206
A192__00600.206,8.351253737851525,40.57586877,A192,_,00600,206
A192__00580.206,8.372065121284724,40.581477325,A192,_,00580,206
A192__00570.206,8.347041855465054,40.585509415000004,A192,_,00570,206
A192__00560.206,8.324033905891323,40.57909957,A192,_,00560,206
A192__00550.206,8.317998435580455,40.583529605,A192,_,00550,206
A192__00540.206,8.343682635383399,40.59275099,A192,_,00540,206
A192__00530.206,8.341314542335802,40.593329725000004,A192,_,00530,206
A192__0049.206,8.281929195817177,40.591924675,A192,_,0049,206
A192__00480.206,8.232914699173246,40.592340375,A192,_,00480,206
A192__00470.206,8.218308140032986,40.591868415,A192,_,00470,206
A192__00420.206,8.34330456466754,40.60562294499999,A192,_,00420,206
A192__00410.206,8.335783201242794,40.607241,A192,_,00410,206
A192__00390.206,8.316735341006353,40.607814355,A192,_,00390,206
A192__00300.206,8.386488434180414,40.61118795,A192,_,00300,206
A192__00280.206,8.368505066697203,40.620970029999995,A192,_,00280,206
A192__00270.206,8.323959266405717,40.616122090000005,A192,_,00270,206
A192__00260.206,8.321821723578863,40.62044793,A192,_,00260,206
A192__00250.206,8.270300970094778,40.61862825,A192,_,00250,206
A192__00210.206,8.354100924633498,40.61583046,A192,_,00210,206
A192__00190.206,8.196946873310683,40.624446379999995,A192,_,00190,206
A192__00170.206,8.31970558173839,40.62919734,A192,_,00170,206
A192__00120.206,8.31111897543131,40.64432375,A192,_,00120,206
A192__00100.206,8.268079496899182,40.646842325,A192,_,00100,206
A192__00090.206,8.214651639049578,40.6476872,A192,_,00090,206
A192__00080.206,8.326603885951485,40.655375840000005,A192,_,00080,206
A192__0071.2064,8.322782786953617,40.55353288,A192,_,0071,2064
A192__0071.2065,8.322959303513837,40.55343866,A192,_,0071,2065
A192__0071.2066,8.323129102209734,40.553347974999994,A192,_,0071,2066
A192__00050.207,8.269893176220824,40.661436135,A192,_,00050,207
A192__00970.207,8.315194051789412,40.558409385,A192,_,00970,207
A192__00960.207,8.364916545330521,40.505310879999996,A192,_,00960,207
A192__00940.207,8.361880282481462,40.50917427,A192,_,00940,207
A192__00930.207,8.340617030960347,40.521807429999996,A192,_,00930,207
A192__00900.207,8.359355084999995,40.53063046,A192,_,00900,207
A192__00890.207,8.348251876351963,40.529482335,A192,_,00890,207
A192__00880.207,8.34312662713462,40.52578421,A192,_,00880,207
A192__00870.207,8.340754262037228,40.525645694999994,A192,_,00870,207
A192__00860.207,8.367150655835742,40.54455788,A192,_,00860,207
A192__00840.207,8.33138777710785,40.53933375,A192,_,00840,207
A192__00800.207,8.34610574616976,40.54836027,A192,_,00800,207
A192__00780.207,8.328440018988116,40.546943775,A192,_,00780,207
A192__0077.207,8.32861071804749,40.551998845,A192,_,0077,207
A192__00740.207,8.35826373025537,40.561534535,A192,_,00740,207
A192__00730.207,8.346574025530234,40.554874729999995,A192,_,00730,207
A192__00700.207,8.382908781532702,40.576730874999996,A192,_,00700,207
A192__0064.207,8.31798489458572,40.563728345,A192,_,0064,207
A192__00630.207,8.332062723198835,40.57431814,A192,_,00630,207
A192__0061.207,8.320937820083227,40.57019515,A192,_,0061,207
A192__00600.207,8.348089543805314,40.5736397,A192,_,00600,207
A192__00580.207,8.371927728700868,40.581293375,A192,_,00580,207
A192__00570.207,8.347498517504247,40.58556695,A192,_,00570,207
A192__00560.207,8.323893534969663,40.578670585,A192,_,00560,207
A192__00550.207,8.317598788161611,40.58361866,A192,_,00550,207
A192__00540.207,8.348970966572978,40.595216255,A192,_,00540,207
A192__00530.207,8.33424766680509,40.594457685,A192,_,00530,207
A192__00520.207,8.323491016093765,40.59472008,A192,_,00520,207
A192__0049.207,8.282210856791547,40.59188598,A192,_,0049,207
A192__00480.207,8.227839082047465,40.588887220000004,A192,_,00480,207
A192__00470.207,8.216664756272046,40.591773235000005,A192,_,00470,207
A192__00420.207,8.344141797072606,40.606141065,A192,_,00420,207
A192__00390.207,8.318148834422658,40.606824204999995,A192,_,00390,207
A192__00380.207,8.312976828102553,40.596876665,A192,_,00380,207
A192__00350.207,8.281311908302854,40.603374945,A192,_,00350,207
A192__00300.207,8.386621279744688,40.6109921,A192,_,00300,207
A192__00290.207,8.384959125442652,40.612759835000006,A192,_,00290,207
A192__00280.207,8.368429354057021,40.62104265,A192,_,00280,207
A192__00270.207,8.32364550405652,40.61605919,A192,_,00270,207
A192__00250.207,8.270553249298539,40.618200865,A192,_,00250,207
A192__00210.207,8.354174936623128,40.61568776,A192,_,00210,207
A192__00190.207,8.19694528349697,40.624590445,A192,_,00190,207
A192__00170.207,8.320532167708606,40.629468200000005,A192,_,00170,207
A192__00150.207,8.221819233035692,40.643333229999996,A192,_,00150,207
A192__00120.207,8.311808314825626,40.643657135,A192,_,00120,207
A192__00100.207,8.26947937220362,40.646596405,A192,_,00100,207
A192__00090.207,8.214722386524015,40.647872195000005,A192,_,00090,207
A192__00080.207,8.327363045376995,40.655464484999996,A192,_,00080,207
A192__00060.207,8.293229038106045,40.668597309999996,A192,_,00060,207
A192__0071.2073,8.325863806972574,40.556297369999996,A192,_,0071,2073
A192__00030.208,8.243560998573892,40.663622974999996,A192,_,00030,208
A192__00970.208,8.315177147532156,40.558325155,A192,_,00970,208
A192__00960.208,8.364981746627556,40.505763035,A192,_,00960,208
A192__00940.208,8.361261178796298,40.50725043,A192,_,00940,208
A192__00930.208,8.342520950719464,40.517407075,A192,_,00930,208
A192__00900.208,8.3595454003688,40.530622695000005,A192,_,00900,208
A192__00890.208,8.352100083500714,40.532439804999996,A192,_,00890,208
A192__00880.208,8.343172173853002,40.525477755,A192,_,00880,208
A192__00860.208,8.366261933558507,40.544831465,A192,_,00860,208
A192__00840.208,8.331213518028392,40.5372707,A192,_,00840,208
A192__00800.208,8.346583183391036,40.548160280000005,A192,_,00800,208
A192__00790.208,8.344837957397537,40.544493790000004,A192,_,00790,208
A192__0077.208,8.328842938690585,40.552344905,A192,_,0077,208
A192__00740.208,8.357731264711767,40.561255849999995,A192,_,00740,208
A192__00730.208,8.349290593246309,40.55177535,A192,_,00730,208
A192__0072.208,8.330484570848746,40.557325225,A192,_,0072,208
A192__00700.208,8.383364687634526,40.576453665,A192,_,00700,208
A192__00670.208,8.343368754707829,40.562885045,A192,_,00670,208
A192__0064.208,8.317944747852065,40.56353718,A192,_,0064,208
A192__00630.208,8.331606960961548,40.574595904999995,A192,_,00630,208
A192__0061.208,8.320773936805898,40.570116799999994,A192,_,0061,208
A192__00580.208,8.371715181863328,40.581064850000004,A192,_,00580,208
A192__00570.208,8.350588543606632,40.587747095,A192,_,00570,208
A192__00560.208,8.32416737101239,40.57909906,A192,_,00560,208
A192__00540.208,8.346468379598694,40.59601974,A192,_,00540,208
A192__00530.208,8.339343366778312,40.593213655,A192,_,00530,208
A192__00520.208,8.323089219816772,40.595434575,A192,_,00520,208
A192__0049.208,8.282491211154039,40.591853029999996,A192,_,0049,208
A192__00480.208,8.227918123937151,40.58909845,A192,_,00480,208
A192__00470.208,8.218704566477658,40.589284915,A192,_,00470,208
A192__00420.208,8.344901359685064,40.60565291,A192,_,00420,208
A192__00410.208,8.335535712022562,40.606667085,A192,_,00410,208
A192__00400.208,8.328391907762445,40.603916299999995,A192,_,00400,208
A192__00390.208,8.320269092347026,40.605570285,A192,_,00390,208
A192__00340.208,8.268582506773495,40.61659596,A192,_,00340,208
A192__00280.208,8.366257544794747,40.6176376,A192,_,00280,208
A192__00260.208,8.287898421189006,40.61903461,A192,_,00260,208
A192__00190.208,8.197343599725661,40.624307540000004,A192,_,00190,208
A192__00150.208,8.226052021145474,40.644532444999996,A192,_,00150,208
A192__00120.208,8.312015840447337,40.642464985000004,A192,_,00120,208
A192__00080.208,8.327305622782662,40.655203885000006,A192,_,00080,208
A192__00060.208,8.293290597036677,40.659694285,A192,_,00060,208
A192__0071.2089,8.321473027574207,40.55207473,A192,_,0071,2089
A192__00020.209,8.207723516524837,40.6547199,A192,_,00020,209
A192__00970.209,8.315433457546673,40.5585078,A192,_,00970,209
A192__00960.209,8.369441207731382,40.51364615,A192,_,00960,209
A192__00940.209,8.361016519294934,40.50952738,A192,_,00940,209
A192__00900.209,8.359974008528344,40.530127455,A192,_,00900,209
A192__00880.209,8.343184818113357,40.525388504999995,A192,_,00880,209
A192__00870.209,8.337428892019135,40.528407975,A192,_,00870,209
A192__00850.209,8.344724593738409,40.53180594,A192,_,00850,209
A192__00840.209,8.331504671777854,40.536898685,A192,_,00840,209
A192__00810.209,8.367769042296231,40.547506580000004,A192,_,00810,209
A192__00800.209,8.34628110751914,40.546508305,A192,_,00800,209
A192__00790.209,8.344102635402159,40.54448611,A192,_,00790,209
A192__0077.209,8.328343382273621,40.552903615,A192,_,0077,209
A192__00730.209,8.348965743535075,40.55391764,A192,_,00730,209
A192__0072.209,8.328524261938256,40.556147995,A192,_,0072,209
A192__00700.209,8.389019360756027,40.577798525000006,A192,_,00700,209
A192__00670.209,8.343396021897977,40.56203596,A192,_,00670,209
A192__00630.209,8.331181444953145,40.574918515,A192,_,00630,209
A192__0061.209,8.320667301612605,40.57008668,A192,_,0061,209
A192__00600.209,8.344206371424551,40.580718325,A192,_,00600,209
A192__00590.209,8.389560630021057,40.581720875,A192,_,00590,209
A192__00580.209,8.371527035487878,40.58093498,A192,_,00580,209
A192__00570.209,8.350683608369447,40.587381295,A192,_,00570,209
A192__00560.209,8.324441888740868,40.579510325,A192,_,00560,209
A192__00550.209,8.319519094449376,40.585383215,A192,_,00550,209
A192__00530.209,8.338993302789778,40.592798805,A192,_,00530,209
A192__00520.209,8.322960227583234,40.596013375,A192,_,00520,209
A192__0049.209,8.28276971909941,40.59182088,A192,_,0049,209
A192__00480.209,8.22797734924831,40.589021654999996,A192,_,00480,209
A192__00420.209,8.345297338942895,40.605354325,A192,_,00420,209
A192__00410.209,8.336231971424288,40.60587975,A192,_,00410,209
A192__00390.209,8.317858565781485,40.599992685000004,A192,_,00390,209
A192__00380.209,8.314068257101871,40.601985694999996,A192,_,00380,209
A192__00350.209,8.273207553107977,40.606301585,A192,_,00350,209
A192__00340.209,8.26715202718611,40.613909164999995,A192,_,00340,209
A192__00300.209,8.387574238638182,40.611596635,A192,_,00300,209
A192__00290.209,8.379468217311656,40.617029079999995,A192,_,00290,209
A192__00280.209,8.354712399362999,40.612699539999994,A192,_,00280,209
A192__00270.209,8.322845356835955,40.61414389,A192,_,00270,209
A192__00210.209,8.355859854706242,40.616398954999994,A192,_,00210,209
A192__00190.209,8.197324976284651,40.624453794999994,A192,_,00190,209
A192__00120.209,8.31223932432793,40.641636455,A192,_,00120,209
A192__00100.209,8.26961690735492,40.648010625,A192,_,00100,209
A192__00090.209,8.21622804739562,40.647004679999995,A192,_,00090,209
A192__00080.209,8.327010117933256,40.655063565,A192,_,00080,209
A192__0071.2099,8.3253164775256,40.56096241,A192,_,0071,2099
A192__00030.21,8.237418832162449,40.664421184999995,A192,_,00030,21
A192__00970.21,8.312230947874848,40.559874605000005,A192,_,00970,21
A192__00950.21,8.355725664143636,40.50631122,A192,_,00950,21
A192__00940.21,8.356446859295342,40.519776730000004,A192,_,00940,21
A192__00930.21,8.339127505799887,40.522754649999996,A192,_,00930,21
A192__00910.21,8.414526892025897,40.52995972,A192,_,00910,21
A192__00900.21,8.371153630517995,40.53534303,A192,_,00900,21
A192__00870.21,8.339155947193284,40.53194406,A192,_,00870,21
A192__00860.21,8.35601576460522,40.53834743,A192,_,00860,21
A192__00850.21,8.337242914122163,40.537878825,A192,_,00850,21
A192__00840.21,8.330462003743033,40.535497485,A192,_,00840,21
A192__00820.21,8.376415205011169,40.539672355,A192,_,00820,21
A192__00800.21,8.353759404186833,40.544182765,A192,_,00800,21
A192__00780.21,8.323889156377728,40.54338635,A192,_,00780,21
A192__00760.21,8.40090599520994,40.545857545000004,A192,_,00760,21
A192__00750.21,8.388538043039796,40.56441463,A192,_,00750,21
A192__00730.21,8.352492769448386,40.556744915,A192,_,00730,21
A192__0072.21,8.333649532703522,40.556737569999996,A192,_,0072,21
A192__00700.21,8.410173057444805,40.575947615000004,A192,_,00700,21
A192__00660.21,8.335718669595904,40.56262227,A192,_,00660,21
A192__0065.21,8.318320545443253,40.561584055,A192,_,0065,21
A192__00620.21,8.329873977778238,40.574876555,A192,_,00620,21
A192__0061.21,8.317472834434485,40.574563284999996,A192,_,0061,21
A192__00600.21,8.348508824200835,40.583237445,A192,_,00600,21
A192__00590.21,8.405384880968041,40.58609561,A192,_,00590,21
A192__00580.21,8.353204244778805,40.579668005,A192,_,00580,21
A192__00570.21,8.34271460770676,40.58790119,A192,_,00570,21
A192__00560.21,8.327470382042819,40.583183125,A192,_,00560,21
A192__00550.21,8.320650288982776,40.589444895,A192,_,00550,21
A192__00540.21,8.355258824352074,40.596129545,A192,_,00540,21
A192__00530.21,8.342434186228513,40.594892380000005,A192,_,00530,21
A192__0050.21,8.311925272766562,40.580384914999996,A192,_,0050,21
A192__0049.21,8.286608840516205,40.594634674999995,A192,_,0049,21
A192__00470.21,8.20807772222097,40.579991375000006,A192,_,00470,21
A192__00460.21,8.157961934347213,40.575259759999994,A192,_,00460,21
A192__00450.21,8.167567897404197,40.585997715,A192,_,00450,21
A192__00430.21,8.363208690079787,40.5960119,A192,_,00430,21
A192__00380.21,8.309802138377215,40.602905140000004,A192,_,00380,21
A192__00370.21,8.28679255079787,40.59566351,A192,_,00370,21
A192__00340.21,8.267717882638467,40.62059358,A192,_,00340,21
A192__00330.21,8.231761826028688,40.60011969,A192,_,00330,21
A192__00320.21,8.208362283852015,40.593281425,A192,_,00320,21
A192__00280.21,8.354627078261014,40.60651804,A192,_,00280,21
A192__00260.21,8.296726697573597,40.61539973,A192,_,00260,21
A192__00250.21,8.277315839565528,40.620450065,A192,_,00250,21
A192__00240.21,8.222789182057639,40.60905635,A192,_,00240,21
A192__00220.21,8.144158015418434,40.616043175,A192,_,00220,21
A192__00200.21,8.256019950349618,40.629546115,A192,_,00200,21
A192__00190.21,8.196863191499414,40.622806100000005,A192,_,00190,21
A192__00140.21,8.200691606375099,40.64874157,A192,_,00140,21
A192__00120.21,8.303798515832781,40.65278323,A192,_,00120,21
A192__00050.21,8.28424364108308,40.663343534999996,A192,_,00050,21
A192__00020.210,8.20804724766051,40.65459911,A192,_,00020,210
A192__00970.210,8.315371631345364,40.558065905,A192,_,00970,210
A192__00960.210,8.364309654608011,40.51440993,A192,_,00960,210
A192__00940.210,8.355409858835394,40.520225735,A192,_,00940,210
A192__00930.210,8.33686191598203,40.51876161,A192,_,00930,210
A192__00900.210,8.35847099998866,40.528406445,A192,_,00900,210
A192__00880.210,8.343654794429382,40.525808295000004,A192,_,00880,210
A192__00860.210,8.351545010433197,40.54081065,A192,_,00860,210
A192__00850.210,8.344222488810761,40.531707940000004,A192,_,00850,210
A192__00810.210,8.369092001747678,40.54721777,A192,_,00810,210
A192__00800.210,8.346177359751238,40.54654682,A192,_,00800,210
A192__00790.210,8.343730195172391,40.54389151,A192,_,00790,210
A192__00730.210,8.34818774181571,40.553742944999996,A192,_,00730,210
A192__0072.210,8.328750285344046,40.55610355,A192,_,0072,210
A192__00700.210,8.38915486254308,40.578187650000004,A192,_,00700,210
A192__00680.210,8.355731153821614,40.57000463,A192,_,00680,210
A192__00670.210,8.342794057248167,40.563337794999995,A192,_,00670,210
A192__00630.210,8.330866252180268,40.57472057,A192,_,00630,210
A192__0061.210,8.320567569501895,40.570031525000005,A192,_,0061,210
A192__00600.210,8.345079237024594,40.579941105,A192,_,00600,210
A192__00590.210,8.389156073758656,40.58172131,A192,_,00590,210
A192__00580.210,8.361452142458724,40.58725445,A192,_,00580,210
A192__00560.210,8.324620135821188,40.579725825,A192,_,00560,210
A192__00540.210,8.35080929697587,40.59294305,A192,_,00540,210
A192__00530.210,8.341402863902118,40.59541994,A192,_,00530,210
A192__00520.210,8.330061290929383,40.588512685,A192,_,00520,210
A192__0049.210,8.283033584827235,40.591732175,A192,_,0049,210
A192__00480.210,8.22808407443431,40.589110399999996,A192,_,00480,210
A192__00470.210,8.202123896492123,40.57135173,A192,_,00470,210
A192__00420.210,8.346552218562135,40.60492725,A192,_,00420,210
A192__00410.210,8.335820750571848,40.60697489499999,A192,_,00410,210
A192__00380.210,8.314950982483236,40.60245131,A192,_,00380,210
A192__00350.210,8.272074836718108,40.60606128,A192,_,00350,210
A192__00340.210,8.266917744879102,40.613967845000005,A192,_,00340,210
A192__00300.210,8.387926712869458,40.611612785,A192,_,00300,210
A192__00280.210,8.356168873428896,40.611629140000005,A192,_,00280,210
A192__00260.210,8.28822607028265,40.619051065,A192,_,00260,210
A192__00210.210,8.356361944456665,40.617723465,A192,_,00210,210
A192__00190.210,8.197650117339267,40.624287185,A192,_,00190,210
A192__00100.210,8.267361097863265,40.648055325,A192,_,00100,210
A192__00090.210,8.211779367183563,40.642082075000005,A192,_,00090,210
A192__0071.2100,8.325389351369065,40.560877164999994,A192,_,0071,2100
A192__0071.2103,8.32724435106384,40.56008815,A192,_,0071,2103
A192__0071.2104,8.327158062728888,40.56021948,A192,_,0071,2104
A192__0071.2105,8.327076252332603,40.560348565,A192,_,0071,2105
A192__0071.2106,8.326997689416741,40.560470865,A192,_,0071,2106
A192__0071.2107,8.326911519095287,40.560604420000004,A192,_,0071,2107
A192__0071.2109,8.321308000810248,40.554144365,A192,_,0071,2109
A192__00020.211,8.204035379367843,40.659066769999995,A192,_,00020,211
A192__00960.211,8.362524921176972,40.504763365,A192,_,00960,211
A192__00940.211,8.360153787355749,40.51793353,A192,_,00940,211
A192__00930.211,8.336503116691038,40.52339395,A192,_,00930,211
A192__00880.211,8.343463967043204,40.5254846,A192,_,00880,211
A192__00870.211,8.337339342041524,40.52861624,A192,_,00870,211
A192__00860.211,8.35153885085716,40.540788595,A192,_,00860,211
A192__00850.211,8.344329870831448,40.53108995,A192,_,00850,211
A192__00840.211,8.336788297098906,40.535447015,A192,_,00840,211
A192__00800.211,8.345726550968173,40.545573085,A192,_,00800,211
A192__00740.211,8.360330367818062,40.56267467,A192,_,00740,211
A192__00730.211,8.354960048684557,40.553900875,A192,_,00730,211
A192__0072.211,8.328984559073593,40.55607586,A192,_,0072,211
A192__0071.211,8.319189429988958,40.559057605,A192,_,0071,211
A192__00700.211,8.396456361490017,40.57080377,A192,_,00700,211
A192__00680.211,8.357084925380867,40.56558312,A192,_,00680,211
A192__00670.211,8.3440443531187,40.562749385000004,A192,_,00670,211
A192__0064.211,8.31881083925019,40.564405655,A192,_,0064,211
A192__00620.211,8.323067050746783,40.57306912,A192,_,00620,211
A192__00600.211,8.345452654036354,40.581354665,A192,_,00600,211
A192__00580.211,8.36155798822044,40.587219965,A192,_,00580,211
A192__00570.211,8.348761237397358,40.584302995,A192,_,00570,211
A192__00560.211,8.32449181376591,40.57938839,A192,_,00560,211
A192__00540.211,8.342713910905427,40.592109925,A192,_,00540,211
A192__00530.211,8.34065143192639,40.59774889,A192,_,00530,211
A192__00520.211,8.329903161262708,40.58837704,A192,_,00520,211
A192__0049.211,8.283405704247492,40.59174351,A192,_,0049,211
A192__00480.211,8.222310314972592,40.59312411,A192,_,00480,211
A192__00470.211,8.202509703151517,40.571198495,A192,_,00470,211
A192__00420.211,8.345908063937603,40.60492725,A192,_,00420,211
A192__00410.211,8.33559457633008,40.606372824999994,A192,_,00410,211
A192__00400.211,8.32942881004009,40.603728375,A192,_,00400,211
A192__00390.211,8.320753336336962,40.60624942,A192,_,00390,211
A192__00380.211,8.311553797298746,40.599722145,A192,_,00380,211
A192__00350.211,8.271968704232414,40.605893445,A192,_,00350,211
A192__00340.211,8.267018480244722,40.61403468,A192,_,00340,211
A192__00300.211,8.388216813968512,40.611854445,A192,_,00300,211
A192__00290.211,8.398824794112961,40.621079695,A192,_,00290,211
A192__00280.211,8.356122629237698,40.611536290000004,A192,_,00280,211
A192__00210.211,8.356685198462575,40.617482805,A192,_,00210,211
A192__00120.211,8.310634938119074,40.64036455,A192,_,00120,211
A192__00100.211,8.265761553021434,40.64812416,A192,_,00100,211
A192__00060.211,8.294097210154249,40.66113268,A192,_,00060,211
A192__00050.211,8.282724207104778,40.666900525,A192,_,00050,211
A192__00030.211,8.24358317865093,40.663521555,A192,_,00030,211
A192__0071.2115,8.32586504151794,40.559538885,A192,_,0071,2115
A192__0071.2116,8.323655030514598,40.55216714,A192,_,0071,2116
A192__0071.2117,8.324749017901425,40.554581670000005,A192,_,0071,2117
A192__0071.2119,8.322223745569593,40.55298836,A192,_,0071,2119
A192__00020.212,8.203961702394674,40.658512200000004,A192,_,00020,212
A192__00970.212,8.315357719867922,40.557827835,A192,_,00970,212
A192__00960.212,8.362297289804244,40.504854545,A192,_,00960,212
A192__00940.212,8.361492399065057,40.516287895,A192,_,00940,212
A192__00930.212,8.336204623538224,40.523015105,A192,_,00930,212
A192__00880.212,8.343426413978495,40.525367235,A192,_,00880,212
A192__00860.212,8.352508277093282,40.540810155,A192,_,00860,212
A192__00850.212,8.343736692758334,40.530634655,A192,_,00850,212
A192__00840.212,8.331377503360748,40.53827741,A192,_,00840,212
A192__00810.212,8.36800154300181,40.549152995,A192,_,00810,212
A192__00800.212,8.345599284279325,40.546716055000005,A192,_,00800,212
A192__00730.212,8.34810041242777,40.55362447,A192,_,00730,212
A192__0072.212,8.329278166861389,40.555987204999994,A192,_,0072,212
A192__0071.212,8.319308308732296,40.559095445,A192,_,0071,212
A192__00700.212,8.393732744601785,40.568310785,A192,_,00700,212
A192__00680.212,8.356379061403972,40.569401584999994,A192,_,00680,212
A192__00670.212,8.343925076784732,40.56147203,A192,_,00670,212
A192__00660.212,8.328456011668912,40.56279731,A192,_,00660,212
A192__0064.212,8.318783323448269,40.56412008,A192,_,0064,212
A192__00630.212,8.331711408696854,40.574112845,A192,_,00630,212
A192__00620.212,8.323341036980276,40.5730813,A192,_,00620,212
A192__00600.212,8.34610359048929,40.581074175,A192,_,00600,212
A192__00580.212,8.360706942340656,40.58727988,A192,_,00580,212
A192__00540.212,8.350183581770626,40.59503461,A192,_,00540,212
A192__00530.212,8.341082681997811,40.597381825,A192,_,00530,212
A192__00520.212,8.329678657625752,40.588105479999996,A192,_,00520,212
A192__0049.212,8.283668136959008,40.59183091,A192,_,0049,212
A192__00480.212,8.222543759945207,40.5932848,A192,_,00480,212
A192__00470.212,8.2000523701855,40.578091685,A192,_,00470,212
A192__00420.212,8.344460023666088,40.605941189999996,A192,_,00420,212
A192__00400.212,8.329985169771707,40.604051955,A192,_,00400,212
A192__00380.212,8.311848869174156,40.59955539,A192,_,00380,212
A192__00350.212,8.26179627080932,40.603248985,A192,_,00350,212
A192__00340.212,8.267100160454342,40.61410069,A192,_,00340,212
A192__00300.212,8.388929484791094,40.612110625,A192,_,00300,212
A192__00290.212,8.399561887782273,40.62135301,A192,_,00290,212
A192__00280.212,8.368143577101307,40.620408905000005,A192,_,00280,212
A192__00260.212,8.296206780007122,40.62345157,A192,_,00260,212
A192__00190.212,8.19817958991823,40.624396454999996,A192,_,00190,212
A192__00130.212,8.327672389424212,40.638698535,A192,_,00130,212
A192__00120.212,8.310959401269042,40.640364149999996,A192,_,00120,212
A192__00100.212,8.265762218713583,40.648057820000005,A192,_,00100,212
A192__00090.212,8.215636120588897,40.646816685,A192,_,00090,212
A192__00060.212,8.295982919760704,40.661375539999995,A192,_,00060,212
A192__0071.2121,8.324525337242273,40.55434044,A192,_,0071,2121
A192__0071.2122,8.324409821607563,40.554218515,A192,_,0071,2122
A192__0071.2125,8.32385771777702,40.553628435,A192,_,0071,2125
A192__0071.2126,8.325081950646464,40.554401705000004,A192,_,0071,2126
A192__0071.2129,8.326744803938738,40.558532685,A192,_,0071,2129
A192__00020.213,8.203867108154768,40.6577697,A192,_,00020,213
A192__00970.213,8.315811463577433,40.557957065,A192,_,00970,213
A192__00940.213,8.360215563139473,40.51633667,A192,_,00940,213
A192__00930.213,8.336724041035982,40.522946665,A192,_,00930,213
A192__00890.213,8.345901084038566,40.529739770000006,A192,_,00890,213
A192__00860.213,8.354188887731942,40.53733421,A192,_,00860,213
A192__00850.213,8.343972825507418,40.53004282,A192,_,00850,213
A192__00840.213,8.330213207585178,40.538579495,A192,_,00840,213
A192__00780.213,8.328661839240016,40.546911505,A192,_,00780,213
A192__0072.213,8.329385399144325,40.55624152,A192,_,0072,213
A192__0071.213,8.319418371702154,40.559296329999995,A192,_,0071,213
A192__00700.213,8.400137526388615,40.57460381,A192,_,00700,213
A192__00680.213,8.356507682775334,40.56937112,A192,_,00680,213
A192__00670.213,8.343901335576273,40.561597000000006,A192,_,00670,213
A192__00650.213,8.31892570458016,40.56813828,A192,_,00650,213
A192__00630.213,8.332028515820229,40.57388374,A192,_,00630,213
A192__00620.213,8.322816129394962,40.572764995,A192,_,00620,213
A192__0061.213,8.320321149302114,40.569919139999996,A192,_,0061,213
A192__00600.213,8.346067498440377,40.58165763,A192,_,00600,213
A192__00590.213,8.390169548337408,40.58184761,A192,_,00590,213
A192__00580.213,8.361090913274136,40.5870489,A192,_,00580,213
A192__00570.213,8.35422465574807,40.587649745,A192,_,00570,213
A192__00540.213,8.352144594235334,40.594882425,A192,_,00540,213
A192__00530.213,8.341475930655076,40.59704239,A192,_,00530,213
A192__00520.213,8.329635876581087,40.588706939999994,A192,_,00520,213
A192__0049.213,8.283816472177836,40.591774785,A192,_,0049,213
A192__00480.213,8.227688418056022,40.58920649,A192,_,00480,213
A192__00470.213,8.219266825115103,40.58974385,A192,_,00470,213
A192__00420.213,8.344100273109909,40.60541164,A192,_,00420,213
A192__00300.213,8.389536514001403,40.612250405,A192,_,00300,213
A192__00290.213,8.401372040510918,40.622595974999996,A192,_,00290,213
A192__00280.213,8.368051393847502,40.619821355,A192,_,00280,213
A192__00260.213,8.304121085877304,40.624241964999996,A192,_,00260,213
A192__00210.213,8.35745995060148,40.618524519999994,A192,_,00210,213
A192__00190.213,8.198007067611087,40.62404827,A192,_,00190,213
A192__00130.213,8.331844056965416,40.639379735,A192,_,00130,213
A192__00090.213,8.216094555549633,40.646968955,A192,_,00090,213
A192__00060.213,8.293651036672873,40.662151730000005,A192,_,00060,213
A192__00030.213,8.243566945672756,40.663317765,A192,_,00030,213
A192__0071.2133,8.320718471439102,40.55365988,A192,_,0071,2133
A192__00710.2137,8.326310322154477,40.547306815,A192,_,00710,2137
A192__00020.214,8.20349357297838,40.65670657,A192,_,00020,214
A192__00970.214,8.314654391507357,40.55800074,A192,_,00970,214
A192__00940.214,8.352649642036415,40.514400370000004,A192,_,00940,214
A192__00930.214,8.337068181731667,40.51824861,A192,_,00930,214
A192__00890.214,8.345969294381504,40.529582954999995,A192,_,00890,214
A192__00880.214,8.343926913631412,40.52533393,A192,_,00880,214
A192__00860.214,8.352468354085286,40.54158181,A192,_,00860,214
A192__00850.214,8.334625635739025,40.539261845,A192,_,00850,214
A192__00810.214,8.367798615401536,40.54728547,A192,_,00810,214
A192__00800.214,8.345972900765377,40.546615225,A192,_,00800,214
A192__00790.214,8.344265236652543,40.544202395,A192,_,00790,214
A192__00730.214,8.348081640593264,40.553653355,A192,_,00730,214
A192__00700.214,8.398356227141274,40.57676249,A192,_,00700,214
A192__00680.214,8.356077685089865,40.570041185,A192,_,00680,214
A192__00660.214,8.33760420844617,40.565567045,A192,_,00660,214
A192__00650.214,8.318376243653367,40.56670973,A192,_,00650,214
A192__0064.214,8.318585522747517,40.56420655,A192,_,0064,214
A192__00630.214,8.331218112044233,40.574159845,A192,_,00630,214
A192__00620.214,8.323071485431136,40.57284833,A192,_,00620,214
A192__0061.214,8.319688839099415,40.570198815,A192,_,0061,214
A192__00600.214,8.346499171911429,40.58165297,A192,_,00600,214
A192__00590.214,8.390175582301838,40.582176215000004,A192,_,00590,214
A192__00580.214,8.361547775776298,40.587199255,A192,_,00580,214
A192__00540.214,8.352137583231356,40.593360355,A192,_,00540,214
A192__00530.214,8.341900474516507,40.59667934,A192,_,00530,214
A192__0049.214,8.281437190382217,40.59152569,A192,_,0049,214
A192__00470.214,8.219925134440526,40.58926174,A192,_,00470,214
A192__00420.214,8.34859726677827,40.600071815,A192,_,00420,214
A192__00400.214,8.330097356166897,40.601060595,A192,_,00400,214
A192__00380.214,8.31199756366803,40.599077785,A192,_,00380,214
A192__00340.214,8.267526259213597,40.617760505,A192,_,00340,214
A192__00300.214,8.390073049429997,40.612039685,A192,_,00300,214
A192__00290.214,8.40123188201277,40.622349015,A192,_,00290,214
A192__00280.214,8.36791617606332,40.62167555,A192,_,00280,214
A192__00270.214,8.32313123378088,40.61713073,A192,_,00270,214
A192__00260.214,8.308851589979898,40.6247264,A192,_,00260,214
A192__00240.214,8.210188821353114,40.619533595,A192,_,00240,214
A192__00190.214,8.19898288270431,40.624554540000005,A192,_,00190,214
A192__00130.214,8.335922793938963,40.64225766,A192,_,00130,214
A192__00120.214,8.311442720177606,40.640362929999995,A192,_,00120,214
A192__00100.214,8.271017654315063,40.648049605,A192,_,00100,214
A192__00080.214,8.320946819034091,40.657974795,A192,_,00080,214
A192__00060.214,8.296832601770312,40.66115622,A192,_,00060,214
A192__00030.215,8.2438058151251,40.66323629,A192,_,00030,215
A192__00970.215,8.314731832053269,40.558001595,A192,_,00970,215
A192__00960.215,8.36272223205485,40.503159495,A192,_,00960,215
A192__00940.215,8.35854492911691,40.51038166,A192,_,00940,215
A192__00930.215,8.336761109147037,40.51781974,A192,_,00930,215
A192__00890.215,8.346008132191074,40.529399819999995,A192,_,00890,215
A192__00860.215,8.351907132781239,40.541356275,A192,_,00860,215
A192__00810.215,8.368001425516239,40.54695653,A192,_,00810,215
A192__00780.215,8.329081840578576,40.54450228,A192,_,00780,215
A192__00730.215,8.347876847784903,40.55370388,A192,_,00730,215
A192__0072.215,8.32906052362532,40.556290399999995,A192,_,0072,215
A192__0071.215,8.319473910688528,40.559135295,A192,_,0071,215
A192__00700.215,8.398449703534318,40.577262590000004,A192,_,00700,215
A192__00680.215,8.353737531021594,40.566300895,A192,_,00680,215
A192__00660.215,8.337900356564127,40.56521802,A192,_,00660,215
A192__00630.215,8.331486462978937,40.573794915,A192,_,00630,215
A192__00620.215,8.322600427036676,40.572933225,A192,_,00620,215
A192__0061.215,8.320089963415025,40.570061644999996,A192,_,0061,215
A192__00600.215,8.346909026327676,40.582077139999996,A192,_,00600,215
A192__00570.215,8.355105159806534,40.58792141,A192,_,00570,215
A192__00540.215,8.343503959397264,40.59203185,A192,_,00540,215
A192__00530.215,8.341077232409813,40.598001100000005,A192,_,00530,215
A192__00520.215,8.329342304684921,40.588072635,A192,_,00520,215
A192__00480.215,8.22755494198891,40.58801316,A192,_,00480,215
A192__00470.215,8.219572281735319,40.58920644,A192,_,00470,215
A192__00400.215,8.329917500071918,40.600821775,A192,_,00400,215
A192__00390.215,8.318671911504284,40.60460445,A192,_,00390,215
A192__00380.215,8.31268140458279,40.598632190000004,A192,_,00380,215
A192__00350.215,8.265552734008285,40.599190055,A192,_,00350,215
A192__00340.215,8.263583373695644,40.604765764999996,A192,_,00340,215
A192__00300.215,8.390036121439898,40.611942510000006,A192,_,00300,215
A192__00290.215,8.4045264176146,40.624082,A192,_,00290,215
A192__00280.215,8.367385707956245,40.61871904,A192,_,00280,215
A192__00260.215,8.312672144808321,40.624719235,A192,_,00260,215
A192__00240.215,8.210028095145075,40.61969309,A192,_,00240,215
A192__00210.215,8.357972620517362,40.620130245,A192,_,00210,215
A192__00190.215,8.199068382283802,40.62490333,A192,_,00190,215
A192__00120.215,8.312140944969215,40.640488635,A192,_,00120,215
A192__00100.215,8.271072319462169,40.647699515,A192,_,00100,215
A192__0071.2150,8.319262570838218,40.55439939,A192,_,0071,2150
A192__0071.2156,8.320351394601067,40.552198579999995,A192,_,0071,2156
A192__00710.2158,8.326542321703862,40.54786567,A192,_,00710,2158
A192__00080.216,8.320149348496177,40.655969365000004,A192,_,00080,216
A192__00970.216,8.314802961036804,40.55800375,A192,_,00970,216
A192__00960.216,8.362282873506945,40.50325636,A192,_,00960,216
A192__00940.216,8.359191382392595,40.51066777,A192,_,00940,216
A192__00930.216,8.33668223493854,40.51756618,A192,_,00930,216
A192__00880.216,8.348132688635626,40.526291535,A192,_,00880,216
A192__00870.216,8.336933047440528,40.532521974999995,A192,_,00870,216
A192__00860.216,8.355137610107963,40.536959370000005,A192,_,00860,216
A192__00850.216,8.335447554195488,40.5384899,A192,_,00850,216
A192__00840.216,8.32922387220598,40.537397705000004,A192,_,00840,216
A192__00810.216,8.368350118501056,40.547167885,A192,_,00810,216
A192__00790.216,8.341820652955555,40.54966281,A192,_,00790,216
A192__00780.216,8.328828957393426,40.544383644999996,A192,_,00780,216
A192__00730.216,8.347432775189588,40.553792975,A192,_,00730,216
A192__00700.216,8.402936618199263,40.578391745000005,A192,_,00700,216
A192__00680.216,8.353686373167744,40.571577024999996,A192,_,00680,216
A192__00670.216,8.34299934801767,40.562598859999994,A192,_,00670,216
A192__00660.216,8.337341070524698,40.56552275,A192,_,00660,216
A192__00650.216,8.318819195218838,40.567633995,A192,_,00650,216
A192__0064.216,8.320258970404332,40.56152731,A192,_,0064,216
A192__00620.216,8.325038909219211,40.57080686,A192,_,00620,216
A192__0061.216,8.319889673201747,40.569946384999994,A192,_,0061,216
A192__00600.216,8.346816346813386,40.581913885,A192,_,00600,216
A192__00580.216,8.36219068950422,40.587993885,A192,_,00580,216
A192__00570.216,8.355130594037568,40.58812922,A192,_,00570,216
A192__00550.216,8.319090481028411,40.58181588,A192,_,00550,216
A192__00540.216,8.350056018018009,40.595957510000005,A192,_,00540,216
A192__00520.216,8.330164468884995,40.588615925,A192,_,00520,216
A192__00480.216,8.226508860053638,40.58863355,A192,_,00480,216
A192__00470.216,8.219651906307554,40.589416060000005,A192,_,00470,216
A192__00410.216,8.333581792860006,40.60731134,A192,_,00410,216
A192__00390.216,8.317287954468638,40.60537769,A192,_,00390,216
A192__00380.216,8.31359799667862,40.59415013,A192,_,00380,216
A192__00350.216,8.264993705567253,40.599172445,A192,_,00350,216
A192__00340.216,8.263122982134007,40.60485074499999,A192,_,00340,216
A192__00300.216,8.390097785447583,40.611883765,A192,_,00300,216
A192__00290.216,8.40434520357507,40.623760195,A192,_,00290,216
A192__00280.216,8.361903516581863,40.61774743,A192,_,00280,216
A192__00270.216,8.33082840559522,40.62247151,A192,_,00270,216
A192__00260.216,8.307670979396576,40.623615244999996,A192,_,00260,216
A192__00210.216,8.357748522588867,40.621137475,A192,_,00210,216
A192__00190.216,8.199415669974194,40.624638475,A192,_,00190,216
A192__00130.216,8.326834859872767,40.64952189,A192,_,00130,216
A192__00120.216,8.313669453720625,40.640671749999996,A192,_,00120,216
A192__00100.216,8.271319715397432,40.647447235,A192,_,00100,216
A192__00090.216,8.208083136324962,40.646343575,A192,_,00090,216
A192__00030.217,8.244033021606398,40.663442005,A192,_,00030,217
A192__00970.217,8.314864749107887,40.55800534,A192,_,00970,217
A192__00960.217,8.361236810438069,40.503482895,A192,_,00960,217
A192__00940.217,8.360164477431955,40.51025804,A192,_,00940,217
A192__00870.217,8.339287900747319,40.53165996,A192,_,00870,217
A192__00860.217,8.354962098234141,40.53682612,A192,_,00860,217
A192__00850.217,8.344860207529987,40.531447075,A192,_,00850,217
A192__00840.217,8.328503718150568,40.53739906,A192,_,00840,217
A192__00810.217,8.36894363255276,40.549158695,A192,_,00810,217
A192__00780.217,8.328612688879069,40.544228925,A192,_,00780,217
A192__00730.217,8.349273948161521,40.555009170000005,A192,_,00730,217
A192__0072.217,8.32860352662378,40.556390905,A192,_,0072,217
A192__00700.217,8.40308582348067,40.5781858,A192,_,00700,217
A192__00680.217,8.355144669980607,40.57087629,A192,_,00680,217
A192__00670.217,8.342842120984878,40.56145516,A192,_,00670,217
A192__00650.217,8.300258199613738,40.57193136,A192,_,00650,217
A192__0064.217,8.319128166794542,40.5639609,A192,_,0064,217
A192__00630.217,8.330728533984672,40.57416153,A192,_,00630,217
A192__00620.217,8.325746631377829,40.576317790000004,A192,_,00620,217
A192__00600.217,8.347856739152792,40.5825829,A192,_,00600,217
A192__00580.217,8.36253622119201,40.587736125,A192,_,00580,217
A192__00570.217,8.355426710852615,40.588204925,A192,_,00570,217
A192__00550.217,8.31958230186359,40.582276685,A192,_,00550,217
A192__00540.217,8.34704112564739,40.593039905,A192,_,00540,217
A192__00530.217,8.341889816089193,40.597300704999995,A192,_,00530,217
A192__00520.217,8.331204275178507,40.588181614999996,A192,_,00520,217
A192__00500.217,8.301504260185382,40.59019574,A192,_,00500,217
A192__0049.217,8.285825195263413,40.59443919,A192,_,0049,217
A192__00480.217,8.227076047306074,40.58859516,A192,_,00480,217
A192__00470.217,8.219479691758236,40.589769855,A192,_,00470,217
A192__00450.217,8.167117241272798,40.58499603,A192,_,00450,217
A192__00420.217,8.34956543303947,40.600549425,A192,_,00420,217
A192__00410.217,8.335470051848212,40.607329175,A192,_,00410,217
A192__00400.217,8.330780651578408,40.60120337,A192,_,00400,217
A192__00390.217,8.316291692563858,40.605198245,A192,_,00390,217
A192__00380.217,8.312953934835843,40.594249430000005,A192,_,00380,217
A192__00350.217,8.265342859904848,40.59926841,A192,_,00350,217
A192__00300.217,8.390120917654546,40.611773745,A192,_,00300,217
A192__00280.217,8.362495954340098,40.61874238,A192,_,00280,217
A192__00270.217,8.330808954977421,40.622969365,A192,_,00270,217
A192__00260.217,8.308860738716664,40.623612955,A192,_,00260,217
A192__00240.217,8.212044704706708,40.62185169,A192,_,00240,217
A192__00190.217,8.199094605199969,40.62398786,A192,_,00190,217
A192__00130.217,8.348576981359738,40.640105414999994,A192,_,00130,217
A192__00120.217,8.310867238109019,40.639246355,A192,_,00120,217
A192__00110.217,8.282630728000903,40.647427995,A192,_,00110,217
A192__00100.217,8.269447342255255,40.64870654,A192,_,00100,217
A192__00090.217,8.20817368506604,40.646524565,A192,_,00090,217
A192__0071.2170,8.322787360980435,40.547819365,A192,_,0071,2170
A192__0071.2171,8.322919483340863,40.548031515,A192,_,0071,2171
A192__0071.2172,8.323547207027126,40.547728975,A192,_,0071,2172
A192__0071.2174,8.324045567619809,40.547821479999996,A192,_,0071,2174
A192__0071.2175,8.322474956943612,40.548434709999995,A192,_,0071,2175
A192__0071.2178,8.32218181189429,40.548153740000004,A192,_,0071,2178
A192__00100.218,8.269585895483923,40.648120515,A192,_,00100,218
A192__00970.218,8.314939845467531,40.558003935,A192,_,00970,218
A192__00940.218,8.360364590404679,40.510554195,A192,_,00940,218
A192__00930.218,8.339206253009177,40.51762225,A192,_,00930,218
A192__00870.218,8.338996850425813,40.531185640000004,A192,_,00870,218
A192__00860.218,8.355913577135068,40.53684613,A192,_,00860,218
A192__00850.218,8.342892306205364,40.53213746,A192,_,00850,218
A192__00790.218,8.343080933212137,40.550923280000006,A192,_,00790,218
A192__00780.218,8.32895914723421,40.54419679,A192,_,00780,218
A192__00730.218,8.353927286161703,40.552946925,A192,_,00730,218
A192__0072.218,8.328690284082025,40.556709005,A192,_,0072,218
A192__0071.218,8.31958888470825,40.558952149999996,A192,_,0071,218
A192__00700.218,8.399108460580845,40.575639745000004,A192,_,00700,218
A192__00690.218,8.37582652298352,40.56990397,A192,_,00690,218
A192__00680.218,8.35495428671366,40.572337995,A192,_,00680,218
A192__00670.218,8.341390252297629,40.56213092,A192,_,00670,218
A192__0064.218,8.319033582104744,40.563864245000005,A192,_,0064,218
A192__00620.218,8.326747091741707,40.575312735,A192,_,00620,218
A192__00600.218,8.347387881158213,40.582091954999996,A192,_,00600,218
A192__00580.218,8.362700423413848,40.587858475,A192,_,00580,218
A192__00540.218,8.342750343837839,40.59203377,A192,_,00540,218
A192__00520.218,8.321351040925006,40.591790630000006,A192,_,00520,218
A192__00500.218,8.29691176309031,40.592395025,A192,_,00500,218
A192__0049.218,8.282986498017308,40.59515572,A192,_,0049,218
A192__00480.218,8.245546314986063,40.58435493,A192,_,00480,218
A192__00470.218,8.219086531116412,40.589879565000004,A192,_,00470,218
A192__00450.218,8.166542445776024,40.584860725,A192,_,00450,218
A192__00420.218,8.348756620774726,40.601501830000004,A192,_,00420,218
A192__00410.218,8.334174300327424,40.603613185,A192,_,00410,218
A192__00390.218,8.317068231045038,40.60537769,A192,_,00390,218
A192__00380.218,8.313728150630196,40.594840399999995,A192,_,00380,218
A192__00350.218,8.260690221260285,40.599396345,A192,_,00350,218
A192__00340.218,8.267389684823087,40.60558283,A192,_,00340,218
A192__00300.218,8.389747686047297,40.61186808,A192,_,00300,218
A192__00290.218,8.390350619055688,40.616728789999996,A192,_,00290,218
A192__00280.218,8.362868688813812,40.619382515,A192,_,00280,218
A192__00270.218,8.33962864728051,40.607816225,A192,_,00270,218
A192__00210.218,8.357767843253363,40.621566705,A192,_,00210,218
A192__00190.218,8.199743157573966,40.624702244999995,A192,_,00190,218
A192__00150.218,8.234785326792508,40.644026685,A192,_,00150,218
A192__00130.218,8.344771744305135,40.641671564999996,A192,_,00130,218
A192__0071.2180,8.324444330668625,40.561734125,A192,_,0071,2180
A192__0071.2182,8.32477501040509,40.562217685,A192,_,0071,2182
A192__00020.219,8.204434828027054,40.655024645,A192,_,00020,219
A192__00970.219,8.315032427502121,40.557988050000006,A192,_,00970,219
A192__00930.219,8.339388533443485,40.517613100000005,A192,_,00930,219
A192__00880.219,8.349860011689698,40.523279585,A192,_,00880,219
A192__00870.219,8.338773740515308,40.530831455,A192,_,00870,219
A192__00850.219,8.342392424403176,40.531770895,A192,_,00850,219
A192__00810.219,8.36839789928359,40.54971512,A192,_,00810,219
A192__00800.219,8.350409394352477,40.546563765,A192,_,00800,219
A192__00780.219,8.328880337728524,40.54392551,A192,_,00780,219
A192__00730.219,8.349248774870947,40.5549421,A192,_,00730,219
A192__0071.219,8.319722192356483,40.55881253,A192,_,0071,219
A192__00700.219,8.399377133717296,40.57540575,A192,_,00700,219
A192__00680.219,8.354822721570404,40.572225865,A192,_,00680,219
A192__00670.219,8.341412515028026,40.562141749999995,A192,_,00670,219
A192__00630.219,8.333903582264313,40.57428353,A192,_,00630,219
A192__00620.219,8.327255411726767,40.57469693,A192,_,00620,219
A192__0061.219,8.319866776852889,40.570278375,A192,_,0061,219
A192__00600.219,8.348879875814077,40.58305346,A192,_,00600,219
A192__00580.219,8.362050769800597,40.58745137,A192,_,00580,219
A192__00570.219,8.338497121429048,40.58990496,A192,_,00570,219
A192__00540.219,8.343353287638173,40.592609435,A192,_,00540,219
A192__00520.219,8.324625790367943,40.59322565,A192,_,00520,219
A192__0050.219,8.310208870174707,40.580677385,A192,_,0050,219
A192__0049.219,8.282699798123707,40.595177050000004,A192,_,0049,219
A192__00480.219,8.244861809129759,40.584433375,A192,_,00480,219
A192__00470.219,8.219894785869723,40.589457335,A192,_,00470,219
A192__00450.219,8.166594787602268,40.58516792,A192,_,00450,219
A192__00420.219,8.348997700835682,40.60159947,A192,_,00420,219
A192__00410.219,8.339303960669175,40.60365163,A192,_,00410,219
A192__00390.219,8.31785451791607,40.604887004999995,A192,_,00390,219
A192__00380.219,8.313066250014957,40.594900964999994,A192,_,00380,219
A192__00350.219,8.261420095455861,40.599744134999995,A192,_,00350,219
A192__00340.219,8.26704003909703,40.60571488,A192,_,00340,219
A192__00300.219,8.389960181092633,40.61230117,A192,_,00300,219
A192__00270.219,8.341162480989835,40.60787703,A192,_,00270,219
A192__00250.219,8.268482958888283,40.619379,A192,_,00250,219
A192__00240.219,8.214361427490818,40.631791840000005,A192,_,00240,219
A192__00190.219,8.199385587929891,40.6239839,A192,_,00190,219
A192__00150.219,8.237189834774664,40.644218265,A192,_,00150,219
A192__00130.219,8.34573527554856,40.643227589999995,A192,_,00130,219
A192__00120.219,8.297742377034979,40.649506915,A192,_,00120,219
A192__00100.219,8.267361867323116,40.648121665000005,A192,_,00100,219
A192__00080.219,8.324416802894564,40.657526520000005,A192,_,00080,219
A192__00030.219,8.237106035531475,40.65588715,A192,_,00030,219
A192__0071.2190,8.324078874943599,40.552622924999994,A192,_,0071,2190
A192__0071.2191,8.324300369657799,40.552513669999996,A192,_,0071,2191
A192__0071.2193,8.323267039828192,40.55170565,A192,_,0071,2193
A192__0071.2194,8.32310158379859,40.55150897,A192,_,0071,2194
A192__0071.2195,8.323954319309836,40.550707630000005,A192,_,0071,2195
A192__0071.2196,8.324214873467039,40.550552435,A192,_,0071,2196
A192__00010.22,8.233826266176566,40.66405291,A192,_,00010,22
A192__00950.22,8.345391411033408,40.51451728,A192,_,00950,22
A192__00920.22,8.387428460853801,40.517967375,A192,_,00920,22
A192__00910.22,8.414507837079391,40.529600925,A192,_,00910,22
A192__00890.22,8.351978396553143,40.5365108,A192,_,00890,22
A192__00870.22,8.332965477227205,40.525844425,A192,_,00870,22
A192__00840.22,8.329007187488104,40.535025105,A192,_,00840,22
A192__00820.22,8.376836429063736,40.532295605,A192,_,00820,22
A192__00810.22,8.368163990994844,40.54902851,A192,_,00810,22
A192__00800.22,8.35232600096229,40.54585093,A192,_,00800,22
A192__00780.22,8.323543326026062,40.542784365,A192,_,00780,22
A192__00750.22,8.389885501496856,40.565103275,A192,_,00750,22
A192__00730.22,8.352264651502582,40.55679318,A192,_,00730,22
A192__0072.22,8.333634000005787,40.55654063,A192,_,0072,22
A192__0071.22,8.32199266182859,40.54946364,A192,_,0071,22
A192__00680.22,8.353025962857142,40.566277760000006,A192,_,00680,22
A192__0065.22,8.316557777772942,40.56067288,A192,_,0065,22
A192__00600.22,8.349130094238534,40.582598395000005,A192,_,00600,22
A192__00590.22,8.406210769284549,40.58233981,A192,_,00590,22
A192__00570.22,8.34074050298289,40.58664326,A192,_,00570,22
A192__00560.22,8.326942843128542,40.58071606,A192,_,00560,22
A192__00550.22,8.319719673794738,40.590109955,A192,_,00550,22
A192__00530.22,8.342494918264762,40.594450365,A192,_,00530,22
A192__00520.22,8.329137703362713,40.587630845,A192,_,00520,22
A192__00510.22,8.314940239350726,40.596049574999995,A192,_,00510,22
A192__0049.22,8.286456092314989,40.59461025,A192,_,0049,22
A192__00470.22,8.199968491506977,40.572522915,A192,_,00470,22
A192__00460.22,8.158749740713947,40.57383787,A192,_,00460,22
A192__00450.22,8.167795885983116,40.58647963,A192,_,00450,22
A192__00420.22,8.344652761987255,40.596742695,A192,_,00420,22
A192__00410.22,8.337254779211289,40.605516725,A192,_,00410,22
A192__00400.22,8.326276388657186,40.604862165,A192,_,00400,22
A192__00380.22,8.308937920888065,40.602033405,A192,_,00380,22
A192__00370.22,8.287827832281987,40.59517825499999,A192,_,00370,22
A192__00350.22,8.28003851292073,40.602362445,A192,_,00350,22
A192__00340.22,8.267333812146415,40.621947989999995,A192,_,00340,22
A192__00330.22,8.233262757807061,40.597300434999994,A192,_,00330,22
A192__00320.22,8.217617591275516,40.605851425,A192,_,00320,22
A192__00280.22,8.354387089864122,40.6059705,A192,_,00280,22
A192__00240.22,8.22499337149819,40.612898675,A192,_,00240,22
A192__00220.22,8.143918324794399,40.61965814,A192,_,00220,22
A192__00200.22,8.256114210081357,40.63032101,A192,_,00200,22
A192__00190.22,8.197263892208003,40.622958080000004,A192,_,00190,22
A192__00140.22,8.19934821891426,40.647053119999995,A192,_,00140,22
A192__00120.22,8.304716580175118,40.652804735000004,A192,_,00120,22
A192__00040.22,8.252561544034382,40.665668755,A192,_,00040,22
A192__00020.220,8.20438587783783,40.653381335,A192,_,00020,220
A192__00970.220,8.315135887543772,40.55803763,A192,_,00970,220
A192__00940.220,8.358452086573159,40.519898690000005,A192,_,00940,220
A192__00880.220,8.349966105725894,40.52341127,A192,_,00880,220
A192__00870.220,8.34034332959386,40.52799765,A192,_,00870,220
A192__00860.220,8.35444981875428,40.536635085,A192,_,00860,220
A192__00850.220,8.34219020612016,40.53197156,A192,_,00850,220
A192__00810.220,8.368285106276714,40.549915850000005,A192,_,00810,220
A192__00800.220,8.34915980366771,40.546571785,A192,_,00800,220
A192__00790.220,8.344789015324936,40.540572604999994,A192,_,00790,220
A192__00780.220,8.329190044423102,40.544135944999994,A192,_,00780,220
A192__00700.220,8.408103652931379,40.574881614999995,A192,_,00700,220
A192__00690.220,8.37718902808264,40.569412944999996,A192,_,00690,220
A192__00680.220,8.350076296804547,40.571177285000005,A192,_,00680,220
A192__00670.220,8.341426338148217,40.56215245,A192,_,00670,220
A192__00630.220,8.336000916485595,40.57365749,A192,_,00630,220
A192__00620.220,8.32510737486055,40.57155515,A192,_,00620,220
A192__0061.220,8.320484502058866,40.569983269999994,A192,_,0061,220
A192__00600.220,8.348858252190205,40.583142695,A192,_,00600,220
A192__00580.220,8.362544947859632,40.587456145000004,A192,_,00580,220
A192__00570.220,8.339336142444076,40.588867109999995,A192,_,00570,220
A192__00560.220,8.332862182928096,40.58777517,A192,_,00560,220
A192__00550.220,8.31745200768339,40.58378308,A192,_,00550,220
A192__0050.220,8.311586554165684,40.578439475,A192,_,0050,220
A192__0049.220,8.283991407882722,40.595238675000004,A192,_,0049,220
A192__00480.220,8.229023553982472,40.584182784999996,A192,_,00480,220
A192__00470.220,8.219865080236225,40.589672475,A192,_,00470,220
A192__00450.220,8.166761741462885,40.584967015000004,A192,_,00450,220
A192__00420.220,8.34871114344095,40.600134655000005,A192,_,00420,220
A192__00400.220,8.330378996534385,40.600641885,A192,_,00400,220
A192__00380.220,8.311181227263775,40.5953169,A192,_,00380,220
A192__00300.220,8.390037242712335,40.61254478,A192,_,00300,220
A192__00290.220,8.390404581555122,40.61677534499999,A192,_,00290,220
A192__00280.220,8.364833524748681,40.622491885,A192,_,00280,220
A192__00270.220,8.342474618459295,40.607834894999996,A192,_,00270,220
A192__00250.220,8.269764460264955,40.61904161,A192,_,00250,220
A192__00210.220,8.358992314785205,40.624077514999996,A192,_,00210,220
A192__00190.220,8.201079413017773,40.624967585,A192,_,00190,220
A192__00170.220,8.320692158832593,40.631243365,A192,_,00170,220
A192__00150.220,8.235997389774909,40.64430987,A192,_,00150,220
A192__00130.220,8.327941419394053,40.63431707,A192,_,00130,220
A192__00100.220,8.270662027363908,40.6486521,A192,_,00100,220
A192__00080.220,8.324041325472106,40.656896610000004,A192,_,00080,220
A192__0071.2201,8.327615108141522,40.56026179,A192,_,0071,2201
A192__0071.2204,8.327345589448147,40.56067675,A192,_,0071,2204
A192__0071.2205,8.327798895226987,40.560443925,A192,_,0071,2205
A192__0071.2206,8.327598777568683,40.560768095,A192,_,0071,2206
A192__0071.2207,8.3248213153203,40.555373535,A192,_,0071,2207
A192__00020.221,8.207114922781468,40.65414491,A192,_,00020,221
A192__00970.221,8.315135055204852,40.557991279999996,A192,_,00970,221
A192__00930.221,8.339716837582667,40.51735976,A192,_,00930,221
A192__00900.221,8.369543773402725,40.52528533,A192,_,00900,221
A192__00880.221,8.350103741728212,40.52366498,A192,_,00880,221
A192__00870.221,8.340922643655123,40.528100535,A192,_,00870,221
A192__00860.221,8.356548201804088,40.538786905,A192,_,00860,221
A192__00840.221,8.328825087980075,40.53546068,A192,_,00840,221
A192__00810.221,8.369634910266765,40.548683575,A192,_,00810,221
A192__00800.221,8.35005926244649,40.546031525000004,A192,_,00800,221
A192__00730.221,8.349744315306907,40.551767075,A192,_,00730,221
A192__0072.221,8.329299931435475,40.55659113,A192,_,0072,221
A192__0071.221,8.319017064959048,40.558674415,A192,_,0071,221
A192__00700.221,8.408446558410931,40.57482722,A192,_,00700,221
A192__00680.221,8.350046198540248,40.57103771,A192,_,00680,221
A192__00670.221,8.342696742169977,40.562546205000004,A192,_,00670,221
A192__00660.221,8.334613779088372,40.567310235,A192,_,00660,221
A192__0064.221,8.31899791526028,40.564010014999994,A192,_,0064,221
A192__00630.221,8.336460671588025,40.573922804999995,A192,_,00630,221
A192__00620.221,8.325252294400897,40.57140466,A192,_,00620,221
A192__0061.221,8.319574158207391,40.56976301,A192,_,0061,221
A192__00600.221,8.342068861049318,40.57836787,A192,_,00600,221
A192__00590.221,8.392542274916217,40.57864206,A192,_,00590,221
A192__00580.221,8.362739925138627,40.587444059999996,A192,_,00580,221
A192__00570.221,8.339585244365868,40.588951675,A192,_,00570,221
A192__00550.221,8.319669011921931,40.584990485,A192,_,00550,221
A192__00540.221,8.355855138570298,40.59337396,A192,_,00540,221
A192__00520.221,8.325959925718635,40.59543892,A192,_,00520,221
A192__0050.221,8.312479054469096,40.577790515000004,A192,_,0050,221
A192__0049.221,8.283588581345157,40.595330430000004,A192,_,0049,221
A192__00420.221,8.348796968632227,40.600179025,A192,_,00420,221
A192__00400.221,8.330319735934545,40.600434585,A192,_,00400,221
A192__00390.221,8.320557599745541,40.603304800000004,A192,_,00390,221
A192__00380.221,8.311228870964086,40.595485885,A192,_,00380,221
A192__00350.221,8.262270891856252,40.599877815,A192,_,00350,221
A192__00300.221,8.391652005057523,40.611762275000004,A192,_,00300,221
A192__00280.221,8.353867165672833,40.61286704,A192,_,00280,221
A192__00270.221,8.343416423335576,40.607601085,A192,_,00270,221
A192__00250.221,8.26860234567896,40.61925406,A192,_,00250,221
A192__00190.221,8.201364699636184,40.62551224,A192,_,00190,221
A192__00170.221,8.321376310230445,40.63124377,A192,_,00170,221
A192__00130.221,8.345570380137332,40.64339091,A192,_,00130,221
A192__00100.221,8.270999569305658,40.64811603,A192,_,00100,221
A192__00080.221,8.325192441712314,40.656489565,A192,_,00080,221
A192__0071.2215,8.324593853614374,40.552286785,A192,_,0071,2215
A192__0071.2218,8.32480561440306,40.552168685,A192,_,0071,2218
A192__00020.222,8.20850934889343,40.65464523,A192,_,00020,222
A192__00970.222,8.31511565485993,40.55791833000001,A192,_,00970,222
A192__00960.222,8.362252408896328,40.50218167,A192,_,00960,222
A192__00940.222,8.353983207135077,40.520018055,A192,_,00940,222
A192__00930.222,8.339903485041207,40.517421795,A192,_,00930,222
A192__00890.222,8.356467574731454,40.530244585,A192,_,00890,222
A192__00880.222,8.350059178574277,40.523134935,A192,_,00880,222
A192__00870.222,8.340988040107794,40.528190255,A192,_,00870,222
A192__00860.222,8.356730894240442,40.538849670000005,A192,_,00860,222
A192__00850.222,8.342955319629844,40.531933949999996,A192,_,00850,222
A192__00840.222,8.328942681381353,40.535273485,A192,_,00840,222
A192__00810.222,8.36991674213518,40.54881906,A192,_,00810,222
A192__00800.222,8.347894575984391,40.54698315,A192,_,00800,222
A192__00790.222,8.344157261958873,40.538133105,A192,_,00790,222
A192__00740.222,8.357879105692247,40.561134530000004,A192,_,00740,222
A192__0072.222,8.329569790291787,40.556533619999996,A192,_,0072,222
A192__00690.222,8.37859636983491,40.57156831,A192,_,00690,222
A192__00680.222,8.353159835502435,40.5713877,A192,_,00680,222
A192__00670.222,8.34252010545028,40.563530305,A192,_,00670,222
A192__0064.222,8.318654003047566,40.563375705,A192,_,0064,222
A192__00630.222,8.336838640571173,40.57414167,A192,_,00630,222
A192__00620.222,8.325412662881966,40.57125126,A192,_,00620,222
A192__0061.222,8.319571291433936,40.57009442499999,A192,_,0061,222
A192__00600.222,8.341152368120188,40.57856937,A192,_,00600,222
A192__00560.222,8.329454485661199,40.5868059,A192,_,00560,222
A192__00520.222,8.32674040666031,40.5952963,A192,_,00520,222
A192__0050.222,8.310908369511445,40.579170895000004,A192,_,0050,222
A192__0049.222,8.283833267293046,40.59518233,A192,_,0049,222
A192__00480.222,8.232181683550795,40.58350866000001,A192,_,00480,222
A192__00470.222,8.203978259598358,40.569566455,A192,_,00470,222
A192__00450.222,8.16835878188358,40.58785221,A192,_,00450,222
A192__00420.222,8.348328337101835,40.599565049999995,A192,_,00420,222
A192__00410.222,8.330334506551395,40.609035055,A192,_,00410,222
A192__00390.222,8.32094434048873,40.60527559,A192,_,00390,222
A192__00380.222,8.311265769675748,40.595637069999995,A192,_,00380,222
A192__00300.222,8.390757804730239,40.61173212,A192,_,00300,222
A192__00290.222,8.390441702681755,40.616727115,A192,_,00290,222
A192__00270.222,8.344364790054613,40.6073597,A192,_,00270,222
A192__00260.222,8.310355859030658,40.619282475,A192,_,00260,222
A192__00250.222,8.278517614791815,40.61152818,A192,_,00250,222
A192__00210.222,8.358316910641939,40.62628058,A192,_,00210,222
A192__00190.222,8.20247249618634,40.625244205,A192,_,00190,222
A192__00170.222,8.32356744028856,40.630774975,A192,_,00170,222
A192__00130.222,8.33733008290913,40.62519193,A192,_,00130,222
A192__00090.222,8.206957228136929,40.64137341,A192,_,00090,222
A192__00080.222,8.326016618868092,40.65699798,A192,_,00080,222
A192__00040.222,8.2588106443127,40.657078025,A192,_,00040,222
A192__0071.2220,8.324972895887937,40.552107325,A192,_,0071,2220
A192__0071.2223,8.324147714036119,40.551476640000004,A192,_,0071,2223
A192__0071.2226,8.325313428122058,40.555909605,A192,_,0071,2226
A192__0071.2227,8.324983349412117,40.550589375,A192,_,0071,2227
A192__0071.2228,8.324904574980991,40.550345295,A192,_,0071,2228
A192__00020.223,8.208504829133355,40.65406504,A192,_,00020,223
A192__00970.223,8.315020863479996,40.55791692,A192,_,00970,223
A192__00960.223,8.361808256479744,40.502269465,A192,_,00960,223
A192__00940.223,8.353958342981183,40.51987397,A192,_,00940,223
A192__00930.223,8.340075133312748,40.5174941,A192,_,00930,223
A192__00890.223,8.3570800974559,40.53052633,A192,_,00890,223
A192__00880.223,8.34991138320295,40.52305595,A192,_,00880,223
A192__00860.223,8.350802805749634,40.537869905,A192,_,00860,223
A192__00850.223,8.345342701454138,40.530893455,A192,_,00850,223
A192__00840.223,8.330047451054194,40.533697185,A192,_,00840,223
A192__00810.223,8.369318956878512,40.548871795,A192,_,00810,223
A192__00800.223,8.355130995869638,40.54680277,A192,_,00800,223
A192__00740.223,8.358002064191389,40.561425885000006,A192,_,00740,223
A192__00730.223,8.350509294171559,40.552002189999996,A192,_,00730,223
A192__0071.223,8.31919394477357,40.55854172,A192,_,0071,223
A192__00700.223,8.406458215627318,40.57651161,A192,_,00700,223
A192__00680.223,8.353265213236364,40.571414884999996,A192,_,00680,223
A192__00670.223,8.342716047110347,40.56374811,A192,_,00670,223
A192__0064.223,8.318579991417796,40.563290875,A192,_,0064,223
A192__00630.223,8.337139523365188,40.574284614999996,A192,_,00630,223
A192__00620.223,8.324672546688781,40.572260154999995,A192,_,00620,223
A192__0061.223,8.319701617874301,40.569850495,A192,_,0061,223
A192__00600.223,8.342817363094195,40.577249215,A192,_,00600,223
A192__00580.223,8.361278087424466,40.58785767,A192,_,00580,223
A192__00570.223,8.340081824911067,40.589136935,A192,_,00570,223
A192__00560.223,8.32944905296284,40.587104265,A192,_,00560,223
A192__00550.223,8.318878341195656,40.583714105,A192,_,00550,223
A192__00520.223,8.326859142097394,40.594452325000006,A192,_,00520,223
A192__0050.223,8.311232279612993,40.57866697,A192,_,0050,223
A192__0049.223,8.284145814729033,40.595259604999995,A192,_,0049,223
A192__00480.223,8.2308629432401,40.5832667,A192,_,00480,223
A192__00380.223,8.311304214540783,40.595814715,A192,_,00380,223
A192__00300.223,8.390356954076093,40.612408744999996,A192,_,00300,223
A192__00280.223,8.366305473924754,40.62095406500001,A192,_,00280,223
A192__00270.223,8.345312073536686,40.606960920000006,A192,_,00270,223
A192__00240.223,8.214712221662815,40.63267503,A192,_,00240,223
A192__00190.223,8.202766104901368,40.625813050000005,A192,_,00190,223
A192__00170.223,8.32362804476914,40.63091739,A192,_,00170,223
A192__00130.223,8.343691618664334,40.627120825,A192,_,00130,223
A192__00110.223,8.285537924174037,40.646094265,A192,_,00110,223
A192__00090.223,8.207123439117407,40.641517245,A192,_,00090,223
A192__00080.223,8.325992835056148,40.65740155,A192,_,00080,223
A192__00060.223,8.291466976084564,40.65639762,A192,_,00060,223
A192__00040.223,8.254826693624278,40.65676757999999,A192,_,00040,223
A192__0071.2230,8.325870343106555,40.556505825,A192,_,0071,2230
A192__0071.2233,8.32514780350774,40.549983659999995,A192,_,0071,2233
A192__0071.2235,8.327450668659793,40.55984302,A192,_,0071,2235
A192__0071.2236,8.327605503862753,40.55992447,A192,_,0071,2236
A192__0071.2237,8.327779467051872,40.5600061,A192,_,0071,2237
A192__0071.2239,8.328093039915588,40.55997352,A192,_,0071,2239
A192__00020.224,8.20804179835094,40.65409709,A192,_,00020,224
A192__00970.224,8.314971660123014,40.557913785,A192,_,00970,224
A192__00960.224,8.360623996052482,40.502464765,A192,_,00960,224
A192__00940.224,8.353587311545475,40.519663655,A192,_,00940,224
A192__00930.224,8.340240685085506,40.51745264,A192,_,00930,224
A192__00860.224,8.353724245112573,40.53655042,A192,_,00860,224
A192__00850.224,8.3420845749263,40.532539215,A192,_,00850,224
A192__00800.224,8.354399985999624,40.546350634999996,A192,_,00800,224
A192__00790.224,8.34662925532691,40.538376295000006,A192,_,00790,224
A192__0077.224,8.329133692268222,40.553733890000004,A192,_,0077,224
A192__00740.224,8.36252588386208,40.559737835,A192,_,00740,224
A192__00730.224,8.344434210614395,40.5550026,A192,_,00730,224
A192__0072.224,8.329375724782608,40.55677743,A192,_,0072,224
A192__00700.224,8.406558499979985,40.576437014999996,A192,_,00700,224
A192__00680.224,8.356083439295357,40.57187235,A192,_,00680,224
A192__00630.224,8.336775774668345,40.574563330000004,A192,_,00630,224
A192__00620.224,8.325593125293874,40.571586370000006,A192,_,00620,224
A192__0061.224,8.321622156611685,40.572923349999996,A192,_,0061,224
A192__00600.224,8.343097774993314,40.576503134999996,A192,_,00600,224
A192__00580.224,8.360947574106923,40.58788541,A192,_,00580,224
A192__00570.224,8.33749556704527,40.589373785,A192,_,00570,224
A192__00530.224,8.33883137419323,40.597481685000005,A192,_,00530,224
A192__0050.224,8.311484655694994,40.578434635,A192,_,0050,224
A192__00480.224,8.232485624812842,40.584452095,A192,_,00480,224
A192__00400.224,8.330893261367642,40.601280375,A192,_,00400,224
A192__00380.224,8.311295453348038,40.596081659999996,A192,_,00380,224
A192__00300.224,8.390705313302728,40.612310375,A192,_,00300,224
A192__00280.224,8.355966369343347,40.612663525,A192,_,00280,224
A192__00270.224,8.346521638742164,40.606519594999995,A192,_,00270,224
A192__00260.224,8.307812255526642,40.615777019999996,A192,_,00260,224
A192__00250.224,8.280899494756595,40.61135069,A192,_,00250,224
A192__00240.224,8.214234792135127,40.632381835000004,A192,_,00240,224
A192__00210.224,8.35866706338027,40.627871139999996,A192,_,00210,224
A192__00190.224,8.20288329178102,40.625326305,A192,_,00190,224
A192__00170.224,8.324348927959607,40.630771475,A192,_,00170,224
A192__00130.224,8.327848203330934,40.632511535,A192,_,00130,224
A192__00110.224,8.28350090134991,40.64769039,A192,_,00110,224
A192__00090.224,8.215139626519084,40.648130795,A192,_,00090,224
A192__00080.224,8.325183983792364,40.65669846,A192,_,00080,224
A192__00060.224,8.291485274561722,40.657912935,A192,_,00060,224
A192__00040.224,8.254666960590308,40.656801540000004,A192,_,00040,224
A192__0071.2243,8.324855369847747,40.554427905,A192,_,0071,2243
A192__0071.2245,8.32617160418129,40.5588382,A192,_,0071,2245
A192__0071.2248,8.323561945922094,40.552065264999996,A192,_,0071,2248
A192__0071.2249,8.322132699334773,40.550831395,A192,_,0071,2249
A192__00020.225,8.210755430180416,40.65993898,A192,_,00020,225
A192__00970.225,8.314923516896233,40.557913335,A192,_,00970,225
A192__00940.225,8.35353239938404,40.51938509,A192,_,00940,225
A192__00900.225,8.355581692410395,40.53435648999999,A192,_,00900,225
A192__00860.225,8.367926489218743,40.54493163,A192,_,00860,225
A192__00850.225,8.344555719601702,40.53071369,A192,_,00850,225
A192__00840.225,8.330069476640247,40.534216334999996,A192,_,00840,225
A192__00790.225,8.344813337882478,40.537971235,A192,_,00790,225
A192__00740.225,8.362405056369786,40.559978735,A192,_,00740,225
A192__00730.225,8.343815210037937,40.553604265000004,A192,_,00730,225
A192__0072.225,8.329197298647493,40.556861905000005,A192,_,0072,225
A192__0071.225,8.319488273567897,40.55875251,A192,_,0071,225
A192__00700.225,8.406133749518464,40.576342805,A192,_,00700,225
A192__00680.225,8.355551629615642,40.571603839999995,A192,_,00680,225
A192__00670.225,8.342699050526734,40.563492315000005,A192,_,00670,225
A192__0064.225,8.318325622790587,40.563358855000004,A192,_,0064,225
A192__00630.225,8.336010840202778,40.573873825,A192,_,00630,225
A192__00620.225,8.323425560302432,40.5727938,A192,_,00620,225
A192__0061.225,8.322034895706176,40.57194516,A192,_,0061,225
A192__00600.225,8.342825485599597,40.576839425,A192,_,00600,225
A192__00580.225,8.361476289067175,40.58788396,A192,_,00580,225
A192__00540.225,8.356203933437985,40.59274906500001,A192,_,00540,225
A192__00530.225,8.339429943650305,40.597012095,A192,_,00530,225
A192__00520.225,8.325741777633922,40.596730234999995,A192,_,00520,225
A192__0050.225,8.312526706936758,40.577678160000005,A192,_,0050,225
A192__00450.225,8.168348987520453,40.585640495,A192,_,00450,225
A192__00400.225,8.330904079922675,40.600404534999996,A192,_,00400,225
A192__00390.225,8.322112769805827,40.60511966,A192,_,00390,225
A192__00380.225,8.310893827892583,40.595350345,A192,_,00380,225
A192__00360.225,8.305096295766322,40.605410915,A192,_,00360,225
A192__00300.225,8.390908538906059,40.612391884999994,A192,_,00300,225
A192__00280.225,8.358601320089528,40.61336503,A192,_,00280,225
A192__00270.225,8.34779716473675,40.605888315,A192,_,00270,225
A192__00190.225,8.20327313388611,40.626082374999996,A192,_,00190,225
A192__00170.225,8.324551515587213,40.630715885,A192,_,00170,225
A192__00110.225,8.28575076665041,40.64765896,A192,_,00110,225
A192__00090.225,8.214651895085774,40.64892338,A192,_,00090,225
A192__00080.225,8.325121373728933,40.65723376,A192,_,00080,225
A192__00060.225,8.29149979175185,40.659016345,A192,_,00060,225
A192__00040.225,8.258041753314318,40.663418645,A192,_,00040,225
A192__0071.2254,8.323827908792957,40.551922825,A192,_,0071,2254
A192__0071.2255,8.323646379917403,40.551648695,A192,_,0071,2255
A192__0071.2257,8.324534452587393,40.55158505,A192,_,0071,2257
A192__0071.2259,8.324041919391096,40.550986755,A192,_,0071,2259
A192__00020.226,8.210980233860584,40.659223365,A192,_,00020,226
A192__00970.226,8.314870786390152,40.557912175,A192,_,00970,226
A192__00940.226,8.355105275308983,40.520455604999995,A192,_,00940,226
A192__00870.226,8.340206983981874,40.52953738,A192,_,00870,226
A192__00860.226,8.367995864342163,40.544892755,A192,_,00860,226
A192__00850.226,8.343887301010291,40.53034186,A192,_,00850,226
A192__00840.226,8.328414078395156,40.53517625,A192,_,00840,226
A192__00810.226,8.368660690581649,40.547104295,A192,_,00810,226
A192__00800.226,8.349094119047693,40.548820015000004,A192,_,00800,226
A192__0077.226,8.329109008572045,40.55269726,A192,_,0077,226
A192__00740.226,8.36272874524536,40.560278295,A192,_,00740,226
A192__00730.226,8.344518394383215,40.55383241,A192,_,00730,226
A192__0072.226,8.329007317599494,40.55693281,A192,_,0072,226
A192__00700.226,8.406580316339433,40.576371695000006,A192,_,00700,226
A192__00680.226,8.354222997514212,40.57093786,A192,_,00680,226
A192__00670.226,8.342413423100798,40.563618685,A192,_,00670,226
A192__00660.226,8.33321299693548,40.56667537,A192,_,00660,226
A192__00650.226,8.314629731124779,40.564781495000005,A192,_,00650,226
A192__0064.226,8.318936659106644,40.56403252,A192,_,0064,226
A192__00630.226,8.336460526890102,40.574363295,A192,_,00630,226
A192__00620.226,8.323602616667966,40.571250285,A192,_,00620,226
A192__0061.226,8.321983992295422,40.57177208,A192,_,0061,226
A192__00600.226,8.342250832380914,40.57908537,A192,_,00600,226
A192__00560.226,8.330906368187332,40.58774688,A192,_,00560,226
A192__00530.226,8.339372069939,40.59700434,A192,_,00530,226
A192__00520.226,8.329393766292085,40.58771064,A192,_,00520,226
A192__0050.226,8.310006123310185,40.579807895,A192,_,0050,226
A192__00490.226,8.245926517480674,40.57748017,A192,_,00490,226
A192__00400.226,8.330672254672447,40.60029896,A192,_,00400,226
A192__00390.226,8.322373448072234,40.604944885,A192,_,00390,226
A192__00380.226,8.310962707730429,40.595545275,A192,_,00380,226
A192__00360.226,8.296893225713504,40.603009805,A192,_,00360,226
A192__00280.226,8.357842653693066,40.61332018,A192,_,00280,226
A192__00260.226,8.297344162807551,40.617905615,A192,_,00260,226
A192__00240.226,8.210434415233486,40.620874235,A192,_,00240,226
A192__00210.226,8.359674170785762,40.62990739,A192,_,00210,226
A192__00190.226,8.203284716787529,40.625406575,A192,_,00190,226
A192__00170.226,8.324030763251164,40.63068129,A192,_,00170,226
A192__00110.226,8.282723625751071,40.64729009,A192,_,00110,226
A192__00080.226,8.324720626135448,40.657089065,A192,_,00080,226
A192__00060.226,8.293493837964384,40.666276405000005,A192,_,00060,226
A192__00040.226,8.257009648026205,40.66341492,A192,_,00040,226
A192__0071.2261,8.32476239851659,40.55143638,A192,_,0071,2261
A192__0071.2262,8.319582772768129,40.552622315,A192,_,0071,2262
A192__0071.2265,8.324511199371592,40.550677175000004,A192,_,0071,2265
A192__0071.2266,8.32442928803173,40.5503377,A192,_,0071,2266
A192__0071.2267,8.325058353753061,40.550818705,A192,_,0071,2267
A192__0071.2268,8.318857648061282,40.559358970000005,A192,_,0071,2268
A192__0071.2269,8.325397672793825,40.55074937,A192,_,0071,2269
A192__00020.227,8.211074562370767,40.655485485,A192,_,00020,227
A192__00970.227,8.314808492749757,40.55791448,A192,_,00970,227
A192__00960.227,8.36736990264833,40.505592684999996,A192,_,00960,227
A192__00940.227,8.35518650291654,40.520368715000004,A192,_,00940,227
A192__00930.227,8.339597229192744,40.517914129999994,A192,_,00930,227
A192__00860.227,8.367910043715163,40.54451753,A192,_,00860,227
A192__00850.227,8.335119933212923,40.538423435,A192,_,00850,227
A192__00810.227,8.368694567321619,40.54707232,A192,_,00810,227
A192__00790.227,8.340887700044743,40.548071480000004,A192,_,00790,227
A192__00730.227,8.347044063303326,40.55466446,A192,_,00730,227
A192__0072.227,8.328778700583705,40.55695514,A192,_,0072,227
A192__00690.227,8.379748464463319,40.57139117,A192,_,00690,227
A192__00680.227,8.351510702979606,40.571900805,A192,_,00680,227
A192__00670.227,8.342986383635246,40.563740995,A192,_,00670,227
A192__0064.227,8.319007056249422,40.56405356,A192,_,0064,227
A192__00630.227,8.33599083575304,40.574096275,A192,_,00630,227
A192__00620.227,8.323272025486697,40.571894005000004,A192,_,00620,227
A192__0061.227,8.321963148727875,40.571684625,A192,_,0061,227
A192__00590.227,8.39324693850132,40.581435909999996,A192,_,00590,227
A192__00580.227,8.354838804032813,40.58601677,A192,_,00580,227
A192__00560.227,8.331410176426226,40.587172385,A192,_,00560,227
A192__00550.227,8.323905300024489,40.586018635,A192,_,00550,227
A192__00540.227,8.356732321394208,40.592531715,A192,_,00540,227
A192__00520.227,8.329399916470159,40.594913675,A192,_,00520,227
A192__0050.227,8.310443046284107,40.579242785000005,A192,_,0050,227
A192__00480.227,8.236722857530674,40.58002702,A192,_,00480,227
A192__00410.227,8.3302539998081,40.608753605,A192,_,00410,227
A192__00400.227,8.331063735299189,40.600297705,A192,_,00400,227
A192__00380.227,8.311006613743128,40.59567801,A192,_,00380,227
A192__00360.227,8.30401941576168,40.60377741,A192,_,00360,227
A192__00350.227,8.282294101613136,40.602175785,A192,_,00350,227
A192__00300.227,8.38963169049254,40.613282964999996,A192,_,00300,227
A192__00290.227,8.39019752577488,40.61671209,A192,_,00290,227
A192__00280.227,8.366807556712574,40.61960984,A192,_,00280,227
A192__00270.227,8.338398359519282,40.606723735,A192,_,00270,227
A192__00240.227,8.210818528005412,40.621532945,A192,_,00240,227
A192__00210.227,8.360140368086913,40.629908995,A192,_,00210,227
A192__00190.227,8.20350739398101,40.625843485000004,A192,_,00190,227
A192__00170.227,8.324007768018259,40.630930085,A192,_,00170,227
A192__00110.227,8.281597908778089,40.646893105000004,A192,_,00110,227
A192__00080.227,8.324722209176727,40.65732414,A192,_,00080,227
A192__00060.227,8.292196385381416,40.66543403,A192,_,00060,227
A192__0071.2270,8.325313717280746,40.55049046,A192,_,0071,2270
A192__00020.228,8.210832965791301,40.655083454999996,A192,_,00020,228
A192__00970.228,8.314737748392856,40.557922405,A192,_,00970,228
A192__00960.228,8.366162472466844,40.504989545,A192,_,00960,228
A192__00940.228,8.357035062009867,40.512270215,A192,_,00940,228
A192__00930.228,8.339750309738019,40.51791016,A192,_,00930,228
A192__00860.228,8.354097363839214,40.53648595999999,A192,_,00860,228
A192__00850.228,8.334714289048659,40.538314615000004,A192,_,00850,228
A192__00810.228,8.368423293101417,40.54704036,A192,_,00810,228
A192__00800.228,8.34967694694092,40.549603925,A192,_,00800,228
A192__00790.228,8.340636990010953,40.54725886,A192,_,00790,228
A192__0077.228,8.329224189370542,40.55436923,A192,_,0077,228
A192__00730.228,8.347168903707539,40.553784629999996,A192,_,00730,228
A192__00720.228,8.334061292289473,40.559703215,A192,_,00720,228
A192__00680.228,8.351115467937595,40.573009395,A192,_,00680,228
A192__00670.228,8.341393816525981,40.56248445,A192,_,00670,228
A192__00620.228,8.327042719784838,40.577423395,A192,_,00620,228
A192__0061.228,8.321939756402038,40.571586545,A192,_,0061,228
A192__00600.228,8.34099197068388,40.57941633,A192,_,00600,228
A192__00550.228,8.323793426048901,40.588602475,A192,_,00550,228
A192__00540.228,8.355832151900529,40.593119810000005,A192,_,00540,228
A192__00530.228,8.338416434217699,40.59607267,A192,_,00530,228
A192__0050.228,8.310377918906111,40.579295615,A192,_,0050,228
A192__00480.228,8.2392684029798,40.581629754999994,A192,_,00480,228
A192__00410.228,8.329710165694003,40.609038315,A192,_,00410,228
A192__00400.228,8.328891860833188,40.601082649999995,A192,_,00400,228
A192__00380.228,8.311047524629764,40.595813625,A192,_,00380,228
A192__00350.228,8.270782617152499,40.60228443,A192,_,00350,228
A192__00340.228,8.261894461112043,40.61670262,A192,_,00340,228
A192__00300.228,8.389701460360074,40.612980265,A192,_,00300,228
A192__00280.228,8.367198666928525,40.619558695,A192,_,00280,228
A192__00270.228,8.338684054590292,40.606284125,A192,_,00270,228
A192__00260.228,8.320005518752573,40.62059192,A192,_,00260,228
A192__00250.228,8.27550155513763,40.611389235000004,A192,_,00250,228
A192__00240.228,8.211092878659837,40.62203371,A192,_,00240,228
A192__00210.228,8.35391276990901,40.621702885,A192,_,00210,228
A192__00190.228,8.203637249036543,40.625477759999995,A192,_,00190,228
A192__00170.228,8.324737163966411,40.630694885,A192,_,00170,228
A192__00040.228,8.257282284198316,40.66470088,A192,_,00040,228
A192__0071.2288,8.323453883543516,40.561709395,A192,_,0071,2288
A192__0071.2289,8.32415965181951,40.552219300000004,A192,_,0071,2289
A192__00020.229,8.208128641821073,40.660364375,A192,_,00020,229
A192__00970.229,8.314656734927347,40.557926175000006,A192,_,00970,229
A192__00960.229,8.363348498909591,40.519278985,A192,_,00960,229
A192__00930.229,8.339821505494212,40.518126295,A192,_,00930,229
A192__00880.229,8.345740572816116,40.52449881,A192,_,00880,229
A192__00870.229,8.337685042584045,40.528314269999996,A192,_,00870,229
A192__00850.229,8.343122826369061,40.532366865,A192,_,00850,229
A192__00840.229,8.331767751770458,40.53894391,A192,_,00840,229
A192__00810.229,8.368977885619735,40.54847884,A192,_,00810,229
A192__00800.229,8.349988271258322,40.549081935000004,A192,_,00800,229
A192__00780.229,8.330381184760547,40.547745344999996,A192,_,00780,229
A192__0077.229,8.327673344191634,40.554173250000005,A192,_,0077,229
A192__00680.229,8.349937840060484,40.572759245,A192,_,00680,229
A192__00670.229,8.341790578636356,40.56268485,A192,_,00670,229
A192__00650.229,8.31856878844269,40.567528235,A192,_,00650,229
A192__0064.229,8.320730168646401,40.563564565,A192,_,0064,229
A192__00620.229,8.330329326849231,40.57528083,A192,_,00620,229
A192__0061.229,8.321922446815439,40.57148017,A192,_,0061,229
A192__00600.229,8.34083947262685,40.579334485000004,A192,_,00600,229
A192__00560.229,8.32256120432535,40.57709411,A192,_,00560,229
A192__00550.229,8.322980319114125,40.588977975,A192,_,00550,229
A192__00540.229,8.349194423054882,40.5952066,A192,_,00540,229
A192__00520.229,8.326863675275366,40.595685950000004,A192,_,00520,229
A192__00500.229,8.293086243078763,40.593686285000004,A192,_,00500,229
A192__00480.229,8.239853464136932,40.581261325,A192,_,00480,229
A192__00470.229,8.205100550739125,40.56935926,A192,_,00470,229
A192__00400.229,8.329277092441359,40.60072819,A192,_,00400,229
A192__00380.229,8.311135418727677,40.596036125,A192,_,00380,229
A192__00360.229,8.306453459837051,40.60252921,A192,_,00360,229
A192__00340.229,8.265382189313847,40.606064509999996,A192,_,00340,229
A192__00300.229,8.38955234649576,40.613146185000005,A192,_,00300,229
A192__00270.229,8.338459572812791,40.606012505,A192,_,00270,229
A192__00240.229,8.211406796192204,40.62257422,A192,_,00240,229
A192__00190.229,8.203768206075427,40.625729645,A192,_,00190,229
A192__00060.229,8.292618610282933,40.661111919999996,A192,_,00060,229
A192__00050.229,8.27860325905528,40.661561855,A192,_,00050,229
A192__00040.229,8.258390787523266,40.66396582,A192,_,00040,229
A192__0071.2290,8.324423522524576,40.552057415,A192,_,0071,2290
A192__0071.2295,8.325000562527418,40.55177257,A192,_,0071,2295
A192__0071.2296,8.32513847156452,40.55106805,A192,_,0071,2296
A192__0071.2298,8.325478565072807,40.550999865,A192,_,0071,2298
A192__00040.23,8.252989972488786,40.661211445,A192,_,00040,23
A192__00950.23,8.347050659447985,40.5129842,A192,_,00950,23
A192__00940.23,8.355902777505525,40.519628005,A192,_,00940,23
A192__00930.23,8.339887440631237,40.52249474,A192,_,00930,23
A192__00920.23,8.388213910120722,40.518136825,A192,_,00920,23
A192__00910.23,8.413943920581488,40.529452365,A192,_,00910,23
A192__00900.23,8.374249644477903,40.5259223,A192,_,00900,23
A192__00890.23,8.351992622349908,40.536246075,A192,_,00890,23
A192__00870.23,8.333663865133346,40.525326335,A192,_,00870,23
A192__00860.23,8.361526442936764,40.53940378,A192,_,00860,23
A192__00820.23,8.39870738265703,40.544080045,A192,_,00820,23
A192__00810.23,8.368005296768564,40.548395445,A192,_,00810,23
A192__00790.23,8.338017746972698,40.544124395,A192,_,00790,23
A192__00780.23,8.3241654267615,40.542606985,A192,_,00780,23
A192__0077.23,8.330989829006551,40.552601249999995,A192,_,0077,23
A192__00750.23,8.38746349535996,40.560066175,A192,_,00750,23
A192__00740.23,8.358852514339898,40.553241985,A192,_,00740,23
A192__00730.23,8.353480948163657,40.55660759,A192,_,00730,23
A192__0071.23,8.31823826906042,40.559614225000004,A192,_,0071,23
A192__00680.23,8.35294616545751,40.565707235000005,A192,_,00680,23
A192__00660.23,8.333923163015509,40.56396211,A192,_,00660,23
A192__0065.23,8.315945333767896,40.56122242,A192,_,0065,23
A192__00630.23,8.335327946463769,40.569487425000005,A192,_,00630,23
A192__00620.23,8.324289789449583,40.573165265,A192,_,00620,23
A192__00600.23,8.338230269830238,40.581659419999994,A192,_,00600,23
A192__00590.23,8.385877402755066,40.58214068,A192,_,00590,23
A192__00580.23,8.355352904543828,40.580436945,A192,_,00580,23
A192__00570.23,8.342951733694896,40.58673958,A192,_,00570,23
A192__00560.23,8.330138114142272,40.58393117,A192,_,00560,23
A192__00550.23,8.319870714792248,40.59038794,A192,_,00550,23
A192__00540.23,8.345501467680048,40.59524035,A192,_,00540,23
A192__00520.23,8.327527738793655,40.590478775,A192,_,00520,23
A192__00510.23,8.317317779214811,40.59537814,A192,_,00510,23
A192__00470.23,8.201663183304685,40.5715926,A192,_,00470,23
A192__00460.23,8.159011728115331,40.565754729999995,A192,_,00460,23
A192__00430.23,8.364745019684355,40.595978825,A192,_,00430,23
A192__00380.23,8.30765809548867,40.597305475,A192,_,00380,23
A192__00370.23,8.289474461163492,40.59505488,A192,_,00370,23
A192__00360.23,8.307512880172208,40.604200719999994,A192,_,00360,23
A192__00340.23,8.268860663301435,40.60802936,A192,_,00340,23
A192__00330.23,8.231010935544228,40.598516270000005,A192,_,00330,23
A192__00320.23,8.21837150514347,40.604717359999995,A192,_,00320,23
A192__00280.23,8.352805610577978,40.604875745,A192,_,00280,23
A192__00270.23,8.33235874787767,40.613576925000004,A192,_,00270,23
A192__00250.23,8.285365760969142,40.614741710000004,A192,_,00250,23
A192__00240.23,8.229767234846953,40.609562755,A192,_,00240,23
A192__00230.23,8.171880277989239,40.595008635,A192,_,00230,23
A192__00220.23,8.144138990339188,40.618976625,A192,_,00220,23
A192__00200.23,8.257348389596455,40.629219195000005,A192,_,00200,23
A192__00190.23,8.20714590214863,40.61879449,A192,_,00190,23
A192__00120.23,8.304868322309968,40.65322793,A192,_,00120,23
A192__00070.23,8.341055853133671,40.661190884999996,A192,_,00070,23
A192__00020.230,8.208648478963294,40.660749280000005,A192,_,00020,230
A192__00970.230,8.314532388126645,40.557928605,A192,_,00970,230
A192__00960.230,8.363704364089493,40.51940502,A192,_,00960,230
A192__00940.230,8.356257430546794,40.512446215,A192,_,00940,230
A192__00930.230,8.33990508211324,40.517819169999996,A192,_,00930,230
A192__00880.230,8.34765758003443,40.52690706,A192,_,00880,230
A192__00870.230,8.337412262928702,40.530161965,A192,_,00870,230
A192__00860.230,8.366940319609355,40.543632685,A192,_,00860,230
A192__00850.230,8.342296766835261,40.532313115,A192,_,00850,230
A192__00840.230,8.331833069148164,40.53826773,A192,_,00840,230
A192__00810.230,8.369232650636967,40.54847855,A192,_,00810,230
A192__00790.230,8.338089945816279,40.54688771,A192,_,00790,230
A192__0072.230,8.33025369625237,40.55897506,A192,_,0072,230
A192__0071.230,8.319122789416745,40.559481794999996,A192,_,0071,230
A192__00700.230,8.40579524270043,40.57687628,A192,_,00700,230
A192__00680.230,8.3498073820837,40.572747155,A192,_,00680,230
A192__00650.230,8.31548497243927,40.56116505,A192,_,00650,230
A192__0064.230,8.3206562695777,40.563458375,A192,_,0064,230
A192__00630.230,8.33632728673054,40.57472397,A192,_,00630,230
A192__00620.230,8.322789847133626,40.570191425,A192,_,00620,230
A192__0061.230,8.321965030814138,40.572424475,A192,_,0061,230
A192__00600.230,8.34200845034962,40.57748172,A192,_,00600,230
A192__00560.230,8.32271442808086,40.576935215000006,A192,_,00560,230
A192__00540.230,8.349121045504099,40.59504421,A192,_,00540,230
A192__00520.230,8.327726431537425,40.596265405,A192,_,00520,230
A192__00480.230,8.240593950298486,40.580838345000004,A192,_,00480,230
A192__00470.230,8.203690458502876,40.570541754999994,A192,_,00470,230
A192__00410.230,8.339586589082437,40.603329635,A192,_,00410,230
A192__00400.230,8.327474513267996,40.60613237,A192,_,00400,230
A192__00360.230,8.298384669595364,40.605257255,A192,_,00360,230
A192__00300.230,8.38945528380929,40.61324519,A192,_,00300,230
A192__00280.230,8.367875243870369,40.6225034,A192,_,00280,230
A192__00270.230,8.340184695461268,40.607109789999996,A192,_,00270,230
A192__00240.230,8.211731377140627,40.623147805,A192,_,00240,230
A192__00190.230,8.2039597833185,40.62554194,A192,_,00190,230
A192__00060.230,8.292442038713794,40.661371235000004,A192,_,00060,230
A192__00050.230,8.276856410221665,40.66150231,A192,_,00050,230
A192__0071.2303,8.32290910611053,40.551281845000005,A192,_,0071,2303
A192__0071.2305,8.325899054490211,40.5518598,A192,_,0071,2305
A192__0071.2307,8.325327919384584,40.551677760000004,A192,_,0071,2307
A192__00020.231,8.208530845568157,40.660906205,A192,_,00020,231
A192__00970.231,8.31453829070969,40.558000095,A192,_,00970,231
A192__00960.231,8.365224310190946,40.5070966,A192,_,00960,231
A192__00930.231,8.340064772763128,40.517792220000004,A192,_,00930,231
A192__00880.231,8.347647257534206,40.52705732,A192,_,00880,231
A192__00870.231,8.337604408834189,40.53009487,A192,_,00870,231
A192__00810.231,8.369546922667212,40.54797168,A192,_,00810,231
A192__00780.231,8.329526928231727,40.548511794999996,A192,_,00780,231
A192__00750.231,8.36712682814926,40.55625959,A192,_,00750,231
A192__00740.231,8.361778822775147,40.560973855,A192,_,00740,231
A192__00680.231,8.351002257724774,40.570506265000006,A192,_,00680,231
A192__00670.231,8.34108225430489,40.562599434999996,A192,_,00670,231
A192__00650.231,8.299892152156506,40.57191648,A192,_,00650,231
A192__0064.231,8.32049378034754,40.56365255,A192,_,0064,231
A192__00630.231,8.336012341439876,40.574520475,A192,_,00630,231
A192__0061.231,8.321991324332394,40.57221957,A192,_,0061,231
A192__00600.231,8.342078096884729,40.57749374,A192,_,00600,231
A192__00580.231,8.354888969739598,40.586236045,A192,_,00580,231
A192__00560.231,8.328879624213318,40.586799135,A192,_,00560,231
A192__00540.231,8.34892260737157,40.594707205,A192,_,00540,231
A192__00530.231,8.3367545544734,40.595107154999994,A192,_,00530,231
A192__00480.231,8.24345786599174,40.582048905,A192,_,00480,231
A192__00410.231,8.335569252627925,40.601211645,A192,_,00410,231
A192__00400.231,8.326937719972928,40.6063306,A192,_,00400,231
A192__00390.231,8.321302126287275,40.609749730000004,A192,_,00390,231
A192__00380.231,8.314637256217992,40.60266911,A192,_,00380,231
A192__00360.231,8.300381988596236,40.60586191,A192,_,00360,231
A192__00350.231,8.270871648616604,40.602451325000004,A192,_,00350,231
A192__00300.231,8.389345998624606,40.61335074,A192,_,00300,231
A192__00280.231,8.356064315339708,40.61148794,A192,_,00280,231
A192__00270.231,8.342004673086482,40.607209915,A192,_,00270,231
A192__00240.231,8.211982589946718,40.623856805,A192,_,00240,231
A192__00190.231,8.204020365513447,40.62567224,A192,_,00190,231
A192__00150.231,8.241758489306275,40.640826970000006,A192,_,00150,231
A192__00060.231,8.292734686160713,40.66127227,A192,_,00060,231
A192__00040.231,8.265029576988695,40.647737525,A192,_,00040,231
A192__0071.2311,8.325659209604002,40.55158027,A192,_,0071,2311
A192__0071.2312,8.322876254500823,40.55186474,A192,_,0071,2312
A192__0071.2315,8.325580270453667,40.551252649999995,A192,_,0071,2315
A192__0071.2317,8.325093022386035,40.558173025,A192,_,0071,2317
A192__0071.2318,8.325152608971088,40.55812388,A192,_,0071,2318
A192__0071.2319,8.325337152472123,40.56247309,A192,_,0071,2319
A192__00020.232,8.22294072559184,40.654840930000006,A192,_,00020,232
A192__00970.232,8.314457025248299,40.557997755,A192,_,00970,232
A192__00960.232,8.365235845770925,40.507198540000005,A192,_,00960,232
A192__00930.232,8.340224185586118,40.51784544,A192,_,00930,232
A192__00900.232,8.36712150571218,40.527826024999996,A192,_,00900,232
A192__00880.232,8.34824853037683,40.524729895,A192,_,00880,232
A192__00870.232,8.339286191313317,40.52578656,A192,_,00870,232
A192__00860.232,8.35198323132025,40.53800437,A192,_,00860,232
A192__00810.232,8.369443731192582,40.547571704999996,A192,_,00810,232
A192__00800.232,8.348926609728817,40.549673889999994,A192,_,00800,232
A192__00790.232,8.343298111559239,40.542715315,A192,_,00790,232
A192__00780.232,8.328913183426284,40.54886736,A192,_,00780,232
A192__00750.232,8.36716793839006,40.55563866999999,A192,_,00750,232
A192__00740.232,8.359036126595985,40.561179394999996,A192,_,00740,232
A192__00700.232,8.383616936441395,40.576952715000004,A192,_,00700,232
A192__00680.232,8.352863753501786,40.57024604,A192,_,00680,232
A192__00670.232,8.341062627457582,40.562590244999996,A192,_,00670,232
A192__00630.232,8.335556604026117,40.57426511,A192,_,00630,232
A192__00620.232,8.322592540616494,40.57029145,A192,_,00620,232
A192__00600.232,8.34489550669867,40.575213184999996,A192,_,00600,232
A192__00590.232,8.393185249945605,40.578528765,A192,_,00590,232
A192__00560.232,8.328937152122734,40.58715235,A192,_,00560,232
A192__00550.232,8.320519823938056,40.584621080000005,A192,_,00550,232
A192__00540.232,8.349775497152788,40.594252405,A192,_,00540,232
A192__00530.232,8.336666301136503,40.595131175,A192,_,00530,232
A192__00520.232,8.33045695072025,40.587910144999995,A192,_,00520,232
A192__00490.232,8.266671654878794,40.59277439,A192,_,00490,232
A192__00480.232,8.242995963296206,40.581724515000005,A192,_,00480,232
A192__00470.232,8.21658580344304,40.584651750000006,A192,_,00470,232
A192__00410.232,8.33747895885315,40.597592425,A192,_,00410,232
A192__00400.232,8.326617608420108,40.60601406,A192,_,00400,232
A192__00390.232,8.321502682087978,40.609548095,A192,_,00390,232
A192__00380.232,8.315144164122692,40.602575465,A192,_,00380,232
A192__00360.232,8.301084195105377,40.60549614,A192,_,00360,232
A192__00300.232,8.389145686051808,40.613549414999994,A192,_,00300,232
A192__00290.232,8.378894170229842,40.617487725000004,A192,_,00290,232
A192__00280.232,8.358952535907294,40.615759510000004,A192,_,00280,232
A192__00270.232,8.342979248310819,40.607027735,A192,_,00270,232
A192__00240.232,8.21216022550237,40.624096495,A192,_,00240,232
A192__00210.232,8.353929388042257,40.621391079999995,A192,_,00210,232
A192__00190.232,8.205695488167137,40.625881565,A192,_,00190,232
A192__00170.232,8.310152088114744,40.636594265,A192,_,00170,232
A192__00150.232,8.241977326307968,40.642245455,A192,_,00150,232
A192__00110.232,8.289615442978384,40.647216835,A192,_,00110,232
A192__00100.232,8.270072544080303,40.6521782,A192,_,00100,232
A192__00040.232,8.265027135082189,40.647637085,A192,_,00040,232
A192__0071.2321,8.324735442180577,40.55414176,A192,_,0071,2321
A192__0071.2323,8.324007065685905,40.55333224,A192,_,0071,2323
A192__00010.233,8.22819008474875,40.65618027,A192,_,00010,233
A192__00970.233,8.314443421520025,40.55793219500001,A192,_,00970,233
A192__00960.233,8.362558910369312,40.5164625,A192,_,00960,233
A192__00940.233,8.35713091677961,40.517325915,A192,_,00940,233
A192__00930.233,8.34019088640175,40.518104075,A192,_,00930,233
A192__00900.233,8.366516629341227,40.527671999999995,A192,_,00900,233
A192__00880.233,8.348465101372646,40.524728115,A192,_,00880,233
A192__00870.233,8.339092346456143,40.525816250000005,A192,_,00870,233
A192__00840.233,8.331013481313335,40.53905598,A192,_,00840,233
A192__00810.233,8.369497237287474,40.547931075,A192,_,00810,233
A192__00800.233,8.34866220086402,40.54898125,A192,_,00800,233
A192__00780.233,8.324681427385846,40.54445166,A192,_,00780,233
A192__00730.233,8.349033844647073,40.561465235,A192,_,00730,233
A192__00700.233,8.383895684435238,40.57661636,A192,_,00700,233
A192__00680.233,8.352879386506093,40.573468585,A192,_,00680,233
A192__00670.233,8.341246284400885,40.562432935000004,A192,_,00670,233
A192__00660.233,8.327556343099372,40.55954288,A192,_,00660,233
A192__00630.233,8.335174509749862,40.57404399,A192,_,00630,233
A192__0061.233,8.318076025161396,40.573198155,A192,_,0061,233
A192__00600.233,8.34472964284437,40.575480760000005,A192,_,00600,233
A192__00590.233,8.393743474798585,40.579589745,A192,_,00590,233
A192__00580.233,8.355045950368156,40.585933960000006,A192,_,00580,233
A192__00570.233,8.338093896550035,40.588165055,A192,_,00570,233
A192__00550.233,8.32274277859006,40.586477900000006,A192,_,00550,233
A192__00530.233,8.336482672389959,40.59505473,A192,_,00530,233
A192__00520.233,8.329631381549959,40.58771064,A192,_,00520,233
A192__00480.233,8.225020257519532,40.594710815,A192,_,00480,233
A192__00400.233,8.327060503047854,40.605953985,A192,_,00400,233
A192__00380.233,8.315594935516925,40.6026368,A192,_,00380,233
A192__00340.233,8.255669792371684,40.609421385000005,A192,_,00340,233
A192__00300.233,8.388889311384073,40.61378605,A192,_,00300,233
A192__00280.233,8.359378938396762,40.615206459999996,A192,_,00280,233
A192__00270.233,8.344054967720133,40.606948630000005,A192,_,00270,233
A192__00240.233,8.210810994693688,40.620742015,A192,_,00240,233
A192__00210.233,8.353574457637514,40.621088465,A192,_,00210,233
A192__00190.233,8.205311833152841,40.62526458000001,A192,_,00190,233
A192__00170.233,8.308512332418255,40.634596865,A192,_,00170,233
A192__00110.233,8.291041588999217,40.64722306,A192,_,00110,233
A192__00050.233,8.275920086834343,40.659741624999995,A192,_,00050,233
A192__00040.233,8.265020159278826,40.647505609999996,A192,_,00040,233
A192__00020.233,8.22281060975,40.654958965,A192,_,00020,233
A192__0071.2334,8.324698745148133,40.55436526,A192,_,0071,2334
A192__0071.2335,8.324722293199308,40.5543521,A192,_,0071,2335
A192__0071.2336,8.324750614813315,40.55433644,A192,_,0071,2336
A192__00020.234,8.222505927617757,40.654952655,A192,_,00020,234
A192__00970.234,8.314371857726531,40.55799281,A192,_,00970,234
A192__00960.234,8.362346710131547,40.51662314,A192,_,00960,234
A192__00940.234,8.357167773350533,40.517793690000005,A192,_,00940,234
A192__00930.234,8.339122668973298,40.518311264999994,A192,_,00930,234
A192__00890.234,8.35148888149933,40.527228005,A192,_,00890,234
A192__00880.234,8.348432179830226,40.52019566,A192,_,00880,234
A192__00860.234,8.35381543396686,40.5385052,A192,_,00860,234
A192__00850.234,8.344802850795311,40.53577598,A192,_,00850,234
A192__00840.234,8.329095808197039,40.535311195,A192,_,00840,234
A192__00810.234,8.369888209141742,40.548813795,A192,_,00810,234
A192__00800.234,8.348747749162573,40.549056495,A192,_,00800,234
A192__0077.234,8.32729239637785,40.552224255,A192,_,0077,234
A192__00740.234,8.3581287096703,40.561913204999996,A192,_,00740,234
A192__0071.234,8.320763249475249,40.556096245,A192,_,0071,234
A192__00700.234,8.399291439910689,40.57719917,A192,_,00700,234
A192__00670.234,8.340899274671344,40.56287598,A192,_,00670,234
A192__0064.234,8.32081035786689,40.563523184999994,A192,_,0064,234
A192__00630.234,8.334919648639321,40.57388704,A192,_,00630,234
A192__00620.234,8.332820184535212,40.576768810000004,A192,_,00620,234
A192__0061.234,8.31797201891888,40.5730432,A192,_,0061,234
A192__00600.234,8.344638832116717,40.575097075,A192,_,00600,234
A192__00590.234,8.393758495872213,40.580075855000004,A192,_,00590,234
A192__00580.234,8.354969509328509,40.58649255,A192,_,00580,234
A192__00570.234,8.337914563845963,40.58789264,A192,_,00570,234
A192__00550.234,8.319153741757365,40.589578825000004,A192,_,00550,234
A192__00530.234,8.33647439768171,40.59489431,A192,_,00530,234
A192__00520.234,8.33072778622265,40.588226750000004,A192,_,00520,234
A192__00490.234,8.255811162397574,40.584540295,A192,_,00490,234
A192__00480.234,8.224731301055751,40.594039120000005,A192,_,00480,234
A192__00400.234,8.327587282939337,40.605847284999996,A192,_,00400,234
A192__00390.234,8.321842011371977,40.609121545,A192,_,00390,234
A192__00350.234,8.27114097785256,40.602491705,A192,_,00350,234
A192__00340.234,8.257244826204932,40.610406125,A192,_,00340,234
A192__00300.234,8.389088524943482,40.614172475000004,A192,_,00300,234
A192__00290.234,8.380237004049953,40.61685945,A192,_,00290,234
A192__00280.234,8.359781455706122,40.615152730000005,A192,_,00280,234
A192__00270.234,8.345271578906422,40.606443505,A192,_,00270,234
A192__00240.234,8.211187264554916,40.621351835,A192,_,00240,234
A192__00190.234,8.208656915017524,40.62644746,A192,_,00190,234
A192__00110.234,8.291981856274589,40.647337245,A192,_,00110,234
A192__00100.234,8.272344573561956,40.645849215,A192,_,00100,234
A192__00050.234,8.275450539213452,40.659666465,A192,_,00050,234
A192__00020.235,8.222888338195649,40.654961619999995,A192,_,00020,235
A192__00970.235,8.314351329733615,40.55793222,A192,_,00970,235
A192__00960.235,8.363100338439189,40.51491316,A192,_,00960,235
A192__00940.235,8.360357192702745,40.511406050000005,A192,_,00940,235
A192__00930.235,8.339190705410932,40.518296085,A192,_,00930,235
A192__00890.235,8.351694108554634,40.527001575,A192,_,00890,235
A192__00880.235,8.348873094009734,40.51967386,A192,_,00880,235
A192__00860.235,8.355364211192445,40.537621785,A192,_,00860,235
A192__00850.235,8.345093233743674,40.53568742,A192,_,00850,235
A192__00810.235,8.369178506364403,40.548721064999995,A192,_,00810,235
A192__00780.235,8.324822144568937,40.544503930000005,A192,_,00780,235
A192__00740.235,8.358740924040864,40.561983165,A192,_,00740,235
A192__0072.235,8.329909418652422,40.55637392,A192,_,0072,235
A192__00700.235,8.399406162870413,40.57731703,A192,_,00700,235
A192__00690.235,8.376081373031992,40.57454962,A192,_,00690,235
A192__00670.235,8.341297610184597,40.56241214,A192,_,00670,235
A192__00660.235,8.327896079169651,40.559683695000004,A192,_,00660,235
A192__0061.235,8.318132878155314,40.572900825000005,A192,_,0061,235
A192__00600.235,8.347253661866144,40.57394540999999,A192,_,00600,235
A192__00590.235,8.393777482916745,40.58069021,A192,_,00590,235
A192__00580.235,8.355034684632908,40.58608742,A192,_,00580,235
A192__00570.235,8.348345646979308,40.587293285,A192,_,00570,235
A192__00560.235,8.332143565598617,40.587279225,A192,_,00560,235
A192__00540.235,8.345937011320853,40.595139525,A192,_,00540,235
A192__00530.235,8.340217128957901,40.597583885,A192,_,00530,235
A192__00520.235,8.331180214147427,40.588357685000005,A192,_,00520,235
A192__00500.235,8.31660572656152,40.581977875,A192,_,00500,235
A192__00490.235,8.255941728405897,40.584921785,A192,_,00490,235
A192__00480.235,8.228637681730707,40.59464794,A192,_,00480,235
A192__00350.235,8.271251423224236,40.602185735,A192,_,00350,235
A192__00300.235,8.389636317100443,40.61416711,A192,_,00300,235
A192__00280.235,8.360001320076059,40.614832,A192,_,00280,235
A192__00270.235,8.346056062583418,40.60593062,A192,_,00270,235
A192__00240.235,8.211715882407432,40.62220958,A192,_,00240,235
A192__00210.235,8.353366859302707,40.620315225,A192,_,00210,235
A192__00190.235,8.208679143932866,40.62635821,A192,_,00190,235
A192__00110.235,8.289612223111014,40.64631556,A192,_,00110,235
A192__00100.235,8.27261324247549,40.6458401,A192,_,00100,235
A192__00060.235,8.292536496587433,40.66132256,A192,_,00060,235
A192__00040.235,8.265292534598853,40.64757247,A192,_,00040,235
A192__0071.2355,8.323343792452501,40.55385001,A192,_,0071,2355
A192__00020.236,8.223157770497135,40.654457975,A192,_,00020,236
A192__00960.236,8.363025145556195,40.515101845000004,A192,_,00960,236
A192__00930.236,8.339329944422325,40.51826581,A192,_,00930,236
A192__00890.236,8.351965214303803,40.526841075,A192,_,00890,236
A192__00880.236,8.34256017528039,40.524387875,A192,_,00880,236
A192__00860.236,8.355372594984127,40.53780225,A192,_,00860,236
A192__00850.236,8.34317049524115,40.53611167,A192,_,00850,236
A192__00810.236,8.369240534829606,40.548723475,A192,_,00810,236
A192__00790.236,8.341861316847073,40.54390826,A192,_,00790,236
A192__00740.236,8.35873801980777,40.561442525,A192,_,00740,236
A192__00730.236,8.345095830717039,40.551201164999995,A192,_,00730,236
A192__0071.236,8.32056591545738,40.560160655000004,A192,_,0071,236
A192__00700.236,8.410898734190383,40.574824495,A192,_,00700,236
A192__00690.236,8.375605313643558,40.573414555,A192,_,00690,236
A192__00680.236,8.355614649530672,40.570662165,A192,_,00680,236
A192__00670.236,8.341302241066227,40.56234961,A192,_,00670,236
A192__00660.236,8.327999509449322,40.55972696,A192,_,00660,236
A192__00630.236,8.335443421851844,40.57444144,A192,_,00630,236
A192__00620.236,8.332465323962829,40.577556845000004,A192,_,00620,236
A192__0061.236,8.31822355926887,40.57278062,A192,_,0061,236
A192__00600.236,8.347628844526504,40.573658175,A192,_,00600,236
A192__00590.236,8.393803550731157,40.58154499,A192,_,00590,236
A192__00510.236,8.32180656945302,40.59496822,A192,_,00510,236
A192__00500.236,8.294895265300276,40.593594575,A192,_,00500,236
A192__00490.236,8.25555089659414,40.58505533,A192,_,00490,236
A192__00480.236,8.229732367662578,40.59466847,A192,_,00480,236
A192__00390.236,8.32227630858849,40.608800295,A192,_,00390,236
A192__00350.236,8.270480040372597,40.602020089999996,A192,_,00350,236
A192__00340.236,8.257365215488491,40.61048217,A192,_,00340,236
A192__00300.236,8.389911314888238,40.61392372,A192,_,00300,236
A192__00280.236,8.359273153489582,40.615775345,A192,_,00280,236
A192__00270.236,8.347223944280767,40.60545554,A192,_,00270,236
A192__00240.236,8.212410932109162,40.623005905,A192,_,00240,236
A192__00210.236,8.353269421756927,40.619954265000004,A192,_,00210,236
A192__00190.236,8.203460309844722,40.621648175000004,A192,_,00190,236
A192__00110.236,8.291048321227528,40.646321990000004,A192,_,00110,236
A192__00050.236,8.282872085690617,40.666273525,A192,_,00050,236
A192__00040.236,8.257236938028187,40.659040145,A192,_,00040,236
A192__0071.2368,8.31663129266086,40.55621198,A192,_,0071,2368
A192__00010.237,8.198655865520266,40.672722074999996,A192,_,00010,237
A192__00970.237,8.314253137990509,40.55799895,A192,_,00970,237
A192__00940.237,8.362104230322812,40.511545505,A192,_,00940,237
A192__00930.237,8.339407347035998,40.51825316,A192,_,00930,237
A192__00880.237,8.34117244180716,40.53033086,A192,_,00880,237
A192__00860.237,8.355435179125315,40.537273015,A192,_,00860,237
A192__00850.237,8.34359212272416,40.536003445,A192,_,00850,237
A192__00810.237,8.368971276611852,40.548084125,A192,_,00810,237
A192__00800.237,8.35353715314178,40.5469191,A192,_,00800,237
A192__00790.237,8.342143559436899,40.54394845,A192,_,00790,237
A192__00780.237,8.324545581942866,40.54475212,A192,_,00780,237
A192__00740.237,8.358955565508296,40.56137216,A192,_,00740,237
A192__00730.237,8.3445515632251,40.55118994,A192,_,00730,237
A192__0072.237,8.329219454274412,40.55722609,A192,_,0072,237
A192__0071.237,8.319701317133193,40.559410295000006,A192,_,0071,237
A192__00700.237,8.41073291732033,40.574467604999995,A192,_,00700,237
A192__00690.237,8.376392811303187,40.573150139999996,A192,_,00690,237
A192__00670.237,8.340996846913127,40.562187315,A192,_,00670,237
A192__0064.237,8.320273422837145,40.563018185,A192,_,0064,237
A192__00630.237,8.336076062150553,40.575043485,A192,_,00630,237
A192__00600.237,8.347776298050807,40.57345806,A192,_,00600,237
A192__00590.237,8.391885395325556,40.578746385,A192,_,00590,237
A192__00580.237,8.362089527175936,40.588746834999995,A192,_,00580,237
A192__00560.237,8.32320191676256,40.577273415,A192,_,00560,237
A192__00550.237,8.31827540169525,40.58217764,A192,_,00550,237
A192__00510.237,8.321601469338162,40.594977175,A192,_,00510,237
A192__00500.237,8.29631008689781,40.594016075,A192,_,00500,237
A192__00490.237,8.256167038131508,40.585474155,A192,_,00490,237
A192__00480.237,8.232079744214046,40.594243504999994,A192,_,00480,237
A192__00390.237,8.32268113597453,40.608839015,A192,_,00390,237
A192__00380.237,8.312582612472646,40.594827865,A192,_,00380,237
A192__00360.237,8.289575783473001,40.60717432,A192,_,00360,237
A192__00300.237,8.390096489450134,40.613708645,A192,_,00300,237
A192__00280.237,8.359322808836065,40.616221194999994,A192,_,00280,237
A192__00210.237,8.35440179187869,40.621373755,A192,_,00210,237
A192__00190.237,8.202473045819715,40.624510695,A192,_,00190,237
A192__00170.237,8.319590569980567,40.63124259,A192,_,00170,237
A192__00150.237,8.230786656948293,40.647200514999994,A192,_,00150,237
A192__00110.237,8.291991785103669,40.646196915000004,A192,_,00110,237
A192__00100.237,8.272439047452512,40.646854255,A192,_,00100,237
A192__00080.237,8.317021806747857,40.642567165,A192,_,00080,237
A192__00050.237,8.282866350385039,40.66604969,A192,_,00050,237
A192__0071.2370,8.322842216891008,40.55252098,A192,_,0071,2370
A192__00710.2372,8.325133048007029,40.54759909,A192,_,00710,2372
A192__0071.2374,8.326052744608315,40.55951471,A192,_,0071,2374
A192__0071.2376,8.325782951683648,40.562565145,A192,_,0071,2376
A192__0071.2377,8.326184817044329,40.562746615,A192,_,0071,2377
A192__0071.2379,8.326151834377296,40.562342525,A192,_,0071,2379
A192__00010.238,8.198508268373022,40.67243685,A192,_,00010,238
A192__00970.238,8.314273709157575,40.557935525000005,A192,_,00970,238
A192__00960.238,8.364661104456069,40.512094575,A192,_,00960,238
A192__00940.238,8.360489015616485,40.519199064999995,A192,_,00940,238
A192__00930.238,8.339452154312331,40.518255249999996,A192,_,00930,238
A192__00900.238,8.368414321805917,40.52597814,A192,_,00900,238
A192__00890.238,8.352611120020496,40.52651028,A192,_,00890,238
A192__00880.238,8.342556757046008,40.529990225,A192,_,00880,238
A192__00870.238,8.335146169685569,40.525473364999996,A192,_,00870,238
A192__00860.238,8.366457531429749,40.543930965,A192,_,00860,238
A192__00850.238,8.344117398219062,40.535783554999995,A192,_,00850,238
A192__00800.238,8.355403688922708,40.550882865,A192,_,00800,238
A192__00740.238,8.359163249846176,40.561743555,A192,_,00740,238
A192__00730.238,8.344002890897738,40.551317,A192,_,00730,238
A192__0072.238,8.329445134045233,40.55715765,A192,_,0072,238
A192__00700.238,8.411139453827161,40.574100475,A192,_,00700,238
A192__00670.238,8.342865943862817,40.562345595,A192,_,00670,238
A192__0064.238,8.320190477078604,40.562941045,A192,_,0064,238
A192__00630.238,8.336084923959472,40.575194010000004,A192,_,00630,238
A192__00620.238,8.331993448418046,40.578674070000005,A192,_,00620,238
A192__00600.238,8.347508888639027,40.57378849,A192,_,00600,238
A192__00590.238,8.391888587357561,40.578933595,A192,_,00590,238
A192__00580.238,8.355326052324672,40.58728626,A192,_,00580,238
A192__00560.238,8.322930232095139,40.5772433,A192,_,00560,238
A192__00550.238,8.32031470518421,40.58474794999999,A192,_,00550,238
A192__00530.238,8.339439152334865,40.597886095,A192,_,00530,238
A192__00520.238,8.32405810929732,40.594995035,A192,_,00520,238
A192__00510.238,8.315057551890213,40.590042069999996,A192,_,00510,238
A192__00480.238,8.22815147499653,40.593174469999994,A192,_,00480,238
A192__00410.238,8.33296039269292,40.606172404999995,A192,_,00410,238
A192__00390.238,8.321053048659747,40.609433425,A192,_,00390,238
A192__00380.238,8.312297997075596,40.59549131,A192,_,00380,238
A192__00360.238,8.291082862608782,40.606810705,A192,_,00360,238
A192__00300.238,8.390469531465829,40.613708645,A192,_,00300,238
A192__00290.238,8.389954613232359,40.61667265,A192,_,00290,238
A192__00280.238,8.359623271792017,40.61599992,A192,_,00280,238
A192__00270.238,8.341551221953578,40.60648331,A192,_,00270,238
A192__00210.238,8.355028863536674,40.621268895,A192,_,00210,238
A192__00190.238,8.202978117932517,40.62478704,A192,_,00190,238
A192__00160.238,8.25874517723349,40.62780406,A192,_,00160,238
A192__00110.238,8.28961475477382,40.64787447,A192,_,00110,238
A192__00080.238,8.32375045452908,40.641746835000006,A192,_,00080,238
A192__00070.238,8.325231683834605,40.66044355,A192,_,00070,238
A192__00050.238,8.282713500246304,40.666106154999994,A192,_,00050,238
A192__0071.2380,8.326306323764474,40.56246473,A192,_,0071,2380
A192__0071.2382,8.326456473395778,40.562422315,A192,_,0071,2382
A192__0071.2384,8.326162814278694,40.56180863,A192,_,0071,2384
A192__0071.2385,8.325643576821609,40.561099145,A192,_,0071,2385
A192__0071.2386,8.325841460492777,40.56115055,A192,_,0071,2386
A192__0071.2387,8.326107431907936,40.56119751,A192,_,0071,2387
A192__0071.2388,8.326302714579644,40.561227079999995,A192,_,0071,2388
A192__0071.2389,8.326503853956819,40.561381555,A192,_,0071,2389
A192__00010.239,8.197397810411905,40.67204554,A192,_,00010,239
A192__00970.239,8.31418961124855,40.55794315,A192,_,00970,239
A192__00960.239,8.364678071207285,40.50638179,A192,_,00960,239
A192__00940.239,8.35975877501669,40.51866913,A192,_,00940,239
A192__00930.239,8.339579716817653,40.518217324999995,A192,_,00930,239
A192__00900.239,8.366718340466882,40.525546059999996,A192,_,00900,239
A192__00890.239,8.351941483454574,40.527308815,A192,_,00890,239
A192__00870.239,8.338847450966377,40.52531754,A192,_,00870,239
A192__00860.239,8.352388041339125,40.542552825,A192,_,00860,239
A192__00850.239,8.34461058128162,40.535587925,A192,_,00850,239
A192__00840.239,8.328251456793783,40.536482434999996,A192,_,00840,239
A192__00810.239,8.367999731634548,40.547387695,A192,_,00810,239
A192__00800.239,8.35522038739242,40.550710465,A192,_,00800,239
A192__00750.239,8.368132354369841,40.554287645,A192,_,00750,239
A192__00730.239,8.344462196812138,40.551862015,A192,_,00730,239
A192__0072.239,8.329658317557396,40.557072835,A192,_,0072,239
A192__00690.239,8.378326001998893,40.567482285,A192,_,00690,239
A192__00680.239,8.356554886774521,40.56528215,A192,_,00680,239
A192__00670.239,8.342674303629034,40.562318614999995,A192,_,00670,239
A192__0064.239,8.320143792721506,40.562850499999996,A192,_,0064,239
A192__00630.239,8.335664889269204,40.57482315,A192,_,00630,239
A192__00600.239,8.347937078940724,40.573073145,A192,_,00600,239
A192__00580.239,8.355587742228401,40.586871155,A192,_,00580,239
A192__00560.239,8.325106224551986,40.57726909,A192,_,00560,239
A192__00550.239,8.320931535634125,40.5895576,A192,_,00550,239
A192__00540.239,8.342532504900221,40.592704805,A192,_,00540,239
A192__00520.239,8.323814393807362,40.59470035,A192,_,00520,239
A192__00510.239,8.315366152480781,40.59002752,A192,_,00510,239
A192__00500.239,8.31596371850252,40.582474285,A192,_,00500,239
A192__00490.239,8.255352787710507,40.58566431,A192,_,00490,239
A192__00480.239,8.22994159686219,40.59259195,A192,_,00480,239
A192__00410.239,8.336753320139096,40.60378152,A192,_,00410,239
A192__00390.239,8.321219344924241,40.609092950000004,A192,_,00390,239
A192__00380.239,8.311797902024814,40.597518815,A192,_,00380,239
A192__00360.239,8.286298831318298,40.60612889,A192,_,00360,239
A192__00340.239,8.260288621338699,40.611336505,A192,_,00340,239
A192__00300.239,8.390241580784313,40.613436835,A192,_,00300,239
A192__00290.239,8.3912483931671,40.61706344,A192,_,00290,239
A192__00280.239,8.36006327383537,40.615358470000004,A192,_,00280,239
A192__00270.239,8.342438907307727,40.606339105,A192,_,00270,239
A192__00240.239,8.211996858115137,40.61854555,A192,_,00240,239
A192__00210.239,8.356057998353851,40.621147965,A192,_,00210,239
A192__00190.239,8.203020373923486,40.6255959,A192,_,00190,239
A192__00170.239,8.31417599884115,40.63068388,A192,_,00170,239
A192__00160.239,8.261405241130428,40.62746594,A192,_,00160,239
A192__00150.239,8.231112403070702,40.642258735,A192,_,00150,239
A192__00110.239,8.291036678729508,40.647881955,A192,_,00110,239
A192__00100.239,8.268347393086291,40.65130385,A192,_,00100,239
A192__00090.239,8.217010429965937,40.646769289999995,A192,_,00090,239
A192__00080.239,8.323881532174173,40.64124615,A192,_,00080,239
A192__00040.239,8.258698495612716,40.659218345,A192,_,00040,239
A192__00020.239,8.213969073789062,40.654572025,A192,_,00020,239
A192__0071.2390,8.326730787590687,40.561304719999995,A192,_,0071,2390
A192__0071.2391,8.326847027637905,40.56134233,A192,_,0071,2391
A192__0071.2394,8.322856686265464,40.54758683,A192,_,0071,2394
A192__0071.2395,8.323071618905011,40.547429949999994,A192,_,0071,2395
A192__0071.2396,8.321682920645927,40.54788206,A192,_,0071,2396
A192__0071.2398,8.322129931001857,40.547689935,A192,_,0071,2398
A192__0071.2399,8.322651004973507,40.547271135,A192,_,0071,2399
A192__00030.24,8.2428869094128,40.65977128,A192,_,00030,24
A192__00960.24,8.368328275930365,40.498828495,A192,_,00960,24
A192__00950.24,8.359295082573867,40.506460025,A192,_,00950,24
A192__00940.24,8.361874012625922,40.51328115,A192,_,00940,24
A192__00930.24,8.332841852086151,40.522116255,A192,_,00930,24
A192__00920.24,8.388947500649188,40.518370105,A192,_,00920,24
A192__00910.24,8.413145373778136,40.52953158,A192,_,00910,24
A192__00900.24,8.373300756648899,40.527159675,A192,_,00900,24
A192__00860.24,8.355393148925607,40.539315825,A192,_,00860,24
A192__00840.24,8.330607279416764,40.53815759,A192,_,00840,24
A192__00810.24,8.373471917425945,40.5468624,A192,_,00810,24
A192__00800.24,8.351502574375,40.54856274,A192,_,00800,24
A192__00780.24,8.321841070394019,40.545742725,A192,_,00780,24
A192__00740.24,8.359028513214014,40.55329926,A192,_,00740,24
A192__00730.24,8.352561608994177,40.55528337,A192,_,00730,24
A192__00700.24,8.406522871067555,40.57516283,A192,_,00700,24
A192__00670.24,8.342903374258821,40.57074675,A192,_,00670,24
A192__00640.24,8.324977444800474,40.56953842,A192,_,00640,24
A192__00620.24,8.325570894713675,40.572785325,A192,_,00620,24
A192__0061.24,8.314971459100459,40.575130599999994,A192,_,0061,24
A192__00560.24,8.330070742486576,40.58362107000001,A192,_,00560,24
A192__00550.24,8.31956324843457,40.59032101,A192,_,00550,24
A192__00540.24,8.3451673982352,40.59486971,A192,_,00540,24
A192__00530.24,8.342178391935338,40.59370423,A192,_,00530,24
A192__00520.24,8.328754696641653,40.58940407,A192,_,00520,24
A192__00510.24,8.318359590085668,40.594936905,A192,_,00510,24
A192__0049.24,8.283810580219246,40.59569,A192,_,0049,24
A192__00470.24,8.201332676708327,40.57138422,A192,_,00470,24
A192__00460.24,8.16543282242576,40.571589689999996,A192,_,00460,24
A192__00430.24,8.364975558998077,40.5991722,A192,_,00430,24
A192__00400.24,8.325115487285082,40.605277975,A192,_,00400,24
A192__00390.24,8.32033907672852,40.60958075,A192,_,00390,24
A192__00340.24,8.265218522261804,40.61401434,A192,_,00340,24
A192__00330.24,8.232824191837425,40.59659956,A192,_,00330,24
A192__00300.24,8.400561187603458,40.616861130000004,A192,_,00300,24
A192__00290.24,8.379877736177967,40.613869315,A192,_,00290,24
A192__00270.24,8.332639675221131,40.61201765,A192,_,00270,24
A192__00260.24,8.290731038657308,40.611845625,A192,_,00260,24
A192__00240.24,8.222934244730132,40.606566815,A192,_,00240,24
A192__00230.24,8.16831737141089,40.594748089999996,A192,_,00230,24
A192__00220.24,8.144235419337633,40.618701990000005,A192,_,00220,24
A192__00200.24,8.254470157329415,40.6258309,A192,_,00200,24
A192__00190.24,8.208834254463577,40.61864716,A192,_,00190,24
A192__00150.24,8.233811517580119,40.638953535,A192,_,00150,24
A192__00140.24,8.199377738709096,40.64549214,A192,_,00140,24
A192__00080.24,8.327353881932396,40.654269575,A192,_,00080,24
A192__00070.24,8.344126526313907,40.662028625000005,A192,_,00070,24
A192__00010.240,8.197031280647916,40.671311935000006,A192,_,00010,240
A192__00960.240,8.364530137297916,40.50638179,A192,_,00960,240
A192__00930.240,8.339664268021618,40.518193005,A192,_,00930,240
A192__00890.240,8.352286970938662,40.52834802,A192,_,00890,240
A192__00880.240,8.341949715508894,40.529851475,A192,_,00880,240
A192__00870.240,8.338980439357844,40.525088255,A192,_,00870,240
A192__00860.240,8.351879059670452,40.542209150000005,A192,_,00860,240
A192__00850.240,8.343002859777673,40.5359586,A192,_,00850,240
A192__00840.240,8.328700050057986,40.53512945,A192,_,00840,240
A192__00810.240,8.36845659148047,40.547069105000006,A192,_,00810,240
A192__00800.240,8.35201016795757,40.54713133,A192,_,00800,240
A192__00790.240,8.344965271927133,40.54227562,A192,_,00790,240
A192__00750.240,8.36795139011495,40.55446966,A192,_,00750,240
A192__00740.240,8.360680465819135,40.556683745,A192,_,00740,240
A192__0072.240,8.32989763725491,40.557025065000005,A192,_,0072,240
A192__00700.240,8.384988669882777,40.577568865,A192,_,00700,240
A192__00680.240,8.351685016914319,40.572946099999996,A192,_,00680,240
A192__00630.240,8.33494348053151,40.57439804,A192,_,00630,240
A192__00620.240,8.331614097430194,40.579562159999995,A192,_,00620,240
A192__00600.240,8.347971455666952,40.57307141,A192,_,00600,240
A192__00570.240,8.346403994398841,40.586690669999996,A192,_,00570,240
A192__00560.240,8.324072254760118,40.577343830000004,A192,_,00560,240
A192__00550.240,8.32016111663399,40.589831700000005,A192,_,00550,240
A192__00540.240,8.342980521637747,40.59301223,A192,_,00540,240
A192__00520.240,8.324022921100827,40.59544818,A192,_,00520,240
A192__00500.240,8.304927950440252,40.58956067,A192,_,00500,240
A192__00490.240,8.256191718480906,40.585171555,A192,_,00490,240
A192__00400.240,8.329122249952745,40.59852805,A192,_,00400,240
A192__00390.240,8.321266358464115,40.609058095,A192,_,00390,240
A192__00380.240,8.311828510111624,40.597618985,A192,_,00380,240
A192__00360.240,8.287608024831535,40.606559615,A192,_,00360,240
A192__00300.240,8.39058125730029,40.613297085,A192,_,00300,240
A192__00290.240,8.390871146571271,40.617180165,A192,_,00290,240
A192__00280.240,8.359946419528931,40.61563101,A192,_,00280,240
A192__00270.240,8.34146099508063,40.606045555,A192,_,00270,240
A192__00240.240,8.212635480776516,40.618117780000006,A192,_,00240,240
A192__00210.240,8.354282494143446,40.620263685,A192,_,00210,240
A192__00190.240,8.203361204202576,40.6255544,A192,_,00190,240
A192__00150.240,8.231638636389274,40.642354055,A192,_,00150,240
A192__00110.240,8.291978579284052,40.647887235,A192,_,00110,240
A192__00100.240,8.268499280844004,40.652583820000004,A192,_,00100,240
A192__00090.240,8.2181641796041,40.6470401,A192,_,00090,240
A192__00080.240,8.323421157924713,40.646096334999996,A192,_,00080,240
A192__00050.240,8.283211824823937,40.66593372,A192,_,00050,240
A192__00040.240,8.258661406107151,40.657551350000006,A192,_,00040,240
A192__00020.240,8.214380749286256,40.65455244,A192,_,00020,240
A192__0071.2400,8.321426738484803,40.546821824999995,A192,_,0071,2400
A192__0071.2401,8.322015695312441,40.54789893,A192,_,0071,2401
A192__0071.2402,8.321570919556137,40.5475914,A192,_,0071,2402
A192__0071.2403,8.32173361111443,40.54757806,A192,_,0071,2403
A192__0071.2405,8.322474095094513,40.54703616,A192,_,0071,2405
A192__00010.241,8.197528655927837,40.670597165000004,A192,_,00010,241
A192__00970.241,8.314107636835148,40.557949914999995,A192,_,00970,241
A192__00960.241,8.364496890017513,40.506456265,A192,_,00960,241
A192__00930.241,8.339787450394187,40.518159915,A192,_,00930,241
A192__00900.241,8.367835634168994,40.525181245,A192,_,00900,241
A192__00890.241,8.352813655606074,40.52841577,A192,_,00890,241
A192__00880.241,8.342053384263803,40.52952143,A192,_,00880,241
A192__00870.241,8.339014621989529,40.525298625,A192,_,00870,241
A192__00860.241,8.35227388231662,40.542831025,A192,_,00860,241
A192__00850.241,8.343548116783264,40.535829469999996,A192,_,00850,241
A192__00840.241,8.32940826316937,40.535047004999996,A192,_,00840,241
A192__00810.241,8.368257746539578,40.547019755,A192,_,00810,241
A192__00800.241,8.353113718455477,40.546614039999994,A192,_,00800,241
A192__00790.241,8.348021211308303,40.543495495,A192,_,00790,241
A192__00780.241,8.32650422720672,40.546084390000004,A192,_,00780,241
A192__0077.241,8.329352200375716,40.552708045,A192,_,0077,241
A192__00750.241,8.36646697653194,40.553068890000006,A192,_,00750,241
A192__00740.241,8.358816372291418,40.561053619999996,A192,_,00740,241
A192__00680.241,8.351942108331277,40.572910385,A192,_,00680,241
A192__00670.241,8.34309991806082,40.562523255,A192,_,00670,241
A192__0064.241,8.320349851265892,40.563102685000004,A192,_,0064,241
A192__00630.241,8.335253023115339,40.574572525,A192,_,00630,241
A192__00620.241,8.331711400353424,40.579557115,A192,_,00620,241
A192__00600.241,8.347712380955516,40.572681024999994,A192,_,00600,241
A192__00570.241,8.346731028056581,40.586630265,A192,_,00570,241
A192__00560.241,8.324002731123208,40.577495475,A192,_,00560,241
A192__00530.241,8.339234869021139,40.59728341,A192,_,00530,241
A192__00520.241,8.324207623329048,40.596085425,A192,_,00520,241
A192__00510.241,8.315002161991387,40.591585175,A192,_,00510,241
A192__00500.241,8.306384556322088,40.589782555,A192,_,00500,241
A192__00490.241,8.256381618544953,40.58487336,A192,_,00490,241
A192__00480.241,8.232211179438806,40.59227413,A192,_,00480,241
A192__00400.241,8.330032862301962,40.59820052,A192,_,00400,241
A192__00390.241,8.320899591794422,40.60925337,A192,_,00390,241
A192__00380.241,8.309981571334674,40.60246132,A192,_,00380,241
A192__00340.241,8.267352736991068,40.60683124,A192,_,00340,241
A192__00290.241,8.398199185656281,40.623451005,A192,_,00290,241
A192__00280.241,8.36031429649626,40.615346425,A192,_,00280,241
A192__00270.241,8.341469356563291,40.605830405,A192,_,00270,241
A192__00240.241,8.213345669425287,40.61772319,A192,_,00240,241
A192__00210.241,8.35529794865203,40.620163695,A192,_,00210,241
A192__00190.241,8.203678984005322,40.6255522,A192,_,00190,241
A192__00150.241,8.23143083906828,40.64226545,A192,_,00150,241
A192__00110.241,8.29201976561723,40.643874870000005,A192,_,00110,241
A192__00100.241,8.278656992613836,40.655047665,A192,_,00100,241
A192__00080.241,8.325093141857081,40.646354415000005,A192,_,00080,241
A192__00070.241,8.340893732489302,40.65684187,A192,_,00070,241
A192__00050.241,8.283049582701201,40.666089715,A192,_,00050,241
A192__00040.241,8.259031073521184,40.65756696,A192,_,00040,241
A192__0071.2411,8.323922659722706,40.547691830000005,A192,_,0071,2411
A192__0071.2412,8.324413852299534,40.55241985,A192,_,0071,2412
A192__0071.2415,8.321216895473338,40.559043970000005,A192,_,0071,2415
A192__00010.242,8.197529279734088,40.67028879,A192,_,00010,242
A192__00970.242,8.314119453835618,40.558013395,A192,_,00970,242
A192__00960.242,8.37309856077493,40.5208711,A192,_,00960,242
A192__00950.242,8.338974994755004,40.50391974,A192,_,00950,242
A192__00940.242,8.356388590465174,40.51309474999999,A192,_,00940,242
A192__00930.242,8.339908362171109,40.518123945,A192,_,00930,242
A192__00890.242,8.351259388543944,40.527615615,A192,_,00890,242
A192__00880.242,8.341715683419316,40.529535304999996,A192,_,00880,242
A192__00870.242,8.33851632072662,40.525263345,A192,_,00870,242
A192__00860.242,8.352385760024521,40.543117545,A192,_,00860,242
A192__00850.242,8.343981897501015,40.535688145,A192,_,00850,242
A192__00840.242,8.330247679917251,40.53689003,A192,_,00840,242
A192__00810.242,8.368116261669062,40.54722321,A192,_,00810,242
A192__00800.242,8.35955565969241,40.54288176,A192,_,00800,242
A192__00780.242,8.32318481822335,40.547048615,A192,_,00780,242
A192__00750.242,8.36707862177779,40.552860875,A192,_,00750,242
A192__00740.242,8.359215721545839,40.56177887,A192,_,00740,242
A192__00730.242,8.349434082514936,40.551277095,A192,_,00730,242
A192__0071.242,8.320240891390696,40.559079464999996,A192,_,0071,242
A192__00690.242,8.378784021747027,40.571788940000005,A192,_,00690,242
A192__00680.242,8.35640635316418,40.564834975,A192,_,00680,242
A192__00670.242,8.343862186204106,40.562482375,A192,_,00670,242
A192__0064.242,8.32013893329308,40.56312955,A192,_,0064,242
A192__00630.242,8.334693475805533,40.574244135,A192,_,00630,242
A192__00620.242,8.331028943383433,40.580892614999996,A192,_,00620,242
A192__0061.242,8.318409102915371,40.572731770000004,A192,_,0061,242
A192__00590.242,8.399245779469036,40.578209,A192,_,00590,242
A192__00570.242,8.347694548256912,40.590380440000004,A192,_,00570,242
A192__00560.242,8.325242182052214,40.583411095,A192,_,00560,242
A192__00520.242,8.323561704866549,40.5959374,A192,_,00520,242
A192__00510.242,8.314842215688994,40.59145078,A192,_,00510,242
A192__00500.242,8.303907282105964,40.591046605,A192,_,00500,242
A192__00480.242,8.233077174278947,40.590559835,A192,_,00480,242
A192__00410.242,8.337565142671618,40.599972045,A192,_,00410,242
A192__00400.242,8.329989842426139,40.597930500000004,A192,_,00400,242
A192__00390.242,8.321094640697414,40.609145075,A192,_,00390,242
A192__00380.242,8.311448651871011,40.59739471,A192,_,00380,242
A192__00340.242,8.266747836697174,40.605485955000006,A192,_,00340,242
A192__00300.242,8.387283983509528,40.613342555,A192,_,00300,242
A192__00290.242,8.397298988420335,40.62407664,A192,_,00290,242
A192__00280.242,8.359638609841824,40.61553783,A192,_,00280,242
A192__00270.242,8.342929367022755,40.60632642,A192,_,00270,242
A192__00240.242,8.213551853193314,40.619769989999995,A192,_,00240,242
A192__00210.242,8.356354402160527,40.620120045,A192,_,00210,242
A192__00190.242,8.203335891626603,40.62486218,A192,_,00190,242
A192__00160.242,8.272994555882596,40.637405825,A192,_,00160,242
A192__00150.242,8.23133882614138,40.641982915,A192,_,00150,242
A192__00110.242,8.292242843407951,40.64364856,A192,_,00110,242
A192__00100.242,8.278648234833241,40.65385832,A192,_,00100,242
A192__00080.242,8.325073786447916,40.646161719999995,A192,_,00080,242
A192__00070.242,8.342240280861352,40.655729485,A192,_,00070,242
A192__00050.242,8.280521762827453,40.664521845,A192,_,00050,242
A192__00040.242,8.255627332849294,40.65735529,A192,_,00040,242
A192__0071.2421,8.323075229773828,40.553838255,A192,_,0071,2421
A192__0071.2422,8.323249155845682,40.55374774,A192,_,0071,2422
A192__0071.2427,8.323795809136055,40.553537315,A192,_,0071,2427
A192__00010.243,8.194945175181747,40.66833914,A192,_,00010,243
A192__00970.243,8.314000836351067,40.558040559999995,A192,_,00970,243
A192__00950.243,8.338944321461659,40.503606165,A192,_,00950,243
A192__00940.243,8.355611210724733,40.513283945,A192,_,00940,243
A192__00930.243,8.340049988489806,40.518103795,A192,_,00930,243
A192__00890.243,8.348453870063254,40.531519775,A192,_,00890,243
A192__00860.243,8.368292530762687,40.545066765,A192,_,00860,243
A192__00850.243,8.34439088301141,40.53554679,A192,_,00850,243
A192__00840.243,8.330020026637015,40.53965778,A192,_,00840,243
A192__00810.243,8.369432004307969,40.548152095,A192,_,00810,243
A192__00780.243,8.323255372670772,40.546859085,A192,_,00780,243
A192__00750.243,8.36765801247799,40.552740135,A192,_,00750,243
A192__00740.243,8.359216892513306,40.561265975,A192,_,00740,243
A192__00700.243,8.39062963061446,40.578235025,A192,_,00700,243
A192__00690.243,8.378801923580697,40.571918284999995,A192,_,00690,243
A192__00680.243,8.356579227220884,40.564999900000004,A192,_,00680,243
A192__00630.243,8.334528980871275,40.57415555,A192,_,00630,243
A192__00620.243,8.331216848740917,40.58178953,A192,_,00620,243
A192__00600.243,8.346586720413066,40.572379065,A192,_,00600,243
A192__00580.243,8.361283074456455,40.588505405,A192,_,00580,243
A192__00560.243,8.325633783473888,40.583195125,A192,_,00560,243
A192__00530.243,8.33913181887814,40.59727394,A192,_,00530,243
A192__00510.243,8.315348347155732,40.5915027,A192,_,00510,243
A192__00500.243,8.30690213849533,40.59107847,A192,_,00500,243
A192__00490.243,8.253772745397514,40.58385929000001,A192,_,00490,243
A192__00480.243,8.233414061391704,40.59213086,A192,_,00480,243
A192__00450.243,8.166588084566992,40.58771305,A192,_,00450,243
A192__00410.243,8.336336071483002,40.60255307,A192,_,00410,243
A192__00400.243,8.326317277087536,40.59705787,A192,_,00400,243
A192__00390.243,8.31581349190916,40.59804726,A192,_,00390,243
A192__00380.243,8.312091803895143,40.594550319999996,A192,_,00380,243
A192__00290.243,8.394569276811456,40.618955405,A192,_,00290,243
A192__00280.243,8.360093829750571,40.615971245,A192,_,00280,243
A192__00270.243,8.34733454488154,40.60490137,A192,_,00270,243
A192__00240.243,8.214057631081888,40.619240579999996,A192,_,00240,243
A192__00210.243,8.357266113980874,40.621104325000005,A192,_,00210,243
A192__00190.243,8.201256632904713,40.62119606,A192,_,00190,243
A192__00160.243,8.272979381681166,40.637726990000004,A192,_,00160,243
A192__00150.243,8.218052201245282,40.631251205,A192,_,00150,243
A192__00100.243,8.278640705389233,40.65288134,A192,_,00100,243
A192__00070.243,8.343011548334019,40.6564963,A192,_,00070,243
A192__00050.243,8.281816688092256,40.664648455000005,A192,_,00050,243
A192__00040.243,8.256608996697732,40.65741783,A192,_,00040,243
A192__00020.243,8.21152730315467,40.654404555,A192,_,00020,243
A192__00010.244,8.196986510532238,40.670253345000006,A192,_,00010,244
A192__00970.244,8.313915905078295,40.55805567,A192,_,00970,244
A192__00960.244,8.38027394024593,40.51753660999999,A192,_,00960,244
A192__00950.244,8.338895478253665,40.504149995000006,A192,_,00950,244
A192__00940.244,8.36105266589708,40.51722054,A192,_,00940,244
A192__00930.244,8.343325392574005,40.520554505,A192,_,00930,244
A192__00900.244,8.358467287601261,40.53423481,A192,_,00900,244
A192__00890.244,8.348485278483047,40.53140499,A192,_,00890,244
A192__00880.244,8.341183217599273,40.5300926,A192,_,00880,244
A192__00870.244,8.338402491570504,40.52497712,A192,_,00870,244
A192__00860.244,8.368538319770963,40.545121699999996,A192,_,00860,244
A192__00810.244,8.368601123007945,40.54742202,A192,_,00810,244
A192__00800.244,8.354766535355898,40.54672426,A192,_,00800,244
A192__00780.244,8.323380863691183,40.54672676,A192,_,00780,244
A192__00750.244,8.367958076750824,40.55265886,A192,_,00750,244
A192__0072.244,8.329472536689416,40.55746307,A192,_,0072,244
A192__0071.244,8.319936957654061,40.559102295,A192,_,0071,244
A192__00690.244,8.379027145851701,40.57210764,A192,_,00690,244
A192__00680.244,8.354261343204001,40.57245628,A192,_,00680,244
A192__00670.244,8.342613912148753,40.56320892,A192,_,00670,244
A192__00660.244,8.332124936179971,40.560371535,A192,_,00660,244
A192__00630.244,8.336440857200468,40.57502694,A192,_,00630,244
A192__00620.244,8.322841870942296,40.572312225000005,A192,_,00620,244
A192__0061.244,8.318187879574447,40.573055505,A192,_,0061,244
A192__00560.244,8.325051271112972,40.583151515,A192,_,00560,244
A192__00550.244,8.322944993407521,40.584904965,A192,_,00550,244
A192__00540.244,8.347102819485361,40.594914364999994,A192,_,00540,244
A192__00530.244,8.33874191612367,40.59761227,A192,_,00530,244
A192__00510.244,8.315262019027223,40.591489915,A192,_,00510,244
A192__00500.244,8.30254724818888,40.593302275,A192,_,00500,244
A192__00490.244,8.25427655215811,40.583745070000006,A192,_,00490,244
A192__00480.244,8.231959874080387,40.589966704999995,A192,_,00480,244
A192__00450.244,8.166144284563918,40.58769048,A192,_,00450,244
A192__00410.244,8.33383961254782,40.607821085,A192,_,00410,244
A192__00400.244,8.328230256428602,40.6055958,A192,_,00400,244
A192__00390.244,8.32252798528745,40.603007635,A192,_,00390,244
A192__00380.244,8.311948081844097,40.594669585000005,A192,_,00380,244
A192__00340.244,8.267110429354492,40.605422704999995,A192,_,00340,244
A192__00300.244,8.388074633069987,40.613331865000006,A192,_,00300,244
A192__00280.244,8.359717807894686,40.615588365,A192,_,00280,244
A192__00240.244,8.21538581869903,40.619301,A192,_,00240,244
A192__00210.244,8.357332808306039,40.62058317,A192,_,00210,244
A192__00190.244,8.200402941242729,40.619436975,A192,_,00190,244
A192__00170.244,8.315809223101514,40.630967835,A192,_,00170,244
A192__00160.244,8.263758374330786,40.629231094999994,A192,_,00160,244
A192__00150.244,8.21857868171104,40.630086895,A192,_,00150,244
A192__00090.244,8.21336876937102,40.64072642,A192,_,00090,244
A192__00080.244,8.326438819436184,40.649587595,A192,_,00080,244
A192__00070.244,8.341066276687911,40.65606521,A192,_,00070,244
A192__00050.244,8.280181896094415,40.665734615,A192,_,00050,244
A192__00040.244,8.257460152556481,40.65746909,A192,_,00040,244
A192__00020.244,8.20936537780303,40.654676535,A192,_,00020,244
A192__00010.245,8.195682661926543,40.669843715,A192,_,00010,245
A192__00970.245,8.313844555743998,40.558063419999996,A192,_,00970,245
A192__00960.245,8.381037666833558,40.51877994,A192,_,00960,245
A192__00950.245,8.338700263732562,40.50450803,A192,_,00950,245
A192__00940.245,8.358906140252195,40.50851759,A192,_,00940,245
A192__00930.245,8.343133928158897,40.520253745000005,A192,_,00930,245
A192__00900.245,8.358560825854058,40.53414186,A192,_,00900,245
A192__00890.245,8.347888421987742,40.53056498,A192,_,00890,245
A192__00880.245,8.348681655020801,40.522225840000004,A192,_,00880,245
A192__00850.245,8.343413858184931,40.53567473,A192,_,00850,245
A192__00840.245,8.328399981544262,40.53764153,A192,_,00840,245
A192__00810.245,8.368224232823499,40.547384355,A192,_,00810,245
A192__00780.245,8.322539434952294,40.546177935,A192,_,00780,245
A192__00750.245,8.36594063877747,40.553547545,A192,_,00750,245
A192__0071.245,8.319985799093734,40.559039125,A192,_,0071,245
A192__00690.245,8.379453725632313,40.571962244999995,A192,_,00690,245
A192__00680.245,8.354788671564132,40.572914485,A192,_,00680,245
A192__00670.245,8.3428270510294,40.563267964999994,A192,_,00670,245
A192__00630.245,8.337026903139584,40.574720154999994,A192,_,00630,245
A192__00600.245,8.347169859454258,40.57363938,A192,_,00600,245
A192__00560.245,8.324176507166115,40.583018885,A192,_,00560,245
A192__00520.245,8.325035256998714,40.596983845,A192,_,00520,245
A192__00500.245,8.308876155033571,40.59014273,A192,_,00500,245
A192__00490.245,8.255654483723513,40.585293629999995,A192,_,00490,245
A192__00480.245,8.235405831956555,40.589152905,A192,_,00480,245
A192__00450.245,8.164966682859538,40.586114675000005,A192,_,00450,245
A192__00400.245,8.329085630795346,40.60535608,A192,_,00400,245
A192__00390.245,8.322743829737071,40.602904025,A192,_,00390,245
A192__00340.245,8.266845809618069,40.60552938,A192,_,00340,245
A192__00300.245,8.386189470410324,40.612668465,A192,_,00300,245
A192__00280.245,8.359730861595505,40.615647315000004,A192,_,00280,245
A192__00270.245,8.348930782661318,40.604112404999995,A192,_,00270,245
A192__00240.245,8.209688463866362,40.619897144999996,A192,_,00240,245
A192__00210.245,8.357404081267084,40.62010101,A192,_,00210,245
A192__00190.245,8.199932413137166,40.618502765,A192,_,00190,245
A192__00160.245,8.263763036665067,40.629032730000006,A192,_,00160,245
A192__00110.245,8.296371505243076,40.650156875,A192,_,00110,245
A192__00090.245,8.207718084257305,40.64314021,A192,_,00090,245
A192__00080.245,8.326431615620832,40.649480765,A192,_,00080,245
A192__00070.245,8.341238436637415,40.6560919,A192,_,00070,245
A192__00040.245,8.25792838710932,40.657498195,A192,_,00040,245
A192__00020.245,8.209428250721633,40.65505492,A192,_,00020,245
A192__0071.2451,8.322133126225719,40.55387828,A192,_,0071,2451
A192__00010.246,8.195534124546647,40.669427525,A192,_,00010,246
A192__00970.246,8.313865681893951,40.557997885000006,A192,_,00970,246
A192__00960.246,8.380565919229486,40.518764559999994,A192,_,00960,246
A192__00950.246,8.338795958104026,40.50505184,A192,_,00950,246
A192__00940.246,8.35947855906307,40.50811061,A192,_,00940,246
A192__00890.246,8.352885435100047,40.534067320000005,A192,_,00890,246
A192__00880.246,8.348888678070265,40.522240515,A192,_,00880,246
A192__00870.246,8.338354338996618,40.52500854,A192,_,00870,246
A192__00860.246,8.368767158921177,40.545134015,A192,_,00860,246
A192__00850.246,8.343868667785758,40.535516345,A192,_,00850,246
A192__00840.246,8.32830096801784,40.537763240000004,A192,_,00840,246
A192__00810.246,8.368595429532224,40.547123575,A192,_,00810,246
A192__00780.246,8.321096431287659,40.545606205,A192,_,00780,246
A192__00750.246,8.367113136241947,40.553348235,A192,_,00750,246
A192__00740.246,8.36012189626264,40.561623874999995,A192,_,00740,246
A192__00730.246,8.343998474550531,40.55297738,A192,_,00730,246
A192__00690.246,8.380463717163426,40.571500635,A192,_,00690,246
A192__00680.246,8.354125545181558,40.572858069999995,A192,_,00680,246
A192__00670.246,8.342846360996912,40.563277555,A192,_,00670,246
A192__0064.246,8.319717315847903,40.563312785,A192,_,0064,246
A192__00630.246,8.337379225577736,40.574517404999995,A192,_,00630,246
A192__00620.246,8.322838742977119,40.57221997,A192,_,00620,246
A192__00600.246,8.347091467896002,40.573530765,A192,_,00600,246
A192__00560.246,8.324732383404658,40.582868425,A192,_,00560,246
A192__00520.246,8.328381955652404,40.591219695,A192,_,00520,246
A192__00510.246,8.320186140503562,40.59434101,A192,_,00510,246
A192__0049.246,8.286608242961337,40.59501855,A192,_,0049,246
A192__00480.246,8.237665110829859,40.588214205,A192,_,00480,246
A192__00390.246,8.323394187242993,40.602712690000004,A192,_,00390,246
A192__00340.246,8.269848098901857,40.610326085,A192,_,00340,246
A192__00300.246,8.38621995314341,40.61248549,A192,_,00300,246
A192__00280.246,8.356873836258039,40.613114025,A192,_,00280,246
A192__00270.246,8.322964118533164,40.61511489,A192,_,00270,246
A192__00240.246,8.210098123785086,40.620355685,A192,_,00240,246
A192__00210.246,8.357478022895425,40.61954427,A192,_,00210,246
A192__00190.246,8.199837792235469,40.61831776,A192,_,00190,246
A192__00160.246,8.26368804065187,40.626995735,A192,_,00160,246
A192__00110.246,8.295954195035128,40.650493675,A192,_,00110,246
A192__00090.246,8.207738551054398,40.642765714999996,A192,_,00090,246
A192__00070.246,8.340315425867313,40.655875555,A192,_,00070,246
A192__00040.246,8.245761250562932,40.658228640000004,A192,_,00040,246
A192__00020.246,8.209248313725546,40.655400650000004,A192,_,00020,246
A192__0071.2460,8.316658390300127,40.555152925,A192,_,0071,2460
A192__0071.2469,8.325180990992704,40.550088685,A192,_,0071,2469
A192__00010.247,8.19555976079662,40.66914499,A192,_,00010,247
A192__00970.247,8.313875257953503,40.557954914999996,A192,_,00970,247
A192__00960.247,8.365734235146682,40.509207305000004,A192,_,00960,247
A192__00950.247,8.338925621259577,40.504932600000004,A192,_,00950,247
A192__00940.247,8.360582240090077,40.508157375,A192,_,00940,247
A192__00930.247,8.342845381520911,40.520482474999994,A192,_,00930,247
A192__00900.247,8.358525939536449,40.53104877,A192,_,00900,247
A192__00890.247,8.35327122237074,40.53402114,A192,_,00890,247
A192__00870.247,8.33705591473554,40.525808465,A192,_,00870,247
A192__00860.247,8.369639415682386,40.54486068,A192,_,00860,247
A192__00850.247,8.344362307254478,40.53533306,A192,_,00850,247
A192__00840.247,8.333770492993034,40.53616761,A192,_,00840,247
A192__00810.247,8.368792160775886,40.54715581000001,A192,_,00810,247
A192__00800.247,8.352617761031352,40.545813125,A192,_,00800,247
A192__00780.247,8.323150219226363,40.54282286,A192,_,00780,247
A192__0072.247,8.329038354105844,40.557346835,A192,_,0072,247
A192__00690.247,8.380773784290767,40.57163225,A192,_,00690,247
A192__00680.247,8.352277233325859,40.57034185,A192,_,00680,247
A192__00670.247,8.342783983872202,40.562739269999994,A192,_,00670,247
A192__00660.247,8.33783779795196,40.56578317,A192,_,00660,247
A192__0065.247,8.317688676674841,40.561558655,A192,_,0065,247
A192__0064.247,8.31961350561192,40.56344412,A192,_,0064,247
A192__00630.247,8.337241375966007,40.574582705,A192,_,00630,247
A192__00620.247,8.322818507739509,40.572519944999996,A192,_,00620,247
A192__0061.247,8.317628347378324,40.57320923,A192,_,0061,247
A192__00600.247,8.331223063673391,40.582277605,A192,_,00600,247
A192__00570.247,8.348624796485648,40.584726849999996,A192,_,00570,247
A192__00560.247,8.325004476247837,40.583007609999996,A192,_,00560,247
A192__00550.247,8.322863097104207,40.584009425,A192,_,00550,247
A192__00520.247,8.328823501741969,40.587594755,A192,_,00520,247
A192__00500.247,8.31264419204893,40.587323585,A192,_,00500,247
A192__0049.247,8.28659607745131,40.59431068,A192,_,0049,247
A192__00480.247,8.238314519730926,40.588159725,A192,_,00480,247
A192__00410.247,8.333920373710397,40.605344065,A192,_,00410,247
A192__00380.247,8.314650863508684,40.600989385000005,A192,_,00380,247
A192__00360.247,8.295111604755792,40.60103114,A192,_,00360,247
A192__00320.247,8.21181366760811,40.612672335,A192,_,00320,247
A192__00300.247,8.386293858933108,40.61238796,A192,_,00300,247
A192__00280.247,8.356555446660733,40.612811885,A192,_,00280,247
A192__00270.247,8.322602490104526,40.61511281,A192,_,00270,247
A192__00240.247,8.212402396853154,40.623591219999994,A192,_,00240,247
A192__00160.247,8.265827492896936,40.62691311,A192,_,00160,247
A192__00090.247,8.207212336323614,40.642219389999994,A192,_,00090,247
A192__00070.247,8.341050714912376,40.655864664999996,A192,_,00070,247
A192__0071.2470,8.321720550492241,40.554484145,A192,_,0071,2470
A192__0071.2472,8.325779629050253,40.55188933,A192,_,0071,2472
A192__0071.2473,8.325567213867906,40.551721130000004,A192,_,0071,2473
A192__0071.2474,8.325864804359028,40.551771125,A192,_,0071,2474
A192__0071.2475,8.326140272068303,40.56219873,A192,_,0071,2475
A192__0071.2476,8.323973002457086,40.5480587,A192,_,0071,2476
A192__00710.2477,8.325656313031324,40.553012945,A192,_,00710,2477
A192__00710.2479,8.325620925055258,40.55217364,A192,_,00710,2479
A192__00010.248,8.19507294182052,40.668830944999996,A192,_,00010,248
A192__00970.248,8.313991134520023,40.557953960000006,A192,_,00970,248
A192__00960.248,8.365485484069556,40.509470345,A192,_,00960,248
A192__00950.248,8.338371283507911,40.505234290000004,A192,_,00950,248
A192__00940.248,8.361630783411346,40.50795704,A192,_,00940,248
A192__00930.248,8.3373234812493,40.52181186,A192,_,00930,248
A192__00900.248,8.361281701299614,40.52679217,A192,_,00900,248
A192__00890.248,8.353278449562161,40.533812839999996,A192,_,00890,248
A192__00880.248,8.341540784667089,40.524636355,A192,_,00880,248
A192__00870.248,8.337379779878276,40.52607681,A192,_,00870,248
A192__00860.248,8.368967231681564,40.54512966,A192,_,00860,248
A192__00850.248,8.335233798855828,40.537788750000004,A192,_,00850,248
A192__00810.248,8.368611484856931,40.547110939999996,A192,_,00810,248
A192__00800.248,8.358668459521091,40.551512105,A192,_,00800,248
A192__00780.248,8.323041384687741,40.546718209999995,A192,_,00780,248
A192__00750.248,8.368321185011556,40.55347741,A192,_,00750,248
A192__00740.248,8.359341114930864,40.561199515,A192,_,00740,248
A192__00730.248,8.348825661546588,40.550821615000004,A192,_,00730,248
A192__0072.248,8.32890302560983,40.55722641,A192,_,0072,248
A192__00680.248,8.352258557780903,40.570436455,A192,_,00680,248
A192__00670.248,8.342747577072348,40.56285741000001,A192,_,00670,248
A192__00660.248,8.338040839510828,40.565512325,A192,_,00660,248
A192__0064.248,8.319920794211267,40.562934705,A192,_,0064,248
A192__00630.248,8.337510975428764,40.574769515,A192,_,00630,248
A192__00600.248,8.351673677243578,40.57781397,A192,_,00600,248
A192__00570.248,8.349419482410557,40.58474173,A192,_,00570,248
A192__00560.248,8.324359078479016,40.582594900000004,A192,_,00560,248
A192__00550.248,8.323253370899316,40.58398173,A192,_,00550,248
A192__00520.248,8.329527577467854,40.587539195000005,A192,_,00520,248
A192__00480.248,8.239334928088622,40.587378650000005,A192,_,00480,248
A192__00410.248,8.334091704607886,40.605302885,A192,_,00410,248
A192__00380.248,8.310366867164095,40.59467833,A192,_,00380,248
A192__00320.248,8.212449111180982,40.61157052,A192,_,00320,248
A192__00300.248,8.386601780424998,40.61246224,A192,_,00300,248
A192__00270.248,8.323325067656626,40.61511694,A192,_,00270,248
A192__00240.248,8.212823916034697,40.623391025000004,A192,_,00240,248
A192__00170.248,8.317884459572834,40.63511615,A192,_,00170,248
A192__00110.248,8.296849769582584,40.650182099999995,A192,_,00110,248
A192__00090.248,8.207621640051542,40.642172555,A192,_,00090,248
A192__00070.248,8.327002469557726,40.659413565,A192,_,00070,248
A192__00050.248,8.28274100719412,40.66624298,A192,_,00050,248
A192__00020.248,8.21121386459296,40.656268944999994,A192,_,00020,248
A192__00710.2480,8.325233756639271,40.55270807,A192,_,00710,2480
A192__00710.2481,8.324431566950144,40.55334313,A192,_,00710,2481
A192__00710.2483,8.325075163850755,40.55414769,A192,_,00710,2483
A192__00710.2485,8.326434631427745,40.553183000000004,A192,_,00710,2485
A192__00010.249,8.194973772662353,40.668534255,A192,_,00010,249
A192__00960.249,8.372463914783959,40.520408970000005,A192,_,00960,249
A192__00950.249,8.335797460712218,40.51309701,A192,_,00950,249
A192__00940.249,8.357165099368386,40.51547194,A192,_,00940,249
A192__00900.249,8.361569923856791,40.526897395,A192,_,00900,249
A192__00880.249,8.348969252271617,40.519818025000006,A192,_,00880,249
A192__00870.249,8.338954721732852,40.525946884999996,A192,_,00870,249
A192__00850.249,8.3356197515347,40.538025340000004,A192,_,00850,249
A192__00840.249,8.328386877067622,40.537711705,A192,_,00840,249
A192__00810.249,8.365722232706917,40.552759339999994,A192,_,00810,249
A192__00800.249,8.35907247830589,40.551638999999994,A192,_,00800,249
A192__00790.249,8.341052347739964,40.54577228,A192,_,00790,249
A192__00780.249,8.322852347391246,40.54658595,A192,_,00780,249
A192__00750.249,8.366324724166663,40.55300347,A192,_,00750,249
A192__00740.249,8.359498586227684,40.561274999999995,A192,_,00740,249
A192__00730.249,8.349119959229494,40.55081233,A192,_,00730,249
A192__00690.249,8.362293500533339,40.56556433,A192,_,00690,249
A192__00680.249,8.35054235283165,40.57211985,A192,_,00680,249
A192__00670.249,8.343046478927413,40.562927125,A192,_,00670,249
A192__00660.249,8.334934084521137,40.56595900000001,A192,_,00660,249
A192__0064.249,8.319795566413482,40.562576684999996,A192,_,0064,249
A192__0061.249,8.316379984046648,40.57580128,A192,_,0061,249
A192__00600.249,8.351831377560998,40.57760745,A192,_,00600,249
A192__00590.249,8.37394729908323,40.583807425,A192,_,00590,249
A192__00560.249,8.324588143618346,40.58539,A192,_,00560,249
A192__00540.249,8.348209994182849,40.59165709,A192,_,00540,249
A192__00530.249,8.33431831605312,40.591810089999996,A192,_,00530,249
A192__00520.249,8.327106601658581,40.591948439999996,A192,_,00520,249
A192__00500.249,8.313414481583202,40.58678499,A192,_,00500,249
A192__0049.249,8.284499796244853,40.59572337,A192,_,0049,249
A192__00480.249,8.241190912456974,40.587245055,A192,_,00480,249
A192__00410.249,8.339041751474365,40.598788235,A192,_,00410,249
A192__00400.249,8.328433765269766,40.599052655,A192,_,00400,249
A192__00380.249,8.310076934482957,40.59479453,A192,_,00380,249
A192__00360.249,8.298919000720812,40.60442056,A192,_,00360,249
A192__00340.249,8.270185664295173,40.610737154999995,A192,_,00340,249
A192__00320.249,8.212084708617558,40.611795295,A192,_,00320,249
A192__00300.249,8.386743090745426,40.61228815,A192,_,00300,249
A192__00250.249,8.27720997573935,40.611458495,A192,_,00250,249
A192__00240.249,8.212595714854244,40.62386756,A192,_,00240,249
A192__00190.249,8.207783555968254,40.61721532,A192,_,00190,249
A192__00160.249,8.265305734920826,40.62851478,A192,_,00160,249
A192__00110.249,8.29684869202687,40.650491755,A192,_,00110,249
A192__00100.249,8.274313113024135,40.646987769999996,A192,_,00100,249
A192__00090.249,8.207316043372932,40.64143783,A192,_,00090,249
A192__00070.249,8.324415765741346,40.661770344999994,A192,_,00070,249
A192__00040.249,8.244995084690679,40.664419505,A192,_,00040,249
A192__00020.249,8.222778289177043,40.652021535,A192,_,00020,249
A192__0071.2492,8.321885856500863,40.54784654,A192,_,0071,2492
A192__0071.2493,8.31583340482437,40.555042415,A192,_,0071,2493
A192__0071.2494,8.315987740580661,40.554877305000005,A192,_,0071,2494
A192__00020.25,8.205017273689037,40.65187655,A192,_,00020,25
A192__00960.25,8.368493834543855,40.497252815,A192,_,00960,25
A192__00950.25,8.347878242278592,40.50381749,A192,_,00950,25
A192__00920.25,8.389620178733608,40.51869893,A192,_,00920,25
A192__00910.25,8.414007813669338,40.530517745,A192,_,00910,25
A192__00900.25,8.37149108442756,40.52883004,A192,_,00900,25
A192__00890.25,8.353495653735472,40.53573426,A192,_,00890,25
A192__00880.25,8.345804315371382,40.52476093,A192,_,00880,25
A192__00860.25,8.354385078388287,40.539718175,A192,_,00860,25
A192__00850.25,8.340167256233672,40.534767790000004,A192,_,00850,25
A192__00820.25,8.387842418525613,40.55166738,A192,_,00820,25
A192__00810.25,8.366799039476476,40.54807991,A192,_,00810,25
A192__00800.25,8.350367344456458,40.550064515,A192,_,00800,25
A192__00780.25,8.324545253507715,40.542452749999995,A192,_,00780,25
A192__00730.25,8.353569304704969,40.555608695000004,A192,_,00730,25
A192__0071.25,8.32289510959463,40.55061365500001,A192,_,0071,25
A192__0065.25,8.315721472505155,40.56068105999999,A192,_,0065,25
A192__00630.25,8.337535453432274,40.57122617,A192,_,00630,25
A192__00620.25,8.325522457796163,40.57249408,A192,_,00620,25
A192__00600.25,8.338951148645744,40.58073496,A192,_,00600,25
A192__00580.25,8.355579175804149,40.580274575000004,A192,_,00580,25
A192__00570.25,8.344380715113886,40.590258115,A192,_,00570,25
A192__00550.25,8.319336460694778,40.589758305000004,A192,_,00550,25
A192__00470.25,8.20090490805617,40.57103243,A192,_,00470,25
A192__00460.25,8.165566437135826,40.571925845,A192,_,00460,25
A192__00450.25,8.167207034072694,40.586315435,A192,_,00450,25
A192__00430.25,8.377950347315876,40.598724105,A192,_,00430,25
A192__00410.25,8.338783315195151,40.60466783,A192,_,00410,25
A192__00400.25,8.324259030834533,40.604384440000004,A192,_,00400,25
A192__00390.25,8.32078770144772,40.609027085,A192,_,00390,25
A192__00330.25,8.23439189206968,40.597630405000004,A192,_,00330,25
A192__00300.25,8.392698948537618,40.611344360000004,A192,_,00300,25
A192__00290.25,8.378463475998792,40.616350575,A192,_,00290,25
A192__00280.25,8.363871092771058,40.60398907,A192,_,00280,25
A192__00270.25,8.332924497203251,40.612579515,A192,_,00270,25
A192__00250.25,8.276029499719195,40.61309912,A192,_,00250,25
A192__00230.25,8.183564960364436,40.604204585000005,A192,_,00230,25
A192__00220.25,8.144692200319314,40.61846209,A192,_,00220,25
A192__00210.25,8.350230504513611,40.62734159,A192,_,00210,25
A192__00190.25,8.20624919130536,40.6170451,A192,_,00190,25
A192__00150.25,8.24137576573278,40.64357674,A192,_,00150,25
A192__00120.25,8.303380592113351,40.646719860000005,A192,_,00120,25
A192__00070.25,8.343698756974753,40.66085428,A192,_,00070,25
A192__00060.25,8.299797969149527,40.66071144,A192,_,00060,25
A192__00050.25,8.280290118345468,40.666647395,A192,_,00050,25
A192__00010.250,8.195018957705924,40.66842965,A192,_,00010,250
A192__00960.250,8.366473519734338,40.511603095,A192,_,00960,250
A192__00950.250,8.334544726279862,40.513971075,A192,_,00950,250
A192__00940.250,8.358883814478144,40.51450219,A192,_,00940,250
A192__00930.250,8.34428603439283,40.519551515,A192,_,00930,250
A192__00880.250,8.348343202089094,40.523433510000004,A192,_,00880,250
A192__00860.250,8.369425852732322,40.543808035,A192,_,00860,250
A192__00840.250,8.33735041143532,40.534947134999996,A192,_,00840,250
A192__00810.250,8.366075491028315,40.5527135,A192,_,00810,250
A192__00800.250,8.359148755791157,40.55120817,A192,_,00800,250
A192__00780.250,8.322667792664369,40.546451000000005,A192,_,00780,250
A192__00750.250,8.36704953288473,40.552569655,A192,_,00750,250
A192__00730.250,8.35072977368611,40.55513846,A192,_,00730,250
A192__0072.250,8.327562138189293,40.557557145000004,A192,_,0072,250
A192__00690.250,8.362097274177504,40.565603715,A192,_,00690,250
A192__00680.250,8.35694375161453,40.568563525,A192,_,00680,250
A192__00670.250,8.343000641243172,40.56293299,A192,_,00670,250
A192__0064.250,8.319841915503831,40.5626786,A192,_,0064,250
A192__00630.250,8.334508142890076,40.573884975,A192,_,00630,250
A192__0061.250,8.316205448513207,40.5754245,A192,_,0061,250
A192__00600.250,8.345137382685873,40.57349833,A192,_,00600,250
A192__00590.250,8.390165451360037,40.581573774999995,A192,_,00590,250
A192__00570.250,8.349049457213475,40.58661313499999,A192,_,00570,250
A192__00560.250,8.324934353016914,40.585221025,A192,_,00560,250
A192__00550.250,8.32159865527286,40.58829144,A192,_,00550,250
A192__00520.250,8.327502621801784,40.591349315,A192,_,00520,250
A192__00510.250,8.317486048229856,40.594794225,A192,_,00510,250
A192__00480.250,8.241115908078955,40.588437799999994,A192,_,00480,250
A192__00420.250,8.347210527922707,40.601572185,A192,_,00420,250
A192__00410.250,8.339364950770438,40.598757989999996,A192,_,00410,250
A192__00390.250,8.320651560802954,40.599561519999995,A192,_,00390,250
A192__00380.250,8.312110075699609,40.59305157,A192,_,00380,250
A192__00360.250,8.30014156145879,40.604257605,A192,_,00360,250
A192__00340.250,8.26867008988699,40.61408405,A192,_,00340,250
A192__00320.250,8.218609417504547,40.603179850000004,A192,_,00320,250
A192__00300.250,8.386980707943989,40.612402885,A192,_,00300,250
A192__00270.250,8.329268963382702,40.612986750000005,A192,_,00270,250
A192__00250.250,8.276610379516415,40.61048658,A192,_,00250,250
A192__00240.250,8.21306178439865,40.62367822,A192,_,00240,250
A192__00190.250,8.207778680215029,40.616784519999996,A192,_,00190,250
A192__00110.250,8.296847629813653,40.65079521,A192,_,00110,250
A192__00100.250,8.272031484154626,40.6471953,A192,_,00100,250
A192__00090.250,8.207462819524672,40.641390555,A192,_,00090,250
A192__00070.250,8.32452096767594,40.66128737,A192,_,00070,250
A192__00060.250,8.283812023621177,40.660520255,A192,_,00060,250
A192__00050.250,8.283404378553065,40.664960785000005,A192,_,00050,250
A192__00040.250,8.245083497518317,40.664424255,A192,_,00040,250
A192__00030.250,8.243657728696977,40.663368825,A192,_,00030,250
A192__00020.250,8.223426547562635,40.65186736,A192,_,00020,250
A192__0071.2501,8.323673716249584,40.561523805,A192,_,0071,2501
A192__0071.2503,8.326141416771376,40.56202275,A192,_,0071,2503
A192__0071.2504,8.32622935472174,40.562248725,A192,_,0071,2504
A192__00010.251,8.195145293144664,40.668698265,A192,_,00010,251
A192__00950.251,8.33813771949278,40.505816534999994,A192,_,00950,251
A192__00940.251,8.357817607480102,40.514909454999994,A192,_,00940,251
A192__00930.251,8.344492166087116,40.519645205,A192,_,00930,251
A192__00900.251,8.358296429755857,40.533920980000005,A192,_,00900,251
A192__00890.251,8.350156672603969,40.52731479,A192,_,00890,251
A192__00860.251,8.36094338745273,40.53707679,A192,_,00860,251
A192__00850.251,8.336234310996872,40.53877161,A192,_,00850,251
A192__00810.251,8.365570578958517,40.55250941,A192,_,00810,251
A192__00800.251,8.359405576540741,40.55144097,A192,_,00800,251
A192__00780.251,8.321203287461003,40.54463305,A192,_,00780,251
A192__00750.251,8.367381748122309,40.552383625,A192,_,00750,251
A192__00740.251,8.360334532675928,40.55949762,A192,_,00740,251
A192__00730.251,8.350598822108662,40.55503674,A192,_,00730,251
A192__00720.251,8.333814732945868,40.554715869999995,A192,_,00720,251
A192__0071.251,8.32066140838851,40.55915302,A192,_,0071,251
A192__00680.251,8.355894107126423,40.570276570000004,A192,_,00680,251
A192__00670.251,8.34239165777224,40.5630363,A192,_,00670,251
A192__0064.251,8.319669117401578,40.56334455,A192,_,0064,251
A192__0061.251,8.316364393609888,40.57524241,A192,_,0061,251
A192__00590.251,8.390158187887682,40.58109025,A192,_,00590,251
A192__00580.251,8.369679359822758,40.583264475,A192,_,00580,251
A192__00560.251,8.325242544750942,40.58502446,A192,_,00560,251
A192__00550.251,8.319300980249619,40.58936681,A192,_,00550,251
A192__00540.251,8.348408583842506,40.592558955,A192,_,00540,251
A192__00530.251,8.334187515241624,40.5917167,A192,_,00530,251
A192__00520.251,8.326842294984207,40.59188584,A192,_,00520,251
A192__00500.251,8.315510832420768,40.585124465,A192,_,00500,251
A192__00480.251,8.242539118296094,40.5881527,A192,_,00480,251
A192__00420.251,8.34700627283421,40.601671175,A192,_,00420,251
A192__00410.251,8.336109401164848,40.597798975,A192,_,00410,251
A192__00390.251,8.320328329962038,40.598963435,A192,_,00390,251
A192__00380.251,8.309454586418235,40.60237058,A192,_,00380,251
A192__00340.251,8.269009404249609,40.61354043,A192,_,00340,251
A192__00320.251,8.21863984555116,40.603263784999996,A192,_,00320,251
A192__00300.251,8.386761779813579,40.612114649999995,A192,_,00300,251
A192__00290.251,8.392891334091406,40.62374707,A192,_,00290,251
A192__00250.251,8.277445604773385,40.610841685,A192,_,00250,251
A192__00240.251,8.216222787192285,40.62958028,A192,_,00240,251
A192__00190.251,8.208679378124799,40.617947775000005,A192,_,00190,251
A192__00150.251,8.230604691361439,40.642038639999996,A192,_,00150,251
A192__00100.251,8.272028725305404,40.64733563,A192,_,00100,251
A192__00090.251,8.207846046457705,40.641572755,A192,_,00090,251
A192__00060.251,8.284646071787728,40.660664435,A192,_,00060,251
A192__00050.251,8.283218186231814,40.666330650000006,A192,_,00050,251
A192__00040.251,8.245419391237998,40.664489835,A192,_,00040,251
A192__00030.251,8.243570429999998,40.66357895,A192,_,00030,251
A192__00020.251,8.212043536794877,40.65344836,A192,_,00020,251
A192__0071.2510,8.327672899768721,40.550355435,A192,_,0071,2510
A192__0071.2514,8.325622275124454,40.549449859999996,A192,_,0071,2514
A192__0071.2518,8.325470796611413,40.548880615,A192,_,0071,2518
A192__0071.2519,8.326702340635535,40.549444275,A192,_,0071,2519
A192__00020.252,8.213134055410611,40.654505795,A192,_,00020,252
A192__00960.252,8.364209070487487,40.511217825,A192,_,00960,252
A192__00950.252,8.338289040309828,40.506153635000004,A192,_,00950,252
A192__00930.252,8.344690477433398,40.51974405,A192,_,00930,252
A192__00900.252,8.356956491506232,40.534539824999996,A192,_,00900,252
A192__00870.252,8.340689064801673,40.527382345,A192,_,00870,252
A192__00860.252,8.3618377140656,40.53619374,A192,_,00860,252
A192__00850.252,8.334870264681978,40.539838355,A192,_,00850,252
A192__00800.252,8.358041257472731,40.551224610000006,A192,_,00800,252
A192__00790.252,8.34198289937461,40.54019435,A192,_,00790,252
A192__00750.252,8.367588680314743,40.552302185,A192,_,00750,252
A192__0072.252,8.333112875425737,40.556889014999996,A192,_,0072,252
A192__0071.252,8.320396309285876,40.559379645,A192,_,0071,252
A192__00670.252,8.34247680386635,40.562917784999996,A192,_,00670,252
A192__00660.252,8.327512347717766,40.56105848,A192,_,00660,252
A192__0064.252,8.319501779573148,40.563501099999996,A192,_,0064,252
A192__00630.252,8.334799909904042,40.573390075,A192,_,00630,252
A192__00600.252,8.35100714571918,40.577584185,A192,_,00600,252
A192__00590.252,8.39015392054219,40.580792275,A192,_,00590,252
A192__00580.252,8.369918328630074,40.582905525,A192,_,00580,252
A192__00570.252,8.35205814299735,40.58593612,A192,_,00570,252
A192__00550.252,8.319415796305414,40.589226010000004,A192,_,00550,252
A192__00540.252,8.348425139347137,40.592211895,A192,_,00540,252
A192__00520.252,8.326735327032926,40.591683825000004,A192,_,00520,252
A192__00510.252,8.320268078130333,40.59425076,A192,_,00510,252
A192__0050.252,8.312363549994533,40.5805204,A192,_,0050,252
A192__00490.252,8.25493056302979,40.58295377,A192,_,00490,252
A192__00480.252,8.24220749643208,40.585666415,A192,_,00480,252
A192__00420.252,8.346473509024882,40.597885934999994,A192,_,00420,252
A192__00410.252,8.335605381603147,40.59765461,A192,_,00410,252
A192__00390.252,8.318266430555132,40.600707695,A192,_,00390,252
A192__00380.252,8.312284394924237,40.598003500000004,A192,_,00380,252
A192__00320.252,8.218881579999998,40.60287854,A192,_,00320,252
A192__00290.252,8.392947266575241,40.623400430000004,A192,_,00290,252
A192__00250.252,8.276132431743996,40.611752100000004,A192,_,00250,252
A192__00240.252,8.215713666905769,40.630328625000004,A192,_,00240,252
A192__00210.252,8.358715822086989,40.628731365,A192,_,00210,252
A192__00190.252,8.209001316168273,40.61695128,A192,_,00190,252
A192__00170.252,8.313615081359988,40.62623423,A192,_,00170,252
A192__00110.252,8.295091357916032,40.650156275,A192,_,00110,252
A192__00090.252,8.207663438032938,40.642170205,A192,_,00090,252
A192__00070.252,8.32762686718791,40.657354635000004,A192,_,00070,252
A192__00060.252,8.285571192094489,40.660826115000006,A192,_,00060,252
A192__00050.252,8.282415427642995,40.666152460000006,A192,_,00050,252
A192__00030.252,8.243629513276709,40.663585964999996,A192,_,00030,252
A192__0071.2521,8.324203211939764,40.553231585,A192,_,0071,2521
A192__0071.2522,8.322402311218745,40.548335449999996,A192,_,0071,2522
A192__0071.2527,8.323084547798935,40.561726855,A192,_,0071,2527
A192__0071.2528,8.323256306534091,40.56182225,A192,_,0071,2528
A192__0071.2529,8.322936397537054,40.56162267,A192,_,0071,2529
A192__00030.253,8.243516057238534,40.663572495,A192,_,00030,253
A192__00960.253,8.365594874871721,40.512217535,A192,_,00960,253
A192__00950.253,8.338079411042479,40.506467830000005,A192,_,00950,253
A192__00900.253,8.356741801887818,40.534757055,A192,_,00900,253
A192__00890.253,8.350337530028217,40.531234475,A192,_,00890,253
A192__00870.253,8.340411680357422,40.527697535,A192,_,00870,253
A192__00860.253,8.353091726921225,40.540989155000005,A192,_,00860,253
A192__00850.253,8.33469498677481,40.539828495,A192,_,00850,253
A192__00840.253,8.328845108268826,40.53684559,A192,_,00840,253
A192__00810.253,8.373469665545205,40.543635625,A192,_,00810,253
A192__00800.253,8.358083718165553,40.551808995,A192,_,00800,253
A192__00730.253,8.343659106330039,40.55743008,A192,_,00730,253
A192__0071.253,8.320367464885184,40.55943399,A192,_,0071,253
A192__00690.253,8.381971280390614,40.57369138,A192,_,00690,253
A192__00680.253,8.357321749764075,40.567636269999994,A192,_,00680,253
A192__00670.253,8.342541541832231,40.562827575,A192,_,00670,253
A192__0064.253,8.31939578266027,40.56358396,A192,_,0064,253
A192__00630.253,8.334902678043097,40.57321388,A192,_,00630,253
A192__0061.253,8.315993503208087,40.57533253,A192,_,0061,253
A192__00600.253,8.351089119022763,40.577570390000005,A192,_,00600,253
A192__00590.253,8.389646182532013,40.58151389,A192,_,00590,253
A192__00570.253,8.349672467867453,40.586525295,A192,_,00570,253
A192__00560.253,8.326189635644687,40.584287079999996,A192,_,00560,253
A192__00550.253,8.319699428977877,40.589216325,A192,_,00550,253
A192__00540.253,8.348521892427659,40.592210415,A192,_,00540,253
A192__00480.253,8.245987465829046,40.584515885,A192,_,00480,253
A192__00420.253,8.346673521754933,40.597702575,A192,_,00420,253
A192__00390.253,8.317095838811966,40.601054035000004,A192,_,00390,253
A192__00380.253,8.310455120567806,40.59606995,A192,_,00380,253
A192__00360.253,8.300354950018416,40.610754095000004,A192,_,00360,253
A192__00350.253,8.265383640997566,40.5993921,A192,_,00350,253
A192__00340.253,8.269252804659226,40.61247666,A192,_,00340,253
A192__00320.253,8.21932829194765,40.60189832,A192,_,00320,253
A192__00300.253,8.386885483520436,40.612046765,A192,_,00300,253
A192__00290.253,8.393619358452426,40.62202288,A192,_,00290,253
A192__00270.253,8.330011561837072,40.612965635,A192,_,00270,253
A192__00240.253,8.215931832603772,40.63113148,A192,_,00240,253
A192__00210.253,8.358817919211843,40.62911105,A192,_,00210,253
A192__00190.253,8.206606099123093,40.61676019,A192,_,00190,253
A192__00160.253,8.264294961576752,40.62835294,A192,_,00160,253
A192__00110.253,8.295092060252239,40.65079883,A192,_,00110,253
A192__00100.253,8.274224013603073,40.64760412,A192,_,00100,253
A192__00060.253,8.285947020817584,40.6608912,A192,_,00060,253
A192__00050.253,8.282419979465864,40.665985055,A192,_,00050,253
A192__00040.253,8.245355466782897,40.664449610000005,A192,_,00040,253
A192__0071.2530,8.322941211971163,40.5617218,A192,_,0071,2530
A192__0071.2532,8.321990030513621,40.55508194,A192,_,0071,2532
A192__0071.2534,8.326043830375722,40.556741855,A192,_,0071,2534
A192__0071.2537,8.32598668548834,40.561633549999996,A192,_,0071,2537
A192__00020.254,8.202351633361749,40.651253839999995,A192,_,00020,254
A192__00970.254,8.314224681634276,40.557823119999995,A192,_,00970,254
A192__00960.254,8.364652627645604,40.51174496,A192,_,00960,254
A192__00950.254,8.33897399980727,40.507557090000006,A192,_,00950,254
A192__00940.254,8.355509760622816,40.511755105000006,A192,_,00940,254
A192__00900.254,8.356457873975465,40.53452853,A192,_,00900,254
A192__00890.254,8.350836086662493,40.531588125,A192,_,00890,254
A192__00880.254,8.344452898629093,40.528235775,A192,_,00880,254
A192__00870.254,8.335178311219055,40.53197848,A192,_,00870,254
A192__00860.254,8.351491171328828,40.53811348,A192,_,00860,254
A192__00850.254,8.334990998659777,40.53983844,A192,_,00850,254
A192__00840.254,8.330117435308406,40.536331995,A192,_,00840,254
A192__00780.254,8.3221432036391,40.545553195,A192,_,00780,254
A192__0077.254,8.329587084299426,40.55432438,A192,_,0077,254
A192__00740.254,8.36034786025975,40.564766165,A192,_,00740,254
A192__0072.254,8.334234884101829,40.557058945,A192,_,0072,254
A192__0071.254,8.320310230270309,40.55951029,A192,_,0071,254
A192__00690.254,8.382945865810704,40.57479166,A192,_,00690,254
A192__00680.254,8.35713652243048,40.567609860000005,A192,_,00680,254
A192__00670.254,8.34255104899548,40.56281348,A192,_,00670,254
A192__00630.254,8.334952934758748,40.573127665,A192,_,00630,254
A192__00620.254,8.323267054246525,40.57164056,A192,_,00620,254
A192__0061.254,8.316145823964247,40.575162855,A192,_,0061,254
A192__00560.254,8.322776884777259,40.577351660000005,A192,_,00560,254
A192__00550.254,8.318424134838363,40.58337983,A192,_,00550,254
A192__00520.254,8.327535638179045,40.59347649,A192,_,00520,254
A192__00490.254,8.253997453064564,40.58379257,A192,_,00490,254
A192__00480.254,8.246444239516919,40.58628713,A192,_,00480,254
A192__00420.254,8.346706691773914,40.597751785,A192,_,00420,254
A192__00390.254,8.323039949593312,40.603156225,A192,_,00390,254
A192__00380.254,8.310425863976569,40.595981905,A192,_,00380,254
A192__00350.254,8.265028191863134,40.59940769,A192,_,00350,254
A192__00340.254,8.269469717243076,40.611873105,A192,_,00340,254
A192__00320.254,8.2194775849693,40.600463095,A192,_,00320,254
A192__00300.254,8.387279329929179,40.612273415000004,A192,_,00300,254
A192__00250.254,8.279336486358542,40.613847344999996,A192,_,00250,254
A192__00240.254,8.216351842363999,40.63140812,A192,_,00240,254
A192__00210.254,8.359458636875248,40.630108485,A192,_,00210,254
A192__00190.254,8.207466780762616,40.61648185,A192,_,00190,254
A192__00110.254,8.295509047741136,40.650156635,A192,_,00110,254
A192__00090.254,8.208537521275787,40.64128566,A192,_,00090,254
A192__00060.254,8.286725323139931,40.66102642,A192,_,00060,254
A192__00050.254,8.274984811538916,40.66598392,A192,_,00050,254
A192__00040.254,8.245334423287062,40.66450456,A192,_,00040,254
A192__0071.2541,8.32364226498985,40.56121313,A192,_,0071,2541
A192__00010.255,8.218746164764097,40.655307925,A192,_,00010,255
A192__00970.255,8.314221271075393,40.557743564999996,A192,_,00970,255
A192__00960.255,8.3636824325668,40.515257975,A192,_,00960,255
A192__00950.255,8.339272561838488,40.507663074999996,A192,_,00950,255
A192__00940.255,8.355259408395113,40.51122608,A192,_,00940,255
A192__00930.255,8.343981869399821,40.519899464999995,A192,_,00930,255
A192__00900.255,8.356656841944647,40.534764960000004,A192,_,00900,255
A192__00890.255,8.35112660542471,40.52651535,A192,_,00890,255
A192__00880.255,8.343758634401848,40.527965855000005,A192,_,00880,255
A192__00850.255,8.335034599301618,40.539768699999996,A192,_,00850,255
A192__00840.255,8.328570757397237,40.53663919,A192,_,00840,255
A192__00810.255,8.37115208664936,40.54717938,A192,_,00810,255
A192__00800.255,8.349877022026472,40.5486475,A192,_,00800,255
A192__00790.255,8.340742777381966,40.543977885,A192,_,00790,255
A192__00780.255,8.322023233683593,40.54537168,A192,_,00780,255
A192__00750.255,8.367686839578154,40.552056555,A192,_,00750,255
A192__00740.255,8.359303770402256,40.564984855,A192,_,00740,255
A192__00730.255,8.343666870393845,40.557218004999996,A192,_,00730,255
A192__00690.255,8.382841679638133,40.57355685,A192,_,00690,255
A192__00680.255,8.356350437128135,40.569824675,A192,_,00680,255
A192__00670.255,8.342658659778001,40.562708505,A192,_,00670,255
A192__00630.255,8.334528096685226,40.573657444999995,A192,_,00630,255
A192__0061.255,8.315760683634856,40.575284665,A192,_,0061,255
A192__00590.255,8.38963268996078,40.580808149999996,A192,_,00590,255
A192__00570.255,8.350042792039755,40.586901975,A192,_,00570,255
A192__00560.255,8.32305282245254,40.577440025,A192,_,00560,255
A192__00550.255,8.318256380438282,40.583510715,A192,_,00550,255
A192__00530.255,8.340893482207058,40.59310956,A192,_,00530,255
A192__00520.255,8.331284267538283,40.593839015,A192,_,00520,255
A192__00500.255,8.306404592407205,40.588812309999994,A192,_,00500,255
A192__00480.255,8.246950422844938,40.588340765,A192,_,00480,255
A192__00420.255,8.34682056174757,40.597681050000006,A192,_,00420,255
A192__00390.255,8.323334641869046,40.604801235,A192,_,00390,255
A192__00380.255,8.310497667506006,40.595860775,A192,_,00380,255
A192__00360.255,8.300361970411675,40.609899755,A192,_,00360,255
A192__00340.255,8.268889536225752,40.605850790000005,A192,_,00340,255
A192__00320.255,8.218021910299967,40.595650000000006,A192,_,00320,255
A192__00300.255,8.387016361462859,40.611985505,A192,_,00300,255
A192__00190.255,8.206592662782803,40.616648999999995,A192,_,00190,255
A192__00160.255,8.271610184230196,40.632605915,A192,_,00160,255
A192__00110.255,8.295925502619095,40.650156679999995,A192,_,00110,255
A192__00100.255,8.27042970228345,40.65007111,A192,_,00100,255
A192__00090.255,8.209238799042543,40.64111749,A192,_,00090,255
A192__00060.255,8.28937691221365,40.661446415,A192,_,00060,255
A192__00050.255,8.275197721760566,40.666033909999996,A192,_,00050,255
A192__00040.255,8.245222140879836,40.663529159999996,A192,_,00040,255
A192__00020.255,8.202320062048514,40.65130834,A192,_,00020,255
A192__0071.2551,8.327281532857004,40.54897035,A192,_,0071,2551
A192__00710.2557,8.324784308015813,40.552605135,A192,_,00710,2557
A192__0071.2559,8.32720362717398,40.54989148,A192,_,0071,2559
A192__00010.256,8.21950175297351,40.65534948,A192,_,00010,256
A192__00970.256,8.314312267642194,40.557740165,A192,_,00970,256
A192__00960.256,8.363497176437725,40.515006135,A192,_,00960,256
A192__00950.256,8.338304658031936,40.506699229999995,A192,_,00950,256
A192__00890.256,8.34822710133623,40.530791685,A192,_,00890,256
A192__00880.256,8.344418322856612,40.52841848,A192,_,00880,256
A192__00870.256,8.335037085229,40.531639979999994,A192,_,00870,256
A192__00860.256,8.369363246791693,40.54426782,A192,_,00860,256
A192__00850.256,8.343422352273937,40.531539370000004,A192,_,00850,256
A192__00790.256,8.341714695544841,40.54400175,A192,_,00790,256
A192__00750.256,8.36861368414521,40.55175028,A192,_,00750,256
A192__00740.256,8.359148218818458,40.563153475,A192,_,00740,256
A192__00730.256,8.351614925841577,40.558849305,A192,_,00730,256
A192__0072.256,8.333485258626506,40.557475554999996,A192,_,0072,256
A192__0071.256,8.320753439419388,40.55981095,A192,_,0071,256
A192__00690.256,8.38391817028155,40.57438189,A192,_,00690,256
A192__00680.256,8.35151541078685,40.57274358,A192,_,00680,256
A192__00670.256,8.342831295891887,40.56257083,A192,_,00670,256
A192__00660.256,8.336202462764549,40.564447799999996,A192,_,00660,256
A192__0064.256,8.319802628374953,40.56303312,A192,_,0064,256
A192__0061.256,8.315872312159922,40.575169974999994,A192,_,0061,256
A192__00600.256,8.35128263946596,40.577764005,A192,_,00600,256
A192__00570.256,8.350252321998676,40.586441855,A192,_,00570,256
A192__00560.256,8.322889276500561,40.57749494,A192,_,00560,256
A192__00550.256,8.32063302763323,40.588007105,A192,_,00550,256
A192__00530.256,8.336400111268397,40.59692261,A192,_,00530,256
A192__00520.256,8.328074677803842,40.591235535,A192,_,00520,256
A192__00500.256,8.310902437695484,40.58809557,A192,_,00500,256
A192__0049.256,8.281616835054688,40.593825525,A192,_,0049,256
A192__00480.256,8.244801462230402,40.58770389,A192,_,00480,256
A192__00390.256,8.323185344678866,40.604649085,A192,_,00390,256
A192__00380.256,8.312283080840285,40.594267795,A192,_,00380,256
A192__00360.256,8.301074306726612,40.60989423,A192,_,00360,256
A192__00340.256,8.269259250700042,40.6060394,A192,_,00340,256
A192__00320.256,8.218185349030973,40.5960828,A192,_,00320,256
A192__00290.256,8.393204337342171,40.62323638,A192,_,00290,256
A192__00210.256,8.352606961194425,40.632225725,A192,_,00210,256
A192__00190.256,8.200922998159406,40.622111855,A192,_,00190,256
A192__00170.256,8.324780301272558,40.62194762,A192,_,00170,256
A192__00160.256,8.271618908725847,40.62932944,A192,_,00160,256
A192__00110.256,8.29630420568201,40.650796330000006,A192,_,00110,256
A192__00090.256,8.209512916032956,40.64122304,A192,_,00090,256
A192__00060.256,8.29097004549584,40.661718394999994,A192,_,00060,256
A192__00050.256,8.275187233243367,40.665797885,A192,_,00050,256
A192__00040.256,8.245202472078518,40.664444445,A192,_,00040,256
A192__00020.256,8.20171377360574,40.651441155,A192,_,00020,256
A192__0071.2560,8.327468246187859,40.5505206,A192,_,0071,2560
A192__0071.2561,8.327232592630661,40.550966155,A192,_,0071,2561
A192__0071.2565,8.327762717177812,40.550461405,A192,_,0071,2565
A192__0071.2566,8.327342273846245,40.550784914999994,A192,_,0071,2566
A192__0071.2567,8.327658902332367,40.550797724999995,A192,_,0071,2567
A192__0071.2569,8.327902011375759,40.55059874,A192,_,0071,2569
A192__00010.257,8.213110038131251,40.654987555,A192,_,00010,257
A192__00970.257,8.314292564677803,40.557821445,A192,_,00970,257
A192__00960.257,8.362955697744141,40.520556400000004,A192,_,00960,257
A192__00950.257,8.339232030712601,40.507376625,A192,_,00950,257
A192__00930.257,8.337429289108716,40.51717357,A192,_,00930,257
A192__00900.257,8.358204225990221,40.535000885,A192,_,00900,257
A192__00890.257,8.348466756603827,40.530976635,A192,_,00890,257
A192__00870.257,8.334668939115684,40.531787449999996,A192,_,00870,257
A192__00850.257,8.343563248011225,40.531657620000004,A192,_,00850,257
A192__00840.257,8.330709169130435,40.53751838,A192,_,00840,257
A192__00810.257,8.369832722995085,40.54771862,A192,_,00810,257
A192__00800.257,8.359769051303967,40.54794463499999,A192,_,00800,257
A192__00790.257,8.346334095083249,40.53879438,A192,_,00790,257
A192__00740.257,8.359405927277042,40.563273589999994,A192,_,00740,257
A192__00730.257,8.351850100579071,40.558367655,A192,_,00730,257
A192__0072.257,8.333185193854785,40.557234015,A192,_,0072,257
A192__0071.257,8.320941327636412,40.559846815,A192,_,0071,257
A192__00690.257,8.382693224173206,40.570535945,A192,_,00690,257
A192__00680.257,8.351234107656207,40.572832785,A192,_,00680,257
A192__00670.257,8.342459649758895,40.563108275000005,A192,_,00670,257
A192__00660.257,8.328123047673934,40.559689594999995,A192,_,00660,257
A192__0064.257,8.319504155627971,40.562810525,A192,_,0064,257
A192__00620.257,8.329880875901008,40.57646584,A192,_,00620,257
A192__0061.257,8.3159891125894,40.575040045,A192,_,0061,257
A192__00600.257,8.351413265354903,40.578742289999994,A192,_,00600,257
A192__00570.257,8.34143802188151,40.586561270000004,A192,_,00570,257
A192__00560.257,8.32305462413559,40.577264915,A192,_,00560,257
A192__00530.257,8.336683113085448,40.59702774,A192,_,00530,257
A192__00480.257,8.247432128412644,40.59026937,A192,_,00480,257
A192__00400.257,8.32875041729244,40.60584231,A192,_,00400,257
A192__00340.257,8.268599316711894,40.605696535,A192,_,00340,257
A192__00320.257,8.218478410553843,40.597285670000005,A192,_,00320,257
A192__00300.257,8.387639697798324,40.612321265000006,A192,_,00300,257
A192__00290.257,8.392937156451021,40.623016905,A192,_,00290,257
A192__00250.257,8.27432603716601,40.610434265,A192,_,00250,257
A192__00240.257,8.21608283474387,40.63177442,A192,_,00240,257
A192__00210.257,8.352277594149365,40.63275672,A192,_,00210,257
A192__00190.257,8.200733339581646,40.621734375,A192,_,00190,257
A192__00170.257,8.323019156333554,40.621182915000006,A192,_,00170,257
A192__00160.257,8.27158812815835,40.640001444999996,A192,_,00160,257
A192__00150.257,8.218642431141692,40.6295142,A192,_,00150,257
A192__00110.257,8.295511526663713,40.650798144999996,A192,_,00110,257
A192__00100.257,8.271332201720817,40.64611448,A192,_,00100,257
A192__00060.257,8.292207935632685,40.66192766,A192,_,00060,257
A192__00050.257,8.274562706100841,40.665475085,A192,_,00050,257
A192__00040.257,8.24520625279757,40.66449238,A192,_,00040,257
A192__0071.2571,8.328114919535718,40.550259245,A192,_,0071,2571
A192__0071.2573,8.327479636456665,40.54989097,A192,_,0071,2573
A192__0071.2575,8.32662235660394,40.56112607,A192,_,0071,2575
A192__00710.2576,8.326932415833717,40.54786567,A192,_,00710,2576
A192__0071.2577,8.322044032866437,40.55790916,A192,_,0071,2577
A192__00010.258,8.213791438140067,40.655028564999995,A192,_,00010,258
A192__00970.258,8.314347296031643,40.55781895,A192,_,00970,258
A192__00960.258,8.36258946410564,40.520521875,A192,_,00960,258
A192__00950.258,8.339333383207787,40.50791614,A192,_,00950,258
A192__00940.258,8.35682021560973,40.51029201,A192,_,00940,258
A192__00890.258,8.348185250338172,40.531238535,A192,_,00890,258
A192__00880.258,8.343273274507276,40.529518345,A192,_,00880,258
A192__00870.258,8.337279222287325,40.53131525,A192,_,00870,258
A192__00850.258,8.343634861429596,40.53182482,A192,_,00850,258
A192__00840.258,8.33018240605747,40.537816989999996,A192,_,00840,258
A192__00810.258,8.370957670571197,40.54798588,A192,_,00810,258
A192__00800.258,8.355099777818754,40.5452463,A192,_,00800,258
A192__00740.258,8.355710532155436,40.559151674999995,A192,_,00740,258
A192__00730.258,8.34935073948607,40.559009015,A192,_,00730,258
A192__00690.258,8.382844574747818,40.57275769,A192,_,00690,258
A192__00680.258,8.351120538202197,40.572781165,A192,_,00680,258
A192__00670.258,8.342608994364628,40.562841575,A192,_,00670,258
A192__00660.258,8.328146111383928,40.559655165,A192,_,00660,258
A192__0064.258,8.319575671798592,40.562771295000005,A192,_,0064,258
A192__00620.258,8.323106370445025,40.574286674999996,A192,_,00620,258
A192__0061.258,8.316209377299728,40.57524241,A192,_,0061,258
A192__00600.258,8.35164712070237,40.57842437,A192,_,00600,258
A192__00580.258,8.370298633136185,40.582928374999995,A192,_,00580,258
A192__00560.258,8.323096904162302,40.58022272,A192,_,00560,258
A192__00550.258,8.322800819403392,40.589049970000005,A192,_,00550,258
A192__00540.258,8.356897606127868,40.593224705,A192,_,00540,258
A192__00530.258,8.339297781020402,40.596002665,A192,_,00530,258
A192__00490.258,8.25609579096227,40.58440399,A192,_,00490,258
A192__00480.258,8.24629853261247,40.59155183,A192,_,00480,258
A192__00410.258,8.331906269276647,40.601504035000005,A192,_,00410,258
A192__00400.258,8.328139600687578,40.605810685,A192,_,00400,258
A192__00390.258,8.322803767459742,40.599366180000004,A192,_,00390,258
A192__00380.258,8.314601695426042,40.59856536,A192,_,00380,258
A192__00350.258,8.271343139024431,40.602519959999995,A192,_,00350,258
A192__00340.258,8.268374624673891,40.60570977,A192,_,00340,258
A192__00320.258,8.21573827502799,40.593451509999994,A192,_,00320,258
A192__00300.258,8.38722869917811,40.611972375,A192,_,00300,258
A192__00260.258,8.313290801979049,40.62200999,A192,_,00260,258
A192__00190.258,8.2006024087107,40.62147282,A192,_,00190,258
A192__00170.258,8.315213393439914,40.625457545,A192,_,00170,258
A192__00150.258,8.21937858893218,40.629457540000004,A192,_,00150,258
A192__00100.258,8.271279440023305,40.64697587,A192,_,00100,258
A192__00090.258,8.22377449669511,40.64792213,A192,_,00090,258
A192__00060.258,8.296921955898679,40.66112099,A192,_,00060,258
A192__00050.258,8.275457888089717,40.6656653,A192,_,00050,258
A192__00040.258,8.251301755891083,40.658852339999996,A192,_,00040,258
A192__00020.258,8.198951492424946,40.651218365,A192,_,00020,258
A192__0071.2580,8.321132141670812,40.559998230000005,A192,_,0071,2580
A192__0071.2581,8.31644355048794,40.55508988,A192,_,0071,2581
A192__0071.2582,8.3224530733813,40.559535499999996,A192,_,0071,2582
A192__0071.2583,8.322829964756858,40.559013495,A192,_,0071,2583
A192__0071.2584,8.317607805393614,40.559167255,A192,_,0071,2584
A192__00010.259,8.214590926441664,40.65507247,A192,_,00010,259
A192__00970.259,8.314401053518232,40.557816645,A192,_,00970,259
A192__00960.259,8.363933025854472,40.50298211,A192,_,00960,259
A192__00950.259,8.339109373341977,40.508619725,A192,_,00950,259
A192__00940.259,8.356912539429622,40.510029845,A192,_,00940,259
A192__00930.259,8.337939894661883,40.518122205,A192,_,00930,259
A192__00890.259,8.348404061920784,40.53189234,A192,_,00890,259
A192__00870.259,8.337219935856432,40.531111249999995,A192,_,00870,259
A192__00860.259,8.369577715780874,40.544469815,A192,_,00860,259
A192__00850.259,8.335098576366288,40.538769665000004,A192,_,00850,259
A192__00840.259,8.330178534692827,40.537659755,A192,_,00840,259
A192__00800.259,8.354868929734971,40.545100975,A192,_,00800,259
A192__00780.259,8.322199323375028,40.54579330999999,A192,_,00780,259
A192__00740.259,8.355799218954987,40.55900643,A192,_,00740,259
A192__0072.259,8.330021792271815,40.55683088000001,A192,_,0072,259
A192__00690.259,8.381746374011168,40.57290089,A192,_,00690,259
A192__00680.259,8.354454885709046,40.571131745,A192,_,00680,259
A192__00670.259,8.342618095209705,40.562827850000005,A192,_,00670,259
A192__00660.259,8.328157415712356,40.559758035,A192,_,00660,259
A192__00620.259,8.32363017295444,40.574430199999995,A192,_,00620,259
A192__0061.259,8.321624515272033,40.57361239,A192,_,0061,259
A192__00600.259,8.351992105959546,40.578510585000004,A192,_,00600,259
A192__00570.259,8.344480772658724,40.585405249999994,A192,_,00570,259
A192__00550.259,8.322922615742964,40.5828832,A192,_,00550,259
A192__00540.259,8.352342872820632,40.595348115,A192,_,00540,259
A192__00530.259,8.33890057977072,40.596103885000005,A192,_,00530,259
A192__00490.259,8.249185343014844,40.59003913,A192,_,00490,259
A192__00480.259,8.244395975071324,40.59192537,A192,_,00480,259
A192__00390.259,8.320592209082672,40.598963435,A192,_,00390,259
A192__00380.259,8.310714840035715,40.594152165,A192,_,00380,259
A192__00350.259,8.271853373919221,40.601285485,A192,_,00350,259
A192__00320.259,8.21551659983836,40.593316099999996,A192,_,00320,259
A192__00300.259,8.3890128817602,40.61270696,A192,_,00300,259
A192__00290.259,8.3810566714027,40.619445729999995,A192,_,00290,259
A192__00270.259,8.328649899726964,40.611700105,A192,_,00270,259
A192__00260.259,8.31377501624348,40.62178922,A192,_,00260,259
A192__00240.259,8.213144631745582,40.63213978,A192,_,00240,259
A192__00210.259,8.351403348957025,40.63059526,A192,_,00210,259
A192__00190.259,8.20057628136221,40.621253804999995,A192,_,00190,259
A192__00170.259,8.314956004495631,40.625265725,A192,_,00170,259
A192__00160.259,8.271782321188237,40.638976965,A192,_,00160,259
A192__00150.259,8.21933375327204,40.629158035,A192,_,00150,259
A192__00100.259,8.272103573100965,40.647796695,A192,_,00100,259
A192__00090.259,8.22346611772577,40.64796375,A192,_,00090,259
A192__00060.259,8.296919856970803,40.658134045,A192,_,00060,259
A192__00050.259,8.27515283858586,40.665589440000005,A192,_,00050,259
A192__00040.259,8.251313207142186,40.657515384999996,A192,_,00040,259
A192__00020.259,8.199635928750938,40.65066522,A192,_,00020,259
A192__0071.2590,8.326652012500782,40.550757415,A192,_,0071,2590
A192__0071.2591,8.326650640851621,40.55036294,A192,_,0071,2591
A192__0071.2592,8.326862587699921,40.55042867,A192,_,0071,2592
A192__0071.2593,8.327070177101078,40.55005258,A192,_,0071,2593
A192__0071.2594,8.327145101562653,40.550330435,A192,_,0071,2594
A192__0071.2595,8.327146458953301,40.550543195,A192,_,0071,2595
A192__0071.2596,8.327190364833058,40.550744515,A192,_,0071,2596
A192__00030.26,8.245049879369876,40.65982263,A192,_,00030,26
A192__00960.26,8.36162834951036,40.522268785,A192,_,00960,26
A192__00950.26,8.340858866342668,40.500833315,A192,_,00950,26
A192__00940.26,8.352251905298608,40.5208095,A192,_,00940,26
A192__00930.26,8.340575127891242,40.52358766,A192,_,00930,26
A192__00920.26,8.390283671543461,40.519009255,A192,_,00920,26
A192__00910.26,8.415901567097832,40.53212439,A192,_,00910,26
A192__00900.26,8.368509548971666,40.53605191,A192,_,00900,26
A192__00880.26,8.346498129291664,40.524336705,A192,_,00880,26
A192__00870.26,8.334967340609078,40.527254565,A192,_,00870,26
A192__00860.26,8.354733681281282,40.539473395,A192,_,00860,26
A192__00850.26,8.34134296700876,40.536774805,A192,_,00850,26
A192__00820.26,8.384706880803627,40.55013771,A192,_,00820,26
A192__00780.26,8.32355928978436,40.542466465000004,A192,_,00780,26
A192__00740.26,8.360977804846819,40.559740399999995,A192,_,00740,26
A192__00730.26,8.352284637211202,40.55606489,A192,_,00730,26
A192__00720.26,8.335544733992673,40.557938879999995,A192,_,00720,26
A192__00700.26,8.407618943305323,40.575517895000004,A192,_,00700,26
A192__00660.26,8.335405511703318,40.560779425,A192,_,00660,26
A192__00640.26,8.325726551590153,40.569237380000004,A192,_,00640,26
A192__00620.26,8.325160726964082,40.572042085,A192,_,00620,26
A192__0061.26,8.315546068983945,40.576231315,A192,_,0061,26
A192__00600.26,8.339335797450769,40.580387349999995,A192,_,00600,26
A192__00580.26,8.356260029281442,40.578959165,A192,_,00580,26
A192__00570.26,8.343890671467275,40.58849635,A192,_,00570,26
A192__00560.26,8.328635019797062,40.582170765,A192,_,00560,26
A192__00550.26,8.31759746657484,40.588763764999996,A192,_,00550,26
A192__00530.26,8.340113982784938,40.59450765,A192,_,00530,26
A192__00520.26,8.330463572435445,40.58932147,A192,_,00520,26
A192__00510.26,8.318943775210863,40.594573585,A192,_,00510,26
A192__00480.26,8.233151881012903,40.58229787,A192,_,00480,26
A192__00470.26,8.202449853306874,40.570928195,A192,_,00470,26
A192__00460.26,8.163991304508812,40.573235170000004,A192,_,00460,26
A192__00450.26,8.167524030298758,40.58702252,A192,_,00450,26
A192__00440.26,8.391126374631174,40.60232291,A192,_,00440,26
A192__00430.26,8.367886365268886,40.59653899,A192,_,00430,26
A192__00420.26,8.342461577479224,40.598012825,A192,_,00420,26
A192__00400.26,8.324358690168575,40.60364227,A192,_,00400,26
A192__00390.26,8.320648953329275,40.609399365,A192,_,00390,26
A192__00380.26,8.311057098993011,40.60201476,A192,_,00380,26
A192__00370.26,8.288003509490355,40.593645269999996,A192,_,00370,26
A192__00330.26,8.226723480511577,40.601283214999995,A192,_,00330,26
A192__00310.26,8.35757234068808,40.606896605,A192,_,00310,26
A192__00300.26,8.380394359144855,40.605420159999994,A192,_,00300,26
A192__00290.26,8.40044972505697,40.624051095,A192,_,00290,26
A192__00260.26,8.298925951265703,40.617075615000005,A192,_,00260,26
A192__00240.26,8.211989878147936,40.616528125,A192,_,00240,26
A192__00230.26,8.18195402603601,40.601801585000004,A192,_,00230,26
A192__00220.26,8.143651500343754,40.615366565,A192,_,00220,26
A192__00200.26,8.254639826765903,40.632007025,A192,_,00200,26
A192__00150.26,8.23889654716568,40.640859805000005,A192,_,00150,26
A192__00140.26,8.199415939585165,40.644308675,A192,_,00140,26
A192__00120.26,8.308031950319808,40.648650255,A192,_,00120,26
A192__00110.26,8.296968348402178,40.650491595,A192,_,00110,26
A192__00080.26,8.328124772313505,40.65423782,A192,_,00080,26
A192__00070.26,8.342624549672585,40.66085436,A192,_,00070,26
A192__00050.26,8.260844302706833,40.65878625,A192,_,00050,26
A192__00010.260,8.215267125793766,40.655111145,A192,_,00010,260
A192__00970.260,8.314393571284482,40.557746535,A192,_,00970,260
A192__00960.260,8.3650586810577,40.50196226,A192,_,00960,260
A192__00950.260,8.339151641121465,40.50948667,A192,_,00950,260
A192__00930.260,8.341326868054196,40.517148595,A192,_,00930,260
A192__00880.260,8.343701398660315,40.52903681,A192,_,00880,260
A192__00860.260,8.369527218321089,40.544268630000005,A192,_,00860,260
A192__00850.260,8.343907379603735,40.530566345,A192,_,00850,260
A192__00840.260,8.330048305934522,40.537485915,A192,_,00840,260
A192__00810.260,8.370559813163666,40.54703984,A192,_,00810,260
A192__00790.260,8.346826953951155,40.53885529,A192,_,00790,260
A192__00740.260,8.356487957858542,40.552652175,A192,_,00740,260
A192__00720.260,8.334302514764495,40.559418285,A192,_,00720,260
A192__00690.260,8.376426397032098,40.568018484999996,A192,_,00690,260
A192__00620.260,8.323232025054757,40.574069300000005,A192,_,00620,260
A192__0061.260,8.321582456999536,40.573783845,A192,_,0061,260
A192__00580.260,8.370403508941813,40.58270886,A192,_,00580,260
A192__00560.260,8.323418914316443,40.579926560000004,A192,_,00560,260
A192__00510.260,8.316348659882493,40.597113315,A192,_,00510,260
A192__00490.260,8.275836297218383,40.594007545,A192,_,00490,260
A192__00480.260,8.2430827589845,40.592181535,A192,_,00480,260
A192__00400.260,8.328681159256938,40.605620535,A192,_,00400,260
A192__00390.260,8.320884989451724,40.599489950000006,A192,_,00390,260
A192__00380.260,8.312213844470943,40.5935299,A192,_,00380,260
A192__00350.260,8.271846133927113,40.602511660000005,A192,_,00350,260
A192__00340.260,8.261357050143271,40.615541575,A192,_,00340,260
A192__00320.260,8.215893092388786,40.59352267,A192,_,00320,260
A192__00300.260,8.388748633598258,40.61280566,A192,_,00300,260
A192__00260.260,8.314682221396579,40.62217082,A192,_,00260,260
A192__00250.260,8.27664078781101,40.624900675000006,A192,_,00250,260
A192__00240.260,8.213524719405012,40.632737175,A192,_,00240,260
A192__00190.260,8.20044931430001,40.621298005,A192,_,00190,260
A192__00170.260,8.315079342761823,40.624977725,A192,_,00170,260
A192__00160.260,8.271784108118121,40.636690845000004,A192,_,00160,260
A192__00150.260,8.218553366595446,40.629197785,A192,_,00150,260
A192__00100.260,8.272397528954015,40.647796695,A192,_,00100,260
A192__00090.260,8.223249506707994,40.647866735,A192,_,00090,260
A192__00060.260,8.296921002756616,40.655936235,A192,_,00060,260
A192__00050.260,8.27773357578918,40.665867465,A192,_,00050,260
A192__00040.260,8.246920907236577,40.651116974999994,A192,_,00040,260
A192__00020.260,8.200233748024976,40.652166555,A192,_,00020,260
A192__0071.2600,8.32589815278185,40.549554725,A192,_,0071,2600
A192__0071.2603,8.326485517132635,40.549923515,A192,_,0071,2603
A192__0071.2604,8.326324715859904,40.550087635,A192,_,0071,2604
A192__0071.2605,8.326262110194207,40.54946081,A192,_,0071,2605
A192__00520.2607,8.328983072529866,40.59455094,A192,_,00520,2607
A192__0071.2608,8.32774785985151,40.55072121,A192,_,0071,2608
A192__0071.2609,8.322609105159877,40.553625679999996,A192,_,0071,2609
A192__00010.261,8.216067245019968,40.655158545,A192,_,00010,261
A192__00970.261,8.314449552684113,40.557745525,A192,_,00970,261
A192__00960.261,8.36343323958322,40.50307392,A192,_,00960,261
A192__00950.261,8.338955678128826,40.509898504999995,A192,_,00950,261
A192__00940.261,8.356678842524857,40.50926435,A192,_,00940,261
A192__00930.261,8.34148827076802,40.516434110000006,A192,_,00930,261
A192__00890.261,8.347725711445886,40.531073825,A192,_,00890,261
A192__00850.261,8.343823315176426,40.530165645,A192,_,00850,261
A192__00840.261,8.330728748027063,40.537722529999996,A192,_,00840,261
A192__00800.261,8.356882351169041,40.542226580000005,A192,_,00800,261
A192__00790.261,8.346245784818084,40.53849338,A192,_,00790,261
A192__00750.261,8.362791774189379,40.565072145,A192,_,00750,261
A192__00740.261,8.355298889026738,40.552274905,A192,_,00740,261
A192__00730.261,8.349489213316527,40.558987605,A192,_,00730,261
A192__00720.261,8.33522832718111,40.558824584999996,A192,_,00720,261
A192__0071.261,8.320817175767651,40.55942464,A192,_,0071,261
A192__00690.261,8.376989504459551,40.568232975,A192,_,00690,261
A192__00680.261,8.35582071049939,40.569297145,A192,_,00680,261
A192__00670.261,8.342233130956782,40.563261714999996,A192,_,00670,261
A192__00630.261,8.33704034784524,40.5738343,A192,_,00630,261
A192__00620.261,8.32328132427014,40.574332825,A192,_,00620,261
A192__0061.261,8.32170297332236,40.574229079999995,A192,_,0061,261
A192__00600.261,8.352369649224027,40.575774319999994,A192,_,00600,261
A192__00580.261,8.370694278356574,40.582448315,A192,_,00580,261
A192__00560.261,8.332878038343575,40.586930054999996,A192,_,00560,261
A192__00550.261,8.323225373468809,40.58268819,A192,_,00550,261
A192__00540.261,8.350950257547531,40.59521759,A192,_,00540,261
A192__00530.261,8.339869699965341,40.595252439999996,A192,_,00530,261
A192__00520.261,8.327283308991916,40.59172751,A192,_,00520,261
A192__00510.261,8.316147744082166,40.596984965000004,A192,_,00510,261
A192__00500.261,8.312663234848037,40.583405075,A192,_,00500,261
A192__0049.261,8.281631450907284,40.592197715,A192,_,0049,261
A192__00480.261,8.240345429885956,40.592720255,A192,_,00480,261
A192__00420.261,8.348187666063627,40.59932328,A192,_,00420,261
A192__00410.261,8.334185834784172,40.60105634,A192,_,00410,261
A192__00400.261,8.328998999283606,40.605796215,A192,_,00400,261
A192__00350.261,8.272671153943374,40.602621299999996,A192,_,00350,261
A192__00340.261,8.2612010561365,40.61530727,A192,_,00340,261
A192__00300.261,8.388709508168178,40.612923984999995,A192,_,00300,261
A192__00250.261,8.276967045240653,40.623951645,A192,_,00250,261
A192__00240.261,8.212885167384485,40.615287190000004,A192,_,00240,261
A192__00190.261,8.200407639604848,40.621082,A192,_,00190,261
A192__00170.261,8.314833682575205,40.625123705,A192,_,00170,261
A192__00160.261,8.27180055485908,40.634117855,A192,_,00160,261
A192__00150.261,8.241478771736986,40.64244984,A192,_,00150,261
A192__00120.261,8.30643774529415,40.635807345,A192,_,00120,261
A192__00100.261,8.273208704447413,40.646510805,A192,_,00100,261
A192__00090.261,8.223635044076381,40.64775421,A192,_,00090,261
A192__00050.261,8.278387768873358,40.666080655,A192,_,00050,261
A192__00040.261,8.25325698551724,40.64969012,A192,_,00040,261
A192__00020.261,8.200701082677785,40.65143757,A192,_,00020,261
A192__0071.2610,8.322425429170547,40.55372408,A192,_,0071,2610
A192__0071.2611,8.322510859948315,40.553678605,A192,_,0071,2611
A192__0071.2613,8.326023030711127,40.548515,A192,_,0071,2613
A192__00010.262,8.216456513780908,40.655179610000005,A192,_,00010,262
A192__00970.262,8.31445818307529,40.55781458,A192,_,00970,262
A192__00960.262,8.363353974654018,40.502250724999996,A192,_,00960,262
A192__00950.262,8.337952153118088,40.510675765,A192,_,00950,262
A192__00940.262,8.356346373638097,40.508055264999996,A192,_,00940,262
A192__00930.262,8.340728219694974,40.518780155,A192,_,00930,262
A192__00890.262,8.345695369639717,40.53101072,A192,_,00890,262
A192__00880.262,8.34362899543935,40.52913235,A192,_,00880,262
A192__00860.262,8.349262942495379,40.538797395,A192,_,00860,262
A192__00850.262,8.33570201636015,40.540476285,A192,_,00850,262
A192__00810.262,8.370356196772562,40.547841575,A192,_,00810,262
A192__00800.262,8.345528872407684,40.549760625000005,A192,_,00800,262
A192__00790.262,8.339586543459856,40.54328873,A192,_,00790,262
A192__0077.262,8.331785363524808,40.55356755,A192,_,0077,262
A192__00740.262,8.355911265369475,40.553563725,A192,_,00740,262
A192__00720.262,8.335398711948931,40.558902985,A192,_,00720,262
A192__00690.262,8.37613625842486,40.56897415,A192,_,00690,262
A192__00680.262,8.349772958487979,40.568623325,A192,_,00680,262
A192__00670.262,8.342095142238326,40.56345852,A192,_,00670,262
A192__00660.262,8.327723245530715,40.55949373,A192,_,00660,262
A192__00630.262,8.336825116809782,40.573668995,A192,_,00630,262
A192__00620.262,8.323467344377462,40.57453871,A192,_,00620,262
A192__0061.262,8.321666170415835,40.57402622,A192,_,0061,262
A192__00570.262,8.353571878485557,40.5869068,A192,_,00570,262
A192__00560.262,8.329117151358226,40.586538825,A192,_,00560,262
A192__00550.262,8.320446127625557,40.588845025,A192,_,00550,262
A192__00540.262,8.34718760031921,40.591676680000006,A192,_,00540,262
A192__00510.262,8.320200053327845,40.594509724999995,A192,_,00510,262
A192__00500.262,8.316204357018155,40.582076285,A192,_,00500,262
A192__0049.262,8.281481264809482,40.59244821,A192,_,0049,262
A192__00480.262,8.238469220465667,40.593280385,A192,_,00480,262
A192__00420.262,8.34826236549312,40.599079759999995,A192,_,00420,262
A192__00410.262,8.333821790924084,40.60112886,A192,_,00410,262
A192__00400.262,8.328886039224663,40.605645615,A192,_,00400,262
A192__00380.262,8.310948008028847,40.595813625,A192,_,00380,262
A192__00350.262,8.273016071218128,40.60213781,A192,_,00350,262
A192__00340.262,8.26122988505514,40.615056315000004,A192,_,00340,262
A192__00300.262,8.387838854149486,40.612538055,A192,_,00300,262
A192__00290.262,8.383326764147071,40.61274233,A192,_,00290,262
A192__00210.262,8.324989656145151,40.626555975,A192,_,00210,262
A192__00190.262,8.200313823490895,40.620899699999995,A192,_,00190,262
A192__00170.262,8.314009452237341,40.637793375,A192,_,00170,262
A192__00160.262,8.2718096630732,40.630817275,A192,_,00160,262
A192__00150.262,8.239628389483869,40.644812439999995,A192,_,00150,262
A192__00120.262,8.306428765431601,40.634861335,A192,_,00120,262
A192__00100.262,8.272352252199429,40.646466540000006,A192,_,00100,262
A192__00090.262,8.223645099511156,40.647644875,A192,_,00090,262
A192__00060.262,8.297129893914764,40.66000178,A192,_,00060,262
A192__00040.262,8.256210040931004,40.65058269,A192,_,00040,262
A192__00020.262,8.2021690717829,40.651588614999994,A192,_,00020,262
A192__00710.2622,8.324867291586596,40.55349102,A192,_,00710,2622
A192__00010.263,8.217263424693328,40.65522736,A192,_,00010,263
A192__00970.263,8.314524251150484,40.55781299,A192,_,00970,263
A192__00960.263,8.363236366563598,40.502171544999996,A192,_,00960,263
A192__00950.263,8.338103837489314,40.510487935,A192,_,00950,263
A192__00900.263,8.355961685028248,40.534568655,A192,_,00900,263
A192__00890.263,8.345494190925862,40.53052493,A192,_,00890,263
A192__00860.263,8.349668742740075,40.54171275,A192,_,00860,263
A192__00850.263,8.335589148742848,40.540621290000004,A192,_,00850,263
A192__00840.263,8.331079646554738,40.537503545,A192,_,00840,263
A192__00810.263,8.376891799400513,40.543986875,A192,_,00810,263
A192__00800.263,8.345523458765534,40.54991067500001,A192,_,00800,263
A192__00790.263,8.338411834917387,40.543664355000004,A192,_,00790,263
A192__00750.263,8.381339228302021,40.54959926,A192,_,00750,263
A192__00740.263,8.354018597946627,40.55767934,A192,_,00740,263
A192__00730.263,8.350075126601448,40.55870933,A192,_,00730,263
A192__00720.263,8.334894618550244,40.558976135,A192,_,00720,263
A192__0071.263,8.321034173582532,40.559422420000004,A192,_,0071,263
A192__00690.263,8.376914102689202,40.568809485,A192,_,00690,263
A192__00680.263,8.356276682506252,40.569514639999994,A192,_,00680,263
A192__00670.263,8.343247479168799,40.5629741,A192,_,00670,263
A192__00630.263,8.336610490370347,40.57351251,A192,_,00630,263
A192__00620.263,8.323514044545762,40.574790725,A192,_,00620,263
A192__00590.263,8.397923286840395,40.578265195,A192,_,00590,263
A192__00570.263,8.353515667548121,40.587339345000004,A192,_,00570,263
A192__00560.263,8.331863769682933,40.587095149999996,A192,_,00560,263
A192__00550.263,8.320698713676727,40.58437788,A192,_,00550,263
A192__00540.263,8.342335929556333,40.591574925,A192,_,00540,263
A192__00530.263,8.337658902996012,40.596243675,A192,_,00530,263
A192__00520.263,8.324274869813582,40.594024184999995,A192,_,00520,263
A192__00500.263,8.316479063965712,40.582463595,A192,_,00500,263
A192__0049.263,8.282873305789064,40.592729285000004,A192,_,0049,263
A192__00480.263,8.223595692456971,40.590540114999996,A192,_,00480,263
A192__00390.263,8.323572538228992,40.59936961,A192,_,00390,263
A192__00380.263,8.313003684293607,40.597842959999994,A192,_,00380,263
A192__00360.263,8.300997109957962,40.603182149999995,A192,_,00360,263
A192__00350.263,8.272491027990586,40.602023654999996,A192,_,00350,263
A192__00340.263,8.26468175492133,40.61431731,A192,_,00340,263
A192__00300.263,8.388744793218187,40.61308032,A192,_,00300,263
A192__00290.263,8.38379765119498,40.612535015000006,A192,_,00290,263
A192__00250.263,8.278318209294365,40.62211836,A192,_,00250,263
A192__00240.263,8.21339387921439,40.63229845,A192,_,00240,263
A192__00210.263,8.32881056009667,40.626389885,A192,_,00210,263
A192__00190.263,8.200137845659054,40.620558835,A192,_,00190,263
A192__00170.263,8.316904857865724,40.637777465,A192,_,00170,263
A192__00160.263,8.26119568126284,40.624785335,A192,_,00160,263
A192__00150.263,8.239637431601839,40.645024425,A192,_,00150,263
A192__00120.263,8.307183169295469,40.635796495,A192,_,00120,263
A192__00090.263,8.222814177126724,40.64720246,A192,_,00090,263
A192__00060.263,8.297122979230569,40.65637141,A192,_,00060,263
A192__00040.263,8.245397106641867,40.649749045,A192,_,00040,263
A192__00020.263,8.202628146592776,40.651249115,A192,_,00020,263
A192__0071.2632,8.320729630126273,40.554888004999995,A192,_,0071,2632
A192__0071.2634,8.31899941869661,40.552381615,A192,_,0071,2634
A192__0071.2638,8.322333262826216,40.555567315000005,A192,_,0071,2638
A192__00010.264,8.217943598570049,40.655264040000006,A192,_,00010,264
A192__00970.264,8.314515570135551,40.557744154999995,A192,_,00970,264
A192__00960.264,8.363441350190037,40.50188296,A192,_,00960,264
A192__00950.264,8.338131389569892,40.51079912,A192,_,00950,264
A192__00930.264,8.340902212811997,40.51838028,A192,_,00930,264
A192__00900.264,8.356104199986063,40.5348723,A192,_,00900,264
A192__00890.264,8.345673242998439,40.530509245000005,A192,_,00890,264
A192__00880.264,8.346836624775028,40.5244048,A192,_,00880,264
A192__00860.264,8.349825932770838,40.541818475,A192,_,00860,264
A192__00850.264,8.335456523223392,40.541140485,A192,_,00850,264
A192__00840.264,8.329579596101954,40.537985555,A192,_,00840,264
A192__00810.264,8.37668513904757,40.543547415,A192,_,00810,264
A192__00800.264,8.345742316795262,40.550210065,A192,_,00800,264
A192__00790.264,8.338369853783366,40.5435877,A192,_,00790,264
A192__00780.264,8.327028911447222,40.545490825,A192,_,00780,264
A192__0077.264,8.327599029477854,40.556185255,A192,_,0077,264
A192__00750.264,8.377394120459002,40.54980655,A192,_,00750,264
A192__00740.264,8.353908706238627,40.557520395,A192,_,00740,264
A192__00670.264,8.343229730868458,40.562987025,A192,_,00670,264
A192__00660.264,8.327932487952394,40.559505470000005,A192,_,00660,264
A192__0064.264,8.319418696757923,40.56286953,A192,_,0064,264
A192__00630.264,8.336535445061985,40.57330057,A192,_,00630,264
A192__00620.264,8.323720487778406,40.57401505,A192,_,00620,264
A192__0061.264,8.321338803060028,40.573767419999996,A192,_,0061,264
A192__00600.264,8.331668442012045,40.583982660000004,A192,_,00600,264
A192__00590.264,8.38887128774591,40.580421125,A192,_,00590,264
A192__00570.264,8.353726575150754,40.58721822,A192,_,00570,264
A192__00560.264,8.332306172665128,40.587008505,A192,_,00560,264
A192__00520.264,8.324096810705996,40.59469746,A192,_,00520,264
A192__00510.264,8.319951309050222,40.594387194999996,A192,_,00510,264
A192__00480.264,8.223756564201004,40.59064132,A192,_,00480,264
A192__00420.264,8.34666044755972,40.600634625,A192,_,00420,264
A192__00400.264,8.325872756440429,40.597093695,A192,_,00400,264
A192__00350.264,8.271946995980567,40.60190538,A192,_,00350,264
A192__00340.264,8.264410085464347,40.614267685,A192,_,00340,264
A192__00320.264,8.214574564619577,40.593292465000005,A192,_,00320,264
A192__00290.264,8.382993835362587,40.612634920000005,A192,_,00290,264
A192__00260.264,8.314159134977395,40.620819705,A192,_,00260,264
A192__00240.264,8.217230005221232,40.63205749,A192,_,00240,264
A192__00190.264,8.20121880013737,40.62197552,A192,_,00190,264
A192__00170.264,8.31690607796439,40.63767124,A192,_,00170,264
A192__00160.264,8.265364869424445,40.62485733,A192,_,00160,264
A192__00150.264,8.239863601566391,40.644812439999995,A192,_,00150,264
A192__00120.264,8.307182444847609,40.63483997,A192,_,00120,264
A192__00090.264,8.205601511453121,40.64658791,A192,_,00090,264
A192__00070.264,8.323826726310394,40.6636097,A192,_,00070,264
A192__00060.264,8.300751397097162,40.66199099,A192,_,00060,264
A192__00040.264,8.244286457811915,40.645065635,A192,_,00040,264
A192__00020.264,8.202724583086297,40.65147348,A192,_,00020,264
A192__00040.265,8.252138471425656,40.64144806,A192,_,00040,265
A192__00970.265,8.314632502313945,40.557731180000005,A192,_,00970,265
A192__00960.265,8.363499685647508,40.501878545,A192,_,00960,265
A192__00950.265,8.337121349052211,40.511543495,A192,_,00950,265
A192__00940.265,8.354836193623782,40.50783119,A192,_,00940,265
A192__00930.265,8.340930604864116,40.518164835,A192,_,00930,265
A192__00900.265,8.3559808570315,40.534854695,A192,_,00900,265
A192__00890.265,8.345987228742027,40.53089969,A192,_,00890,265
A192__00880.265,8.349091650045906,40.524752475,A192,_,00880,265
A192__00860.265,8.350322339096568,40.541129475,A192,_,00860,265
A192__00850.265,8.342714385832402,40.531570795,A192,_,00850,265
A192__00840.265,8.329519504125152,40.53782663,A192,_,00840,265
A192__00810.265,8.376470723779954,40.543104505,A192,_,00810,265
A192__00800.265,8.345571141382809,40.549966010000006,A192,_,00800,265
A192__00780.265,8.327068906096443,40.54268431,A192,_,00780,265
A192__0077.265,8.328345846349272,40.55596319,A192,_,0077,265
A192__00740.265,8.35417134892699,40.558351474999995,A192,_,00740,265
A192__00730.265,8.350889634329327,40.55938818,A192,_,00730,265
A192__0072.265,8.330558224557665,40.5558018,A192,_,0072,265
A192__0071.265,8.321171376218928,40.55985651,A192,_,0071,265
A192__00690.265,8.377377892944876,40.569823095000004,A192,_,00690,265
A192__00680.265,8.351570672292219,40.569382385,A192,_,00680,265
A192__00670.265,8.34303086972135,40.563133815,A192,_,00670,265
A192__00660.265,8.327934863087204,40.559313215,A192,_,00660,265
A192__00620.265,8.323871727292227,40.574321595,A192,_,00620,265
A192__0061.265,8.321866898072852,40.573732505,A192,_,0061,265
A192__00600.265,8.350456644217855,40.578342930000005,A192,_,00600,265
A192__00590.265,8.388938855323609,40.57998144,A192,_,00590,265
A192__00560.265,8.323894064708437,40.57736536,A192,_,00560,265
A192__00530.265,8.335698356046723,40.589537230000005,A192,_,00530,265
A192__00510.265,8.314695806816179,40.596703735000006,A192,_,00510,265
A192__0049.265,8.282719515137083,40.592787645,A192,_,0049,265
A192__00480.265,8.223895074634957,40.590560350000004,A192,_,00480,265
A192__00420.265,8.346718311882768,40.60053548,A192,_,00420,265
A192__00400.265,8.32958209978188,40.600696479999996,A192,_,00400,265
A192__00380.265,8.314434379957628,40.59705436,A192,_,00380,265
A192__00360.265,8.302069270159576,40.603404755,A192,_,00360,265
A192__00350.265,8.272240501943816,40.60224925,A192,_,00350,265
A192__00340.265,8.265297943585024,40.614442725,A192,_,00340,265
A192__00300.265,8.387637315061195,40.61277685,A192,_,00300,265
A192__00290.265,8.380329625100106,40.61713037,A192,_,00290,265
A192__00250.265,8.277577350909617,40.60767621,A192,_,00250,265
A192__00240.265,8.21724913323714,40.632466199999996,A192,_,00240,265
A192__00190.265,8.201071158336362,40.62168079,A192,_,00190,265
A192__00170.265,8.31476059120671,40.63698216,A192,_,00170,265
A192__00160.265,8.268149073223865,40.624905505,A192,_,00160,265
A192__00110.265,8.294147256860619,40.648202855,A192,_,00110,265
A192__00100.265,8.273694892168798,40.6554586,A192,_,00100,265
A192__00090.265,8.20534778561097,40.6473666,A192,_,00090,265
A192__00050.265,8.274302130571762,40.66046,A192,_,00050,265
A192__00010.266,8.209923115733513,40.66158832,A192,_,00010,266
A192__00970.266,8.314632686194784,40.557803495,A192,_,00970,266
A192__00960.266,8.36529830879774,40.50121324,A192,_,00960,266
A192__00950.266,8.336814943903857,40.511719195,A192,_,00950,266
A192__00940.266,8.355405885088722,40.507930425,A192,_,00940,266
A192__00930.266,8.341051693514903,40.5180543,A192,_,00930,266
A192__00890.266,8.346274285273724,40.5308845,A192,_,00890,266
A192__00850.266,8.34293667517168,40.532505085,A192,_,00850,266
A192__00840.266,8.329439214854169,40.53766358,A192,_,00840,266
A192__00810.266,8.373171036343413,40.547588525,A192,_,00810,266
A192__00780.266,8.326921199456498,40.542290545,A192,_,00780,266
A192__0077.266,8.32787890427026,40.55522714,A192,_,0077,266
A192__00740.266,8.361282915366683,40.56334126,A192,_,00740,266
A192__00730.266,8.350282761500281,40.558113215000006,A192,_,00730,266
A192__00720.266,8.342052974493805,40.55699029,A192,_,00720,266
A192__0071.266,8.321281668956143,40.559711820000004,A192,_,0071,266
A192__00690.266,8.384922651772467,40.57034952,A192,_,00690,266
A192__00670.266,8.34284503690126,40.563293110000004,A192,_,00670,266
A192__00660.266,8.327952507265659,40.55941772,A192,_,00660,266
A192__0064.266,8.319762675333953,40.562428455,A192,_,0064,266
A192__00630.266,8.335841667286802,40.57299047,A192,_,00630,266
A192__00620.266,8.324064717742258,40.574698475000005,A192,_,00620,266
A192__0061.266,8.321900685249812,40.573079435,A192,_,0061,266
A192__00600.266,8.351807198410285,40.57644635,A192,_,00600,266
A192__00590.266,8.375966142316859,40.57742037,A192,_,00590,266
A192__00580.266,8.371377512125747,40.581802339999996,A192,_,00580,266
A192__00570.266,8.347540895622107,40.58909766,A192,_,00570,266
A192__00560.266,8.323838362304802,40.577396934999996,A192,_,00560,266
A192__00520.266,8.323171595148736,40.594442965,A192,_,00520,266
A192__00510.266,8.314922404963994,40.596510355,A192,_,00510,266
A192__00490.266,8.25363229297126,40.58435029,A192,_,00490,266
A192__00480.266,8.228525202142642,40.59134897,A192,_,00480,266
A192__00420.266,8.341313819636351,40.60393271,A192,_,00420,266
A192__00400.266,8.323848864655176,40.602974939999996,A192,_,00400,266
A192__00380.266,8.313083865138529,40.597088305,A192,_,00380,266
A192__00350.266,8.271587630112062,40.601870455,A192,_,00350,266
A192__00340.266,8.265066885586798,40.614498375,A192,_,00340,266
A192__00300.266,8.38750728509801,40.61262365,A192,_,00300,266
A192__00240.266,8.212685959244169,40.631914185,A192,_,00240,266
A192__00190.266,8.200842348820899,40.621223165,A192,_,00190,266
A192__00170.266,8.314764251080007,40.635414415,A192,_,00170,266
A192__00160.266,8.27003471997688,40.62492898,A192,_,00160,266
A192__00110.266,8.294284060041024,40.64892442,A192,_,00110,266
A192__00100.266,8.270602775893149,40.645954265,A192,_,00100,266
A192__00090.266,8.20989367288352,40.648590875,A192,_,00090,266
A192__00060.266,8.30690570701801,40.659508985,A192,_,00060,266
A192__00040.266,8.263090758025164,40.641262415,A192,_,00040,266
A192__00020.266,8.219322596518499,40.654757485000005,A192,_,00020,266
A192__0071.2662,8.325730816342222,40.555211355,A192,_,0071,2662
A192__00010.267,8.21015203891507,40.66172384,A192,_,00010,267
A192__00970.267,8.314713608651033,40.557798005,A192,_,00970,267
A192__00960.267,8.362931185710874,40.502020445,A192,_,00960,267
A192__00950.267,8.336851806405829,40.51181967,A192,_,00950,267
A192__00940.267,8.357322874070238,40.516900899999996,A192,_,00940,267
A192__00930.267,8.34094250423244,40.517781889999995,A192,_,00930,267
A192__00890.267,8.34668746987953,40.530410295,A192,_,00890,267
A192__00880.267,8.350034425410751,40.524344830000004,A192,_,00880,267
A192__00850.267,8.34279323163101,40.53265748,A192,_,00850,267
A192__00840.267,8.328823248678354,40.53799004,A192,_,00840,267
A192__0077.267,8.330094597251373,40.555416955,A192,_,0077,267
A192__00740.267,8.357597600624086,40.56433591,A192,_,00740,267
A192__00730.267,8.348833628747471,40.560704744999995,A192,_,00730,267
A192__00720.267,8.34235704922612,40.557814105,A192,_,00720,267
A192__0071.267,8.321398282882726,40.559563595,A192,_,0071,267
A192__00690.267,8.379790131604345,40.566215975,A192,_,00690,267
A192__00670.267,8.342883394518186,40.569479645,A192,_,00670,267
A192__00660.267,8.327982926428955,40.55933412,A192,_,00660,267
A192__00620.267,8.324089540923534,40.57450691,A192,_,00620,267
A192__00600.267,8.351475591832248,40.576854485,A192,_,00600,267
A192__00590.267,8.37672725283548,40.57748087,A192,_,00590,267
A192__00560.267,8.323103960490585,40.577082495,A192,_,00560,267
A192__00540.267,8.355311714140605,40.593767220000004,A192,_,00540,267
A192__00510.267,8.314968248861337,40.596485675,A192,_,00510,267
A192__0050.267,8.31223395215872,40.578655624999996,A192,_,0050,267
A192__0049.267,8.285134345778857,40.591497855,A192,_,0049,267
A192__00420.267,8.341024042892467,40.603820825,A192,_,00420,267
A192__00400.267,8.330851905834358,40.601618465,A192,_,00400,267
A192__00380.267,8.313646543616777,40.595944855,A192,_,00380,267
A192__00360.267,8.300403059055466,40.6114111,A192,_,00360,267
A192__00350.267,8.272647130712475,40.60154407,A192,_,00350,267
A192__00340.267,8.2651428689528,40.614333904999995,A192,_,00340,267
A192__00320.267,8.214546761792676,40.593106379999995,A192,_,00320,267
A192__00300.267,8.385032845988974,40.611982565000005,A192,_,00300,267
A192__00290.267,8.38048038102316,40.614562320000005,A192,_,00290,267
A192__00250.267,8.273714182855844,40.62867122,A192,_,00250,267
A192__00240.267,8.21294451515887,40.632425805,A192,_,00240,267
A192__00210.267,8.360752817656955,40.631206065,A192,_,00210,267
A192__00190.267,8.20060205931809,40.620742155,A192,_,00190,267
A192__00170.267,8.317943553602532,40.6344987,A192,_,00170,267
A192__00110.267,8.294586192234748,40.649610485,A192,_,00110,267
A192__00090.267,8.208855766584573,40.648046555,A192,_,00090,267
A192__00070.267,8.326546438019486,40.660143645,A192,_,00070,267
A192__00060.267,8.300630049965218,40.660925684999995,A192,_,00060,267
A192__00040.267,8.25090418512366,40.665041305,A192,_,00040,267
A192__00030.267,8.243521050174948,40.664636675,A192,_,00030,267
A192__00020.267,8.221311903274591,40.655039155,A192,_,00020,267
A192__00010.268,8.210223570953818,40.66184434,A192,_,00010,268
A192__00970.268,8.314725213806135,40.55772891,A192,_,00970,268
A192__00960.268,8.363385949612677,40.502071355,A192,_,00960,268
A192__00950.268,8.336732413564611,40.511971605,A192,_,00950,268
A192__00930.268,8.340966360214278,40.51762976,A192,_,00930,268
A192__00880.268,8.348897788918245,40.52574473,A192,_,00880,268
A192__00850.268,8.343516641320718,40.53087977,A192,_,00850,268
A192__00840.268,8.329068380140889,40.53809787,A192,_,00840,268
A192__00810.268,8.372089323463726,40.54706157,A192,_,00810,268
A192__00780.268,8.326994217059422,40.545595405,A192,_,00780,268
A192__0077.268,8.327391954030524,40.55497531,A192,_,0077,268
A192__00740.268,8.3612847468011,40.56011884,A192,_,00740,268
A192__00720.268,8.340586083543602,40.55792479,A192,_,00720,268
A192__00690.268,8.380796669115082,40.566566734999995,A192,_,00690,268
A192__00660.268,8.32785576942496,40.55927989,A192,_,00660,268
A192__0064.268,8.32054303226262,40.561523365,A192,_,0064,268
A192__00620.268,8.323935156409537,40.57479575,A192,_,00620,268
A192__0061.268,8.3216464744808,40.573303159999995,A192,_,0061,268
A192__00600.268,8.35125880066515,40.577266955,A192,_,00600,268
A192__00590.268,8.377483026712735,40.577539855,A192,_,00590,268
A192__00570.268,8.348273835768808,40.589108475,A192,_,00570,268
A192__00540.268,8.355509001484108,40.593815559999996,A192,_,00540,268
A192__00530.268,8.335905085230028,40.595921395,A192,_,00530,268
A192__00510.268,8.320209781523083,40.594024715,A192,_,00510,268
A192__0050.268,8.312859598321893,40.577940975,A192,_,0050,268
A192__0049.268,8.285244592421709,40.591363365,A192,_,0049,268
A192__00480.268,8.245963418979464,40.584892795,A192,_,00480,268
A192__00420.268,8.348201378306946,40.602804954999996,A192,_,00420,268
A192__00410.268,8.331958204335969,40.605297925,A192,_,00410,268
A192__00400.268,8.32627352132791,40.608450335,A192,_,00400,268
A192__00390.268,8.324479640889578,40.60886198,A192,_,00390,268
A192__00380.268,8.313939228204038,40.59661148,A192,_,00380,268
A192__00350.268,8.271774877731469,40.601368295,A192,_,00350,268
A192__00340.268,8.2613744768219,40.604276555,A192,_,00340,268
A192__00320.268,8.21414701002891,40.59312951,A192,_,00320,268
A192__00290.268,8.380950358136179,40.61569314,A192,_,00290,268
A192__00240.268,8.21260032150394,40.63232012,A192,_,00240,268
A192__00210.268,8.360904008553392,40.63135148,A192,_,00210,268
A192__00190.268,8.200460495654688,40.620459865,A192,_,00190,268
A192__00170.268,8.320121995175949,40.634497464999995,A192,_,00170,268
A192__00120.268,8.304036820690031,40.630740315,A192,_,00120,268
A192__00110.268,8.294582949116334,40.649804579999994,A192,_,00110,268
A192__00100.268,8.271351202841187,40.647293489999996,A192,_,00100,268
A192__00070.268,8.326123947746533,40.66120059,A192,_,00070,268
A192__00060.268,8.30118414090285,40.659302725,A192,_,00060,268
A192__00050.268,8.27406314183052,40.659532825,A192,_,00050,268
A192__00040.268,8.251930064288837,40.662595195,A192,_,00040,268
A192__00030.268,8.243957720370354,40.663596784999996,A192,_,00030,268
A192__00020.268,8.221447088598243,40.654741795,A192,_,00020,268
A192__00010.269,8.210257896974817,40.661632585,A192,_,00010,269
A192__00970.269,8.31480254786619,40.557729085000005,A192,_,00970,269
A192__00960.269,8.363441935640765,40.502063615,A192,_,00960,269
A192__00950.269,8.336830083578366,40.512074095,A192,_,00950,269
A192__00930.269,8.341015292290539,40.5173985,A192,_,00930,269
A192__00890.269,8.35190980529378,40.53098503,A192,_,00890,269
A192__00860.269,8.36785749360811,40.541558635,A192,_,00860,269
A192__00850.269,8.343665293433276,40.533096715,A192,_,00850,269
A192__00840.269,8.328777547100561,40.537833145,A192,_,00840,269
A192__00810.269,8.371020149284101,40.546774815000006,A192,_,00810,269
A192__0077.269,8.327511936004264,40.554856689999994,A192,_,0077,269
A192__00740.269,8.361420326757834,40.560002215,A192,_,00740,269
A192__00730.269,8.349318440001214,40.55992139,A192,_,00730,269
A192__00720.269,8.341021886899497,40.557008525,A192,_,00720,269
A192__00680.269,8.350421778403975,40.571317825,A192,_,00680,269
A192__00670.269,8.347777987276356,40.567190014999994,A192,_,00670,269
A192__00620.269,8.3237426095613,40.575053005,A192,_,00620,269
A192__0061.269,8.321663779303972,40.57320292,A192,_,0061,269
A192__00590.269,8.378220987979933,40.577606305,A192,_,00590,269
A192__00560.269,8.323103377696807,40.577149774999995,A192,_,00560,269
A192__00540.269,8.346817206020935,40.592995134999995,A192,_,00540,269
A192__00530.269,8.335048081016732,40.593148315,A192,_,00530,269
A192__00510.269,8.320254976216416,40.59419261,A192,_,00510,269
A192__00500.269,8.307759756976543,40.584931525,A192,_,00500,269
A192__00410.269,8.33203247228355,40.605777669999995,A192,_,00410,269
A192__00400.269,8.326087484742288,40.60852278,A192,_,00400,269
A192__00380.269,8.313104608714411,40.596229395,A192,_,00380,269
A192__00350.269,8.272851879333986,40.60099626,A192,_,00350,269
A192__00340.269,8.266043922836625,40.60541085,A192,_,00340,269
A192__00320.269,8.213881460235083,40.593157559999995,A192,_,00320,269
A192__00250.269,8.276040235499327,40.628675619999996,A192,_,00250,269
A192__00240.269,8.221733803604788,40.61829659,A192,_,00240,269
A192__00190.269,8.200439800326825,40.620218465,A192,_,00190,269
A192__00170.269,8.309234408822935,40.634406135,A192,_,00170,269
A192__00120.269,8.306067839320894,40.630044389999995,A192,_,00120,269
A192__00110.269,8.294559232654908,40.64934079,A192,_,00110,269
A192__00090.269,8.20804269163045,40.648107155,A192,_,00090,269
A192__00060.269,8.304668080446223,40.65895438,A192,_,00060,269
A192__00050.269,8.284739370262844,40.665116229999995,A192,_,00050,269
A192__00040.269,8.252642484973753,40.665130895000004,A192,_,00040,269
A192__00030.269,8.242092983659305,40.664995239999996,A192,_,00030,269
A192__00020.269,8.221130127707124,40.65493543,A192,_,00020,269
A192__0071.2694,8.326447801720683,40.56020605,A192,_,0071,2694
A192__00020.27,8.211259823700239,40.6548626,A192,_,00020,27
A192__00970.27,8.312509270832752,40.559524295,A192,_,00970,27
A192__00960.27,8.36574296846338,40.52194821,A192,_,00960,27
A192__00950.27,8.346582476585525,40.518444355,A192,_,00950,27
A192__00940.27,8.353494586677337,40.520486815,A192,_,00940,27
A192__00930.27,8.333140947264233,40.521470475,A192,_,00930,27
A192__00910.27,8.412613534695101,40.533207855,A192,_,00910,27
A192__00900.27,8.366278327633648,40.53534349,A192,_,00900,27
A192__00890.27,8.352099232872915,40.534792315000004,A192,_,00890,27
A192__00860.27,8.354121074286445,40.53982983,A192,_,00860,27
A192__00850.27,8.339624175779008,40.53738183,A192,_,00850,27
A192__00820.27,8.379617758770406,40.548356945,A192,_,00820,27
A192__00810.27,8.365451773680677,40.548835170000004,A192,_,00810,27
A192__00800.27,8.353280633706007,40.55028978,A192,_,00800,27
A192__00790.27,8.34085547204882,40.54466281,A192,_,00790,27
A192__00740.27,8.362139912010825,40.558816155,A192,_,00740,27
A192__00730.27,8.348565551924374,40.55647906,A192,_,00730,27
A192__00720.27,8.336037490549185,40.55740496,A192,_,00720,27
A192__0061.27,8.316730396006946,40.576713765,A192,_,0061,27
A192__00570.27,8.344310269040268,40.588595915,A192,_,00570,27
A192__00560.27,8.324883255688922,40.583577489999996,A192,_,00560,27
A192__00550.27,8.318876956140599,40.58863855,A192,_,00550,27
A192__00540.27,8.342392217560102,40.592448605,A192,_,00540,27
A192__00530.27,8.334744445597694,40.595304549999994,A192,_,00530,27
A192__00510.27,8.319996095936578,40.594647370000004,A192,_,00510,27
A192__00470.27,8.213207066256565,40.573145679999996,A192,_,00470,27
A192__00460.27,8.16176124665652,40.575660415,A192,_,00460,27
A192__00440.27,8.389162908442188,40.60897262,A192,_,00440,27
A192__00430.27,8.37244403289013,40.5975809,A192,_,00430,27
A192__00420.27,8.344203576363226,40.596735355,A192,_,00420,27
A192__00410.27,8.340252408078069,40.606259570000006,A192,_,00410,27
A192__00400.27,8.323884106128283,40.603637539999994,A192,_,00400,27
A192__00390.27,8.320815365100714,40.60968593,A192,_,00390,27
A192__00380.27,8.306995864053725,40.59446382,A192,_,00380,27
A192__00370.27,8.288175727393373,40.59438401,A192,_,00370,27
A192__00360.27,8.29839264678607,40.600748949999996,A192,_,00360,27
A192__00330.27,8.228936045790114,40.60097688,A192,_,00330,27
A192__00300.27,8.380284155053193,40.605453804999996,A192,_,00300,27
A192__00290.27,8.396772894615108,40.619855965,A192,_,00290,27
A192__00280.27,8.361838476971165,40.602901239999994,A192,_,00280,27
A192__00260.27,8.299387859129652,40.61669941,A192,_,00260,27
A192__00240.27,8.215110271617053,40.61344306,A192,_,00240,27
A192__00230.27,8.186467148942938,40.6089763,A192,_,00230,27
A192__00220.27,8.143600336452728,40.614816745,A192,_,00220,27
A192__00200.27,8.253715612635233,40.631752000000006,A192,_,00200,27
A192__00150.27,8.237670198095454,40.63871573,A192,_,00150,27
A192__00070.27,8.33705296140542,40.65866546,A192,_,00070,27
A192__00010.270,8.230456108119617,40.655973775,A192,_,00010,270
A192__00970.270,8.31479630894033,40.55779477,A192,_,00970,270
A192__00950.270,8.336845021596327,40.512557755,A192,_,00950,270
A192__00930.270,8.340715433697925,40.517296025,A192,_,00930,270
A192__00860.270,8.368343103632963,40.542982945,A192,_,00860,270
A192__00840.270,8.328913969082551,40.53781643,A192,_,00840,270
A192__00810.270,8.371205754256355,40.546491245,A192,_,00810,270
A192__00780.270,8.326991378867515,40.54568526,A192,_,00780,270
A192__0077.270,8.328006064765074,40.55288128,A192,_,0077,270
A192__00740.270,8.361251282976951,40.55988971,A192,_,00740,270
A192__00720.270,8.339119149396517,40.55641106,A192,_,00720,270
A192__0071.270,8.32624958788125,40.55466244,A192,_,0071,270
A192__00690.270,8.380486690951361,40.566034110000004,A192,_,00690,270
A192__00670.270,8.34678181079486,40.56711642,A192,_,00670,270
A192__0064.270,8.320957352282274,40.561425765,A192,_,0064,270
A192__00630.270,8.335807793962347,40.572084149999995,A192,_,00630,270
A192__00620.270,8.323628912887038,40.57490647,A192,_,00620,270
A192__0061.270,8.321876523803972,40.573648975,A192,_,0061,270
A192__00590.270,8.376521974159012,40.5769152,A192,_,00590,270
A192__00570.270,8.341324383153367,40.590499015000006,A192,_,00570,270
A192__00560.270,8.323059652286641,40.577185515,A192,_,00560,270
A192__00530.270,8.334182005336771,40.59322283,A192,_,00530,270
A192__00520.270,8.332007254289397,40.59310366,A192,_,00520,270
A192__00510.270,8.318271173484396,40.596922055,A192,_,00510,270
A192__00500.270,8.31611571847441,40.582241085,A192,_,00500,270
A192__00480.270,8.224517120816198,40.590547125,A192,_,00480,270
A192__00360.270,8.31953807194822,40.613315355,A192,_,00360,270
A192__00350.270,8.271982031260723,40.600810034999995,A192,_,00350,270
A192__00340.270,8.265916227791642,40.60507561,A192,_,00340,270
A192__00320.270,8.213608288683016,40.59319929,A192,_,00320,270
A192__00290.270,8.379771754372085,40.616801734999996,A192,_,00290,270
A192__00250.270,8.279058262412187,40.62677495,A192,_,00250,270
A192__00210.270,8.360360125102781,40.63162114,A192,_,00210,270
A192__00190.270,8.201456980786624,40.62192632,A192,_,00190,270
A192__00170.270,8.31098786969697,40.634405279999996,A192,_,00170,270
A192__00120.270,8.305690333636882,40.63074281,A192,_,00120,270
A192__00110.270,8.295241641349945,40.647756439999995,A192,_,00110,270
A192__00100.270,8.272201275971513,40.64194977,A192,_,00100,270
A192__00090.270,8.208502994087386,40.6482604,A192,_,00090,270
A192__00070.270,8.332111556863008,40.657354395,A192,_,00070,270
A192__00050.270,8.283791469800843,40.66647222,A192,_,00050,270
A192__00040.270,8.25068172770246,40.657033205000005,A192,_,00040,270
A192__00030.270,8.242790671643343,40.66501296,A192,_,00030,270
A192__0071.2704,8.323617761106227,40.55675594,A192,_,0071,2704
A192__00010.271,8.231069407183202,40.656011955,A192,_,00010,271
A192__00970.271,8.314883829941031,40.557801325,A192,_,00970,271
A192__00960.271,8.359120362383615,40.499938195,A192,_,00960,271
A192__00950.271,8.335868012524944,40.513001355,A192,_,00950,271
A192__00940.271,8.358075195041701,40.5159356,A192,_,00940,271
A192__00880.271,8.345058260406361,40.526005765,A192,_,00880,271
A192__00860.271,8.367937718570555,40.542200585,A192,_,00860,271
A192__00850.271,8.335043391109492,40.538602485,A192,_,00850,271
A192__00840.271,8.328592025510206,40.53776269,A192,_,00840,271
A192__00810.271,8.370448088044615,40.546416820000005,A192,_,00810,271
A192__00800.271,8.358538088684414,40.542528355,A192,_,00800,271
A192__00740.271,8.361370858563228,40.559650184999995,A192,_,00740,271
A192__00720.271,8.341380909478964,40.557107035,A192,_,00720,271
A192__00690.271,8.381362066922442,40.56614705,A192,_,00690,271
A192__0064.271,8.320319709657287,40.561909990000004,A192,_,0064,271
A192__00630.271,8.336189017759192,40.572423485,A192,_,00630,271
A192__00620.271,8.323488152774587,40.573975865,A192,_,00620,271
A192__0061.271,8.316653231302034,40.574253915,A192,_,0061,271
A192__00590.271,8.377979646304285,40.577003219999995,A192,_,00590,271
A192__00560.271,8.333660653538294,40.587724249999994,A192,_,00560,271
A192__00550.271,8.321614883677002,40.583503895,A192,_,00550,271
A192__00520.271,8.33185877043923,40.592967945,A192,_,00520,271
A192__00500.271,8.316693284545227,40.582164195,A192,_,00500,271
A192__00480.271,8.243659812272787,40.593786449999996,A192,_,00480,271
A192__00390.271,8.322562457797394,40.60782581,A192,_,00390,271
A192__00360.271,8.316888181143293,40.613334025,A192,_,00360,271
A192__00350.271,8.273054617858907,40.600442625,A192,_,00350,271
A192__00320.271,8.212707376188304,40.594458435,A192,_,00320,271
A192__00290.271,8.384569434919952,40.612334615,A192,_,00290,271
A192__00250.271,8.278999304962342,40.628684895,A192,_,00250,271
A192__00240.271,8.216378530717124,40.632342054999995,A192,_,00240,271
A192__00190.271,8.20124978848343,40.621502160000006,A192,_,00190,271
A192__00170.271,8.314589913068831,40.6338011,A192,_,00170,271
A192__00110.271,8.296075065443873,40.647836695,A192,_,00110,271
A192__00090.271,8.211966572063837,40.640836365,A192,_,00090,271
A192__00040.271,8.252360336532373,40.658432065,A192,_,00040,271
A192__00030.271,8.225345123373335,40.649227395,A192,_,00030,271
A192__00020.271,8.209131950950493,40.655616635,A192,_,00020,271
A192__00010.272,8.231888025205187,40.656060905000004,A192,_,00010,272
A192__00970.272,8.314891387496772,40.55773503,A192,_,00970,272
A192__00960.272,8.363659816251893,40.49826858,A192,_,00960,272
A192__00950.272,8.33696672987179,40.512354875,A192,_,00950,272
A192__00940.272,8.357747914086922,40.51666909,A192,_,00940,272
A192__00930.272,8.340626747478096,40.51850959,A192,_,00930,272
A192__00890.272,8.349890449688015,40.537281495,A192,_,00890,272
A192__00860.272,8.367831887464689,40.54194269,A192,_,00860,272
A192__00850.272,8.334846864714564,40.538433665,A192,_,00850,272
A192__00840.272,8.328709442480585,40.537734815,A192,_,00840,272
A192__00810.272,8.370737743218637,40.546092365,A192,_,00810,272
A192__00800.272,8.359601947467752,40.54697104500001,A192,_,00800,272
A192__00780.272,8.326846069184667,40.544397285,A192,_,00780,272
A192__0077.272,8.328383916022108,40.55166697999999,A192,_,0077,272
A192__00740.272,8.361287617100821,40.559516395,A192,_,00740,272
A192__00730.272,8.349363432458347,40.559694385,A192,_,00730,272
A192__00690.272,8.37367699536593,40.574029339999996,A192,_,00690,272
A192__00660.272,8.328104012413569,40.559384095,A192,_,00660,272
A192__00630.272,8.336561781523475,40.572848144999995,A192,_,00630,272
A192__00620.272,8.332193991785562,40.576987884999994,A192,_,00620,272
A192__0061.272,8.316779932936994,40.5741703,A192,_,0061,272
A192__00590.272,8.376599658682775,40.576556575,A192,_,00590,272
A192__00560.272,8.33380443681429,40.587717605,A192,_,00560,272
A192__00530.272,8.335170105819362,40.59540742,A192,_,00530,272
A192__00520.272,8.331843214876269,40.592843855,A192,_,00520,272
A192__00510.272,8.315696434859706,40.59083028,A192,_,00510,272
A192__00500.272,8.309494088049416,40.581294415,A192,_,00500,272
A192__0049.272,8.281239644518894,40.592874415,A192,_,0049,272
A192__00480.272,8.243477936305394,40.593274655,A192,_,00480,272
A192__00380.272,8.313480742966656,40.59842252,A192,_,00380,272
A192__00360.272,8.311524861756123,40.6117657,A192,_,00360,272
A192__00350.272,8.272203514885964,40.600215925,A192,_,00350,272
A192__00340.272,8.267460249910108,40.620216355,A192,_,00340,272
A192__00320.272,8.213649757464108,40.593734255,A192,_,00320,272
A192__00290.272,8.384703213208933,40.612233615,A192,_,00290,272
A192__00260.272,8.31524040309493,40.621385925,A192,_,00260,272
A192__00240.272,8.216308084514628,40.63248584,A192,_,00240,272
A192__00190.272,8.201087938964523,40.62117879,A192,_,00190,272
A192__00170.272,8.314594804828298,40.632085675,A192,_,00170,272
A192__00120.272,8.311247606978633,40.641255455,A192,_,00120,272
A192__00110.272,8.296415646544112,40.647817875,A192,_,00110,272
A192__00070.272,8.329232671342448,40.664539739999995,A192,_,00070,272
A192__00060.272,8.307848942969557,40.65943542,A192,_,00060,272
A192__00040.272,8.253615525057624,40.657228309999994,A192,_,00040,272
A192__00030.272,8.22507534614373,40.649179655,A192,_,00030,272
A192__00020.272,8.208387824650927,40.655411545,A192,_,00020,272
A192__0071.2720,8.323366163736228,40.55596165,A192,_,0071,2720
A192__00010.273,8.232499155576946,40.656093525,A192,_,00010,273
A192__00970.273,8.314960826119759,40.55780133499999,A192,_,00970,273
A192__00960.273,8.367164165318464,40.496986289999995,A192,_,00960,273
A192__00950.273,8.334500558915158,40.513995984999994,A192,_,00950,273
A192__00940.273,8.35817093588902,40.516206855,A192,_,00940,273
A192__00930.273,8.340636445978843,40.518373345,A192,_,00930,273
A192__00860.273,8.368691597317603,40.542005925,A192,_,00860,273
A192__00850.273,8.342738747781247,40.532180605,A192,_,00850,273
A192__00840.273,8.328784762420113,40.53864036,A192,_,00840,273
A192__00810.273,8.369950465620935,40.54641148,A192,_,00810,273
A192__00800.273,8.360319617464832,40.546376605,A192,_,00800,273
A192__00790.273,8.341160918303128,40.547392515,A192,_,00790,273
A192__0077.273,8.327691795126025,40.552365815,A192,_,0077,273
A192__00690.273,8.367984611829025,40.568149145,A192,_,00690,273
A192__0065.273,8.318652501923967,40.56162447,A192,_,0065,273
A192__00630.273,8.336728913479861,40.572962114999996,A192,_,00630,273
A192__00620.273,8.332946905856067,40.57664716,A192,_,00620,273
A192__00590.273,8.378029332803404,40.576605025,A192,_,00590,273
A192__00560.273,8.330317486865098,40.587131185000004,A192,_,00560,273
A192__00540.273,8.356681111531216,40.592748314999994,A192,_,00540,273
A192__00510.273,8.315543291872915,40.590793345,A192,_,00510,273
A192__00500.273,8.307687292258542,40.584864235,A192,_,00500,273
A192__0049.273,8.281240097374322,40.59282763,A192,_,0049,273
A192__00400.273,8.324992514631518,40.598284125,A192,_,00400,273
A192__00390.273,8.31880099762187,40.601605629999995,A192,_,00390,273
A192__00380.273,8.314582951808557,40.597284564999995,A192,_,00380,273
A192__00360.273,8.303483575623158,40.60469024,A192,_,00360,273
A192__00350.273,8.273187103509631,40.599962875,A192,_,00350,273
A192__00340.273,8.267208547623117,40.620153605,A192,_,00340,273
A192__00320.273,8.21318349054255,40.593300479999996,A192,_,00320,273
A192__00300.273,8.390237526737902,40.614573109999995,A192,_,00300,273
A192__00290.273,8.381990651562603,40.612207695,A192,_,00290,273
A192__00260.273,8.315091396906311,40.621039034999995,A192,_,00260,273
A192__00250.273,8.27258577009277,40.62867981,A192,_,00250,273
A192__00240.273,8.216514947448964,40.632559045,A192,_,00240,273
A192__00210.273,8.360673098564785,40.63095726,A192,_,00210,273
A192__00190.273,8.200847280637715,40.620697,A192,_,00190,273
A192__00170.273,8.314782805283201,40.632781015,A192,_,00170,273
A192__00120.273,8.31087238272578,40.64110025,A192,_,00120,273
A192__00070.273,8.327732967428103,40.665717369999996,A192,_,00070,273
A192__00060.273,8.296907452604508,40.65390774,A192,_,00060,273
A192__00050.273,8.275984800676152,40.66609239,A192,_,00050,273
A192__00040.273,8.256719279623763,40.65516804,A192,_,00040,273
A192__00020.273,8.208947427584262,40.65504362,A192,_,00020,273
A192__0071.2730,8.32106012137076,40.553716265,A192,_,0071,2730
A192__0071.2734,8.320542764743365,40.553942765,A192,_,0071,2734
A192__0071.2736,8.31907841906266,40.552671079999996,A192,_,0071,2736
A192__0071.2738,8.322864510156803,40.55305385,A192,_,0071,2738
A192__00010.274,8.233291906022192,40.65614062,A192,_,00010,274
A192__00970.274,8.314975686284171,40.557740624999994,A192,_,00970,274
A192__00950.274,8.335056557323584,40.51363967,A192,_,00950,274
A192__00940.274,8.358339126337981,40.51629977,A192,_,00940,274
A192__00930.274,8.340647982482338,40.51818110000001,A192,_,00930,274
A192__00880.274,8.344101847376132,40.526036305,A192,_,00880,274
A192__00850.274,8.335499636993205,40.53820038,A192,_,00850,274
A192__00840.274,8.328710987449359,40.538308325,A192,_,00840,274
A192__00810.274,8.37032302563993,40.54662868,A192,_,00810,274
A192__00800.274,8.359638767785682,40.545661839999994,A192,_,00800,274
A192__00790.274,8.341308980093176,40.547613365000004,A192,_,00790,274
A192__0077.274,8.328193818994,40.552361805000004,A192,_,0077,274
A192__00750.274,8.370612036731163,40.55167667,A192,_,00750,274
A192__00740.274,8.357107529272412,40.55322168,A192,_,00740,274
A192__00690.274,8.366777627769295,40.568678395,A192,_,00690,274
A192__00670.274,8.347182030467678,40.56697778,A192,_,00670,274
A192__00660.274,8.334849441849965,40.565163435,A192,_,00660,274
A192__0064.274,8.320945832780808,40.561652269999996,A192,_,0064,274
A192__00630.274,8.337122239825732,40.57311121,A192,_,00630,274
A192__00620.274,8.32487494875976,40.573028015,A192,_,00620,274
A192__00600.274,8.348849551104248,40.577905689999994,A192,_,00600,274
A192__00590.274,8.37695679473919,40.576078345,A192,_,00590,274
A192__00570.274,8.348932054204166,40.58799646,A192,_,00570,274
A192__00560.274,8.324619898933156,40.58477567,A192,_,00560,274
A192__00540.274,8.349940395363436,40.594563285,A192,_,00540,274
A192__00530.274,8.337733662740625,40.593489930000004,A192,_,00530,274
A192__00520.274,8.332013358102133,40.591126715,A192,_,00520,274
A192__00510.274,8.315986265852743,40.59026641,A192,_,00510,274
A192__00480.274,8.243165041137793,40.59239924,A192,_,00480,274
A192__00390.274,8.319005897981157,40.60183978,A192,_,00390,274
A192__00360.274,8.302740009796121,40.604951355,A192,_,00360,274
A192__00350.274,8.265128419684467,40.599038050000004,A192,_,00350,274
A192__00340.274,8.267069396228965,40.620286775,A192,_,00340,274
A192__00320.274,8.212924633999203,40.593124595,A192,_,00320,274
A192__00300.274,8.387513133437452,40.61229341000001,A192,_,00300,274
A192__00290.274,8.381194460514433,40.611878430000004,A192,_,00290,274
A192__00260.274,8.313215694939823,40.61950753,A192,_,00260,274
A192__00250.274,8.27200044562133,40.628399105,A192,_,00250,274
A192__00240.274,8.229779037088107,40.605955375,A192,_,00240,274
A192__00210.274,8.36109541158877,40.631208055,A192,_,00210,274
A192__00190.274,8.200691216204959,40.620386665,A192,_,00190,274
A192__00110.274,8.29643256692093,40.64858644,A192,_,00110,274
A192__00100.274,8.275035739699087,40.654173555,A192,_,00100,274
A192__00090.274,8.219232474165274,40.647324335,A192,_,00090,274
A192__00070.274,8.327332177660546,40.665147,A192,_,00070,274
A192__00060.274,8.296898649587192,40.651740015,A192,_,00060,274
A192__00040.274,8.263722364488189,40.653282245,A192,_,00040,274
A192__00030.274,8.22677066042964,40.64885937,A192,_,00030,274
A192__00020.274,8.223672691416615,40.64902417,A192,_,00020,274
A192__0071.2740,8.324111398865028,40.559130780000004,A192,_,0071,2740
A192__00010.275,8.233902927082415,40.656175625,A192,_,00010,275
A192__00970.275,8.315035781678652,40.557745895,A192,_,00970,275
A192__00950.275,8.33424208772973,40.51401367,A192,_,00950,275
A192__00930.275,8.34065498695917,40.51807018,A192,_,00930,275
A192__00890.275,8.346038892444273,40.53089969,A192,_,00890,275
A192__00880.275,8.344692038017925,40.526053575,A192,_,00880,275
A192__00860.275,8.36911856875341,40.543020035,A192,_,00860,275
A192__00840.275,8.329101216686436,40.53853115,A192,_,00840,275
A192__00800.275,8.3445127769489,40.549270725,A192,_,00800,275
A192__00740.275,8.36233739071564,40.560887394999995,A192,_,00740,275
A192__00730.275,8.349162164989458,40.559173990000005,A192,_,00730,275
A192__00720.275,8.345825937488264,40.558141774999996,A192,_,00720,275
A192__00690.275,8.36712990252439,40.568983445,A192,_,00690,275
A192__00670.275,8.347347787052191,40.566774195,A192,_,00670,275
A192__00660.275,8.334995952904379,40.565196529999994,A192,_,00660,275
A192__0061.275,8.320942275160721,40.574096354999995,A192,_,0061,275
A192__00600.275,8.33232709143191,40.58404925,A192,_,00600,275
A192__00590.275,8.378077720500798,40.57621744,A192,_,00590,275
A192__00560.275,8.330722415020986,40.586422825,A192,_,00560,275
A192__00540.275,8.347959396689935,40.593245405,A192,_,00540,275
A192__00530.275,8.338407650793997,40.596589495,A192,_,00530,275
A192__00510.275,8.319831822604176,40.59511072,A192,_,00510,275
A192__00500.275,8.314272236668863,40.581949144999996,A192,_,00500,275
A192__00480.275,8.21891873697783,40.59300704,A192,_,00480,275
A192__00360.275,8.303939432606176,40.60555409,A192,_,00360,275
A192__00320.275,8.212419604043026,40.59305192,A192,_,00320,275
A192__00300.275,8.387310254699104,40.612164,A192,_,00300,275
A192__00290.275,8.382373479606642,40.611970455000005,A192,_,00290,275
A192__00250.275,8.27191212678267,40.6286821,A192,_,00250,275
A192__00240.275,8.230949650650206,40.608887374999995,A192,_,00240,275
A192__00210.275,8.360139318897094,40.630607845,A192,_,00210,275
A192__00190.275,8.200569581418462,40.620147835,A192,_,00190,275
A192__00150.275,8.233393689819184,40.63599853,A192,_,00150,275
A192__00120.275,8.305205507245617,40.626702725,A192,_,00120,275
A192__00110.275,8.296062928601025,40.648651875,A192,_,00110,275
A192__00090.275,8.218834069286984,40.647292699999994,A192,_,00090,275
A192__00070.275,8.32746335048964,40.66580047,A192,_,00070,275
A192__00060.275,8.300857356229455,40.653897795,A192,_,00060,275
A192__00020.275,8.210049214144448,40.655631854999996,A192,_,00020,275
A192__00010.276,8.234725738642405,40.656222755,A192,_,00010,276
A192__00970.276,8.315028550121003,40.557798055000006,A192,_,00970,276
A192__00950.276,8.333885589144582,40.514253715,A192,_,00950,276
A192__00940.276,8.357791981267797,40.51663068,A192,_,00940,276
A192__00930.276,8.340460750620473,40.51784662,A192,_,00930,276
A192__00890.276,8.349043637095281,40.53358727,A192,_,00890,276
A192__00880.276,8.344603518669715,40.526210865,A192,_,00880,276
A192__00860.276,8.36776027723327,40.541294615,A192,_,00860,276
A192__00850.276,8.342695863709995,40.531008095000004,A192,_,00850,276
A192__00800.276,8.344343782926387,40.54933903,A192,_,00800,276
A192__0077.276,8.330102266924591,40.552406355,A192,_,0077,276
A192__00750.276,8.37116557882361,40.55212811,A192,_,00750,276
A192__00740.276,8.355605504098277,40.56273752,A192,_,00740,276
A192__00720.276,8.346399990816536,40.55829305,A192,_,00720,276
A192__00690.276,8.3687639192242,40.56858245,A192,_,00690,276
A192__00670.276,8.346379741910631,40.56632703,A192,_,00670,276
A192__0064.276,8.320430271003723,40.56188496,A192,_,0064,276
A192__00620.276,8.33223074237295,40.577511595000004,A192,_,00620,276
A192__00600.276,8.352280427824658,40.575871835,A192,_,00600,276
A192__00570.276,8.343233132712967,40.585775255,A192,_,00570,276
A192__00560.276,8.330497125487781,40.586428575,A192,_,00560,276
A192__00530.276,8.338227426380485,40.596718755,A192,_,00530,276
A192__00510.276,8.319511787518467,40.59516574,A192,_,00510,276
A192__00500.276,8.311564668606966,40.58481938,A192,_,00500,276
A192__00400.276,8.32853691570989,40.600404735,A192,_,00400,276
A192__00390.276,8.31921686079961,40.60141817,A192,_,00390,276
A192__00380.276,8.311776007770131,40.59263943,A192,_,00380,276
A192__00360.276,8.302415452480469,40.60601735,A192,_,00360,276
A192__00340.276,8.264937845022367,40.620505660000006,A192,_,00340,276
A192__00320.276,8.212052966117573,40.593136744999995,A192,_,00320,276
A192__00300.276,8.387223737755523,40.611450675,A192,_,00300,276
A192__00290.276,8.381540861272427,40.61153924,A192,_,00290,276
A192__00250.276,8.271830410458314,40.62845863,A192,_,00250,276
A192__00240.276,8.207144083557171,40.622851495,A192,_,00240,276
A192__00190.276,8.199970691880727,40.620233150000004,A192,_,00190,276
A192__00170.276,8.321010188571567,40.63436266,A192,_,00170,276
A192__00150.276,8.234112862648601,40.635755375,A192,_,00150,276
A192__00120.276,8.304958285713642,40.626645395,A192,_,00120,276
A192__00110.276,8.296850213084415,40.649809579999996,A192,_,00110,276
A192__00090.276,8.215136997458544,40.64686974,A192,_,00090,276
A192__00070.276,8.330820518386316,40.666930230000006,A192,_,00070,276
A192__00060.276,8.304678210384186,40.65566201,A192,_,00060,276
A192__00050.276,8.269477575099224,40.66072733,A192,_,00050,276
A192__00030.276,8.225427243915052,40.648341145,A192,_,00030,276
A192__00020.276,8.210485811593367,40.655217390000004,A192,_,00020,276
A192__0071.2766,8.321645379506649,40.55091304,A192,_,0071,2766
A192__00010.277,8.235327872400166,40.656255335,A192,_,00010,277
A192__00970.277,8.315088917453943,40.557800220000004,A192,_,00970,277
A192__00950.277,8.338577249049944,40.51019252,A192,_,00950,277
A192__00930.277,8.340510973679288,40.5174386,A192,_,00930,277
A192__00890.277,8.347835894657095,40.529194385,A192,_,00890,277
A192__00880.277,8.344482182198998,40.525419065,A192,_,00880,277
A192__00860.277,8.367785135488402,40.54176191,A192,_,00860,277
A192__00840.277,8.329006873545168,40.53825707,A192,_,00840,277
A192__00810.277,8.375821417208671,40.5447468,A192,_,00810,277
A192__00790.277,8.34154103956374,40.548536205,A192,_,00790,277
A192__00740.277,8.355976914290782,40.552497895,A192,_,00740,277
A192__00720.277,8.346154790909647,40.557957079999994,A192,_,00720,277
A192__0071.277,8.3169139356559,40.55640074,A192,_,0071,277
A192__00690.277,8.368004593614943,40.56898856,A192,_,00690,277
A192__00660.277,8.335471677143683,40.564430235,A192,_,00660,277
A192__00630.277,8.338091917377245,40.57406905,A192,_,00630,277
A192__00620.277,8.332344353479346,40.57769238,A192,_,00620,277
A192__0061.277,8.320683912709072,40.574042465,A192,_,0061,277
A192__00600.277,8.352162185718061,40.57601297,A192,_,00600,277
A192__00560.277,8.331234319695506,40.58756124,A192,_,00560,277
A192__00510.277,8.319749964634306,40.59534416,A192,_,00510,277
A192__0050.277,8.31076144850261,40.57890747,A192,_,0050,277
A192__0049.277,8.281091428144148,40.59242711,A192,_,0049,277
A192__00480.277,8.228622270712817,40.58789121,A192,_,00480,277
A192__00400.277,8.326433917994553,40.600338255,A192,_,00400,277
A192__00380.277,8.311270552499918,40.592221095,A192,_,00380,277
A192__00320.277,8.21213286399342,40.593088365,A192,_,00320,277
A192__00300.277,8.387184898929846,40.611723235,A192,_,00300,277
A192__00260.277,8.314410789896293,40.61966645,A192,_,00260,277
A192__00250.277,8.271750175633006,40.628711135,A192,_,00250,277
A192__00240.277,8.207355375541553,40.62257387,A192,_,00240,277
A192__00190.277,8.199807435482334,40.619909915,A192,_,00190,277
A192__00170.277,8.321835622323851,40.634360625,A192,_,00170,277
A192__00120.277,8.29977990019309,40.641091175,A192,_,00120,277
A192__00110.277,8.296856194565141,40.649395575,A192,_,00110,277
A192__00100.277,8.271308169110895,40.6486521,A192,_,00100,277
A192__00090.277,8.21457876955559,40.64640785,A192,_,00090,277
A192__00070.277,8.327542286479813,40.66694367,A192,_,00070,277
A192__00040.277,8.246136624241295,40.66476822,A192,_,00040,277
A192__0071.2773,8.319518560959597,40.55203025,A192,_,0071,2773
A192__00010.278,8.221716144954588,40.6554699,A192,_,00010,278
A192__00970.278,8.31513024119961,40.557774365,A192,_,00970,278
A192__00950.278,8.333342743837276,40.514837915,A192,_,00950,278
A192__00930.278,8.340622038988663,40.517970774999995,A192,_,00930,278
A192__00890.278,8.348201466359992,40.529162385,A192,_,00890,278
A192__00880.278,8.344151483780724,40.52570628,A192,_,00880,278
A192__00860.278,8.367931293595703,40.541437404999996,A192,_,00860,278
A192__00810.278,8.376159815386076,40.544546545,A192,_,00810,278
A192__00800.278,8.35047477522539,40.54757821,A192,_,00800,278
A192__0077.278,8.328358980591368,40.55584078,A192,_,0077,278
A192__00740.278,8.355892588732715,40.55229488,A192,_,00740,278
A192__00720.278,8.334175785840108,40.558561444999995,A192,_,00720,278
A192__0071.278,8.316869446247049,40.556195215,A192,_,0071,278
A192__00690.278,8.367999415777895,40.5695259,A192,_,00690,278
A192__00670.278,8.34587648033359,40.56635814,A192,_,00670,278
A192__00660.278,8.336090952770324,40.563935565,A192,_,00660,278
A192__0065.278,8.317903243778675,40.560277729999996,A192,_,0065,278
A192__0061.278,8.320620717636832,40.573950665,A192,_,0061,278
A192__00600.278,8.35133371503163,40.57556565,A192,_,00600,278
A192__00590.278,8.37335669610384,40.582294125000004,A192,_,00590,278
A192__00560.278,8.331143077288157,40.58773787,A192,_,00560,278
A192__00550.278,8.318948408278082,40.588075790000005,A192,_,00550,278
A192__00540.278,8.355156145815998,40.591741260000006,A192,_,00540,278
A192__00520.278,8.33255352119059,40.592695505,A192,_,00520,278
A192__00510.278,8.315366415031747,40.585953755000006,A192,_,00510,278
A192__00500.278,8.299103983806397,40.591265835,A192,_,00500,278
A192__00480.278,8.228351068630426,40.587704055,A192,_,00480,278
A192__00410.278,8.331569811902334,40.597494795,A192,_,00410,278
A192__00380.278,8.312442533397402,40.59302309,A192,_,00380,278
A192__00360.278,8.304966869308402,40.60552362,A192,_,00360,278
A192__00320.278,8.211782491160834,40.593078954999996,A192,_,00320,278
A192__00300.278,8.391508791339007,40.612374295,A192,_,00300,278
A192__00290.278,8.381936182376945,40.61138583,A192,_,00290,278
A192__00240.278,8.215662512529832,40.63255323,A192,_,00240,278
A192__00210.278,8.325641757928462,40.622157485,A192,_,00210,278
A192__00190.278,8.199641202368781,40.619576785,A192,_,00190,278
A192__00170.278,8.31479419552274,40.626999194999996,A192,_,00170,278
A192__00150.278,8.22542595227747,40.644874380000005,A192,_,00150,278
A192__00120.278,8.300010710680677,40.64097978,A192,_,00120,278
A192__00110.278,8.296866838475626,40.64863706,A192,_,00110,278
A192__00100.278,8.271130113327484,40.648788745,A192,_,00100,278
A192__00090.278,8.214753253117223,40.64632767,A192,_,00090,278
A192__00060.278,8.304829152303574,40.655197924999996,A192,_,00060,278
A192__00040.278,8.249110691369534,40.66493823,A192,_,00040,278
A192__00030.278,8.22491712947912,40.65510885,A192,_,00030,278
A192__00010.279,8.222304037600104,40.65550485999999,A192,_,00010,279
A192__00970.279,8.31511087736668,40.55766227,A192,_,00970,279
A192__00950.279,8.333077294592243,40.514730365,A192,_,00950,279
A192__00930.279,8.340645871585252,40.51780044,A192,_,00930,279
A192__00880.279,8.344225692232229,40.52666312,A192,_,00880,279
A192__00860.279,8.367355933580644,40.542071155,A192,_,00860,279
A192__00810.279,8.37501444676069,40.545509225,A192,_,00810,279
A192__00800.279,8.345533896756962,40.54813242,A192,_,00800,279
A192__00740.279,8.363365058352535,40.5518979,A192,_,00740,279
A192__00730.279,8.349229613579816,40.55906118,A192,_,00730,279
A192__00690.279,8.355121111774078,40.57407322,A192,_,00690,279
A192__00670.279,8.346213401195048,40.566191995,A192,_,00670,279
A192__0064.279,8.31855982772284,40.562801910000005,A192,_,0064,279
A192__00620.279,8.332211564530677,40.577291085,A192,_,00620,279
A192__0061.279,8.320459198676836,40.57385769,A192,_,0061,279
A192__00570.279,8.343109199020102,40.58658378,A192,_,00570,279
A192__00560.279,8.33187486139015,40.586379875,A192,_,00560,279
A192__00540.279,8.350828336504058,40.591449194999996,A192,_,00540,279
A192__00530.279,8.338658286932848,40.590714500000004,A192,_,00530,279
A192__00520.279,8.332861401696043,40.592765695,A192,_,00520,279
A192__00500.279,8.297510899397587,40.59191187,A192,_,00500,279
A192__00410.279,8.331470814578429,40.597004555,A192,_,00410,279
A192__00400.279,8.3268726308545,40.60328928,A192,_,00400,279
A192__00390.279,8.320132641268355,40.601695559999996,A192,_,00390,279
A192__00380.279,8.311819022239106,40.59256784,A192,_,00380,279
A192__00350.279,8.270730292233193,40.602361869999996,A192,_,00350,279
A192__00300.279,8.391111757529396,40.612505694999996,A192,_,00300,279
A192__00290.279,8.381729149860421,40.610830795,A192,_,00290,279
A192__00240.279,8.216209506408784,40.63268234,A192,_,00240,279
A192__00190.279,8.199493361251179,40.61928078,A192,_,00190,279
A192__00120.279,8.30213484294223,40.645237745,A192,_,00120,279
A192__00110.279,8.296870195617258,40.648381674999996,A192,_,00110,279
A192__00100.279,8.271135057473373,40.6491222,A192,_,00100,279
A192__00060.279,8.307163367915958,40.653883485,A192,_,00060,279
A192__00050.279,8.285890391006559,40.668009505,A192,_,00050,279
A192__00040.279,8.251351935872908,40.65135786,A192,_,00040,279
A192__00030.279,8.2238893252418,40.654906675,A192,_,00030,279
A192__00020.279,8.219675109315027,40.654786805,A192,_,00020,279
A192__0071.2797,8.322887955095393,40.553339275,A192,_,0071,2797
A192__00050.28,8.271645342663172,40.659441709999996,A192,_,00050,28
A192__00970.28,8.312588203139352,40.559435955,A192,_,00970,28
A192__00950.28,8.352770947802298,40.518933579999995,A192,_,00950,28
A192__00940.28,8.353779012203358,40.51942863,A192,_,00940,28
A192__00910.28,8.412685554543614,40.532296454999994,A192,_,00910,28
A192__00900.28,8.365128172246198,40.534757830000004,A192,_,00900,28
A192__00890.28,8.351512704686286,40.534465335,A192,_,00890,28
A192__00880.28,8.346561064498541,40.525343465,A192,_,00880,28
A192__00860.28,8.353703767976674,40.540044605,A192,_,00860,28
A192__00850.28,8.33852490200628,40.53746221,A192,_,00850,28
A192__00820.28,8.381793365088033,40.548793419999996,A192,_,00820,28
A192__00810.28,8.366535181497675,40.549331635,A192,_,00810,28
A192__00790.28,8.342398717640297,40.542659295,A192,_,00790,28
A192__00780.28,8.326433879528667,40.542800185000004,A192,_,00780,28
A192__00740.28,8.362694748512927,40.558923300000004,A192,_,00740,28
A192__0071.28,8.318651805808697,40.559630235,A192,_,0071,28
A192__00670.28,8.347093018219315,40.568315670000004,A192,_,00670,28
A192__00660.28,8.328755358417776,40.56000618,A192,_,00660,28
A192__00630.28,8.338525687655292,40.573099405,A192,_,00630,28
A192__0061.28,8.317454268077377,40.576282085,A192,_,0061,28
A192__00580.28,8.357476366635389,40.579079025,A192,_,00580,28
A192__00570.28,8.34418398550898,40.587010705,A192,_,00570,28
A192__00560.28,8.327906100611067,40.586561579999994,A192,_,00560,28
A192__00540.28,8.342769898150388,40.59261782,A192,_,00540,28
A192__00530.28,8.334451012355416,40.595040915,A192,_,00530,28
A192__00520.28,8.330254090515556,40.5882498,A192,_,00520,28
A192__00510.28,8.319593193788961,40.59427051,A192,_,00510,28
A192__00480.28,8.235545341227635,40.58026135,A192,_,00480,28
A192__00470.28,8.20615239379234,40.5922653,A192,_,00470,28
A192__00460.28,8.15932893584827,40.566305225,A192,_,00460,28
A192__00450.28,8.169778441436799,40.58606605,A192,_,00450,28
A192__00440.28,8.389181781874592,40.608831069999994,A192,_,00440,28
A192__00430.28,8.37797050565257,40.60370582,A192,_,00430,28
A192__00420.28,8.344317892188457,40.596398155,A192,_,00420,28
A192__00370.28,8.288478556088261,40.594006565,A192,_,00370,28
A192__00330.28,8.231650851704671,40.60142786,A192,_,00330,28
A192__00300.28,8.384618736526306,40.610459829999996,A192,_,00300,28
A192__00290.28,8.393768387149628,40.617848065000004,A192,_,00290,28
A192__00280.28,8.353054333448569,40.60417479,A192,_,00280,28
A192__00260.28,8.300864155728124,40.613532895,A192,_,00260,28
A192__00230.28,8.186064527625884,40.60883445,A192,_,00230,28
A192__00220.28,8.143485191600021,40.614236070000004,A192,_,00220,28
A192__00190.28,8.200994286330879,40.618941175,A192,_,00190,28
A192__00160.28,8.262865047322318,40.63302874,A192,_,00160,28
A192__00140.28,8.198743741778316,40.643087965,A192,_,00140,28
A192__00100.28,8.271663051885263,40.655896785,A192,_,00100,28
A192__00080.28,8.327626714482273,40.65308252,A192,_,00080,28
A192__00060.28,8.303186054211888,40.658595445,A192,_,00060,28
A192__00010.280,8.22309304077124,40.655547405,A192,_,00010,280
A192__00970.280,8.315046042393593,40.557654255,A192,_,00970,280
A192__00950.280,8.333068193101907,40.51492503,A192,_,00950,280
A192__00940.280,8.354587134812792,40.51003712,A192,_,00940,280
A192__00930.280,8.340668389775837,40.51764763,A192,_,00930,280
A192__00890.280,8.35254808837983,40.533001260000006,A192,_,00890,280
A192__00880.280,8.344194700816331,40.526989674999996,A192,_,00880,280
A192__00860.280,8.367547116659708,40.542393849999996,A192,_,00860,280
A192__00850.280,8.342449326246578,40.53089385,A192,_,00850,280
A192__00810.280,8.376221885893546,40.54388808,A192,_,00810,280
A192__00800.280,8.345437476964808,40.548260565,A192,_,00800,280
A192__0077.280,8.330115552692458,40.552765045,A192,_,0077,280
A192__00740.280,8.353570089420888,40.55822527,A192,_,00740,280
A192__00730.280,8.349314981492299,40.55901758,A192,_,00730,280
A192__0071.280,8.31718080836092,40.55616564,A192,_,0071,280
A192__00690.280,8.355922603564588,40.57429064,A192,_,00690,280
A192__00670.280,8.346390018141292,40.566098319999995,A192,_,00670,280
A192__00650.280,8.317570445200733,40.560008280000005,A192,_,00650,280
A192__0064.280,8.31960940128436,40.562230585,A192,_,0064,280
A192__00630.280,8.33851541164592,40.573872820000005,A192,_,00630,280
A192__00620.280,8.333137153375205,40.57693318,A192,_,00620,280
A192__0061.280,8.321190489067796,40.57421197,A192,_,0061,280
A192__00560.280,8.333090555211612,40.586586350000005,A192,_,00560,280
A192__00550.280,8.320641401690201,40.589347675,A192,_,00550,280
A192__00540.280,8.350906916046156,40.59155474,A192,_,00540,280
A192__00520.280,8.331703212901054,40.591670109999995,A192,_,00520,280
A192__00510.280,8.316229746472002,40.58495597,A192,_,00510,280
A192__00500.280,8.296985179012534,40.592149645,A192,_,00500,280
A192__00400.280,8.329116574450408,40.6000014,A192,_,00400,280
A192__00390.280,8.3205146239664,40.601534835,A192,_,00390,280
A192__00380.280,8.312343520727143,40.593044055,A192,_,00380,280
A192__00360.280,8.311098289939586,40.60736487,A192,_,00360,280
A192__00350.280,8.270808840016864,40.602395015,A192,_,00350,280
A192__00340.280,8.257578582010254,40.615847915,A192,_,00340,280
A192__00320.280,8.211590529148719,40.593021835,A192,_,00320,280
A192__00290.280,8.382188465687971,40.611101745,A192,_,00290,280
A192__00240.280,8.216550173611736,40.63230631,A192,_,00240,280
A192__00190.280,8.199325617991496,40.618947235,A192,_,00190,280
A192__00170.280,8.317098614060084,40.63104496,A192,_,00170,280
A192__00120.280,8.304598354209983,40.630740315,A192,_,00120,280
A192__00110.280,8.296871885956437,40.64825286,A192,_,00110,280
A192__00100.280,8.270569722565181,40.649094160000004,A192,_,00100,280
A192__00040.280,8.246022238529857,40.652031385,A192,_,00040,280
A192__00030.280,8.224522560479421,40.6539242,A192,_,00030,280
A192__00020.280,8.22165829276975,40.655009234999994,A192,_,00020,280
A192__0071.2806,8.323636594264961,40.550895940000004,A192,_,0071,2806
A192__00010.281,8.223683959088504,40.655584309999995,A192,_,00010,281
A192__00970.281,8.315004507166336,40.557649264999995,A192,_,00970,281
A192__00950.281,8.332921513169765,40.515039915,A192,_,00950,281
A192__00940.281,8.354682178014535,40.510001895,A192,_,00940,281
A192__00930.281,8.340714456427468,40.51746955,A192,_,00930,281
A192__00890.281,8.352782966138578,40.53295262,A192,_,00890,281
A192__00860.281,8.367733122283399,40.54189108,A192,_,00860,281
A192__00850.281,8.34298624020721,40.530656965,A192,_,00850,281
A192__00840.281,8.32834510594409,40.538088564999995,A192,_,00840,281
A192__00810.281,8.376047204894556,40.54349076,A192,_,00810,281
A192__00790.281,8.34013058180398,40.548761395,A192,_,00790,281
A192__00780.281,8.336881494975522,40.546167305,A192,_,00780,281
A192__0077.281,8.33039432367626,40.552661145,A192,_,0077,281
A192__00750.281,8.37032964423153,40.556025265,A192,_,00750,281
A192__00740.281,8.361095526614783,40.562858219999995,A192,_,00740,281
A192__00730.281,8.349690315760661,40.55891387,A192,_,00730,281
A192__00720.281,8.338987477397133,40.560106590000004,A192,_,00720,281
A192__0071.281,8.31697423634167,40.556095395,A192,_,0071,281
A192__00690.281,8.356713516645717,40.574490159999996,A192,_,00690,281
A192__00650.281,8.316344766096593,40.560225555,A192,_,00650,281
A192__0064.281,8.319648893173008,40.562275675,A192,_,0064,281
A192__00630.281,8.336652795404163,40.573099375,A192,_,00630,281
A192__00620.281,8.333113819839891,40.57687885,A192,_,00620,281
A192__0061.281,8.321110651847768,40.57413289,A192,_,0061,281
A192__00560.281,8.33012354382264,40.586471079999995,A192,_,00560,281
A192__00550.281,8.3206251397677,40.589223045,A192,_,00550,281
A192__00540.281,8.345010947900692,40.59204328,A192,_,00540,281
A192__00520.281,8.332620665797148,40.59162397,A192,_,00520,281
A192__00500.281,8.295372472641631,40.592872459999995,A192,_,00500,281
A192__0049.281,8.281244841596955,40.59204469,A192,_,0049,281
A192__00400.281,8.328742710389797,40.59977216,A192,_,00400,281
A192__00390.281,8.320960144329664,40.60138569,A192,_,00390,281
A192__00380.281,8.312337315760521,40.593126389999995,A192,_,00380,281
A192__00360.281,8.31200574052658,40.607584655,A192,_,00360,281
A192__00340.281,8.258399198598084,40.618075265,A192,_,00340,281
A192__00320.281,8.2116433678495,40.593008510000004,A192,_,00320,281
A192__00300.281,8.3840311708218,40.607579935000004,A192,_,00300,281
A192__00290.281,8.383041992620011,40.611610545,A192,_,00290,281
A192__00280.281,8.37112517717551,40.626044095,A192,_,00280,281
A192__00240.281,8.21672685948175,40.632210834999995,A192,_,00240,281
A192__00190.281,8.199248966771911,40.618756265,A192,_,00190,281
A192__00170.281,8.317936262014538,40.631046675,A192,_,00170,281
A192__00150.281,8.22831723717832,40.645066220000004,A192,_,00150,281
A192__00120.281,8.305305674578923,40.630901550000004,A192,_,00120,281
A192__00110.281,8.293820219385726,40.646866355,A192,_,00110,281
A192__00090.281,8.204691777002655,40.647823485,A192,_,00090,281
A192__00050.281,8.285587263538055,40.667476475,A192,_,00050,281
A192__00030.281,8.224594598749942,40.653243965,A192,_,00030,281
A192__00020.281,8.22096635522903,40.654876560000005,A192,_,00020,281
A192__0071.2810,8.322116873590646,40.552187045,A192,_,0071,2810
A192__0071.2816,8.32426721562739,40.55532629,A192,_,0071,2816
A192__00010.282,8.224497518204387,40.65563172,A192,_,00010,282
A192__00970.282,8.314962457689273,40.5576432,A192,_,00970,282
A192__00950.282,8.333033469348269,40.515103415,A192,_,00950,282
A192__00940.282,8.354549995384199,40.50989439,A192,_,00940,282
A192__00890.282,8.352941933021121,40.532837154999996,A192,_,00890,282
A192__00860.282,8.359232496491215,40.53962536,A192,_,00860,282
A192__00850.282,8.342868516205517,40.53726277,A192,_,00850,282
A192__00790.282,8.345278010961495,40.54239667,A192,_,00790,282
A192__00750.282,8.369434398467043,40.555461859999994,A192,_,00750,282
A192__00740.282,8.358369510596818,40.562807355000004,A192,_,00740,282
A192__00730.282,8.349650319963636,40.55896765999999,A192,_,00730,282
A192__00720.282,8.339088431404852,40.560150969999995,A192,_,00720,282
A192__0071.282,8.31672484450267,40.55604365,A192,_,0071,282
A192__00650.282,8.31580709343611,40.559952665,A192,_,00650,282
A192__00630.282,8.335145919968369,40.572798545,A192,_,00630,282
A192__00620.282,8.33213067999168,40.57818209,A192,_,00620,282
A192__00600.282,8.350693226465149,40.578019245,A192,_,00600,282
A192__00550.282,8.321871017227677,40.58972591,A192,_,00550,282
A192__00530.282,8.337556363737486,40.59026094,A192,_,00530,282
A192__00520.282,8.33158184313218,40.592317789999996,A192,_,00520,282
A192__00510.282,8.315276770865847,40.596884450000005,A192,_,00510,282
A192__00500.282,8.294504403959241,40.593312964999996,A192,_,00500,282
A192__00480.282,8.2216798441268,40.58893475,A192,_,00480,282
A192__00410.282,8.335814428726806,40.600377655,A192,_,00410,282
A192__00400.282,8.325872620081139,40.601529635,A192,_,00400,282
A192__00390.282,8.319908338017896,40.601634725,A192,_,00390,282
A192__00380.282,8.312147730181673,40.597252749999996,A192,_,00380,282
A192__00340.282,8.264160553897518,40.61878283,A192,_,00340,282
A192__00320.282,8.211334444875147,40.592980185,A192,_,00320,282
A192__00300.282,8.38920867659776,40.61457557,A192,_,00300,282
A192__00280.282,8.370439227489285,40.62595188,A192,_,00280,282
A192__00240.282,8.227906667075732,40.609449940000005,A192,_,00240,282
A192__00190.282,8.20013867474001,40.619819425,A192,_,00190,282
A192__00170.282,8.318644477643819,40.631051420000006,A192,_,00170,282
A192__00150.282,8.22721963983624,40.645963685,A192,_,00150,282
A192__00120.282,8.30525991298159,40.630701255000005,A192,_,00120,282
A192__00110.282,8.294153661815857,40.647343,A192,_,00110,282
A192__00090.282,8.2045270486738,40.64760156,A192,_,00090,282
A192__00070.282,8.327463681194635,40.65681529,A192,_,00070,282
A192__00060.282,8.28900866363751,40.657694414999995,A192,_,00060,282
A192__00040.282,8.249595831125047,40.656801040000005,A192,_,00040,282
A192__00030.282,8.224666828907495,40.65256194,A192,_,00030,282
A192__00020.282,8.22149038830257,40.655039155,A192,_,00020,282
A192__00010.283,8.225090150068137,40.655665049999996,A192,_,00010,283
A192__00970.283,8.314904754027944,40.557636635,A192,_,00970,283
A192__00950.283,8.332984355112249,40.514829725,A192,_,00950,283
A192__00940.283,8.35466551552506,40.509882095,A192,_,00940,283
A192__00930.283,8.336754073908372,40.518192885,A192,_,00930,283
A192__00890.283,8.353135074210805,40.532620455,A192,_,00890,283
A192__00850.283,8.343772423061724,40.53615808,A192,_,00850,283
A192__00840.283,8.330250102529165,40.539226694999996,A192,_,00840,283
A192__00810.283,8.365060894743579,40.55229988,A192,_,00810,283
A192__00790.283,8.345427623269511,40.542111289999994,A192,_,00790,283
A192__00750.283,8.369885216544528,40.556040265,A192,_,00750,283
A192__00740.283,8.35856366888154,40.562876779999996,A192,_,00740,283
A192__00720.283,8.339124007815563,40.559714125,A192,_,00720,283
A192__0071.283,8.31651257569198,40.555909435000004,A192,_,0071,283
A192__00690.283,8.360401177873975,40.571439479999995,A192,_,00690,283
A192__00670.283,8.346779016130867,40.565898415,A192,_,00670,283
A192__00660.283,8.335429262149386,40.563866815,A192,_,00660,283
A192__0064.283,8.320045486349386,40.564430494999996,A192,_,0064,283
A192__00620.283,8.332068814913896,40.57838247,A192,_,00620,283
A192__0061.283,8.320900553612463,40.57432373,A192,_,0061,283
A192__00600.283,8.350886965250854,40.578172535,A192,_,00600,283
A192__00570.283,8.356428509387012,40.588472945,A192,_,00570,283
A192__00550.283,8.32324401783105,40.582995659999995,A192,_,00550,283
A192__00540.283,8.344929110423564,40.59140213,A192,_,00540,283
A192__00520.283,8.331203926125438,40.59198372,A192,_,00520,283
A192__00510.283,8.31473277186165,40.5924755,A192,_,00510,283
A192__00500.283,8.302565451,40.58911473,A192,_,00500,283
A192__00480.283,8.221857146264094,40.589493885,A192,_,00480,283
A192__00400.283,8.326033574752099,40.60158476,A192,_,00400,283
A192__00340.283,8.264909657464667,40.620089135,A192,_,00340,283
A192__00320.283,8.211396173815189,40.59295935,A192,_,00320,283
A192__00300.283,8.38853147322709,40.614332495,A192,_,00300,283
A192__00290.283,8.381946528125809,40.61060011,A192,_,00290,283
A192__00280.283,8.36959760529692,40.625277159999996,A192,_,00280,283
A192__00240.283,8.227234656421558,40.609392084999996,A192,_,00240,283
A192__00190.283,8.199973722308624,40.61949154,A192,_,00190,283
A192__00170.283,8.319878516740658,40.631053435,A192,_,00170,283
A192__00150.283,8.22676886144828,40.64492127,A192,_,00150,283
A192__00110.283,8.296415757850943,40.64736804,A192,_,00110,283
A192__00070.283,8.332871665264971,40.65871768,A192,_,00070,283
A192__00060.283,8.289570817223645,40.65747,A192,_,00060,283
A192__00050.283,8.28497266866166,40.66732122,A192,_,00050,283
A192__00040.283,8.251387800641055,40.656916775,A192,_,00040,283
A192__00030.283,8.224743640905539,40.651836595,A192,_,00030,283
A192__00010.284,8.225896489541555,40.65571259,A192,_,00010,284
A192__00970.284,8.314830245520044,40.5576316,A192,_,00970,284
A192__00950.284,8.3335473602735,40.516129585,A192,_,00950,284
A192__00930.284,8.336565237021063,40.518379275,A192,_,00930,284
A192__00890.284,8.353384325273826,40.532453645000004,A192,_,00890,284
A192__00880.284,8.34270162663125,40.527032635,A192,_,00880,284
A192__00860.284,8.360222132596025,40.539742165,A192,_,00860,284
A192__00850.284,8.336163380460015,40.536749905,A192,_,00850,284
A192__00840.284,8.330277662422422,40.539374385,A192,_,00840,284
A192__00810.284,8.368492523128781,40.549212555,A192,_,00810,284
A192__00800.284,8.361727111062828,40.54597602,A192,_,00800,284
A192__00750.284,8.36921977286014,40.55569019,A192,_,00750,284
A192__00730.284,8.349293805011623,40.55814633,A192,_,00730,284
A192__00720.284,8.339178162894173,40.559586945,A192,_,00720,284
A192__0071.284,8.31679004139501,40.555655575,A192,_,0071,284
A192__00690.284,8.360655602198847,40.57105953,A192,_,00690,284
A192__00670.284,8.341521304798277,40.56961227,A192,_,00670,284
A192__00660.284,8.335390550739943,40.5634959,A192,_,00660,284
A192__0065.284,8.317187142525148,40.562392295,A192,_,0065,284
A192__00630.284,8.335633819952953,40.57195965,A192,_,00630,284
A192__00620.284,8.33239982678303,40.57836282,A192,_,00620,284
A192__0061.284,8.320785578136068,40.57535249,A192,_,0061,284
A192__00570.284,8.35663344348684,40.58858386,A192,_,00570,284
A192__00540.284,8.345624255907028,40.594824655,A192,_,00540,284
A192__00530.284,8.339081151076433,40.591214824999994,A192,_,00530,284
A192__00510.284,8.314233294234178,40.59272567,A192,_,00510,284
A192__00500.284,8.302209985950661,40.589321010000006,A192,_,00500,284
A192__0049.284,8.281629971378695,40.592269419999994,A192,_,0049,284
A192__00480.284,8.222210894700062,40.58937437,A192,_,00480,284
A192__00400.284,8.326181637355635,40.601472965,A192,_,00400,284
A192__00360.284,8.301813531429804,40.60261059,A192,_,00360,284
A192__00340.284,8.262418054513159,40.62117154,A192,_,00340,284
A192__00320.284,8.211431259778106,40.592981935,A192,_,00320,284
A192__00290.284,8.381750983830468,40.61067751,A192,_,00290,284
A192__00280.284,8.368841088873985,40.624191214999996,A192,_,00280,284
A192__00210.284,8.346743090574424,40.621567139999996,A192,_,00210,284
A192__00190.284,8.199788750477767,40.619119805,A192,_,00190,284
A192__00170.284,8.321305035277355,40.63105546,A192,_,00170,284
A192__00120.284,8.305276538997441,40.652994379999996,A192,_,00120,284
A192__00070.284,8.336958256314961,40.661339075,A192,_,00070,284
A192__00050.284,8.285272279054492,40.667456529999995,A192,_,00050,284
A192__00040.284,8.252758209995342,40.654710195,A192,_,00040,284
A192__00020.284,8.223170011806417,40.650670579999996,A192,_,00020,284
A192__0071.2848,8.319617917793177,40.551780625,A192,_,0071,2848
A192__00010.285,8.226482838105412,40.65574711,A192,_,00010,285
A192__00970.285,8.314720075669822,40.557612230000004,A192,_,00970,285
A192__00950.285,8.33382975974496,40.517181414999996,A192,_,00950,285
A192__00940.285,8.353546505074625,40.509701879999994,A192,_,00940,285
A192__00930.285,8.336514939358366,40.517852105,A192,_,00930,285
A192__00890.285,8.351020112177286,40.533539935,A192,_,00890,285
A192__00880.285,8.347424990474755,40.524667175000005,A192,_,00880,285
A192__00860.285,8.360175230434972,40.539880984999996,A192,_,00860,285
A192__00850.285,8.336201228404942,40.53687513,A192,_,00850,285
A192__00840.285,8.330407816128293,40.539400380000004,A192,_,00840,285
A192__00810.285,8.375991767628225,40.54314708,A192,_,00810,285
A192__00800.285,8.36171481209717,40.545772915,A192,_,00800,285
A192__00790.285,8.346154010310954,40.53896761,A192,_,00790,285
A192__00780.285,8.321390239884439,40.546198785,A192,_,00780,285
A192__00750.285,8.367486320457793,40.560919755,A192,_,00750,285
A192__0072.285,8.330625458656126,40.55578917,A192,_,0072,285
A192__00670.285,8.341774117964274,40.56983664,A192,_,00670,285
A192__00660.285,8.335483609877418,40.561447325,A192,_,00660,285
A192__0065.285,8.317991712860543,40.562441809999996,A192,_,0065,285
A192__0064.285,8.32085279737299,40.563985995,A192,_,0064,285
A192__00630.285,8.335371808316376,40.572311215,A192,_,00630,285
A192__0061.285,8.321225682017067,40.574794905000005,A192,_,0061,285
A192__00600.285,8.332135962314695,40.582271255,A192,_,00600,285
A192__00570.285,8.356833837210628,40.58868989,A192,_,00570,285
A192__00560.285,8.328230471724936,40.58673054,A192,_,00560,285
A192__00540.285,8.354624705668428,40.592938915000005,A192,_,00540,285
A192__00530.285,8.33890521406988,40.590959845,A192,_,00530,285
A192__00520.285,8.330676831676822,40.591326525,A192,_,00520,285
A192__00500.285,8.299974556064033,40.590663735,A192,_,00500,285
A192__00480.285,8.22199467198844,40.58930982,A192,_,00480,285
A192__00420.285,8.350900612834028,40.60244659,A192,_,00420,285
A192__00410.285,8.33495230810625,40.60420481,A192,_,00410,285
A192__00400.285,8.327401898596714,40.606482,A192,_,00400,285
A192__00380.285,8.315460424144907,40.602182385000006,A192,_,00380,285
A192__00360.285,8.302604538043735,40.602215310000005,A192,_,00360,285
A192__00340.285,8.259375473757515,40.62395386,A192,_,00340,285
A192__00320.285,8.209489166738061,40.593149415,A192,_,00320,285
A192__00300.285,8.384443446090948,40.611867115,A192,_,00300,285
A192__00290.285,8.380560755038072,40.612695945,A192,_,00290,285
A192__00280.285,8.36636810353806,40.623229515000006,A192,_,00280,285
A192__00190.285,8.199687415203435,40.6188765,A192,_,00190,285
A192__00170.285,8.322441530535983,40.63105411,A192,_,00170,285
A192__00150.285,8.22510085507367,40.64492848,A192,_,00150,285
A192__00120.285,8.305707710603816,40.635831435,A192,_,00120,285
A192__00090.285,8.204560891313378,40.648783705,A192,_,00090,285
A192__00070.285,8.335946605712547,40.661172135,A192,_,00070,285
A192__00050.285,8.284969733002267,40.667729574999996,A192,_,00050,285
A192__00040.285,8.253866981087864,40.65707732,A192,_,00040,285
A192__00030.285,8.244083944307047,40.653584675,A192,_,00030,285
A192__00020.285,8.223104284169704,40.650363694999996,A192,_,00020,285
A192__00020.286,8.223248490183725,40.65049811,A192,_,00020,286
A192__00970.286,8.314609409695226,40.557656765000004,A192,_,00970,286
A192__00950.286,8.33331844281344,40.517777370000005,A192,_,00950,286
A192__00940.286,8.353619739660823,40.509641065,A192,_,00940,286
A192__00930.286,8.336230279616496,40.51785006,A192,_,00930,286
A192__00890.286,8.35164061095938,40.533130854999996,A192,_,00890,286
A192__00880.286,8.347731659989996,40.524721265,A192,_,00880,286
A192__00860.286,8.358640515670627,40.54062192000001,A192,_,00860,286
A192__00850.286,8.336825117504906,40.537317155,A192,_,00850,286
A192__00840.286,8.330508017597097,40.539460455,A192,_,00840,286
A192__00810.286,8.369241480144925,40.549053645,A192,_,00810,286
A192__00800.286,8.36184679054994,40.54565382,A192,_,00800,286
A192__0077.286,8.329209910062827,40.552125985,A192,_,0077,286
A192__00750.286,8.367840716889894,40.561213265,A192,_,00750,286
A192__0071.286,8.316944387284217,40.555418555,A192,_,0071,286
A192__00690.286,8.356482461931888,40.572053389999994,A192,_,00690,286
A192__00670.286,8.341968819672637,40.569814605000005,A192,_,00670,286
A192__00620.286,8.332909123503072,40.577997275,A192,_,00620,286
A192__0061.286,8.321003402762516,40.57445634,A192,_,0061,286
A192__00600.286,8.331294648841556,40.58332618,A192,_,00600,286
A192__00570.286,8.357011228157573,40.5888063,A192,_,00570,286
A192__00560.286,8.328154293903157,40.586799505,A192,_,00560,286
A192__00550.286,8.318829910402204,40.588006074999996,A192,_,00550,286
A192__00540.286,8.354257035287606,40.5926072,A192,_,00540,286
A192__00530.286,8.33854464539495,40.59086866,A192,_,00530,286
A192__00510.286,8.31995565368734,40.59596073,A192,_,00510,286
A192__00500.286,8.305232579191154,40.58706367,A192,_,00500,286
A192__00480.286,8.22198140220588,40.589550275,A192,_,00480,286
A192__00420.286,8.341393945878073,40.604623489999994,A192,_,00420,286
A192__00400.286,8.32826449825307,40.604980330000004,A192,_,00400,286
A192__00380.286,8.31198987211324,40.598496170000004,A192,_,00380,286
A192__00360.286,8.302591667141265,40.60320015,A192,_,00360,286
A192__00350.286,8.265482713581402,40.599025145,A192,_,00350,286
A192__00340.286,8.25900734167054,40.623939375,A192,_,00340,286
A192__00320.286,8.208714873267851,40.593446185,A192,_,00320,286
A192__00300.286,8.383609158275902,40.611225669999996,A192,_,00300,286
A192__00290.286,8.381271950463955,40.611441,A192,_,00290,286
A192__00210.286,8.346704738199037,40.62126849,A192,_,00210,286
A192__00190.286,8.199502274824365,40.61873412,A192,_,00190,286
A192__00170.286,8.309498069554895,40.631030615,A192,_,00170,286
A192__00150.286,8.226254355424704,40.64543133,A192,_,00150,286
A192__00120.286,8.305360901004429,40.63482088,A192,_,00120,286
A192__00110.286,8.280455590712648,40.637716735,A192,_,00110,286
A192__00090.286,8.204507316883872,40.648532485000004,A192,_,00090,286
A192__00070.286,8.337633909989142,40.668257575,A192,_,00070,286
A192__00050.286,8.265474549497318,40.6624283,A192,_,00050,286
A192__00040.286,8.257158068906921,40.650564935,A192,_,00040,286
A192__0071.2861,8.317882927780342,40.552849214999995,A192,_,0071,2861
A192__0071.2864,8.319140926667373,40.55727059,A192,_,0071,2864
A192__00010.287,8.228014832637209,40.655841565,A192,_,00010,287
A192__00970.287,8.314608714131646,40.557613335,A192,_,00970,287
A192__00950.287,8.333207733619243,40.517786485,A192,_,00950,287
A192__00940.287,8.353706401817984,40.50958792,A192,_,00940,287
A192__00930.287,8.336239285193262,40.517465855,A192,_,00930,287
A192__00880.287,8.352687120881676,40.52164962,A192,_,00880,287
A192__00860.287,8.359162701255018,40.540476825,A192,_,00860,287
A192__00850.287,8.336797030393932,40.537379385,A192,_,00850,287
A192__00840.287,8.32839015656452,40.533633214999995,A192,_,00840,287
A192__00810.287,8.368872164830494,40.54929894,A192,_,00810,287
A192__00800.287,8.362301606112254,40.546068325,A192,_,00800,287
A192__00790.287,8.342973569930892,40.540787175000006,A192,_,00790,287
A192__00780.287,8.321918140084213,40.546169015000004,A192,_,00780,287
A192__0077.287,8.329136458592584,40.55200054,A192,_,0077,287
A192__00740.287,8.359926901250514,40.56062199,A192,_,00740,287
A192__00730.287,8.349883861111186,40.558713905,A192,_,00730,287
A192__00720.287,8.334127518318175,40.55782592,A192,_,00720,287
A192__0071.287,8.317074295166666,40.55528355,A192,_,0071,287
A192__00680.287,8.352131493556463,40.57130144,A192,_,00680,287
A192__00670.287,8.34174331538685,40.569969959999995,A192,_,00670,287
A192__0065.287,8.317216625013629,40.561890525,A192,_,0065,287
A192__0064.287,8.319673181007548,40.56424684,A192,_,0064,287
A192__00630.287,8.33352587893565,40.572454844999996,A192,_,00630,287
A192__0061.287,8.32116931287316,40.574654555,A192,_,0061,287
A192__00600.287,8.33127592241902,40.583159625,A192,_,00600,287
A192__00590.287,8.369804530428292,40.5759175,A192,_,00590,287
A192__00570.287,8.35720294984705,40.588913995,A192,_,00570,287
A192__00560.287,8.331549763551589,40.587126944999994,A192,_,00560,287
A192__00540.287,8.347705104811277,40.594606905,A192,_,00540,287
A192__00530.287,8.338249861813555,40.591240565,A192,_,00530,287
A192__00520.287,8.331772547043547,40.59199106,A192,_,00520,287
A192__00500.287,8.314096372592418,40.58185736,A192,_,00500,287
A192__00480.287,8.221755358881097,40.588732074999996,A192,_,00480,287
A192__00400.287,8.327614236199114,40.598218305,A192,_,00400,287
A192__00380.287,8.31161011361655,40.598716894999995,A192,_,00380,287
A192__00360.287,8.312488610758447,40.610517325,A192,_,00360,287
A192__00350.287,8.265237650674521,40.59885919,A192,_,00350,287
A192__00340.287,8.264301256323291,40.62230764,A192,_,00340,287
A192__00320.287,8.208175064693442,40.593671674999996,A192,_,00320,287
A192__00290.287,8.381874422324518,40.61048759,A192,_,00290,287
A192__00280.287,8.365771781660888,40.622991255,A192,_,00280,287
A192__00240.287,8.220467653521252,40.623189815,A192,_,00240,287
A192__00210.287,8.347825982861892,40.6212033,A192,_,00210,287
A192__00190.287,8.200371803715417,40.61975394,A192,_,00190,287
A192__00170.287,8.314594833207927,40.629521569999994,A192,_,00170,287
A192__00150.287,8.227400641560042,40.635905475,A192,_,00150,287
A192__00120.287,8.305624525024736,40.63485958,A192,_,00120,287
A192__00110.287,8.280467909129552,40.63796542,A192,_,00110,287
A192__00070.287,8.337680122513708,40.668011815,A192,_,00070,287
A192__00050.287,8.267197435838437,40.662174934999996,A192,_,00050,287
A192__00040.287,8.260732802893635,40.649794095000004,A192,_,00040,287
A192__00020.287,8.223616714758958,40.65051203,A192,_,00020,287
A192__0071.2875,8.326778218231286,40.56034545,A192,_,0071,2875
A192__00010.288,8.217017393242251,40.666040734999996,A192,_,00010,288
A192__00970.288,8.314533414248544,40.557657355,A192,_,00970,288
A192__00950.288,8.332821842556651,40.517740925,A192,_,00950,288
A192__00940.288,8.353686077358343,40.50720686,A192,_,00940,288
A192__00930.288,8.33601473287841,40.51755561,A192,_,00930,288
A192__00890.288,8.352769815754337,40.53654413,A192,_,00890,288
A192__00880.288,8.344041277882292,40.525688965,A192,_,00880,288
A192__00860.288,8.359233537309908,40.54067731000001,A192,_,00860,288
A192__00840.288,8.329487379803862,40.533699605,A192,_,00840,288
A192__00810.288,8.366429281097112,40.552400065,A192,_,00810,288
A192__00800.288,8.3623511251683,40.54589764,A192,_,00800,288
A192__00780.288,8.32188699078785,40.54591713,A192,_,00780,288
A192__00740.288,8.36217941728123,40.5527948,A192,_,00740,288
A192__00730.288,8.349801952144652,40.558503745,A192,_,00730,288
A192__00690.288,8.356960371392713,40.5722839,A192,_,00690,288
A192__00680.288,8.35506019510662,40.563466715,A192,_,00680,288
A192__00670.288,8.341722764022972,40.570200475,A192,_,00670,288
A192__0065.288,8.317306289023026,40.561767259999996,A192,_,0065,288
A192__00630.288,8.335039217966107,40.571696325,A192,_,00630,288
A192__0061.288,8.321083316143314,40.574579365000005,A192,_,0061,288
A192__00570.288,8.357385136626903,40.589024555,A192,_,00570,288
A192__00560.288,8.331649428127474,40.58719338,A192,_,00560,288
A192__00550.288,8.319021884917483,40.588179255,A192,_,00550,288
A192__00540.288,8.348301198997333,40.594634565,A192,_,00540,288
A192__00520.288,8.33179525894126,40.592516114999995,A192,_,00520,288
A192__0050.288,8.314104140172978,40.58105515,A192,_,0050,288
A192__00480.288,8.222068410924443,40.58863203,A192,_,00480,288
A192__00410.288,8.333852910001529,40.60431356,A192,_,00410,288
A192__00400.288,8.328792242606932,40.608525900000004,A192,_,00400,288
A192__00390.288,8.320746504084674,40.600856555,A192,_,00390,288
A192__00380.288,8.314255302530707,40.599161984999995,A192,_,00380,288
A192__00350.288,8.26504780139566,40.598801075,A192,_,00350,288
A192__00320.288,8.208050409305084,40.59373598,A192,_,00320,288
A192__00290.288,8.383418000732847,40.611612385,A192,_,00290,288
A192__00280.288,8.365814031781305,40.623173275,A192,_,00280,288
A192__00240.288,8.220074553351271,40.62279461,A192,_,00240,288
A192__00190.288,8.200176926329881,40.619356675000006,A192,_,00190,288
A192__00170.288,8.314594962527497,40.627239579999994,A192,_,00170,288
A192__00150.288,8.228423785965294,40.636825560000005,A192,_,00150,288
A192__00120.288,8.305686359886309,40.634772665,A192,_,00120,288
A192__00110.288,8.280716518987484,40.637597925,A192,_,00110,288
A192__00090.288,8.214731478537168,40.64613474,A192,_,00090,288
A192__00070.288,8.3278307617662,40.65693307,A192,_,00070,288
A192__00050.288,8.268728139462144,40.66107949,A192,_,00050,288
A192__00040.288,8.25950872230122,40.652945665000004,A192,_,00040,288
A192__00030.288,8.244171029769277,40.66326504,A192,_,00030,288
A192__00020.288,8.223492036209533,40.650620535,A192,_,00020,288
A192__00010.289,8.21773630358933,40.66598305,A192,_,00010,289
A192__00970.289,8.314459514318283,40.55764075,A192,_,00970,289
A192__00950.289,8.332653796294615,40.51785932,A192,_,00950,289
A192__00940.289,8.354415151446634,40.521129755000004,A192,_,00940,289
A192__00930.289,8.338940947993276,40.523401445000005,A192,_,00930,289
A192__00860.289,8.357885239129564,40.540890770000004,A192,_,00860,289
A192__00850.289,8.335396990428936,40.54102264,A192,_,00850,289
A192__00810.289,8.365916136456104,40.55182489,A192,_,00810,289
A192__00800.289,8.36238934473401,40.5457637,A192,_,00800,289
A192__00790.289,8.344258178244253,40.53993829,A192,_,00790,289
A192__00780.289,8.322113440906586,40.546144639999994,A192,_,00780,289
A192__00740.289,8.357056123568633,40.55377277,A192,_,00740,289
A192__00730.289,8.349612339419199,40.558812634999995,A192,_,00730,289
A192__0071.289,8.31740899246618,40.555379634999994,A192,_,0071,289
A192__00680.289,8.355473389518647,40.563943265,A192,_,00680,289
A192__00650.289,8.31540096231083,40.55933465,A192,_,00650,289
A192__00630.289,8.334663335305228,40.572952055,A192,_,00630,289
A192__00620.289,8.332478365829688,40.577839925,A192,_,00620,289
A192__0061.289,8.320956988199658,40.575153220000004,A192,_,0061,289
A192__00570.289,8.357562661676843,40.58912743,A192,_,00570,289
A192__00560.289,8.32303170554254,40.580694965000006,A192,_,00560,289
A192__00540.289,8.35613209054079,40.593039899999994,A192,_,00540,289
A192__00530.289,8.337865639175726,40.590986459999996,A192,_,00530,289
A192__00520.289,8.332012240273858,40.591772585,A192,_,00520,289
A192__0050.289,8.313577804813654,40.581791575,A192,_,0050,289
A192__00480.289,8.22178257549576,40.58879754,A192,_,00480,289
A192__00400.289,8.328383337066587,40.607970815,A192,_,00400,289
A192__00390.289,8.320535613145264,40.59724462,A192,_,00390,289
A192__00380.289,8.314662112551165,40.59936926,A192,_,00380,289
A192__00340.289,8.26289350972837,40.622940185,A192,_,00340,289
A192__00320.289,8.207751505311766,40.593835925,A192,_,00320,289
A192__00290.289,8.382993864405424,40.611353605,A192,_,00290,289
A192__00280.289,8.364846437178073,40.623073895000005,A192,_,00280,289
A192__00240.289,8.220363841868311,40.620393230000005,A192,_,00240,289
A192__00190.289,8.200042116375919,40.619084275000006,A192,_,00190,289
A192__00170.289,8.316013606304901,40.624800355,A192,_,00170,289
A192__00150.289,8.228293043631412,40.63779954,A192,_,00150,289
A192__00120.289,8.305024521619677,40.636086825,A192,_,00120,289
A192__00110.289,8.293774974426308,40.643651675,A192,_,00110,289
A192__00070.289,8.32730289565139,40.657138425,A192,_,00070,289
A192__00050.289,8.26935869976434,40.65898565,A192,_,00050,289
A192__00040.289,8.26560591143989,40.65160969,A192,_,00040,289
A192__00020.289,8.20092008364021,40.65065802,A192,_,00020,289
A192__00010.29,8.203733748427375,40.668215645000004,A192,_,00010,29
A192__00970.29,8.312635145550574,40.559400124999996,A192,_,00970,29
A192__00950.29,8.353238227219279,40.518276835,A192,_,00950,29
A192__00940.29,8.353772277008495,40.518168915000004,A192,_,00940,29
A192__00920.29,8.386201072359253,40.51784668,A192,_,00920,29
A192__00910.29,8.413916505881915,40.532751525,A192,_,00910,29
A192__00900.29,8.359792381801018,40.536872790000004,A192,_,00900,29
A192__00890.29,8.351978798280994,40.534024470000006,A192,_,00890,29
A192__00880.29,8.34666956171282,40.525250405,A192,_,00880,29
A192__00860.29,8.352659203429074,40.54005248,A192,_,00860,29
A192__00850.29,8.346284564955289,40.532559555,A192,_,00850,29
A192__00810.29,8.367407049045067,40.54992355,A192,_,00810,29
A192__00800.29,8.35650141994541,40.548085365000006,A192,_,00800,29
A192__00790.29,8.340907736178533,40.542212695,A192,_,00790,29
A192__00740.29,8.359946465575518,40.554309290000006,A192,_,00740,29
A192__00730.29,8.346244714323376,40.556913095,A192,_,00730,29
A192__00690.29,8.377096961492294,40.570858529999995,A192,_,00690,29
A192__00680.29,8.358012761781055,40.565057030000006,A192,_,00680,29
A192__00660.29,8.329223028932343,40.559352415,A192,_,00660,29
A192__00620.29,8.323064363336261,40.57048159,A192,_,00620,29
A192__00580.29,8.355204687047591,40.57810295,A192,_,00580,29
A192__00570.29,8.345324776755922,40.589027675,A192,_,00570,29
A192__00560.29,8.324604614552033,40.583331885,A192,_,00560,29
A192__00550.29,8.320159567305943,40.587172495000004,A192,_,00550,29
A192__00540.29,8.343839515835192,40.593091619999996,A192,_,00540,29
A192__00520.29,8.328560035761363,40.58847746,A192,_,00520,29
A192__00480.29,8.238321075463524,40.580797864999994,A192,_,00480,29
A192__00470.29,8.21865591202533,40.591212435,A192,_,00470,29
A192__00440.29,8.393965415983448,40.60118692,A192,_,00440,29
A192__00430.29,8.377047935274721,40.59766186,A192,_,00430,29
A192__00400.29,8.326888480116608,40.60277612,A192,_,00400,29
A192__00370.29,8.287873124100622,40.59429549,A192,_,00370,29
A192__00330.29,8.233533513115912,40.599008765,A192,_,00330,29
A192__00310.29,8.381310335135286,40.610495875,A192,_,00310,29
A192__00290.29,8.384739611542832,40.615159455,A192,_,00290,29
A192__00270.29,8.346966921111335,40.613248295,A192,_,00270,29
A192__00230.29,8.188365663963568,40.613220295000005,A192,_,00230,29
A192__00220.29,8.143589199790826,40.614063795,A192,_,00220,29
A192__00210.29,8.352848754320572,40.61689738,A192,_,00210,29
A192__00200.29,8.256850414643491,40.63120472,A192,_,00200,29
A192__00160.29,8.263853410117306,40.632597045,A192,_,00160,29
A192__00150.29,8.218964265273922,40.6421523,A192,_,00150,29
A192__00140.29,8.196290608682201,40.642864020000005,A192,_,00140,29
A192__00060.29,8.304640537333322,40.662127685,A192,_,00060,29
A192__00050.29,8.270800210915539,40.659157035,A192,_,00050,29
A192__00040.29,8.251220836230573,40.663487135,A192,_,00040,29
A192__00010.290,8.235533344822517,40.662542290000005,A192,_,00010,290
A192__00970.290,8.314384922481931,40.557641645,A192,_,00970,290
A192__00950.290,8.332492988783097,40.5181721,A192,_,00950,290
A192__00940.290,8.355276889290488,40.522547939999995,A192,_,00940,290
A192__00930.290,8.339467481979884,40.52316864,A192,_,00930,290
A192__00890.290,8.347645437863608,40.531488214999996,A192,_,00890,290
A192__00880.290,8.344018579882118,40.52547296,A192,_,00880,290
A192__00860.290,8.367609286345532,40.542204575,A192,_,00860,290
A192__00810.290,8.368620857497682,40.546861705,A192,_,00810,290
A192__00790.290,8.343579242364868,40.543096875,A192,_,00790,290
A192__00740.290,8.359544553025163,40.56273392,A192,_,00740,290
A192__00730.290,8.349507256394967,40.5585859,A192,_,00730,290
A192__00670.290,8.340404990342158,40.56139961,A192,_,00670,290
A192__00650.290,8.315518305285366,40.558941685,A192,_,00650,290
A192__00630.290,8.334781105492297,40.572782169999996,A192,_,00630,290
A192__00620.290,8.332370503944418,40.57795493,A192,_,00620,290
A192__0061.290,8.319651386972588,40.573275235,A192,_,0061,290
A192__00590.290,8.397275362311515,40.580208889999994,A192,_,00590,290
A192__00570.290,8.357717497613766,40.589237600000004,A192,_,00570,290
A192__00560.290,8.322947123753739,40.580087995,A192,_,00560,290
A192__00550.290,8.319453810039754,40.588229264999995,A192,_,00550,290
A192__00540.290,8.356073049252995,40.593265130000006,A192,_,00540,290
A192__00530.290,8.34247825257562,40.597534505,A192,_,00530,290
A192__0049.290,8.281417081707247,40.59242678,A192,_,0049,290
A192__00480.290,8.22295402006091,40.597770765,A192,_,00480,290
A192__00420.290,8.347934214829694,40.60199512,A192,_,00420,290
A192__00400.290,8.326905269668107,40.600195235,A192,_,00400,290
A192__00390.290,8.32080520992335,40.597338585,A192,_,00390,290
A192__00350.290,8.285433762916503,40.59637328,A192,_,00350,290
A192__00340.290,8.262987388692245,40.62402211,A192,_,00340,290
A192__00320.290,8.207514486237386,40.59381337,A192,_,00320,290
A192__00300.290,8.385932147691566,40.612603289999996,A192,_,00300,290
A192__00280.290,8.364990308782392,40.62335598,A192,_,00280,290
A192__00270.290,8.32927472155275,40.612875169999995,A192,_,00270,290
A192__00190.290,8.199922068653052,40.618805609999995,A192,_,00190,290
A192__00170.290,8.316876832097499,40.624800225,A192,_,00170,290
A192__00120.290,8.305085541991762,40.635068849999996,A192,_,00120,290
A192__00110.290,8.293525912570507,40.643814725,A192,_,00110,290
A192__00090.290,8.215233702230424,40.64706737,A192,_,00090,290
A192__00070.290,8.327267625786028,40.65722839,A192,_,00070,290
A192__00050.290,8.283523191638096,40.66778765,A192,_,00050,290
A192__00040.290,8.26561714991546,40.649092499999995,A192,_,00040,290
A192__00030.290,8.235541245572986,40.655867029999996,A192,_,00030,290
A192__00020.290,8.199089879998795,40.65014879,A192,_,00020,290
A192__00010.291,8.236139987038491,40.662581180000004,A192,_,00010,291
A192__00970.291,8.314312984994313,40.557645050000005,A192,_,00970,291
A192__00950.291,8.33254328461123,40.51841961,A192,_,00950,291
A192__00940.291,8.354879325091837,40.520518025,A192,_,00940,291
A192__00930.291,8.339331243421658,40.52310032,A192,_,00930,291
A192__00890.291,8.347420917388893,40.531767474999995,A192,_,00890,291
A192__00880.291,8.343978268096727,40.525568379999996,A192,_,00880,291
A192__00860.291,8.366821944592735,40.544581785,A192,_,00860,291
A192__00810.291,8.369739973984629,40.54911244,A192,_,00810,291
A192__00800.291,8.358566828331789,40.54270239,A192,_,00800,291
A192__00790.291,8.343799256800924,40.54277346,A192,_,00790,291
A192__00770.291,8.334823023310769,40.552379975,A192,_,00770,291
A192__00730.291,8.344809208345428,40.556443485,A192,_,00730,291
A192__0072.291,8.328749329587165,40.55757857,A192,_,0072,291
A192__0071.291,8.317473828290472,40.555551969999996,A192,_,0071,291
A192__00690.291,8.35834939348031,40.573177895,A192,_,00690,291
A192__00670.291,8.340685651896887,40.56162191,A192,_,00670,291
A192__0064.291,8.320179203423562,40.564133255,A192,_,0064,291
A192__00630.291,8.33441673965434,40.572699,A192,_,00630,291
A192__00620.291,8.328847275107648,40.576032825,A192,_,00620,291
A192__0061.291,8.320040960402206,40.57302272,A192,_,0061,291
A192__00590.291,8.39578823503887,40.581017515,A192,_,00590,291
A192__00570.291,8.35796821494893,40.589312085,A192,_,00570,291
A192__00560.291,8.323078841957154,40.580302105,A192,_,00560,291
A192__00530.291,8.342231050120809,40.59752221,A192,_,00530,291
A192__00510.291,8.319498457901704,40.596314655,A192,_,00510,291
A192__00500.291,8.314666183668514,40.581389555,A192,_,00500,291
A192__00480.291,8.223210948613477,40.59772989,A192,_,00480,291
A192__00410.291,8.333509935441024,40.604066745,A192,_,00410,291
A192__00400.291,8.327988825204553,40.600978725000004,A192,_,00400,291
A192__00390.291,8.321030625153362,40.597300035,A192,_,00390,291
A192__00380.291,8.312583991021214,40.595276565,A192,_,00380,291
A192__00350.291,8.262866216717377,40.603871005,A192,_,00350,291
A192__00340.291,8.265994946631885,40.605242725,A192,_,00340,291
A192__00320.291,8.208200923654896,40.593596315,A192,_,00320,291
A192__00300.291,8.38582394281451,40.61270791,A192,_,00300,291
A192__00290.291,8.384036534672925,40.61190756,A192,_,00290,291
A192__00270.291,8.329448214093052,40.613064065,A192,_,00270,291
A192__00240.291,8.222778260541153,40.619766479999996,A192,_,00240,291
A192__00210.291,8.33338780494526,40.624123915,A192,_,00210,291
A192__00190.291,8.199834657942624,40.618630499999995,A192,_,00190,291
A192__00170.291,8.318269194012732,40.624796950000004,A192,_,00170,291
A192__00150.291,8.230512302094912,40.635311,A192,_,00150,291
A192__00120.291,8.305249832547243,40.634814344999995,A192,_,00120,291
A192__00090.291,8.215272368747272,40.64719246999999,A192,_,00090,291
A192__00040.291,8.265621513308012,40.64794863,A192,_,00040,291
A192__00020.291,8.201973068647064,40.651449125,A192,_,00020,291
A192__00010.292,8.229734847096365,40.662221195,A192,_,00010,292
A192__00970.292,8.31424608264573,40.55764845,A192,_,00970,292
A192__00930.292,8.33907629092824,40.523186235,A192,_,00930,292
A192__00890.292,8.350896274122865,40.527771875,A192,_,00890,292
A192__00880.292,8.342523003700455,40.528601195,A192,_,00880,292
A192__00850.292,8.334732763226604,40.53915351,A192,_,00850,292
A192__00800.292,8.358407225864397,40.543415535,A192,_,00800,292
A192__00790.292,8.346860065206897,40.542693944999996,A192,_,00790,292
A192__00780.292,8.328375568343628,40.5438737,A192,_,00780,292
A192__00770.292,8.3350649679406,40.55330909,A192,_,00770,292
A192__00750.292,8.373704209770025,40.549834955,A192,_,00750,292
A192__00740.292,8.360738554350561,40.562613115000005,A192,_,00740,292
A192__00730.292,8.349215285639051,40.55201343,A192,_,00730,292
A192__0072.292,8.32886701882667,40.557723765,A192,_,0072,292
A192__0071.292,8.317727502040249,40.555536515,A192,_,0071,292
A192__00670.292,8.34279714702581,40.564682704999996,A192,_,00670,292
A192__00650.292,8.316745533885427,40.55993959,A192,_,00650,292
A192__00620.292,8.32868614949294,40.575377795,A192,_,00620,292
A192__00590.292,8.397432314049192,40.58074268,A192,_,00590,292
A192__00570.292,8.35398574722452,40.58768564499999,A192,_,00570,292
A192__00560.292,8.32298577414792,40.580008074999995,A192,_,00560,292
A192__00540.292,8.35624871901321,40.59250684,A192,_,00540,292
A192__00520.292,8.330155692664821,40.590031855,A192,_,00520,292
A192__0050.292,8.313228602032176,40.580618154999996,A192,_,0050,292
A192__00400.292,8.326377638490229,40.601893700000005,A192,_,00400,292
A192__00390.292,8.32125129559585,40.59727032,A192,_,00390,292
A192__00350.292,8.263087562773137,40.603944185,A192,_,00350,292
A192__00320.292,8.20745725412657,40.593905815,A192,_,00320,292
A192__00290.292,8.385135831451349,40.6126401,A192,_,00290,292
A192__00270.292,8.329751719176702,40.612874425,A192,_,00270,292
A192__00190.292,8.20608380453319,40.61669432,A192,_,00190,292
A192__00170.292,8.319687076164193,40.62479553,A192,_,00170,292
A192__00150.292,8.230907083810038,40.635030255000004,A192,_,00150,292
A192__00120.292,8.304859544805254,40.63480457,A192,_,00120,292
A192__00090.292,8.214496554721924,40.646472775,A192,_,00090,292
A192__00080.292,8.323726224186494,40.660746445,A192,_,00080,292
A192__00070.292,8.327341968731446,40.6570557,A192,_,00070,292
A192__00040.292,8.265637250515592,40.64590406,A192,_,00040,292
A192__00030.292,8.226207684172714,40.655344369999995,A192,_,00030,292
A192__00020.292,8.202123838275542,40.651507945,A192,_,00020,292
A192__0071.2922,8.32107518471475,40.551033085,A192,_,0071,2922
A192__0071.2923,8.320752062245198,40.551047475,A192,_,0071,2923
A192__0071.2924,8.321095213591992,40.551157085,A192,_,0071,2924
A192__00010.293,8.23033548488736,40.662248745,A192,_,00010,293
A192__00970.293,8.314174654736206,40.557651019999994,A192,_,00970,293
A192__00950.293,8.333284519559857,40.517803009999994,A192,_,00950,293
A192__00940.293,8.35565930333654,40.521150555,A192,_,00940,293
A192__00930.293,8.339526046417397,40.522593565,A192,_,00930,293
A192__00880.293,8.342407898802618,40.528820804999995,A192,_,00880,293
A192__00870.293,8.332458922317572,40.52422077,A192,_,00870,293
A192__00850.293,8.334598630339237,40.539109535,A192,_,00850,293
A192__00810.293,8.373905783068452,40.547765299999995,A192,_,00810,293
A192__00800.293,8.358345627162304,40.543479755,A192,_,00800,293
A192__00790.293,8.346690627008647,40.54283755,A192,_,00790,293
A192__00780.293,8.327141088768467,40.541826564999994,A192,_,00780,293
A192__0077.293,8.326276265159727,40.552193485000004,A192,_,0077,293
A192__00730.293,8.349208412522412,40.55216205,A192,_,00730,293
A192__0072.293,8.32897888877139,40.557822220000006,A192,_,0072,293
A192__0071.293,8.31761071586327,40.555691425000006,A192,_,0071,293
A192__00690.293,8.358218605354066,40.573342865,A192,_,00690,293
A192__00630.293,8.335356177696841,40.571871645,A192,_,00630,293
A192__00590.293,8.39641824825273,40.5807754,A192,_,00590,293
A192__00570.293,8.34103167182697,40.591127785,A192,_,00570,293
A192__00560.293,8.323200723357184,40.58000146,A192,_,00560,293
A192__00550.293,8.322810542272062,40.58273839,A192,_,00550,293
A192__00540.293,8.348786066234371,40.59303301,A192,_,00540,293
A192__00520.293,8.33142931065522,40.589542769999994,A192,_,00520,293
A192__00510.293,8.320545513389963,40.595611215000005,A192,_,00510,293
A192__00410.293,8.334872383586681,40.60395513,A192,_,00410,293
A192__00400.293,8.32795464888051,40.60671532,A192,_,00400,293
A192__00390.293,8.321458123093361,40.597186035,A192,_,00390,293
A192__00380.293,8.310796695782102,40.595993539999995,A192,_,00380,293
A192__00340.293,8.243757829850818,40.610972695,A192,_,00340,293
A192__00320.293,8.207447865623159,40.594006910000004,A192,_,00320,293
A192__00300.293,8.387955838693157,40.61397776,A192,_,00300,293
A192__00290.293,8.38492025800267,40.61233695,A192,_,00290,293
A192__00270.293,8.329529085212158,40.61257064,A192,_,00270,293
A192__00240.293,8.213226825588283,40.631544335,A192,_,00240,293
A192__00210.293,8.333560179128828,40.62500971,A192,_,00210,293
A192__00190.293,8.206523308489317,40.616533605,A192,_,00190,293
A192__00170.293,8.32146815282362,40.624794054999995,A192,_,00170,293
A192__00150.293,8.229459792025038,40.634771515,A192,_,00150,293
A192__00090.293,8.217352294639877,40.646280585,A192,_,00090,293
A192__00080.293,8.320861969769606,40.655880690000004,A192,_,00080,293
A192__00070.293,8.32710862766357,40.657017315000004,A192,_,00070,293
A192__00040.293,8.265655316794621,40.643709275,A192,_,00040,293
A192__00030.293,8.225987667580267,40.655092215,A192,_,00030,293
A192__0071.2932,8.322068247530625,40.551665875,A192,_,0071,2932
A192__00010.294,8.231162228199075,40.66228346,A192,_,00010,294
A192__00970.294,8.314054924884868,40.557654389999996,A192,_,00970,294
A192__00950.294,8.333544533656612,40.515030815,A192,_,00950,294
A192__00930.294,8.33944474208116,40.522923145,A192,_,00930,294
A192__00890.294,8.346770533284843,40.529054875,A192,_,00890,294
A192__00870.294,8.326867508302506,40.53107733,A192,_,00870,294
A192__00850.294,8.334514566673235,40.53912728,A192,_,00850,294
A192__00810.294,8.373796270850955,40.547710795,A192,_,00810,294
A192__00800.294,8.358307908183331,40.543419635,A192,_,00800,294
A192__00790.294,8.341540345816476,40.54946364,A192,_,00790,294
A192__00780.294,8.328238872217478,40.54261967,A192,_,00780,294
A192__00740.294,8.356664747164983,40.56080884,A192,_,00740,294
A192__00730.294,8.349210086805513,40.551963220000005,A192,_,00730,294
A192__0071.294,8.317114021222883,40.555711015,A192,_,0071,294
A192__00650.294,8.316054455832667,40.559306585,A192,_,00650,294
A192__00640.294,8.327008893346582,40.569451165000004,A192,_,00640,294
A192__00630.294,8.332057970076796,40.574544419999995,A192,_,00630,294
A192__00620.294,8.328386755807013,40.573888805,A192,_,00620,294
A192__00590.294,8.396625566314464,40.581600855000005,A192,_,00590,294
A192__00570.294,8.341307976860652,40.591278375,A192,_,00570,294
A192__00560.294,8.325390722433276,40.579627904999995,A192,_,00560,294
A192__00550.294,8.323118642159312,40.58264144499999,A192,_,00550,294
A192__00540.294,8.348427290643748,40.593146915000005,A192,_,00540,294
A192__00520.294,8.329328222256343,40.593797359999996,A192,_,00520,294
A192__00510.294,8.319653305416242,40.59580805,A192,_,00510,294
A192__0050.294,8.313246346126927,40.581636335,A192,_,0050,294
A192__0049.294,8.281306516145127,40.593333195,A192,_,0049,294
A192__00400.294,8.328072722803647,40.60667616,A192,_,00400,294
A192__00390.294,8.320449372272634,40.596897345,A192,_,00390,294
A192__00380.294,8.310555197278639,40.59585416,A192,_,00380,294
A192__00350.294,8.26326639861498,40.603917945,A192,_,00350,294
A192__00340.294,8.243912554264186,40.610802245,A192,_,00340,294
A192__00320.294,8.207174127383553,40.593896985,A192,_,00320,294
A192__00300.294,8.386892866519954,40.61324238,A192,_,00300,294
A192__00290.294,8.381738239213764,40.611031170000004,A192,_,00290,294
A192__00240.294,8.213164325663993,40.632277855,A192,_,00240,294
A192__00190.294,8.206945936930527,40.616379755,A192,_,00190,294
A192__00170.294,8.314593515039537,40.63608221,A192,_,00170,294
A192__00150.294,8.229205526719133,40.63454876,A192,_,00150,294
A192__00100.294,8.272529367807131,40.64732505,A192,_,00100,294
A192__00090.294,8.216846084736922,40.64588146,A192,_,00090,294
A192__00080.294,8.320645279690517,40.65579632,A192,_,00080,294
A192__00050.294,8.282260546874316,40.660705414999995,A192,_,00050,294
A192__00040.294,8.265654878143522,40.64243093,A192,_,00040,294
A192__00030.294,8.225628276655613,40.65524463,A192,_,00030,294
A192__00020.294,8.221423950606818,40.650428815,A192,_,00020,294
A192__00010.295,8.231784035428348,40.662313255,A192,_,00010,295
A192__00970.295,8.314105729158744,40.55749028,A192,_,00970,295
A192__00950.295,8.333588417258984,40.51524207,A192,_,00950,295
A192__00930.295,8.338952970015878,40.522919725,A192,_,00930,295
A192__00890.295,8.34673674608641,40.52871615,A192,_,00890,295
A192__00880.295,8.341791484308121,40.52837405,A192,_,00880,295
A192__00870.295,8.32865694420503,40.528921125,A192,_,00870,295
A192__00860.295,8.360120826823298,40.539584565,A192,_,00860,295
A192__00850.295,8.336109507400081,40.536919784999995,A192,_,00850,295
A192__00810.295,8.37426291167028,40.547568235,A192,_,00810,295
A192__00800.295,8.358642270217153,40.544017339999996,A192,_,00800,295
A192__00780.295,8.330079366375415,40.544095905,A192,_,00780,295
A192__0077.295,8.329402012002532,40.552371455,A192,_,0077,295
A192__00750.295,8.375076743871524,40.548468005000004,A192,_,00750,295
A192__00740.295,8.356961960661426,40.560582589999996,A192,_,00740,295
A192__0072.295,8.329345710803613,40.558139225,A192,_,0072,295
A192__00680.295,8.35541751501343,40.56331066,A192,_,00680,295
A192__00640.295,8.326955799918515,40.569288869999994,A192,_,00640,295
A192__00620.295,8.329337372255313,40.574535615,A192,_,00620,295
A192__00570.295,8.34885322485508,40.584726849999996,A192,_,00570,295
A192__00560.295,8.332269157321145,40.586566884999996,A192,_,00560,295
A192__00550.295,8.323247085872477,40.582740709999996,A192,_,00550,295
A192__00540.295,8.34997238292397,40.592982715,A192,_,00540,295
A192__00510.295,8.31593498072808,40.590041944999996,A192,_,00510,295
A192__0050.295,8.313100595999412,40.58169868,A192,_,0050,295
A192__00480.295,8.220033310339392,40.59213053,A192,_,00480,295
A192__00420.295,8.347500193094174,40.600718085,A192,_,00420,295
A192__00400.295,8.3279105466796,40.606609625000004,A192,_,00400,295
A192__00390.295,8.320672540899633,40.596836429999996,A192,_,00390,295
A192__00380.295,8.3090191880325,40.593328205,A192,_,00380,295
A192__00350.295,8.263462098096547,40.603900405000005,A192,_,00350,295
A192__00320.295,8.206835924110091,40.594049285,A192,_,00320,295
A192__00300.295,8.386917246949709,40.613356530000004,A192,_,00300,295
A192__00290.295,8.382409846262151,40.6113893,A192,_,00290,295
A192__00210.295,8.331236086873993,40.62345888,A192,_,00210,295
A192__00190.295,8.207765718106243,40.618447270000004,A192,_,00190,295
A192__00170.295,8.310235072825723,40.63450467,A192,_,00170,295
A192__00100.295,8.270993345960369,40.64745911,A192,_,00100,295
A192__00090.295,8.22301822175113,40.64842202,A192,_,00090,295
A192__00070.295,8.327247820015717,40.657168444999996,A192,_,00070,295
A192__00050.295,8.282312376870411,40.660891230000004,A192,_,00050,295
A192__00040.295,8.246495447451835,40.664979759999994,A192,_,00040,295
A192__00030.295,8.24343562291864,40.656735330000004,A192,_,00030,295
A192__00020.295,8.222755483739949,40.65088667,A192,_,00020,295
A192__00010.296,8.232614119231851,40.66236346,A192,_,00010,296
A192__00970.296,8.314213902341653,40.557497080000005,A192,_,00970,296
A192__00950.296,8.33363341511275,40.51778908,A192,_,00950,296
A192__00940.296,8.358430924834439,40.509742085,A192,_,00940,296
A192__00900.296,8.356001598870698,40.531707080000004,A192,_,00900,296
A192__00890.296,8.3468752626958,40.528704015,A192,_,00890,296
A192__00880.296,8.341455438297377,40.52920366,A192,_,00880,296
A192__00870.296,8.328977733572382,40.52847629,A192,_,00870,296
A192__00860.296,8.358508202745174,40.537422035000006,A192,_,00860,296
A192__00850.296,8.336404659113056,40.537145699999996,A192,_,00850,296
A192__00810.296,8.374400408785387,40.547564595,A192,_,00810,296
A192__00800.296,8.358571178899862,40.54363938,A192,_,00800,296
A192__00790.296,8.346081810503788,40.538876995,A192,_,00790,296
A192__0077.296,8.32785333893288,40.55499397,A192,_,0077,296
A192__00740.296,8.35714616984012,40.560748155,A192,_,00740,296
A192__00730.296,8.349494272065876,40.550776645,A192,_,00730,296
A192__0072.296,8.329496675009054,40.558282025,A192,_,0072,296
A192__00690.296,8.378872000079735,40.571065625,A192,_,00690,296
A192__00680.296,8.355837321807808,40.563699795000005,A192,_,00680,296
A192__00670.296,8.343929138085759,40.565440685,A192,_,00670,296
A192__00640.296,8.327041694273097,40.569062360000004,A192,_,00640,296
A192__00630.296,8.335599423171203,40.573877255,A192,_,00630,296
A192__00620.296,8.329542816936346,40.57467651,A192,_,00620,296
A192__0061.296,8.32126563467228,40.57229496,A192,_,0061,296
A192__00570.296,8.338905708272957,40.587661839999996,A192,_,00570,296
A192__00560.296,8.33226464346119,40.58668231,A192,_,00560,296
A192__00550.296,8.322917289140214,40.582635984999996,A192,_,00550,296
A192__00540.296,8.349985917043256,40.59288218,A192,_,00540,296
A192__00530.296,8.34105349349159,40.59411652,A192,_,00530,296
A192__00510.296,8.320693928872892,40.594854345,A192,_,00510,296
A192__0050.296,8.312436689947951,40.581585145,A192,_,0050,296
A192__00480.296,8.22042421102827,40.5919559,A192,_,00480,296
A192__00400.296,8.324174328202018,40.60341688,A192,_,00400,296
A192__00390.296,8.320884590947394,40.59675183,A192,_,00390,296
A192__00380.296,8.309507993957421,40.59388736,A192,_,00380,296
A192__00350.296,8.27445944166244,40.600442625,A192,_,00350,296
A192__00340.296,8.247449667275253,40.61062098,A192,_,00340,296
A192__00320.296,8.20631984741347,40.594074715000005,A192,_,00320,296
A192__00300.296,8.4129860891837,40.624138265,A192,_,00300,296
A192__00290.296,8.382106315176177,40.61115067,A192,_,00290,296
A192__00190.296,8.207900121704672,40.61773616,A192,_,00190,296
A192__00170.296,8.307590617386904,40.624804705,A192,_,00170,296
A192__00100.296,8.272219484015437,40.64178771,A192,_,00100,296
A192__00090.296,8.222999626454236,40.648634885,A192,_,00090,296
A192__00050.296,8.2766339811668,40.667141810000004,A192,_,00050,296
A192__00040.296,8.248943259466252,40.66511151500001,A192,_,00040,296
A192__00030.296,8.244037787944912,40.65676947,A192,_,00030,296
A192__00020.296,8.198237654739664,40.651526149999995,A192,_,00020,296
A192__0071.2967,8.32108886969692,40.55088946,A192,_,0071,2967
A192__0071.2968,8.321247118473483,40.550975105000006,A192,_,0071,2968
A192__00010.297,8.233242459103764,40.662395634999996,A192,_,00010,297
A192__00970.297,8.314332091689149,40.55749197,A192,_,00970,297
A192__00950.297,8.333622563889765,40.51536659,A192,_,00950,297
A192__00940.297,8.359335983058294,40.509745845,A192,_,00940,297
A192__00900.297,8.35656599858013,40.53234506,A192,_,00900,297
A192__00890.297,8.347021320115147,40.528705439999996,A192,_,00890,297
A192__00880.297,8.341113178157453,40.528657135,A192,_,00880,297
A192__00870.297,8.329831523506652,40.52771903,A192,_,00870,297
A192__00860.297,8.359086632382407,40.53773942,A192,_,00860,297
A192__00850.297,8.336701492011732,40.53742365,A192,_,00850,297
A192__00810.297,8.370196690168743,40.546503779999995,A192,_,00810,297
A192__00790.297,8.345933448733945,40.538316055,A192,_,00790,297
A192__0077.297,8.326371368845468,40.552452110000004,A192,_,0077,297
A192__00740.297,8.355119836643436,40.562886055,A192,_,00740,297
A192__00730.297,8.349922454941456,40.55086167,A192,_,00730,297
A192__0072.297,8.329617475574416,40.55782449,A192,_,0072,297
A192__0071.297,8.317466670315493,40.555861085000004,A192,_,0071,297
A192__00640.297,8.326026798586824,40.56989371,A192,_,00640,297
A192__00630.297,8.331957798870988,40.571261199999995,A192,_,00630,297
A192__0061.297,8.319664954524985,40.57279276,A192,_,0061,297
A192__00590.297,8.390135092107275,40.579538185000004,A192,_,00590,297
A192__00580.297,8.37215198967662,40.58419243,A192,_,00580,297
A192__00570.297,8.351500422861278,40.586036775,A192,_,00570,297
A192__00560.297,8.330248391720623,40.586331654999995,A192,_,00560,297
A192__00550.297,8.323336911861405,40.582647140000006,A192,_,00550,297
A192__00540.297,8.350660536836273,40.5926913,A192,_,00540,297
A192__00530.297,8.342680294889725,40.59583655,A192,_,00530,297
A192__00510.297,8.318832319147997,40.59480242,A192,_,00510,297
A192__0050.297,8.312183748584264,40.58152241,A192,_,0050,297
A192__0049.297,8.278732433616309,40.5925624,A192,_,0049,297
A192__00480.297,8.221674464971915,40.59463376,A192,_,00480,297
A192__00420.297,8.342484596000649,40.60404903,A192,_,00420,297
A192__00390.297,8.321111967289838,40.59671564,A192,_,00390,297
A192__00380.297,8.310537280729111,40.602518945,A192,_,00380,297
A192__00360.297,8.299617678709607,40.61335554,A192,_,00360,297
A192__00350.297,8.275445120311147,40.60063484,A192,_,00350,297
A192__00340.297,8.256107532365787,40.605095905,A192,_,00340,297
A192__00320.297,8.205178022933328,40.59411199,A192,_,00320,297
A192__00300.297,8.405540166968107,40.624278954999994,A192,_,00300,297
A192__00290.297,8.38230383839364,40.610938735,A192,_,00290,297
A192__00270.297,8.350650526802003,40.613166615,A192,_,00270,297
A192__00170.297,8.309351636218864,40.62480635,A192,_,00170,297
A192__00160.297,8.262034313640125,40.640994344999996,A192,_,00160,297
A192__00150.297,8.21643579951426,40.637201425,A192,_,00150,297
A192__00120.297,8.304962515510727,40.62510276,A192,_,00120,297
A192__00100.297,8.272185434972984,40.64210576,A192,_,00100,297
A192__00050.297,8.276872256121061,40.66627957,A192,_,00050,297
A192__00040.297,8.251031742538371,40.665241325,A192,_,00040,297
A192__00030.297,8.24355978976412,40.656686969999996,A192,_,00030,297
A192__00020.297,8.199576321224866,40.652526679999994,A192,_,00020,297
A192__0071.2970,8.323819867097713,40.55449378,A192,_,0071,2970
A192__0071.2974,8.32175740361208,40.553235619999995,A192,_,0071,2974
A192__00010.298,8.234068858915668,40.662447755,A192,_,00010,298
A192__00970.298,8.314437610419002,40.557491165,A192,_,00970,298
A192__00950.298,8.33364183253218,40.51771514,A192,_,00950,298
A192__00900.298,8.356914883891672,40.531833385,A192,_,00900,298
A192__00890.298,8.347107767864404,40.528624625,A192,_,00890,298
A192__00870.298,8.325625471089435,40.533522075,A192,_,00870,298
A192__00860.298,8.359641531544035,40.537587349999995,A192,_,00860,298
A192__00810.298,8.370356662382942,40.546296765,A192,_,00810,298
A192__00800.298,8.35635263400979,40.543131805,A192,_,00800,298
A192__00790.298,8.345807805466897,40.538223495,A192,_,00790,298
A192__00780.298,8.325178184753021,40.54457381,A192,_,00780,298
A192__0077.298,8.32712832844502,40.55213906,A192,_,0077,298
A192__00740.298,8.36116416277607,40.562600735000004,A192,_,00740,298
A192__00730.298,8.34994094659635,40.550784410000006,A192,_,00730,298
A192__0072.298,8.32988637609948,40.557662205,A192,_,0072,298
A192__00680.298,8.355995541807538,40.565207435,A192,_,00680,298
A192__00640.298,8.32608293671526,40.56962702,A192,_,00640,298
A192__00630.298,8.331374018234023,40.571976555,A192,_,00630,298
A192__00620.298,8.327740024141201,40.574399815,A192,_,00620,298
A192__00590.298,8.390150729211731,40.580579455,A192,_,00590,298
A192__00580.298,8.37225972786582,40.584403455,A192,_,00580,298
A192__00570.298,8.337239971331474,40.58893374,A192,_,00570,298
A192__00550.298,8.318123482558526,40.5834268,A192,_,00550,298
A192__00540.298,8.350937850118278,40.5926913,A192,_,00540,298
A192__00530.298,8.338306735243,40.59712856,A192,_,00530,298
A192__00510.298,8.31899909570706,40.594787105,A192,_,00510,298
A192__0050.298,8.312745025013747,40.5813117,A192,_,0050,298
A192__0049.298,8.27853829842552,40.59293674,A192,_,0049,298
A192__00420.298,8.343328945221273,40.603874705,A192,_,00420,298
A192__00410.298,8.338001297615897,40.603639315,A192,_,00410,298
A192__00400.298,8.32373104830246,40.602903985,A192,_,00400,298
A192__00390.298,8.321331867736815,40.596670315,A192,_,00390,298
A192__00380.298,8.31009916558521,40.602644355,A192,_,00380,298
A192__00350.298,8.273783650693286,40.602210395,A192,_,00350,298
A192__00340.298,8.256635461791666,40.605028585,A192,_,00340,298
A192__00320.298,8.204469308073683,40.5941654,A192,_,00320,298
A192__00300.298,8.400745939028209,40.621291805,A192,_,00300,298
A192__00290.298,8.381735825886388,40.610752375000004,A192,_,00290,298
A192__00270.298,8.350778119513619,40.613181255,A192,_,00270,298
A192__00190.298,8.206653902061035,40.616878435000004,A192,_,00190,298
A192__00170.298,8.310487275971152,40.624807215000004,A192,_,00170,298
A192__00160.298,8.262250214306057,40.640990044999995,A192,_,00160,298
A192__00150.298,8.21645888395047,40.63739482,A192,_,00150,298
A192__00120.298,8.304752809508884,40.625308614999994,A192,_,00120,298
A192__00100.298,8.272501060719804,40.64178771,A192,_,00100,298
A192__00090.298,8.218497289848575,40.64331367,A192,_,00090,298
A192__00070.298,8.337482902544266,40.664969920000004,A192,_,00070,298
A192__00050.298,8.276501993636717,40.66616902,A192,_,00050,298
A192__00040.298,8.251591021891056,40.665664785000004,A192,_,00040,298
A192__00030.298,8.238181604507936,40.662680789999996,A192,_,00030,298
A192__00020.298,8.215661165255465,40.65340767,A192,_,00020,298
A192__00010.299,8.234691736628541,40.662488155000005,A192,_,00010,299
A192__00970.299,8.314536386984893,40.557485805,A192,_,00970,299
A192__00950.299,8.333687227908328,40.51553635,A192,_,00950,299
A192__00940.299,8.359264379816707,40.50959334,A192,_,00940,299
A192__00930.299,8.334428122825647,40.522920285,A192,_,00930,299
A192__00900.299,8.356784008816971,40.53165629,A192,_,00900,299
A192__00880.299,8.344437954245763,40.525734735,A192,_,00880,299
A192__00870.299,8.325455855763586,40.532937645000004,A192,_,00870,299
A192__00810.299,8.370568564960982,40.546074954999995,A192,_,00810,299
A192__00790.299,8.346046763037663,40.538302105,A192,_,00790,299
A192__0077.299,8.32978388629331,40.55512755,A192,_,0077,299
A192__00740.299,8.361029373884381,40.56209218,A192,_,00740,299
A192__00730.299,8.344156011780619,40.554085985,A192,_,00730,299
A192__0072.299,8.330093906905438,40.557481710000005,A192,_,0072,299
A192__0071.299,8.317815197661165,40.556152225000005,A192,_,0071,299
A192__00680.299,8.355307441058518,40.572366634999995,A192,_,00680,299
A192__00640.299,8.326099295532103,40.569412555,A192,_,00640,299
A192__00630.299,8.331101671277686,40.57129869,A192,_,00630,299
A192__00620.299,8.328773067645292,40.574986935,A192,_,00620,299
A192__0061.299,8.317128791208912,40.576268365000004,A192,_,0061,299
A192__00590.299,8.389909968212045,40.579468885,A192,_,00590,299
A192__00570.299,8.336515924122487,40.588200029999996,A192,_,00570,299
A192__00560.299,8.323024907437166,40.577036475,A192,_,00560,299
A192__00540.299,8.350480853756475,40.59671417,A192,_,00540,299
A192__00520.299,8.33086579483448,40.590947545,A192,_,00520,299
A192__00510.299,8.316437963845267,40.589675205,A192,_,00510,299
A192__0049.299,8.279065266221256,40.59315029,A192,_,0049,299
A192__00480.299,8.229928715161684,40.58927998,A192,_,00480,299
A192__00420.299,8.343925415056361,40.60366449,A192,_,00420,299
A192__00400.299,8.323495922677424,40.60298163,A192,_,00400,299
A192__00390.299,8.321698435800311,40.59685327,A192,_,00390,299
A192__00380.299,8.311151753327817,40.6015382,A192,_,00380,299
A192__00340.299,8.257050293819049,40.604789955,A192,_,00340,299
A192__00320.299,8.203748139068718,40.593773935,A192,_,00320,299
A192__00300.299,8.400995845824504,40.62172666,A192,_,00300,299
A192__00290.299,8.380958952787639,40.61210818,A192,_,00290,299
A192__00270.299,8.35079887384013,40.613132395,A192,_,00270,299
A192__00210.299,8.326362483760366,40.6232375,A192,_,00210,299
A192__00190.299,8.20703691698207,40.616682069999996,A192,_,00190,299
A192__00170.299,8.311859765350139,40.624805175,A192,_,00170,299
A192__00150.299,8.216290268985196,40.63713578,A192,_,00150,299
A192__00120.299,8.305650420783142,40.625489785,A192,_,00120,299
A192__00100.299,8.272181937512528,40.641659989999994,A192,_,00100,299
A192__00090.299,8.218163030169523,40.64337416,A192,_,00090,299
A192__00050.299,8.276244139988023,40.666291855,A192,_,00050,299
A192__00040.299,8.252267204942115,40.665277939999996,A192,_,00040,299
A192__00030.299,8.23910174949311,40.662746145,A192,_,00030,299
A192__00020.299,8.21653778153364,40.651395844999996,A192,_,00020,299
A192__0071.2994,8.325410682344721,40.555722615,A192,_,0071,2994
A192__00080.3,8.32689103301275,40.657901775,A192,_,00080,3
A192__00970.3,8.311588208875499,40.559770279999995,A192,_,00970,3
A192__00960.3,8.384090021009673,40.519108855,A192,_,00960,3
A192__00950.3,8.343552709578926,40.51755253,A192,_,00950,3
A192__00930.3,8.334289230892512,40.52368181,A192,_,00930,3
A192__00920.3,8.378996634901874,40.520929385,A192,_,00920,3
A192__00910.3,8.40645531672555,40.54168567000001,A192,_,00910,3
A192__00880.3,8.341841865720305,40.530210034999996,A192,_,00880,3
A192__00870.3,8.331030540055345,40.531164815,A192,_,00870,3
A192__00850.3,8.334840103316514,40.54032978,A192,_,00850,3
A192__00840.3,8.326152181740568,40.539820735,A192,_,00840,3
A192__00820.3,8.377590108159623,40.54652639,A192,_,00820,3
A192__00800.3,8.3471407148896,40.5488948,A192,_,00800,3
A192__00780.3,8.339163544337534,40.541440480000006,A192,_,00780,3
A192__0077.3,8.32840306158373,40.554909789999996,A192,_,0077,3
A192__00760.3,8.405638519798217,40.562075025,A192,_,00760,3
A192__0072.3,8.328258728740666,40.558433269999995,A192,_,0072,3
A192__0071.3,8.322485364543429,40.55538962,A192,_,0071,3
A192__00700.3,8.398229130286818,40.574123735,A192,_,00700,3
A192__00680.3,8.35417286377268,40.57374856,A192,_,00680,3
A192__00650.3,8.318938071222401,40.56758723,A192,_,00650,3
A192__00620.3,8.329848333364385,40.582048025,A192,_,00620,3
A192__00580.3,8.370913052100358,40.590570029999995,A192,_,00580,3
A192__00570.3,8.338495893206366,40.58767215,A192,_,00570,3
A192__00540.3,8.347872506044368,40.597488944999995,A192,_,00540,3
A192__00520.3,8.329937791532634,40.596178795,A192,_,00520,3
A192__00480.3,8.226694969535274,40.59323353,A192,_,00480,3
A192__00450.3,8.149789918102961,40.594485915,A192,_,00450,3
A192__00440.3,8.386639786967507,40.609781944999995,A192,_,00440,3
A192__00430.3,8.35915482487335,40.599855840000004,A192,_,00430,3
A192__00390.3,8.322408688960302,40.611420894999995,A192,_,00390,3
A192__00380.3,8.313951390199314,40.60488729,A192,_,00380,3
A192__00370.3,8.291020897654649,40.598154425000004,A192,_,00370,3
A192__00360.3,8.290280437578781,40.610691855,A192,_,00360,3
A192__00330.3,8.235667214713182,40.59758753,A192,_,00330,3
A192__00320.3,8.21448676268323,40.608723695,A192,_,00320,3
A192__00220.3,8.148499005633271,40.60708717999999,A192,_,00220,3
A192__00180.3,8.14737123518972,40.622527180000006,A192,_,00180,3
A192__00170.3,8.322693557461314,40.636353889999995,A192,_,00170,3
A192__00160.3,8.258930179508457,40.63918905,A192,_,00160,3
A192__00140.3,8.18846180924419,40.646345205,A192,_,00140,3
A192__00010.30,8.202237863465209,40.669181215,A192,_,00010,30
A192__00970.30,8.312688589775625,40.5593742,A192,_,00970,30
A192__00920.30,8.390125555455597,40.51850565,A192,_,00920,30
A192__00910.30,8.413796908958254,40.532813135,A192,_,00910,30
A192__00900.30,8.362206453672348,40.534979115,A192,_,00900,30
A192__00860.30,8.365964506668256,40.541493315,A192,_,00860,30
A192__00850.30,8.338245613757646,40.53791136,A192,_,00850,30
A192__00820.30,8.374605112405042,40.53507947,A192,_,00820,30
A192__00800.30,8.357495073127986,40.54965017,A192,_,00800,30
A192__00780.30,8.32558424139945,40.542058535,A192,_,00780,30
A192__00770.30,8.33173693546992,40.551490825,A192,_,00770,30
A192__00730.30,8.345181788634248,40.557036235,A192,_,00730,30
A192__0071.30,8.318766698568307,40.5597536,A192,_,0071,30
A192__00690.30,8.3773927555456,40.566985715,A192,_,00690,30
A192__00680.30,8.356161220547563,40.565044560000004,A192,_,00680,30
A192__00670.30,8.347406497151574,40.568031605,A192,_,00670,30
A192__0065.30,8.315664515588258,40.56035163,A192,_,0065,30
A192__00630.30,8.339437104981993,40.57362005,A192,_,00630,30
A192__00620.30,8.324095767235024,40.570443350000005,A192,_,00620,30
A192__00600.30,8.34689900013028,40.58112869,A192,_,00600,30
A192__00590.30,8.383477562093422,40.584535755000005,A192,_,00590,30
A192__00580.30,8.355872519070303,40.575694264999996,A192,_,00580,30
A192__00560.30,8.325956536518817,40.58183801,A192,_,00560,30
A192__00550.30,8.320341466239878,40.58850064,A192,_,00550,30
A192__00510.30,8.319917825558619,40.594125745,A192,_,00510,30
A192__0049.30,8.285632477134154,40.592906729999996,A192,_,0049,30
A192__00470.30,8.219010284742193,40.59113106,A192,_,00470,30
A192__00460.30,8.162923027246642,40.570605799999996,A192,_,00460,30
A192__00440.30,8.380990087241994,40.603320835000005,A192,_,00440,30
A192__00400.30,8.327370074339463,40.6030528,A192,_,00400,30
A192__00390.30,8.321158758367483,40.608799515,A192,_,00390,30
A192__00330.30,8.233100289721179,40.600954985,A192,_,00330,30
A192__00310.30,8.381605971061962,40.610523115,A192,_,00310,30
A192__00300.30,8.384595406642575,40.611605100000006,A192,_,00300,30
A192__00290.30,8.383000137015042,40.61601907,A192,_,00290,30
A192__00280.30,8.361941574828865,40.60211403,A192,_,00280,30
A192__00260.30,8.302435027519099,40.619535240000005,A192,_,00260,30
A192__00220.30,8.143646031731059,40.61391442,A192,_,00220,30
A192__00200.30,8.245760993351457,40.624445715,A192,_,00200,30
A192__00190.30,8.20323540279529,40.61803472,A192,_,00190,30
A192__00140.30,8.198491946796024,40.64198418,A192,_,00140,30
A192__00070.30,8.3391943288559,40.66503762,A192,_,00070,30
A192__00050.30,8.263546629959787,40.660254045,A192,_,00050,30
A192__00040.30,8.2510942613909,40.66123079,A192,_,00040,30
A192__00020.30,8.190764967516387,40.655718144999994,A192,_,00020,30
A192__00010.300,8.220912758801699,40.66173734,A192,_,00010,300
A192__00970.300,8.314631412558526,40.55745856,A192,_,00970,300
A192__00950.300,8.333755713001182,40.516825589999996,A192,_,00950,300
A192__00940.300,8.358405402523916,40.50946874,A192,_,00940,300
A192__00930.300,8.3345301206413,40.52242926,A192,_,00930,300
A192__00900.300,8.35643097650528,40.531645015,A192,_,00900,300
A192__00860.300,8.365656152013836,40.544753315,A192,_,00860,300
A192__00850.300,8.340116880900307,40.533321215,A192,_,00850,300
A192__00810.300,8.36536976132368,40.552415475000004,A192,_,00810,300
A192__00800.300,8.349988176410534,40.549496005,A192,_,00800,300
A192__00790.300,8.345889671367335,40.538098614999996,A192,_,00790,300
A192__0077.300,8.328956778852845,40.55532712,A192,_,0077,300
A192__00750.300,8.370020935967364,40.558127475000006,A192,_,00750,300
A192__00740.300,8.360928867499707,40.562158605,A192,_,00740,300
A192__00730.300,8.349244802833606,40.554802325,A192,_,00730,300
A192__0071.300,8.317510930476583,40.55509184,A192,_,0071,300
A192__00680.300,8.355927889387415,40.56812572,A192,_,00680,300
A192__00640.300,8.326195772494636,40.569219805,A192,_,00640,300
A192__00630.300,8.331515508883921,40.57247404,A192,_,00630,300
A192__00620.300,8.328992265764333,40.575122675,A192,_,00620,300
A192__0061.300,8.320587307689959,40.57379255,A192,_,0061,300
A192__00570.300,8.336396889283144,40.588673075,A192,_,00570,300
A192__00550.300,8.318851318322839,40.584440885,A192,_,00550,300
A192__00540.300,8.350076342221382,40.596327970000004,A192,_,00540,300
A192__00530.300,8.340793437410188,40.593892260000004,A192,_,00530,300
A192__00510.300,8.316738562638202,40.590027365,A192,_,00510,300
A192__00500.300,8.314325737744186,40.58152885,A192,_,00500,300
A192__0049.300,8.280377840862002,40.59301826,A192,_,0049,300
A192__00480.300,8.2291055919809,40.589312135,A192,_,00480,300
A192__00450.300,8.17039541641534,40.584948455,A192,_,00450,300
A192__00420.300,8.344523864638301,40.603468555,A192,_,00420,300
A192__00410.300,8.33734396697027,40.598706655,A192,_,00410,300
A192__00400.300,8.324121727956244,40.60321616,A192,_,00400,300
A192__00390.300,8.32179818992194,40.59729139,A192,_,00390,300
A192__00380.300,8.311432012321513,40.601424655,A192,_,00380,300
A192__00350.300,8.274979171907017,40.603103915,A192,_,00350,300
A192__00340.300,8.257621034140385,40.604781114999994,A192,_,00340,300
A192__00320.300,8.203857742589925,40.59334923,A192,_,00320,300
A192__00290.300,8.389343808734845,40.6191992,A192,_,00290,300
A192__00210.300,8.325898637300144,40.62313045,A192,_,00210,300
A192__00190.300,8.198549381462346,40.638386205,A192,_,00190,300
A192__00170.300,8.314596187975052,40.625576645,A192,_,00170,300
A192__00120.300,8.304660846198018,40.62496958,A192,_,00120,300
A192__00100.300,8.270595843365708,40.649534270000004,A192,_,00100,300
A192__00090.300,8.211943270760305,40.650658625,A192,_,00090,300
A192__00050.300,8.272698755426003,40.661626645,A192,_,00050,300
A192__00040.300,8.244924815864714,40.66335428,A192,_,00040,300
A192__00030.300,8.239633040894216,40.66276429,A192,_,00030,300
A192__0071.3005,8.322887547622908,40.552128555,A192,_,0071,3005
A192__00010.301,8.221514317066742,40.661768495000004,A192,_,00010,301
A192__00970.301,8.314705895477577,40.55745856,A192,_,00970,301
A192__00950.301,8.333854289888293,40.51407422,A192,_,00950,301
A192__00900.301,8.356656089650379,40.531940475,A192,_,00900,301
A192__00880.301,8.34869995152346,40.524716515,A192,_,00880,301
A192__00860.301,8.365935554913989,40.544785715,A192,_,00860,301
A192__00810.301,8.365445003403796,40.552512575,A192,_,00810,301
A192__0077.301,8.328673079283881,40.555194235,A192,_,0077,301
A192__00740.301,8.360125988014502,40.56406476,A192,_,00740,301
A192__00730.301,8.344416272670077,40.55446662,A192,_,00730,301
A192__0072.301,8.330151687043788,40.557796885,A192,_,0072,301
A192__0071.301,8.317242656270718,40.555010620000004,A192,_,0071,301
A192__00680.301,8.35631909094429,40.568313274999994,A192,_,00680,301
A192__00630.301,8.33240516928424,40.57144832,A192,_,00630,301
A192__0061.301,8.317153462366884,40.57591704,A192,_,0061,301
A192__00580.301,8.373120276045157,40.584437265000005,A192,_,00580,301
A192__00570.301,8.351682605211376,40.586510149999995,A192,_,00570,301
A192__00560.301,8.331076837253734,40.587218254999996,A192,_,00560,301
A192__00550.301,8.322371740865542,40.58935459,A192,_,00550,301
A192__00540.301,8.350100357607241,40.59649872,A192,_,00540,301
A192__00530.301,8.340945284118597,40.59375272,A192,_,00530,301
A192__00520.301,8.33081999434361,40.590582255,A192,_,00520,301
A192__00500.301,8.31354733263578,40.584160940000004,A192,_,00500,301
A192__0049.301,8.280667309704945,40.592577265,A192,_,0049,301
A192__00450.301,8.15614155960408,40.57683282,A192,_,00450,301
A192__00410.301,8.332302457681074,40.60477366,A192,_,00410,301
A192__00390.301,8.32051464397014,40.59932748,A192,_,00390,301
A192__00380.301,8.31145867597996,40.600453805,A192,_,00380,301
A192__00350.301,8.275088605845273,40.603319915,A192,_,00350,301
A192__00340.301,8.258248479894103,40.60487186,A192,_,00340,301
A192__00320.301,8.204236689294557,40.593034349999996,A192,_,00320,301
A192__00300.301,8.393570055236742,40.617355565,A192,_,00300,301
A192__00290.301,8.390007150291302,40.617589325,A192,_,00290,301
A192__00270.301,8.327050924297158,40.612826185,A192,_,00270,301
A192__00210.301,8.326297534545802,40.62269382,A192,_,00210,301
A192__00170.301,8.312972707708285,40.62947527,A192,_,00170,301
A192__00160.301,8.260915494831599,40.62913600500001,A192,_,00160,301
A192__00150.301,8.216363212705584,40.637293330000006,A192,_,00150,301
A192__00120.301,8.304768884724064,40.62496993,A192,_,00120,301
A192__00100.301,8.271067168839366,40.649740925,A192,_,00100,301
A192__00090.301,8.212870378152688,40.65149936,A192,_,00090,301
A192__00050.301,8.273408256612388,40.664523239999994,A192,_,00050,301
A192__00040.301,8.245160664829475,40.66098817,A192,_,00040,301
A192__00030.301,8.240516994966338,40.66283088,A192,_,00030,301
A192__00010.302,8.222313581488917,40.6618127,A192,_,00010,302
A192__00970.302,8.314781293940822,40.55748842,A192,_,00970,302
A192__00950.302,8.333979550732863,40.514102730000005,A192,_,00950,302
A192__00940.302,8.35743584734591,40.50889786,A192,_,00940,302
A192__00870.302,8.337143538711478,40.52770012,A192,_,00870,302
A192__00860.302,8.365725311428523,40.542914440000004,A192,_,00860,302
A192__00850.302,8.340501761187578,40.532684215,A192,_,00850,302
A192__00810.302,8.367869839731792,40.549801355,A192,_,00810,302
A192__00790.302,8.344009009627147,40.538971115,A192,_,00790,302
A192__0077.302,8.328247250890874,40.55543642000001,A192,_,0077,302
A192__00740.302,8.360452698569386,40.564300445,A192,_,00740,302
A192__00730.302,8.344221939710778,40.554780185,A192,_,00730,302
A192__0072.302,8.32992231431691,40.557933565,A192,_,0072,302
A192__0071.302,8.317378821660963,40.554927225,A192,_,0071,302
A192__00680.302,8.353208867693631,40.570876575,A192,_,00680,302
A192__00660.302,8.333611697800738,40.566356985,A192,_,00660,302
A192__00630.302,8.33163157955505,40.572850325000005,A192,_,00630,302
A192__00620.302,8.326058020334035,40.57223410500001,A192,_,00620,302
A192__00580.302,8.373005706789503,40.5844286,A192,_,00580,302
A192__00560.302,8.331005767076062,40.58721163,A192,_,00560,302
A192__00540.302,8.350170305471451,40.596606355000006,A192,_,00540,302
A192__00530.302,8.34115159077447,40.59356206,A192,_,00530,302
A192__00500.302,8.311229174472178,40.585370255,A192,_,00500,302
A192__0049.302,8.279818722822684,40.592708259999995,A192,_,0049,302
A192__00480.302,8.229894935117954,40.58864044,A192,_,00480,302
A192__00450.302,8.156186426853086,40.577088090000004,A192,_,00450,302
A192__00410.302,8.332811194377818,40.60477366,A192,_,00410,302
A192__00400.302,8.324887739189144,40.60424117,A192,_,00400,302
A192__00380.302,8.312020208499082,40.600022804999995,A192,_,00380,302
A192__00320.302,8.204714664866328,40.59281756,A192,_,00320,302
A192__00290.302,8.389517523218558,40.616363155,A192,_,00290,302
A192__00150.302,8.229361138113575,40.64785216,A192,_,00150,302
A192__00100.302,8.270028838257115,40.650447155,A192,_,00100,302
A192__00070.302,8.32721546870852,40.663339375,A192,_,00070,302
A192__00050.302,8.272377337277913,40.664039425,A192,_,00050,302
A192__00040.302,8.245392878376961,40.658446514999994,A192,_,00040,302
A192__00030.302,8.24132382710209,40.66287588,A192,_,00030,302
A192__00010.303,8.22292870984138,40.66184467,A192,_,00010,303
A192__00970.303,8.314848730549837,40.55748867,A192,_,00970,303
A192__00950.303,8.335162233017385,40.513630975,A192,_,00950,303
A192__00940.303,8.357527389186046,40.50857113,A192,_,00940,303
A192__00930.303,8.332898228274626,40.521113835,A192,_,00930,303
A192__00900.303,8.361370576823639,40.528942545,A192,_,00900,303
A192__00880.303,8.345527177372063,40.526368445,A192,_,00880,303
A192__00860.303,8.365384660361046,40.54269597,A192,_,00860,303
A192__00810.303,8.373421282112556,40.54667214,A192,_,00810,303
A192__00790.303,8.344551297854984,40.53901211,A192,_,00790,303
A192__0077.303,8.329232593806356,40.55555871,A192,_,0077,303
A192__00750.303,8.36413294299642,40.56118471,A192,_,00750,303
A192__00740.303,8.360833081698484,40.55926823,A192,_,00740,303
A192__0071.303,8.317346537743283,40.5547703,A192,_,0071,303
A192__00680.303,8.353042813651433,40.57089947,A192,_,00680,303
A192__00630.303,8.332277789749039,40.572275235000006,A192,_,00630,303
A192__0061.303,8.31948566182696,40.574863,A192,_,0061,303
A192__00580.303,8.360911108646029,40.590239275,A192,_,00580,303
A192__00550.303,8.31908012037433,40.581542295000006,A192,_,00550,303
A192__00540.303,8.350081919362209,40.596585825,A192,_,00540,303
A192__00530.303,8.341434724360074,40.593375995,A192,_,00530,303
A192__00520.303,8.331535547869315,40.59070276,A192,_,00520,303
A192__00500.303,8.311148935522542,40.58548216,A192,_,00500,303
A192__0049.303,8.279382656159253,40.592752235,A192,_,0049,303
A192__00480.303,8.2300187104881,40.58834735,A192,_,00480,303
A192__00450.303,8.15445714665733,40.57942015,A192,_,00450,303
A192__00410.303,8.333044392717062,40.604908765000005,A192,_,00410,303
A192__00400.303,8.32452354166341,40.60440593,A192,_,00400,303
A192__00380.303,8.311617417492192,40.600744425,A192,_,00380,303
A192__00360.303,8.2976382978703,40.612310660000006,A192,_,00360,303
A192__00340.303,8.269422869072564,40.606711405,A192,_,00340,303
A192__00320.303,8.204406254631007,40.59270892,A192,_,00320,303
A192__00300.303,8.405265432262382,40.62267745,A192,_,00300,303
A192__00290.303,8.389964101853376,40.617256145,A192,_,00290,303
A192__00270.303,8.332491477499413,40.62116815500001,A192,_,00270,303
A192__00190.303,8.196820084989039,40.63709139,A192,_,00190,303
A192__00170.303,8.312491628254893,40.631859155,A192,_,00170,303
A192__00160.303,8.267589388032055,40.629440970000005,A192,_,00160,303
A192__00150.303,8.229605280178719,40.647958605,A192,_,00150,303
A192__00120.303,8.30574785767852,40.625142235,A192,_,00120,303
A192__00100.303,8.270451158550696,40.65065431,A192,_,00100,303
A192__00090.303,8.207779186865992,40.652470335000004,A192,_,00090,303
A192__00070.303,8.32765866196329,40.662145499999994,A192,_,00070,303
A192__00050.303,8.273387336271556,40.663893525,A192,_,00050,303
A192__00040.303,8.245263151547825,40.6606197,A192,_,00040,303
A192__00030.303,8.241940616103296,40.662910034999996,A192,_,00030,303
A192__00010.304,8.223746516735511,40.661888579999996,A192,_,00010,304
A192__00970.304,8.314914061769915,40.557477985,A192,_,00970,304
A192__00950.304,8.335186601561473,40.513611604999994,A192,_,00950,304
A192__00940.304,8.357826392175255,40.50819834,A192,_,00940,304
A192__00930.304,8.333284494246186,40.521910919999996,A192,_,00930,304
A192__00880.304,8.345580829426702,40.526480840000005,A192,_,00880,304
A192__00860.304,8.36524761202493,40.54272781,A192,_,00860,304
A192__00850.304,8.341367753079123,40.533677534999995,A192,_,00850,304
A192__00840.304,8.327360525688695,40.541457269999995,A192,_,00840,304
A192__00810.304,8.373308680504053,40.5468624,A192,_,00810,304
A192__0077.304,8.32935893502985,40.55535975,A192,_,0077,304
A192__00670.304,8.33638775629158,40.56111426,A192,_,00670,304
A192__00650.304,8.316200396681367,40.559223805,A192,_,00650,304
A192__00640.304,8.325747309230135,40.569118845,A192,_,00640,304
A192__00630.304,8.332831037260846,40.571603935,A192,_,00630,304
A192__00620.304,8.325824107856581,40.57210917,A192,_,00620,304
A192__00590.304,8.391473952041164,40.581521585000004,A192,_,00590,304
A192__00580.304,8.361421347235382,40.59012256,A192,_,00580,304
A192__00570.304,8.344840453080707,40.585616605,A192,_,00570,304
A192__00560.304,8.325068840420421,40.57997941,A192,_,00560,304
A192__00550.304,8.318886956536996,40.581255905000006,A192,_,00550,304
A192__00540.304,8.350887243478988,40.592355145,A192,_,00540,304
A192__00520.304,8.331955024309297,40.59010408,A192,_,00520,304
A192__0050.304,8.314278033274519,40.580964120000004,A192,_,0050,304
A192__00480.304,8.229484319409552,40.588047155,A192,_,00480,304
A192__00450.304,8.151304030852954,40.580422855,A192,_,00450,304
A192__00400.304,8.323497926345551,40.603036825000004,A192,_,00400,304
A192__00380.304,8.312242964904419,40.600178065,A192,_,00380,304
A192__00340.304,8.27003356324179,40.607493465,A192,_,00340,304
A192__00320.304,8.204933073608117,40.594133485,A192,_,00320,304
A192__00300.304,8.40521570514288,40.621071525,A192,_,00300,304
A192__00290.304,8.383262304276396,40.612354525,A192,_,00290,304
A192__00170.304,8.313836360234541,40.631954835,A192,_,00170,304
A192__00150.304,8.229120466904698,40.64761872,A192,_,00150,304
A192__00120.304,8.297089853798202,40.650818349999994,A192,_,00120,304
A192__00090.304,8.20784799824245,40.65270322,A192,_,00090,304
A192__00040.304,8.245473406654881,40.65829285,A192,_,00040,304
A192__00030.304,8.242743282676283,40.662956505,A192,_,00030,304
A192__00020.304,8.218808081714666,40.652716725,A192,_,00020,304
A192__0071.3043,8.321869052490655,40.550301059999995,A192,_,0071,3043
A192__0071.3046,8.321976987381124,40.553682565,A192,_,0071,3046
A192__00010.305,8.224357204949936,40.66192129,A192,_,00010,305
A192__00970.305,8.31510424177399,40.557491075,A192,_,00970,305
A192__00950.305,8.336572344117956,40.51284789,A192,_,00950,305
A192__00940.305,8.357705736380376,40.507844455,A192,_,00940,305
A192__00930.305,8.333219861048068,40.521061110000005,A192,_,00930,305
A192__00900.305,8.357355234506057,40.535089909999996,A192,_,00900,305
A192__00880.305,8.341241480490666,40.529851425000004,A192,_,00880,305
A192__00860.305,8.365087692213553,40.543410820000005,A192,_,00860,305
A192__00850.305,8.341717425532739,40.533953525,A192,_,00850,305
A192__00810.305,8.373489029541938,40.547392535,A192,_,00810,305
A192__00800.305,8.347868675369803,40.544875149999996,A192,_,00800,305
A192__00790.305,8.34264031397922,40.547778335000004,A192,_,00790,305
A192__0077.305,8.329423292192935,40.55437765,A192,_,0077,305
A192__00750.305,8.365277953620705,40.557888035,A192,_,00750,305
A192__00740.305,8.361083922143141,40.559307265,A192,_,00740,305
A192__00730.305,8.344477882406135,40.556068375,A192,_,00730,305
A192__0072.305,8.329029962522437,40.557911315,A192,_,0072,305
A192__00690.305,8.359491513451758,40.571034505,A192,_,00690,305
A192__00680.305,8.353239053781488,40.57111906,A192,_,00680,305
A192__00670.305,8.343100553483188,40.56828085,A192,_,00670,305
A192__00660.305,8.334688076134132,40.561063435,A192,_,00660,305
A192__00640.305,8.325737233054014,40.569084849999996,A192,_,00640,305
A192__00630.305,8.333384106773458,40.57093214,A192,_,00630,305
A192__00620.305,8.325933974581847,40.571860215,A192,_,00620,305
A192__00590.305,8.391893085278769,40.579171995,A192,_,00590,305
A192__00580.305,8.363788962611597,40.58763883,A192,_,00580,305
A192__00570.305,8.341738167772927,40.5852891,A192,_,00570,305
A192__00560.305,8.327094082517899,40.586709785,A192,_,00560,305
A192__00540.305,8.350599888077916,40.592355145,A192,_,00540,305
A192__00520.305,8.33107286557391,40.589413895,A192,_,00520,305
A192__00480.305,8.229157277879292,40.58820475,A192,_,00480,305
A192__00450.305,8.150228850728231,40.58773081,A192,_,00450,305
A192__00410.305,8.330819068357265,40.59617163,A192,_,00410,305
A192__00400.305,8.324427016731512,40.603868585,A192,_,00400,305
A192__00390.305,8.321097435727282,40.598888685000006,A192,_,00390,305
A192__00380.305,8.312945343620546,40.60073867,A192,_,00380,305
A192__00360.305,8.29727298602281,40.61248288,A192,_,00360,305
A192__00350.305,8.268405671076465,40.60431068,A192,_,00350,305
A192__00340.305,8.270334413949183,40.60677978,A192,_,00340,305
A192__00320.305,8.211989029744597,40.59312515,A192,_,00320,305
A192__00290.305,8.383457167524673,40.61191923,A192,_,00290,305
A192__00270.305,8.320503862066786,40.61623917,A192,_,00270,305
A192__00170.305,8.307187337909577,40.629024095,A192,_,00170,305
A192__00150.305,8.22888900634258,40.64608489,A192,_,00150,305
A192__00120.305,8.2970980898866,40.652131165,A192,_,00120,305
A192__00090.305,8.20817308498675,40.65277849,A192,_,00090,305
A192__00060.305,8.293094833861268,40.663831435000006,A192,_,00060,305
A192__00040.305,8.260313084505746,40.65661385,A192,_,00040,305
A192__00030.305,8.243353898466482,40.662986745,A192,_,00030,305
A192__00020.305,8.22016800616231,40.654038555,A192,_,00020,305
A192__00010.306,8.225163519489,40.661965955,A192,_,00010,306
A192__00950.306,8.336592566698453,40.512800365000004,A192,_,00950,306
A192__00940.306,8.35802107441587,40.508940640000006,A192,_,00940,306
A192__00930.306,8.333931853126625,40.521227395,A192,_,00930,306
A192__00900.306,8.36055383478013,40.530076365,A192,_,00900,306
A192__00880.306,8.340805135828589,40.52976721500001,A192,_,00880,306
A192__00870.306,8.336664913603357,40.52574558,A192,_,00870,306
A192__00860.306,8.365287948329716,40.543145194999994,A192,_,00860,306
A192__00850.306,8.341861131345599,40.53403333,A192,_,00850,306
A192__00840.306,8.32715035496745,40.540820715,A192,_,00840,306
A192__00810.306,8.373346653223962,40.546580565,A192,_,00810,306
A192__00800.306,8.347611794148204,40.549634755,A192,_,00800,306
A192__00790.306,8.342773820564073,40.54755186,A192,_,00790,306
A192__0077.306,8.330011780478348,40.554131065,A192,_,0077,306
A192__00750.306,8.368470464964268,40.552290115,A192,_,00750,306
A192__00740.306,8.360814258364073,40.559094035,A192,_,00740,306
A192__00680.306,8.351683412899813,40.570503384999995,A192,_,00680,306
A192__00670.306,8.34480853815267,40.56687822,A192,_,00670,306
A192__0065.306,8.31788287620695,40.562198370000004,A192,_,0065,306
A192__00640.306,8.325906736774701,40.56912361,A192,_,00640,306
A192__00630.306,8.331759920262767,40.57204731,A192,_,00630,306
A192__00620.306,8.326062377426496,40.571689635,A192,_,00620,306
A192__0061.306,8.319037124870915,40.57540503,A192,_,0061,306
A192__00580.306,8.363764570812762,40.587485685000004,A192,_,00580,306
A192__00560.306,8.327102830083494,40.586820305,A192,_,00560,306
A192__00550.306,8.318985284864205,40.581660455000005,A192,_,00550,306
A192__00540.306,8.347998987898073,40.59534333,A192,_,00540,306
A192__00520.306,8.32370305494823,40.596618035,A192,_,00520,306
A192__00480.306,8.228904697268435,40.588424450000005,A192,_,00480,306
A192__00450.306,8.147785117073232,40.603497505,A192,_,00450,306
A192__00400.306,8.32839200267188,40.59706378,A192,_,00400,306
A192__00350.306,8.268129921543986,40.60426733,A192,_,00350,306
A192__00340.306,8.269886172692242,40.606489935,A192,_,00340,306
A192__00290.306,8.382953752994192,40.61188443,A192,_,00290,306
A192__00280.306,8.364707976324908,40.623321919999995,A192,_,00280,306
A192__00270.306,8.320320715838875,40.615996485,A192,_,00270,306
A192__00210.306,8.357657913835489,40.63413364,A192,_,00210,306
A192__00170.306,8.309772798623246,40.62880615,A192,_,00170,306
A192__00150.306,8.22997007875411,40.637817145,A192,_,00150,306
A192__00120.306,8.29709974384824,40.652525795,A192,_,00120,306
A192__00100.306,8.276936088850075,40.652447905,A192,_,00100,306
A192__00090.306,8.20827386095879,40.652709525000006,A192,_,00090,306
A192__00060.306,8.293065094233498,40.663935885,A192,_,00060,306
A192__00040.306,8.258141150669054,40.657129999999995,A192,_,00040,306
A192__00030.306,8.223605372013935,40.65345878,A192,_,00030,306
A192__00020.306,8.2182119259013,40.65400183,A192,_,00020,306
A192__00010.307,8.225767855063022,40.661999305,A192,_,00010,307
A192__00970.307,8.314941713142659,40.55696693,A192,_,00970,307
A192__00950.307,8.33677688514642,40.512322935,A192,_,00950,307
A192__00940.307,8.358095760415456,40.508542295,A192,_,00940,307
A192__00900.307,8.36103757383228,40.529852605,A192,_,00900,307
A192__00890.307,8.355027043074081,40.534188535,A192,_,00890,307
A192__00880.307,8.340826848138864,40.529699525,A192,_,00880,307
A192__00870.307,8.33674432737931,40.525639104999996,A192,_,00870,307
A192__00860.307,8.365472942019547,40.542952785,A192,_,00860,307
A192__00850.307,8.341976256146676,40.533687145,A192,_,00850,307
A192__00840.307,8.327912095153719,40.541116845000005,A192,_,00840,307
A192__00810.307,8.368992328804229,40.54734005,A192,_,00810,307
A192__00800.307,8.348305543567168,40.54950096,A192,_,00800,307
A192__00780.307,8.32473929755604,40.5464025,A192,_,00780,307
A192__0077.307,8.329976687973703,40.553955065,A192,_,0077,307
A192__00740.307,8.357860212121558,40.563095735,A192,_,00740,307
A192__00730.307,8.344505421092643,40.556447705,A192,_,00730,307
A192__00680.307,8.351665332350699,40.570385200000004,A192,_,00680,307
A192__00670.307,8.344373063516265,40.567111249999996,A192,_,00670,307
A192__00660.307,8.338511286927055,40.56820191,A192,_,00660,307
A192__0065.307,8.317985077712994,40.562313689999996,A192,_,0065,307
A192__00630.307,8.331883313464509,40.572159895,A192,_,00630,307
A192__00620.307,8.326212432042617,40.5716113,A192,_,00620,307
A192__00580.307,8.370704980459692,40.583114725,A192,_,00580,307
A192__00550.307,8.318825342265804,40.581415615,A192,_,00550,307
A192__00540.307,8.348665178404044,40.595146015,A192,_,00540,307
A192__00480.307,8.22868466115137,40.588610675,A192,_,00480,307
A192__00450.307,8.148697164147045,40.60167559,A192,_,00450,307
A192__00420.307,8.347753628048434,40.59935713,A192,_,00420,307
A192__00400.307,8.329196295503397,40.60098366,A192,_,00400,307
A192__00380.307,8.312585102186898,40.60045293,A192,_,00380,307
A192__00360.307,8.298893392494875,40.609998329999996,A192,_,00360,307
A192__00350.307,8.264448281013271,40.600101855000005,A192,_,00350,307
A192__00340.307,8.269977919287859,40.606149759999994,A192,_,00340,307
A192__00290.307,8.38329617297483,40.611856689999996,A192,_,00290,307
A192__00280.307,8.36418936252802,40.623230815,A192,_,00280,307
A192__00270.307,8.322180519025835,40.61458859,A192,_,00270,307
A192__00210.307,8.356910196098578,40.634747525,A192,_,00210,307
A192__00190.307,8.196582354956274,40.632689965,A192,_,00190,307
A192__00150.307,8.230073945100973,40.63742316,A192,_,00150,307
A192__00120.307,8.297102799074906,40.65325829,A192,_,00120,307
A192__00100.307,8.276380707138715,40.652447905,A192,_,00100,307
A192__00090.307,8.20648341357758,40.64226388,A192,_,00090,307
A192__00060.307,8.292763367995917,40.66497725,A192,_,00060,307
A192__00050.307,8.267823908864909,40.658396769999996,A192,_,00050,307
A192__00030.307,8.223806850800065,40.651587899999996,A192,_,00030,307
A192__00020.307,8.219463909169088,40.654029395,A192,_,00020,307
A192__0071.3074,8.321072855218418,40.5515311,A192,_,0071,3074
A192__0071.3075,8.327991548502403,40.56010347,A192,_,0071,3075
A192__00010.308,8.22656516875783,40.66204598,A192,_,00010,308
A192__00950.308,8.33698421319085,40.5124845,A192,_,00950,308
A192__00930.308,8.334232452543318,40.521194320000006,A192,_,00930,308
A192__00900.308,8.360817274476396,40.53053835,A192,_,00900,308
A192__00870.308,8.336731536115645,40.52918887,A192,_,00870,308
A192__00840.308,8.327478405454546,40.5413905,A192,_,00840,308
A192__00810.308,8.366715722939649,40.55013716,A192,_,00810,308
A192__00800.308,8.348083547727246,40.548887840000006,A192,_,00800,308
A192__00780.308,8.325442942138432,40.54572089,A192,_,00780,308
A192__00750.308,8.368737158984974,40.55231986,A192,_,00750,308
A192__00670.308,8.344471323466266,40.567213715,A192,_,00670,308
A192__0065.308,8.317780708157883,40.562077825,A192,_,0065,308
A192__00630.308,8.33207200885602,40.573514435,A192,_,00630,308
A192__00620.308,8.325286055131361,40.57286575,A192,_,00620,308
A192__0061.308,8.320353574213442,40.575441415,A192,_,0061,308
A192__00590.308,8.391935337033294,40.581521585000004,A192,_,00590,308
A192__00580.308,8.37090496298957,40.582865125,A192,_,00580,308
A192__00570.308,8.352998429978447,40.586902725,A192,_,00570,308
A192__00560.308,8.326819404256653,40.586578329999995,A192,_,00560,308
A192__00520.308,8.323793761831388,40.596937075,A192,_,00520,308
A192__00510.308,8.31631485414854,40.589612555,A192,_,00510,308
A192__00480.308,8.228529826627227,40.5888042,A192,_,00480,308
A192__00450.308,8.161908444177463,40.576572265,A192,_,00450,308
A192__00420.308,8.348013652396139,40.59911228,A192,_,00420,308
A192__00400.308,8.326989064595471,40.60204754,A192,_,00400,308
A192__00390.308,8.319653140702048,40.60240892,A192,_,00390,308
A192__00380.308,8.312308876576406,40.600617065,A192,_,00380,308
A192__00350.308,8.264107440293714,40.600974535,A192,_,00350,308
A192__00340.308,8.27027383882698,40.609894165,A192,_,00340,308
A192__00300.308,8.395317088381082,40.615827075,A192,_,00300,308
A192__00290.308,8.384140872132058,40.612262785,A192,_,00290,308
A192__00280.308,8.363421849210551,40.622906025,A192,_,00280,308
A192__00190.308,8.195020013430456,40.622628485,A192,_,00190,308
A192__00120.308,8.304856203234152,40.650812625,A192,_,00120,308
A192__00090.308,8.206342227195709,40.6415451,A192,_,00090,308
A192__00070.308,8.334672057084342,40.664172675,A192,_,00070,308
A192__00060.308,8.29400817507605,40.66399186,A192,_,00060,308
A192__00050.308,8.26800577413358,40.658522715000004,A192,_,00050,308
A192__00030.308,8.224068383188465,40.649179945,A192,_,00030,308
A192__0071.3085,8.32031728587662,40.550837785,A192,_,0071,3085
A192__00010.309,8.227178397737728,40.662078345,A192,_,00010,309
A192__00970.309,8.314444349761255,40.557349245,A192,_,00970,309
A192__00950.309,8.337050217315642,40.51225732,A192,_,00950,309
A192__00940.309,8.358197142986043,40.507815835,A192,_,00940,309
A192__00900.309,8.360865412463045,40.53032584,A192,_,00900,309
A192__00890.309,8.347911350318917,40.531797135000005,A192,_,00890,309
A192__00870.309,8.336963795258283,40.528877965,A192,_,00870,309
A192__00850.309,8.334990169103012,40.539527865,A192,_,00850,309
A192__00840.309,8.32751135041298,40.54066989499999,A192,_,00840,309
A192__00800.309,8.346221713020803,40.5496747,A192,_,00800,309
A192__00790.309,8.34424604544677,40.540491364999994,A192,_,00790,309
A192__00780.309,8.32595205130503,40.545581835,A192,_,00780,309
A192__0077.309,8.327901599417267,40.55468886,A192,_,0077,309
A192__00750.309,8.36918735174851,40.55264733,A192,_,00750,309
A192__00740.309,8.35964385935065,40.55143052,A192,_,00740,309
A192__00730.309,8.344560073742102,40.556427395,A192,_,00730,309
A192__0072.309,8.327308330785701,40.55665647,A192,_,0072,309
A192__00670.309,8.344638158161008,40.567110575,A192,_,00670,309
A192__0065.309,8.316111145136686,40.56073003,A192,_,0065,309
A192__00630.309,8.332369341180051,40.57317149,A192,_,00630,309
A192__00620.309,8.325411134388002,40.572923765,A192,_,00620,309
A192__0061.309,8.320247419020367,40.57516484,A192,_,0061,309
A192__00590.309,8.392126457497518,40.579008575,A192,_,00590,309
A192__00570.309,8.352866267485211,40.58697133,A192,_,00570,309
A192__00520.309,8.332741596926931,40.593391095,A192,_,00520,309
A192__00510.309,8.316205100521849,40.589822205000004,A192,_,00510,309
A192__00500.309,8.307058475378822,40.587375030000004,A192,_,00500,309
A192__00450.309,8.161909278545354,40.576979855,A192,_,00450,309
A192__00420.309,8.348201497691543,40.59905833,A192,_,00420,309
A192__00410.309,8.335562723859178,40.602785264999994,A192,_,00410,309
A192__00400.309,8.330557914317206,40.601184395,A192,_,00400,309
A192__00390.309,8.324004084032705,40.609925905,A192,_,00390,309
A192__00380.309,8.313414174267582,40.60111389,A192,_,00380,309
A192__00360.309,8.298569922984884,40.61014017,A192,_,00360,309
A192__00350.309,8.276421158256888,40.60607715,A192,_,00350,309
A192__00340.309,8.270155947697567,40.610923389999996,A192,_,00340,309
A192__00290.309,8.38371756458288,40.611995675,A192,_,00290,309
A192__00280.309,8.362542497447041,40.622026585,A192,_,00280,309
A192__00210.309,8.344910028626153,40.62564729,A192,_,00210,309
A192__00150.309,8.2271596281367,40.633598125,A192,_,00150,309
A192__00120.309,8.304843238656463,40.6484176,A192,_,00120,309
A192__00090.309,8.206970899834987,40.64752422,A192,_,00090,309
A192__00070.309,8.335989857482057,40.664698385,A192,_,00070,309
A192__00060.309,8.293978198169857,40.664097555,A192,_,00060,309
A192__00050.309,8.268175979564992,40.65840572,A192,_,00050,309
A192__00030.309,8.225328174760168,40.65023619,A192,_,00030,309
A192__00020.309,8.22265772466626,40.654689495,A192,_,00020,309
A192__0071.3097,8.32253257493635,40.553318105,A192,_,0071,3097
A192__00010.31,8.205632286067793,40.669120425,A192,_,00010,31
A192__00970.31,8.312753322923331,40.559362745,A192,_,00970,31
A192__00960.31,8.362034478187585,40.520812965000005,A192,_,00960,31
A192__00940.31,8.353661003501568,40.51734474,A192,_,00940,31
A192__00930.31,8.336370154164637,40.521823985,A192,_,00930,31
A192__00910.31,8.413491927288849,40.532660375,A192,_,00910,31
A192__00890.31,8.353583629529318,40.534388129999996,A192,_,00890,31
A192__00870.31,8.337794091962264,40.52580816,A192,_,00870,31
A192__00850.31,8.339314112278174,40.537815405,A192,_,00850,31
A192__00820.31,8.381254153044512,40.535273905,A192,_,00820,31
A192__00800.31,8.358199014137636,40.54651483,A192,_,00800,31
A192__00790.31,8.343700076865872,40.542048685,A192,_,00790,31
A192__00780.31,8.322393050409541,40.545681345,A192,_,00780,31
A192__00740.31,8.36386889604264,40.55411667,A192,_,00740,31
A192__00730.31,8.34486784434997,40.557691520000006,A192,_,00730,31
A192__0071.31,8.318649151551288,40.560012369999995,A192,_,0071,31
A192__00690.31,8.373792459531241,40.56358064,A192,_,00690,31
A192__00680.31,8.355307860399659,40.565578259999995,A192,_,00680,31
A192__00670.31,8.34827115718685,40.56343497,A192,_,00670,31
A192__00660.31,8.331490385344452,40.561836799999995,A192,_,00660,31
A192__0065.31,8.31549890976751,40.5601225,A192,_,0065,31
A192__00620.31,8.32467820521396,40.570826499999995,A192,_,00620,31
A192__0061.31,8.319473242461033,40.5772203,A192,_,0061,31
A192__00600.31,8.347167438577348,40.58114199,A192,_,00600,31
A192__00580.31,8.359789649930416,40.576208035,A192,_,00580,31
A192__00570.31,8.353454233680537,40.589256835,A192,_,00570,31
A192__00550.31,8.321861078104726,40.58738459,A192,_,00550,31
A192__00540.31,8.342102142970523,40.592188234999995,A192,_,00540,31
A192__00510.31,8.320978108460032,40.593872925,A192,_,00510,31
A192__0049.31,8.285805281048852,40.592997534999995,A192,_,0049,31
A192__00480.31,8.22868955803455,40.583195305000004,A192,_,00480,31
A192__00470.31,8.218910252199013,40.59079895,A192,_,00470,31
A192__00460.31,8.164504449279676,40.565720315,A192,_,00460,31
A192__00450.31,8.168906072509062,40.587003665,A192,_,00450,31
A192__00440.31,8.38242142657908,40.601620365,A192,_,00440,31
A192__00420.31,8.341939050691021,40.60563589,A192,_,00420,31
A192__00400.31,8.329320194885005,40.602513564999995,A192,_,00400,31
A192__00330.31,8.234400993562765,40.596459194999994,A192,_,00330,31
A192__00310.31,8.377662320867948,40.61740234,A192,_,00310,31
A192__00290.31,8.3849626981164,40.614906585,A192,_,00290,31
A192__00280.31,8.35344734563538,40.60260954,A192,_,00280,31
A192__00260.31,8.306016858999262,40.62029762,A192,_,00260,31
A192__00220.31,8.143795626046025,40.613841045,A192,_,00220,31
A192__00200.31,8.239238426682075,40.62218845,A192,_,00200,31
A192__00190.31,8.201058319063634,40.61795339,A192,_,00190,31
A192__00160.31,8.267247237802149,40.640344784999996,A192,_,00160,31
A192__00150.31,8.22352639851592,40.64301858499999,A192,_,00150,31
A192__00120.31,8.297001094374547,40.635304315,A192,_,00120,31
A192__00110.31,8.291917661856463,40.64475584,A192,_,00110,31
A192__00020.31,8.193744224779854,40.656042005,A192,_,00020,31
A192__00010.310,8.212215849818225,40.661288755,A192,_,00010,310
A192__00970.310,8.314226603952761,40.557119985,A192,_,00970,310
A192__00950.310,8.337378618860647,40.511480160000005,A192,_,00950,310
A192__00900.310,8.360650653094634,40.53010017,A192,_,00900,310
A192__00890.310,8.347898114764803,40.531718365,A192,_,00890,310
A192__00870.310,8.336586332365865,40.52768804,A192,_,00870,310
A192__00860.310,8.366378133368059,40.542162015,A192,_,00860,310
A192__00850.310,8.334930515393149,40.53932711,A192,_,00850,310
A192__00800.310,8.346963482960634,40.549634755,A192,_,00800,310
A192__00790.310,8.343078977993724,40.540157535,A192,_,00790,310
A192__0077.310,8.32864111395455,40.55107414,A192,_,0077,310
A192__00750.310,8.36822485375485,40.552316875,A192,_,00750,310
A192__0071.310,8.3178962386051,40.55528313,A192,_,0071,310
A192__00690.310,8.358268100311367,40.571364315,A192,_,00690,310
A192__00670.310,8.345837753150123,40.567796055,A192,_,00670,310
A192__0065.310,8.31671149995474,40.561005574999996,A192,_,0065,310
A192__00640.310,8.32100230374878,40.56894544,A192,_,00640,310
A192__00630.310,8.332342559810161,40.573328090000004,A192,_,00630,310
A192__00590.310,8.392454097499627,40.579016915,A192,_,00590,310
A192__00580.310,8.370890414611317,40.58232061,A192,_,00580,310
A192__00570.310,8.351548999460054,40.58506973,A192,_,00570,310
A192__00550.310,8.3235005336388,40.582865975000004,A192,_,00550,310
A192__00540.310,8.355104707991089,40.59472806,A192,_,00540,310
A192__00520.310,8.332859941552469,40.59298906,A192,_,00520,310
A192__00510.310,8.319606174512096,40.595498575,A192,_,00510,310
A192__0050.310,8.313471589381471,40.58164888,A192,_,0050,310
A192__00450.310,8.161585536145795,40.577576289999996,A192,_,00450,310
A192__00420.310,8.350335084830856,40.602221995,A192,_,00420,310
A192__00410.310,8.335570882604122,40.603043245,A192,_,00410,310
A192__00400.310,8.327626532721695,40.601271010000005,A192,_,00400,310
A192__00390.310,8.32472365878538,40.610602195,A192,_,00390,310
A192__00380.310,8.313132821898385,40.60127457,A192,_,00380,310
A192__00360.310,8.298650944331225,40.607092515000005,A192,_,00360,310
A192__00340.310,8.260829448085605,40.616476899999995,A192,_,00340,310
A192__00290.310,8.383620142598613,40.611955050000006,A192,_,00290,310
A192__00280.310,8.362008554935876,40.621083325,A192,_,00280,310
A192__00270.310,8.331271940408396,40.61774426,A192,_,00270,310
A192__00210.310,8.344496459501418,40.62531117,A192,_,00210,310
A192__00150.310,8.227094196448569,40.63369317,A192,_,00150,310
A192__00120.310,8.304825424677457,40.64619063,A192,_,00120,310
A192__00090.310,8.206400136424413,40.647683255000004,A192,_,00090,310
A192__00070.310,8.3368909015668,40.66455875,A192,_,00070,310
A192__00060.310,8.293754900395012,40.66487686,A192,_,00060,310
A192__00030.310,8.229779099024213,40.650207045,A192,_,00030,310
A192__0071.3103,8.321079294047262,40.556877945,A192,_,0071,3103
A192__00010.311,8.212829328189807,40.66131829,A192,_,00010,311
A192__00970.311,8.314650025464955,40.55679978,A192,_,00970,311
A192__00950.311,8.337791057308234,40.511236205,A192,_,00950,311
A192__00940.311,8.357579484155833,40.521035005,A192,_,00940,311
A192__00930.311,8.33372698795754,40.520564715000006,A192,_,00930,311
A192__00900.311,8.362807775795023,40.527048734999994,A192,_,00900,311
A192__00890.311,8.34843485917958,40.531475445,A192,_,00890,311
A192__00880.311,8.34952177217431,40.523367115,A192,_,00880,311
A192__00870.311,8.33668023740527,40.527894794999995,A192,_,00870,311
A192__00860.311,8.367036757275688,40.54241509,A192,_,00860,311
A192__00850.311,8.344355337361337,40.53134571,A192,_,00850,311
A192__00840.311,8.327812081631503,40.5403673,A192,_,00840,311
A192__00810.311,8.371972463538832,40.54720862,A192,_,00810,311
A192__00740.311,8.357515972677142,40.56371757,A192,_,00740,311
A192__00730.311,8.345973849946024,40.551682655,A192,_,00730,311
A192__00690.311,8.377790828551316,40.569217159999994,A192,_,00690,311
A192__00670.311,8.344546098122244,40.56673722,A192,_,00670,311
A192__00640.311,8.320918887492908,40.569097365,A192,_,00640,311
A192__00570.311,8.351529715387002,40.58502863,A192,_,00570,311
A192__00550.311,8.323229229494078,40.582893815000006,A192,_,00550,311
A192__00540.311,8.355099282152654,40.59451843,A192,_,00540,311
A192__00510.311,8.31500903945566,40.591959625,A192,_,00510,311
A192__00500.311,8.316378478410687,40.58264833,A192,_,00500,311
A192__00450.311,8.172620780991636,40.58754124,A192,_,00450,311
A192__00410.311,8.335362576450176,40.60285417,A192,_,00410,311
A192__00400.311,8.327877896337737,40.60170738,A192,_,00400,311
A192__00390.311,8.320554037051362,40.597982265,A192,_,00390,311
A192__00380.311,8.311358791599503,40.60043041,A192,_,00380,311
A192__00360.311,8.297329404967796,40.607092515000005,A192,_,00360,311
A192__00350.311,8.27490965293357,40.603298625,A192,_,00350,311
A192__00340.311,8.2616120520083,40.61480569,A192,_,00340,311
A192__00320.311,8.22006454912179,40.60181152,A192,_,00320,311
A192__00300.311,8.388389879360385,40.613785815,A192,_,00300,311
A192__00290.311,8.383441565833241,40.61184924,A192,_,00290,311
A192__00280.311,8.361937760372774,40.6209771,A192,_,00280,311
A192__00270.311,8.332776755651354,40.6170113,A192,_,00270,311
A192__00150.311,8.226871499108675,40.633839535,A192,_,00150,311
A192__00120.311,8.308653559265558,40.645289135,A192,_,00120,311
A192__00090.311,8.20651191224393,40.64752422,A192,_,00090,311
A192__00060.311,8.294928790119972,40.664153569999996,A192,_,00060,311
A192__00030.311,8.232664263594984,40.649841535,A192,_,00030,311
A192__0071.3110,8.32734870423338,40.558446535,A192,_,0071,3110
A192__00010.312,8.213637722613006,40.66136246,A192,_,00010,312
A192__00950.312,8.337903151313435,40.511138700000004,A192,_,00950,312
A192__00940.312,8.357697968090784,40.52146268,A192,_,00940,312
A192__00930.312,8.333685806049633,40.521254549999995,A192,_,00930,312
A192__00880.312,8.349432321018147,40.523516325,A192,_,00880,312
A192__00870.312,8.33667409855058,40.52774373,A192,_,00870,312
A192__00850.312,8.344058598459263,40.53138323,A192,_,00850,312
A192__00840.312,8.33317881994558,40.53931754,A192,_,00840,312
A192__00810.312,8.368667291501485,40.54724962,A192,_,00810,312
A192__00800.312,8.347780295837165,40.54811857,A192,_,00800,312
A192__00790.312,8.342443205545852,40.540034059999996,A192,_,00790,312
A192__00780.312,8.325622732356106,40.545972035000005,A192,_,00780,312
A192__00750.312,8.364893488296865,40.561367055,A192,_,00750,312
A192__00730.312,8.34504994311818,40.55413043,A192,_,00730,312
A192__00690.312,8.378533393981247,40.56912059,A192,_,00690,312
A192__00660.312,8.334832570192876,40.56091397,A192,_,00660,312
A192__0065.312,8.317240195038615,40.561509,A192,_,0065,312
A192__00630.312,8.332816868705942,40.57300203,A192,_,00630,312
A192__0061.312,8.319864856576249,40.574836285,A192,_,0061,312
A192__00590.312,8.395920465009507,40.580236154999994,A192,_,00590,312
A192__00580.312,8.371403331990098,40.58183641,A192,_,00580,312
A192__00570.312,8.351390733853062,40.584866825,A192,_,00570,312
A192__00510.312,8.315546254278853,40.59173135,A192,_,00510,312
A192__00500.312,8.316845121644032,40.58203914,A192,_,00500,312
A192__0049.312,8.283990221158884,40.592751085,A192,_,0049,312
A192__00450.312,8.162464451957181,40.579271705,A192,_,00450,312
A192__00410.312,8.34207153129744,40.59976,A192,_,00410,312
A192__00400.312,8.3297868059841,40.601030905,A192,_,00400,312
A192__00380.312,8.311951368232922,40.599959045,A192,_,00380,312
A192__00350.312,8.274834318720085,40.603039025,A192,_,00350,312
A192__00340.312,8.260888122346863,40.616596715,A192,_,00340,312
A192__00320.312,8.220230142051056,40.601317984999994,A192,_,00320,312
A192__00300.312,8.388510784009387,40.613941225000005,A192,_,00300,312
A192__00290.312,8.384209206940778,40.6121396,A192,_,00290,312
A192__00280.312,8.361805027149694,40.62077731,A192,_,00280,312
A192__00270.312,8.33371745163616,40.617726489999995,A192,_,00270,312
A192__00250.312,8.271922339279172,40.610577225,A192,_,00250,312
A192__00150.312,8.237345323940838,40.6421266,A192,_,00150,312
A192__00120.312,8.299736733355356,40.649890135,A192,_,00120,312
A192__00090.312,8.206280614729698,40.647360575,A192,_,00090,312
A192__00070.312,8.336329485907779,40.654889080000004,A192,_,00070,312
A192__00060.312,8.29479652875741,40.664242439999995,A192,_,00060,312
A192__00050.312,8.26776219732606,40.65862835,A192,_,00050,312
A192__00030.312,8.234947200360601,40.64953516,A192,_,00030,312
A192__00010.313,8.214249389111703,40.661395715,A192,_,00010,313
A192__00950.313,8.337995254520251,40.505453115,A192,_,00950,313
A192__00940.313,8.357831125562189,40.52137844,A192,_,00940,313
A192__00930.313,8.335695136661228,40.519490465000004,A192,_,00930,313
A192__00900.313,8.368315869124693,40.522895335,A192,_,00900,313
A192__00890.313,8.348625263531007,40.527797574999994,A192,_,00890,313
A192__00870.313,8.336795473010522,40.52792087500001,A192,_,00870,313
A192__00860.313,8.368474289861147,40.54404665,A192,_,00860,313
A192__00850.313,8.341006048721418,40.531826625,A192,_,00850,313
A192__00810.313,8.366636412533625,40.545347105,A192,_,00810,313
A192__00750.313,8.370567615544708,40.55221198,A192,_,00750,313
A192__00730.313,8.34480877688118,40.554244635,A192,_,00730,313
A192__0071.313,8.31770119586454,40.554378854999996,A192,_,0071,313
A192__00690.313,8.378329093559215,40.568981969999996,A192,_,00690,313
A192__00660.313,8.327722258280883,40.559147325,A192,_,00660,313
A192__0065.313,8.317174335267504,40.56159926,A192,_,0065,313
A192__00640.313,8.319893173634982,40.566550445000004,A192,_,00640,313
A192__00630.313,8.332951614450819,40.572581935,A192,_,00630,313
A192__00620.313,8.325629001433509,40.57268192,A192,_,00620,313
A192__00590.313,8.386017381050532,40.579587935,A192,_,00590,313
A192__00580.313,8.353795566711398,40.586101465,A192,_,00580,313
A192__00570.313,8.351239936934096,40.584895255000006,A192,_,00570,313
A192__00560.313,8.324835194402443,40.585339195,A192,_,00560,313
A192__00550.313,8.318188517230492,40.583858375000005,A192,_,00550,313
A192__00540.313,8.34965678341431,40.595528965,A192,_,00540,313
A192__00520.313,8.330580644631835,40.58919456,A192,_,00520,313
A192__00510.313,8.315947280581234,40.590494735,A192,_,00510,313
A192__00500.313,8.307089190493606,40.58756556,A192,_,00500,313
A192__00450.313,8.151735635534028,40.578425010000004,A192,_,00450,313
A192__00410.313,8.34225581777458,40.599885375,A192,_,00410,313
A192__00400.313,8.329755079511031,40.60097026,A192,_,00400,313
A192__00380.313,8.311273305180503,40.60043962,A192,_,00380,313
A192__00360.313,8.297333213702139,40.606378365,A192,_,00360,313
A192__00350.313,8.274933465846638,40.602834290000004,A192,_,00350,313
A192__00340.313,8.262139156064478,40.614964795,A192,_,00340,313
A192__00320.313,8.220566108867988,40.60017536,A192,_,00320,313
A192__00300.313,8.388154523278413,40.613964839999994,A192,_,00300,313
A192__00290.313,8.383781606943144,40.611955019999996,A192,_,00290,313
A192__00250.313,8.271743623531693,40.610729175,A192,_,00250,313
A192__00210.313,8.354489241964488,40.63240508,A192,_,00210,313
A192__00170.313,8.318597619328013,40.63840223,A192,_,00170,313
A192__00150.313,8.237465915087768,40.642865035,A192,_,00150,313
A192__00120.313,8.3047100559831,40.65056456,A192,_,00120,313
A192__00090.313,8.20614945664,40.647459505,A192,_,00090,313
A192__00070.313,8.342600634724143,40.660658014999996,A192,_,00070,313
A192__00050.313,8.282128587165332,40.668160825,A192,_,00050,313
A192__00030.313,8.237739959133277,40.649174970000004,A192,_,00030,313
A192__00020.313,8.214295129400956,40.65107897,A192,_,00020,313
A192__00010.314,8.215059645596689,40.661435420000004,A192,_,00010,314
A192__00950.314,8.338114917590914,40.505322539999995,A192,_,00950,314
A192__00940.314,8.357916845873696,40.521273225,A192,_,00940,314
A192__00900.314,8.367704419355704,40.522993650000004,A192,_,00900,314
A192__00890.314,8.35044815231872,40.527385065,A192,_,00890,314
A192__00870.314,8.336718764214531,40.527860215000004,A192,_,00870,314
A192__00850.314,8.341281318125588,40.531602050000004,A192,_,00850,314
A192__00810.314,8.367083416819153,40.545383285,A192,_,00810,314
A192__00790.314,8.344201875035461,40.540732955,A192,_,00790,314
A192__00780.314,8.324766756866083,40.545513525000004,A192,_,00780,314
A192__0077.314,8.329093421446153,40.55117437,A192,_,0077,314
A192__00750.314,8.370341844293346,40.55250372,A192,_,00750,314
A192__00740.314,8.35996744778878,40.562403384999996,A192,_,00740,314
A192__00690.314,8.377319222000558,40.5687202,A192,_,00690,314
A192__00640.314,8.319979791243409,40.5667014,A192,_,00640,314
A192__00630.314,8.333237982055898,40.572706894999996,A192,_,00630,314
A192__00580.314,8.35431471796128,40.58611032,A192,_,00580,314
A192__00570.314,8.351473907750993,40.58470855,A192,_,00570,314
A192__00560.314,8.333155703058154,40.58777517,A192,_,00560,314
A192__00550.314,8.317876165728894,40.584148855,A192,_,00550,314
A192__00540.314,8.350016657672189,40.595438235,A192,_,00540,314
A192__00510.314,8.316205745434043,40.590604075,A192,_,00510,314
A192__00500.314,8.308487199618472,40.587595835,A192,_,00500,314
A192__00450.314,8.152107376681638,40.578482925,A192,_,00450,314
A192__00390.314,8.324026952355203,40.607474455,A192,_,00390,314
A192__00380.314,8.311845136278436,40.59999948,A192,_,00380,314
A192__00350.314,8.277015050041257,40.6044464,A192,_,00350,314
A192__00340.314,8.26246918659057,40.616359825,A192,_,00340,314
A192__00300.314,8.388437526781551,40.61410059,A192,_,00300,314
A192__00290.314,8.383634012050823,40.61188201,A192,_,00290,314
A192__00280.314,8.361572335903144,40.620606705,A192,_,00280,314
A192__00270.314,8.33487712337418,40.618495644999996,A192,_,00270,314
A192__00250.314,8.271518505014527,40.610643385,A192,_,00250,314
A192__00150.314,8.232627172735906,40.63801727,A192,_,00150,314
A192__00120.314,8.304672039334069,40.643621055,A192,_,00120,314
A192__00070.314,8.343136662098136,40.661191215,A192,_,00070,314
A192__00060.314,8.29589380468431,40.664300010000005,A192,_,00060,314
A192__00050.314,8.282010942700733,40.667266944999994,A192,_,00050,314
A192__00030.314,8.239184849590991,40.656497825,A192,_,00030,314
A192__00020.314,8.210531813620033,40.65685551,A192,_,00020,314
A192__0071.3144,8.323641341637206,40.561941035000004,A192,_,0071,3144
A192__0071.3145,8.323765764959631,40.56180082,A192,_,0071,3145
A192__0071.3146,8.323565697137013,40.562112385000006,A192,_,0071,3146
A192__0071.3147,8.323383158348857,40.561919675,A192,_,0071,3147
A192__0071.3148,8.323280219116409,40.5620332,A192,_,0071,3148
A192__00010.315,8.215661990947808,40.66146555,A192,_,00010,315
A192__00950.315,8.338252416672649,40.505270875,A192,_,00950,315
A192__00940.315,8.358026834730662,40.521168849999995,A192,_,00940,315
A192__00930.315,8.333033126614355,40.520692565000004,A192,_,00930,315
A192__00890.315,8.350539273330654,40.527097715,A192,_,00890,315
A192__00860.315,8.352447514078971,40.542298015,A192,_,00860,315
A192__00850.315,8.341405856850496,40.531662435,A192,_,00850,315
A192__00810.315,8.367804303651585,40.545064915,A192,_,00810,315
A192__00790.315,8.344048417351033,40.540289064999996,A192,_,00790,315
A192__00780.315,8.32516076896989,40.545645050000005,A192,_,00780,315
A192__0071.315,8.317769499865417,40.55426056,A192,_,0071,315
A192__00690.315,8.377931792130727,40.56867579,A192,_,00690,315
A192__00670.315,8.344262180103838,40.5673692,A192,_,00670,315
A192__00640.315,8.319999372267189,40.566346125,A192,_,00640,315
A192__00630.315,8.332243040773264,40.573433275,A192,_,00630,315
A192__00590.315,8.392226580968998,40.581519815,A192,_,00590,315
A192__00580.315,8.361089193839966,40.5883985,A192,_,00580,315
A192__00560.315,8.325483246064756,40.579473805,A192,_,00560,315
A192__00520.315,8.328066966562911,40.58977067,A192,_,00520,315
A192__00510.315,8.316355045953253,40.590658585,A192,_,00510,315
A192__00500.315,8.316835563892951,40.581754925,A192,_,00500,315
A192__00480.315,8.235039133853025,40.5855256,A192,_,00480,315
A192__00450.315,8.153421639293054,40.57857604,A192,_,00450,315
A192__00380.315,8.310530694483687,40.60095178,A192,_,00380,315
A192__00360.315,8.297311645939502,40.612553309999996,A192,_,00360,315
A192__00340.315,8.263842314008752,40.615123705,A192,_,00340,315
A192__00320.315,8.221247365247471,40.603350885,A192,_,00320,315
A192__00300.315,8.395702708079854,40.6183067,A192,_,00300,315
A192__00290.315,8.383683709826883,40.611955035,A192,_,00290,315
A192__00280.315,8.359690227457904,40.61989406,A192,_,00280,315
A192__00210.315,8.345115151139844,40.62564729,A192,_,00210,315
A192__00190.315,8.194597563438567,40.61843081,A192,_,00190,315
A192__00170.315,8.319551743981194,40.636691479999996,A192,_,00170,315
A192__00150.315,8.232332440506593,40.638399390000004,A192,_,00150,315
A192__00120.315,8.304660739709758,40.641706685,A192,_,00120,315
A192__00080.315,8.318996125169967,40.652286385,A192,_,00080,315
A192__00070.315,8.342477215225848,40.660967465,A192,_,00070,315
A192__00060.315,8.295423648408601,40.664235155,A192,_,00060,315
A192__00050.315,8.27713276243339,40.66392530500001,A192,_,00050,315
A192__00040.315,8.254924377680291,40.64649636,A192,_,00040,315
A192__00030.315,8.23981533342764,40.656530020000005,A192,_,00030,315
A192__00020.315,8.210757750425564,40.656276164999994,A192,_,00020,315
A192__0071.3151,8.323533416091761,40.561946340000006,A192,_,0071,3151
A192__0071.3156,8.321515525822083,40.550355145,A192,_,0071,3156
A192__00010.316,8.216461035705326,40.661506735,A192,_,00010,316
A192__00950.316,8.338600210265522,40.50517316,A192,_,00950,316
A192__00940.316,8.358064557443711,40.52105721,A192,_,00940,316
A192__00930.316,8.339027732111203,40.518173385,A192,_,00930,316
A192__00900.316,8.367803881970502,40.524489555,A192,_,00900,316
A192__00890.316,8.349458633451885,40.53263647,A192,_,00890,316
A192__00880.316,8.345704094200673,40.526304335,A192,_,00880,316
A192__00860.316,8.352172401135926,40.542067425,A192,_,00860,316
A192__00840.316,8.333395729548847,40.53865444,A192,_,00840,316
A192__00800.316,8.356521063990295,40.54237394,A192,_,00800,316
A192__00780.316,8.325315280014207,40.545747295,A192,_,00780,316
A192__00750.316,8.36668871862926,40.5681591,A192,_,00750,316
A192__0071.316,8.31813835664638,40.554398765,A192,_,0071,316
A192__00690.316,8.377677495403967,40.56877762,A192,_,00690,316
A192__00660.316,8.328413224068434,40.559423875,A192,_,00660,316
A192__00640.316,8.320129262131575,40.566537595,A192,_,00640,316
A192__00630.316,8.332445893941628,40.57356853,A192,_,00630,316
A192__00590.316,8.392601765553835,40.58151278,A192,_,00590,316
A192__00580.316,8.361329762680509,40.58844128,A192,_,00580,316
A192__00570.316,8.341551502230903,40.586224555,A192,_,00570,316
A192__00520.316,8.324927643454124,40.59379108,A192,_,00520,316
A192__00510.316,8.31647195724266,40.590707655,A192,_,00510,316
A192__00450.316,8.153920472290281,40.57852003,A192,_,00450,316
A192__00400.316,8.325022819200619,40.597169865,A192,_,00400,316
A192__00390.316,8.323691690863182,40.606742350000005,A192,_,00390,316
A192__00380.316,8.310695445165678,40.60086646,A192,_,00380,316
A192__00350.316,8.26481443480045,40.600790305000004,A192,_,00350,316
A192__00320.316,8.221464139253591,40.60279931,A192,_,00320,316
A192__00300.316,8.39207198029699,40.616147725000005,A192,_,00300,316
A192__00290.316,8.383697494157536,40.61210154,A192,_,00290,316
A192__00270.316,8.335470473616528,40.618676855000004,A192,_,00270,316
A192__00210.316,8.346203615972826,40.624081739999994,A192,_,00210,316
A192__00190.316,8.197095441304768,40.618467785,A192,_,00190,316
A192__00170.316,8.316620144359193,40.638640225,A192,_,00170,316
A192__00120.316,8.306283561724541,40.645169755,A192,_,00120,316
A192__00090.316,8.215116252696848,40.641661334999995,A192,_,00090,316
A192__00070.316,8.338756310697988,40.662432894999995,A192,_,00070,316
A192__00060.316,8.295675015752131,40.66494005,A192,_,00060,316
A192__00050.316,8.274357386611012,40.66466016,A192,_,00050,316
A192__00040.316,8.256417499787634,40.646944045,A192,_,00040,316
A192__00030.316,8.23933626716071,40.656444145,A192,_,00030,316
A192__00020.316,8.210188227906688,40.656630725,A192,_,00020,316
A192__00010.317,8.217077922819115,40.661539845,A192,_,00010,317
A192__00950.317,8.338713965517421,40.50513111,A192,_,00950,317
A192__00940.317,8.358156925093144,40.520880115,A192,_,00940,317
A192__00930.317,8.34213037847401,40.521751484999996,A192,_,00930,317
A192__00900.317,8.36842826945605,40.52442814,A192,_,00900,317
A192__00890.317,8.349296864638692,40.532483955000004,A192,_,00890,317
A192__00880.317,8.345624648409364,40.526258295,A192,_,00880,317
A192__00860.317,8.352607767990861,40.541892605,A192,_,00860,317
A192__00790.317,8.342094530996466,40.546457645000004,A192,_,00790,317
A192__00780.317,8.324122403589882,40.54609187,A192,_,00780,317
A192__0077.317,8.329599057107695,40.55221526,A192,_,0077,317
A192__0071.317,8.318313917287387,40.55453275,A192,_,0071,317
A192__00690.317,8.374494685047836,40.573830725,A192,_,00690,317
A192__00670.317,8.343765526567205,40.56726749,A192,_,00670,317
A192__00640.317,8.3202738474367,40.566607465,A192,_,00640,317
A192__0061.317,8.320953791318239,40.573210065,A192,_,0061,317
A192__00580.317,8.372740952809552,40.58379729,A192,_,00580,317
A192__00570.317,8.349372308084517,40.588071764999995,A192,_,00570,317
A192__00560.317,8.323405565304652,40.57718064,A192,_,00560,317
A192__00550.317,8.322273510760008,40.58023161,A192,_,00550,317
A192__00510.317,8.316686408758063,40.590916605000004,A192,_,00510,317
A192__00490.317,8.258836410089156,40.58451944,A192,_,00490,317
A192__00450.317,8.155876547356158,40.579010405,A192,_,00450,317
A192__00420.317,8.342229080407103,40.5984634,A192,_,00420,317
A192__00400.317,8.328831169343715,40.60279124,A192,_,00400,317
A192__00380.317,8.310481292893494,40.60093964,A192,_,00380,317
A192__00360.317,8.304415437655123,40.60861126,A192,_,00360,317
A192__00300.317,8.396285006157655,40.617492874999996,A192,_,00300,317
A192__00290.317,8.383483940225279,40.611905405,A192,_,00290,317
A192__00280.317,8.358097671874464,40.619116875,A192,_,00280,317
A192__00270.317,8.334385292337657,40.61964741,A192,_,00270,317
A192__00210.317,8.346057601116906,40.6240337,A192,_,00210,317
A192__00190.317,8.193212310734477,40.61817005,A192,_,00190,317
A192__00120.317,8.308691214656832,40.645173335,A192,_,00120,317
A192__00100.317,8.276705455900014,40.65879488,A192,_,00100,317
A192__00090.317,8.213687695341964,40.64186616,A192,_,00090,317
A192__00070.317,8.33873281679243,40.662375139999995,A192,_,00070,317
A192__00060.317,8.293376710623551,40.662872109999995,A192,_,00060,317
A192__00050.317,8.276213904831875,40.665106755,A192,_,00050,317
A192__00040.317,8.258169757817322,40.647148985,A192,_,00040,317
A192__00030.317,8.240626596693257,40.65657428,A192,_,00030,317
A192__00020.317,8.222895332517046,40.655115855000005,A192,_,00020,317
A192__00010.318,8.217891872812501,40.66158085,A192,_,00010,318
A192__00970.318,8.313304570406896,40.55965422,A192,_,00970,318
A192__00950.318,8.338719100693309,40.510084864999996,A192,_,00950,318
A192__00940.318,8.355088273123396,40.50757863,A192,_,00940,318
A192__00930.318,8.342421136574114,40.52151189,A192,_,00930,318
A192__00900.318,8.369234039837906,40.52395911,A192,_,00900,318
A192__00860.318,8.352401815013396,40.5418438,A192,_,00860,318
A192__00850.318,8.345227267340722,40.531486810000004,A192,_,00850,318
A192__00840.318,8.333627431686047,40.538684125,A192,_,00840,318
A192__00800.318,8.3571755507817,40.542226580000005,A192,_,00800,318
A192__0077.318,8.329829317490205,40.552290885,A192,_,0077,318
A192__0071.318,8.318472240039561,40.554606075,A192,_,0071,318
A192__00690.318,8.374513115169714,40.573673725,A192,_,00690,318
A192__00670.318,8.343219598865822,40.56706278,A192,_,00670,318
A192__00650.318,8.316294090710187,40.56471622,A192,_,00650,318
A192__0064.318,8.3186135590785,40.565825815,A192,_,0064,318
A192__00590.318,8.392437262656237,40.581174565,A192,_,00590,318
A192__00580.318,8.372626148938325,40.584149485,A192,_,00580,318
A192__00570.318,8.339974590316512,40.588577345,A192,_,00570,318
A192__00550.318,8.322406209078947,40.58017857,A192,_,00550,318
A192__00520.318,8.331348032290137,40.588876819999996,A192,_,00520,318
A192__00510.318,8.316725269282362,40.590612445000005,A192,_,00510,318
A192__00500.318,8.316947746619865,40.581863995,A192,_,00500,318
A192__00490.318,8.251501868938885,40.58565955,A192,_,00490,318
A192__00480.318,8.221358133306296,40.59353377,A192,_,00480,318
A192__00450.318,8.149428112997294,40.605159435,A192,_,00450,318
A192__00420.318,8.350756572577847,40.602089915,A192,_,00420,318
A192__00400.318,8.327663929716653,40.606039515,A192,_,00400,318
A192__00380.318,8.310658280459196,40.600840559999995,A192,_,00380,318
A192__00290.318,8.376884849026894,40.62473152,A192,_,00290,318
A192__00190.318,8.195297045073614,40.61850708,A192,_,00190,318
A192__00170.318,8.316500840774516,40.625189524999996,A192,_,00170,318
A192__00150.318,8.217696897235989,40.633690275,A192,_,00150,318
A192__00120.318,8.310293890513883,40.645173220000004,A192,_,00120,318
A192__00100.318,8.276446159819672,40.65901941,A192,_,00100,318
A192__00090.318,8.21004276791166,40.65262421,A192,_,00090,318
A192__00070.318,8.331936676109096,40.660670025,A192,_,00070,318
A192__00060.318,8.29392346589863,40.6631596,A192,_,00060,318
A192__00050.318,8.27597078119804,40.66493823,A192,_,00050,318
A192__00030.318,8.241214225083874,40.656608945,A192,_,00030,318
A192__0071.3185,8.321229354755225,40.55741982,A192,_,0071,3185
A192__00010.319,8.21849660656278,40.66160932,A192,_,00010,319
A192__00950.319,8.338946102415688,40.505104329999995,A192,_,00950,319
A192__00940.319,8.353978390002796,40.50752349,A192,_,00940,319
A192__00930.319,8.342763273142072,40.521463600000004,A192,_,00930,319
A192__00900.319,8.368445192736488,40.523793695,A192,_,00900,319
A192__00890.319,8.353887019494294,40.52984473,A192,_,00890,319
A192__00880.319,8.348786644245141,40.519945115,A192,_,00880,319
A192__00860.319,8.35169737544341,40.537690185,A192,_,00860,319
A192__00790.319,8.345871385797373,40.543364725,A192,_,00790,319
A192__00740.319,8.356594283851283,40.563555945000004,A192,_,00740,319
A192__00720.319,8.347188392767741,40.559093974999996,A192,_,00720,319
A192__00690.319,8.369237722763238,40.569798175,A192,_,00690,319
A192__00670.319,8.343881121920342,40.567679330000004,A192,_,00670,319
A192__00650.319,8.318297544003872,40.567608410000005,A192,_,00650,319
A192__0064.319,8.318545861631295,40.5657031,A192,_,0064,319
A192__00620.319,8.325106655581692,40.57105584,A192,_,00620,319
A192__0061.319,8.321606868194504,40.572472355,A192,_,0061,319
A192__00580.319,8.37304565713089,40.584143455,A192,_,00580,319
A192__00570.319,8.35196128016111,40.587653704999994,A192,_,00570,319
A192__00540.319,8.35022098839933,40.595482970000006,A192,_,00540,319
A192__00520.319,8.33162979437219,40.589268845,A192,_,00520,319
A192__00490.319,8.258800831926091,40.584440305,A192,_,00490,319
A192__00480.319,8.221412614823027,40.593754725,A192,_,00480,319
A192__00450.319,8.14781693784304,40.60224739,A192,_,00450,319
A192__00390.319,8.326095987212785,40.61057983,A192,_,00390,319
A192__00360.319,8.304589650013899,40.60893417,A192,_,00360,319
A192__00340.319,8.264282134876261,40.605084815,A192,_,00340,319
A192__00300.319,8.396442856209053,40.61441294,A192,_,00300,319
A192__00280.319,8.356807697905666,40.61750341,A192,_,00280,319
A192__00270.319,8.335380414129713,40.619295835,A192,_,00270,319
A192__00190.319,8.19594621725813,40.61851480999999,A192,_,00190,319
A192__00170.319,8.321292226005076,40.6308724,A192,_,00170,319
A192__00150.319,8.217957767904615,40.633745024999996,A192,_,00150,319
A192__00120.319,8.311153449581209,40.645171325,A192,_,00120,319
A192__00100.319,8.276681950795055,40.659051495,A192,_,00100,319
A192__00090.319,8.208470114690378,40.652272585000006,A192,_,00090,319
A192__00070.319,8.331270733464928,40.662246085,A192,_,00070,319
A192__00060.319,8.293128332359608,40.66372936,A192,_,00060,319
A192__00050.319,8.276092400843023,40.664829005,A192,_,00050,319
A192__00030.319,8.240764655473747,40.656526775,A192,_,00030,319
A192__00020.319,8.223038196910888,40.654840930000006,A192,_,00020,319
A192__00010.32,8.203111820714255,40.665862005,A192,_,00010,32
A192__00970.32,8.312906151453866,40.559389275,A192,_,00970,32
A192__00960.32,8.363125257783674,40.52187137,A192,_,00960,32
A192__00930.32,8.337676053909734,40.521761495,A192,_,00930,32
A192__00910.32,8.413608095910746,40.532176545,A192,_,00910,32
A192__00900.32,8.35942299311738,40.53509061,A192,_,00900,32
A192__00880.32,8.34747875614104,40.522334745,A192,_,00880,32
A192__00870.32,8.336290151686654,40.525171979999996,A192,_,00870,32
A192__00840.32,8.33232381046625,40.534994225000005,A192,_,00840,32
A192__00800.32,8.356582152436548,40.55015743,A192,_,00800,32
A192__00780.32,8.325364549549551,40.54192715,A192,_,00780,32
A192__00750.32,8.374016557972684,40.5523405,A192,_,00750,32
A192__00740.32,8.362643186913328,40.558506075,A192,_,00740,32
A192__00730.32,8.344739941597702,40.558160125,A192,_,00730,32
A192__00720.32,8.335518262678258,40.555937365000005,A192,_,00720,32
A192__0071.32,8.318704195893295,40.56002219,A192,_,0071,32
A192__00690.32,8.373760040539128,40.564095875,A192,_,00690,32
A192__00680.32,8.35627656772425,40.566253105,A192,_,00680,32
A192__00670.32,8.347075619286485,40.56761677,A192,_,00670,32
A192__00600.32,8.347781923965808,40.58092025,A192,_,00600,32
A192__00580.32,8.35793022296441,40.57766463,A192,_,00580,32
A192__00550.32,8.32272291514613,40.587219265,A192,_,00550,32
A192__00540.32,8.343422822913125,40.591957135,A192,_,00540,32
A192__00510.32,8.317025559736207,40.58623438,A192,_,00510,32
A192__00500.32,8.298747278587157,40.592514745,A192,_,00500,32
A192__00470.32,8.218974969493262,40.59020724,A192,_,00470,32
A192__00460.32,8.163386958554964,40.57222532,A192,_,00460,32
A192__00450.32,8.167843931463182,40.587498665,A192,_,00450,32
A192__00430.32,8.366343727395726,40.5950452,A192,_,00430,32
A192__00420.32,8.341638815473631,40.605097959999995,A192,_,00420,32
A192__00410.32,8.340960127851574,40.60625699,A192,_,00410,32
A192__00400.32,8.327244223283369,40.60661725,A192,_,00400,32
A192__00330.32,8.234596095663091,40.597479375,A192,_,00330,32
A192__00320.32,8.212640179382017,40.611790924999994,A192,_,00320,32
A192__00310.32,8.37646559014975,40.619534380000005,A192,_,00310,32
A192__00300.32,8.386470136503174,40.612928894999996,A192,_,00300,32
A192__00290.32,8.385577776998105,40.614023114999995,A192,_,00290,32
A192__00280.32,8.354075447606819,40.602419545000004,A192,_,00280,32
A192__00270.32,8.340104023009857,40.61369467,A192,_,00270,32
A192__00250.32,8.278944131192393,40.618608695000006,A192,_,00250,32
A192__00230.32,8.183805231967128,40.604625780000006,A192,_,00230,32
A192__00220.32,8.14365292927063,40.613565805,A192,_,00220,32
A192__00190.32,8.203974530027477,40.61741203,A192,_,00190,32
A192__00150.32,8.22252225371125,40.641146160000005,A192,_,00150,32
A192__00140.32,8.197350094427449,40.638643689999995,A192,_,00140,32
A192__00110.32,8.281442136205223,40.637227945,A192,_,00110,32
A192__00090.32,8.223621157200483,40.648478045000004,A192,_,00090,32
A192__00070.32,8.33667900265874,40.663686075,A192,_,00070,32
A192__00050.32,8.263710958768868,40.658420095,A192,_,00050,32
A192__00010.320,8.229390244822387,40.664682805,A192,_,00010,320
A192__00950.320,8.33932758573171,40.50885199,A192,_,00950,320
A192__00940.320,8.35851244938632,40.50870288,A192,_,00940,320
A192__00930.320,8.342605558052849,40.521233925000004,A192,_,00930,320
A192__00890.320,8.35267443205865,40.530182984999996,A192,_,00890,320
A192__00880.320,8.349000323056213,40.51992475,A192,_,00880,320
A192__00840.320,8.333533402436021,40.538838965,A192,_,00840,320
A192__00810.320,8.36681772337504,40.54611526,A192,_,00810,320
A192__00800.320,8.356996775052437,40.5420514,A192,_,00800,320
A192__00790.320,8.34553330220744,40.543257104999995,A192,_,00790,320
A192__00750.320,8.370251624999998,40.557408519999996,A192,_,00750,320
A192__00670.320,8.343560904528587,40.567713185,A192,_,00670,320
A192__00660.320,8.328521372768666,40.559155884999996,A192,_,00660,320
A192__00650.320,8.317524722938717,40.565882625,A192,_,00650,320
A192__0064.320,8.318812229883104,40.565765420000005,A192,_,0064,320
A192__00630.320,8.333846708151253,40.572751,A192,_,00630,320
A192__0061.320,8.320592621702026,40.57566199,A192,_,0061,320
A192__00580.320,8.372735610784765,40.58414433,A192,_,00580,320
A192__00550.320,8.322463953324888,40.58095092,A192,_,00550,320
A192__00540.320,8.349720809425598,40.595402289999996,A192,_,00540,320
A192__00520.320,8.33014759532302,40.587713054999995,A192,_,00520,320
A192__00510.320,8.317330722631995,40.587691105000005,A192,_,00510,320
A192__00500.320,8.3169565063824,40.581786125,A192,_,00500,320
A192__00480.320,8.221582242142855,40.593706659999995,A192,_,00480,320
A192__00450.320,8.168677849882894,40.583964925000004,A192,_,00450,320
A192__00420.320,8.340771189497815,40.603311899999994,A192,_,00420,320
A192__00400.320,8.327389583942669,40.59851776,A192,_,00400,320
A192__00360.320,8.304164517105814,40.608745264999996,A192,_,00360,320
A192__00350.320,8.267583589063467,40.60379048,A192,_,00350,320
A192__00340.320,8.264417720760902,40.604941845,A192,_,00340,320
A192__00300.320,8.39334676747207,40.613532965000005,A192,_,00300,320
A192__00280.320,8.356748788300994,40.614921530000004,A192,_,00280,320
A192__00150.320,8.237528872813638,40.6415667,A192,_,00150,320
A192__00120.320,8.30479936641634,40.642723579999995,A192,_,00120,320
A192__00100.320,8.276882756127767,40.65909671,A192,_,00100,320
A192__00090.320,8.21431411500774,40.64648205,A192,_,00090,320
A192__00070.320,8.331356791389322,40.661103929999996,A192,_,00070,320
A192__00060.320,8.294057256279856,40.66389109,A192,_,00060,320
A192__00050.320,8.276303858028527,40.664873205,A192,_,00050,320
A192__00030.320,8.241995070293754,40.65665598,A192,_,00030,320
A192__00020.320,8.223325420199473,40.654888075,A192,_,00020,320
A192__0071.3202,8.321102048284754,40.550271095,A192,_,0071,3202
A192__00010.321,8.229454613699122,40.663623865000005,A192,_,00010,321
A192__00970.321,8.312067392223561,40.55804137,A192,_,00970,321
A192__00950.321,8.339334233252334,40.50892363,A192,_,00950,321
A192__00940.321,8.35869134142886,40.508818125000005,A192,_,00940,321
A192__00930.321,8.339265351650738,40.523738805,A192,_,00930,321
A192__00900.321,8.355346761524011,40.531685995000004,A192,_,00900,321
A192__00890.321,8.352899280401415,40.529999425,A192,_,00890,321
A192__00880.321,8.348921828383496,40.51983991,A192,_,00880,321
A192__00840.321,8.333445767124676,40.53883844,A192,_,00840,321
A192__00800.321,8.35685088737413,40.54251406,A192,_,00800,321
A192__00790.321,8.34618416853813,40.54387199,A192,_,00790,321
A192__00740.321,8.361530049146657,40.553605735000005,A192,_,00740,321
A192__0072.321,8.328641296798565,40.557567735000006,A192,_,0072,321
A192__00690.321,8.371654893453936,40.567869169999994,A192,_,00690,321
A192__00670.321,8.343147762368815,40.567347335,A192,_,00670,321
A192__00660.321,8.328456026694639,40.559321145,A192,_,00660,321
A192__0064.321,8.318746909270594,40.565587905,A192,_,0064,321
A192__00620.321,8.331902171251944,40.578388974999996,A192,_,00620,321
A192__00580.321,8.365281937948726,40.587625345,A192,_,00580,321
A192__00570.321,8.347201334363703,40.585157015,A192,_,00570,321
A192__00550.321,8.322803585967367,40.58084738,A192,_,00550,321
A192__00540.321,8.344053927066113,40.593627839999996,A192,_,00540,321
A192__00520.321,8.330130972884556,40.587856765,A192,_,00520,321
A192__00510.321,8.322006409929823,40.595325095,A192,_,00510,321
A192__00490.321,8.25095487537961,40.58541257,A192,_,00490,321
A192__00480.321,8.227311687653204,40.58828813,A192,_,00480,321
A192__00450.321,8.163548077325952,40.582235225000005,A192,_,00450,321
A192__00410.321,8.335971632452516,40.60896149,A192,_,00410,321
A192__00390.321,8.323528777232628,40.609661814999995,A192,_,00390,321
A192__00360.321,8.304065981528229,40.60898669,A192,_,00360,321
A192__00350.321,8.267460190738941,40.604144315,A192,_,00350,321
A192__00340.321,8.264623392343974,40.605124425,A192,_,00340,321
A192__00300.321,8.402183724656325,40.62003367,A192,_,00300,321
A192__00280.321,8.3557990354007,40.61626704,A192,_,00280,321
A192__00170.321,8.321088368183979,40.630782874999994,A192,_,00170,321
A192__00150.321,8.237084339246813,40.64085043,A192,_,00150,321
A192__00120.321,8.308587869650243,40.64096203,A192,_,00120,321
A192__00100.321,8.277014935114003,40.65912299,A192,_,00100,321
A192__00090.321,8.206831508841697,40.651996710000006,A192,_,00090,321
A192__00070.321,8.332125881961552,40.660868285,A192,_,00070,321
A192__00060.321,8.294803133154081,40.66402096,A192,_,00060,321
A192__00050.321,8.275921462597559,40.66480804,A192,_,00050,321
A192__00040.321,8.260948053323364,40.646912285,A192,_,00040,321
A192__00030.321,8.242615500000529,40.656685725,A192,_,00030,321
A192__0071.3217,8.320615086791253,40.556997675,A192,_,0071,3217
A192__00020.322,8.222972473010962,40.654447895000004,A192,_,00020,322
A192__00950.322,8.339343180560856,40.508947045,A192,_,00950,322
A192__00940.322,8.360110942880645,40.5181858,A192,_,00940,322
A192__00930.322,8.341278836392643,40.51686339,A192,_,00930,322
A192__00890.322,8.352239086660152,40.529962615,A192,_,00890,322
A192__00880.322,8.34424488065126,40.528583115,A192,_,00880,322
A192__00870.322,8.336480404366698,40.526712305000004,A192,_,00870,322
A192__00860.322,8.352008458943256,40.542724235,A192,_,00860,322
A192__00790.322,8.345151262066103,40.542416705,A192,_,00790,322
A192__00780.322,8.327870372707164,40.544366175,A192,_,00780,322
A192__0077.322,8.329880246957838,40.551705025000004,A192,_,0077,322
A192__00740.322,8.361406832326914,40.55283795,A192,_,00740,322
A192__0072.322,8.328678036768293,40.557643729999995,A192,_,0072,322
A192__00690.322,8.368484280971533,40.571223625,A192,_,00690,322
A192__00650.322,8.314642542217388,40.56461763,A192,_,00650,322
A192__0064.322,8.31958029231258,40.562220690000004,A192,_,0064,322
A192__00620.322,8.322157101479661,40.570246325,A192,_,00620,322
A192__00580.322,8.365240103427944,40.58772382,A192,_,00580,322
A192__00570.322,8.350705508605337,40.587621065,A192,_,00570,322
A192__00540.322,8.343517340187049,40.59301148,A192,_,00540,322
A192__00520.322,8.32827674139416,40.59382377,A192,_,00520,322
A192__00510.322,8.316462220990747,40.591863384999996,A192,_,00510,322
A192__00500.322,8.310923706664372,40.587046015,A192,_,00500,322
A192__00490.322,8.250062321956996,40.586472795,A192,_,00490,322
A192__00480.322,8.227718059595304,40.58856405,A192,_,00480,322
A192__00450.322,8.163388385687334,40.582041239999995,A192,_,00450,322
A192__00420.322,8.348509257819508,40.59972246,A192,_,00420,322
A192__00410.322,8.333333000701854,40.608640365,A192,_,00410,322
A192__00360.322,8.3041659368388,40.609143474999996,A192,_,00360,322
A192__00350.322,8.26708055,40.604479510000004,A192,_,00350,322
A192__00340.322,8.264274425122279,40.605893255,A192,_,00340,322
A192__00290.322,8.380055471659034,40.622508415,A192,_,00290,322
A192__00280.322,8.355355294490296,40.615298105,A192,_,00280,322
A192__00120.322,8.310085494973912,40.640957465,A192,_,00120,322
A192__00100.322,8.277000647432114,40.659028065,A192,_,00100,322
A192__00080.322,8.319473777224891,40.65220961,A192,_,00080,322
A192__00060.322,8.294381434315827,40.663239475,A192,_,00060,322
A192__00050.322,8.275950174064674,40.664680385,A192,_,00050,322
A192__00040.322,8.261184528977012,40.647115265,A192,_,00040,322
A192__00030.322,8.242146280499668,40.656607644999994,A192,_,00030,322
A192__0071.3224,8.323690402411554,40.554128275,A192,_,0071,3224
A192__00010.323,8.203939608567191,40.66182311,A192,_,00010,323
A192__00950.323,8.339338590129426,40.508982005,A192,_,00950,323
A192__00940.323,8.355114408758,40.509776,A192,_,00940,323
A192__00930.323,8.341552212268953,40.517181395,A192,_,00930,323
A192__00900.323,8.356211647419503,40.532724805,A192,_,00900,323
A192__00880.323,8.343851624309005,40.52861723,A192,_,00880,323
A192__00860.323,8.351857405000004,40.5429398,A192,_,00860,323
A192__00810.323,8.367756119418006,40.546112570000005,A192,_,00810,323
A192__00790.323,8.342862144386935,40.540163344999996,A192,_,00790,323
A192__00780.323,8.32678441705729,40.543979135,A192,_,00780,323
A192__00740.323,8.359791205137082,40.552086855,A192,_,00740,323
A192__00720.323,8.340564627241116,40.56057314,A192,_,00720,323
A192__0071.323,8.31819331665435,40.554688525,A192,_,0071,323
A192__0065.323,8.318237657597857,40.56033227,A192,_,0065,323
A192__0064.323,8.318243332874237,40.564743985,A192,_,0064,323
A192__0061.323,8.319993211422116,40.575667375,A192,_,0061,323
A192__00590.323,8.388498336671141,40.579206415,A192,_,00590,323
A192__00580.323,8.368163917838547,40.581884165000005,A192,_,00580,323
A192__00550.323,8.322803877875936,40.581607115,A192,_,00550,323
A192__00540.323,8.34315559178415,40.592612125,A192,_,00540,323
A192__00520.323,8.328575013285263,40.593702465,A192,_,00520,323
A192__0050.323,8.312416937820721,40.581142645,A192,_,0050,323
A192__00490.323,8.251558204146065,40.585309615,A192,_,00490,323
A192__00480.323,8.22944933507834,40.58515601,A192,_,00480,323
A192__00450.323,8.16312499105078,40.581873005,A192,_,00450,323
A192__00420.323,8.345434511515997,40.599574815,A192,_,00420,323
A192__00410.323,8.334010851525239,40.608629019999995,A192,_,00410,323
A192__00350.323,8.263169541451791,40.599901535,A192,_,00350,323
A192__00340.323,8.262825918444042,40.612661625,A192,_,00340,323
A192__00300.323,8.410847191868786,40.622230755000004,A192,_,00300,323
A192__00290.323,8.380754022282371,40.620624045,A192,_,00290,323
A192__00280.323,8.355422471943776,40.615851129999996,A192,_,00280,323
A192__00170.323,8.315977692749495,40.63046542,A192,_,00170,323
A192__00120.323,8.311074835601122,40.640953085,A192,_,00120,323
A192__00110.323,8.29463649338013,40.643932865,A192,_,00110,323
A192__00070.323,8.331198333229926,40.660559995,A192,_,00070,323
A192__00060.323,8.294998370443944,40.66334263,A192,_,00060,323
A192__00050.323,8.276065438761615,40.664676535,A192,_,00050,323
A192__00040.323,8.261100917671758,40.646882090000005,A192,_,00040,323
A192__00030.323,8.234399745049668,40.656072275,A192,_,00030,323
A192__00020.323,8.223328267452635,40.654468460000004,A192,_,00020,323
A192__0071.3234,8.326846280095292,40.560239734999996,A192,_,0071,3234
A192__00010.324,8.204763060431212,40.663684775,A192,_,00010,324
A192__00950.324,8.33943757399628,40.508379930000004,A192,_,00950,324
A192__00930.324,8.34208939117084,40.517141120000005,A192,_,00930,324
A192__00890.324,8.353374338103528,40.529983869999995,A192,_,00890,324
A192__00880.324,8.350225151947292,40.523582715,A192,_,00880,324
A192__00870.324,8.33457888348763,40.53237505,A192,_,00870,324
A192__00860.324,8.367641955048263,40.543595530000005,A192,_,00860,324
A192__00800.324,8.34527503677144,40.549215085,A192,_,00800,324
A192__00780.324,8.32944964287632,40.54451237,A192,_,00780,324
A192__00750.324,8.36408085043635,40.56179755,A192,_,00750,324
A192__00720.324,8.336379003875791,40.555758995000005,A192,_,00720,324
A192__00690.324,8.372394407265986,40.56909961,A192,_,00690,324
A192__00670.324,8.343899358675621,40.56785822,A192,_,00670,324
A192__00640.324,8.319956051190479,40.56739012,A192,_,00640,324
A192__00620.324,8.328731657518563,40.574127305000005,A192,_,00620,324
A192__0061.324,8.320151109149347,40.575746515000006,A192,_,0061,324
A192__00590.324,8.393311620712591,40.579362665,A192,_,00590,324
A192__00580.324,8.370101109831811,40.58222136,A192,_,00580,324
A192__00550.324,8.322834510490189,40.58139167,A192,_,00550,324
A192__00540.324,8.343167325404679,40.592789595,A192,_,00540,324
A192__00520.324,8.328431591913947,40.59370181,A192,_,00520,324
A192__00510.324,8.316699459756713,40.591348655000004,A192,_,00510,324
A192__00490.324,8.255276745672983,40.586126594999996,A192,_,00490,324
A192__00480.324,8.229886683022617,40.58503489,A192,_,00480,324
A192__00450.324,8.169071016621421,40.583214295,A192,_,00450,324
A192__00420.324,8.345128253906694,40.599478090000005,A192,_,00420,324
A192__00410.324,8.334646230367651,40.608244925,A192,_,00410,324
A192__00390.324,8.32407559888499,40.60588111,A192,_,00390,324
A192__00360.324,8.298013206404816,40.613363135,A192,_,00360,324
A192__00350.324,8.262778146537485,40.60056022,A192,_,00350,324
A192__00340.324,8.263164844850198,40.612195235,A192,_,00340,324
A192__00290.324,8.382451078879892,40.61932992,A192,_,00290,324
A192__00280.324,8.353601846692396,40.615285154999995,A192,_,00280,324
A192__00170.324,8.316400608449062,40.630767715000005,A192,_,00170,324
A192__00150.324,8.231580968660676,40.642896755,A192,_,00150,324
A192__00120.324,8.308369242449288,40.639475475,A192,_,00120,324
A192__00100.324,8.271214352332628,40.65052667,A192,_,00100,324
A192__00070.324,8.324937377176965,40.66118725,A192,_,00070,324
A192__00050.324,8.268802661435783,40.662755165,A192,_,00050,324
A192__00030.324,8.224399506189648,40.655447245000005,A192,_,00030,324
A192__00010.325,8.20581249142742,40.666190805,A192,_,00010,325
A192__00940.325,8.355245155381445,40.509460605,A192,_,00940,325
A192__00930.325,8.341520639576355,40.516785195,A192,_,00930,325
A192__00880.325,8.352348284682785,40.521804685,A192,_,00880,325
A192__00860.325,8.367399122022455,40.5437721,A192,_,00860,325
A192__00840.325,8.335218457932331,40.534905675000005,A192,_,00840,325
A192__00800.325,8.345321626493657,40.54932553,A192,_,00800,325
A192__00790.325,8.344700539635404,40.53647243,A192,_,00790,325
A192__0077.325,8.32951203535177,40.55474794,A192,_,0077,325
A192__00740.325,8.360592294317687,40.553378365,A192,_,00740,325
A192__00720.325,8.336397758064322,40.555521965,A192,_,00720,325
A192__0071.325,8.318991191736586,40.55499372,A192,_,0071,325
A192__00690.325,8.363760216725336,40.5677241,A192,_,00690,325
A192__0065.325,8.31818979854582,40.56145338,A192,_,0065,325
A192__00640.325,8.320579312940943,40.566934625,A192,_,00640,325
A192__00620.325,8.328362754650444,40.574600669999995,A192,_,00620,325
A192__0061.325,8.320301744476453,40.575835165,A192,_,0061,325
A192__00590.325,8.39331145218822,40.579462355000004,A192,_,00590,325
A192__00580.325,8.370431082422206,40.581014905,A192,_,00580,325
A192__00550.325,8.323203521606924,40.581647335,A192,_,00550,325
A192__00540.325,8.34700221787067,40.59437305,A192,_,00540,325
A192__00520.325,8.329117847515086,40.593831935,A192,_,00520,325
A192__00510.325,8.316347380975337,40.59141914,A192,_,00510,325
A192__00500.325,8.316349454103527,40.58195332,A192,_,00500,325
A192__00490.325,8.255489675344897,40.586216300000004,A192,_,00490,325
A192__00420.325,8.345297447882242,40.599574815,A192,_,00420,325
A192__00400.325,8.325286002974403,40.598011174999996,A192,_,00400,325
A192__00390.325,8.324702039792141,40.60569612,A192,_,00390,325
A192__00360.325,8.298397598211464,40.613362255,A192,_,00360,325
A192__00340.325,8.261975896160841,40.60478606,A192,_,00340,325
A192__00290.325,8.385581146347597,40.61940765,A192,_,00290,325
A192__00280.325,8.353260386438986,40.615467105,A192,_,00280,325
A192__00260.325,8.296156748000467,40.61658708,A192,_,00260,325
A192__00170.325,8.315443809534734,40.630769735,A192,_,00170,325
A192__00150.325,8.231433159899526,40.643198850000005,A192,_,00150,325
A192__00120.325,8.310890442099328,40.640854385,A192,_,00120,325
A192__00110.325,8.282510160141971,40.633246425,A192,_,00110,325
A192__00100.325,8.27122343050491,40.650439965000004,A192,_,00100,325
A192__00070.325,8.325290798819832,40.66098608,A192,_,00070,325
A192__00050.325,8.261877151441432,40.660645665000004,A192,_,00050,325
A192__00030.325,8.225834781542146,40.655529415000004,A192,_,00030,325
A192__00020.325,8.22332229089194,40.653972685,A192,_,00020,325
A192__0071.3254,8.316578039117491,40.555239535,A192,_,0071,3254
A192__0071.3255,8.316400721350035,40.555173865,A192,_,0071,3255
A192__0071.3256,8.317953486822459,40.55354482,A192,_,0071,3256
A192__0071.3257,8.317048371067008,40.553962580000004,A192,_,0071,3257
A192__0071.3259,8.322658039076213,40.551940585,A192,_,0071,3259
A192__00010.326,8.20932156585399,40.66754083,A192,_,00010,326
A192__00930.326,8.338272932615208,40.51846106,A192,_,00930,326
A192__00890.326,8.346695450767676,40.528892455000005,A192,_,00890,326
A192__00880.326,8.351905951492723,40.522240345,A192,_,00880,326
A192__00860.326,8.357264239721514,40.538178204999994,A192,_,00860,326
A192__00810.326,8.367117671204593,40.546591705,A192,_,00810,326
A192__00800.326,8.34537540830322,40.54943423,A192,_,00800,326
A192__00790.326,8.345423808426528,40.53649568,A192,_,00790,326
A192__00780.326,8.329891164001529,40.54501909,A192,_,00780,326
A192__00740.326,8.360930596820928,40.553015845000004,A192,_,00740,326
A192__00720.326,8.336060168182101,40.554955035000006,A192,_,00720,326
A192__00690.326,8.364181278558103,40.568209804999995,A192,_,00690,326
A192__00640.326,8.319896898000884,40.566809635,A192,_,00640,326
A192__00630.326,8.33403990258564,40.57279852,A192,_,00630,326
A192__00620.326,8.328413975387987,40.574371240000005,A192,_,00620,326
A192__0061.326,8.320430061622858,40.57595292,A192,_,0061,326
A192__00570.326,8.35602763553512,40.58897116,A192,_,00570,326
A192__00550.326,8.32268329802828,40.581369445,A192,_,00550,326
A192__00540.326,8.346842686644308,40.59437305,A192,_,00540,326
A192__00520.326,8.329558641920986,40.5937637,A192,_,00520,326
A192__00510.326,8.31564076244216,40.59108128,A192,_,00510,326
A192__00500.326,8.31408884591687,40.58631647,A192,_,00500,326
A192__00490.326,8.255573186092981,40.587779100000006,A192,_,00490,326
A192__00450.326,8.1716955956451,40.582563555,A192,_,00450,326
A192__00420.326,8.346293176049079,40.600552335,A192,_,00420,326
A192__00410.326,8.334354358081331,40.607616145,A192,_,00410,326
A192__00390.326,8.323914669852126,40.605427935,A192,_,00390,326
A192__00340.326,8.26163964352937,40.604526025,A192,_,00340,326
A192__00280.326,8.357810421064748,40.612617564999994,A192,_,00280,326
A192__00260.326,8.296436270702788,40.616644715,A192,_,00260,326
A192__00190.326,8.1926920262704,40.6316101,A192,_,00190,326
A192__00170.326,8.315584224705757,40.630561635,A192,_,00170,326
A192__00150.326,8.23403092149205,40.642020895,A192,_,00150,326
A192__00120.326,8.305657854169793,40.63441613,A192,_,00120,326
A192__00100.326,8.274228217659559,40.657322730000004,A192,_,00100,326
A192__00050.326,8.259764495253869,40.661349025,A192,_,00050,326
A192__00040.326,8.254388589110928,40.649695585,A192,_,00040,326
A192__00030.326,8.22730419254935,40.65561386,A192,_,00030,326
A192__0071.3262,8.321429710838203,40.55353554,A192,_,0071,3262
A192__0071.3264,8.321681976057166,40.553729225,A192,_,0071,3264
A192__0071.3268,8.325399054572877,40.554827745,A192,_,0071,3268
A192__00020.327,8.208827504620587,40.657424205,A192,_,00020,327
A192__00950.327,8.354022714223579,40.51570509,A192,_,00950,327
A192__00930.327,8.338447880139917,40.51774107,A192,_,00930,327
A192__00890.327,8.352663485901147,40.53332414,A192,_,00890,327
A192__00880.327,8.351832086771603,40.522226634999996,A192,_,00880,327
A192__00870.327,8.337392064937392,40.527294735,A192,_,00870,327
A192__00860.327,8.357009936821317,40.538348055,A192,_,00860,327
A192__00840.327,8.332690264566555,40.53792856,A192,_,00840,327
A192__00810.327,8.367563944101455,40.546703449999995,A192,_,00810,327
A192__00800.327,8.345276921080291,40.54952564,A192,_,00800,327
A192__00790.327,8.342317083265662,40.54010185,A192,_,00790,327
A192__00780.327,8.330413530839103,40.545157175,A192,_,00780,327
A192__00740.327,8.360051895456374,40.55342805,A192,_,00740,327
A192__00720.327,8.335844867210954,40.55578035,A192,_,00720,327
A192__00690.327,8.364010116655791,40.568028545,A192,_,00690,327
A192__00670.327,8.345268773699036,40.567827935,A192,_,00670,327
A192__00650.327,8.316700754440863,40.560611855000005,A192,_,00650,327
A192__00620.327,8.328683014092093,40.574568674999995,A192,_,00620,327
A192__00580.327,8.371356044979446,40.581660740000004,A192,_,00580,327
A192__00570.327,8.346939768394428,40.585307150000006,A192,_,00570,327
A192__00540.327,8.348605126794853,40.594070564999996,A192,_,00540,327
A192__00520.327,8.327244737557269,40.591251729999996,A192,_,00520,327
A192__00510.327,8.318066763682573,40.595944585,A192,_,00510,327
A192__00500.327,8.312507645745825,40.586599535000005,A192,_,00500,327
A192__00490.327,8.25549422740546,40.590454199999996,A192,_,00490,327
A192__00450.327,8.171822997683009,40.58288053,A192,_,00450,327
A192__00410.327,8.334719045826358,40.607276025000004,A192,_,00410,327
A192__00400.327,8.32489392014335,40.604803565,A192,_,00400,327
A192__00390.327,8.320841706567213,40.603233040000006,A192,_,00390,327
A192__00350.327,8.262392080159824,40.5998171,A192,_,00350,327
A192__00340.327,8.261840173032468,40.60450889,A192,_,00340,327
A192__00280.327,8.35751221356374,40.612731104999995,A192,_,00280,327
A192__00190.327,8.196348754150687,40.63209979,A192,_,00190,327
A192__00170.327,8.321472227086366,40.630842349999995,A192,_,00170,327
A192__00150.327,8.232917619234012,40.642871495,A192,_,00150,327
A192__00120.327,8.301516579024996,40.634434035,A192,_,00120,327
A192__00080.327,8.32406428364553,40.66210399,A192,_,00080,327
A192__00050.327,8.261201162280784,40.66097494,A192,_,00050,327
A192__00040.327,8.255842039780756,40.64930339,A192,_,00040,327
A192__00030.327,8.228947751523496,40.655712324999996,A192,_,00030,327
A192__0071.3272,8.325626001676468,40.556264715,A192,_,0071,3272
A192__0071.3279,8.320936165161697,40.556540459999994,A192,_,0071,3279
A192__00020.328,8.209401723694691,40.655584344999994,A192,_,00020,328
A192__00930.328,8.338180441752677,40.51706625,A192,_,00930,328
A192__00890.328,8.350912517223522,40.53377924,A192,_,00890,328
A192__00870.328,8.33732294104308,40.527403345,A192,_,00870,328
A192__00860.328,8.358580431408779,40.538195990000006,A192,_,00860,328
A192__00810.328,8.368628291202969,40.548489419999996,A192,_,00810,328
A192__00800.328,8.355773750554498,40.54578249,A192,_,00800,328
A192__00790.328,8.341340765099229,40.547919765,A192,_,00790,328
A192__00780.328,8.329888940022407,40.544555055000004,A192,_,00780,328
A192__0077.328,8.330024801339404,40.55436341,A192,_,0077,328
A192__00740.328,8.359901248037541,40.553315765,A192,_,00740,328
A192__00720.328,8.337256954618663,40.555274605,A192,_,00720,328
A192__00670.328,8.3456468993899,40.567505535,A192,_,00670,328
A192__00660.328,8.327881641039813,40.560789709999995,A192,_,00660,328
A192__0064.328,8.31884332050133,40.56470392,A192,_,0064,328
A192__00630.328,8.333632551431766,40.57392303,A192,_,00630,328
A192__00620.328,8.328660029051356,40.57477739,A192,_,00620,328
A192__00590.328,8.388078194219904,40.58044284,A192,_,00590,328
A192__00580.328,8.371157457949755,40.58172425,A192,_,00580,328
A192__00570.328,8.34674785025577,40.585364075,A192,_,00570,328
A192__00550.328,8.323420128562065,40.58198009,A192,_,00550,328
A192__00540.328,8.347852824035659,40.59402344,A192,_,00540,328
A192__00520.328,8.327013921545792,40.59129567,A192,_,00520,328
A192__00510.328,8.318130534968565,40.595493215,A192,_,00510,328
A192__00500.328,8.312325761150163,40.585879685,A192,_,00500,328
A192__00480.328,8.221163521159191,40.5896913,A192,_,00480,328
A192__00450.328,8.172230269226294,40.58594959,A192,_,00450,328
A192__00420.328,8.349650991045028,40.600833285,A192,_,00420,328
A192__00410.328,8.334725002402141,40.60763665,A192,_,00410,328
A192__00400.328,8.32497217514575,40.604672385,A192,_,00400,328
A192__00390.328,8.320955290944053,40.60367583,A192,_,00390,328
A192__00350.328,8.262204349830306,40.600616525,A192,_,00350,328
A192__00340.328,8.261825894643323,40.604366240000004,A192,_,00340,328
A192__00280.328,8.360894312435743,40.616968650000004,A192,_,00280,328
A192__00270.328,8.328301977688756,40.61567907,A192,_,00270,328
A192__00260.328,8.29615441218721,40.616669904999995,A192,_,00260,328
A192__00190.328,8.196661431730796,40.631960335,A192,_,00190,328
A192__00170.328,8.321123532411864,40.63086159,A192,_,00170,328
A192__00150.328,8.232614529035862,40.642237980000004,A192,_,00150,328
A192__00100.328,8.275562883960175,40.657587525,A192,_,00100,328
A192__00050.328,8.262121717497159,40.660052775,A192,_,00050,328
A192__00040.328,8.257409822283062,40.64909216,A192,_,00040,328
A192__00030.328,8.230473160018434,40.65579882,A192,_,00030,328
A192__0071.3281,8.325672663210302,40.555580954999996,A192,_,0071,3281
A192__0071.3285,8.320407315229874,40.55630567,A192,_,0071,3285
A192__00020.329,8.199991619543113,40.654310435,A192,_,00020,329
A192__00940.329,8.353646852668112,40.517105885,A192,_,00940,329
A192__00930.329,8.338333569693342,40.517517715,A192,_,00930,329
A192__00890.329,8.352224429140858,40.53049196,A192,_,00890,329
A192__00880.329,8.349866751476824,40.521215705,A192,_,00880,329
A192__00860.329,8.358011282422668,40.538401199999996,A192,_,00860,329
A192__00840.329,8.32845835628444,40.53775464,A192,_,00840,329
A192__00800.329,8.35622832159491,40.545766315,A192,_,00800,329
A192__00790.329,8.34135847246073,40.54775291,A192,_,00790,329
A192__0077.329,8.329631117037952,40.552853775,A192,_,0077,329
A192__00720.329,8.342628299866938,40.55566966,A192,_,00720,329
A192__00690.329,8.37156025534912,40.570511859999996,A192,_,00690,329
A192__00660.329,8.328612987889983,40.55979331,A192,_,00660,329
A192__00650.329,8.316205470103082,40.56445191,A192,_,00650,329
A192__00630.329,8.333345032330548,40.573832175,A192,_,00630,329
A192__00620.329,8.328976027403112,40.574340475,A192,_,00620,329
A192__00590.329,8.38807518729525,40.57977247,A192,_,00590,329
A192__00570.329,8.346820886752955,40.585524355000004,A192,_,00570,329
A192__00550.329,8.323470446798792,40.581888965000005,A192,_,00550,329
A192__00540.329,8.348006716906063,40.594131225,A192,_,00540,329
A192__00520.329,8.329927778700753,40.59141081,A192,_,00520,329
A192__00510.329,8.318071441703648,40.595809465,A192,_,00510,329
A192__00490.329,8.253643291646263,40.59211113,A192,_,00490,329
A192__00450.329,8.172279651418275,40.586182109999996,A192,_,00450,329
A192__00410.329,8.334989304046733,40.60732328,A192,_,00410,329
A192__00400.329,8.324683654331604,40.60452552,A192,_,00400,329
A192__00350.329,8.262651581967296,40.59985726,A192,_,00350,329
A192__00300.329,8.38446129236646,40.609034230000006,A192,_,00300,329
A192__00290.329,8.384630288787204,40.61449072,A192,_,00290,329
A192__00280.329,8.360739664223534,40.616644640000004,A192,_,00280,329
A192__00270.329,8.32800866476859,40.615650855,A192,_,00270,329
A192__00260.329,8.296434218658305,40.616714605,A192,_,00260,329
A192__00190.329,8.199930873715882,40.635123675,A192,_,00190,329
A192__00170.329,8.321196288532636,40.630667065,A192,_,00170,329
A192__00150.329,8.23252395466479,40.645227315,A192,_,00150,329
A192__00120.329,8.29698890115448,40.6317379,A192,_,00120,329
A192__00110.329,8.296234817265299,40.62863917,A192,_,00110,329
A192__00050.329,8.283087635473272,40.667685625,A192,_,00050,329
A192__00040.329,8.25854824252038,40.64901947,A192,_,00040,329
A192__00030.329,8.23192962148817,40.655883765,A192,_,00030,329
A192__0071.3292,8.31705032762251,40.554515125,A192,_,0071,3292
A192__00010.33,8.199780793182107,40.664427655,A192,_,00010,33
A192__00960.33,8.362952541288617,40.522334130000004,A192,_,00960,33
A192__00940.33,8.355004375402839,40.517673635,A192,_,00940,33
A192__00920.33,8.384875790756372,40.517952754999996,A192,_,00920,33
A192__00840.33,8.330323956622454,40.533969915,A192,_,00840,33
A192__00790.33,8.344763820449977,40.54168717,A192,_,00790,33
A192__00780.33,8.324606381216192,40.545625145,A192,_,00780,33
A192__00740.33,8.361870415894664,40.558505929999995,A192,_,00740,33
A192__00730.33,8.344206557648256,40.55788512,A192,_,00730,33
A192__00720.33,8.338153900900585,40.55653596,A192,_,00720,33
A192__0071.33,8.318886634086681,40.559908075,A192,_,0071,33
A192__00700.33,8.408106072732245,40.57367399,A192,_,00700,33
A192__00690.33,8.374053295306961,40.563576215,A192,_,00690,33
A192__00680.33,8.35481927894328,40.566030545000004,A192,_,00680,33
A192__00660.33,8.329274771432196,40.564368455,A192,_,00660,33
A192__0065.33,8.31843720349123,40.560866225,A192,_,0065,33
A192__00630.33,8.337251246267218,40.57493413,A192,_,00630,33
A192__00600.33,8.349085697249512,40.580500925,A192,_,00600,33
A192__00580.33,8.37068364930181,40.5921127,A192,_,00580,33
A192__00540.33,8.3425111586117,40.59118714,A192,_,00540,33
A192__00510.33,8.31814009275719,40.591747055,A192,_,00510,33
A192__00480.33,8.239293115082999,40.578803555,A192,_,00480,33
A192__00470.33,8.218517511655584,40.590899885,A192,_,00470,33
A192__00460.33,8.163236339979042,40.56321957,A192,_,00460,33
A192__00450.33,8.167119930722336,40.58547876,A192,_,00450,33
A192__00430.33,8.366944520211621,40.59529939,A192,_,00430,33
A192__00410.33,8.340810215558177,40.606858495,A192,_,00410,33
A192__00390.33,8.321257913434994,40.60832843,A192,_,00390,33
A192__00370.33,8.29390623549997,40.594462825,A192,_,00370,33
A192__00350.33,8.2610936184095,40.602760515,A192,_,00350,33
A192__00330.33,8.236232792979248,40.596321875,A192,_,00330,33
A192__00320.33,8.212459250863535,40.61200259,A192,_,00320,33
A192__00280.33,8.354531177908457,40.602289605,A192,_,00280,33
A192__00230.33,8.183490440747242,40.60492699,A192,_,00230,33
A192__00220.33,8.143591656277778,40.61346028,A192,_,00220,33
A192__00190.33,8.20826798764504,40.615841565,A192,_,00190,33
A192__00110.33,8.296772099099783,40.650156394999996,A192,_,00110,33
A192__00100.33,8.278526750659623,40.651009535,A192,_,00100,33
A192__00090.33,8.21888637160087,40.643457055,A192,_,00090,33
A192__00050.33,8.265688691882822,40.658374929999994,A192,_,00050,33
A192__00020.330,8.198084647476284,40.65472475,A192,_,00020,330
A192__00940.330,8.361613498957565,40.5108949,A192,_,00940,330
A192__00930.330,8.338319384747107,40.518589410000004,A192,_,00930,330
A192__00890.330,8.352694668336861,40.53020172,A192,_,00890,330
A192__00880.330,8.350952635598222,40.521850040000004,A192,_,00880,330
A192__00840.330,8.32842794715167,40.53769898,A192,_,00840,330
A192__00810.330,8.373651887114082,40.5460098,A192,_,00810,330
A192__00790.330,8.342793741175704,40.550830295,A192,_,00790,330
A192__00780.330,8.33001325567663,40.544866755,A192,_,00780,330
A192__0077.330,8.329814899791733,40.554586189999995,A192,_,0077,330
A192__00750.330,8.376154539712926,40.55310115,A192,_,00750,330
A192__00740.330,8.360201354910537,40.553035505,A192,_,00740,330
A192__00690.330,8.370901659603568,40.57160091,A192,_,00690,330
A192__00670.330,8.345240699579392,40.566983245,A192,_,00670,330
A192__00660.330,8.328687145798249,40.559638285,A192,_,00660,330
A192__0064.330,8.31944066296716,40.564347575,A192,_,0064,330
A192__00630.330,8.334265762182348,40.573668115000004,A192,_,00630,330
A192__00620.330,8.32901180863006,40.574510245,A192,_,00620,330
A192__0061.330,8.320145469751637,40.57532055,A192,_,0061,330
A192__00580.330,8.366745563610403,40.58664528,A192,_,00580,330
A192__00570.330,8.346242282395817,40.59078748,A192,_,00570,330
A192__00540.330,8.346014156832801,40.592058615,A192,_,00540,330
A192__00520.330,8.329903195526608,40.591655615,A192,_,00520,330
A192__00510.330,8.312580409975656,40.592249925000004,A192,_,00510,330
A192__00500.330,8.311478411091933,40.586504340000005,A192,_,00500,330
A192__00490.330,8.252834684089123,40.59226803,A192,_,00490,330
A192__00480.330,8.226409063995822,40.589250995,A192,_,00480,330
A192__00450.330,8.172783435901627,40.58910277,A192,_,00450,330
A192__00420.330,8.34983396152803,40.600778309999995,A192,_,00420,330
A192__00400.330,8.326942803800952,40.605872364999996,A192,_,00400,330
A192__00360.330,8.297335976136221,40.607495235,A192,_,00360,330
A192__00340.330,8.269050851863687,40.613031989999996,A192,_,00340,330
A192__00290.330,8.386143536643981,40.614023114999995,A192,_,00290,330
A192__00280.330,8.367893784269105,40.62234322,A192,_,00280,330
A192__00190.330,8.2000611242505,40.634991555,A192,_,00190,330
A192__00170.330,8.317402755274458,40.636760375,A192,_,00170,330
A192__00160.330,8.266490509262399,40.639024725,A192,_,00160,330
A192__00150.330,8.231502151253176,40.64381219,A192,_,00150,330
A192__00120.330,8.306071471568355,40.631004725,A192,_,00120,330
A192__00080.330,8.31848357335171,40.65771653,A192,_,00080,330
A192__00050.330,8.28311293283058,40.667164785,A192,_,00050,330
A192__00040.330,8.259563424732683,40.64888528,A192,_,00040,330
A192__00030.330,8.233306590410201,40.65596509,A192,_,00030,330
A192__0071.3300,8.325083235151752,40.557691165,A192,_,0071,3300
A192__0071.3308,8.322298785792942,40.5524987,A192,_,0071,3308
A192__00020.331,8.218217843351908,40.65026948,A192,_,00020,331
A192__00940.331,8.36152650918709,40.51029946,A192,_,00940,331
A192__00890.331,8.353106500161829,40.533887484999994,A192,_,00890,331
A192__00880.331,8.350563438224917,40.52190106,A192,_,00880,331
A192__00860.331,8.359023374538971,40.538627235,A192,_,00860,331
A192__00840.331,8.33189103685946,40.5401028,A192,_,00840,331
A192__00800.331,8.348696456721052,40.547712895000004,A192,_,00800,331
A192__00790.331,8.343107938701147,40.550727975,A192,_,00790,331
A192__0077.331,8.330213277521647,40.554898030000004,A192,_,0077,331
A192__00740.331,8.360344802699125,40.553072285,A192,_,00740,331
A192__00720.331,8.343745727197007,40.555059029999995,A192,_,00720,331
A192__00690.331,8.369876178468244,40.57156811,A192,_,00690,331
A192__00670.331,8.344769595124024,40.56724365,A192,_,00670,331
A192__0064.331,8.319743314975309,40.5650119,A192,_,0064,331
A192__00630.331,8.333726794794355,40.573563719999996,A192,_,00630,331
A192__00620.331,8.33242314286107,40.578860219999996,A192,_,00620,331
A192__0061.331,8.319991876815703,40.57522055,A192,_,0061,331
A192__00590.331,8.388527638759232,40.58089744,A192,_,00590,331
A192__00580.331,8.366177880209687,40.58660392,A192,_,00580,331
A192__00570.331,8.346880321915187,40.59088759,A192,_,00570,331
A192__00550.331,8.323637727084463,40.58231619,A192,_,00550,331
A192__00540.331,8.352408142010141,40.595460205,A192,_,00540,331
A192__00510.331,8.313394246183044,40.592326424999996,A192,_,00510,331
A192__00490.331,8.254188500266867,40.590130215,A192,_,00490,331
A192__00480.331,8.226140547596497,40.589081905,A192,_,00480,331
A192__00450.331,8.170799538586957,40.589478535,A192,_,00450,331
A192__00400.331,8.32705095671,40.60588486,A192,_,00400,331
A192__00360.331,8.296402182608295,40.607055700000004,A192,_,00360,331
A192__00340.331,8.269389486966416,40.613412455,A192,_,00340,331
A192__00300.331,8.383652018482156,40.610803395,A192,_,00300,331
A192__00290.331,8.38615278996906,40.613683589999994,A192,_,00290,331
A192__00190.331,8.196911931052405,40.6344672,A192,_,00190,331
A192__00170.331,8.317287959629637,40.637442300000004,A192,_,00170,331
A192__00160.331,8.26802729626355,40.639150705000006,A192,_,00160,331
A192__00150.331,8.232947479325272,40.644590855000004,A192,_,00150,331
A192__00120.331,8.307292569879188,40.631005224999996,A192,_,00120,331
A192__00100.331,8.27649925711391,40.65795776,A192,_,00100,331
A192__00080.331,8.318515143371524,40.657096265,A192,_,00080,331
A192__00050.331,8.283711988348662,40.6671854,A192,_,00050,331
A192__00040.331,8.254070945445356,40.648073589999996,A192,_,00040,331
A192__00030.331,8.234408433617078,40.656029329999996,A192,_,00030,331
A192__0071.3311,8.319279116985596,40.552525375,A192,_,0071,3311
A192__0071.3315,8.319078514381923,40.552145255,A192,_,0071,3315
A192__0071.3317,8.31819647170801,40.554107079999994,A192,_,0071,3317
A192__00020.332,8.217170614971085,40.65049099,A192,_,00020,332
A192__00950.332,8.353432874631348,40.5066552,A192,_,00950,332
A192__00940.332,8.361591195577361,40.50995967,A192,_,00940,332
A192__00890.332,8.35410688098018,40.533390645,A192,_,00890,332
A192__00880.332,8.350381057663814,40.521799755,A192,_,00880,332
A192__00870.332,8.337613345019266,40.529533244999996,A192,_,00870,332
A192__00860.332,8.358244625880875,40.538861075,A192,_,00860,332
A192__00840.332,8.331680073220877,40.539778639999994,A192,_,00840,332
A192__00800.332,8.345185714691691,40.54743784,A192,_,00800,332
A192__0077.332,8.329246637729952,40.555036009999995,A192,_,0077,332
A192__00740.332,8.360516899298686,40.55263579,A192,_,00740,332
A192__00720.332,8.344015257906296,40.555009465,A192,_,00720,332
A192__00690.332,8.37264316466368,40.57136702,A192,_,00690,332
A192__00670.332,8.344592291075559,40.56747047,A192,_,00670,332
A192__00650.332,8.311673792358029,40.561971195,A192,_,00650,332
A192__0064.332,8.319618788492416,40.565306265000004,A192,_,0064,332
A192__00630.332,8.334417252330667,40.57307906,A192,_,00630,332
A192__00590.332,8.388520032791904,40.58042304,A192,_,00590,332
A192__00580.332,8.366429502293187,40.58703958,A192,_,00580,332
A192__00570.332,8.346999988536362,40.59048262,A192,_,00570,332
A192__00550.332,8.32369823317441,40.58223338,A192,_,00550,332
A192__00510.332,8.313991678982418,40.59203058,A192,_,00510,332
A192__00490.332,8.251802096968625,40.591690935,A192,_,00490,332
A192__00480.332,8.223535984487565,40.592779719999996,A192,_,00480,332
A192__00450.332,8.16921554068164,40.590097215,A192,_,00450,332
A192__00350.332,8.263765414314841,40.599997495,A192,_,00350,332
A192__00340.332,8.270095463653792,40.61133776,A192,_,00340,332
A192__00300.332,8.38347870008348,40.610747095,A192,_,00300,332
A192__00290.332,8.387005829087462,40.616704095,A192,_,00290,332
A192__00270.332,8.324093611484937,40.620291815,A192,_,00270,332
A192__00190.332,8.19675552215075,40.63363044,A192,_,00190,332
A192__00170.332,8.31703788232442,40.637289644999996,A192,_,00170,332
A192__00160.332,8.266499901823153,40.63809742,A192,_,00160,332
A192__00150.332,8.233844248885713,40.645923405000005,A192,_,00150,332
A192__00110.332,8.29623406350504,40.628565425,A192,_,00110,332
A192__00080.332,8.31935429679886,40.6570726,A192,_,00080,332
A192__00060.332,8.30867604568376,40.65804446,A192,_,00060,332
A192__00040.332,8.255210246158814,40.648045615,A192,_,00040,332
A192__00030.332,8.235758301959514,40.656108685,A192,_,00030,332
A192__00010.333,8.211643543954043,40.66767481,A192,_,00010,333
A192__00950.333,8.352968709999999,40.506734275,A192,_,00950,333
A192__00940.333,8.361831450998679,40.510241205,A192,_,00940,333
A192__00930.333,8.34309343351121,40.519032055,A192,_,00930,333
A192__00900.333,8.371356475576889,40.53638714,A192,_,00900,333
A192__00890.333,8.354687812366144,40.533158455,A192,_,00890,333
A192__00860.333,8.35778129123036,40.539096515,A192,_,00860,333
A192__00840.333,8.332579429588959,40.53992208,A192,_,00840,333
A192__00810.333,8.374797597115421,40.54771798,A192,_,00810,333
A192__00800.333,8.344879272725347,40.54715006,A192,_,00800,333
A192__00780.333,8.334031459282649,40.54486201,A192,_,00780,333
A192__00750.333,8.369613945388998,40.55261137,A192,_,00750,333
A192__00720.333,8.344019933231092,40.554901415,A192,_,00720,333
A192__00690.333,8.372084834757649,40.57225697,A192,_,00690,333
A192__00650.333,8.300326358758172,40.572294495,A192,_,00650,333
A192__00630.333,8.334586795569173,40.57312417,A192,_,00630,333
A192__00590.333,8.3885120802579,40.579976645,A192,_,00590,333
A192__00570.333,8.346529157599448,40.590175885,A192,_,00570,333
A192__00520.333,8.331166043500874,40.59324753,A192,_,00520,333
A192__00510.333,8.314258147734106,40.59134246,A192,_,00510,333
A192__00490.333,8.252040051552502,40.592423325,A192,_,00490,333
A192__00480.333,8.222986510563889,40.592629880000004,A192,_,00480,333
A192__00450.333,8.169172085220097,40.59027925,A192,_,00450,333
A192__00410.333,8.334652547878244,40.60096807,A192,_,00410,333
A192__00400.333,8.328981142085393,40.606148794999996,A192,_,00400,333
A192__00360.333,8.296091387518096,40.607014109999994,A192,_,00360,333
A192__00350.333,8.263440488861077,40.600790114999995,A192,_,00350,333
A192__00340.333,8.270314980510754,40.61049992,A192,_,00340,333
A192__00300.333,8.382916257652404,40.60901354,A192,_,00300,333
A192__00290.333,8.387490527572371,40.616086710000005,A192,_,00290,333
A192__00270.333,8.324493689914988,40.62109574,A192,_,00270,333
A192__00190.333,8.196469260071622,40.622757074999996,A192,_,00190,333
A192__00170.333,8.3172693558572,40.63714065,A192,_,00170,333
A192__00160.333,8.268011736960922,40.638269015,A192,_,00160,333
A192__00150.333,8.234307755979746,40.64441789,A192,_,00150,333
A192__00090.333,8.208601342898547,40.64272212,A192,_,00090,333
A192__00050.333,8.282917960148652,40.66702069,A192,_,00050,333
A192__00040.333,8.256441612382432,40.648049575,A192,_,00040,333
A192__00030.333,8.237221772280979,40.65619227,A192,_,00030,333
A192__00020.333,8.22155469380407,40.654413090000006,A192,_,00020,333
A192__00010.334,8.212243840229519,40.66770357,A192,_,00010,334
A192__00950.334,8.352989904989048,40.50664655,A192,_,00950,334
A192__00930.334,8.340224944776974,40.523672255,A192,_,00930,334
A192__00890.334,8.345810349045204,40.52956465,A192,_,00890,334
A192__00880.334,8.351213374184331,40.522611585,A192,_,00880,334
A192__00860.334,8.357672465995131,40.538511585,A192,_,00860,334
A192__00840.334,8.332400044882217,40.539612274999996,A192,_,00840,334
A192__00810.334,8.374795893655332,40.547260865,A192,_,00810,334
A192__00800.334,8.344995894363018,40.547287335,A192,_,00800,334
A192__00780.334,8.333769566916704,40.54587429,A192,_,00780,334
A192__00750.334,8.369829132418854,40.552525035,A192,_,00750,334
A192__00740.334,8.355846037784296,40.553917165,A192,_,00740,334
A192__00720.334,8.336569938041002,40.555520425,A192,_,00720,334
A192__00690.334,8.371055566080853,40.572210514999995,A192,_,00690,334
A192__00650.334,8.318144833067208,40.565696790000004,A192,_,00650,334
A192__00630.334,8.334036072995715,40.57401462,A192,_,00630,334
A192__00620.334,8.331880742519562,40.57852029,A192,_,00620,334
A192__00590.334,8.387242344318903,40.583016975,A192,_,00590,334
A192__00580.334,8.371995662262258,40.583497980000004,A192,_,00580,334
A192__00570.334,8.347167193036121,40.590804425,A192,_,00570,334
A192__00550.334,8.323067398964728,40.582286665,A192,_,00550,334
A192__00520.334,8.328752209554409,40.590738365,A192,_,00520,334
A192__00510.334,8.312652802391277,40.59170591,A192,_,00510,334
A192__00490.334,8.250608901852434,40.591886105,A192,_,00490,334
A192__00480.334,8.223089065170072,40.592813590000006,A192,_,00480,334
A192__00450.334,8.169163682184802,40.590792475,A192,_,00450,334
A192__00410.334,8.335089130516149,40.600889394999996,A192,_,00410,334
A192__00360.334,8.295688790045052,40.60724379,A192,_,00360,334
A192__00350.334,8.266992837578545,40.602789995,A192,_,00350,334
A192__00340.334,8.26549368373189,40.614520385,A192,_,00340,334
A192__00300.334,8.3829402469222,40.6091296,A192,_,00300,334
A192__00290.334,8.382998047686094,40.615194599999995,A192,_,00290,334
A192__00270.334,8.325059576669965,40.620953725,A192,_,00270,334
A192__00190.334,8.196965823596017,40.622464934999996,A192,_,00190,334
A192__00160.334,8.269045262308786,40.637751675000004,A192,_,00160,334
A192__00150.334,8.234684154882974,40.644026685,A192,_,00150,334
A192__00030.334,8.23876924282288,40.656280304999996,A192,_,00030,334
A192__0071.3344,8.318367233200718,40.557172550000004,A192,_,0071,3344
A192__00010.335,8.211085725868127,40.66325619,A192,_,00010,335
A192__00940.335,8.36174622848826,40.510078705,A192,_,00940,335
A192__00890.335,8.3458787458536,40.529404265,A192,_,00890,335
A192__00880.335,8.351621721201152,40.522126755,A192,_,00880,335
A192__00870.335,8.334821671475618,40.52523943,A192,_,00870,335
A192__00860.335,8.357177022016577,40.538814939999995,A192,_,00860,335
A192__00840.335,8.329694706762112,40.538644815,A192,_,00840,335
A192__00780.335,8.334062028900135,40.545430280000005,A192,_,00780,335
A192__0077.335,8.328738350853765,40.550970344999996,A192,_,0077,335
A192__00740.335,8.361975688017182,40.56189758,A192,_,00740,335
A192__0071.335,8.316329982052437,40.555437695,A192,_,0071,335
A192__00690.335,8.371179775343487,40.571090835,A192,_,00690,335
A192__00670.335,8.342986972283674,40.567158935,A192,_,00670,335
A192__0064.335,8.318369512208463,40.563092765,A192,_,0064,335
A192__00590.335,8.387483294206039,40.582019505000005,A192,_,00590,335
A192__00580.335,8.37138714255051,40.583746215,A192,_,00580,335
A192__00550.335,8.323806756500183,40.582683635,A192,_,00550,335
A192__00530.335,8.335815724553624,40.591542565,A192,_,00530,335
A192__00520.335,8.328629180604453,40.590844555000004,A192,_,00520,335
A192__00510.335,8.313112880415357,40.59148838,A192,_,00510,335
A192__00490.335,8.248630805051405,40.591019835,A192,_,00490,335
A192__00480.335,8.223202060112985,40.592797880000006,A192,_,00480,335
A192__00450.335,8.168812221860467,40.591487220000005,A192,_,00450,335
A192__00420.335,8.348092136599371,40.600069985000005,A192,_,00420,335
A192__00390.335,8.323342998688371,40.60528741,A192,_,00390,335
A192__00350.335,8.267133891826267,40.60245112,A192,_,00350,335
A192__00290.335,8.382155904785861,40.615194599999995,A192,_,00290,335
A192__00260.335,8.295802154780846,40.61853563,A192,_,00260,335
A192__00190.335,8.196901424367208,40.62269681,A192,_,00190,335
A192__00160.335,8.268741381416842,40.637202975,A192,_,00160,335
A192__00150.335,8.231259741442958,40.64460664,A192,_,00150,335
A192__00110.335,8.293486704349252,40.64239982,A192,_,00110,335
A192__00060.335,8.289625716188173,40.66375251,A192,_,00060,335
A192__00050.335,8.271842415653765,40.663532875,A192,_,00050,335
A192__00040.335,8.265226425489557,40.650981735,A192,_,00040,335
A192__00030.335,8.240154682952062,40.65635778,A192,_,00030,335
A192__0071.3353,8.325060247441007,40.556597135,A192,_,0071,3353
A192__0071.3355,8.31805720670268,40.558448185,A192,_,0071,3355
A192__00010.336,8.21079466260654,40.666643275,A192,_,00010,336
A192__00950.336,8.343978528257434,40.514668045,A192,_,00950,336
A192__00940.336,8.361655445071271,40.509808465,A192,_,00940,336
A192__00900.336,8.358551354462136,40.529904265,A192,_,00900,336
A192__00890.336,8.350931364373565,40.52792349,A192,_,00890,336
A192__00880.336,8.352023485200636,40.522385045,A192,_,00880,336
A192__00870.336,8.335589529324182,40.525171979999996,A192,_,00870,336
A192__00860.336,8.351728357340226,40.54180512,A192,_,00860,336
A192__00840.336,8.329836395942845,40.538879985,A192,_,00840,336
A192__00810.336,8.375447050591964,40.54697676,A192,_,00810,336
A192__00800.336,8.349352140368193,40.549783155,A192,_,00800,336
A192__00780.336,8.334359802823183,40.545481835000004,A192,_,00780,336
A192__00740.336,8.361967904396593,40.562356089999994,A192,_,00740,336
A192__0071.336,8.316454133322367,40.55549755,A192,_,0071,336
A192__00690.336,8.382053590493095,40.576400185,A192,_,00690,336
A192__00620.336,8.330462301810071,40.5812248,A192,_,00620,336
A192__0061.336,8.320392394427067,40.574346635,A192,_,0061,336
A192__00580.336,8.37112636721179,40.583640900000006,A192,_,00580,336
A192__00570.336,8.34672642836939,40.588489515,A192,_,00570,336
A192__00550.336,8.3237539882514,40.58249662,A192,_,00550,336
A192__00530.336,8.336020873218093,40.59144071,A192,_,00530,336
A192__00510.336,8.313214802472823,40.59111578,A192,_,00510,336
A192__00490.336,8.249189188817805,40.591696775,A192,_,00490,336
A192__00480.336,8.223361079036225,40.597364745,A192,_,00480,336
A192__00450.336,8.168751577361691,40.591614789999994,A192,_,00450,336
A192__00410.336,8.337346675826229,40.60507125,A192,_,00410,336
A192__00350.336,8.265228934933445,40.599779465,A192,_,00350,336
A192__00340.336,8.263138083672306,40.604583855,A192,_,00340,336
A192__00300.336,8.385681127576303,40.611726669999996,A192,_,00300,336
A192__00290.336,8.38496450012483,40.61322993500001,A192,_,00290,336
A192__00190.336,8.197264794674016,40.622367874999995,A192,_,00190,336
A192__00160.336,8.270077649359383,40.636452184999996,A192,_,00160,336
A192__00150.336,8.230216788724842,40.643071465,A192,_,00150,336
A192__00090.336,8.209919222549523,40.64234336,A192,_,00090,336
A192__00060.336,8.291441094076731,40.663988925,A192,_,00060,336
A192__00050.336,8.284295742582135,40.66123111,A192,_,00050,336
A192__00040.336,8.261006606600093,40.646973845,A192,_,00040,336
A192__00030.336,8.241622966678413,40.65644416,A192,_,00030,336
A192__0071.3361,8.322022915137314,40.550630475000006,A192,_,0071,3361
A192__0071.3363,8.323213750928012,40.552600705,A192,_,0071,3363
A192__0071.3365,8.319596165094381,40.5547725,A192,_,0071,3365
A192__00030.337,8.24269884432624,40.656505595,A192,_,00030,337
A192__00940.337,8.361554543731316,40.509563385,A192,_,00940,337
A192__00890.337,8.349136341243934,40.531627040000004,A192,_,00890,337
A192__00880.337,8.351627537592591,40.52209913,A192,_,00880,337
A192__00860.337,8.351997606729103,40.54197116,A192,_,00860,337
A192__00840.337,8.32883677383547,40.534106910000006,A192,_,00840,337
A192__00810.337,8.374954492751701,40.547666355000004,A192,_,00810,337
A192__00780.337,8.33429681880247,40.546000085,A192,_,00780,337
A192__0077.337,8.328603952397987,40.551294095,A192,_,0077,337
A192__00740.337,8.361590824627271,40.562338280000006,A192,_,00740,337
A192__00690.337,8.382545789676643,40.575447365,A192,_,00690,337
A192__00670.337,8.340383750397288,40.56358245,A192,_,00670,337
A192__0064.337,8.319947756489782,40.56390612,A192,_,0064,337
A192__00620.337,8.329960709325341,40.580680645,A192,_,00620,337
A192__00580.337,8.371683626041886,40.58318499,A192,_,00580,337
A192__00570.337,8.346767721258749,40.589033635,A192,_,00570,337
A192__00550.337,8.323881811131802,40.58279033,A192,_,00550,337
A192__00530.337,8.335931215697725,40.59138506,A192,_,00530,337
A192__00520.337,8.327127407744985,40.59215488,A192,_,00520,337
A192__00510.337,8.313864015051553,40.592619060000004,A192,_,00510,337
A192__00490.337,8.256909476183232,40.591465255,A192,_,00490,337
A192__00480.337,8.222762072164077,40.597419445,A192,_,00480,337
A192__00400.337,8.327748823720682,40.600558684999996,A192,_,00400,337
A192__00340.337,8.262974410147631,40.60477315,A192,_,00340,337
A192__00300.337,8.385341232722784,40.61156956,A192,_,00300,337
A192__00290.337,8.384904813328575,40.613532055,A192,_,00290,337
A192__00170.337,8.314959335221673,40.634643845,A192,_,00170,337
A192__00160.337,8.269987836304512,40.63738883,A192,_,00160,337
A192__00150.337,8.23009583818597,40.64326518,A192,_,00150,337
A192__00120.337,8.304691608465554,40.646741605,A192,_,00120,337
A192__00110.337,8.293236293573305,40.642478065,A192,_,00110,337
A192__00090.337,8.208825063229142,40.64242357,A192,_,00090,337
A192__00080.337,8.322819909050825,40.661547925,A192,_,00080,337
A192__00060.337,8.29020281415454,40.662116690000005,A192,_,00060,337
A192__00050.337,8.276025696129738,40.669154155,A192,_,00050,337
A192__00040.337,8.260862153460774,40.64723744,A192,_,00040,337
A192__0071.3371,8.321659747621506,40.555233675,A192,_,0071,3371
A192__00010.338,8.218076973179084,40.65584775,A192,_,00010,338
A192__00930.338,8.341055871632598,40.519856385,A192,_,00930,338
A192__00900.338,8.358252093893482,40.529717219999995,A192,_,00900,338
A192__00890.338,8.345131383089758,40.529850980000006,A192,_,00890,338
A192__00880.338,8.35145561577735,40.52142744,A192,_,00880,338
A192__00870.338,8.334757769114987,40.524566225,A192,_,00870,338
A192__00860.338,8.355268574564139,40.538361605000006,A192,_,00860,338
A192__00810.338,8.375303897972774,40.546868745,A192,_,00810,338
A192__00800.338,8.34448183690722,40.54663802,A192,_,00800,338
A192__00780.338,8.333663098143482,40.546479649999995,A192,_,00780,338
A192__0077.338,8.328423783953543,40.55107414,A192,_,0077,338
A192__00740.338,8.36160836349251,40.562005335,A192,_,00740,338
A192__00680.338,8.354878696833897,40.564142435,A192,_,00680,338
A192__00670.338,8.338372803377773,40.564873774999995,A192,_,00670,338
A192__00660.338,8.337183536083995,40.567961534999995,A192,_,00660,338
A192__0061.338,8.319801810954871,40.573460749999995,A192,_,0061,338
A192__00590.338,8.388278395861008,40.581197689999996,A192,_,00590,338
A192__00580.338,8.37185732856492,40.58335198,A192,_,00580,338
A192__00570.338,8.346409062086668,40.588579679999995,A192,_,00570,338
A192__00550.338,8.323628051111495,40.58290023,A192,_,00550,338
A192__00520.338,8.326858679928161,40.592016665,A192,_,00520,338
A192__00500.338,8.312685559006121,40.58172819,A192,_,00500,338
A192__00490.338,8.259143743785621,40.591431764999996,A192,_,00490,338
A192__00480.338,8.222665254816459,40.597244405,A192,_,00480,338
A192__00410.338,8.337133918153125,40.604915165,A192,_,00410,338
A192__00390.338,8.323784157356094,40.610161655,A192,_,00390,338
A192__00350.338,8.26946589027974,40.603432659999996,A192,_,00350,338
A192__00340.338,8.267162341154215,40.610605109999995,A192,_,00340,338
A192__00300.338,8.389776954685072,40.61453117,A192,_,00300,338
A192__00290.338,8.385858719840739,40.6136243,A192,_,00290,338
A192__00190.338,8.204121933192052,40.634575905000005,A192,_,00190,338
A192__00160.338,8.270583964652284,40.637675605,A192,_,00160,338
A192__00120.338,8.304698585705093,40.649043205,A192,_,00120,338
A192__00100.338,8.277417185299015,40.657575155,A192,_,00100,338
A192__00090.338,8.21101599390959,40.64201668,A192,_,00090,338
A192__00060.338,8.290180809372345,40.66228948,A192,_,00060,338
A192__00030.338,8.245521274299524,40.655506155,A192,_,00030,338
A192__0071.3385,8.320066410377668,40.558404370000005,A192,_,0071,3385
A192__00010.339,8.217882031300377,40.65566137,A192,_,00010,339
A192__00930.339,8.341339434086795,40.522511225,A192,_,00930,339
A192__00900.339,8.358442841180445,40.52973092,A192,_,00900,339
A192__00890.339,8.345160474105334,40.529920235,A192,_,00890,339
A192__00880.339,8.351071939179594,40.521091334999994,A192,_,00880,339
A192__00860.339,8.354976211796096,40.5379869,A192,_,00860,339
A192__00810.339,8.374132755642435,40.54654302,A192,_,00810,339
A192__00800.339,8.358785464973739,40.541491484999995,A192,_,00800,339
A192__0077.339,8.32883400269873,40.551346315,A192,_,0077,339
A192__0071.339,8.316662921714652,40.5550566,A192,_,0071,339
A192__00690.339,8.37846240084787,40.569667375,A192,_,00690,339
A192__00670.339,8.344249920053677,40.56772302,A192,_,00670,339
A192__0064.339,8.319789238450548,40.56397508,A192,_,0064,339
A192__00620.339,8.331774080576666,40.580074835000005,A192,_,00620,339
A192__00590.339,8.387750869057726,40.581538995,A192,_,00590,339
A192__00560.339,8.32635704191833,40.585310390000004,A192,_,00560,339
A192__00550.339,8.322807532330167,40.581893145,A192,_,00550,339
A192__00530.339,8.334805199554156,40.59187068,A192,_,00530,339
A192__00500.339,8.3153711810942,40.584541805,A192,_,00500,339
A192__00490.339,8.262361838874416,40.591973339999996,A192,_,00490,339
A192__00480.339,8.222598950200297,40.59707573,A192,_,00480,339
A192__00450.339,8.16817166385518,40.593203395,A192,_,00450,339
A192__00410.339,8.332549590792137,40.59980245,A192,_,00410,339
A192__00400.339,8.325848866254955,40.597826735,A192,_,00400,339
A192__00390.339,8.323736352141857,40.61006272,A192,_,00390,339
A192__00350.339,8.270127781262158,40.603435544999996,A192,_,00350,339
A192__00340.339,8.266744747822909,40.611187275000006,A192,_,00340,339
A192__00300.339,8.389609604488584,40.61445586,A192,_,00300,339
A192__00290.339,8.385715389007924,40.613828895,A192,_,00290,339
A192__00260.339,8.294737397429902,40.625207535,A192,_,00260,339
A192__00160.339,8.270821833278646,40.637252315,A192,_,00160,339
A192__00120.339,8.297104211502514,40.649515550000004,A192,_,00120,339
A192__00110.339,8.293592061945906,40.643303735,A192,_,00110,339
A192__00090.339,8.210220575540692,40.641008295,A192,_,00090,339
A192__00080.339,8.320324772146376,40.656430395,A192,_,00080,339
A192__00060.339,8.292289783584415,40.66655297,A192,_,00060,339
A192__00050.339,8.27528657681107,40.665594415,A192,_,00050,339
A192__00040.339,8.24541828916276,40.662903625,A192,_,00040,339
A192__00030.339,8.245707322840456,40.653572635,A192,_,00030,339
A192__00010.34,8.207886861361743,40.668633755,A192,_,00010,34
A192__00960.34,8.362389696632363,40.52252585,A192,_,00960,34
A192__00950.34,8.343886298934947,40.504581665,A192,_,00950,34
A192__00940.34,8.355454284086356,40.517896885,A192,_,00940,34
A192__00930.34,8.33902574211795,40.521646245,A192,_,00930,34
A192__00920.34,8.38516399521205,40.51806062,A192,_,00920,34
A192__00870.34,8.338240115311248,40.525299555000004,A192,_,00870,34
A192__00790.34,8.3459648523392,40.542408755,A192,_,00790,34
A192__00780.34,8.324559852425951,40.545569985,A192,_,00780,34
A192__00750.34,8.39716843450304,40.550916505000004,A192,_,00750,34
A192__00740.34,8.362059636065553,40.558006945,A192,_,00740,34
A192__00720.34,8.339680229114315,40.55731375,A192,_,00720,34
A192__00690.34,8.375504661087211,40.56309521,A192,_,00690,34
A192__00660.34,8.329163394793106,40.564569745,A192,_,00660,34
A192__0065.34,8.319316390183811,40.561073910000005,A192,_,0065,34
A192__00640.34,8.32819900070993,40.568442815,A192,_,00640,34
A192__00610.34,8.32188251799596,40.57476365,A192,_,00610,34
A192__00600.34,8.351795575569765,40.580002255,A192,_,00600,34
A192__00580.34,8.361202010520461,40.580856165,A192,_,00580,34
A192__00550.34,8.324808217266499,40.587321025,A192,_,00550,34
A192__00540.34,8.344977919723396,40.593392555,A192,_,00540,34
A192__00530.34,8.338106182980999,40.594529705,A192,_,00530,34
A192__00510.34,8.316895126280595,40.587161045,A192,_,00510,34
A192__00490.34,8.245662651633612,40.577254455,A192,_,00490,34
A192__00480.34,8.243390876609663,40.57152129,A192,_,00480,34
A192__00470.34,8.219176846419494,40.590655155,A192,_,00470,34
A192__00460.34,8.16417309041466,40.564119805000004,A192,_,00460,34
A192__00450.34,8.168629295836702,40.586764425,A192,_,00450,34
A192__00430.34,8.368887170967248,40.59648441,A192,_,00430,34
A192__00420.34,8.350863018979961,40.60283636,A192,_,00420,34
A192__00330.34,8.241757982011272,40.59506793,A192,_,00330,34
A192__00320.34,8.212725428271334,40.612411914999996,A192,_,00320,34
A192__00310.34,8.365086972045091,40.613951015,A192,_,00310,34
A192__00300.34,8.389267471040466,40.61445997,A192,_,00300,34
A192__00290.34,8.39189585011759,40.61658473,A192,_,00290,34
A192__00240.34,8.208939356770774,40.621594255,A192,_,00240,34
A192__00220.34,8.14419811270305,40.613393585,A192,_,00220,34
A192__00190.34,8.20975687203978,40.615067205,A192,_,00190,34
A192__00160.34,8.271606988421642,40.635088545,A192,_,00160,34
A192__00150.34,8.220846711271317,40.64220973,A192,_,00150,34
A192__00120.34,8.303472697737451,40.645084804999996,A192,_,00120,34
A192__00070.34,8.325854009638487,40.65947898,A192,_,00070,34
A192__00050.34,8.261750211268172,40.657817914999995,A192,_,00050,34
A192__00030.34,8.226070403280584,40.653296815,A192,_,00030,34
A192__00020.34,8.192788663250541,40.653679679999996,A192,_,00020,34
A192__00010.340,8.218169414937057,40.655648514999996,A192,_,00010,340
A192__00900.340,8.35871301406449,40.52964308,A192,_,00900,340
A192__00880.340,8.350735731020071,40.521400915,A192,_,00880,340
A192__00870.340,8.341415713859178,40.527545365,A192,_,00870,340
A192__00860.340,8.352064474084196,40.538521945,A192,_,00860,340
A192__00840.340,8.332280294012625,40.53655287,A192,_,00840,340
A192__00810.340,8.374561765118543,40.54729327,A192,_,00810,340
A192__00780.340,8.33371620149287,40.547447775,A192,_,00780,340
A192__0077.340,8.328514270979637,40.550928490000004,A192,_,0077,340
A192__00750.340,8.368597303208489,40.55233296,A192,_,00750,340
A192__00740.340,8.358706768724863,40.564577185000005,A192,_,00740,340
A192__00720.340,8.33909104114119,40.55951582,A192,_,00720,340
A192__0071.340,8.315905037489188,40.554955594999996,A192,_,0071,340
A192__00690.340,8.361922016206798,40.5657047,A192,_,00690,340
A192__00670.340,8.338944407775578,40.56525746,A192,_,00670,340
A192__00630.340,8.334276488054048,40.57282766,A192,_,00630,340
A192__00620.340,8.332826053171626,40.57867177,A192,_,00620,340
A192__0061.340,8.319626163133236,40.57461139,A192,_,0061,340
A192__00590.340,8.387308595766413,40.581320614999996,A192,_,00590,340
A192__00580.340,8.37143418481779,40.582968640000004,A192,_,00580,340
A192__00570.340,8.346833273973319,40.590187285,A192,_,00570,340
A192__00560.340,8.3262624481812,40.5850127,A192,_,00560,340
A192__00550.340,8.322945392607913,40.582811019999994,A192,_,00550,340
A192__00530.340,8.334221838006354,40.588288915,A192,_,00530,340
A192__00500.340,8.314028085600967,40.5850897,A192,_,00500,340
A192__00490.340,8.26149494451888,40.59182822,A192,_,00490,340
A192__00480.340,8.244228921443643,40.59142422,A192,_,00480,340
A192__00450.340,8.168801579067102,40.591553114999996,A192,_,00450,340
A192__00410.340,8.333286393171964,40.59940142,A192,_,00410,340
A192__00350.340,8.26946539520833,40.604091635,A192,_,00350,340
A192__00340.340,8.242579719257257,40.611792585,A192,_,00340,340
A192__00290.340,8.379734504683022,40.61745184,A192,_,00290,340
A192__00260.340,8.294736885459447,40.624568485,A192,_,00260,340
A192__00170.340,8.311836828410803,40.626516405000004,A192,_,00170,340
A192__00160.340,8.27086602856139,40.63702351,A192,_,00160,340
A192__00150.340,8.232641745581212,40.63702001,A192,_,00150,340
A192__00120.340,8.303048812412175,40.64916821,A192,_,00120,340
A192__00090.340,8.20968153206351,40.641027539999996,A192,_,00090,340
A192__00080.340,8.320757296411053,40.656203825,A192,_,00080,340
A192__00030.340,8.245868782996922,40.651938125,A192,_,00030,340
A192__00010.341,8.217972602913644,40.655457685,A192,_,00010,341
A192__00950.341,8.34463793672089,40.51412857,A192,_,00950,341
A192__00940.341,8.361889616671998,40.51066054,A192,_,00940,341
A192__00930.341,8.340353267689618,40.520163095,A192,_,00930,341
A192__00900.341,8.357873054510673,40.529778335,A192,_,00900,341
A192__00880.341,8.350690783731707,40.52138718,A192,_,00880,341
A192__00810.341,8.376140831843411,40.546983165,A192,_,00810,341
A192__00780.341,8.334729762409975,40.54657435,A192,_,00780,341
A192__0077.341,8.32892199976397,40.55119443,A192,_,0077,341
A192__00750.341,8.384169462173151,40.553601425,A192,_,00750,341
A192__00740.341,8.356147826323301,40.552053224999995,A192,_,00740,341
A192__00720.341,8.338973557312013,40.559814015,A192,_,00720,341
A192__0071.341,8.31598901204055,40.554759884999996,A192,_,0071,341
A192__00690.341,8.361897662166012,40.56583463,A192,_,00690,341
A192__00650.341,8.31434006852546,40.56494679,A192,_,00650,341
A192__00630.341,8.33278886426567,40.57370049,A192,_,00630,341
A192__00620.341,8.333019665916904,40.57861851,A192,_,00620,341
A192__0061.341,8.319768287489437,40.57471039,A192,_,0061,341
A192__00590.341,8.387163567938957,40.581764585,A192,_,00590,341
A192__00570.341,8.346686922348322,40.590579704999996,A192,_,00570,341
A192__00560.341,8.325460123257171,40.585716405,A192,_,00560,341
A192__00550.341,8.323020664876738,40.582765455,A192,_,00550,341
A192__00530.341,8.334024750733718,40.588263685,A192,_,00530,341
A192__00520.341,8.326563151363082,40.5964874,A192,_,00520,341
A192__00500.341,8.314596900828269,40.58315383,A192,_,00500,341
A192__00490.341,8.261686550743612,40.591859944999996,A192,_,00490,341
A192__00480.341,8.243919573561316,40.590487445,A192,_,00480,341
A192__00450.341,8.14802443826009,40.596621535,A192,_,00450,341
A192__00420.341,8.34488725711567,40.59895681,A192,_,00420,341
A192__00400.341,8.328688863897629,40.59921508,A192,_,00400,341
A192__00390.341,8.32138553891282,40.60117957,A192,_,00390,341
A192__00350.341,8.26954780479997,40.604937555,A192,_,00350,341
A192__00340.341,8.243845095450444,40.61174197,A192,_,00340,341
A192__00170.341,8.312100397480242,40.624983605,A192,_,00170,341
A192__00150.341,8.23233420094963,40.637247485,A192,_,00150,341
A192__00120.341,8.303042304656902,40.64834842,A192,_,00120,341
A192__00080.341,8.3249645789595,40.65976522,A192,_,00080,341
A192__00050.341,8.268348025176973,40.65850241,A192,_,00050,341
A192__00030.341,8.224206250414014,40.647914705000005,A192,_,00030,341
A192__0071.3411,8.321475062991617,40.55076512,A192,_,0071,3411
A192__0071.3413,8.316130568175485,40.557471199999995,A192,_,0071,3413
A192__00010.342,8.229128186869474,40.662593895,A192,_,00010,342
A192__00950.342,8.359778527545554,40.503872935,A192,_,00950,342
A192__00940.342,8.361986277960213,40.51086211,A192,_,00940,342
A192__00930.342,8.334835408639,40.519952905,A192,_,00930,342
A192__00900.342,8.358407431338122,40.529368495,A192,_,00900,342
A192__00880.342,8.345657353998135,40.52544419,A192,_,00880,342
A192__00870.342,8.339520899667395,40.529156635,A192,_,00870,342
A192__00810.342,8.376023389561988,40.5474606,A192,_,00810,342
A192__00780.342,8.3347155880649,40.54723871,A192,_,00780,342
A192__0077.342,8.329148025385809,40.551215965,A192,_,0077,342
A192__00750.342,8.379364207091587,40.554486335,A192,_,00750,342
A192__00740.342,8.356290379042397,40.552052095,A192,_,00740,342
A192__0071.342,8.316052983117075,40.55441975,A192,_,0071,342
A192__00690.342,8.35896014472183,40.573047110000005,A192,_,00690,342
A192__0064.342,8.320420525517072,40.563418465,A192,_,0064,342
A192__00630.342,8.333133044389175,40.573942970000004,A192,_,00630,342
A192__00620.342,8.329613485648977,40.576120685,A192,_,00620,342
A192__0061.342,8.3190154736693,40.573164545,A192,_,0061,342
A192__00590.342,8.387928790458812,40.581205335,A192,_,00590,342
A192__00580.342,8.372160983130005,40.583734225,A192,_,00580,342
A192__00570.342,8.347108828766764,40.589555435,A192,_,00570,342
A192__00560.342,8.325387297682633,40.585425565,A192,_,00560,342
A192__00550.342,8.32309487917686,40.582698445000005,A192,_,00550,342
A192__00530.342,8.334415039513075,40.59152489,A192,_,00530,342
A192__00520.342,8.32632097949426,40.59651745,A192,_,00520,342
A192__00510.342,8.315913957851699,40.596686070000004,A192,_,00510,342
A192__00490.342,8.263489007383836,40.592164515,A192,_,00490,342
A192__00480.342,8.242608946440875,40.59073702,A192,_,00480,342
A192__00450.342,8.169216959477556,40.58333117,A192,_,00450,342
A192__00410.342,8.332779939329338,40.59800665,A192,_,00410,342
A192__00360.342,8.3031868984977,40.612707924999995,A192,_,00360,342
A192__00340.342,8.245803039614543,40.611629074999996,A192,_,00340,342
A192__00290.342,8.383680741761292,40.6127393,A192,_,00290,342
A192__00250.342,8.280740519648038,40.627885605,A192,_,00250,342
A192__00170.342,8.311832940500842,40.625110815,A192,_,00170,342
A192__00150.342,8.239890833359516,40.64286318,A192,_,00150,342
A192__00110.342,8.2931349752729,40.643373295,A192,_,00110,342
A192__00100.342,8.276882452384129,40.65875565,A192,_,00100,342
A192__00090.342,8.208926677713782,40.641082624999996,A192,_,00090,342
A192__00050.342,8.271808024613264,40.67287005,A192,_,00050,342
A192__00030.342,8.224416344856639,40.64598966,A192,_,00030,342
A192__0071.3424,8.316565177193608,40.556856229999994,A192,_,0071,3424
A192__00010.343,8.228792492490626,40.655877325,A192,_,00010,343
A192__00930.343,8.332818223995933,40.52070524,A192,_,00930,343
A192__00900.343,8.357733776010374,40.52954622,A192,_,00900,343
A192__00890.343,8.351737568385179,40.531704590000004,A192,_,00890,343
A192__00880.343,8.346025575740574,40.52571441,A192,_,00880,343
A192__00750.343,8.371743854047324,40.550500365,A192,_,00750,343
A192__00740.343,8.356228700332885,40.552254809999994,A192,_,00740,343
A192__00720.343,8.339512251557455,40.559995995,A192,_,00720,343
A192__0071.343,8.316153801904292,40.5542504,A192,_,0071,343
A192__00690.343,8.359273128778602,40.573227385,A192,_,00690,343
A192__0064.343,8.320688925258207,40.563360849999995,A192,_,0064,343
A192__00630.343,8.33395200532065,40.573563844999995,A192,_,00630,343
A192__00620.343,8.32443513271388,40.57004395,A192,_,00620,343
A192__00590.343,8.387810194262352,40.58142934,A192,_,00590,343
A192__00580.343,8.372221488453576,40.583041165,A192,_,00580,343
A192__00550.343,8.317741272156667,40.583376345,A192,_,00550,343
A192__00520.343,8.32915152774187,40.59031544,A192,_,00520,343
A192__00490.343,8.264880562212687,40.592401550000005,A192,_,00490,343
A192__00480.343,8.242877705282297,40.591552125,A192,_,00480,343
A192__00450.343,8.169021978035271,40.58373349,A192,_,00450,343
A192__00420.343,8.34494399029691,40.60117064,A192,_,00420,343
A192__00410.343,8.332981131692794,40.59806121,A192,_,00410,343
A192__00360.343,8.30458641893312,40.612583355,A192,_,00360,343
A192__00350.343,8.268696047292302,40.60465791,A192,_,00350,343
A192__00340.343,8.246748397244914,40.61072905,A192,_,00340,343
A192__00300.343,8.38753713240444,40.613318995,A192,_,00300,343
A192__00290.343,8.383889027323118,40.61312812,A192,_,00290,343
A192__00260.343,8.291905538920137,40.62455989,A192,_,00260,343
A192__00250.343,8.282504655069367,40.611748845,A192,_,00250,343
A192__00170.343,8.311981077947145,40.625264385,A192,_,00170,343
A192__00160.343,8.271299507192936,40.63726683,A192,_,00160,343
A192__00150.343,8.240041032697011,40.642678105,A192,_,00150,343
A192__00110.343,8.293650398947102,40.6434222,A192,_,00110,343
A192__00090.343,8.209499414891514,40.641135865,A192,_,00090,343
A192__00080.343,8.323966811424889,40.66190486,A192,_,00080,343
A192__00050.343,8.274491145547557,40.67284569,A192,_,00050,343
A192__00030.343,8.232188221624185,40.64943356,A192,_,00030,343
A192__00010.344,8.229164978125311,40.655875984999994,A192,_,00010,344
A192__00950.344,8.353716767266896,40.514568095,A192,_,00950,344
A192__00940.344,8.361932623814408,40.50981654,A192,_,00940,344
A192__00930.344,8.339206503889606,40.5185691,A192,_,00930,344
A192__00900.344,8.35822052135919,40.52922314,A192,_,00900,344
A192__00890.344,8.349496230188617,40.537195659999995,A192,_,00890,344
A192__00880.344,8.346027008993136,40.52594818,A192,_,00880,344
A192__00870.344,8.335117271130407,40.5300098,A192,_,00870,344
A192__00840.344,8.330421467809547,40.54023402,A192,_,00840,344
A192__00810.344,8.374793791566097,40.54598673,A192,_,00810,344
A192__00750.344,8.372046987946984,40.55090414,A192,_,00750,344
A192__00740.344,8.356134943263292,40.552347315,A192,_,00740,344
A192__00730.344,8.34458384111496,40.556135784999995,A192,_,00730,344
A192__00720.344,8.339412811320543,40.55964822,A192,_,00720,344
A192__0071.344,8.316263013443361,40.554138115,A192,_,0071,344
A192__00690.344,8.37303221563354,40.570257665,A192,_,00690,344
A192__00670.344,8.340702641948472,40.565286755,A192,_,00670,344
A192__00660.344,8.33591175538396,40.564435365,A192,_,00660,344
A192__00630.344,8.33407582365823,40.573319005,A192,_,00630,344
A192__00620.344,8.332411217100624,40.57782975,A192,_,00620,344
A192__00590.344,8.3885006714264,40.582641769999995,A192,_,00590,344
A192__00570.344,8.346961303045635,40.58800919,A192,_,00570,344
A192__00560.344,8.323172978780569,40.576896395,A192,_,00560,344
A192__00530.344,8.334342026826334,40.591644185,A192,_,00530,344
A192__00520.344,8.329381193330605,40.590332995,A192,_,00520,344
A192__00510.344,8.315220616187002,40.591012065,A192,_,00510,344
A192__00490.344,8.26567639765334,40.592538745,A192,_,00490,344
A192__00480.344,8.233710263340406,40.591995,A192,_,00480,344
A192__00450.344,8.170135308617239,40.580533205,A192,_,00450,344
A192__00420.344,8.344758267578413,40.60093877,A192,_,00420,344
A192__00410.344,8.337340209481676,40.604645655,A192,_,00410,344
A192__00390.344,8.321335057212535,40.60071652,A192,_,00390,344
A192__00360.344,8.302709572884307,40.610496705,A192,_,00360,344
A192__00350.344,8.26857093448233,40.604550329999995,A192,_,00350,344
A192__00340.344,8.266765332351898,40.61945315,A192,_,00340,344
A192__00300.344,8.386487040439741,40.612776705,A192,_,00300,344
A192__00250.344,8.283065518742923,40.611748845,A192,_,00250,344
A192__00160.344,8.271427014296794,40.637029264999995,A192,_,00160,344
A192__00150.344,8.239834928322225,40.642566715,A192,_,00150,344
A192__00100.344,8.27667027758738,40.659136860000004,A192,_,00100,344
A192__00090.344,8.213808603723386,40.647611955,A192,_,00090,344
A192__00050.344,8.27543454956599,40.672827635000004,A192,_,00050,344
A192__00010.345,8.233515989516995,40.660706434999994,A192,_,00010,345
A192__00930.345,8.339178310719532,40.51849524,A192,_,00930,345
A192__00900.345,8.357595050813337,40.529340875,A192,_,00900,345
A192__00890.345,8.348857382769426,40.536340960000004,A192,_,00890,345
A192__00880.345,8.346158133059804,40.52616764,A192,_,00880,345
A192__00870.345,8.341377030724523,40.527643135,A192,_,00870,345
A192__00840.345,8.332675585042185,40.53643398,A192,_,00840,345
A192__00780.345,8.335037166168346,40.54613938,A192,_,00780,345
A192__00750.345,8.372049252167123,40.550799615,A192,_,00750,345
A192__00740.345,8.361781517751556,40.552275795,A192,_,00740,345
A192__00730.345,8.34451035391417,40.556083965,A192,_,00730,345
A192__00720.345,8.340220938308791,40.561014639999996,A192,_,00720,345
A192__0071.345,8.316725697639011,40.554700135000004,A192,_,0071,345
A192__00690.345,8.373720597219084,40.57059442,A192,_,00690,345
A192__0064.345,8.322237314267305,40.562767635,A192,_,0064,345
A192__00630.345,8.334346587509973,40.57335742,A192,_,00630,345
A192__00620.345,8.33196546501388,40.57934369,A192,_,00620,345
A192__00590.345,8.388557660281945,40.582213659999994,A192,_,00590,345
A192__00580.345,8.366144856616472,40.58849262,A192,_,00580,345
A192__00570.345,8.347006721324092,40.5882978,A192,_,00570,345
A192__00560.345,8.322696360854197,40.579530805,A192,_,00560,345
A192__00520.345,8.327813117365821,40.59332372,A192,_,00520,345
A192__00510.345,8.316195829625519,40.591318685000005,A192,_,00510,345
A192__00500.345,8.315008864219122,40.582110055,A192,_,00500,345
A192__00490.345,8.260634752165299,40.59167953,A192,_,00490,345
A192__00480.345,8.234195318344153,40.59163974,A192,_,00480,345
A192__00410.345,8.337228602128125,40.604380005,A192,_,00410,345
A192__00400.345,8.326260573783841,40.597600639999996,A192,_,00400,345
A192__00350.345,8.268253236147242,40.605085485000004,A192,_,00350,345
A192__00340.345,8.267025616539414,40.620576889999995,A192,_,00340,345
A192__00300.345,8.385179103766038,40.60849237,A192,_,00300,345
A192__00260.345,8.312978327451228,40.62036777,A192,_,00260,345
A192__00250.345,8.283948546511663,40.61045172,A192,_,00250,345
A192__00190.345,8.201071697271413,40.6378433,A192,_,00190,345
A192__00160.345,8.27101384529833,40.637248740000004,A192,_,00160,345
A192__00150.345,8.240213826450423,40.64232473,A192,_,00150,345
A192__00090.345,8.213601022689458,40.647532345,A192,_,00090,345
A192__00080.345,8.324087037776174,40.661857455,A192,_,00080,345
A192__00050.345,8.276113230272063,40.6728105,A192,_,00050,345
A192__00040.345,8.263339396199788,40.649474514999994,A192,_,00040,345
A192__0071.3459,8.32512299560018,40.5549106,A192,_,0071,3459
A192__00010.346,8.23394369137495,40.66106434,A192,_,00010,346
A192__00970.346,8.314135872532077,40.556834095,A192,_,00970,346
A192__00940.346,8.361798962779183,40.510550245,A192,_,00940,346
A192__00930.346,8.339147488832904,40.518384104999996,A192,_,00930,346
A192__00900.346,8.358020690174968,40.529071675,A192,_,00900,346
A192__00890.346,8.348984623329464,40.536422475,A192,_,00890,346
A192__00880.346,8.350387637587868,40.522837055,A192,_,00880,346
A192__00870.346,8.341352507771077,40.52748049,A192,_,00870,346
A192__00840.346,8.332969979076129,40.536352715,A192,_,00840,346
A192__00810.346,8.375091470663163,40.546578185,A192,_,00810,346
A192__00780.346,8.334175362641227,40.545514315000005,A192,_,00780,346
A192__00740.346,8.36195287882078,40.55196216,A192,_,00740,346
A192__00730.346,8.349607028132809,40.554589495,A192,_,00730,346
A192__00720.346,8.340179245673706,40.56110446,A192,_,00720,346
A192__0071.346,8.316733235019544,40.554408475,A192,_,0071,346
A192__00690.346,8.374101585068903,40.570363945,A192,_,00690,346
A192__00670.346,8.343081701511421,40.568656555000004,A192,_,00670,346
A192__00660.346,8.33578362474482,40.564334,A192,_,00660,346
A192__0064.346,8.319672042773696,40.562477865000005,A192,_,0064,346
A192__0061.346,8.319999312668186,40.57417203,A192,_,0061,346
A192__00590.346,8.38854022130245,40.581512024999995,A192,_,00590,346
A192__00580.346,8.364196171118813,40.588348785,A192,_,00580,346
A192__00570.346,8.346924734610205,40.587699275000006,A192,_,00570,346
A192__00560.346,8.322238337538788,40.579706895,A192,_,00560,346
A192__00520.346,8.327965509180952,40.59329844,A192,_,00520,346
A192__00510.346,8.318273721981132,40.59647476,A192,_,00510,346
A192__0049.346,8.282522931415969,40.592640705,A192,_,0049,346
A192__00410.346,8.337490138015967,40.60434586,A192,_,00410,346
A192__00400.346,8.331373338270447,40.606497575,A192,_,00400,346
A192__00360.346,8.297325454881063,40.60773243,A192,_,00360,346
A192__00350.346,8.268287724571014,40.60528515,A192,_,00350,346
A192__00340.346,8.268277287446086,40.616240309999995,A192,_,00340,346
A192__00300.346,8.381557846949285,40.609875275,A192,_,00300,346
A192__00250.346,8.284602644111398,40.609544459999995,A192,_,00250,346
A192__00150.346,8.244229419821044,40.642088924999996,A192,_,00150,346
A192__00090.346,8.21348531936825,40.647684765,A192,_,00090,346
A192__00050.346,8.276748241663825,40.67283136,A192,_,00050,346
A192__00040.346,8.24961843708454,40.658771025,A192,_,00040,346
A192__00010.347,8.234436569798547,40.661101075000005,A192,_,00010,347
A192__00970.347,8.314116511914584,40.55688245,A192,_,00970,347
A192__00940.347,8.361271389205786,40.50945,A192,_,00940,347
A192__00890.347,8.348814473046392,40.53687977,A192,_,00890,347
A192__00880.347,8.350522052910168,40.52283376,A192,_,00880,347
A192__00840.347,8.333103302079767,40.536458185,A192,_,00840,347
A192__00810.347,8.374436385156866,40.546526439999994,A192,_,00810,347
A192__0077.347,8.328650412985635,40.555598765,A192,_,0077,347
A192__00750.347,8.371741941101044,40.55090417,A192,_,00750,347
A192__0071.347,8.317249033726021,40.55425913,A192,_,0071,347
A192__00690.347,8.359561622776548,40.57249197,A192,_,00690,347
A192__00670.347,8.343177496628183,40.56809047,A192,_,00670,347
A192__00660.347,8.335620022401304,40.564298775,A192,_,00660,347
A192__0064.347,8.319576382434494,40.562345695000005,A192,_,0064,347
A192__00630.347,8.33774214472788,40.57236818,A192,_,00630,347
A192__00620.347,8.330540210176215,40.57743507,A192,_,00620,347
A192__00590.347,8.388489045807184,40.581135655,A192,_,00590,347
A192__00580.347,8.364321060516385,40.58819361,A192,_,00580,347
A192__00570.347,8.346905470093454,40.587304785,A192,_,00570,347
A192__00560.347,8.32303136048002,40.57971044,A192,_,00560,347
A192__00520.347,8.327869672495861,40.593176135,A192,_,00520,347
A192__00510.347,8.31638763217176,40.591105445,A192,_,00510,347
A192__0049.347,8.28378969316449,40.592586025,A192,_,0049,347
A192__00480.347,8.235698551059027,40.59054287,A192,_,00480,347
A192__00420.347,8.3450945794349,40.60067510499999,A192,_,00420,347
A192__00410.347,8.337675865935006,40.605238385,A192,_,00410,347
A192__00400.347,8.331018061624677,40.60595494499999,A192,_,00400,347
A192__00350.347,8.268493178828631,40.605087929999996,A192,_,00350,347
A192__00340.347,8.268144931218215,40.616470065,A192,_,00340,347
A192__00300.347,8.388259600939655,40.613197815,A192,_,00300,347
A192__00260.347,8.296029772353354,40.628110575,A192,_,00260,347
A192__00250.347,8.282194400701977,40.608850079999996,A192,_,00250,347
A192__00170.347,8.319962949455174,40.63067586,A192,_,00170,347
A192__00080.347,8.319553476921957,40.653322939999995,A192,_,00080,347
A192__00050.347,8.281405727115178,40.66597374,A192,_,00050,347
A192__00040.347,8.249700848018492,40.65723132,A192,_,00040,347
A192__00010.348,8.233877180358089,40.65825949,A192,_,00010,348
A192__00970.348,8.314228135786184,40.55691983,A192,_,00970,348
A192__00950.348,8.359434185024071,40.503513935,A192,_,00950,348
A192__00940.348,8.360984140892212,40.511173145,A192,_,00940,348
A192__00870.348,8.337566595940705,40.53454842,A192,_,00870,348
A192__00840.348,8.333016270609615,40.536233415,A192,_,00840,348
A192__00810.348,8.375011968068456,40.546653725,A192,_,00810,348
A192__0077.348,8.32721158796264,40.554259865,A192,_,0077,348
A192__00750.348,8.36888080652106,40.55458863,A192,_,00750,348
A192__00730.348,8.346859703068015,40.553183735,A192,_,00730,348
A192__00720.348,8.340175943613442,40.559965695,A192,_,00720,348
A192__0071.348,8.317361723319664,40.554112290000006,A192,_,0071,348
A192__00690.348,8.359731837510306,40.572303520000006,A192,_,00690,348
A192__0064.348,8.31950247738514,40.56226767,A192,_,0064,348
A192__00630.348,8.337850850853844,40.57289649,A192,_,00630,348
A192__00620.348,8.328452395258214,40.574015795,A192,_,00620,348
A192__00590.348,8.388576239013293,40.58290386,A192,_,00590,348
A192__00580.348,8.364472816526764,40.588096315,A192,_,00580,348
A192__00570.348,8.347035085034328,40.588489515,A192,_,00570,348
A192__00560.348,8.32242365624084,40.57999067,A192,_,00560,348
A192__00550.348,8.3213377912792,40.583871130000006,A192,_,00550,348
A192__00530.348,8.337734277218313,40.590385600000005,A192,_,00530,348
A192__00520.348,8.330270399247024,40.594325245,A192,_,00520,348
A192__00510.348,8.316481215472493,40.591139615,A192,_,00510,348
A192__0050.348,8.313379709322337,40.58039667,A192,_,0050,348
A192__00480.348,8.236204524550887,40.590191225,A192,_,00480,348
A192__00420.348,8.348922739590833,40.600696985,A192,_,00420,348
A192__00410.348,8.33809754481619,40.604981730000006,A192,_,00410,348
A192__00390.348,8.322295253983071,40.602791069999995,A192,_,00390,348
A192__00350.348,8.268349900140715,40.605292395,A192,_,00350,348
A192__00340.348,8.268301766226902,40.616470065,A192,_,00340,348
A192__00300.348,8.388504411676738,40.61325052,A192,_,00300,348
A192__00210.348,8.340222340315776,40.62290153,A192,_,00210,348
A192__00170.348,8.312211149953555,40.635386055,A192,_,00170,348
A192__00160.348,8.272231858805677,40.63479179,A192,_,00160,348
A192__00150.348,8.236601155019118,40.64536327,A192,_,00150,348
A192__00110.348,8.289813506972761,40.636958365,A192,_,00110,348
A192__00090.348,8.202894127859967,40.64676691,A192,_,00090,348
A192__00080.348,8.322861407068949,40.652415375,A192,_,00080,348
A192__00050.348,8.282007270776123,40.665725795,A192,_,00050,348
A192__00040.348,8.249785783532923,40.6574205,A192,_,00040,348
A192__0071.3480,8.325745706416814,40.559727105,A192,_,0071,3480
A192__00040.349,8.249651319811287,40.657412395,A192,_,00040,349
A192__00970.349,8.31420942644197,40.556963429999996,A192,_,00970,349
A192__00950.349,8.359889194509657,40.503218655,A192,_,00950,349
A192__00940.349,8.361074115303786,40.511556995,A192,_,00940,349
A192__00930.349,8.33447213791511,40.52214952,A192,_,00930,349
A192__00890.349,8.35420305929253,40.53432969,A192,_,00890,349
A192__00870.349,8.337858579975869,40.530560625,A192,_,00870,349
A192__00840.349,8.333460220227455,40.538676755,A192,_,00840,349
A192__00810.349,8.374359075383133,40.54626616,A192,_,00810,349
A192__0077.349,8.328466864731487,40.553595965,A192,_,0077,349
A192__00750.349,8.369023382010454,40.554824975,A192,_,00750,349
A192__00730.349,8.345845628574823,40.553217235,A192,_,00730,349
A192__0072.349,8.330029752238119,40.557891135000006,A192,_,0072,349
A192__0071.349,8.31687656503556,40.554111775,A192,_,0071,349
A192__00690.349,8.359692382033362,40.572086855,A192,_,00690,349
A192__0064.349,8.318478104253877,40.565608944999994,A192,_,0064,349
A192__00630.349,8.338104225013169,40.572621715,A192,_,00630,349
A192__00620.349,8.326727424773836,40.57593841,A192,_,00620,349
A192__00590.349,8.388686009765387,40.582506859999995,A192,_,00590,349
A192__00570.349,8.339636747679696,40.58729786,A192,_,00570,349
A192__00560.349,8.322193732186408,40.57920622,A192,_,00560,349
A192__00550.349,8.321582417751983,40.584499365,A192,_,00550,349
A192__00530.349,8.336326590719434,40.59575709,A192,_,00530,349
A192__00520.349,8.326997826093049,40.59262042,A192,_,00520,349
A192__00510.349,8.316819101931337,40.588041700000005,A192,_,00510,349
A192__0049.349,8.282378729701328,40.592950365,A192,_,0049,349
A192__00480.349,8.235758445595344,40.591111975000004,A192,_,00480,349
A192__00420.349,8.34950344658744,40.60048112,A192,_,00420,349
A192__00410.349,8.338545057374905,40.60489638,A192,_,00410,349
A192__00400.349,8.331548298607744,40.605919135,A192,_,00400,349
A192__00390.349,8.322414009773334,40.60266349,A192,_,00390,349
A192__00380.349,8.31395301359662,40.596977495,A192,_,00380,349
A192__00350.349,8.268170604485661,40.605282239999994,A192,_,00350,349
A192__00340.349,8.268152619575812,40.616402165,A192,_,00340,349
A192__00300.349,8.406484206876431,40.625143019999996,A192,_,00300,349
A192__00210.349,8.34052874592779,40.622885409999995,A192,_,00210,349
A192__00190.349,8.199333657326624,40.635545175,A192,_,00190,349
A192__00170.349,8.312007760875577,40.635005585,A192,_,00170,349
A192__00160.349,8.272207056400482,40.63493684,A192,_,00160,349
A192__00110.349,8.292492145306227,40.63975554,A192,_,00110,349
A192__00080.349,8.315676362890406,40.64548823,A192,_,00080,349
A192__00050.349,8.272456033627623,40.663553355000005,A192,_,00050,349
A192__0071.3496,8.32585591098568,40.562753584999996,A192,_,0071,3496
A192__0071.3497,8.325939509930251,40.56284007,A192,_,0071,3497
A192__00010.35,8.209699446873913,40.66829434,A192,_,00010,35
A192__00970.35,8.31323979168095,40.559441135,A192,_,00970,35
A192__00960.35,8.362073698436099,40.52134878,A192,_,00960,35
A192__00950.35,8.347938185695146,40.511836445,A192,_,00950,35
A192__00930.35,8.34027493960797,40.521792794999996,A192,_,00930,35
A192__00920.35,8.38339493512402,40.530513645,A192,_,00920,35
A192__00890.35,8.35536708366094,40.53361081,A192,_,00890,35
A192__00880.35,8.342561717264621,40.529207195,A192,_,00880,35
A192__00860.35,8.366585388529412,40.54173642,A192,_,00860,35
A192__00800.35,8.354402627142246,40.545443885,A192,_,00800,35
A192__00780.35,8.325397531480453,40.545696945,A192,_,00780,35
A192__00770.35,8.332590661888657,40.54914118,A192,_,00770,35
A192__00730.35,8.342639692215876,40.556967525,A192,_,00730,35
A192__00720.35,8.339278837440293,40.55764541,A192,_,00720,35
A192__0071.35,8.319211372192331,40.560104235,A192,_,0071,35
A192__00700.35,8.405840915936404,40.577615210000005,A192,_,00700,35
A192__00690.35,8.376507994901488,40.563355085,A192,_,00690,35
A192__00670.35,8.345126417760593,40.56679581,A192,_,00670,35
A192__00660.35,8.329105345549584,40.564243905,A192,_,00660,35
A192__00630.35,8.34127888489112,40.570811995,A192,_,00630,35
A192__00600.35,8.348026977627585,40.575792105,A192,_,00600,35
A192__00580.35,8.356069941254809,40.580187035,A192,_,00580,35
A192__00550.35,8.3202546957533,40.58153018,A192,_,00550,35
A192__00540.35,8.343064187864698,40.590804995,A192,_,00540,35
A192__00490.35,8.24555569405216,40.577660885,A192,_,00490,35
A192__00480.35,8.229345368555627,40.569997005,A192,_,00480,35
A192__00470.35,8.219257271977517,40.590880865,A192,_,00470,35
A192__00460.35,8.16437789189344,40.564255185,A192,_,00460,35
A192__00450.35,8.166897183437243,40.58548003,A192,_,00450,35
A192__00440.35,8.380050160109834,40.59861379,A192,_,00440,35
A192__00430.35,8.369206072104943,40.596704259999996,A192,_,00430,35
A192__00420.35,8.350774695460498,40.60260823,A192,_,00420,35
A192__00390.35,8.32223446567302,40.607942394999995,A192,_,00390,35
A192__00370.35,8.299352458974825,40.59468529,A192,_,00370,35
A192__00360.35,8.296937185614102,40.610500575,A192,_,00360,35
A192__00350.35,8.262678612432389,40.60088932,A192,_,00350,35
A192__00340.35,8.263641700781246,40.618872135000004,A192,_,00340,35
A192__00330.35,8.255166512963076,40.595971864999996,A192,_,00330,35
A192__00320.35,8.212968625877679,40.612050465,A192,_,00320,35
A192__00310.35,8.365063395093205,40.61393508,A192,_,00310,35
A192__00290.35,8.402967567131062,40.62307509,A192,_,00290,35
A192__00280.35,8.355271478931435,40.600513864999996,A192,_,00280,35
A192__00240.35,8.206872115913221,40.623344795,A192,_,00240,35
A192__00220.35,8.144766346568286,40.613300505,A192,_,00220,35
A192__00190.35,8.211040885589192,40.614073905,A192,_,00190,35
A192__00150.35,8.220616647280934,40.64281527,A192,_,00150,35
A192__00120.35,8.303615157424005,40.64516943,A192,_,00120,35
A192__00110.35,8.294316977253514,40.647573925,A192,_,00110,35
A192__00100.35,8.271859639478807,40.65275363,A192,_,00100,35
A192__00070.35,8.328488129444626,40.657762245,A192,_,00070,35
A192__00020.35,8.210751437425255,40.66115967,A192,_,00020,35
A192__00030.350,8.225378283530773,40.655102735,A192,_,00030,350
A192__00970.350,8.314176141028181,40.557004715000005,A192,_,00970,350
A192__00950.350,8.358848815291115,40.50306527,A192,_,00950,350
A192__00940.350,8.361138114425323,40.510679995000004,A192,_,00940,350
A192__00930.350,8.339614878807907,40.523665425000004,A192,_,00930,350
A192__00900.350,8.357236795021258,40.531833385,A192,_,00900,350
A192__00890.350,8.354188991180525,40.534250435000004,A192,_,00890,350
A192__00870.350,8.337744398175854,40.5306249,A192,_,00870,350
A192__00840.350,8.333248613064452,40.538921425,A192,_,00840,350
A192__00810.350,8.374810334636946,40.546338455,A192,_,00810,350
A192__0077.350,8.327304652786564,40.55377646,A192,_,0077,350
A192__00750.350,8.371777242877748,40.55502575,A192,_,00750,350
A192__00740.350,8.357142453197156,40.562809815,A192,_,00740,350
A192__00730.350,8.346022359833398,40.55353973,A192,_,00730,350
A192__0071.350,8.317959050350819,40.554378854999996,A192,_,0071,350
A192__00690.350,8.360229240334863,40.5719501,A192,_,00690,350
A192__00670.350,8.340608691694237,40.56269176,A192,_,00670,350
A192__00660.350,8.328804534552,40.56138541,A192,_,00660,350
A192__0064.350,8.318658887514609,40.56553078,A192,_,0064,350
A192__00630.350,8.338524554128798,40.572648145,A192,_,00630,350
A192__00620.350,8.326427388093741,40.576350610000006,A192,_,00620,350
A192__00590.350,8.3705712857951,40.575966695,A192,_,00590,350
A192__00570.350,8.338260170305933,40.588417465,A192,_,00570,350
A192__00560.350,8.321956206372771,40.579286725,A192,_,00560,350
A192__00520.350,8.326807303983772,40.59263968,A192,_,00520,350
A192__00510.350,8.317094563281302,40.58773274,A192,_,00510,350
A192__0049.350,8.282638788321698,40.59296320999999,A192,_,0049,350
A192__00480.350,8.236152250872,40.590960710000004,A192,_,00480,350
A192__00450.350,8.170544013502795,40.580349665,A192,_,00450,350
A192__00420.350,8.345815599534397,40.601135315,A192,_,00420,350
A192__00410.350,8.337030658890804,40.604665714999996,A192,_,00410,350
A192__00400.350,8.331229348187065,40.60592434,A192,_,00400,350
A192__00390.350,8.323833194063315,40.60243317,A192,_,00390,350
A192__00380.350,8.313974047264109,40.59710683,A192,_,00380,350
A192__00350.350,8.266519497507623,40.603481224999996,A192,_,00350,350
A192__00340.350,8.265970150930157,40.61597811,A192,_,00340,350
A192__00300.350,8.40582037448754,40.62509126,A192,_,00300,350
A192__00250.350,8.27959429137373,40.60941912,A192,_,00250,350
A192__00160.350,8.274147699458315,40.635190890000004,A192,_,00160,350
A192__00150.350,8.216923084729704,40.634081665,A192,_,00150,350
A192__00110.350,8.286960293919876,40.633064295,A192,_,00110,350
A192__00080.350,8.318534269579098,40.645472095,A192,_,00080,350
A192__00030.351,8.225794624820853,40.65524463,A192,_,00030,351
A192__00970.351,8.314130526928853,40.55696044,A192,_,00970,351
A192__00950.351,8.359206030227622,40.503046245,A192,_,00950,351
A192__00940.351,8.360847306880665,40.51063714,A192,_,00940,351
A192__00930.351,8.339944022660347,40.52349822,A192,_,00930,351
A192__00900.351,8.358141533698745,40.530719364999996,A192,_,00900,351
A192__00890.351,8.35401387169355,40.53396436,A192,_,00890,351
A192__00870.351,8.33602930600835,40.53128787,A192,_,00870,351
A192__00840.351,8.333309880435282,40.538848885,A192,_,00840,351
A192__00810.351,8.374806546451543,40.546449124999995,A192,_,00810,351
A192__00750.351,8.371458884062314,40.55532839,A192,_,00750,351
A192__00730.351,8.349246640604267,40.551451985,A192,_,00730,351
A192__0072.351,8.33311433184347,40.55755277,A192,_,0072,351
A192__00660.351,8.328575988969533,40.56124194,A192,_,00660,351
A192__0064.351,8.321455935829068,40.56201428,A192,_,0064,351
A192__00620.351,8.331740761543266,40.5787441,A192,_,00620,351
A192__00580.351,8.36908711712961,40.579689099999996,A192,_,00580,351
A192__00570.351,8.348373790045706,40.58651049,A192,_,00570,351
A192__00560.351,8.322716139270401,40.580189065,A192,_,00560,351
A192__00550.351,8.320748741546579,40.583786915000005,A192,_,00550,351
A192__00530.351,8.34365442887091,40.594341695,A192,_,00530,351
A192__00510.351,8.317252759863358,40.587439505000006,A192,_,00510,351
A192__00500.351,8.316878787992954,40.582453175,A192,_,00500,351
A192__00480.351,8.23620692051612,40.591149585,A192,_,00480,351
A192__00450.351,8.1696732356376,40.581407205000005,A192,_,00450,351
A192__00420.351,8.345139539509873,40.601166205,A192,_,00420,351
A192__00410.351,8.336978736996262,40.60438433,A192,_,00410,351
A192__00350.351,8.266839944208257,40.603778344999995,A192,_,00350,351
A192__00340.351,8.26772974536711,40.616163225,A192,_,00340,351
A192__00300.351,8.406152388911966,40.625015585,A192,_,00300,351
A192__00260.351,8.294295883150202,40.62250516,A192,_,00260,351
A192__00250.351,8.278342122687949,40.60935338,A192,_,00250,351
A192__00210.351,8.340455719761628,40.62336986,A192,_,00210,351
A192__00170.351,8.312961291445564,40.630908005,A192,_,00170,351
A192__00150.351,8.21667123611835,40.634143525,A192,_,00150,351
A192__00110.351,8.287518497608723,40.631981185,A192,_,00110,351
A192__00080.351,8.318837724606746,40.645770025000004,A192,_,00080,351
A192__00050.351,8.286302546735481,40.667829465,A192,_,00050,351
A192__00030.352,8.226253805793608,40.65476081,A192,_,00030,352
A192__00970.352,8.314073341554506,40.556919675,A192,_,00970,352
A192__00950.352,8.351650277113684,40.50629975,A192,_,00950,352
A192__00930.352,8.339770281582563,40.523539365000005,A192,_,00930,352
A192__00890.352,8.354217333405863,40.533802465,A192,_,00890,352
A192__00870.352,8.336083377806336,40.531351709999996,A192,_,00870,352
A192__00810.352,8.374779611686098,40.54646131,A192,_,00810,352
A192__00780.352,8.335879633726552,40.54650846,A192,_,00780,352
A192__0077.352,8.329702711693468,40.55208382,A192,_,0077,352
A192__00750.352,8.37147157966032,40.555003075,A192,_,00750,352
A192__00740.352,8.361752779450434,40.56179118,A192,_,00740,352
A192__0072.352,8.332185764048951,40.557440845,A192,_,0072,352
A192__00690.352,8.358743067339311,40.573696395,A192,_,00690,352
A192__00660.352,8.327445681146294,40.56115459,A192,_,00660,352
A192__00630.352,8.334703144076471,40.568323565,A192,_,00630,352
A192__00620.352,8.331643721056079,40.578649060000004,A192,_,00620,352
A192__00590.352,8.369953340939233,40.57588901,A192,_,00590,352
A192__00580.352,8.369496985869205,40.58007697,A192,_,00580,352
A192__00570.352,8.355370963197997,40.5879723,A192,_,00570,352
A192__00560.352,8.322558141240862,40.58023020500001,A192,_,00560,352
A192__00550.352,8.322027617774445,40.5842104,A192,_,00550,352
A192__00530.352,8.343366491962794,40.59459282,A192,_,00530,352
A192__00500.352,8.315912510652762,40.582977240000005,A192,_,00500,352
A192__00480.352,8.23626136871691,40.59133826,A192,_,00480,352
A192__00450.352,8.171477316384323,40.58202011,A192,_,00450,352
A192__00420.352,8.34572970660122,40.60090982,A192,_,00420,352
A192__00410.352,8.340513170847457,40.60445595,A192,_,00410,352
A192__00390.352,8.322936318814996,40.59916023,A192,_,00390,352
A192__00380.352,8.316105944531458,40.601527305000005,A192,_,00380,352
A192__00350.352,8.266620001424295,40.603725875,A192,_,00350,352
A192__00340.352,8.266396417736592,40.616592155,A192,_,00340,352
A192__00300.352,8.407065563421988,40.62524895,A192,_,00300,352
A192__00270.352,8.348391866975414,40.605440845000004,A192,_,00270,352
A192__00250.352,8.278825840810612,40.608190545,A192,_,00250,352
A192__00210.352,8.340193236478477,40.623430235,A192,_,00210,352
A192__00150.352,8.216682699537268,40.633946195,A192,_,00150,352
A192__00110.352,8.296169951248654,40.635398415,A192,_,00110,352
A192__00060.352,8.292414202834031,40.669972055,A192,_,00060,352
A192__00040.352,8.259253497157559,40.64228776,A192,_,00040,352
A192__00010.353,8.234603508265522,40.658148804999996,A192,_,00010,353
A192__00970.353,8.31405190874952,40.556966985,A192,_,00970,353
A192__00950.353,8.351346225640984,40.506474255,A192,_,00950,353
A192__00940.353,8.361588393619929,40.51108335,A192,_,00940,353
A192__00930.353,8.3398807661778,40.52340163,A192,_,00930,353
A192__00890.353,8.352708526560125,40.53142901,A192,_,00890,353
A192__00870.353,8.335732659960884,40.531222745,A192,_,00870,353
A192__00810.353,8.376563407785108,40.547232035,A192,_,00810,353
A192__00790.353,8.34817802624056,40.54256422,A192,_,00790,353
A192__00780.353,8.336731921885391,40.54690343,A192,_,00780,353
A192__0077.353,8.328908495487443,40.554835355,A192,_,0077,353
A192__00740.353,8.35974260988798,40.55733747,A192,_,00740,353
A192__00730.353,8.34945324877552,40.55134816499999,A192,_,00730,353
A192__00720.353,8.344016816819735,40.55534406,A192,_,00720,353
A192__0071.353,8.316406313614042,40.55389807,A192,_,0071,353
A192__00690.353,8.359066145955973,40.573655965,A192,_,00690,353
A192__00630.353,8.33633178650588,40.575043485,A192,_,00630,353
A192__00620.353,8.322511367605475,40.56928458,A192,_,00620,353
A192__0061.353,8.321883747046524,40.573216439999996,A192,_,0061,353
A192__00570.353,8.346171257691179,40.589615895,A192,_,00570,353
A192__00550.353,8.321587892138993,40.58383746,A192,_,00550,353
A192__00530.353,8.34359193959708,40.59469803,A192,_,00530,353
A192__00500.353,8.313859591874113,40.581950309999996,A192,_,00500,353
A192__0049.353,8.281113364567991,40.592556204999994,A192,_,0049,353
A192__00480.353,8.236605936964246,40.5914094,A192,_,00480,353
A192__00450.353,8.171602436762823,40.581079994999996,A192,_,00450,353
A192__00410.353,8.341024700757714,40.604863635,A192,_,00410,353
A192__00380.353,8.316637530358436,40.601700574999995,A192,_,00380,353
A192__00350.353,8.276920383769287,40.60476349,A192,_,00350,353
A192__00340.353,8.26802989869989,40.616743865000004,A192,_,00340,353
A192__00300.353,8.406846710348066,40.625235915000005,A192,_,00300,353
A192__00270.353,8.348659838186038,40.60526543500001,A192,_,00270,353
A192__00260.353,8.321769128538026,40.618377565,A192,_,00260,353
A192__00110.353,8.29517736803362,40.629749265,A192,_,00110,353
A192__00090.353,8.214006621977262,40.645319764999996,A192,_,00090,353
A192__00080.353,8.31863897323408,40.645413745,A192,_,00080,353
A192__00060.353,8.291896376632756,40.66987914,A192,_,00060,353
A192__00030.353,8.2426722412076,40.650761835,A192,_,00030,353
A192__0071.3530,8.323229728309325,40.551150865,A192,_,0071,3530
A192__0071.3535,8.31996883086295,40.55769439,A192,_,0071,3535
A192__0071.3538,8.327291585611462,40.560805759999994,A192,_,0071,3538
A192__00010.354,8.230551001392595,40.663650919999995,A192,_,00010,354
A192__00970.354,8.313976279987934,40.557190770000005,A192,_,00970,354
A192__00950.354,8.344178889233234,40.518016474999996,A192,_,00950,354
A192__00930.354,8.337238342554881,40.518129645,A192,_,00930,354
A192__00890.354,8.352365121311816,40.531035835,A192,_,00890,354
A192__00870.354,8.335862916567276,40.531347835,A192,_,00870,354
A192__00810.354,8.37625777634501,40.547662904999996,A192,_,00810,354
A192__00790.354,8.348027961517293,40.542773245,A192,_,00790,354
A192__00740.354,8.360496409159392,40.557359605,A192,_,00740,354
A192__00730.354,8.345669715245918,40.554625635,A192,_,00730,354
A192__00720.354,8.343891986307105,40.55552162,A192,_,00720,354
A192__00690.354,8.35885770330312,40.573423085,A192,_,00690,354
A192__00670.354,8.342133890206155,40.56944061,A192,_,00670,354
A192__00660.354,8.334990248088882,40.563627464999996,A192,_,00660,354
A192__00630.354,8.33224719667892,40.56938229,A192,_,00630,354
A192__00570.354,8.346028181572732,40.58785295,A192,_,00570,354
A192__00560.354,8.328746381638812,40.586537885,A192,_,00560,354
A192__00550.354,8.318281805738492,40.581946675,A192,_,00550,354
A192__00530.354,8.343538223686295,40.594764485,A192,_,00530,354
A192__00500.354,8.313282311686368,40.58222334,A192,_,00500,354
A192__00450.354,8.165259034494929,40.583894255000004,A192,_,00450,354
A192__00420.354,8.342443693227597,40.60248721,A192,_,00420,354
A192__00410.354,8.341180534353217,40.605012595000005,A192,_,00410,354
A192__00400.354,8.32875123809416,40.60767303,A192,_,00400,354
A192__00390.354,8.32027485564116,40.601534835,A192,_,00390,354
A192__00380.354,8.314977881288392,40.60136842,A192,_,00380,354
A192__00360.354,8.300049556702639,40.611411715,A192,_,00360,354
A192__00300.354,8.380921109898784,40.607934605,A192,_,00300,354
A192__00270.354,8.348096032341683,40.604941285,A192,_,00270,354
A192__00260.354,8.2916345803249,40.615791765,A192,_,00260,354
A192__00250.354,8.279645874167931,40.60798707,A192,_,00250,354
A192__00160.354,8.27395664364898,40.63689033,A192,_,00160,354
A192__00110.354,8.289714314211768,40.638641535,A192,_,00110,354
A192__00100.354,8.276596448696775,40.6592809,A192,_,00100,354
A192__00060.354,8.290361798908744,40.67180348,A192,_,00060,354
A192__00030.354,8.243235154286001,40.651483235,A192,_,00030,354
A192__00040.355,8.265038350838871,40.643924999999996,A192,_,00040,355
A192__00970.355,8.314051984351327,40.557206484999995,A192,_,00970,355
A192__00950.355,8.344025841521784,40.517966825,A192,_,00950,355
A192__00940.355,8.35384172539521,40.518574445,A192,_,00940,355
A192__00930.355,8.337606605792024,40.51796187,A192,_,00930,355
A192__00890.355,8.353158657824695,40.530613075000005,A192,_,00890,355
A192__00870.355,8.33570406603096,40.53126284,A192,_,00870,355
A192__00810.355,8.369570232926398,40.548468975,A192,_,00810,355
A192__00780.355,8.335038397535364,40.54728552,A192,_,00780,355
A192__0077.355,8.327315163117934,40.553964725,A192,_,0077,355
A192__00740.355,8.360630209551314,40.557330395,A192,_,00740,355
A192__00730.355,8.345799103927124,40.554450305,A192,_,00730,355
A192__0071.355,8.316713433243187,40.553307114999996,A192,_,0071,355
A192__00670.355,8.342708998302248,40.56907567499999,A192,_,00670,355
A192__00660.355,8.335005711133181,40.5637445,A192,_,00660,355
A192__00630.355,8.333745235839796,40.574302955,A192,_,00630,355
A192__00620.355,8.331699135159635,40.576178915,A192,_,00620,355
A192__00570.355,8.346598164724151,40.587304785,A192,_,00570,355
A192__00530.355,8.342974667480744,40.594940835,A192,_,00530,355
A192__00500.355,8.314090572398111,40.58336638,A192,_,00500,355
A192__00450.355,8.171540813677012,40.582211154999996,A192,_,00450,355
A192__00420.355,8.343720276535763,40.602887949999996,A192,_,00420,355
A192__00410.355,8.338486045379785,40.598311785,A192,_,00410,355
A192__00390.355,8.320695188810664,40.60136621,A192,_,00390,355
A192__00380.355,8.315235002477886,40.60167489,A192,_,00380,355
A192__00350.355,8.284680215934685,40.605243965,A192,_,00350,355
A192__00300.355,8.381781736075983,40.610260885,A192,_,00300,355
A192__00270.355,8.348336037455734,40.604777585,A192,_,00270,355
A192__00250.355,8.27296100713,40.60669957499999,A192,_,00250,355
A192__00160.355,8.273959160689419,40.636220905,A192,_,00160,355
A192__00110.355,8.293700617299258,40.62740915,A192,_,00110,355
A192__00090.355,8.213473299885324,40.646800235,A192,_,00090,355
A192__00080.355,8.322118444600726,40.659746975,A192,_,00080,355
A192__00060.355,8.291305639024383,40.67003682,A192,_,00060,355
A192__00050.355,8.285916816811051,40.669378730000005,A192,_,00050,355
A192__0071.3551,8.324284812318957,40.550838940000006,A192,_,0071,3551
A192__0071.3558,8.322455015224989,40.54750034,A192,_,0071,3558
A192__00030.356,8.245250979342156,40.65224207,A192,_,00030,356
A192__00970.356,8.31394231738043,40.557260765,A192,_,00970,356
A192__00940.356,8.353669957622312,40.517764155,A192,_,00940,356
A192__00930.356,8.337014077730128,40.517768445,A192,_,00930,356
A192__00890.356,8.351621753190509,40.52743859,A192,_,00890,356
A192__00840.356,8.330358444379144,40.53522156,A192,_,00840,356
A192__00810.356,8.370475190066205,40.547508805,A192,_,00810,356
A192__0077.356,8.33036558064597,40.552318310000004,A192,_,0077,356
A192__00750.356,8.363974940155252,40.560412325,A192,_,00750,356
A192__00740.356,8.360490250193106,40.557097725000006,A192,_,00740,356
A192__00730.356,8.345769263021591,40.554308655,A192,_,00730,356
A192__00660.356,8.33596042701604,40.564439975,A192,_,00660,356
A192__0064.356,8.321170132189511,40.562345320000006,A192,_,0064,356
A192__00630.356,8.336362571829662,40.573339794999995,A192,_,00630,356
A192__00570.356,8.3536199367685,40.586501729999995,A192,_,00570,356
A192__00530.356,8.342392582277705,40.595455825,A192,_,00530,356
A192__00480.356,8.222678260046651,40.594214570000005,A192,_,00480,356
A192__00450.356,8.171971321895764,40.584312034999996,A192,_,00450,356
A192__00420.356,8.343103490486946,40.60248721,A192,_,00420,356
A192__00410.356,8.338764815306927,40.59835427,A192,_,00410,356
A192__00390.356,8.32328254744158,40.609268334999996,A192,_,00390,356
A192__00380.356,8.316463178182087,40.60227766,A192,_,00380,356
A192__00340.356,8.266925003952924,40.612749539999996,A192,_,00340,356
A192__00300.356,8.381835892647059,40.61028499,A192,_,00300,356
A192__00270.356,8.348715873986425,40.604437790000006,A192,_,00270,356
A192__00260.356,8.292127091113658,40.61318149,A192,_,00260,356
A192__00250.356,8.272810758019624,40.60676843,A192,_,00250,356
A192__00210.356,8.345954894959899,40.621810350000004,A192,_,00210,356
A192__00170.356,8.322744274035347,40.63067326,A192,_,00170,356
A192__00160.356,8.274015820193455,40.635577865,A192,_,00160,356
A192__00110.356,8.290205853157747,40.642313895,A192,_,00110,356
A192__00100.356,8.276277333214383,40.65923438,A192,_,00100,356
A192__00090.356,8.21651803733532,40.642913445,A192,_,00090,356
A192__00060.356,8.290892856724291,40.671566639999995,A192,_,00060,356
A192__00050.356,8.284767291819922,40.669263825,A192,_,00050,356
A192__00040.356,8.263767639881529,40.647519814999995,A192,_,00040,356
A192__00010.357,8.230409423912384,40.66261443,A192,_,00010,357
A192__00970.357,8.314016613149033,40.55727874,A192,_,00970,357
A192__00940.357,8.353848290475494,40.518331540000005,A192,_,00940,357
A192__00930.357,8.337312907779964,40.517542395,A192,_,00930,357
A192__00870.357,8.337380500016446,40.52851803,A192,_,00870,357
A192__00840.357,8.330730942468326,40.53497782,A192,_,00840,357
A192__00810.357,8.372579742647634,40.547495659999996,A192,_,00810,357
A192__00790.357,8.347754565280841,40.54242682,A192,_,00790,357
A192__00780.357,8.334940301798971,40.54560673,A192,_,00780,357
A192__00750.357,8.364494293057344,40.56079856,A192,_,00750,357
A192__00740.357,8.357555915444717,40.555102385,A192,_,00740,357
A192__00730.357,8.345584040929712,40.55410352,A192,_,00730,357
A192__0071.357,8.317422231326915,40.553796045,A192,_,0071,357
A192__00690.357,8.379161624999998,40.571314525,A192,_,00690,357
A192__00660.357,8.328250279069877,40.559832005000004,A192,_,00660,357
A192__00630.357,8.338344823576058,40.573872820000005,A192,_,00630,357
A192__00590.357,8.369817726536178,40.57616298,A192,_,00590,357
A192__00580.357,8.362536187615415,40.58970594,A192,_,00580,357
A192__00570.357,8.351109342294034,40.587695355,A192,_,00570,357
A192__00530.357,8.341891690098326,40.595900825,A192,_,00530,357
A192__00450.357,8.169609505995078,40.58199339,A192,_,00450,357
A192__00420.357,8.349561437869863,40.601219674999996,A192,_,00420,357
A192__00410.357,8.338180650251582,40.59992273,A192,_,00410,357
A192__00390.357,8.323422979326859,40.609506535,A192,_,00390,357
A192__00380.357,8.31613421092505,40.601962095000005,A192,_,00380,357
A192__00350.357,8.285426476168247,40.604423569999994,A192,_,00350,357
A192__00300.357,8.38217216267361,40.61035991,A192,_,00300,357
A192__00270.357,8.347914613572229,40.60463491,A192,_,00270,357
A192__00250.357,8.272782582876388,40.60650918,A192,_,00250,357
A192__00160.357,8.271953333280988,40.63689552,A192,_,00160,357
A192__00110.357,8.291256421626727,40.6425143,A192,_,00110,357
A192__00100.357,8.275605020853593,40.659065685,A192,_,00100,357
A192__00090.357,8.216614546909366,40.644371504999995,A192,_,00090,357
A192__00060.357,8.292278390034676,40.666345684999996,A192,_,00060,357
A192__00050.357,8.26378753659338,40.662405289999995,A192,_,00050,357
A192__00040.357,8.264849785083388,40.647569215000004,A192,_,00040,357
A192__0071.3572,8.320049776461058,40.556770979999996,A192,_,0071,3572
A192__00050.358,8.26449852409139,40.662183815,A192,_,00050,358
A192__00970.358,8.313954375691377,40.557334275,A192,_,00970,358
A192__00940.358,8.352870936253826,40.51446415,A192,_,00940,358
A192__00930.358,8.33685401326974,40.51757981,A192,_,00930,358
A192__00900.358,8.367408285496325,40.532719455000006,A192,_,00900,358
A192__00890.358,8.347105078498988,40.536158764999996,A192,_,00890,358
A192__00850.358,8.343106199291714,40.53048946,A192,_,00850,358
A192__00840.358,8.331120349595503,40.534979935,A192,_,00840,358
A192__00810.358,8.372403936064371,40.547558175,A192,_,00810,358
A192__0077.358,8.327581103664986,40.553039935,A192,_,0077,358
A192__00740.358,8.357068446344531,40.55481128,A192,_,00740,358
A192__00730.358,8.350342042406975,40.550904035,A192,_,00730,358
A192__00690.358,8.37911557875993,40.571227289999996,A192,_,00690,358
A192__00670.358,8.347026042659035,40.567070735,A192,_,00670,358
A192__00660.358,8.32828331006166,40.55974766,A192,_,00660,358
A192__0065.358,8.317146127651473,40.561793125,A192,_,0065,358
A192__00630.358,8.335897049357424,40.57551995,A192,_,00630,358
A192__00590.358,8.369784536542547,40.576358084999995,A192,_,00590,358
A192__00570.358,8.349352821448992,40.58328357,A192,_,00570,358
A192__00560.358,8.324442078498649,40.584869534999996,A192,_,00560,358
A192__00530.358,8.343229240351414,40.59514073,A192,_,00530,358
A192__00480.358,8.222513313946727,40.593990695,A192,_,00480,358
A192__00420.358,8.349781930087088,40.60125525,A192,_,00420,358
A192__00410.358,8.337839303912817,40.59992273,A192,_,00410,358
A192__00400.358,8.33125711824944,40.605437800000004,A192,_,00400,358
A192__00390.358,8.321553417508259,40.603969745,A192,_,00390,358
A192__00380.358,8.311119324982275,40.596905605,A192,_,00380,358
A192__00360.358,8.299938105666278,40.612341889999996,A192,_,00360,358
A192__00300.358,8.381803244360393,40.610247105,A192,_,00300,358
A192__00270.358,8.348229088897945,40.60452907,A192,_,00270,358
A192__00190.358,8.201956213881118,40.635174635,A192,_,00190,358
A192__00160.358,8.27195822744626,40.636219839999995,A192,_,00160,358
A192__00090.358,8.217976501487353,40.64382184,A192,_,00090,358
A192__00080.358,8.321746505607651,40.653644825,A192,_,00080,358
A192__00060.358,8.292590883241553,40.66679645,A192,_,00060,358
A192__0071.3587,8.323377979678732,40.555137814999995,A192,_,0071,3587
A192__00040.359,8.26013389911203,40.65717172,A192,_,00040,359
A192__00970.359,8.313908845554522,40.557447955,A192,_,00970,359
A192__00940.359,8.35276367947042,40.514234905,A192,_,00940,359
A192__00930.359,8.337227201964945,40.517473755,A192,_,00930,359
A192__00890.359,8.346251544628345,40.535358169999995,A192,_,00890,359
A192__00870.359,8.33558896954621,40.53382356,A192,_,00870,359
A192__00850.359,8.342923668704534,40.53502279,A192,_,00850,359
A192__00840.359,8.330866608975445,40.53457007,A192,_,00840,359
A192__0077.359,8.327304059039385,40.55317953,A192,_,0077,359
A192__00730.359,8.350192192187443,40.55087657999999,A192,_,00730,359
A192__0071.359,8.3172724543773,40.552760185,A192,_,0071,359
A192__00670.359,8.343742130887314,40.56298495,A192,_,00670,359
A192__00660.359,8.328212976339177,40.55966078,A192,_,00660,359
A192__0064.359,8.322645961890684,40.563820955,A192,_,0064,359
A192__00630.359,8.338627800276289,40.571196505,A192,_,00630,359
A192__00620.359,8.33169913419219,40.57809278,A192,_,00620,359
A192__0061.359,8.31926108189795,40.57563657,A192,_,0061,359
A192__00590.359,8.37032259925477,40.575926845,A192,_,00590,359
A192__00580.359,8.361385429156007,40.586680869999995,A192,_,00580,359
A192__00530.359,8.342012129634409,40.596212835,A192,_,00530,359
A192__00410.359,8.332586810163484,40.6079697,A192,_,00410,359
A192__00400.359,8.331288440884558,40.60569659,A192,_,00400,359
A192__00390.359,8.320910655645566,40.60475127,A192,_,00390,359
A192__00380.359,8.312256148680634,40.597869485,A192,_,00380,359
A192__00360.359,8.299941745033632,40.612012405,A192,_,00360,359
A192__00300.359,8.381769980846187,40.610106685000005,A192,_,00300,359
A192__00270.359,8.3487127133102,40.604297349999996,A192,_,00270,359
A192__00190.359,8.192206686466896,40.61814675,A192,_,00190,359
A192__00160.359,8.27198261745577,40.635748684999996,A192,_,00160,359
A192__00110.359,8.280566703088521,40.646693775,A192,_,00110,359
A192__00100.359,8.274014985084392,40.65809849,A192,_,00100,359
A192__00090.359,8.208089342830936,40.648623845,A192,_,00090,359
A192__00080.359,8.322589820955654,40.65815712,A192,_,00080,359
A192__00060.359,8.292329773364987,40.666203265,A192,_,00060,359
A192__00050.359,8.267414756977637,40.65836744,A192,_,00050,359
A192__00010.36,8.210681524185103,40.668113625000004,A192,_,00010,36
A192__00960.36,8.3616889822739,40.517122035,A192,_,00960,36
A192__00950.36,8.348474086802792,40.511299045,A192,_,00950,36
A192__00940.36,8.355706065131692,40.516519915,A192,_,00940,36
A192__00930.36,8.34270957495578,40.516333525,A192,_,00930,36
A192__00890.36,8.35446037154321,40.534250435000004,A192,_,00890,36
A192__00880.36,8.34762337123799,40.526248575,A192,_,00880,36
A192__00870.36,8.338222117917613,40.524682805,A192,_,00870,36
A192__00770.36,8.332502809274224,40.54878003,A192,_,00770,36
A192__00750.36,8.388131312857304,40.551849725,A192,_,00750,36
A192__00700.36,8.40663476003261,40.57690784,A192,_,00700,36
A192__00690.36,8.376086972967155,40.563103235,A192,_,00690,36
A192__00670.36,8.34554081276635,40.567928895,A192,_,00670,36
A192__0065.36,8.318026995528381,40.56013423,A192,_,0065,36
A192__00640.36,8.33024420459303,40.567174879999996,A192,_,00640,36
A192__00630.36,8.337530041240216,40.569467055000004,A192,_,00630,36
A192__0061.36,8.319556841454109,40.576043584999994,A192,_,0061,36
A192__00580.36,8.360381606146778,40.58353102,A192,_,00580,36
A192__00550.36,8.323617051813013,40.586656245,A192,_,00550,36
A192__00510.36,8.317091791433235,40.590952744999996,A192,_,00510,36
A192__0050.36,8.311195542960295,40.580147845,A192,_,0050,36
A192__00490.36,8.255944974017376,40.585666945,A192,_,00490,36
A192__00460.36,8.164154137760015,40.566309965,A192,_,00460,36
A192__00450.36,8.169664807576416,40.58520914499999,A192,_,00450,36
A192__00430.36,8.37013849192412,40.597592855,A192,_,00430,36
A192__00420.36,8.350970852092175,40.60271521,A192,_,00420,36
A192__00390.36,8.324030462907132,40.601646065,A192,_,00390,36
A192__00370.36,8.311015605800408,40.588608735,A192,_,00370,36
A192__00360.36,8.28870954527747,40.600604295,A192,_,00360,36
A192__00340.36,8.260529447608,40.61588097,A192,_,00340,36
A192__00330.36,8.2563499070945,40.59481004,A192,_,00330,36
A192__00320.36,8.213222769183137,40.611807815000006,A192,_,00320,36
A192__00300.36,8.393840293592234,40.61690183499999,A192,_,00300,36
A192__00290.36,8.38098491011655,40.613084895,A192,_,00290,36
A192__00280.36,8.353684452029345,40.605819995000004,A192,_,00280,36
A192__00260.36,8.314513528416558,40.61430723,A192,_,00260,36
A192__00240.36,8.207230029763164,40.622973035,A192,_,00240,36
A192__00220.36,8.145574696436586,40.613244685,A192,_,00220,36
A192__00190.36,8.206383453340424,40.619618865,A192,_,00190,36
A192__00150.36,8.220864337238384,40.64130919,A192,_,00150,36
A192__00110.36,8.29680777759912,40.647450745,A192,_,00110,36
A192__00100.36,8.272126310800072,40.652790095,A192,_,00100,36
A192__00070.36,8.327244806210679,40.66089748,A192,_,00070,36
A192__00060.36,8.286730160932539,40.661205455,A192,_,00060,36
A192__00050.36,8.26709591308763,40.6580972,A192,_,00050,36
A192__00040.36,8.25664373723793,40.65468558,A192,_,00040,36
A192__00040.360,8.260159225695313,40.656848135000004,A192,_,00040,360
A192__00970.360,8.313735356132247,40.557437305,A192,_,00970,360
A192__00940.360,8.353394946511767,40.51900911,A192,_,00940,360
A192__00930.360,8.33662692071183,40.5172534,A192,_,00930,360
A192__00870.360,8.337678510168537,40.533901889999996,A192,_,00870,360
A192__00840.360,8.3302379842972,40.534804969999996,A192,_,00840,360
A192__00810.360,8.370223136879172,40.545234765000004,A192,_,00810,360
A192__00780.360,8.334022830102995,40.54325994,A192,_,00780,360
A192__0077.360,8.328035106541172,40.55306365,A192,_,0077,360
A192__0071.360,8.317390961835574,40.55286791,A192,_,0071,360
A192__00690.360,8.379644402037748,40.570874935,A192,_,00690,360
A192__00670.360,8.34364073445862,40.562752474999996,A192,_,00670,360
A192__00660.360,8.32830407547219,40.559704395,A192,_,00660,360
A192__0064.360,8.32273338081136,40.56371704,A192,_,0064,360
A192__00630.360,8.332470663632037,40.575138255,A192,_,00630,360
A192__00590.360,8.370023246391376,40.576509215,A192,_,00590,360
A192__00570.360,8.350463477395959,40.583820225,A192,_,00570,360
A192__00560.360,8.323064629204271,40.576634585,A192,_,00560,360
A192__00540.360,8.346130314286473,40.59543221,A192,_,00540,360
A192__00480.360,8.224129082651618,40.594786825,A192,_,00480,360
A192__00450.360,8.169135268068846,40.590728575,A192,_,00450,360
A192__00420.360,8.349901455401943,40.60279616,A192,_,00420,360
A192__00410.360,8.332413096385338,40.607995805,A192,_,00410,360
A192__00400.360,8.330708495822837,40.605599479999995,A192,_,00400,360
A192__00390.360,8.323359002373058,40.605732090000004,A192,_,00390,360
A192__00350.360,8.285155209076102,40.60456163,A192,_,00350,360
A192__00300.360,8.381684605034767,40.61014707,A192,_,00300,360
A192__00260.360,8.29637880212284,40.617394195,A192,_,00260,360
A192__00250.360,8.272986938935752,40.606570489999996,A192,_,00250,360
A192__00170.360,8.31489883935581,40.63489095,A192,_,00170,360
A192__00160.360,8.272145611535057,40.635118895000005,A192,_,00160,360
A192__00110.360,8.282534410478082,40.646587159999996,A192,_,00110,360
A192__00100.360,8.273049887896562,40.64734909,A192,_,00100,360
A192__00050.360,8.274285290410766,40.661745644999996,A192,_,00050,360
A192__0071.3608,8.31972366547395,40.56006492,A192,_,0071,3608
A192__00050.361,8.275365185429038,40.6599604,A192,_,00050,361
A192__00940.361,8.353410731340702,40.51879059,A192,_,00940,361
A192__00930.361,8.336993507901287,40.517015205,A192,_,00930,361
A192__00890.361,8.347115811722635,40.535744305,A192,_,00890,361
A192__00870.361,8.336710895753313,40.5333252,A192,_,00870,361
A192__00850.361,8.342174725647723,40.53428998,A192,_,00850,361
A192__00840.361,8.330470673706776,40.534818905,A192,_,00840,361
A192__00810.361,8.37018145,40.54516169,A192,_,00810,361
A192__00790.361,8.348195696963284,40.542153,A192,_,00790,361
A192__00780.361,8.334725797152885,40.544528575,A192,_,00780,361
A192__0077.361,8.329663094876024,40.555490275,A192,_,0077,361
A192__00750.361,8.365731589574267,40.559210594999996,A192,_,00750,361
A192__00730.361,8.351949422419445,40.562419735,A192,_,00730,361
A192__0071.361,8.317576399935604,40.552560764999996,A192,_,0071,361
A192__00680.361,8.354987107276258,40.56999476,A192,_,00680,361
A192__00670.361,8.343720449301554,40.56270695,A192,_,00670,361
A192__00660.361,8.328315328407122,40.559666285,A192,_,00660,361
A192__0064.361,8.322736380479835,40.563232505,A192,_,0064,361
A192__00620.361,8.332021431643827,40.578290385,A192,_,00620,361
A192__00590.361,8.390085921935126,40.580170530000004,A192,_,00590,361
A192__00570.361,8.35056603672097,40.583608944999995,A192,_,00570,361
A192__00540.361,8.346156543030688,40.59573195,A192,_,00540,361
A192__00480.361,8.223642565343349,40.594842145,A192,_,00480,361
A192__00450.361,8.16888776776073,40.59119243,A192,_,00450,361
A192__00420.361,8.349663045572157,40.602670955,A192,_,00420,361
A192__00410.361,8.336846750090345,40.59998119,A192,_,00410,361
A192__00400.361,8.324121400526609,40.598421765,A192,_,00400,361
A192__00390.361,8.324360650575313,40.609959790000005,A192,_,00390,361
A192__00380.361,8.311403713388312,40.59336697,A192,_,00380,361
A192__00350.361,8.2851796151293,40.60466623,A192,_,00350,361
A192__00300.361,8.38085616421006,40.607909025,A192,_,00300,361
A192__00250.361,8.273152358637986,40.606559255,A192,_,00250,361
A192__00190.361,8.192097071794858,40.61804936,A192,_,00190,361
A192__00170.361,8.315081207002109,40.634711280000005,A192,_,00170,361
A192__00110.361,8.280333262219362,40.646511165,A192,_,00110,361
A192__00100.361,8.27306645710636,40.64739336,A192,_,00100,361
A192__00060.361,8.291904136687439,40.66842071,A192,_,00060,361
A192__0071.3613,8.32061070686931,40.55402071,A192,_,0071,3613
A192__0071.3617,8.32405232677857,40.56187115,A192,_,0071,3617
A192__00050.362,8.27498663599403,40.65960729,A192,_,00050,362
A192__00940.362,8.360700720893654,40.510176085,A192,_,00940,362
A192__00900.362,8.365347125497427,40.53403079500001,A192,_,00900,362
A192__00890.362,8.346873347104655,40.535368954999996,A192,_,00890,362
A192__00870.362,8.337541014559458,40.53351275,A192,_,00870,362
A192__00850.362,8.342129102641177,40.534706775000004,A192,_,00850,362
A192__00840.362,8.330425288154824,40.534472969999996,A192,_,00840,362
A192__00810.362,8.374454955682355,40.54355829,A192,_,00810,362
A192__0077.362,8.329428057243437,40.555562085,A192,_,0077,362
A192__00750.362,8.365976257889924,40.558767255,A192,_,00750,362
A192__00740.362,8.358027837981947,40.552557925,A192,_,00740,362
A192__00680.362,8.354827610290839,40.569820085,A192,_,00680,362
A192__00670.362,8.340339415915185,40.561799595,A192,_,00670,362
A192__00660.362,8.328349780504471,40.559586515,A192,_,00660,362
A192__00630.362,8.333601467838923,40.57435038,A192,_,00630,362
A192__0061.362,8.318823235216499,40.57493171,A192,_,0061,362
A192__00580.362,8.365573889850692,40.586619514999995,A192,_,00580,362
A192__00570.362,8.351226663336405,40.58415611,A192,_,00570,362
A192__00530.362,8.339067443918381,40.59207442500001,A192,_,00530,362
A192__00480.362,8.223538109778701,40.594689419999995,A192,_,00480,362
A192__00450.362,8.161927176010224,40.57856243,A192,_,00450,362
A192__00420.362,8.350128202007642,40.60246707,A192,_,00420,362
A192__00410.362,8.336281521267605,40.59963322,A192,_,00410,362
A192__00400.362,8.324308125983428,40.598279155,A192,_,00400,362
A192__00360.362,8.288172836498592,40.60597387,A192,_,00360,362
A192__00350.362,8.282144092144643,40.60588456,A192,_,00350,362
A192__00300.362,8.38155877210911,40.610029765,A192,_,00300,362
A192__00270.362,8.335070206819843,40.61913072,A192,_,00270,362
A192__00250.362,8.27265899830899,40.608219335,A192,_,00250,362
A192__00190.362,8.192177411138118,40.61784362,A192,_,00190,362
A192__00170.362,8.312905225860648,40.635491585,A192,_,00170,362
A192__00160.362,8.272520835778646,40.633727205,A192,_,00160,362
A192__00110.362,8.280240982028994,40.646563255000004,A192,_,00110,362
A192__00060.362,8.292075834421894,40.6686193,A192,_,00060,362
A192__0071.3624,8.316499906107762,40.55655772,A192,_,0071,3624
A192__0071.3625,8.316412850151021,40.55651786,A192,_,0071,3625
A192__00010.363,8.231285592667113,40.663610399999996,A192,_,00010,363
A192__00970.363,8.313644520232927,40.557385535,A192,_,00970,363
A192__00940.363,8.360621328146106,40.509910905,A192,_,00940,363
A192__00930.363,8.339980930270098,40.522544515,A192,_,00930,363
A192__00870.363,8.337514090898136,40.533250405000004,A192,_,00870,363
A192__00810.363,8.374585489535972,40.54329668,A192,_,00810,363
A192__0077.363,8.32948886054008,40.555015885,A192,_,0077,363
A192__00740.363,8.360171082226234,40.561004,A192,_,00740,363
A192__00720.363,8.333903030217002,40.55778876,A192,_,00720,363
A192__0071.363,8.315938649763508,40.552813515,A192,_,0071,363
A192__00680.363,8.355575037252224,40.570231465,A192,_,00680,363
A192__00670.363,8.340123680116802,40.562108699999996,A192,_,00670,363
A192__00660.363,8.328312083513403,40.55947225,A192,_,00660,363
A192__0064.363,8.322919447546647,40.563075565,A192,_,0064,363
A192__00630.363,8.332516669617444,40.57481207,A192,_,00630,363
A192__00620.363,8.32252540175892,40.569800175,A192,_,00620,363
A192__00600.363,8.349097260413698,40.578233784999995,A192,_,00600,363
A192__00590.363,8.390023695,40.57998002,A192,_,00590,363
A192__00570.363,8.351283975816665,40.58408579,A192,_,00570,363
A192__00560.363,8.323957048259835,40.579277995,A192,_,00560,363
A192__00540.363,8.355647868119334,40.592454765,A192,_,00540,363
A192__00530.363,8.334297103517189,40.590297475,A192,_,00530,363
A192__00480.363,8.223919610190535,40.59445287,A192,_,00480,363
A192__00450.363,8.164202102306533,40.582838159999994,A192,_,00450,363
A192__00420.363,8.348920358226767,40.603313955000004,A192,_,00420,363
A192__00410.363,8.336743994313432,40.59999223,A192,_,00410,363
A192__00360.363,8.287384591119835,40.60582178,A192,_,00360,363
A192__00350.363,8.283818239276627,40.608068035,A192,_,00350,363
A192__00300.363,8.383426038797342,40.611242114999996,A192,_,00300,363
A192__00280.363,8.352011242760044,40.6035758,A192,_,00280,363
A192__00270.363,8.335124436397889,40.61931826,A192,_,00270,363
A192__00250.363,8.273760226256616,40.60835712,A192,_,00250,363
A192__00190.363,8.19056516064892,40.617169700000005,A192,_,00190,363
A192__00170.363,8.312896213762976,40.6348589,A192,_,00170,363
A192__00160.363,8.272627083495784,40.633247125,A192,_,00160,363
A192__00150.363,8.212613124503484,40.639842155,A192,_,00150,363
A192__00110.363,8.28014759768388,40.646503235,A192,_,00110,363
A192__00100.363,8.272281514891496,40.654311230000005,A192,_,00100,363
A192__00090.363,8.208639722993746,40.64195698,A192,_,00090,363
A192__00060.363,8.297467544984404,40.65623215,A192,_,00060,363
A192__00050.363,8.255164158869086,40.665426825,A192,_,00050,363
A192__0071.3634,8.321244574448864,40.553633145,A192,_,0071,3634
A192__00010.364,8.227399219186486,40.65580588,A192,_,00010,364
A192__00970.364,8.313728304872242,40.55732671,A192,_,00970,364
A192__00930.364,8.343008445142209,40.52038657,A192,_,00930,364
A192__00890.364,8.350078390257714,40.53135866,A192,_,00890,364
A192__00840.364,8.330552777995095,40.535601944999996,A192,_,00840,364
A192__00810.364,8.373719310073398,40.544351809999995,A192,_,00810,364
A192__00750.364,8.369174848103384,40.557267525,A192,_,00750,364
A192__00740.364,8.35997135892963,40.56137874,A192,_,00740,364
A192__00680.364,8.355629703834902,40.570147725,A192,_,00680,364
A192__00670.364,8.339913472402424,40.562659645,A192,_,00670,364
A192__00660.364,8.32819714637101,40.55952705,A192,_,00660,364
A192__00620.364,8.321850965602664,40.56983816,A192,_,00620,364
A192__0061.364,8.319291935944616,40.574438220000005,A192,_,0061,364
A192__00580.364,8.368093087110484,40.578186345,A192,_,00580,364
A192__00570.364,8.351508075351617,40.58692948,A192,_,00570,364
A192__00560.364,8.323734280515003,40.57921823,A192,_,00560,364
A192__00480.364,8.223417947568755,40.594504529999995,A192,_,00480,364
A192__00450.364,8.169280600539889,40.582516425,A192,_,00450,364
A192__00420.364,8.349385640704508,40.603062300000005,A192,_,00420,364
A192__00410.364,8.33694753438816,40.5999154,A192,_,00410,364
A192__00400.364,8.324219489086198,40.597882825,A192,_,00400,364
A192__00360.364,8.284912548789421,40.60891533,A192,_,00360,364
A192__00350.364,8.270421635919401,40.602390475,A192,_,00350,364
A192__00300.364,8.384177252354345,40.61172906,A192,_,00300,364
A192__00270.364,8.334716910615922,40.619271125,A192,_,00270,364
A192__00250.364,8.275110091324937,40.608126694999996,A192,_,00250,364
A192__00190.364,8.190214705742001,40.61745112,A192,_,00190,364
A192__00170.364,8.318000690197366,40.63476387,A192,_,00170,364
A192__00160.364,8.271964703302611,40.635275875000005,A192,_,00160,364
A192__00150.364,8.213205069863614,40.639976865,A192,_,00150,364
A192__00110.364,8.280177160476935,40.646315205,A192,_,00110,364
A192__00100.364,8.272272967483257,40.654084565,A192,_,00100,364
A192__00090.364,8.204023113854914,40.64932683,A192,_,00090,364
A192__00080.364,8.319869452098787,40.655243145,A192,_,00080,364
A192__00050.364,8.256012122919113,40.665426825,A192,_,00050,364
A192__00030.364,8.231980799529087,40.64927926,A192,_,00030,364
A192__0071.3642,8.322609785758054,40.555121635,A192,_,0071,3642
A192__0071.3647,8.322637731509595,40.5532286,A192,_,0071,3647
A192__0071.3648,8.322751981619394,40.553182765,A192,_,0071,3648
A192__00010.365,8.226946902778916,40.655775475,A192,_,00010,365
A192__00970.365,8.313776059858862,40.557289425,A192,_,00970,365
A192__00930.365,8.3398278956661,40.522714515000004,A192,_,00930,365
A192__00890.365,8.347703653183874,40.53321587,A192,_,00890,365
A192__00870.365,8.337419988641699,40.53353027,A192,_,00870,365
A192__00810.365,8.373991224637436,40.54381497,A192,_,00810,365
A192__00750.365,8.364193335511578,40.56773393,A192,_,00750,365
A192__00740.365,8.360006672432416,40.561200459999995,A192,_,00740,365
A192__00730.365,8.355046985240449,40.553595494999996,A192,_,00730,365
A192__0071.365,8.315831148515066,40.558460350000004,A192,_,0071,365
A192__00680.365,8.348737023268718,40.568012135000004,A192,_,00680,365
A192__00660.365,8.328027057728157,40.559519255,A192,_,00660,365
A192__0064.365,8.323147495895384,40.5628614,A192,_,0064,365
A192__00630.365,8.332671143575524,40.573990425,A192,_,00630,365
A192__00620.365,8.322420037354844,40.569400895,A192,_,00620,365
A192__00600.365,8.331061717895267,40.582511615,A192,_,00600,365
A192__00560.365,8.32383605689093,40.57913645,A192,_,00560,365
A192__00480.365,8.22330448914115,40.59434133,A192,_,00480,365
A192__00450.365,8.149304093661303,40.605154485,A192,_,00450,365
A192__00420.365,8.345256869313804,40.59986356500001,A192,_,00420,365
A192__00400.365,8.327256384559515,40.598023225,A192,_,00400,365
A192__00380.365,8.312176156925425,40.593190539999995,A192,_,00380,365
A192__00360.365,8.298421792762692,40.60588299,A192,_,00360,365
A192__00350.365,8.27038132292126,40.60222148,A192,_,00350,365
A192__00300.365,8.385411948881341,40.612337605,A192,_,00300,365
A192__00270.365,8.33485209618663,40.619425535000005,A192,_,00270,365
A192__00260.365,8.295726544164284,40.616264555,A192,_,00260,365
A192__00250.365,8.270089920295899,40.616563865,A192,_,00250,365
A192__00170.365,8.3156903562266,40.63077809000001,A192,_,00170,365
A192__00160.365,8.271955098241685,40.634492605,A192,_,00160,365
A192__00150.365,8.212850240298689,40.63971542,A192,_,00150,365
A192__00110.365,8.280234176347385,40.646513665,A192,_,00110,365
A192__00090.365,8.206170520968175,40.649480415,A192,_,00090,365
A192__00080.365,8.320011646915468,40.655610214999996,A192,_,00080,365
A192__00050.365,8.257959726466781,40.66614613,A192,_,00050,365
A192__00030.365,8.232495021036069,40.64930961,A192,_,00030,365
A192__00710.3653,8.325718399474194,40.547266735,A192,_,00710,3653
A192__0071.3654,8.319978542217022,40.556501534999995,A192,_,0071,3654
A192__0071.3658,8.320184838694423,40.557330199999996,A192,_,0071,3658
A192__00010.366,8.23037888007224,40.662761904999996,A192,_,00010,366
A192__00970.366,8.313792440159663,40.5572541,A192,_,00970,366
A192__00940.366,8.354086760934173,40.5095679,A192,_,00940,366
A192__00930.366,8.339031819740596,40.522401865000006,A192,_,00930,366
A192__00900.366,8.369207026465844,40.528322695,A192,_,00900,366
A192__00870.366,8.337624467154015,40.53329638,A192,_,00870,366
A192__00850.366,8.344449691893322,40.531624269999995,A192,_,00850,366
A192__00840.366,8.33132449876775,40.534659860000005,A192,_,00840,366
A192__00810.366,8.374353687755104,40.54422323,A192,_,00810,366
A192__00790.366,8.348782287581479,40.54264441,A192,_,00790,366
A192__0077.366,8.331098099677265,40.552595695,A192,_,0077,366
A192__00750.366,8.36450700463132,40.56797445,A192,_,00750,366
A192__00740.366,8.357996291277459,40.56091492,A192,_,00740,366
A192__00730.366,8.344629514578164,40.5564088,A192,_,00730,366
A192__00670.366,8.343696182587225,40.56570919,A192,_,00670,366
A192__00660.366,8.327968669445053,40.559520954999996,A192,_,00660,366
A192__0064.366,8.323247491902237,40.562771944999994,A192,_,0064,366
A192__00630.366,8.332561665360235,40.574020565,A192,_,00630,366
A192__00620.366,8.322599364348608,40.56958663,A192,_,00620,366
A192__00590.366,8.39017561840353,40.57893979,A192,_,00590,366
A192__00570.366,8.34930689740172,40.59030448,A192,_,00570,366
A192__00560.366,8.331561419629764,40.586992394999996,A192,_,00560,366
A192__00480.366,8.223693817630434,40.594092965,A192,_,00480,366
A192__00450.366,8.149065457996105,40.60464552,A192,_,00450,366
A192__00410.366,8.336187291871504,40.601017909999996,A192,_,00410,366
A192__00400.366,8.327301788454495,40.598493535,A192,_,00400,366
A192__00390.366,8.320853540354097,40.597982265,A192,_,00390,366
A192__00380.366,8.312022551703153,40.597505255,A192,_,00380,366
A192__00360.366,8.297372860373974,40.606091039999995,A192,_,00360,366
A192__00350.366,8.270510353565077,40.6022172,A192,_,00350,366
A192__00300.366,8.384882069577104,40.612099615,A192,_,00300,366
A192__00270.366,8.334960967493528,40.619502589999996,A192,_,00270,366
A192__00260.366,8.296474712137512,40.616116815,A192,_,00260,366
A192__00250.366,8.269512582035258,40.61661348,A192,_,00250,366
A192__00170.366,8.322804694807694,40.631685905,A192,_,00170,366
A192__00160.366,8.271954263585506,40.63381311,A192,_,00160,366
A192__00150.366,8.212902815576339,40.639890425,A192,_,00150,366
A192__00120.366,8.297364250162055,40.625718275,A192,_,00120,366
A192__00110.366,8.280322361331429,40.650009325,A192,_,00110,366
A192__00100.366,8.265524087820506,40.65756845,A192,_,00100,366
A192__00080.366,8.320377866405256,40.65522171,A192,_,00080,366
A192__00030.366,8.231920691297471,40.649124459999996,A192,_,00030,366
A192__0071.3661,8.322083711076068,40.55740368,A192,_,0071,3661
A192__0071.3662,8.321922353279213,40.557289714999996,A192,_,0071,3662
A192__0071.3666,8.323419526445978,40.554842635,A192,_,0071,3666
A192__0071.3669,8.32499779257737,40.55529139,A192,_,0071,3669
A192__00010.367,8.23058966090877,40.66271688,A192,_,00010,367
A192__00970.367,8.313688293500096,40.55725399,A192,_,00970,367
A192__00950.367,8.358320421223478,40.505184925,A192,_,00950,367
A192__00940.367,8.354479569985724,40.509668575,A192,_,00940,367
A192__00930.367,8.339007613053099,40.522287345,A192,_,00930,367
A192__00890.367,8.352296387349972,40.530807415,A192,_,00890,367
A192__00850.367,8.344243342992296,40.531687865,A192,_,00850,367
A192__00840.367,8.333360373905162,40.536238145,A192,_,00840,367
A192__00810.367,8.373889971471556,40.543658934999996,A192,_,00810,367
A192__00790.367,8.34841032145885,40.54216377,A192,_,00790,367
A192__0077.367,8.331169047763833,40.55278721,A192,_,0077,367
A192__00740.367,8.358253333387447,40.560933545,A192,_,00740,367
A192__00720.367,8.338273893949232,40.559066375,A192,_,00720,367
A192__00680.367,8.348793575304626,40.567302555,A192,_,00680,367
A192__00670.367,8.34356728588804,40.562974705,A192,_,00670,367
A192__0064.367,8.318984341924368,40.56440164,A192,_,0064,367
A192__00630.367,8.332809044422902,40.574137365,A192,_,00630,367
A192__00620.367,8.33213356723909,40.57826158,A192,_,00620,367
A192__00600.367,8.349299199425271,40.58011161,A192,_,00600,367
A192__00590.367,8.390564464858523,40.57888982,A192,_,00590,367
A192__00580.367,8.367228947273349,40.578230469999994,A192,_,00580,367
A192__00540.367,8.343037034219869,40.59250719,A192,_,00540,367
A192__00450.367,8.148440878646008,40.60416653,A192,_,00450,367
A192__00420.367,8.341438481371277,40.604814340000004,A192,_,00420,367
A192__00400.367,8.327658102465389,40.5971368,A192,_,00400,367
A192__00380.367,8.312051979906213,40.59770259,A192,_,00380,367
A192__00350.367,8.276179430444444,40.603444595,A192,_,00350,367
A192__00300.367,8.38536610695688,40.612434255,A192,_,00300,367
A192__00280.367,8.369870203395688,40.62100797,A192,_,00280,367
A192__00270.367,8.334899578956229,40.61960754,A192,_,00270,367
A192__00260.367,8.296350069019345,40.616239635,A192,_,00260,367
A192__00250.367,8.281046509297337,40.60844224,A192,_,00250,367
A192__00170.367,8.322350952696608,40.63163002,A192,_,00170,367
A192__00160.367,8.271950151862779,40.633179705,A192,_,00160,367
A192__00150.367,8.21314251863646,40.640140255000006,A192,_,00150,367
A192__00110.367,8.280399363762378,40.650422705,A192,_,00110,367
A192__00060.367,8.294514606468239,40.65321924,A192,_,00060,367
A192__00050.367,8.26387295447,40.66924693,A192,_,00050,367
A192__00030.367,8.232239438209865,40.649108915,A192,_,00030,367
A192__0071.3673,8.319894499806122,40.553375065,A192,_,0071,3673
A192__0071.3679,8.319447184802815,40.55511189,A192,_,0071,3679
A192__00010.368,8.230611009039604,40.66258602,A192,_,00010,368
A192__00970.368,8.313757692371503,40.557204135,A192,_,00970,368
A192__00950.368,8.357841248357879,40.50513667,A192,_,00950,368
A192__00940.368,8.353032181351075,40.51114484,A192,_,00940,368
A192__00930.368,8.339283574104572,40.522246295,A192,_,00930,368
A192__00870.368,8.337512751297576,40.5335853,A192,_,00870,368
A192__00850.368,8.336076357091386,40.53736156,A192,_,00850,368
A192__00840.368,8.333466220516229,40.536272780000004,A192,_,00840,368
A192__00810.368,8.37419571080051,40.54406372,A192,_,00810,368
A192__00780.368,8.326406114703884,40.545810165000006,A192,_,00780,368
A192__0077.368,8.329026005354375,40.5524358,A192,_,0077,368
A192__00750.368,8.36410501672303,40.55783943,A192,_,00750,368
A192__00720.368,8.338591512109739,40.559008455,A192,_,00720,368
A192__00680.368,8.350062213182838,40.567615110000006,A192,_,00680,368
A192__0064.368,8.318694866247185,40.564185805,A192,_,0064,368
A192__00630.368,8.333614665585745,40.57023459,A192,_,00630,368
A192__00620.368,8.332226863741607,40.57810568,A192,_,00620,368
A192__0061.368,8.318697255803093,40.575174669999996,A192,_,0061,368
A192__00600.368,8.348707736955536,40.58029621,A192,_,00600,368
A192__00590.368,8.392418885144046,40.580195925,A192,_,00590,368
A192__00540.368,8.351263710897388,40.59222235,A192,_,00540,368
A192__00480.368,8.224942884195077,40.590490095,A192,_,00480,368
A192__00450.368,8.148032442931532,40.60384116,A192,_,00450,368
A192__00420.368,8.341248149793765,40.60444789,A192,_,00420,368
A192__00410.368,8.331774844451433,40.60964913,A192,_,00410,368
A192__00400.368,8.327735175126463,40.59693407,A192,_,00400,368
A192__00390.368,8.324093988161186,40.608966120000005,A192,_,00390,368
A192__00380.368,8.311011903366857,40.59258362,A192,_,00380,368
A192__00360.368,8.299516122327958,40.610880325,A192,_,00360,368
A192__00350.368,8.276245439086626,40.60355505,A192,_,00350,368
A192__00300.368,8.384989943545397,40.61220557,A192,_,00300,368
A192__00280.368,8.369684916962115,40.621083455000004,A192,_,00280,368
A192__00270.368,8.334894413744017,40.619710245,A192,_,00270,368
A192__00260.368,8.296587134930627,40.61625289,A192,_,00260,368
A192__00250.368,8.28149856799246,40.608110620000005,A192,_,00250,368
A192__00170.368,8.31865090165359,40.630689489999995,A192,_,00170,368
A192__00160.368,8.270720884598848,40.636969485,A192,_,00160,368
A192__00150.368,8.212686305490067,40.63942792,A192,_,00150,368
A192__00080.368,8.32264918852618,40.662663034999994,A192,_,00080,368
A192__0071.3687,8.325508607778392,40.555835975,A192,_,0071,3687
A192__0071.3689,8.321331624234709,40.554979615,A192,_,0071,3689
A192__00010.369,8.219272225490094,40.660167744999995,A192,_,00010,369
A192__00950.369,8.357929443505352,40.50492647,A192,_,00950,369
A192__00940.369,8.35301713950463,40.510924919999994,A192,_,00940,369
A192__00870.369,8.337716645490108,40.533396960000005,A192,_,00870,369
A192__00860.369,8.352538727578072,40.53897555,A192,_,00860,369
A192__00850.369,8.34442632179896,40.529681285,A192,_,00850,369
A192__00840.369,8.333458840725214,40.53610745,A192,_,00840,369
A192__00810.369,8.373990602242394,40.54410767,A192,_,00810,369
A192__00790.369,8.348064519146597,40.54192629,A192,_,00790,369
A192__00780.369,8.32666069151562,40.545851775,A192,_,00780,369
A192__0077.369,8.329318966578949,40.55333573,A192,_,0077,369
A192__00720.369,8.337043129933166,40.55875149,A192,_,00720,369
A192__00670.369,8.348189782193328,40.567414755,A192,_,00670,369
A192__00660.369,8.328090527624134,40.56034696,A192,_,00660,369
A192__0064.369,8.318898640922562,40.56408081,A192,_,0064,369
A192__00630.369,8.333196923999738,40.5704262,A192,_,00630,369
A192__00620.369,8.332060308763356,40.578300025000004,A192,_,00620,369
A192__00590.369,8.392429893817138,40.57997271,A192,_,00590,369
A192__00580.369,8.364009851975501,40.58736544,A192,_,00580,369
A192__00570.369,8.348993495640027,40.588854695,A192,_,00570,369
A192__00540.369,8.351280110043263,40.59247689,A192,_,00540,369
A192__00530.369,8.333100303712971,40.590072715000005,A192,_,00530,369
A192__00450.369,8.14417203641412,40.60277052,A192,_,00450,369
A192__00420.369,8.341449764058451,40.60498416,A192,_,00420,369
A192__00400.369,8.327755681298035,40.59678911,A192,_,00400,369
A192__00390.369,8.3238037014834,40.605617565,A192,_,00390,369
A192__00380.369,8.311549173288206,40.593058205000006,A192,_,00380,369
A192__00350.369,8.27613079074731,40.60336102,A192,_,00350,369
A192__00300.369,8.384569519108485,40.611821835,A192,_,00300,369
A192__00250.369,8.267883013020448,40.62465281,A192,_,00250,369
A192__00160.369,8.270970574824712,40.637048390000004,A192,_,00160,369
A192__00150.369,8.2425783664117,40.64217987,A192,_,00150,369
A192__00120.369,8.29867637463886,40.636956135,A192,_,00120,369
A192__00060.369,8.296780815348896,40.653108575000005,A192,_,00060,369
A192__00050.369,8.257260195594633,40.66514188,A192,_,00050,369
A192__0071.3691,8.32548276938898,40.551900055000004,A192,_,0071,3691
A192__00030.37,8.230215529311812,40.654257365,A192,_,00030,37
A192__00960.37,8.362832216983719,40.5158054,A192,_,00960,37
A192__00950.37,8.345925914586307,40.51971428,A192,_,00950,37
A192__00900.37,8.357032828921735,40.53630204,A192,_,00900,37
A192__00890.37,8.354158266112702,40.53366304,A192,_,00890,37
A192__00880.37,8.342875983590412,40.527783025,A192,_,00880,37
A192__00870.37,8.339781118184444,40.525265735,A192,_,00870,37
A192__00850.37,8.342621437079018,40.53764539,A192,_,00850,37
A192__00800.37,8.356003063992866,40.54458735,A192,_,00800,37
A192__00780.37,8.324617346328665,40.54460118,A192,_,00780,37
A192__00740.37,8.36317412597963,40.55767231,A192,_,00740,37
A192__00730.37,8.354452222325861,40.555411305,A192,_,00730,37
A192__00720.37,8.33668831374553,40.55939471000001,A192,_,00720,37
A192__00680.37,8.360391927615577,40.565354310000004,A192,_,00680,37
A192__00670.37,8.345059106077084,40.56645623,A192,_,00670,37
A192__00650.37,8.315187287220784,40.559865564999996,A192,_,00650,37
A192__00640.37,8.326921808144714,40.568825845,A192,_,00640,37
A192__00630.37,8.33681558936567,40.569702695000004,A192,_,00630,37
A192__00600.37,8.35409753963237,40.57885765,A192,_,00600,37
A192__00580.37,8.351638302330851,40.580729794999996,A192,_,00580,37
A192__00550.37,8.323244472189696,40.586515175,A192,_,00550,37
A192__00530.37,8.33452932662431,40.594680745,A192,_,00530,37
A192__00510.37,8.317318484260827,40.59086155,A192,_,00510,37
A192__0050.37,8.310202495625813,40.579821280000004,A192,_,0050,37
A192__00460.37,8.162906200573435,40.560922325,A192,_,00460,37
A192__00450.37,8.168836089196567,40.585243495,A192,_,00450,37
A192__00440.37,8.391470274699724,40.604122995,A192,_,00440,37
A192__00430.37,8.370146548336239,40.597554145000004,A192,_,00430,37
A192__00420.37,8.341558802780185,40.604242745,A192,_,00420,37
A192__00410.37,8.341389115641572,40.605673625,A192,_,00410,37
A192__00400.37,8.329330354536555,40.60172533,A192,_,00400,37
A192__00390.37,8.323378088173797,40.60773886,A192,_,00390,37
A192__00380.37,8.312507649033039,40.5997629,A192,_,00380,37
A192__00370.37,8.311221626198648,40.588824155,A192,_,00370,37
A192__00360.37,8.290901135333351,40.603804960000005,A192,_,00360,37
A192__00350.37,8.265315379504763,40.60083446,A192,_,00350,37
A192__00330.37,8.25898030518779,40.59660586,A192,_,00330,37
A192__00320.37,8.213528963617033,40.612021475000006,A192,_,00320,37
A192__00310.37,8.36800790252024,40.613836465,A192,_,00310,37
A192__00290.37,8.382889182623101,40.611596405,A192,_,00290,37
A192__00280.37,8.35513991832469,40.606386325,A192,_,00280,37
A192__00240.37,8.207435590846465,40.62266976,A192,_,00240,37
A192__00220.37,8.145739557077444,40.613342665000005,A192,_,00220,37
A192__00190.37,8.21029897266563,40.61540838,A192,_,00190,37
A192__00150.37,8.219722635398423,40.641143375,A192,_,00150,37
A192__00140.37,8.193728795353898,40.638612124999995,A192,_,00140,37
A192__00120.37,8.311308537507028,40.644337445000005,A192,_,00120,37
A192__00110.37,8.296876797773734,40.647800835,A192,_,00110,37
A192__00100.37,8.278157683270637,40.648242225000004,A192,_,00100,37
A192__00090.37,8.221607111922903,40.64501468,A192,_,00090,37
A192__00070.37,8.325618966597908,40.65969529,A192,_,00070,37
A192__00060.37,8.291148380022452,40.66193278,A192,_,00060,37
A192__00040.37,8.25697150954296,40.657275240000004,A192,_,00040,37
A192__00010.370,8.219551450128442,40.657384025,A192,_,00010,370
A192__00970.370,8.313825485192307,40.55714873,A192,_,00970,370
A192__00950.370,8.358184160163782,40.50487676,A192,_,00950,370
A192__00940.370,8.352963411593102,40.5107086,A192,_,00940,370
A192__00930.370,8.339439809791271,40.516648535,A192,_,00930,370
A192__00800.370,8.356990782853103,40.544769215,A192,_,00800,370
A192__00790.370,8.348699146274633,40.542232235,A192,_,00790,370
A192__00740.370,8.359595526582773,40.56352126,A192,_,00740,370
A192__00720.370,8.338777230305018,40.558793255,A192,_,00720,370
A192__0071.370,8.317833475278654,40.557233104999995,A192,_,0071,370
A192__00690.370,8.371188974192702,40.56614089999999,A192,_,00690,370
A192__0064.370,8.318842791763146,40.564227335,A192,_,0064,370
A192__00630.370,8.335411671827927,40.573004014999995,A192,_,00630,370
A192__00620.370,8.332035749628218,40.578369574999996,A192,_,00620,370
A192__00590.370,8.392398937648707,40.579448729999996,A192,_,00590,370
A192__00580.370,8.364142244668395,40.58739783,A192,_,00580,370
A192__00550.370,8.323189866844052,40.58201125,A192,_,00550,370
A192__00540.370,8.348530144823645,40.593627535,A192,_,00540,370
A192__00530.370,8.33299232286436,40.589937105000004,A192,_,00530,370
A192__00450.370,8.14480863213856,40.602565205000005,A192,_,00450,370
A192__00420.370,8.347305949198562,40.60087686,A192,_,00420,370
A192__00390.370,8.324352415748773,40.605493565,A192,_,00390,370
A192__00360.370,8.31859903932995,40.612942345,A192,_,00360,370
A192__00350.370,8.276390762312445,40.60334928,A192,_,00350,370
A192__00320.370,8.217391576377135,40.59384197,A192,_,00320,370
A192__00300.370,8.384606114346935,40.61193054,A192,_,00300,370
A192__00280.370,8.365767149341307,40.619721825,A192,_,00280,370
A192__00170.370,8.307014600466955,40.625043954999995,A192,_,00170,370
A192__00160.370,8.271256556931498,40.636990985,A192,_,00160,370
A192__00150.370,8.24264588825557,40.6404358,A192,_,00150,370
A192__00120.370,8.299775696259395,40.636911525,A192,_,00120,370
A192__00100.370,8.267390824822181,40.649055195,A192,_,00100,370
A192__00080.370,8.31973603274232,40.658841975,A192,_,00080,370
A192__00060.370,8.295467214582196,40.66364908,A192,_,00060,370
A192__00050.370,8.257404176291889,40.665304965000004,A192,_,00050,370
A192__0071.3700,8.325924705343505,40.55623305,A192,_,0071,3700
A192__0071.3705,8.319331951630856,40.552785145,A192,_,0071,3705
A192__00010.371,8.219715755565627,40.655699905000006,A192,_,00010,371
A192__00970.371,8.31384468895562,40.557085259999994,A192,_,00970,371
A192__00950.371,8.361033299836269,40.50479467,A192,_,00950,371
A192__00940.371,8.353556591385498,40.5113303,A192,_,00940,371
A192__00930.371,8.34137371957657,40.51643834,A192,_,00930,371
A192__00870.371,8.338301158578544,40.533671465,A192,_,00870,371
A192__00840.371,8.328659256704228,40.539177375,A192,_,00840,371
A192__00810.371,8.370536389396417,40.548503875,A192,_,00810,371
A192__00780.371,8.333973400715287,40.54188036,A192,_,00780,371
A192__0077.371,8.329955406886917,40.55489646,A192,_,0077,371
A192__00740.371,8.359512075931784,40.563568695,A192,_,00740,371
A192__00720.371,8.33881887633528,40.55936553,A192,_,00720,371
A192__00690.371,8.371755038698375,40.56584462,A192,_,00690,371
A192__00670.371,8.347950727668465,40.567514515,A192,_,00670,371
A192__00630.371,8.333312789210638,40.575173715000005,A192,_,00630,371
A192__00620.371,8.331939049871547,40.578406855,A192,_,00620,371
A192__0061.371,8.318338137452063,40.57544312,A192,_,0061,371
A192__00590.371,8.392476663824997,40.57961212,A192,_,00590,371
A192__00580.371,8.36426649408028,40.58740507500001,A192,_,00580,371
A192__00570.371,8.350013285506567,40.590531049999996,A192,_,00570,371
A192__00550.371,8.31873872318608,40.582035045,A192,_,00550,371
A192__00540.371,8.347833586960949,40.59358334,A192,_,00540,371
A192__00450.371,8.145458519043963,40.60247214,A192,_,00450,371
A192__00420.371,8.341692115397528,40.59870082,A192,_,00420,371
A192__00400.371,8.328616601046363,40.59682536,A192,_,00400,371
A192__00390.371,8.320149562317482,40.605255195,A192,_,00390,371
A192__00380.371,8.311895099856667,40.59315939,A192,_,00380,371
A192__00360.371,8.318267090427161,40.612914884999995,A192,_,00360,371
A192__00350.371,8.276215441874779,40.603181719999995,A192,_,00350,371
A192__00320.371,8.21751594312612,40.59365468,A192,_,00320,371
A192__00260.371,8.286412538389545,40.619110995,A192,_,00260,371
A192__00170.371,8.313597246710952,40.635445815,A192,_,00170,371
A192__00150.371,8.223084334557496,40.644185164999996,A192,_,00150,371
A192__00120.371,8.300829691760395,40.636937065,A192,_,00120,371
A192__00080.371,8.319556715031606,40.658708219999994,A192,_,00080,371
A192__00060.371,8.295353671425694,40.663350115,A192,_,00060,371
A192__00050.371,8.257523727597508,40.665466505,A192,_,00050,371
A192__0071.3714,8.327041926036209,40.558260355,A192,_,0071,3714
A192__0071.3715,8.322318453158424,40.55350208,A192,_,0071,3715
A192__00010.372,8.220195170792662,40.655638995000004,A192,_,00010,372
A192__00970.372,8.31387584474011,40.557026885,A192,_,00970,372
A192__00950.372,8.358818168219772,40.504773475,A192,_,00950,372
A192__00940.372,8.35358783757311,40.51107405,A192,_,00940,372
A192__00930.372,8.336920616854734,40.524077815,A192,_,00930,372
A192__00890.372,8.352038690615291,40.530529105,A192,_,00890,372
A192__00860.372,8.356052669496478,40.54083982,A192,_,00860,372
A192__00840.372,8.32848074311948,40.539123384999996,A192,_,00840,372
A192__00810.372,8.373845771419925,40.54663545,A192,_,00810,372
A192__00800.372,8.34572545661369,40.546251389999995,A192,_,00800,372
A192__00750.372,8.36662678659151,40.56777563,A192,_,00750,372
A192__00720.372,8.338357568732953,40.560469885,A192,_,00720,372
A192__00670.372,8.347670271771332,40.567320935,A192,_,00670,372
A192__00630.372,8.333028679576675,40.57462402,A192,_,00630,372
A192__00620.372,8.331986543386044,40.57842883,A192,_,00620,372
A192__00590.372,8.39548741593528,40.579092695,A192,_,00590,372
A192__00550.372,8.320549218898478,40.588641685,A192,_,00550,372
A192__00450.372,8.145855353624395,40.60229728,A192,_,00450,372
A192__00420.372,8.342029047840269,40.598212895,A192,_,00420,372
A192__00410.372,8.331900450488154,40.60934284,A192,_,00410,372
A192__00400.372,8.325321222371958,40.600565295,A192,_,00400,372
A192__00390.372,8.320156055033795,40.605413805,A192,_,00390,372
A192__00380.372,8.311758819678388,40.59326426,A192,_,00380,372
A192__00360.372,8.299951979000978,40.6129756,A192,_,00360,372
A192__00350.372,8.264869991149096,40.603676395,A192,_,00350,372
A192__00300.372,8.39435726624296,40.615750295,A192,_,00300,372
A192__00280.372,8.354037420084742,40.612039165,A192,_,00280,372
A192__00260.372,8.286904738332426,40.619209385000005,A192,_,00260,372
A192__00210.372,8.334240369458016,40.62130028,A192,_,00210,372
A192__00170.372,8.313410153660588,40.634786829999996,A192,_,00170,372
A192__00150.372,8.225950198260037,40.645373725,A192,_,00150,372
A192__00120.372,8.301865945179927,40.636884845,A192,_,00120,372
A192__00110.372,8.296120748715243,40.64820249,A192,_,00110,372
A192__00100.372,8.268880290765733,40.649768725,A192,_,00100,372
A192__00080.372,8.319749100439699,40.65860341,A192,_,00080,372
A192__00050.372,8.25767420449108,40.66543202,A192,_,00050,372
A192__00040.372,8.253083500637775,40.664627825,A192,_,00040,372
A192__0071.3727,8.320132551104145,40.557660139999996,A192,_,0071,3727
A192__0071.3728,8.318691213810702,40.55216685,A192,_,0071,3728
A192__0071.3729,8.321533951301278,40.55382469,A192,_,0071,3729
A192__00040.373,8.254428947451181,40.663520485,A192,_,00040,373
A192__00970.373,8.313814480452304,40.557015945,A192,_,00970,373
A192__00950.373,8.358508704577046,40.50412585,A192,_,00950,373
A192__00940.373,8.353636046101224,40.51085424,A192,_,00940,373
A192__00930.373,8.341029203478694,40.522516295,A192,_,00930,373
A192__00900.373,8.359489895619326,40.526820615,A192,_,00900,373
A192__00890.373,8.351914596162654,40.530597565,A192,_,00890,373
A192__00870.373,8.337700065439961,40.52565874,A192,_,00870,373
A192__00860.373,8.356961203343207,40.540915645,A192,_,00860,373
A192__00800.373,8.345751906276167,40.546219879999995,A192,_,00800,373
A192__00790.373,8.348132059437198,40.54234035,A192,_,00790,373
A192__00780.373,8.335127153564233,40.54159122,A192,_,00780,373
A192__0077.373,8.331031197468302,40.552520279999996,A192,_,0077,373
A192__00750.373,8.369004914883735,40.561118075,A192,_,00750,373
A192__00740.373,8.354540497521594,40.558279465,A192,_,00740,373
A192__00720.373,8.338958198051834,40.559146825,A192,_,00720,373
A192__00690.373,8.370024126383926,40.56627213,A192,_,00690,373
A192__0064.373,8.31945906102876,40.564212125,A192,_,0064,373
A192__00630.373,8.339128132852107,40.57145782,A192,_,00630,373
A192__00620.373,8.331453102045863,40.578786095,A192,_,00620,373
A192__0061.373,8.318692332389844,40.575625555,A192,_,0061,373
A192__00600.373,8.349435328432186,40.578028544999995,A192,_,00600,373
A192__00590.373,8.395457719480447,40.579872865,A192,_,00590,373
A192__00550.373,8.320943991227626,40.588399765000005,A192,_,00550,373
A192__00540.373,8.355254659286835,40.592176405000004,A192,_,00540,373
A192__00450.373,8.14795833238314,40.601962455,A192,_,00450,373
A192__00410.373,8.331964262398436,40.608908035,A192,_,00410,373
A192__00400.373,8.32535572312844,40.60048915,A192,_,00400,373
A192__00390.373,8.323101342823907,40.602681615,A192,_,00390,373
A192__00380.373,8.311372322269118,40.599434724999995,A192,_,00380,373
A192__00360.373,8.300305388539101,40.612823930000005,A192,_,00360,373
A192__00350.373,8.264523494606934,40.60437671,A192,_,00350,373
A192__00320.373,8.221998398726608,40.598119095,A192,_,00320,373
A192__00300.373,8.39347660399049,40.615903185,A192,_,00300,373
A192__00280.373,8.353920188657163,40.611938945,A192,_,00280,373
A192__00270.373,8.33026759280607,40.612443595,A192,_,00270,373
A192__00260.373,8.28659893793991,40.618845675,A192,_,00260,373
A192__00210.373,8.334260865009146,40.62142297,A192,_,00210,373
A192__00170.373,8.307700624795267,40.62527681,A192,_,00170,373
A192__00150.373,8.225588912059429,40.645128395,A192,_,00150,373
A192__00110.373,8.296531367597314,40.64829401,A192,_,00110,373
A192__00080.373,8.320060613494604,40.658471415,A192,_,00080,373
A192__00060.373,8.295942626003548,40.664138255,A192,_,00060,373
A192__00050.373,8.257926280411738,40.665551050000005,A192,_,00050,373
A192__0071.3731,8.320682570016844,40.552681324999995,A192,_,0071,3731
A192__0071.3737,8.324819087939026,40.550092375,A192,_,0071,3737
A192__0071.3738,8.325857820118419,40.548974895,A192,_,0071,3738
A192__0071.3739,8.325647571474528,40.54911728,A192,_,0071,3739
A192__00040.374,8.252873645691785,40.66260848,A192,_,00040,374
A192__00950.374,8.35743526786501,40.50505367,A192,_,00950,374
A192__00930.374,8.34098752668052,40.52244034,A192,_,00930,374
A192__00900.374,8.359727871219228,40.526744019999995,A192,_,00900,374
A192__00890.374,8.34975811695507,40.525485630000006,A192,_,00890,374
A192__00870.374,8.337793584056058,40.5255961,A192,_,00870,374
A192__00860.374,8.355997458170101,40.540521145,A192,_,00860,374
A192__00790.374,8.342668748950016,40.543429345,A192,_,00790,374
A192__00780.374,8.329101421552073,40.545263145,A192,_,00780,374
A192__00750.374,8.369164925918156,40.56065014,A192,_,00750,374
A192__00720.374,8.338986845698809,40.559502245000004,A192,_,00720,374
A192__0071.374,8.318739314935508,40.55766947,A192,_,0071,374
A192__00690.374,8.370530798487401,40.565606505000005,A192,_,00690,374
A192__00670.374,8.34535128706959,40.566686000000004,A192,_,00670,374
A192__00630.374,8.339243519219036,40.571491935,A192,_,00630,374
A192__00620.374,8.331776126057845,40.57849199,A192,_,00620,374
A192__00600.374,8.350434590215148,40.57771325,A192,_,00600,374
A192__00590.374,8.395428729770565,40.579638665000004,A192,_,00590,374
A192__00580.374,8.364724265716845,40.584392815,A192,_,00580,374
A192__00550.374,8.320582005488426,40.588699555,A192,_,00550,374
A192__00450.374,8.14732237724953,40.60104596,A192,_,00450,374
A192__00410.374,8.331809986277097,40.60851832,A192,_,00410,374
A192__00400.374,8.329668883261117,40.598589145,A192,_,00400,374
A192__00390.374,8.324618699999982,40.60233001,A192,_,00390,374
A192__00380.374,8.311302716559974,40.599211615,A192,_,00380,374
A192__00360.374,8.30084100233774,40.613023850000005,A192,_,00360,374
A192__00300.374,8.394145296331121,40.615743275,A192,_,00300,374
A192__00270.374,8.331713883780466,40.612490365,A192,_,00270,374
A192__00260.374,8.286927734531584,40.618915085,A192,_,00260,374
A192__00210.374,8.335151955382205,40.621775400000004,A192,_,00210,374
A192__00190.374,8.20763489220056,40.619680365,A192,_,00190,374
A192__00170.374,8.307748591753448,40.625176780000004,A192,_,00170,374
A192__00160.374,8.264456294675256,40.638299,A192,_,00160,374
A192__00150.374,8.235821331583384,40.639531535,A192,_,00150,374
A192__00120.374,8.301068297708916,40.635655925,A192,_,00120,374
A192__00110.374,8.284606758525486,40.650739385,A192,_,00110,374
A192__00090.374,8.204519680719265,40.64801681,A192,_,00090,374
A192__00080.374,8.31956305338217,40.658045384999994,A192,_,00080,374
A192__00050.374,8.265225977838437,40.6603798,A192,_,00050,374
A192__0071.3740,8.321018399757452,40.5531826,A192,_,0071,3740
A192__0071.3743,8.322872200867558,40.55540627,A192,_,0071,3743
A192__0071.3745,8.320529878404535,40.556709260000005,A192,_,0071,3745
A192__00050.375,8.266098533002472,40.659669495,A192,_,00050,375
A192__00940.375,8.356825730505538,40.512305525,A192,_,00940,375
A192__00900.375,8.360418048427992,40.527225675,A192,_,00900,375
A192__00890.375,8.349845269038994,40.52516959,A192,_,00890,375
A192__00870.375,8.338114446616437,40.52551273,A192,_,00870,375
A192__00860.375,8.35685102564287,40.54063401,A192,_,00860,375
A192__00790.375,8.342477593149829,40.543293815,A192,_,00790,375
A192__00780.375,8.328997636459096,40.54555544,A192,_,00780,375
A192__00750.375,8.3735902148864,40.550738530000004,A192,_,00750,375
A192__00740.375,8.35484696132341,40.558329995,A192,_,00740,375
A192__00720.375,8.33876803445677,40.559999184999995,A192,_,00720,375
A192__00690.375,8.371123195869849,40.565434255,A192,_,00690,375
A192__00670.375,8.338274836762725,40.569058225000006,A192,_,00670,375
A192__0064.375,8.3190272578951,40.564325605,A192,_,0064,375
A192__00630.375,8.335226290734148,40.573712365,A192,_,00630,375
A192__00620.375,8.331409796368169,40.57879415,A192,_,00620,375
A192__0061.375,8.317695572580881,40.575112575,A192,_,0061,375
A192__00590.375,8.388783537982619,40.58221065,A192,_,00590,375
A192__00570.375,8.349886205110462,40.588414865000004,A192,_,00570,375
A192__00550.375,8.320878365789218,40.58839183,A192,_,00550,375
A192__00530.375,8.338467775385146,40.597474015,A192,_,00530,375
A192__00450.375,8.146288395630133,40.600415705,A192,_,00450,375
A192__00410.375,8.331708468665944,40.60831388,A192,_,00410,375
A192__00380.375,8.311359579712983,40.59900766,A192,_,00380,375
A192__00360.375,8.300407226056073,40.612844135,A192,_,00360,375
A192__00350.375,8.277017582985284,40.6036232,A192,_,00350,375
A192__00300.375,8.39411241,40.61566686,A192,_,00300,375
A192__00210.375,8.335321822937917,40.622009039999995,A192,_,00210,375
A192__00170.375,8.30766326492369,40.625094849999996,A192,_,00170,375
A192__00160.375,8.264724959459958,40.636416795,A192,_,00160,375
A192__00150.375,8.235024096095284,40.639756930000004,A192,_,00150,375
A192__00120.375,8.300480661707253,40.635681515,A192,_,00120,375
A192__00110.375,8.28698906090286,40.649685364999996,A192,_,00110,375
A192__00100.375,8.274648589306686,40.653516984999996,A192,_,00100,375
A192__00090.375,8.203683830800593,40.647398855,A192,_,00090,375
A192__00080.375,8.319381629687273,40.657580644999996,A192,_,00080,375
A192__0071.3753,8.321950985020793,40.55045289,A192,_,0071,3753
A192__0071.3755,8.32118341521711,40.55400856,A192,_,0071,3755
A192__0071.3756,8.324875877591502,40.557961954999996,A192,_,0071,3756
A192__00030.376,8.240511932491946,40.66340896,A192,_,00030,376
A192__00900.376,8.360221661988472,40.526908469999995,A192,_,00900,376
A192__00890.376,8.35089845714543,40.52522277,A192,_,00890,376
A192__00870.376,8.336328435357053,40.533794285,A192,_,00870,376
A192__00860.376,8.35674071946723,40.54029758,A192,_,00860,376
A192__00850.376,8.344433975010915,40.53003294,A192,_,00850,376
A192__00780.376,8.337447159854234,40.54362908,A192,_,00780,376
A192__00720.376,8.339293325958705,40.55983013,A192,_,00720,376
A192__00690.376,8.372370698170517,40.564841915,A192,_,00690,376
A192__00670.376,8.338214577721594,40.569109874999995,A192,_,00670,376
A192__00660.376,8.33605417832272,40.561843815,A192,_,00660,376
A192__0064.376,8.319148036883512,40.564398315,A192,_,0064,376
A192__00630.376,8.335419289254565,40.57565643,A192,_,00630,376
A192__00620.376,8.331348099803222,40.578880745,A192,_,00620,376
A192__0061.376,8.31814209573939,40.575127144999996,A192,_,0061,376
A192__00590.376,8.395766558825718,40.57858059,A192,_,00590,376
A192__00570.376,8.35240769893304,40.59013536,A192,_,00570,376
A192__00550.376,8.31896894498927,40.581370725,A192,_,00550,376
A192__00530.376,8.337417677455512,40.596090035,A192,_,00530,376
A192__00450.376,8.145948241771652,40.598888155,A192,_,00450,376
A192__00410.376,8.331382812347764,40.607548859999994,A192,_,00410,376
A192__00400.376,8.323858710546178,40.59746891,A192,_,00400,376
A192__00390.376,8.321026599219502,40.596858215,A192,_,00390,376
A192__00360.376,8.297511480100534,40.608402240000004,A192,_,00360,376
A192__00280.376,8.35433359945252,40.611100475,A192,_,00280,376
A192__00270.376,8.330736244144543,40.61077968,A192,_,00270,376
A192__00210.376,8.335185156533514,40.621435165,A192,_,00210,376
A192__00170.376,8.307847130269788,40.62497893,A192,_,00170,376
A192__00150.376,8.236527680022185,40.639605565,A192,_,00150,376
A192__00120.376,8.299437304661023,40.635680750000006,A192,_,00120,376
A192__00110.376,8.282413252366705,40.646139985000005,A192,_,00110,376
A192__00100.376,8.274232433169278,40.65385132,A192,_,00100,376
A192__00080.376,8.319615981096417,40.657225765,A192,_,00080,376
A192__00050.376,8.266562803283872,40.65978538,A192,_,00050,376
A192__00040.376,8.251949932667573,40.656644845,A192,_,00040,376
A192__0071.3761,8.320403435652565,40.552944995000004,A192,_,0071,3761
A192__0071.3763,8.32629112963774,40.55491365,A192,_,0071,3763
A192__0071.3765,8.320970209589774,40.55084146,A192,_,0071,3765
A192__0071.3768,8.31879819183473,40.552528275,A192,_,0071,3768
A192__00030.377,8.24050284435233,40.663153355,A192,_,00030,377
A192__00950.377,8.359738102918074,40.504796235,A192,_,00950,377
A192__00940.377,8.35476262664492,40.517866165,A192,_,00940,377
A192__00930.377,8.34095460689537,40.516888699999996,A192,_,00930,377
A192__00890.377,8.350343902044909,40.525109885,A192,_,00890,377
A192__00880.377,8.343447333621269,40.52928214,A192,_,00880,377
A192__00870.377,8.335399128242392,40.533866505,A192,_,00870,377
A192__00860.377,8.356263216176185,40.5403363,A192,_,00860,377
A192__00850.377,8.342996418530563,40.53816213,A192,_,00850,377
A192__00800.377,8.35118785902306,40.54733276,A192,_,00800,377
A192__00790.377,8.349038582776862,40.53835683,A192,_,00790,377
A192__00780.377,8.337498559454861,40.543450019999995,A192,_,00780,377
A192__00720.377,8.33835299342076,40.56056215,A192,_,00720,377
A192__00690.377,8.370413715239032,40.565594355,A192,_,00690,377
A192__00680.377,8.354244712621576,40.56839194,A192,_,00680,377
A192__00660.377,8.333246522403691,40.56540647,A192,_,00660,377
A192__00620.377,8.331173104947244,40.57986337,A192,_,00620,377
A192__00590.377,8.395788366428302,40.578963475,A192,_,00590,377
A192__00530.377,8.337729307977522,40.596108830000006,A192,_,00530,377
A192__00450.377,8.147466413742123,40.59754164500001,A192,_,00450,377
A192__00400.377,8.324297602870924,40.597198899999995,A192,_,00400,377
A192__00390.377,8.31901957342619,40.607202475,A192,_,00390,377
A192__00380.377,8.315068883120727,40.59972964,A192,_,00380,377
A192__00360.377,8.297331363283401,40.608478930000004,A192,_,00360,377
A192__00350.377,8.275512765505848,40.602862329999994,A192,_,00350,377
A192__00300.377,8.385220015060305,40.60834235,A192,_,00300,377
A192__00270.377,8.333275272209645,40.618965895,A192,_,00270,377
A192__00260.377,8.312835735519155,40.62206235,A192,_,00260,377
A192__00250.377,8.280133983382376,40.61223148,A192,_,00250,377
A192__00210.377,8.335520088919928,40.6207858,A192,_,00210,377
A192__00170.377,8.319245819626431,40.63293327,A192,_,00170,377
A192__00150.377,8.236306155636475,40.639272135,A192,_,00150,377
A192__00110.377,8.280563796156244,40.646064005,A192,_,00110,377
A192__00090.377,8.214876720231395,40.64706841,A192,_,00090,377
A192__00080.377,8.319537827223469,40.65716037,A192,_,00080,377
A192__00060.377,8.29676086284026,40.651161825,A192,_,00060,377
A192__00050.377,8.26679598864899,40.6596396,A192,_,00050,377
A192__00040.377,8.258195247117753,40.659047615,A192,_,00040,377
A192__0071.3770,8.322857627131302,40.557171795,A192,_,0071,3770
A192__0071.3771,8.324372034967421,40.553682609999996,A192,_,0071,3771
A192__0071.3773,8.322346126232347,40.557230805,A192,_,0071,3773
A192__00710.3774,8.325264906857514,40.546258234999996,A192,_,00710,3774
A192__0071.3775,8.323303162895282,40.560574245,A192,_,0071,3775
A192__0071.3777,8.321980672036311,40.559915325,A192,_,0071,3777
A192__0071.3778,8.324263864582942,40.551723304999996,A192,_,0071,3778
A192__00710.3779,8.32633476293952,40.547177565,A192,_,00710,3779
A192__00030.378,8.240812031413004,40.663226125,A192,_,00030,378
A192__00930.378,8.337418932363857,40.520864425,A192,_,00930,378
A192__00860.378,8.355815298580072,40.540064494999996,A192,_,00860,378
A192__00850.378,8.344266951928233,40.530506215,A192,_,00850,378
A192__00800.378,8.35126335052897,40.54756432,A192,_,00800,378
A192__00790.378,8.340201686902759,40.54399832,A192,_,00790,378
A192__00780.378,8.335775370546376,40.541648045,A192,_,00780,378
A192__00750.378,8.366584023562709,40.554517905,A192,_,00750,378
A192__00740.378,8.357200909976058,40.561882925,A192,_,00740,378
A192__00720.378,8.338309339806635,40.56056215,A192,_,00720,378
A192__0071.378,8.316201335535293,40.55617848,A192,_,0071,378
A192__00690.378,8.37010399199752,40.566055335,A192,_,00690,378
A192__00680.378,8.3516821612838,40.569382385,A192,_,00680,378
A192__00670.378,8.339553921984017,40.56964548,A192,_,00670,378
A192__0064.378,8.319249007794276,40.564345875,A192,_,0064,378
A192__00620.378,8.331352434585568,40.579917984999994,A192,_,00620,378
A192__0061.378,8.316925395643898,40.574368504999995,A192,_,0061,378
A192__00600.378,8.346177742335936,40.57929999,A192,_,00600,378
A192__00590.378,8.393511375300802,40.578849919999996,A192,_,00590,378
A192__00550.378,8.321265101272843,40.585215379999994,A192,_,00550,378
A192__00540.378,8.352721787888,40.59302405,A192,_,00540,378
A192__00520.378,8.32880474877631,40.594081974999995,A192,_,00520,378
A192__00450.378,8.147423068371374,40.59718738,A192,_,00450,378
A192__00410.378,8.330459529247634,40.609254975,A192,_,00410,378
A192__00400.378,8.323604141158249,40.597280025,A192,_,00400,378
A192__00390.378,8.319215286728628,40.607266405000004,A192,_,00390,378
A192__00380.378,8.312712637363077,40.595822459999994,A192,_,00380,378
A192__00300.378,8.387027491828615,40.61227835,A192,_,00300,378
A192__00270.378,8.332342024827586,40.61846398,A192,_,00270,378
A192__00260.378,8.313119242801452,40.62249917,A192,_,00260,378
A192__00250.378,8.2792683678399,40.60751389,A192,_,00250,378
A192__00210.378,8.334438053049084,40.620937659999996,A192,_,00210,378
A192__00170.378,8.319973591160606,40.631521485,A192,_,00170,378
A192__00160.378,8.269138092281956,40.634482495,A192,_,00160,378
A192__00150.378,8.217127822532877,40.639283065,A192,_,00150,378
A192__00090.378,8.216701323295585,40.647430505,A192,_,00090,378
A192__00080.378,8.317155825575899,40.654284669999996,A192,_,00080,378
A192__00050.378,8.26700876547499,40.660715975,A192,_,00050,378
A192__00040.378,8.258303059025081,40.65791279,A192,_,00040,378
A192__0071.3780,8.327244839034801,40.556188515,A192,_,0071,3780
A192__00710.3782,8.324377941885224,40.546897465,A192,_,00710,3782
A192__0071.3783,8.324627676129342,40.554450915000004,A192,_,0071,3783
A192__0071.3784,8.320973922195815,40.560727355,A192,_,0071,3784
A192__0071.3785,8.325645745157853,40.550513715,A192,_,0071,3785
A192__0071.3786,8.325257925696995,40.549728935000005,A192,_,0071,3786
A192__0071.3787,8.325115090818063,40.549462375,A192,_,0071,3787
A192__00030.379,8.241007832173391,40.66326569,A192,_,00030,379
A192__00940.379,8.359969151730105,40.50988552,A192,_,00940,379
A192__00930.379,8.337768112433285,40.51704221,A192,_,00930,379
A192__00900.379,8.369992945249018,40.526766890000005,A192,_,00900,379
A192__00880.379,8.343908522586872,40.52882872,A192,_,00880,379
A192__00870.379,8.338054435515511,40.531036310000005,A192,_,00870,379
A192__00860.379,8.356315647212178,40.539921539999995,A192,_,00860,379
A192__00850.379,8.344303683597502,40.530319665,A192,_,00850,379
A192__00800.379,8.362091187530305,40.546351865000005,A192,_,00800,379
A192__00790.379,8.340572327706216,40.543959625,A192,_,00790,379
A192__0077.379,8.328916783881857,40.551499715,A192,_,0077,379
A192__00730.379,8.34707535551394,40.55554651,A192,_,00730,379
A192__00670.379,8.339708403293693,40.56979403,A192,_,00670,379
A192__00660.379,8.338297648218578,40.566652525,A192,_,00660,379
A192__00620.379,8.331400854416216,40.579804425,A192,_,00620,379
A192__00590.379,8.393243742585014,40.578849919999996,A192,_,00590,379
A192__00520.379,8.32847822132172,40.594081974999995,A192,_,00520,379
A192__00450.379,8.147780236592416,40.596448525,A192,_,00450,379
A192__00410.379,8.330696125304717,40.609518609999995,A192,_,00410,379
A192__00390.379,8.320368790823117,40.59740334,A192,_,00390,379
A192__00380.379,8.31277159996836,40.5958804,A192,_,00380,379
A192__00320.379,8.219822407760116,40.598307704999996,A192,_,00320,379
A192__00270.379,8.330430122070434,40.61349121,A192,_,00270,379
A192__00260.379,8.310760387318126,40.62196038,A192,_,00260,379
A192__00250.379,8.285300155253235,40.616188375,A192,_,00250,379
A192__00210.379,8.346645592862277,40.62434393,A192,_,00210,379
A192__00170.379,8.317960105784866,40.63526012,A192,_,00170,379
A192__00160.379,8.26494553210723,40.629175775,A192,_,00160,379
A192__00110.379,8.280437057487898,40.641942549999996,A192,_,00110,379
A192__00100.379,8.27841462322677,40.646747164999994,A192,_,00100,379
A192__00080.379,8.32212508915329,40.6635557,A192,_,00080,379
A192__00060.379,8.295069360435548,40.651155945,A192,_,00060,379
A192__00050.379,8.267726872431487,40.660772885,A192,_,00050,379
A192__00040.379,8.258190108662252,40.657801245,A192,_,00040,379
A192__0071.3790,8.32538694528212,40.55944287,A192,_,0071,3790
A192__0071.3797,8.325016414806708,40.56057988,A192,_,0071,3797
A192__0071.3798,8.327419409382287,40.56056226,A192,_,0071,3798
A192__00040.38,8.259136280252935,40.657399625,A192,_,00040,38
A192__00950.38,8.34154795443721,40.50170937,A192,_,00950,38
A192__00940.38,8.35562561277251,40.51627686,A192,_,00940,38
A192__00930.38,8.338636381490204,40.520995355,A192,_,00930,38
A192__00900.38,8.358561570736526,40.535347485,A192,_,00900,38
A192__00880.38,8.347895792599115,40.52113131,A192,_,00880,38
A192__00850.38,8.341474408486752,40.5371775,A192,_,00850,38
A192__00840.38,8.333962282782194,40.5346747,A192,_,00840,38
A192__00800.38,8.355731650169508,40.543276545,A192,_,00800,38
A192__00790.38,8.348917447958058,40.542003565,A192,_,00790,38
A192__00780.38,8.324804540034204,40.544645305,A192,_,00780,38
A192__00730.38,8.354485472869783,40.554130605,A192,_,00730,38
A192__0071.38,8.325201368136195,40.54872633,A192,_,0071,38
A192__00700.38,8.406545648795166,40.57569373,A192,_,00700,38
A192__00670.38,8.343457159379565,40.567434065,A192,_,00670,38
A192__00620.38,8.325010816010913,40.57577848,A192,_,00620,38
A192__0061.38,8.318562451625015,40.575346885,A192,_,0061,38
A192__00600.38,8.352825058551247,40.579048475,A192,_,00600,38
A192__00580.38,8.353844804357244,40.57989438,A192,_,00580,38
A192__00570.38,8.351209750346445,40.586182685,A192,_,00570,38
A192__00560.38,8.323299158465089,40.58090223,A192,_,00560,38
A192__00550.38,8.322879808436593,40.58714115,A192,_,00550,38
A192__00530.38,8.333937418921405,40.593902045,A192,_,00530,38
A192__00510.38,8.317169819447997,40.59378957,A192,_,00510,38
A192__0050.38,8.310139463370575,40.580395335000006,A192,_,0050,38
A192__00480.38,8.221548159520395,40.587302269999995,A192,_,00480,38
A192__00460.38,8.164610385307473,40.564444885,A192,_,00460,38
A192__00450.38,8.168138095904574,40.585708965,A192,_,00450,38
A192__00440.38,8.381633714190366,40.597410675,A192,_,00440,38
A192__00430.38,8.37326050445644,40.59955001,A192,_,00430,38
A192__00410.38,8.34084828548794,40.60436053,A192,_,00410,38
A192__00400.38,8.327460137541372,40.601690745,A192,_,00400,38
A192__00380.38,8.31271008897981,40.599848525,A192,_,00380,38
A192__00370.38,8.311626069398425,40.588193755000006,A192,_,00370,38
A192__00340.38,8.26725274712022,40.622005965,A192,_,00340,38
A192__00330.38,8.259338380005083,40.5958924,A192,_,00330,38
A192__00320.38,8.213278831378041,40.612256695,A192,_,00320,38
A192__00310.38,8.366236631268437,40.612830970000005,A192,_,00310,38
A192__00300.38,8.390759567828168,40.614935689999996,A192,_,00300,38
A192__00260.38,8.302877070300017,40.614735055,A192,_,00260,38
A192__00240.38,8.20852320027604,40.621499395,A192,_,00240,38
A192__00220.38,8.145331125197078,40.612997405,A192,_,00220,38
A192__00190.38,8.211577653250586,40.61447133,A192,_,00190,38
A192__00150.38,8.21964975578732,40.64277387,A192,_,00150,38
A192__00140.38,8.193608148894075,40.638587755,A192,_,00140,38
A192__00110.38,8.296700430702572,40.647731789999995,A192,_,00110,38
A192__00090.38,8.221541889691158,40.644607205,A192,_,00090,38
A192__00080.38,8.323891085348514,40.65576801500001,A192,_,00080,38
A192__00070.38,8.32988689075958,40.656294675,A192,_,00070,38
A192__00050.38,8.270768352785762,40.660434645,A192,_,00050,38
A192__00040.380,8.257882739416418,40.65856642,A192,_,00040,380
A192__00970.380,8.313520244646352,40.55709618,A192,_,00970,380
A192__00940.380,8.360327210910828,40.51170389,A192,_,00940,380
A192__00930.380,8.34449656451233,40.520062214999996,A192,_,00930,380
A192__00890.380,8.35212925098131,40.531902135,A192,_,00890,380
A192__00880.380,8.344896082725327,40.520565524999995,A192,_,00880,380
A192__00870.380,8.338162971170716,40.530882930000004,A192,_,00870,380
A192__00860.380,8.355956193836324,40.54000637,A192,_,00860,380
A192__00790.380,8.348290729895599,40.538632435,A192,_,00790,380
A192__0077.380,8.329114106546733,40.551563845000004,A192,_,0077,380
A192__00750.380,8.36768293309386,40.56755281,A192,_,00750,380
A192__00680.380,8.35093381754422,40.566916195000005,A192,_,00680,380
A192__00670.380,8.343304588090215,40.571126559999996,A192,_,00670,380
A192__00660.380,8.338114022116741,40.566490965,A192,_,00660,380
A192__00630.380,8.332883015776723,40.574430555,A192,_,00630,380
A192__00590.380,8.389874523359104,40.580581495000004,A192,_,00590,380
A192__00570.380,8.349405271476043,40.584383700000004,A192,_,00570,380
A192__00550.380,8.32073943184539,40.584802065000005,A192,_,00550,380
A192__00520.380,8.330834944084526,40.590057895,A192,_,00520,380
A192__00450.380,8.148317082129811,40.594986739999996,A192,_,00450,380
A192__00410.380,8.330873256581413,40.609769639999996,A192,_,00410,380
A192__00400.380,8.326123782161904,40.60854762,A192,_,00400,380
A192__00390.380,8.32232602061245,40.59725015,A192,_,00390,380
A192__00380.380,8.311503573553725,40.59266271,A192,_,00380,380
A192__00350.380,8.264119195746009,40.601775225,A192,_,00350,380
A192__00320.380,8.218407607308976,40.608507455,A192,_,00320,380
A192__00300.380,8.384662370714018,40.61101793,A192,_,00300,380
A192__00270.380,8.330511266746027,40.614078094999996,A192,_,00270,380
A192__00250.380,8.284590163050726,40.61634271,A192,_,00250,380
A192__00210.380,8.346570455426244,40.62420264,A192,_,00210,380
A192__00170.380,8.317760044724384,40.634911365,A192,_,00170,380
A192__00150.380,8.21539239643717,40.637413269999996,A192,_,00150,380
A192__00110.380,8.291803563957403,40.639935699999995,A192,_,00110,380
A192__00100.380,8.278628422047978,40.644811145,A192,_,00100,380
A192__00090.380,8.21289314728995,40.646183985,A192,_,00090,380
A192__00080.380,8.322905943871685,40.66385413,A192,_,00080,380
A192__00060.380,8.296225004357337,40.651158715,A192,_,00060,380
A192__00050.380,8.26792482386184,40.65987341,A192,_,00050,380
A192__0071.3800,8.323589096315192,40.54950995,A192,_,0071,3800
A192__0071.3803,8.323567026400816,40.548672185,A192,_,0071,3803
A192__0071.3806,8.324063006952144,40.54952137,A192,_,0071,3806
A192__0071.3809,8.32386716187768,40.54846481,A192,_,0071,3809
A192__00040.381,8.257909316505298,40.65809466,A192,_,00040,381
A192__00940.381,8.356237684482494,40.51976568,A192,_,00940,381
A192__00930.381,8.337280950284494,40.51879524,A192,_,00930,381
A192__00900.381,8.368821940506262,40.52987391,A192,_,00900,381
A192__00890.381,8.348138251072307,40.534465995,A192,_,00890,381
A192__00880.381,8.345694032128058,40.521008315,A192,_,00880,381
A192__00870.381,8.334173047721318,40.52906011,A192,_,00870,381
A192__00860.381,8.355683699632625,40.53924557,A192,_,00860,381
A192__00800.381,8.353672757431589,40.546628555,A192,_,00800,381
A192__00770.381,8.333866759612183,40.54997648,A192,_,00770,381
A192__00750.381,8.36786553838925,40.56770496,A192,_,00750,381
A192__00740.381,8.361316734903149,40.558955514999994,A192,_,00740,381
A192__00720.381,8.344014948728798,40.555148259999996,A192,_,00720,381
A192__0071.381,8.316402572658436,40.556117905,A192,_,0071,381
A192__00670.381,8.343670696732866,40.57119238,A192,_,00670,381
A192__00660.381,8.338123109318479,40.566171915,A192,_,00660,381
A192__0064.381,8.318953443315852,40.564547759999996,A192,_,0064,381
A192__0061.381,8.319999672014596,40.576054825,A192,_,0061,381
A192__00600.381,8.348738374786407,40.573777289999995,A192,_,00600,381
A192__00590.381,8.389994047415655,40.580531065,A192,_,00590,381
A192__00580.381,8.351963959636752,40.584689115,A192,_,00580,381
A192__00570.381,8.354987934475343,40.58792412,A192,_,00570,381
A192__00520.381,8.331300261235064,40.590106585,A192,_,00520,381
A192__00450.381,8.14874702753871,40.593080005000004,A192,_,00450,381
A192__00410.381,8.331273855197136,40.609218715,A192,_,00410,381
A192__00400.381,8.330479334764155,40.60217758500001,A192,_,00400,381
A192__00390.381,8.323442799992694,40.60408636,A192,_,00390,381
A192__00380.381,8.311558103445488,40.59284049,A192,_,00380,381
A192__00320.381,8.219504486937867,40.60721838,A192,_,00320,381
A192__00300.381,8.384397157787578,40.61075937,A192,_,00300,381
A192__00270.381,8.330534787883204,40.614589505,A192,_,00270,381
A192__00260.381,8.310762622096806,40.62173022,A192,_,00260,381
A192__00250.381,8.284892675680043,40.616390635,A192,_,00250,381
A192__00210.381,8.346642444170072,40.624403835,A192,_,00210,381
A192__00170.381,8.31780826695066,40.634710330000004,A192,_,00170,381
A192__00160.381,8.265016294377784,40.62958597,A192,_,00160,381
A192__00110.381,8.291128844061312,40.641429779999996,A192,_,00110,381
A192__00090.381,8.209890244043471,40.64644224,A192,_,00090,381
A192__00060.381,8.295481343088127,40.651157420000004,A192,_,00060,381
A192__0071.3812,8.322643795103286,40.548796715,A192,_,0071,3812
A192__0071.3814,8.321710201581748,40.54886945,A192,_,0071,3814
A192__0071.3815,8.322161934525123,40.548731200000006,A192,_,0071,3815
A192__0071.3817,8.322673352671426,40.54859385,A192,_,0071,3817
A192__0071.3818,8.327912676042827,40.549993549999996,A192,_,0071,3818
A192__0071.3819,8.32632564523719,40.555066159999996,A192,_,0071,3819
A192__00040.382,8.258136725295175,40.65790134,A192,_,00040,382
A192__00940.382,8.355888078412995,40.519986715,A192,_,00940,382
A192__00930.382,8.336868092946997,40.518830645,A192,_,00930,382
A192__00900.382,8.368477025097459,40.53031672,A192,_,00900,382
A192__00890.382,8.34879316161918,40.53526228,A192,_,00890,382
A192__00870.382,8.335892227122073,40.528786305,A192,_,00870,382
A192__00860.382,8.355578194041378,40.539232420000005,A192,_,00860,382
A192__00850.382,8.34435631168598,40.53096265,A192,_,00850,382
A192__00800.382,8.35397674422246,40.546933075,A192,_,00800,382
A192__00790.382,8.341785372200697,40.541034374999995,A192,_,00790,382
A192__00780.382,8.337693673230206,40.54302097,A192,_,00780,382
A192__00770.382,8.333683906518257,40.549579820000005,A192,_,00770,382
A192__00750.382,8.36829701635231,40.56750848,A192,_,00750,382
A192__00720.382,8.336189437364952,40.559336845000004,A192,_,00720,382
A192__00660.382,8.338128787399794,40.5658874,A192,_,00660,382
A192__00630.382,8.332144447740909,40.57321383,A192,_,00630,382
A192__00600.382,8.348636784310843,40.573720765000004,A192,_,00600,382
A192__00590.382,8.36901256886753,40.57625481,A192,_,00590,382
A192__00580.382,8.352278205467172,40.584667835000005,A192,_,00580,382
A192__00520.382,8.324713157249596,40.596612825,A192,_,00520,382
A192__00450.382,8.148965206414246,40.59192586499999,A192,_,00450,382
A192__00410.382,8.331266848141052,40.609581649999996,A192,_,00410,382
A192__00400.382,8.329767411627824,40.60228543,A192,_,00400,382
A192__00380.382,8.311010812638392,40.5946714,A192,_,00380,382
A192__00360.382,8.297852584851498,40.604522675,A192,_,00360,382
A192__00320.382,8.219533483628009,40.60291742,A192,_,00320,382
A192__00300.382,8.384173811320803,40.610536745000005,A192,_,00300,382
A192__00280.382,8.35426784771197,40.61356162,A192,_,00280,382
A192__00270.382,8.327018318465576,40.611947375,A192,_,00270,382
A192__00250.382,8.267658240644796,40.62118066,A192,_,00250,382
A192__00210.382,8.345430871831002,40.6256522,A192,_,00210,382
A192__00170.382,8.317771556635023,40.634850779999994,A192,_,00170,382
A192__00150.382,8.243649831844198,40.644616075,A192,_,00150,382
A192__00110.382,8.290478741531341,40.64196547,A192,_,00110,382
A192__00090.382,8.211331153965599,40.646004000000005,A192,_,00090,382
A192__00060.382,8.299736957618347,40.655239375,A192,_,00060,382
A192__00050.382,8.26790678461195,40.658522715000004,A192,_,00050,382
A192__0071.3821,8.32605556954792,40.54975655,A192,_,0071,3821
A192__0071.3823,8.32607332261486,40.549930215,A192,_,0071,3823
A192__0071.3824,8.326960101778042,40.558974105000004,A192,_,0071,3824
A192__0071.3825,8.327885719315889,40.559882575,A192,_,0071,3825
A192__0071.3826,8.327745120738712,40.55988077,A192,_,0071,3826
A192__0071.3827,8.327798315972618,40.559809485,A192,_,0071,3827
A192__0071.3829,8.320696777303894,40.56022161,A192,_,0071,3829
A192__00040.383,8.25812627441551,40.657764115,A192,_,00040,383
A192__00940.383,8.355619681107761,40.519330554999996,A192,_,00940,383
A192__00890.383,8.348092010897886,40.534621279999996,A192,_,00890,383
A192__00870.383,8.335092093903592,40.528683995,A192,_,00870,383
A192__00800.383,8.355236928789008,40.54489135,A192,_,00800,383
A192__00790.383,8.343479055543302,40.54132672,A192,_,00790,383
A192__00740.383,8.357918924497655,40.562522205,A192,_,00740,383
A192__00720.383,8.33812403710995,40.55907528,A192,_,00720,383
A192__00690.383,8.36502682526301,40.569282515,A192,_,00690,383
A192__00660.383,8.337647186024464,40.56623673,A192,_,00660,383
A192__00630.383,8.3336799629141,40.57471794,A192,_,00630,383
A192__00600.383,8.348773823501602,40.573712830000005,A192,_,00600,383
A192__00590.383,8.369300527287345,40.576231065,A192,_,00590,383
A192__00580.383,8.353434863257496,40.585338375,A192,_,00580,383
A192__00520.383,8.324956748557423,40.5966891,A192,_,00520,383
A192__0049.383,8.285059133028366,40.59510187,A192,_,0049,383
A192__00450.383,8.150705069085713,40.57893828,A192,_,00450,383
A192__00420.383,8.346910455393303,40.603400699999995,A192,_,00420,383
A192__00380.383,8.311087141450704,40.59422851,A192,_,00380,383
A192__00360.383,8.29730618214362,40.604468585,A192,_,00360,383
A192__00350.383,8.264011761128627,40.601537164999996,A192,_,00350,383
A192__00320.383,8.219755540366496,40.602404975,A192,_,00320,383
A192__00300.383,8.383997992695257,40.610345155000005,A192,_,00300,383
A192__00270.383,8.32759071465942,40.611955845,A192,_,00270,383
A192__00250.383,8.268197378909004,40.619416855,A192,_,00250,383
A192__00170.383,8.323270740564144,40.63162586999999,A192,_,00170,383
A192__00150.383,8.222048445939219,40.63323489,A192,_,00150,383
A192__00110.383,8.294848203032736,40.645184105,A192,_,00110,383
A192__00090.383,8.209552533886072,40.644629695,A192,_,00090,383
A192__00050.383,8.267680956780442,40.658484415000004,A192,_,00050,383
A192__0071.3830,8.32354773563469,40.552975945,A192,_,0071,3830
A192__0071.3831,8.318910181015902,40.558809815000004,A192,_,0071,3831
A192__0071.3832,8.325917179249274,40.550181305,A192,_,0071,3832
A192__0071.3834,8.327493697508578,40.560448325,A192,_,0071,3834
A192__0071.3835,8.323113863618065,40.54895192,A192,_,0071,3835
A192__0071.3838,8.325883368008679,40.56158696,A192,_,0071,3838
A192__00030.384,8.241171582972807,40.65186586,A192,_,00030,384
A192__00880.384,8.345725359009109,40.520559715,A192,_,00880,384
A192__00870.384,8.335353553247902,40.52832954,A192,_,00870,384
A192__00860.384,8.353019014666629,40.539559315000005,A192,_,00860,384
A192__00790.384,8.342575104129196,40.541114375,A192,_,00790,384
A192__00780.384,8.333625737520668,40.54343079,A192,_,00780,384
A192__00750.384,8.369561750460052,40.554818835,A192,_,00750,384
A192__00740.384,8.35788804041129,40.562343965,A192,_,00740,384
A192__00730.384,8.345653834176641,40.55634458,A192,_,00730,384
A192__00720.384,8.338416878192591,40.557905899999994,A192,_,00720,384
A192__00660.384,8.33759457293344,40.566356885000005,A192,_,00660,384
A192__00640.384,8.31906432298646,40.566577005,A192,_,00640,384
A192__00630.384,8.338280262381879,40.574188395,A192,_,00630,384
A192__0061.384,8.31708954600742,40.57667561,A192,_,0061,384
A192__00600.384,8.348675954813778,40.57386899,A192,_,00600,384
A192__00590.384,8.36885006673868,40.575590175,A192,_,00590,384
A192__00580.384,8.353702004496453,40.585242754999996,A192,_,00580,384
A192__00550.384,8.319863672502004,40.58359641,A192,_,00550,384
A192__00520.384,8.32485902995969,40.596773510000006,A192,_,00520,384
A192__00450.384,8.151007268183786,40.580371459999995,A192,_,00450,384
A192__00420.384,8.347000941591524,40.603585255,A192,_,00420,384
A192__00410.384,8.33162818977198,40.60940231,A192,_,00410,384
A192__00390.384,8.323289632905876,40.608491154999996,A192,_,00390,384
A192__00380.384,8.31562769968954,40.600592585,A192,_,00380,384
A192__00360.384,8.297167635566877,40.60425481,A192,_,00360,384
A192__00320.384,8.214992715810062,40.593118645000004,A192,_,00320,384
A192__00300.384,8.383692019253433,40.610100235000004,A192,_,00300,384
A192__00270.384,8.326417436646693,40.61243787,A192,_,00270,384
A192__00250.384,8.268909276306688,40.617061595,A192,_,00250,384
A192__00210.384,8.355750200174336,40.6276033,A192,_,00210,384
A192__00170.384,8.323314688196799,40.6318645,A192,_,00170,384
A192__00160.384,8.260248367011094,40.63691398,A192,_,00160,384
A192__00150.384,8.221937797728055,40.6348667,A192,_,00150,384
A192__00100.384,8.270144213049822,40.65130294,A192,_,00100,384
A192__00090.384,8.211283167752436,40.644407865000005,A192,_,00090,384
A192__00050.384,8.266848170381582,40.658355854999996,A192,_,00050,384
A192__0071.3840,8.320911991856288,40.555012219999995,A192,_,0071,3840
A192__00710.3841,8.325934741308751,40.547696905,A192,_,00710,3841
A192__0071.3843,8.324466578788865,40.549589780000005,A192,_,0071,3843
A192__0071.3844,8.324422550091292,40.54960192,A192,_,0071,3844
A192__0071.3848,8.323789884894236,40.549125005,A192,_,0071,3848
A192__0071.3849,8.323910195097803,40.54948261,A192,_,0071,3849
A192__00030.385,8.24172705061605,40.650615314999996,A192,_,00030,385
A192__00940.385,8.35658302711696,40.520603495,A192,_,00940,385
A192__00880.385,8.341735063365604,40.53050481,A192,_,00880,385
A192__00870.385,8.33524041759366,40.529649500000005,A192,_,00870,385
A192__00860.385,8.352767635604211,40.539363655,A192,_,00860,385
A192__00850.385,8.336034534816871,40.537410595,A192,_,00850,385
A192__00800.385,8.355581844728924,40.544778255,A192,_,00800,385
A192__00790.385,8.344363086873965,40.543760295,A192,_,00790,385
A192__00780.385,8.333777546646074,40.54253747,A192,_,00780,385
A192__00750.385,8.369776783641267,40.55520643,A192,_,00750,385
A192__00730.385,8.347579395843638,40.554187195,A192,_,00730,385
A192__0072.385,8.328658877668438,40.55602103,A192,_,0072,385
A192__00690.385,8.370832122813397,40.57003436,A192,_,00690,385
A192__00660.385,8.337348693531368,40.566367905,A192,_,00660,385
A192__00640.385,8.319751001544134,40.56677109,A192,_,00640,385
A192__00630.385,8.333617295109146,40.568883645,A192,_,00630,385
A192__00620.385,8.322486507394238,40.570870915,A192,_,00620,385
A192__00600.385,8.348830431389326,40.57365405,A192,_,00600,385
A192__00590.385,8.369377954738722,40.57606732,A192,_,00590,385
A192__00580.385,8.354580465099193,40.5856908,A192,_,00580,385
A192__00570.385,8.351082474791571,40.588280575,A192,_,00570,385
A192__00550.385,8.320102962294943,40.583967365,A192,_,00550,385
A192__00540.385,8.344443854498772,40.59135269,A192,_,00540,385
A192__00450.385,8.150279127005373,40.581903104999995,A192,_,00450,385
A192__00420.385,8.348406107657809,40.603110290000004,A192,_,00420,385
A192__00410.385,8.330975000442525,40.608753545,A192,_,00410,385
A192__00390.385,8.31848687603118,40.60293178,A192,_,00390,385
A192__00380.385,8.315394721795496,40.60062028,A192,_,00380,385
A192__00360.385,8.297173047709082,40.604429905,A192,_,00360,385
A192__00300.385,8.383203387991543,40.60983612,A192,_,00300,385
A192__00280.385,8.370259428155899,40.622585645,A192,_,00280,385
A192__00270.385,8.327194664885972,40.609592995,A192,_,00270,385
A192__00250.385,8.269821079735891,40.614512195,A192,_,00250,385
A192__00150.385,8.2229758395044,40.63392953,A192,_,00150,385
A192__00100.385,8.269921305189573,40.65118242,A192,_,00100,385
A192__00090.385,8.209499140991944,40.64450988,A192,_,00090,385
A192__00080.385,8.323319399690273,40.663766405,A192,_,00080,385
A192__00050.385,8.26852159174009,40.659846325000004,A192,_,00050,385
A192__00040.385,8.264993496141244,40.64211469999999,A192,_,00040,385
A192__0071.3851,8.323306774372082,40.548602564999996,A192,_,0071,3851
A192__0071.3856,8.323600007630796,40.55506218,A192,_,0071,3856
A192__0071.3857,8.321065872530582,40.55213293,A192,_,0071,3857
A192__0071.3858,8.323086896874607,40.547815060000005,A192,_,0071,3858
A192__00050.386,8.270356857409645,40.65845479,A192,_,00050,386
A192__00940.386,8.3565579538172,40.519932585,A192,_,00940,386
A192__00930.386,8.344306986187185,40.519976555,A192,_,00930,386
A192__00890.386,8.347429092250554,40.533976179999996,A192,_,00890,386
A192__00880.386,8.341818818415145,40.530429985,A192,_,00880,386
A192__00870.386,8.336401176460232,40.529130359999996,A192,_,00870,386
A192__00860.386,8.352758232128677,40.5391798,A192,_,00860,386
A192__00800.386,8.355293191261634,40.544726185,A192,_,00800,386
A192__00790.386,8.344423622804431,40.54416019,A192,_,00790,386
A192__00770.386,8.333221632319194,40.548592400000004,A192,_,00770,386
A192__00750.386,8.369631913134564,40.554817424999996,A192,_,00750,386
A192__00690.386,8.370703298737766,40.56838323,A192,_,00690,386
A192__00670.386,8.345421075445188,40.569847585,A192,_,00670,386
A192__0064.386,8.319046988017448,40.564969575,A192,_,0064,386
A192__00630.386,8.333562305153393,40.569126510000004,A192,_,00630,386
A192__00620.386,8.322781853864736,40.570739849999995,A192,_,00620,386
A192__00600.386,8.348596640673327,40.57365405,A192,_,00600,386
A192__00590.386,8.369640266833708,40.576026920000004,A192,_,00590,386
A192__00580.386,8.355126463486123,40.58578008,A192,_,00580,386
A192__00570.386,8.351677222913404,40.58841689,A192,_,00570,386
A192__00540.386,8.34461165119033,40.59140563,A192,_,00540,386
A192__00530.386,8.340883061069805,40.598342805,A192,_,00530,386
A192__00520.386,8.325247953919508,40.593830695,A192,_,00520,386
A192__00450.386,8.149989607855385,40.583592555,A192,_,00450,386
A192__00420.386,8.347012642116763,40.6036057,A192,_,00420,386
A192__00410.386,8.331190651026931,40.608454495000004,A192,_,00410,386
A192__00390.386,8.321433161022084,40.599074685000005,A192,_,00390,386
A192__00380.386,8.315715671753805,40.60100644,A192,_,00380,386
A192__00360.386,8.297182664953246,40.604610635,A192,_,00360,386
A192__00350.386,8.285527346249129,40.59689197,A192,_,00350,386
A192__00320.386,8.21078368286571,40.592572305000004,A192,_,00320,386
A192__00300.386,8.3826708438812,40.609571265,A192,_,00300,386
A192__00280.386,8.372551300191411,40.62353938,A192,_,00280,386
A192__00270.386,8.327836409409999,40.61088063,A192,_,00270,386
A192__00250.386,8.27013515965393,40.613713849999996,A192,_,00250,386
A192__00170.386,8.316283120640932,40.625166039999996,A192,_,00170,386
A192__00160.386,8.274193913847105,40.635025845,A192,_,00160,386
A192__00150.386,8.222357744942759,40.63482479,A192,_,00150,386
A192__00110.386,8.280601853597835,40.64235017,A192,_,00110,386
A192__00100.386,8.269767752490736,40.651377249999996,A192,_,00100,386
A192__00090.386,8.211055005038641,40.64430807,A192,_,00090,386
A192__00080.386,8.323076786342469,40.664436375,A192,_,00080,386
A192__00060.386,8.294673729556632,40.668905914999996,A192,_,00060,386
A192__0071.3861,8.323867214157001,40.554841804999995,A192,_,0071,3861
A192__0071.3862,8.31933380458969,40.558615255,A192,_,0071,3862
A192__0071.3863,8.3230338998593,40.548676305,A192,_,0071,3863
A192__0071.3864,8.323090274879117,40.54868139,A192,_,0071,3864
A192__0071.3867,8.320744047867144,40.557337965,A192,_,0071,3867
A192__0071.3868,8.326785549501343,40.556559125,A192,_,0071,3868
A192__00050.387,8.271772059204704,40.66100015000001,A192,_,00050,387
A192__00930.387,8.345076411475837,40.519435375,A192,_,00930,387
A192__00890.387,8.355255859016623,40.53492262,A192,_,00890,387
A192__00880.387,8.34268390500434,40.529709589999996,A192,_,00880,387
A192__00790.387,8.339860183144769,40.549629495000005,A192,_,00790,387
A192__0071.387,8.318806644413506,40.55903326000001,A192,_,0071,387
A192__00690.387,8.37028618041278,40.56896235,A192,_,00690,387
A192__00680.387,8.356711289768974,40.568773715,A192,_,00680,387
A192__00630.387,8.333383981380203,40.569179559999995,A192,_,00630,387
A192__00600.387,8.348541366708837,40.573721230000004,A192,_,00600,387
A192__00590.387,8.36913224839936,40.575550905,A192,_,00590,387
A192__00570.387,8.352568332792298,40.58697929,A192,_,00570,387
A192__00530.387,8.340609475452286,40.598305065000005,A192,_,00530,387
A192__00520.387,8.325278384777832,40.593658755,A192,_,00520,387
A192__0049.387,8.28129465242988,40.59374475,A192,_,0049,387
A192__00450.387,8.149728178739007,40.584562885,A192,_,00450,387
A192__00410.387,8.331631236329525,40.60903462,A192,_,00410,387
A192__00390.387,8.316541409939358,40.598929435,A192,_,00390,387
A192__00380.387,8.315427560629562,40.601293745,A192,_,00380,387
A192__00350.387,8.275984566222132,40.605986245,A192,_,00350,387
A192__00320.387,8.223299018782836,40.59869211,A192,_,00320,387
A192__00300.387,8.382521366106264,40.609359319999996,A192,_,00300,387
A192__00250.387,8.270482562902876,40.612754935,A192,_,00250,387
A192__00170.387,8.316620500317507,40.624961985,A192,_,00170,387
A192__00160.387,8.27423639399935,40.634873675,A192,_,00160,387
A192__00150.387,8.22139359302853,40.6346462,A192,_,00150,387
A192__00110.387,8.280668717609412,40.641496535,A192,_,00110,387
A192__00100.387,8.273488066847788,40.654633270000005,A192,_,00100,387
A192__00090.387,8.221780317106402,40.648198289999996,A192,_,00090,387
A192__00060.387,8.294563060705318,40.66908481,A192,_,00060,387
A192__0071.3873,8.32749992195167,40.54909451,A192,_,0071,3873
A192__0071.3874,8.322774566282344,40.560367595,A192,_,0071,3874
A192__0071.3875,8.320541642086358,40.553112905000006,A192,_,0071,3875
A192__0071.3878,8.327677230534356,40.549262119999995,A192,_,0071,3878
A192__00050.388,8.274307362891289,40.65956438,A192,_,00050,388
A192__00970.388,8.313432475259416,40.557288565,A192,_,00970,388
A192__00940.388,8.356871997191895,40.520645455,A192,_,00940,388
A192__00930.388,8.338024610105112,40.51698726,A192,_,00930,388
A192__00890.388,8.354538798857241,40.53480097,A192,_,00890,388
A192__00880.388,8.34250811354812,40.52976348,A192,_,00880,388
A192__00860.388,8.352540612760498,40.5393079,A192,_,00860,388
A192__00800.388,8.35532338988653,40.54417857,A192,_,00800,388
A192__00790.388,8.340635127272101,40.549596324999996,A192,_,00790,388
A192__00720.388,8.342214833816398,40.558795715,A192,_,00720,388
A192__0071.388,8.319320934842386,40.559245454999996,A192,_,0071,388
A192__00680.388,8.356655158337396,40.568881129999994,A192,_,00680,388
A192__00630.388,8.332832517633957,40.569943425,A192,_,00630,388
A192__00600.388,8.339598066807277,40.57600695,A192,_,00600,388
A192__00590.388,8.369590300513025,40.5758094,A192,_,00590,388
A192__00580.388,8.355963900575821,40.586107235,A192,_,00580,388
A192__00570.388,8.352813100158064,40.586945650000004,A192,_,00570,388
A192__00550.388,8.319999004339035,40.584068134999995,A192,_,00550,388
A192__0049.388,8.281405572642818,40.593642675,A192,_,0049,388
A192__00450.388,8.150023442202095,40.586085015,A192,_,00450,388
A192__00420.388,8.346251381747663,40.603837065,A192,_,00420,388
A192__00410.388,8.331755463772065,40.609413515,A192,_,00410,388
A192__00380.388,8.315194275225458,40.6027993,A192,_,00380,388
A192__00360.388,8.297977484939214,40.613119319999996,A192,_,00360,388
A192__00350.388,8.276617231859667,40.60434978,A192,_,00350,388
A192__00320.388,8.218602006751748,40.603834685,A192,_,00320,388
A192__00300.388,8.383150354402577,40.609660219999995,A192,_,00300,388
A192__00280.388,8.369428266883535,40.623563450000006,A192,_,00280,388
A192__00270.388,8.328762170996743,40.614239385,A192,_,00270,388
A192__00250.388,8.270831802763228,40.611782430000005,A192,_,00250,388
A192__00210.388,8.354610651411049,40.634710805,A192,_,00210,388
A192__00170.388,8.31316574052822,40.6250617,A192,_,00170,388
A192__00160.388,8.274334741444715,40.634519284999996,A192,_,00160,388
A192__00150.388,8.220577391117875,40.634836565,A192,_,00150,388
A192__00110.388,8.280411686759976,40.64165559,A192,_,00110,388
A192__00090.388,8.22135667855013,40.6478179,A192,_,00090,388
A192__00080.388,8.32170957205529,40.663189645,A192,_,00080,388
A192__00060.388,8.294549781196775,40.669207990000004,A192,_,00060,388
A192__0071.3880,8.327580764737807,40.549088245,A192,_,0071,3880
A192__0071.3882,8.326856216370025,40.550981975,A192,_,0071,3882
A192__0071.3883,8.325909090340495,40.559974010000005,A192,_,0071,3883
A192__0071.3888,8.322994114627534,40.559495925,A192,_,0071,3888
A192__0071.3889,8.323658175144224,40.550124600000004,A192,_,0071,3889
A192__00030.389,8.242262359509219,40.65405219,A192,_,00030,389
A192__00970.389,8.31332833614645,40.557373375,A192,_,00970,389
A192__00950.389,8.339323721014,40.51599037,A192,_,00950,389
A192__00940.389,8.356978187608478,40.5215005,A192,_,00940,389
A192__00930.389,8.337759438430433,40.521445400000005,A192,_,00930,389
A192__00890.389,8.354837222363374,40.53511093,A192,_,00890,389
A192__00790.389,8.342978871895259,40.542274905,A192,_,00790,389
A192__00780.389,8.334468579351496,40.54591614500001,A192,_,00780,389
A192__00750.389,8.364299887973743,40.55967648,A192,_,00750,389
A192__00740.389,8.355066608872928,40.562285005,A192,_,00740,389
A192__00680.389,8.357294778485016,40.56935677,A192,_,00680,389
A192__00670.389,8.34668213031423,40.568315625,A192,_,00670,389
A192__00660.389,8.337765642351215,40.568658025000005,A192,_,00660,389
A192__0064.389,8.319039906441803,40.564607914999996,A192,_,0064,389
A192__00630.389,8.332820658662616,40.57010451,A192,_,00630,389
A192__00620.389,8.322466930589684,40.57055722,A192,_,00620,389
A192__00600.389,8.34042334301305,40.577755965,A192,_,00600,389
A192__00590.389,8.369473938344271,40.576526285,A192,_,00590,389
A192__00570.389,8.352746957855903,40.586974005,A192,_,00570,389
A192__00540.389,8.346331043585053,40.59164113,A192,_,00540,389
A192__00530.389,8.337592498736853,40.59385683,A192,_,00530,389
A192__00450.389,8.149935894773122,40.586661825,A192,_,00450,389
A192__00420.389,8.346240746817157,40.60381626,A192,_,00420,389
A192__00410.389,8.331429413606505,40.608601455,A192,_,00410,389
A192__00400.389,8.329538654697572,40.60243882,A192,_,00400,389
A192__00390.389,8.324357019141393,40.608949644999996,A192,_,00390,389
A192__00380.389,8.315536470714868,40.602686755,A192,_,00380,389
A192__00350.389,8.26274297395728,40.603405405000004,A192,_,00350,389
A192__00320.389,8.218742870803002,40.603964445,A192,_,00320,389
A192__00300.389,8.384799644099132,40.608384435000005,A192,_,00300,389
A192__00280.389,8.370136032816404,40.624324515,A192,_,00280,389
A192__00260.389,8.289674866880501,40.613600985,A192,_,00260,389
A192__00250.389,8.271189339659134,40.61077677,A192,_,00250,389
A192__00210.389,8.354659730858199,40.63453905,A192,_,00210,389
A192__00170.389,8.313060283126479,40.625091435,A192,_,00170,389
A192__00160.389,8.274380890515385,40.634352565,A192,_,00160,389
A192__00150.389,8.221956977405753,40.637853989999996,A192,_,00150,389
A192__00110.389,8.280420120290044,40.641726840000004,A192,_,00110,389
A192__00090.389,8.219993823715004,40.646939535,A192,_,00090,389
A192__00060.389,8.29476028097871,40.669049025,A192,_,00060,389
A192__00050.389,8.274561675379388,40.65956438,A192,_,00050,389
A192__00040.389,8.25841938999178,40.641565459999995,A192,_,00040,389
A192__0071.3890,8.320455322649629,40.55917256,A192,_,0071,3890
A192__0071.3892,8.327337186320888,40.548826815,A192,_,0071,3892
A192__0071.3894,8.327101927543865,40.548692035,A192,_,0071,3894
A192__0071.3896,8.326527874414072,40.548365445,A192,_,0071,3896
A192__00010.39,8.206875520427324,40.666133645,A192,_,00010,39
A192__00970.39,8.313362161311872,40.559467475000005,A192,_,00970,39
A192__00950.39,8.345449080734678,40.505597515000005,A192,_,00950,39
A192__00940.39,8.356641394588664,40.515942705,A192,_,00940,39
A192__00930.39,8.33838732110099,40.52069858,A192,_,00930,39
A192__00920.39,8.391039603928586,40.519229530000004,A192,_,00920,39
A192__00900.39,8.35761823463579,40.53544276,A192,_,00900,39
A192__00890.39,8.354811072877581,40.53436895,A192,_,00890,39
A192__00880.39,8.34893763722971,40.52599461,A192,_,00880,39
A192__00870.39,8.337302031673865,40.52903272499999,A192,_,00870,39
A192__00860.39,8.35645326345923,40.540298125,A192,_,00860,39
A192__00850.39,8.341708694368975,40.536793939999995,A192,_,00850,39
A192__00810.39,8.364541018875213,40.54987088,A192,_,00810,39
A192__00790.39,8.349243230504499,40.541834875,A192,_,00790,39
A192__00780.39,8.32476244968412,40.54481385,A192,_,00780,39
A192__00740.39,8.362398399916831,40.557243295,A192,_,00740,39
A192__00710.39,8.32565650899014,40.5469727,A192,_,00710,39
A192__00700.39,8.406485277233038,40.576039975,A192,_,00700,39
A192__00690.39,8.379278524796486,40.563474755,A192,_,00690,39
A192__0065.39,8.31639669779372,40.56101208,A192,_,0065,39
A192__00640.39,8.332428948311751,40.567616805,A192,_,00640,39
A192__00620.39,8.3263548100281,40.574981844999996,A192,_,00620,39
A192__00600.39,8.354567541465002,40.57519955,A192,_,00600,39
A192__00550.39,8.322686360498125,40.58677394,A192,_,00550,39
A192__00540.39,8.34643555696638,40.59500401,A192,_,00540,39
A192__00510.39,8.315893937294328,40.594356645,A192,_,00510,39
A192__0050.39,8.310257788537701,40.579990075,A192,_,0050,39
A192__00480.39,8.220146145768245,40.594907379999995,A192,_,00480,39
A192__00470.39,8.219361970150207,40.58938884,A192,_,00470,39
A192__00460.39,8.162657108544781,40.560861974999995,A192,_,00460,39
A192__00450.39,8.167490112345916,40.586080145,A192,_,00450,39
A192__00440.39,8.382058585696024,40.597385169999995,A192,_,00440,39
A192__00430.39,8.374360107968924,40.59940962,A192,_,00430,39
A192__00420.39,8.341238530616927,40.603669804999996,A192,_,00420,39
A192__00400.39,8.326292446217696,40.6016024,A192,_,00400,39
A192__00380.39,8.313168419729799,40.600478435,A192,_,00380,39
A192__00370.39,8.31203174310941,40.587908095,A192,_,00370,39
A192__00350.39,8.2653556993424,40.600201915,A192,_,00350,39
A192__00340.39,8.266111822067833,40.622014684999996,A192,_,00340,39
A192__00330.39,8.260431138318829,40.59484243,A192,_,00330,39
A192__00320.39,8.213023659289437,40.612486489999995,A192,_,00320,39
A192__00310.39,8.373289638148186,40.618262294999994,A192,_,00310,39
A192__00300.39,8.391993781663299,40.614392755,A192,_,00300,39
A192__00260.39,8.305966615566273,40.61351752,A192,_,00260,39
A192__00240.39,8.212010890682134,40.61517807,A192,_,00240,39
A192__00220.39,8.14500205016379,40.61308106,A192,_,00220,39
A192__00190.39,8.204311802394722,40.6178249,A192,_,00190,39
A192__00160.39,8.269178807430809,40.627724715,A192,_,00160,39
A192__00150.39,8.21813208122214,40.64198892,A192,_,00150,39
A192__00110.39,8.296786339500786,40.648892425,A192,_,00110,39
A192__00070.39,8.343541752398497,40.656944960000004,A192,_,00070,39
A192__00050.39,8.269862185358633,40.663576934999995,A192,_,00050,39
A192__00040.39,8.258952404190065,40.654472005,A192,_,00040,39
A192__00020.39,8.215968756739468,40.65479266,A192,_,00020,39
A192__00030.390,8.241628135734068,40.653422645,A192,_,00030,390
A192__00970.390,8.313347197155975,40.55732101,A192,_,00970,390
A192__00950.390,8.338953775,40.516323795000005,A192,_,00950,390
A192__00930.390,8.343607285223104,40.519427605000004,A192,_,00930,390
A192__00900.390,8.360764031193822,40.531289225,A192,_,00900,390
A192__00860.390,8.351449997978614,40.540175375000004,A192,_,00860,390
A192__00790.390,8.338961960978361,40.54529005,A192,_,00790,390
A192__00750.390,8.364600455017378,40.55989072,A192,_,00750,390
A192__00740.390,8.355488775515052,40.56266058,A192,_,00740,390
A192__00730.390,8.353810927832539,40.552631645,A192,_,00730,390
A192__00720.390,8.342631922410742,40.55844260000001,A192,_,00720,390
A192__00680.390,8.356588093505284,40.569013395,A192,_,00680,390
A192__00670.390,8.348032866313343,40.567644115,A192,_,00670,390
A192__00660.390,8.338103641887896,40.568393900000004,A192,_,00660,390
A192__00630.390,8.335059002371391,40.57049705,A192,_,00630,390
A192__0061.390,8.319596249717781,40.572866309999995,A192,_,0061,390
A192__00600.390,8.339344285722937,40.577601185,A192,_,00600,390
A192__00590.390,8.369589415154365,40.576401315,A192,_,00590,390
A192__00580.390,8.356278763129836,40.586248775,A192,_,00580,390
A192__00570.390,8.354420173114642,40.590585695,A192,_,00570,390
A192__00540.390,8.344112724422311,40.593061184999996,A192,_,00540,390
A192__00450.390,8.149788837171824,40.58806751,A192,_,00450,390
A192__00420.390,8.346147198190392,40.603631815,A192,_,00420,390
A192__00410.390,8.331337062395066,40.608408905000005,A192,_,00410,390
A192__00400.390,8.327507586920394,40.601106865000006,A192,_,00400,390
A192__00360.390,8.30995201111624,40.60664559,A192,_,00360,390
A192__00320.390,8.218766296765866,40.603816185,A192,_,00320,390
A192__00300.390,8.383713280190218,40.607619535,A192,_,00300,390
A192__00250.390,8.271426544888152,40.61011689,A192,_,00250,390
A192__00210.390,8.354496885,40.633895335,A192,_,00210,390
A192__00170.390,8.313530558334982,40.625000465,A192,_,00170,390
A192__00160.390,8.274438317000719,40.63414512,A192,_,00160,390
A192__00150.390,8.22307356854401,40.637793575,A192,_,00150,390
A192__00110.390,8.28048168760549,40.642181245,A192,_,00110,390
A192__00090.390,8.222265939262364,40.647218175,A192,_,00090,390
A192__00060.390,8.294745681606138,40.668950769999995,A192,_,00060,390
A192__00040.390,8.258147234900473,40.64161363,A192,_,00040,390
A192__0071.3902,8.325751749694884,40.548161195,A192,_,0071,3902
A192__0071.3903,8.323887613404725,40.552397865,A192,_,0071,3903
A192__0071.3904,8.325490327588183,40.559300135,A192,_,0071,3904
A192__0071.3905,8.326795547673116,40.55536233,A192,_,0071,3905
A192__0071.3908,8.327510851375745,40.550058315,A192,_,0071,3908
A192__00710.3909,8.326450653932248,40.547531019999994,A192,_,00710,3909
A192__00040.391,8.25396851505641,40.651916805,A192,_,00040,391
A192__00970.391,8.313363358467194,40.557273714999994,A192,_,00970,391
A192__00940.391,8.36111262533623,40.515568079999994,A192,_,00940,391
A192__00930.391,8.337306764412277,40.51909582,A192,_,00930,391
A192__00800.391,8.348039236143126,40.54521417,A192,_,00800,391
A192__00780.391,8.33449090403713,40.546068875,A192,_,00780,391
A192__00750.391,8.365249378339724,40.56219043,A192,_,00750,391
A192__00740.391,8.355965531389081,40.562240735,A192,_,00740,391
A192__00730.391,8.352087251199425,40.553408915,A192,_,00730,391
A192__0071.391,8.320805324596629,40.560346535,A192,_,0071,391
A192__00680.391,8.356697257171163,40.568925475,A192,_,00680,391
A192__00670.391,8.348085331276458,40.567647815,A192,_,00670,391
A192__00660.391,8.331857250547907,40.561995859999996,A192,_,00660,391
A192__0064.391,8.323822071918805,40.562668575000004,A192,_,0064,391
A192__00630.391,8.336817282303466,40.5715882,A192,_,00630,391
A192__00620.391,8.321513575647439,40.56956893500001,A192,_,00620,391
A192__00600.391,8.341483799664985,40.57747166,A192,_,00600,391
A192__00580.391,8.357755593280245,40.58846175,A192,_,00580,391
A192__00550.391,8.320014176586003,40.58434862,A192,_,00550,391
A192__00540.391,8.343446709750182,40.592310685,A192,_,00540,391
A192__00450.391,8.150183294358019,40.588853515,A192,_,00450,391
A192__00410.391,8.330842461548706,40.608503105,A192,_,00410,391
A192__00400.391,8.327674260600794,40.601152694999996,A192,_,00400,391
A192__00390.391,8.323135752183486,40.608839015,A192,_,00390,391
A192__00360.391,8.297717659213468,40.60525927,A192,_,00360,391
A192__00320.391,8.218889388068096,40.60376384,A192,_,00320,391
A192__00300.391,8.38344041637573,40.607627815,A192,_,00300,391
A192__00250.391,8.272346279913458,40.607570325,A192,_,00250,391
A192__00160.391,8.274568391484955,40.633674815,A192,_,00160,391
A192__00100.391,8.27076913610337,40.643321075,A192,_,00100,391
A192__00090.391,8.22205911883995,40.647459014999995,A192,_,00090,391
A192__00060.391,8.294757278272465,40.669128220000005,A192,_,00060,391
A192__00050.391,8.25778222797516,40.665411469999995,A192,_,00050,391
A192__0071.3918,8.321184636363434,40.559540645,A192,_,0071,3918
A192__0071.3919,8.320735614448859,40.551234255,A192,_,0071,3919
A192__00030.392,8.227611428644916,40.655124275,A192,_,00030,392
A192__00970.392,8.313378864005616,40.557230454999996,A192,_,00970,392
A192__00950.392,8.35987070825953,40.505100845,A192,_,00950,392
A192__00940.392,8.353632664746506,40.517537475,A192,_,00940,392
A192__00930.392,8.338508765241743,40.51709495,A192,_,00930,392
A192__00890.392,8.355684238351287,40.535789365,A192,_,00890,392
A192__00870.392,8.336971622308209,40.530754035,A192,_,00870,392
A192__00800.392,8.354643942705952,40.551560395,A192,_,00800,392
A192__00790.392,8.339010481787422,40.545180005,A192,_,00790,392
A192__00750.392,8.366012058983195,40.562010625,A192,_,00750,392
A192__00740.392,8.356397069595227,40.561904415,A192,_,00740,392
A192__00730.392,8.353307209022974,40.55327399,A192,_,00730,392
A192__00720.392,8.344966807535162,40.560222375,A192,_,00720,392
A192__00690.392,8.388596410967068,40.573398745,A192,_,00690,392
A192__00670.392,8.343799290290441,40.564224960000004,A192,_,00670,392
A192__00630.392,8.344418926002822,40.572016015,A192,_,00630,392
A192__00600.392,8.337064273998372,40.577801805,A192,_,00600,392
A192__00580.392,8.356437415374529,40.587530665,A192,_,00580,392
A192__00570.392,8.356205758052466,40.588405795,A192,_,00570,392
A192__00550.392,8.319917626850454,40.584194485,A192,_,00550,392
A192__00450.392,8.150335090800445,40.589228495,A192,_,00450,392
A192__00420.392,8.342596682991761,40.598482955,A192,_,00420,392
A192__00410.392,8.33115018941012,40.608365215,A192,_,00410,392
A192__00400.392,8.326122151108454,40.60360989,A192,_,00400,392
A192__00390.392,8.322992854137787,40.608585125000005,A192,_,00390,392
A192__00380.392,8.310664424014846,40.599568425,A192,_,00380,392
A192__00360.392,8.297425929756246,40.60529078,A192,_,00360,392
A192__00350.392,8.263969362075967,40.601739245000005,A192,_,00350,392
A192__00320.392,8.219212172205316,40.603748275,A192,_,00320,392
A192__00300.392,8.384937168087683,40.609896375,A192,_,00300,392
A192__00280.392,8.370559610978079,40.624324515,A192,_,00280,392
A192__00210.392,8.35536509501021,40.6276139,A192,_,00210,392
A192__00170.392,8.310480750055437,40.62508296,A192,_,00170,392
A192__00160.392,8.274609901259106,40.633524425000004,A192,_,00160,392
A192__00110.392,8.28027800731255,40.64237953,A192,_,00110,392
A192__00100.392,8.271331195045237,40.64294579,A192,_,00100,392
A192__00090.392,8.223351093737786,40.64784479,A192,_,00090,392
A192__00080.392,8.323270292399195,40.661806425,A192,_,00080,392
A192__00060.392,8.2967791513889,40.6632148,A192,_,00060,392
A192__00050.392,8.257992431181885,40.66529228,A192,_,00050,392
A192__00040.392,8.255237990960872,40.651813785,A192,_,00040,392
A192__0071.3920,8.325758796310884,40.54847362,A192,_,0071,3920
A192__0071.3921,8.3263238744256,40.548289215,A192,_,0071,3921
A192__0071.3927,8.317205432141227,40.555562235,A192,_,0071,3927
A192__0071.3929,8.317319252812712,40.552541445,A192,_,0071,3929
A192__00030.393,8.243225093858717,40.64703598,A192,_,00030,393
A192__00970.393,8.313391439037282,40.557193895,A192,_,00970,393
A192__00950.393,8.360413749525843,40.5049061,A192,_,00950,393
A192__00940.393,8.354000829359958,40.509299940000005,A192,_,00940,393
A192__00930.393,8.340923510580796,40.520229605,A192,_,00930,393
A192__00900.393,8.361010601590376,40.531495660000004,A192,_,00900,393
A192__00880.393,8.347828734161295,40.52400869,A192,_,00880,393
A192__00860.393,8.349710282715073,40.538495935,A192,_,00860,393
A192__00850.393,8.34489331530089,40.53474234,A192,_,00850,393
A192__00800.393,8.360607127368475,40.54799191,A192,_,00800,393
A192__00750.393,8.370765711859185,40.55593059,A192,_,00750,393
A192__00740.393,8.356721259229449,40.561606264999995,A192,_,00740,393
A192__00680.393,8.3560158525556,40.568946115,A192,_,00680,393
A192__00670.393,8.34379086082106,40.564260765,A192,_,00670,393
A192__00630.393,8.343342109323768,40.57144443,A192,_,00630,393
A192__00600.393,8.338767595162224,40.57780853,A192,_,00600,393
A192__00580.393,8.358084901472328,40.58911161,A192,_,00580,393
A192__00570.393,8.340815964092148,40.586932055000005,A192,_,00570,393
A192__00550.393,8.320113148295228,40.584550754999995,A192,_,00550,393
A192__00520.393,8.32986827230431,40.5954809,A192,_,00520,393
A192__00450.393,8.149919890410365,40.589683304999994,A192,_,00450,393
A192__00420.393,8.34262035421212,40.598321229999996,A192,_,00420,393
A192__00410.393,8.331283540985968,40.608290365,A192,_,00410,393
A192__00400.393,8.326711410689871,40.603506710000005,A192,_,00400,393
A192__00390.393,8.322880043853953,40.60847243,A192,_,00390,393
A192__00380.393,8.31084674923444,40.599538095,A192,_,00380,393
A192__00350.393,8.263856226626242,40.60170737,A192,_,00350,393
A192__00320.393,8.219432180978648,40.60382332499999,A192,_,00320,393
A192__00300.393,8.385511388238456,40.609503110000006,A192,_,00300,393
A192__00280.393,8.370730754557371,40.62445906,A192,_,00280,393
A192__00250.393,8.280202007980074,40.61241402,A192,_,00250,393
A192__00210.393,8.355217711427752,40.627233245,A192,_,00210,393
A192__00160.393,8.274659629682493,40.633264534999995,A192,_,00160,393
A192__00150.393,8.229396055020786,40.63584093,A192,_,00150,393
A192__00110.393,8.280658449385786,40.641397475000005,A192,_,00110,393
A192__00100.393,8.271109044662442,40.64315213,A192,_,00100,393
A192__00090.393,8.223576396275597,40.647988865,A192,_,00090,393
A192__00080.393,8.322856159252382,40.662180895000006,A192,_,00080,393
A192__00050.393,8.257441648953987,40.665466505,A192,_,00050,393
A192__00040.393,8.25600425008193,40.651924505,A192,_,00040,393
A192__0071.3930,8.321753266154985,40.559682305,A192,_,0071,3930
A192__0071.3931,8.32576549923106,40.559879589999994,A192,_,0071,3931
A192__0071.3932,8.325634696375097,40.56009937,A192,_,0071,3932
A192__0071.3933,8.325004857464755,40.5596064,A192,_,0071,3933
A192__00030.394,8.244334258910026,40.64809482,A192,_,00030,394
A192__00970.394,8.313405179704638,40.557154479999994,A192,_,00970,394
A192__00940.394,8.35397138350359,40.50934955,A192,_,00940,394
A192__00930.394,8.342646628017324,40.516919175,A192,_,00930,394
A192__00880.394,8.347644994709013,40.523788355,A192,_,00880,394
A192__00860.394,8.349480305364938,40.538605669999995,A192,_,00860,394
A192__00850.394,8.344718711922102,40.535079659999994,A192,_,00850,394
A192__00800.394,8.360699392312796,40.548177705,A192,_,00800,394
A192__00780.394,8.336162940746142,40.54330332,A192,_,00780,394
A192__00750.394,8.370766564331618,40.556202549999995,A192,_,00750,394
A192__00730.394,8.353971925791695,40.55208845,A192,_,00730,394
A192__00630.394,8.344089467618552,40.572140434999994,A192,_,00630,394
A192__00580.394,8.358655869606672,40.58965442,A192,_,00580,394
A192__00550.394,8.320467858968556,40.584859995,A192,_,00550,394
A192__00520.394,8.332816241050175,40.59174891,A192,_,00520,394
A192__00450.394,8.15006007406431,40.59023725,A192,_,00450,394
A192__00420.394,8.342992770326319,40.598298060000005,A192,_,00420,394
A192__00400.394,8.326000244236754,40.60337329,A192,_,00400,394
A192__00390.394,8.321684529701407,40.597038955,A192,_,00390,394
A192__00380.394,8.310854176810428,40.59945306,A192,_,00380,394
A192__00360.394,8.299842240125182,40.60990477,A192,_,00360,394
A192__00350.394,8.263553413649007,40.601543125,A192,_,00350,394
A192__00320.394,8.219771788795981,40.603720104999994,A192,_,00320,394
A192__00300.394,8.385184323895635,40.609550139999996,A192,_,00300,394
A192__00280.394,8.36052365784107,40.616164595,A192,_,00280,394
A192__00270.394,8.349217941197846,40.613785795,A192,_,00270,394
A192__00170.394,8.318170162568812,40.631636220000004,A192,_,00170,394
A192__00160.394,8.27468017672588,40.63291625,A192,_,00160,394
A192__00150.394,8.228977676479836,40.635774659999996,A192,_,00150,394
A192__00120.394,8.308686561758254,40.643511285,A192,_,00120,394
A192__00110.394,8.280245713446233,40.641465350000004,A192,_,00110,394
A192__00100.394,8.271253561542236,40.642696,A192,_,00100,394
A192__00090.394,8.223590792531517,40.647773295,A192,_,00090,394
A192__00080.394,8.32363847809761,40.662067065,A192,_,00080,394
A192__00050.394,8.28266563431059,40.667618590000004,A192,_,00050,394
A192__00050.395,8.282902779157784,40.666904525,A192,_,00050,395
A192__00970.395,8.313155181184015,40.557264739999994,A192,_,00970,395
A192__00940.395,8.354382332029093,40.509379405000004,A192,_,00940,395
A192__00930.395,8.342608804227464,40.516795695,A192,_,00930,395
A192__00900.395,8.36090600476566,40.530782650000006,A192,_,00900,395
A192__00880.395,8.349090195367328,40.52272217,A192,_,00880,395
A192__00870.395,8.336590233715311,40.53066501,A192,_,00870,395
A192__00850.395,8.34550493806092,40.53470797,A192,_,00850,395
A192__00800.395,8.36063305414277,40.548165284999996,A192,_,00800,395
A192__00790.395,8.338832272870228,40.54496236,A192,_,00790,395
A192__00780.395,8.337501970473514,40.543326969999995,A192,_,00780,395
A192__00750.395,8.371275807652133,40.555877625,A192,_,00750,395
A192__00740.395,8.357013479360248,40.560984815,A192,_,00740,395
A192__00660.395,8.3287858519356,40.55999625,A192,_,00660,395
A192__00630.395,8.34345909649867,40.57190017,A192,_,00630,395
A192__00580.395,8.35787398234489,40.591645335,A192,_,00580,395
A192__00570.395,8.346773711658399,40.586263845,A192,_,00570,395
A192__00550.395,8.32061829828547,40.584811939999994,A192,_,00550,395
A192__00530.395,8.333894036239968,40.590368775,A192,_,00530,395
A192__00450.395,8.149421252386855,40.590745585,A192,_,00450,395
A192__00420.395,8.341869979660856,40.59892386,A192,_,00420,395
A192__00400.395,8.326617401405048,40.603256245,A192,_,00400,395
A192__00390.395,8.321078706784615,40.604707645000005,A192,_,00390,395
A192__00380.395,8.311965653762453,40.59398673,A192,_,00380,395
A192__00360.395,8.299608590317872,40.609996339999995,A192,_,00360,395
A192__00350.395,8.264114273403322,40.601564425,A192,_,00350,395
A192__00320.395,8.219679454508249,40.60392351,A192,_,00320,395
A192__00300.395,8.383745652660409,40.609671649999996,A192,_,00300,395
A192__00270.395,8.328232773939956,40.614039765,A192,_,00270,395
A192__00210.395,8.359455430080637,40.631700609999996,A192,_,00210,395
A192__00160.395,8.27224468046943,40.63466383,A192,_,00160,395
A192__00150.395,8.229156552247542,40.63596231,A192,_,00150,395
A192__00100.395,8.270882507165567,40.65187767,A192,_,00100,395
A192__00090.395,8.223692023781965,40.64786875,A192,_,00090,395
A192__00060.395,8.297592597421072,40.663519955,A192,_,00060,395
A192__00040.396,8.257583920533065,40.65168798,A192,_,00040,396
A192__00970.396,8.313225423860143,40.55720762,A192,_,00970,396
A192__00950.396,8.33835557169045,40.515629365,A192,_,00950,396
A192__00940.396,8.354030434642794,40.510554985,A192,_,00940,396
A192__00930.396,8.342529568003803,40.516803695,A192,_,00930,396
A192__00900.396,8.36097937515352,40.530934775,A192,_,00900,396
A192__00850.396,8.344957693492365,40.53514765,A192,_,00850,396
A192__00800.396,8.35451388669876,40.54617754,A192,_,00800,396
A192__00790.396,8.347997810961218,40.541093000000004,A192,_,00790,396
A192__00780.396,8.325227143324126,40.542810025,A192,_,00780,396
A192__00740.396,8.356911297419334,40.552503305,A192,_,00740,396
A192__0071.396,8.320255701641154,40.559581945000005,A192,_,0071,396
A192__00670.396,8.34499159402136,40.565166355,A192,_,00670,396
A192__0061.396,8.31944564512485,40.57573305,A192,_,0061,396
A192__00580.396,8.36028062093911,40.59116958,A192,_,00580,396
A192__00570.396,8.346745082060574,40.586172770000005,A192,_,00570,396
A192__00530.396,8.336776263846321,40.5925156,A192,_,00530,396
A192__00520.396,8.332232233423497,40.59207003,A192,_,00520,396
A192__00450.396,8.149173678012932,40.591300685,A192,_,00450,396
A192__00420.396,8.345830339169805,40.603725815000004,A192,_,00420,396
A192__00390.396,8.322518493736755,40.602602364999996,A192,_,00390,396
A192__00360.396,8.299338413722314,40.609997335,A192,_,00360,396
A192__00350.396,8.262044049372538,40.601813955,A192,_,00350,396
A192__00320.396,8.219283141987827,40.603955045,A192,_,00320,396
A192__00300.396,8.383526991012772,40.609613284999995,A192,_,00300,396
A192__00270.396,8.328204411156742,40.613747555,A192,_,00270,396
A192__00250.396,8.27501890607483,40.61585552,A192,_,00250,396
A192__00170.396,8.316259649995033,40.630772504999996,A192,_,00170,396
A192__00110.396,8.294409290454077,40.65015605,A192,_,00110,396
A192__00100.396,8.271144484870895,40.651490475,A192,_,00100,396
A192__00090.396,8.223982946262028,40.647941939999995,A192,_,00090,396
A192__00060.396,8.298054550342979,40.66357938,A192,_,00060,396
A192__00050.396,8.268341178049521,40.65876113,A192,_,00050,396
A192__00030.397,8.244540213932034,40.647942265,A192,_,00030,397
A192__00970.397,8.31323833244107,40.55716887,A192,_,00970,397
A192__00940.397,8.354081716371985,40.51030434,A192,_,00940,397
A192__00930.397,8.340486069327383,40.519099255,A192,_,00930,397
A192__00900.397,8.360152653143913,40.529603455,A192,_,00900,397
A192__00850.397,8.345732636466899,40.53478021,A192,_,00850,397
A192__00780.397,8.335732116973148,40.543922370000004,A192,_,00780,397
A192__00750.397,8.36918712158141,40.55309388,A192,_,00750,397
A192__00740.397,8.357954274313261,40.552597905,A192,_,00740,397
A192__00660.397,8.328671992405951,40.559959899999996,A192,_,00660,397
A192__00620.397,8.322385447841103,40.56867239,A192,_,00620,397
A192__0061.397,8.319631483405455,40.575829729999995,A192,_,0061,397
A192__00580.397,8.361998848191869,40.592313309999994,A192,_,00580,397
A192__00530.397,8.33679194799051,40.59265359,A192,_,00530,397
A192__00420.397,8.345926306612824,40.60391079,A192,_,00420,397
A192__00400.397,8.326521501560933,40.603001164999995,A192,_,00400,397
A192__00390.397,8.315690490613822,40.603525375000004,A192,_,00390,397
A192__00380.397,8.311997972706568,40.59216676,A192,_,00380,397
A192__00320.397,8.219107456891013,40.603936505,A192,_,00320,397
A192__00300.397,8.383308112391896,40.61055054,A192,_,00300,397
A192__00270.397,8.328432533231037,40.61379358,A192,_,00270,397
A192__00250.397,8.27553855541774,40.614441885,A192,_,00250,397
A192__00210.397,8.351481362930306,40.624600115,A192,_,00210,397
A192__00170.397,8.323603242205536,40.631563875,A192,_,00170,397
A192__00090.397,8.222945924030952,40.64770119,A192,_,00090,397
A192__00080.397,8.32373700796202,40.663687100000004,A192,_,00080,397
A192__00060.397,8.297545657555993,40.664785890000005,A192,_,00060,397
A192__00040.397,8.2591593298837,40.65175126,A192,_,00040,397
A192__00010.398,8.232662947030924,40.6564045,A192,_,00010,398
A192__00970.398,8.313122517526716,40.557156265,A192,_,00970,398
A192__00950.398,8.345459699281374,40.51191614,A192,_,00950,398
A192__00940.398,8.353229758316955,40.510347089999996,A192,_,00940,398
A192__00930.398,8.338031060829804,40.52401511,A192,_,00930,398
A192__00900.398,8.36012118016232,40.529737295000004,A192,_,00900,398
A192__00880.398,8.349456079926663,40.522577240000004,A192,_,00880,398
A192__00850.398,8.345032185983921,40.535294525,A192,_,00850,398
A192__00800.398,8.353928071274622,40.54587784500001,A192,_,00800,398
A192__00790.398,8.344030939201662,40.539817565,A192,_,00790,398
A192__00750.398,8.369177721217612,40.55351388,A192,_,00750,398
A192__00740.398,8.361224318000211,40.552678405,A192,_,00740,398
A192__00730.398,8.348903987026016,40.55861146,A192,_,00730,398
A192__00670.398,8.340262529759787,40.561416030000004,A192,_,00670,398
A192__00660.398,8.328233258886996,40.560074494999995,A192,_,00660,398
A192__0064.398,8.32218761142704,40.56219614,A192,_,0064,398
A192__0061.398,8.320250999511547,40.573560715,A192,_,0061,398
A192__00580.398,8.358428646568818,40.5893314,A192,_,00580,398
A192__00570.398,8.350022830259931,40.588823055000006,A192,_,00570,398
A192__00550.398,8.323390320131875,40.58324264,A192,_,00550,398
A192__00540.398,8.346810742001303,40.591492395,A192,_,00540,398
A192__00530.398,8.337922351027839,40.59246243,A192,_,00530,398
A192__00520.398,8.332165462210902,40.59199212,A192,_,00520,398
A192__00450.398,8.155786490610897,40.576929719999995,A192,_,00450,398
A192__00400.398,8.325780157517327,40.602935849999994,A192,_,00400,398
A192__00380.398,8.311583063389852,40.59219541,A192,_,00380,398
A192__00320.398,8.21907744507976,40.603709585000004,A192,_,00320,398
A192__00270.398,8.328449928456704,40.613607525,A192,_,00270,398
A192__00250.398,8.268454825186627,40.624823995,A192,_,00250,398
A192__00210.398,8.341737418589727,40.62250255,A192,_,00210,398
A192__00170.398,8.319070377216773,40.625089525,A192,_,00170,398
A192__00160.398,8.264216048307073,40.628064120000005,A192,_,00160,398
A192__00150.398,8.23843279579728,40.645256835,A192,_,00150,398
A192__00110.398,8.293096514485676,40.65020083,A192,_,00110,398
A192__00090.398,8.207218574538755,40.65201236,A192,_,00090,398
A192__00080.398,8.32257686636201,40.66090995,A192,_,00080,398
A192__00040.398,8.259935192474883,40.650798475,A192,_,00040,398
A192__00010.399,8.232412508081495,40.656503595000004,A192,_,00010,399
A192__00950.399,8.345601536437027,40.51213572,A192,_,00950,399
A192__00940.399,8.35355525740167,40.51022444,A192,_,00940,399
A192__00890.399,8.348094017485414,40.528348355000006,A192,_,00890,399
A192__00880.399,8.349282137932125,40.52253525,A192,_,00880,399
A192__00870.399,8.335824378821991,40.526413325,A192,_,00870,399
A192__00860.399,8.354461848618993,40.53686062,A192,_,00860,399
A192__00780.399,8.333969519391676,40.546698289999995,A192,_,00780,399
A192__00750.399,8.371003838291116,40.55490564,A192,_,00750,399
A192__00740.399,8.357673036963305,40.55232914,A192,_,00740,399
A192__00730.399,8.34973080046853,40.559762455,A192,_,00730,399
A192__00720.399,8.344837173057657,40.55836348,A192,_,00720,399
A192__00690.399,8.377869599390056,40.574366325,A192,_,00690,399
A192__00680.399,8.352782140191746,40.570562949999996,A192,_,00680,399
A192__00670.399,8.340297676478965,40.56140847,A192,_,00670,399
A192__00660.399,8.33466806097492,40.56349958,A192,_,00660,399
A192__00640.399,8.319481148060012,40.56833141,A192,_,00640,399
A192__00620.399,8.322589250859153,40.56901929,A192,_,00620,399
A192__00580.399,8.360888618933805,40.58852942,A192,_,00580,399
A192__00540.399,8.343485474424497,40.593363479999994,A192,_,00540,399
A192__00530.399,8.337682291211532,40.59223507,A192,_,00530,399
A192__00520.399,8.332887239921902,40.592390245000004,A192,_,00520,399
A192__00450.399,8.17002892020876,40.580713425,A192,_,00450,399
A192__00420.399,8.345937029111363,40.60393155,A192,_,00420,399
A192__00400.399,8.326455609713015,40.602815235,A192,_,00400,399
A192__00380.399,8.312739871045615,40.59264666,A192,_,00380,399
A192__00320.399,8.218890104894225,40.60360998,A192,_,00320,399
A192__00270.399,8.327925824441046,40.614128574999995,A192,_,00270,399
A192__00250.399,8.274430496875244,40.623640345,A192,_,00250,399
A192__00160.399,8.26302476631037,40.627438330000004,A192,_,00160,399
A192__00150.399,8.238519740871077,40.64501946,A192,_,00150,399
A192__00110.399,8.293089622768239,40.651006415,A192,_,00110,399
A192__00100.399,8.272476466782855,40.64897044,A192,_,00100,399
A192__00090.399,8.206612508346023,40.651801315,A192,_,00090,399
A192__00060.399,8.299149244048099,40.664068355,A192,_,00060,399
A192__00040.399,8.260511648014706,40.65244679,A192,_,00040,399
A192__00030.399,8.231913085255862,40.655697555,A192,_,00030,399
A192__00020.4,8.195854301323001,40.663386720000005,A192,_,00020,4
A192__00970.4,8.311686934685682,40.559802160000004,A192,_,00970,4
A192__00950.4,8.347359626921577,40.518221175,A192,_,00950,4
A192__00930.4,8.336158371060762,40.52329351,A192,_,00930,4
A192__00920.4,8.37858568791319,40.520491005,A192,_,00920,4
A192__00910.4,8.412913939638194,40.542721715,A192,_,00910,4
A192__00900.4,8.370606675555912,40.54274477,A192,_,00900,4
A192__00880.4,8.341273138297737,40.52938408,A192,_,00880,4
A192__00870.4,8.333563612289119,40.53149301,A192,_,00870,4
A192__00850.4,8.335238748401261,40.54008628,A192,_,00850,4
A192__00840.4,8.325946425103044,40.53906418,A192,_,00840,4
A192__00820.4,8.37793257751966,40.54491129,A192,_,00820,4
A192__00780.4,8.322514122973203,40.545879365000005,A192,_,00780,4
A192__00740.4,8.355485095149293,40.55912952,A192,_,00740,4
A192__00730.4,8.349491651991915,40.56095456,A192,_,00730,4
A192__00700.4,8.405625396681911,40.576889825,A192,_,00700,4
A192__00680.4,8.35513808371887,40.572862385,A192,_,00680,4
A192__00650.4,8.318410818268017,40.566222124999996,A192,_,00650,4
A192__00640.4,8.32050657175523,40.568338870000005,A192,_,00640,4
A192__00620.4,8.324212354739284,40.57097159,A192,_,00620,4
A192__00610.4,8.31895528019404,40.578605589999995,A192,_,00610,4
A192__00580.4,8.370327629348672,40.593435135,A192,_,00580,4
A192__00540.4,8.348572531725264,40.598264369999995,A192,_,00540,4
A192__00520.4,8.330939807163304,40.595636670000005,A192,_,00520,4
A192__00490.4,8.25030211915823,40.588526935000004,A192,_,00490,4
A192__00460.4,8.151066552224243,40.570520685000005,A192,_,00460,4
A192__00450.4,8.171569550231759,40.587316695,A192,_,00450,4
A192__00430.4,8.360269806307471,40.595735309999995,A192,_,00430,4
A192__00410.4,8.333972054818773,40.605933390000004,A192,_,00410,4
A192__00390.4,8.322854388573646,40.611115405,A192,_,00390,4
A192__00380.4,8.31454244885878,40.60487239,A192,_,00380,4
A192__00370.4,8.28787933050518,40.595318695,A192,_,00370,4
A192__00300.4,8.40005630126118,40.614641835,A192,_,00300,4
A192__00290.4,8.399349950991382,40.62573105,A192,_,00290,4
A192__00280.4,8.357559344281396,40.61559199,A192,_,00280,4
A192__00270.4,8.334333275125509,40.616284199999996,A192,_,00270,4
A192__00240.4,8.211292027239224,40.615544235,A192,_,00240,4
A192__00230.4,8.189699092206848,40.61305592,A192,_,00230,4
A192__00220.4,8.160204309439955,40.612235514999995,A192,_,00220,4
A192__00180.4,8.17592824036788,40.62742525,A192,_,00180,4
A192__00170.4,8.322309455640598,40.63573467,A192,_,00170,4
A192__00140.4,8.186324839321156,40.644550835000004,A192,_,00140,4
A192__00120.4,8.3082370926617,40.63568501,A192,_,00120,4
A192__00080.4,8.311366235859065,40.65396907,A192,_,00080,4
A192__00070.4,8.337209694676378,40.663568145,A192,_,00070,4
A192__00010.40,8.209217952034479,40.66632713,A192,_,00010,40
A192__00970.40,8.313517038356384,40.55947063,A192,_,00970,40
A192__00960.40,8.36117525623721,40.51829644,A192,_,00960,40
A192__00950.40,8.339974537618195,40.5078127,A192,_,00950,40
A192__00940.40,8.356257254528703,40.515515785000005,A192,_,00940,40
A192__00930.40,8.341229542089511,40.522877675000004,A192,_,00930,40
A192__00920.40,8.390807387937272,40.519407085,A192,_,00920,40
A192__00880.40,8.340976668721131,40.524115505,A192,_,00880,40
A192__00850.40,8.342914166855813,40.537013665,A192,_,00850,40
A192__00840.40,8.33667905426016,40.53530553,A192,_,00840,40
A192__00810.40,8.36399916847228,40.549812585,A192,_,00810,40
A192__00740.40,8.36238057356588,40.55690339,A192,_,00740,40
A192__00690.40,8.380582743839796,40.56389337,A192,_,00690,40
A192__00680.40,8.358741188742442,40.56730307,A192,_,00680,40
A192__00640.40,8.332537075751038,40.567266149999995,A192,_,00640,40
A192__00620.40,8.327479563761738,40.57507006,A192,_,00620,40
A192__0061.40,8.318042548205382,40.575714415,A192,_,0061,40
A192__00600.40,8.346855892966431,40.572696755,A192,_,00600,40
A192__00570.40,8.34517321068688,40.58740376,A192,_,00570,40
A192__00550.40,8.322631447379912,40.58683331,A192,_,00550,40
A192__00530.40,8.334526298445898,40.594184215,A192,_,00530,40
A192__00520.40,8.329058501366665,40.59616838,A192,_,00520,40
A192__00510.40,8.315742468590596,40.59449526,A192,_,00510,40
A192__0050.40,8.31047373357854,40.579821280000004,A192,_,0050,40
A192__00480.40,8.226681132948334,40.5865225,A192,_,00480,40
A192__00460.40,8.164066552587752,40.56227332,A192,_,00460,40
A192__00450.40,8.169193202897034,40.585363805,A192,_,00450,40
A192__00440.40,8.379358130227168,40.6025195,A192,_,00440,40
A192__00430.40,8.377964878831559,40.599855885,A192,_,00430,40
A192__00420.40,8.341937818990733,40.60455727,A192,_,00420,40
A192__00380.40,8.313444343379466,40.600297135,A192,_,00380,40
A192__00370.40,8.312472716274488,40.587633335,A192,_,00370,40
A192__00350.40,8.265916293219549,40.598708994999996,A192,_,00350,40
A192__00330.40,8.259047802748693,40.59481004,A192,_,00330,40
A192__00310.40,8.368065480027859,40.616842735,A192,_,00310,40
A192__00300.40,8.401268869549895,40.62135442,A192,_,00300,40
A192__00290.40,8.383025746627519,40.61325281,A192,_,00290,40
A192__00280.40,8.35508991648671,40.60218546,A192,_,00280,40
A192__00240.40,8.212145824358869,40.62537413,A192,_,00240,40
A192__00220.40,8.146261098676758,40.613092179999995,A192,_,00220,40
A192__00210.40,8.349151208991877,40.61660646,A192,_,00210,40
A192__00190.40,8.200622387186002,40.624027835,A192,_,00190,40
A192__00150.40,8.2178347272338,40.64075457,A192,_,00150,40
A192__00140.40,8.192296492554306,40.648647685,A192,_,00140,40
A192__00090.40,8.206629929648082,40.646009455,A192,_,00090,40
A192__00080.40,8.32636930099333,40.65308252,A192,_,00080,40
A192__00060.40,8.294821137072416,40.66257968,A192,_,00060,40
A192__00030.40,8.22508275629037,40.655331325000006,A192,_,00030,40
A192__00020.40,8.208939621319498,40.654483215,A192,_,00020,40
A192__00010.400,8.232562834833352,40.656503595000004,A192,_,00010,400
A192__00950.400,8.345702548840599,40.51957887499999,A192,_,00950,400
A192__00940.400,8.355248175946803,40.507225045,A192,_,00940,400
A192__00890.400,8.348369248538969,40.528553255000006,A192,_,00890,400
A192__00880.400,8.34498394397673,40.52579336,A192,_,00880,400
A192__00870.400,8.340722729234813,40.526507605,A192,_,00870,400
A192__00800.400,8.354084663988225,40.545921195,A192,_,00800,400
A192__00790.400,8.3416630570438,40.5436148,A192,_,00790,400
A192__00780.400,8.334919061025271,40.546018715,A192,_,00780,400
A192__00750.400,8.370697365782569,40.554763785,A192,_,00750,400
A192__00740.400,8.354100139978627,40.558942925,A192,_,00740,400
A192__00730.400,8.350617307555389,40.55973175,A192,_,00730,400
A192__00690.400,8.379431418767933,40.574423765,A192,_,00690,400
A192__00680.400,8.356573736718794,40.567515105,A192,_,00680,400
A192__00670.400,8.340502120089937,40.561606985,A192,_,00670,400
A192__00660.400,8.334650044274131,40.563490805,A192,_,00660,400
A192__00650.400,8.315418623187073,40.564664225,A192,_,00650,400
A192__00630.400,8.342196464864543,40.571684215000005,A192,_,00630,400
A192__00620.400,8.322252824604917,40.5692025,A192,_,00620,400
A192__00590.400,8.388115268340421,40.581662,A192,_,00590,400
A192__00550.400,8.319187097781468,40.58380933,A192,_,00550,400
A192__00530.400,8.333375655605785,40.589316405000005,A192,_,00530,400
A192__00520.400,8.332559972718126,40.592380115,A192,_,00520,400
A192__00480.400,8.222653641543456,40.594565515,A192,_,00480,400
A192__00450.400,8.149330180195705,40.60525001,A192,_,00450,400
A192__00420.400,8.346988979682319,40.600279195,A192,_,00420,400
A192__00400.400,8.325684262479413,40.60273874,A192,_,00400,400
A192__00390.400,8.319761468962682,40.60763009,A192,_,00390,400
A192__00320.400,8.218918397841591,40.60361168,A192,_,00320,400
A192__00280.400,8.369189684773856,40.62034939,A192,_,00280,400
A192__00270.400,8.328265966941746,40.613542214999995,A192,_,00270,400
A192__00260.400,8.289494687918562,40.614253895000004,A192,_,00260,400
A192__00250.400,8.276317209891904,40.612333355000004,A192,_,00250,400
A192__00210.400,8.32594853364283,40.622218950000004,A192,_,00210,400
A192__00160.400,8.272325786744464,40.634441655,A192,_,00160,400
A192__00150.400,8.238310086613858,40.645004175,A192,_,00150,400
A192__00110.400,8.292819945151514,40.64269242,A192,_,00110,400
A192__00090.400,8.206705040027064,40.651717975,A192,_,00090,400
A192__00080.400,8.32752884661681,40.656662775,A192,_,00080,400
A192__00060.400,8.298618994455062,40.665243790000005,A192,_,00060,400
A192__00050.400,8.28531264726054,40.667704085,A192,_,00050,400
A192__00040.400,8.261327121992396,40.651489845,A192,_,00040,400
A192__00030.400,8.231891338231879,40.655415605,A192,_,00030,400
A192__00010.401,8.232623364878592,40.6566229,A192,_,00010,401
A192__00950.401,8.345423787448752,40.51956912,A192,_,00950,401
A192__00940.401,8.355159059763807,40.511795359999994,A192,_,00940,401
A192__00930.401,8.338808310152194,40.520712005,A192,_,00930,401
A192__00900.401,8.366171181412689,40.52471894,A192,_,00900,401
A192__00890.401,8.348526121347447,40.528167385,A192,_,00890,401
A192__00880.401,8.34483237542104,40.52561804,A192,_,00880,401
A192__00850.401,8.345999483150635,40.534981110000004,A192,_,00850,401
A192__00790.401,8.34203718506874,40.5436148,A192,_,00790,401
A192__00780.401,8.33483373271311,40.545936749999996,A192,_,00780,401
A192__00750.401,8.368258169332062,40.558185249999994,A192,_,00750,401
A192__00740.401,8.362454977064228,40.559591635000004,A192,_,00740,401
A192__00730.401,8.34999727080716,40.55998079,A192,_,00730,401
A192__00720.401,8.345066281002708,40.558821460000004,A192,_,00720,401
A192__00680.401,8.356619777436574,40.567691784999994,A192,_,00680,401
A192__00670.401,8.34055115041376,40.561609475,A192,_,00670,401
A192__00660.401,8.334197109900238,40.563402435,A192,_,00660,401
A192__00650.401,8.309717307545737,40.564949275000004,A192,_,00650,401
A192__0064.401,8.323161995062518,40.563489305000004,A192,_,0064,401
A192__00630.401,8.342701976242656,40.57205297,A192,_,00630,401
A192__00620.401,8.32228251677361,40.569209615000005,A192,_,00620,401
A192__00590.401,8.388251937686327,40.58178248,A192,_,00590,401
A192__00560.401,8.323632773289816,40.578955275,A192,_,00560,401
A192__00530.401,8.333720911662065,40.589349055,A192,_,00530,401
A192__00480.401,8.222608839816239,40.594707025,A192,_,00480,401
A192__00450.401,8.1491544820296,40.60466869,A192,_,00450,401
A192__00400.401,8.326384510898116,40.602610444999996,A192,_,00400,401
A192__00390.401,8.31993925909936,40.607917235,A192,_,00390,401
A192__00350.401,8.270342064435749,40.605112129999995,A192,_,00350,401
A192__00320.401,8.218946632076126,40.60361381,A192,_,00320,401
A192__00270.401,8.351943467630278,40.60541119,A192,_,00270,401
A192__00260.401,8.299809715594474,40.616160324999996,A192,_,00260,401
A192__00250.401,8.276563776998325,40.611670935,A192,_,00250,401
A192__00210.401,8.326162234765341,40.622386225,A192,_,00210,401
A192__00170.401,8.316958336617635,40.630777429999995,A192,_,00170,401
A192__00160.401,8.272391570140403,40.63420505,A192,_,00160,401
A192__00150.401,8.221806877411929,40.633145515,A192,_,00150,401
A192__00110.401,8.280660783003444,40.65130704,A192,_,00110,401
A192__00100.401,8.27994929363749,40.642250615,A192,_,00100,401
A192__00090.401,8.218992325774824,40.64509187,A192,_,00090,401
A192__00060.401,8.299272476005331,40.665271625,A192,_,00060,401
A192__00050.401,8.285840013418436,40.66729146,A192,_,00050,401
A192__00040.401,8.262254637841483,40.65151634,A192,_,00040,401
A192__00030.401,8.231640972715454,40.654482279999996,A192,_,00030,401
A192__00010.402,8.232651664564715,40.65665533,A192,_,00010,402
A192__00970.402,8.313226663142284,40.556972575,A192,_,00970,402
A192__00950.402,8.345291772882478,40.51959432,A192,_,00950,402
A192__00940.402,8.354749793380424,40.512009570000004,A192,_,00940,402
A192__00930.402,8.339257062545844,40.520750615,A192,_,00930,402
A192__00900.402,8.367167482604952,40.524547999999996,A192,_,00900,402
A192__00890.402,8.35180127594471,40.535638275,A192,_,00890,402
A192__00880.402,8.344689824053601,40.525538675,A192,_,00880,402
A192__00860.402,8.363915007971706,40.53944754,A192,_,00860,402
A192__00850.402,8.34615917636619,40.53488668,A192,_,00850,402
A192__00790.402,8.343582494012043,40.540434905,A192,_,00790,402
A192__0077.402,8.327648702938166,40.551684105,A192,_,0077,402
A192__00750.402,8.368717243121457,40.558185249999994,A192,_,00750,402
A192__00740.402,8.357575595856446,40.552324940000005,A192,_,00740,402
A192__00730.402,8.348874389729893,40.55436157,A192,_,00730,402
A192__0071.402,8.317671703719489,40.555118025,A192,_,0071,402
A192__00670.402,8.341455029380713,40.56233949,A192,_,00670,402
A192__00660.402,8.334477715911833,40.563621025,A192,_,00660,402
A192__00650.402,8.315557710060931,40.56295496,A192,_,00650,402
A192__00620.402,8.32177008503616,40.569025499999995,A192,_,00620,402
A192__00610.402,8.31455814718581,40.578665355,A192,_,00610,402
A192__00580.402,8.362393659917188,40.576098959999996,A192,_,00580,402
A192__00570.402,8.349902167943085,40.588410655000004,A192,_,00570,402
A192__00550.402,8.322427547672216,40.58178128,A192,_,00550,402
A192__00530.402,8.333748653003802,40.5884861,A192,_,00530,402
A192__00520.402,8.325193752126758,40.594296425,A192,_,00520,402
A192__0049.402,8.281241120379939,40.592776865000005,A192,_,0049,402
A192__00400.402,8.325553763905171,40.6025691,A192,_,00400,402
A192__00390.402,8.320126951384626,40.608215865,A192,_,00390,402
A192__00360.402,8.320128599828777,40.613076379999995,A192,_,00360,402
A192__00350.402,8.27115405507275,40.605287475,A192,_,00350,402
A192__00320.402,8.218974862167162,40.603615925,A192,_,00320,402
A192__00270.402,8.352345650887099,40.6055382,A192,_,00270,402
A192__00260.402,8.29951832697705,40.616152075,A192,_,00260,402
A192__00250.402,8.274964067709679,40.62184035,A192,_,00250,402
A192__00170.402,8.317163078027914,40.629728615000005,A192,_,00170,402
A192__00150.402,8.215436745913973,40.63886068,A192,_,00150,402
A192__00110.402,8.281200047441605,40.65065601,A192,_,00110,402
A192__00100.402,8.271864026095056,40.640837375000004,A192,_,00100,402
A192__00090.402,8.219914614489621,40.644361610000004,A192,_,00090,402
A192__00050.402,8.278284712179005,40.66699756,A192,_,00050,402
A192__00040.402,8.24517389915405,40.665179519999995,A192,_,00040,402
A192__00030.402,8.231827780852331,40.65559381,A192,_,00030,402
A192__0071.4022,8.321817540611164,40.548560115,A192,_,0071,4022
A192__0071.4023,8.322608835836421,40.554612219999996,A192,_,0071,4023
A192__0071.4024,8.3215783030581,40.55401097,A192,_,0071,4024
A192__00010.403,8.232813222215764,40.656559279999996,A192,_,00010,403
A192__00970.403,8.313219234716765,40.556890235,A192,_,00970,403
A192__00930.403,8.340180665234243,40.523389475,A192,_,00930,403
A192__00860.403,8.364196631375545,40.53917267,A192,_,00860,403
A192__00850.403,8.344286221586923,40.536057935,A192,_,00850,403
A192__00790.403,8.342875959211309,40.54039162,A192,_,00790,403
A192__00780.403,8.334576590716722,40.542414275,A192,_,00780,403
A192__00730.403,8.348637664681712,40.554173605,A192,_,00730,403
A192__0072.403,8.330033087499146,40.557233620000005,A192,_,0072,403
A192__0071.403,8.318121083938353,40.555000015,A192,_,0071,403
A192__00680.403,8.358586769416444,40.566021065,A192,_,00680,403
A192__00670.403,8.34202167301078,40.562790015000004,A192,_,00670,403
A192__00590.403,8.39153172851232,40.57907173,A192,_,00590,403
A192__00560.403,8.326584847751185,40.57962187,A192,_,00560,403
A192__00550.403,8.322372453481819,40.581688575,A192,_,00550,403
A192__00530.403,8.333457292533613,40.588759675,A192,_,00530,403
A192__00520.403,8.32665810369338,40.594759505,A192,_,00520,403
A192__0049.403,8.281241584214317,40.592730075,A192,_,0049,403
A192__00450.403,8.168441129456642,40.58610324,A192,_,00450,403
A192__00420.403,8.345438102650034,40.600840500000004,A192,_,00420,403
A192__00400.403,8.326230146860674,40.602514635,A192,_,00400,403
A192__00390.403,8.319756983683835,40.60837314,A192,_,00390,403
A192__00360.403,8.319717906129846,40.61278442,A192,_,00360,403
A192__00350.403,8.285525391056655,40.599298454999996,A192,_,00350,403
A192__00320.403,8.219003084442274,40.603618045000005,A192,_,00320,403
A192__00270.403,8.352594601346736,40.605639495,A192,_,00270,403
A192__00260.403,8.299304655848191,40.615976360000005,A192,_,00260,403
A192__00250.403,8.275139536594823,40.621113195,A192,_,00250,403
A192__00170.403,8.317655049044689,40.629207445000006,A192,_,00170,403
A192__00160.403,8.268020875013999,40.629473405,A192,_,00160,403
A192__00150.403,8.214454773781128,40.637496119999994,A192,_,00150,403
A192__00100.403,8.279012152153244,40.64222653,A192,_,00100,403
A192__00090.403,8.215112373279455,40.646153104999996,A192,_,00090,403
A192__00060.403,8.29519543344864,40.669544975,A192,_,00060,403
A192__00050.403,8.279433724999933,40.667108375,A192,_,00050,403
A192__00040.403,8.244931589704919,40.665179519999995,A192,_,00040,403
A192__00030.403,8.231611285280103,40.65548735,A192,_,00030,403
A192__00010.404,8.232883580669622,40.656778425,A192,_,00010,404
A192__00970.404,8.31320650386165,40.556840505,A192,_,00970,404
A192__00940.404,8.353694692413864,40.512516219999995,A192,_,00940,404
A192__00930.404,8.340472797559174,40.52327365,A192,_,00930,404
A192__00900.404,8.357218922822472,40.53508406,A192,_,00900,404
A192__00890.404,8.353086512650805,40.536285344999996,A192,_,00890,404
A192__00870.404,8.338236413899356,40.529815035,A192,_,00870,404
A192__00860.404,8.363219660324233,40.538867475,A192,_,00860,404
A192__00850.404,8.344289748727025,40.535941005,A192,_,00850,404
A192__00810.404,8.373253319546802,40.542874225,A192,_,00810,404
A192__00790.404,8.339940540440125,40.544717515,A192,_,00790,404
A192__00780.404,8.3369832511001,40.542928614999994,A192,_,00780,404
A192__0077.404,8.331304217153907,40.55266209,A192,_,0077,404
A192__00750.404,8.370008834637172,40.557048505,A192,_,00750,404
A192__00730.404,8.34861533199823,40.55392501,A192,_,00730,404
A192__00690.404,8.386750144708262,40.568758765,A192,_,00690,404
A192__00680.404,8.358475040724247,40.56619217,A192,_,00680,404
A192__00670.404,8.341661059721119,40.56268485,A192,_,00670,404
A192__0064.404,8.323293227575132,40.563250905000004,A192,_,0064,404
A192__00630.404,8.34245813716976,40.57282186,A192,_,00630,404
A192__00620.404,8.321271156745002,40.569422345,A192,_,00620,404
A192__0061.404,8.317841019497898,40.57392633,A192,_,0061,404
A192__00590.404,8.392348263348168,40.581177339999996,A192,_,00590,404
A192__00580.404,8.362522787066258,40.577683300000004,A192,_,00580,404
A192__00570.404,8.35047901924752,40.588699340000005,A192,_,00570,404
A192__00560.404,8.326528931487157,40.57906821,A192,_,00560,404
A192__00520.404,8.32517396059298,40.59399995,A192,_,00520,404
A192__00450.404,8.170575288804189,40.588010445,A192,_,00450,404
A192__00360.404,8.319916696102446,40.612902345,A192,_,00360,404
A192__00350.404,8.283899307112689,40.597648115,A192,_,00350,404
A192__00320.404,8.219031315128394,40.603620160000006,A192,_,00320,404
A192__00270.404,8.352616843507516,40.605619355,A192,_,00270,404
A192__00260.404,8.299281853664315,40.616250685,A192,_,00260,404
A192__00250.404,8.276544756990614,40.61229471,A192,_,00250,404
A192__00170.404,8.315774580764561,40.637347065,A192,_,00170,404
A192__00160.404,8.277430693522742,40.63838925,A192,_,00160,404
A192__00150.404,8.21537439556879,40.63675004,A192,_,00150,404
A192__00100.404,8.277126570268322,40.64154114,A192,_,00100,404
A192__00090.404,8.215072762240432,40.6447225,A192,_,00090,404
A192__00080.404,8.323312926947649,40.66345548,A192,_,00080,404
A192__00060.404,8.298137474723386,40.655971965,A192,_,00060,404
A192__00050.404,8.281925201200565,40.66681909,A192,_,00050,404
A192__00040.404,8.250177637427392,40.658751285,A192,_,00040,404
A192__00030.404,8.231781473570503,40.655417365000005,A192,_,00030,404
A192__00010.405,8.232926060468746,40.656544865,A192,_,00010,405
A192__00970.405,8.313337209266061,40.556868234999996,A192,_,00970,405
A192__00950.405,8.353075655128206,40.513098584999995,A192,_,00950,405
A192__00940.405,8.35532332970481,40.511972715,A192,_,00940,405
A192__00930.405,8.340266591125873,40.52354056,A192,_,00930,405
A192__00900.405,8.357864431166469,40.534823044999996,A192,_,00900,405
A192__00890.405,8.353421922932839,40.53588422999999,A192,_,00890,405
A192__00880.405,8.34315297865479,40.526094325,A192,_,00880,405
A192__00860.405,8.363425851394148,40.539373415,A192,_,00860,405
A192__00840.405,8.327864194151879,40.538681589999996,A192,_,00840,405
A192__00800.405,8.352644501687148,40.547080629999996,A192,_,00800,405
A192__00780.405,8.33752070583455,40.543301005000004,A192,_,00780,405
A192__0077.405,8.331519881264427,40.5526457,A192,_,0077,405
A192__00750.405,8.371126232926912,40.553234555,A192,_,00750,405
A192__00730.405,8.348480502157376,40.55399124,A192,_,00730,405
A192__00690.405,8.3885206084404,40.566617455,A192,_,00690,405
A192__00680.405,8.35848470599535,40.565937585,A192,_,00680,405
A192__00670.405,8.342744283350527,40.563375715,A192,_,00670,405
A192__0064.405,8.322636009472983,40.56260292,A192,_,0064,405
A192__00580.405,8.362706184413408,40.578024,A192,_,00580,405
A192__00570.405,8.350184414378834,40.58834363,A192,_,00570,405
A192__00560.405,8.32544951165129,40.579244245,A192,_,00560,405
A192__00540.405,8.343872965358614,40.593976365,A192,_,00540,405
A192__00520.405,8.325719044054457,40.59383381000001,A192,_,00520,405
A192__00480.405,8.22072427346328,40.58931371,A192,_,00480,405
A192__00450.405,8.168871344953702,40.587840785,A192,_,00450,405
A192__00390.405,8.31938313489716,40.607792755000006,A192,_,00390,405
A192__00380.405,8.313253686372683,40.592983145000005,A192,_,00380,405
A192__00360.405,8.298893337038923,40.612998125,A192,_,00360,405
A192__00350.405,8.286124096727699,40.59718603,A192,_,00350,405
A192__00320.405,8.219059552490744,40.603622279999996,A192,_,00320,405
A192__00270.405,8.352384830780252,40.605519635,A192,_,00270,405
A192__00260.405,8.296520241012306,40.623840895,A192,_,00260,405
A192__00250.405,8.276677376773673,40.611932284999995,A192,_,00250,405
A192__00160.405,8.277367883643038,40.638253135,A192,_,00160,405
A192__00100.405,8.26753749570414,40.655827065,A192,_,00100,405
A192__00080.405,8.320771749693101,40.655527344999996,A192,_,00080,405
A192__00060.405,8.297524248496776,40.655955039999995,A192,_,00060,405
A192__00050.405,8.283435313980766,40.66671871,A192,_,00050,405
A192__00040.405,8.250223745116411,40.657139915,A192,_,00040,405
A192__00030.405,8.23168682477522,40.655339139999995,A192,_,00030,405
A192__00010.406,8.233170377253337,40.656596475,A192,_,00010,406
A192__00950.406,8.353552154183443,40.513090675,A192,_,00950,406
A192__00940.406,8.355315671078543,40.512255284999995,A192,_,00940,406
A192__00900.406,8.358009640852075,40.53477572,A192,_,00900,406
A192__00890.406,8.350013284043872,40.531060885,A192,_,00890,406
A192__00870.406,8.338430589789658,40.529882525000005,A192,_,00870,406
A192__00860.406,8.36259418396318,40.53919542,A192,_,00860,406
A192__00840.406,8.328045878770798,40.53861992,A192,_,00840,406
A192__00810.406,8.374979313129458,40.54693603,A192,_,00810,406
A192__00800.406,8.35298949509708,40.54704177,A192,_,00800,406
A192__0077.406,8.331720187116584,40.552659045,A192,_,0077,406
A192__00750.406,8.371353290224658,40.553125515000005,A192,_,00750,406
A192__00730.406,8.348988947729085,40.55990491,A192,_,00730,406
A192__0071.406,8.317899014401693,40.55493121,A192,_,0071,406
A192__00690.406,8.3856719019993,40.56613725,A192,_,00690,406
A192__00680.406,8.351285197321397,40.569435084999995,A192,_,00680,406
A192__00670.406,8.346719933732544,40.56656063,A192,_,00670,406
A192__00660.406,8.33172235409824,40.56448905,A192,_,00660,406
A192__00630.406,8.34240468305334,40.57291403,A192,_,00630,406
A192__00590.406,8.373811201005893,40.574729635,A192,_,00590,406
A192__00570.406,8.347958242971721,40.584763124999995,A192,_,00570,406
A192__00560.406,8.325661035519026,40.57933706,A192,_,00560,406
A192__00540.406,8.351303386985418,40.59492061,A192,_,00540,406
A192__00520.406,8.325231709102773,40.593930220000004,A192,_,00520,406
A192__00480.406,8.220951356681674,40.589302935,A192,_,00480,406
A192__00420.406,8.342699449867276,40.600415035,A192,_,00420,406
A192__00380.406,8.312915981727055,40.593086715,A192,_,00380,406
A192__00360.406,8.299165297388448,40.61299058,A192,_,00360,406
A192__00350.406,8.262005747099163,40.59967439,A192,_,00350,406
A192__00320.406,8.219088004492757,40.603624429999996,A192,_,00320,406
A192__00260.406,8.296515587163785,40.623657985,A192,_,00260,406
A192__00250.406,8.276774269352417,40.61166939,A192,_,00250,406
A192__00210.406,8.353351650701807,40.61841771,A192,_,00210,406
A192__00160.406,8.277170837079208,40.638631905,A192,_,00160,406
A192__00150.406,8.218760612664836,40.63344804,A192,_,00150,406
A192__00120.406,8.309734849066878,40.641267875,A192,_,00120,406
A192__00110.406,8.281879868113633,40.64803399,A192,_,00110,406
A192__00080.406,8.320390241562537,40.655527344999996,A192,_,00080,406
A192__00060.406,8.29756526390086,40.656073915,A192,_,00060,406
A192__00050.406,8.257178055997617,40.665466519999995,A192,_,00050,406
A192__00030.406,8.231541206942937,40.655355865000004,A192,_,00030,406
A192__00010.407,8.233195530383359,40.65650548,A192,_,00010,407
A192__00970.407,8.31369163161221,40.5568566,A192,_,00970,407
A192__00950.407,8.35369214933187,40.512930159999996,A192,_,00950,407
A192__00940.407,8.354966153457713,40.512439095000005,A192,_,00940,407
A192__00930.407,8.34110840667223,40.518969135,A192,_,00930,407
A192__00860.407,8.362551052757855,40.539409085,A192,_,00860,407
A192__00840.407,8.329713721315665,40.538279,A192,_,00840,407
A192__00810.407,8.374732430601094,40.546800305,A192,_,00810,407
A192__00800.407,8.350724532633024,40.54409862,A192,_,00800,407
A192__00790.407,8.345054447203756,40.539752195,A192,_,00790,407
A192__00750.407,8.365560747253413,40.560581965,A192,_,00750,407
A192__00730.407,8.34862413880108,40.55990562,A192,_,00730,407
A192__00720.407,8.339601382440113,40.5600854,A192,_,00720,407
A192__00670.407,8.34723065060248,40.56697676,A192,_,00670,407
A192__0064.407,8.319915463232626,40.56366732,A192,_,0064,407
A192__00630.407,8.34118085755236,40.571424615,A192,_,00630,407
A192__00620.407,8.321228187989608,40.56943824,A192,_,00620,407
A192__00610.407,8.320806055595071,40.576938255,A192,_,00610,407
A192__00600.407,8.34058008119424,40.586294365,A192,_,00600,407
A192__00590.407,8.392281174444507,40.580582989999996,A192,_,00590,407
A192__00580.407,8.355685487087074,40.586338049999995,A192,_,00580,407
A192__00570.407,8.338753355889464,40.587894524999996,A192,_,00570,407
A192__00550.407,8.320855816508574,40.582443745,A192,_,00550,407
A192__00540.407,8.351262651064205,40.595058125,A192,_,00540,407
A192__00530.407,8.341669873698443,40.59354256,A192,_,00530,407
A192__00520.407,8.326128596209482,40.595705565,A192,_,00520,407
A192__00480.407,8.221149494761804,40.58925939,A192,_,00480,407
A192__00420.407,8.34276824973147,40.600246444999996,A192,_,00420,407
A192__00390.407,8.319231650153913,40.601061744999996,A192,_,00390,407
A192__00360.407,8.319536401165138,40.61136366,A192,_,00360,407
A192__00350.407,8.261639797123724,40.600451480000004,A192,_,00350,407
A192__00320.407,8.219116209874885,40.60362652,A192,_,00320,407
A192__00270.407,8.352347780528458,40.60550698,A192,_,00270,407
A192__00250.407,8.277178200653676,40.6105898,A192,_,00250,407
A192__00170.407,8.31291822786803,40.630697005,A192,_,00170,407
A192__00150.407,8.223758784793372,40.63145092,A192,_,00150,407
A192__00120.407,8.310379831284251,40.64120496,A192,_,00120,407
A192__00110.407,8.296984638444997,40.647699599999996,A192,_,00110,407
A192__00100.407,8.2709506136318,40.65802817,A192,_,00100,407
A192__00060.407,8.28432361479299,40.658335715,A192,_,00060,407
A192__00030.407,8.234980554706707,40.651036485,A192,_,00030,407
A192__00030.408,8.235130617508446,40.650371164999996,A192,_,00030,408
A192__00970.408,8.313790592952513,40.556871685000004,A192,_,00970,408
A192__00930.408,8.338438353971336,40.51885858,A192,_,00930,408
A192__00900.408,8.371470675884815,40.524756249999996,A192,_,00900,408
A192__00890.408,8.35639833528321,40.53055998,A192,_,00890,408
A192__00870.408,8.33949326955128,40.525151435,A192,_,00870,408
A192__00860.408,8.369353119066451,40.5444998,A192,_,00860,408
A192__00810.408,8.374974004308925,40.54679379,A192,_,00810,408
A192__00790.408,8.342233349367724,40.540842104999996,A192,_,00790,408
A192__00750.408,8.365584492889827,40.561384794999995,A192,_,00750,408
A192__00730.408,8.350881992609589,40.551332095,A192,_,00730,408
A192__00720.408,8.339593002951874,40.56015769,A192,_,00720,408
A192__00690.408,8.38362389276362,40.566221514999995,A192,_,00690,408
A192__00680.408,8.349792106011236,40.56867108,A192,_,00680,408
A192__00670.408,8.346446266579822,40.56633817,A192,_,00670,408
A192__0064.408,8.320015242296009,40.563615595,A192,_,0064,408
A192__00630.408,8.34107221092092,40.571378205,A192,_,00630,408
A192__00610.408,8.317640605943172,40.58224305,A192,_,00610,408
A192__00590.408,8.392700678496197,40.580633680000005,A192,_,00590,408
A192__00570.408,8.35216690925929,40.589054355,A192,_,00570,408
A192__00560.408,8.325725288209611,40.579312630000004,A192,_,00560,408
A192__00550.408,8.321181018283777,40.5829587,A192,_,00550,408
A192__00520.408,8.326338612198203,40.595836105000004,A192,_,00520,408
A192__00480.408,8.220681530014039,40.589553085,A192,_,00480,408
A192__00280.408,8.365078876751049,40.620737505,A192,_,00280,408
A192__00260.408,8.296171267093097,40.62384438,A192,_,00260,408
A192__00250.408,8.277312465007295,40.610227105,A192,_,00250,408
A192__00170.408,8.31824593731052,40.6264815,A192,_,00170,408
A192__00160.408,8.24812260655456,40.64118469,A192,_,00160,408
A192__00150.408,8.224518719069582,40.631663044999996,A192,_,00150,408
A192__00120.408,8.310289734094411,40.64259543,A192,_,00120,408
A192__00100.408,8.271462538376191,40.657719775000004,A192,_,00100,408
A192__00060.408,8.283984202108236,40.65954624,A192,_,00060,408
A192__00010.409,8.233538524611848,40.65642998,A192,_,00010,409
A192__00940.409,8.354143388550764,40.51285131,A192,_,00940,409
A192__00930.409,8.340356060662494,40.522006805000004,A192,_,00930,409
A192__00900.409,8.371932500519168,40.52424808,A192,_,00900,409
A192__00890.409,8.356301419410656,40.530738740000004,A192,_,00890,409
A192__00880.409,8.343562515272694,40.526093785,A192,_,00880,409
A192__00860.409,8.368989904513574,40.544561044999995,A192,_,00860,409
A192__00840.409,8.329249092130887,40.53819817,A192,_,00840,409
A192__00800.409,8.354929759615231,40.54586481,A192,_,00800,409
A192__00790.409,8.341942904642181,40.540637575000005,A192,_,00790,409
A192__00780.409,8.334266701430554,40.542318785,A192,_,00780,409
A192__00770.409,8.33699177982217,40.55196816,A192,_,00770,409
A192__00750.409,8.365533262421028,40.560993065,A192,_,00750,409
A192__00730.409,8.351114581971727,40.55099071,A192,_,00730,409
A192__00720.409,8.33916483189849,40.559468429999995,A192,_,00720,409
A192__00680.409,8.348608413209938,40.568066865,A192,_,00680,409
A192__00670.409,8.346247100183943,40.56617528,A192,_,00670,409
A192__0064.409,8.32018966962983,40.56352167,A192,_,0064,409
A192__00630.409,8.342014450256027,40.571131115,A192,_,00630,409
A192__00620.409,8.32169879154457,40.569691195000004,A192,_,00620,409
A192__0061.409,8.320556881771491,40.573913425,A192,_,0061,409
A192__00600.409,8.339733531752799,40.57946358,A192,_,00600,409
A192__00590.409,8.374558234868601,40.58327618,A192,_,00590,409
A192__00580.409,8.360704094831533,40.577696055000004,A192,_,00580,409
A192__00570.409,8.35194871212298,40.58875406,A192,_,00570,409
A192__00560.409,8.3261416406163,40.579848835,A192,_,00560,409
A192__00550.409,8.321319780442469,40.58315268,A192,_,00550,409
A192__00540.409,8.346710831444145,40.59253295,A192,_,00540,409
A192__00530.409,8.337525429145224,40.592088175,A192,_,00530,409
A192__00520.409,8.322647537791749,40.594025810000005,A192,_,00520,409
A192__00390.409,8.323857105842816,40.607494974999994,A192,_,00390,409
A192__00380.409,8.312767502339224,40.602860140000004,A192,_,00380,409
A192__00350.409,8.26936256992806,40.602690925000005,A192,_,00350,409
A192__00270.409,8.352432578865843,40.605458264999996,A192,_,00270,409
A192__00260.409,8.295876058239195,40.62414664,A192,_,00260,409
A192__00250.409,8.277951545072561,40.608517455,A192,_,00250,409
A192__00170.409,8.317683945062392,40.62513494,A192,_,00170,409
A192__00160.409,8.261995161528079,40.640873580000004,A192,_,00160,409
A192__00150.409,8.224381136739886,40.634173195,A192,_,00150,409
A192__00120.409,8.310290956126938,40.64349557,A192,_,00120,409
A192__00100.409,8.27080522505539,40.65822682,A192,_,00100,409
A192__00030.409,8.234849866306305,40.650470495,A192,_,00030,409
A192__00020.41,8.20342876133455,40.652221319999995,A192,_,00020,41
A192__00970.41,8.313498112109105,40.559557435,A192,_,00970,41
A192__00960.41,8.361352388202821,40.517735869999996,A192,_,00960,41
A192__00950.41,8.356989609098562,40.504523575,A192,_,00950,41
A192__00940.41,8.354144728795738,40.51450998,A192,_,00940,41
A192__00920.41,8.391870219911166,40.522645005,A192,_,00920,41
A192__00880.41,8.3415365163222,40.524421849999996,A192,_,00880,41
A192__00870.41,8.340325372750993,40.53068822,A192,_,00870,41
A192__00860.41,8.356409437940517,40.538917545000004,A192,_,00860,41
A192__00850.41,8.345836265291894,40.53209308,A192,_,00850,41
A192__00840.41,8.329590290623347,40.532490609999996,A192,_,00840,41
A192__00810.41,8.362403291530844,40.550591174999994,A192,_,00810,41
A192__00780.41,8.325702601041264,40.545166635,A192,_,00780,41
A192__00770.41,8.335743339355936,40.550685465,A192,_,00770,41
A192__00750.41,8.395527312457217,40.55313174,A192,_,00750,41
A192__00740.41,8.361867610556228,40.556359665,A192,_,00740,41
A192__00680.41,8.35680691046209,40.56455534,A192,_,00680,41
A192__00660.41,8.327166108581554,40.561097245,A192,_,00660,41
A192__00620.41,8.325297823472553,40.57261877,A192,_,00620,41
A192__00580.41,8.359357719904214,40.577224765,A192,_,00580,41
A192__00510.41,8.315835039661167,40.595026265,A192,_,00510,41
A192__0050.41,8.311042847895663,40.57916619,A192,_,0050,41
A192__00480.41,8.221541234505422,40.59602186,A192,_,00480,41
A192__00450.41,8.168728099158443,40.58586649,A192,_,00450,41
A192__00440.41,8.379826407011933,40.604156759999995,A192,_,00440,41
A192__00430.41,8.378206227497905,40.600040684999996,A192,_,00430,41
A192__00420.41,8.341533643400648,40.604774785000004,A192,_,00420,41
A192__00410.41,8.337689331582713,40.60271974,A192,_,00410,41
A192__00370.41,8.312433648194343,40.587614645,A192,_,00370,41
A192__00330.41,8.252080475565403,40.59473548,A192,_,00330,41
A192__00320.41,8.21288496276244,40.611579325,A192,_,00320,41
A192__00290.41,8.383292849800203,40.61365808,A192,_,00290,41
A192__00240.41,8.210305390285452,40.625432114999995,A192,_,00240,41
A192__00220.41,8.146497365790395,40.612851465000006,A192,_,00220,41
A192__00160.41,8.2644893804377,40.62868752,A192,_,00160,41
A192__00140.41,8.189586085195707,40.643567505,A192,_,00140,41
A192__00100.41,8.266318743275324,40.646998679999996,A192,_,00100,41
A192__00090.41,8.202884601722978,40.64550774,A192,_,00090,41
A192__00060.41,8.296473855618228,40.662861145,A192,_,00060,41
A192__00030.410,8.234899635189173,40.650281545,A192,_,00030,410
A192__00970.410,8.31389769881292,40.556932135,A192,_,00970,410
A192__00940.410,8.362131927925311,40.515937815,A192,_,00940,410
A192__00930.410,8.337166645237938,40.52187292,A192,_,00930,410
A192__00900.410,8.372374579651645,40.523435605,A192,_,00900,410
A192__00890.410,8.350723353841303,40.527542170000004,A192,_,00890,410
A192__00860.410,8.368863686621857,40.54477996,A192,_,00860,410
A192__00850.410,8.341529858267391,40.531953975,A192,_,00850,410
A192__00840.410,8.329242265095438,40.538366815,A192,_,00840,410
A192__00810.410,8.368246754659825,40.546750724999995,A192,_,00810,410
A192__00800.410,8.344442348101223,40.545913999999996,A192,_,00800,410
A192__00790.410,8.342347698397395,40.547176715,A192,_,00790,410
A192__00780.410,8.332207687228657,40.54208886,A192,_,00780,410
A192__00770.410,8.336403815346896,40.55085202,A192,_,00770,410
A192__00750.410,8.374208774708311,40.548996185,A192,_,00750,410
A192__00730.410,8.347560081087371,40.554761515,A192,_,00730,410
A192__00720.410,8.340247791143053,40.56097581,A192,_,00720,410
A192__0071.410,8.317609754543465,40.55446344,A192,_,0071,410
A192__00690.410,8.3835794584019,40.565861705,A192,_,00690,410
A192__00680.410,8.35151135507665,40.569451619999995,A192,_,00680,410
A192__00670.410,8.345770091623592,40.565794229999995,A192,_,00670,410
A192__0064.410,8.319989137309985,40.563461435,A192,_,0064,410
A192__00580.410,8.364850467201094,40.57992525,A192,_,00580,410
A192__00570.410,8.35247943993246,40.588909810000004,A192,_,00570,410
A192__00540.410,8.346645138404737,40.592317905,A192,_,00540,410
A192__00520.410,8.322878864478422,40.59434048,A192,_,00520,410
A192__00480.410,8.23407817096701,40.58337267,A192,_,00480,410
A192__00380.410,8.313037474041295,40.602854995,A192,_,00380,410
A192__00350.410,8.269217925959538,40.603050425,A192,_,00350,410
A192__00280.410,8.36509955310846,40.62089769,A192,_,00280,410
A192__00270.410,8.352506900953065,40.605502099999995,A192,_,00270,410
A192__00260.410,8.298047031159477,40.61617741,A192,_,00260,410
A192__00250.410,8.271863119651016,40.628183109999995,A192,_,00250,410
A192__00210.410,8.352901391887155,40.619521195,A192,_,00210,410
A192__00170.410,8.31797594792398,40.625003515,A192,_,00170,410
A192__00100.410,8.26973607,40.657795410000006,A192,_,00100,410
A192__00040.410,8.256538166239128,40.657719845,A192,_,00040,410
A192__00030.411,8.228815536841655,40.652566629999995,A192,_,00030,411
A192__00930.411,8.33428912025975,40.52274587,A192,_,00930,411
A192__00900.411,8.37127619531357,40.523260664999995,A192,_,00900,411
A192__00890.411,8.350587756991871,40.52778515,A192,_,00890,411
A192__00870.411,8.33944326,40.525054785,A192,_,00870,411
A192__00840.411,8.329326380496788,40.538193325,A192,_,00840,411
A192__00810.411,8.368272722989111,40.54679952,A192,_,00810,411
A192__00800.411,8.344475903000614,40.546023925,A192,_,00800,411
A192__00790.411,8.342872920725627,40.54775986,A192,_,00790,411
A192__00770.411,8.337018065517048,40.54970012,A192,_,00770,411
A192__00750.411,8.373924606973315,40.549220475,A192,_,00750,411
A192__00730.411,8.347392534142191,40.55455430000001,A192,_,00730,411
A192__00720.411,8.340226819808947,40.561153205,A192,_,00720,411
A192__0071.411,8.317066128974306,40.554131690000006,A192,_,0071,411
A192__00690.411,8.362572456379663,40.57380406,A192,_,00690,411
A192__00660.411,8.334929788442505,40.565605295,A192,_,00660,411
A192__00630.411,8.34143141604909,40.571521075,A192,_,00630,411
A192__00610.411,8.317643102868043,40.582444905,A192,_,00610,411
A192__00600.411,8.346315474753773,40.574206145000005,A192,_,00600,411
A192__00590.411,8.373461511377833,40.583394215,A192,_,00590,411
A192__00580.411,8.36449588249283,40.579318900000004,A192,_,00580,411
A192__00560.411,8.325798245147283,40.57929792,A192,_,00560,411
A192__00550.411,8.321450144986294,40.58291259,A192,_,00550,411
A192__00520.411,8.323629668949089,40.594383775,A192,_,00520,411
A192__00420.411,8.348073501411127,40.60116904,A192,_,00420,411
A192__00380.411,8.31387227611308,40.6022446,A192,_,00380,411
A192__00350.411,8.269051191289917,40.603465655,A192,_,00350,411
A192__00270.411,8.351651347516892,40.60470936,A192,_,00270,411
A192__00260.411,8.298326974567159,40.61468692,A192,_,00260,411
A192__00250.411,8.272640983895428,40.627231280000004,A192,_,00250,411
A192__00170.411,8.316434431337598,40.631987975,A192,_,00170,411
A192__00160.411,8.270913714408042,40.6367375,A192,_,00160,411
A192__00100.411,8.270271519992429,40.657527834999996,A192,_,00100,411
A192__00080.411,8.322777942232374,40.66223809,A192,_,00080,411
A192__00040.411,8.256346923336794,40.65767617,A192,_,00040,411
A192__00030.412,8.22948797526598,40.65253253,A192,_,00030,412
A192__00970.412,8.313921902367463,40.556863465000006,A192,_,00970,412
A192__00930.412,8.339190604127783,40.523677074999995,A192,_,00930,412
A192__00900.412,8.370480956456829,40.524403750000005,A192,_,00900,412
A192__00880.412,8.348844030704612,40.52524834,A192,_,00880,412
A192__00870.412,8.339239255726286,40.525046595,A192,_,00870,412
A192__00860.412,8.352767831461252,40.543009135,A192,_,00860,412
A192__00840.412,8.32841155228568,40.53863541,A192,_,00840,412
A192__00810.412,8.368160406484197,40.54682865,A192,_,00810,412
A192__00800.412,8.362558074395631,40.545200460000004,A192,_,00800,412
A192__00790.412,8.341128885428805,40.547067440000006,A192,_,00790,412
A192__00780.412,8.327312697602157,40.544181890000004,A192,_,00780,412
A192__00750.412,8.37366872054389,40.549303824999996,A192,_,00750,412
A192__00730.412,8.347378361676636,40.55446396,A192,_,00730,412
A192__00720.412,8.34022248745714,40.561105495,A192,_,00720,412
A192__0071.412,8.317022816532797,40.554209415,A192,_,0071,412
A192__00680.412,8.353474054063977,40.568406275,A192,_,00680,412
A192__00670.412,8.343178204945549,40.570777655,A192,_,00670,412
A192__00660.412,8.335213490676832,40.56574664,A192,_,00660,412
A192__0064.412,8.319597012274583,40.56397596,A192,_,0064,412
A192__00620.412,8.322526801482805,40.56891841,A192,_,00620,412
A192__00600.412,8.348126048790487,40.573530635,A192,_,00600,412
A192__00580.412,8.364068595306861,40.57893996,A192,_,00580,412
A192__00570.412,8.352387881306614,40.588262525000005,A192,_,00570,412
A192__00530.412,8.34090332658219,40.592680145,A192,_,00530,412
A192__00520.412,8.32349845236529,40.594216720000006,A192,_,00520,412
A192__00480.412,8.23542736671816,40.582955275,A192,_,00480,412
A192__00420.412,8.346299066173302,40.603079975,A192,_,00420,412
A192__00380.412,8.313530783485035,40.602526255,A192,_,00380,412
A192__00360.412,8.312321905455281,40.60973533,A192,_,00360,412
A192__00350.412,8.268933028459827,40.60375641,A192,_,00350,412
A192__00270.412,8.352029073613608,40.60456383499999,A192,_,00270,412
A192__00260.412,8.300990712183175,40.614666924999995,A192,_,00260,412
A192__00250.412,8.276991698073973,40.610533544999996,A192,_,00250,412
A192__00210.412,8.354236912346394,40.619659854999995,A192,_,00210,412
A192__00170.412,8.31641538623133,40.63282839,A192,_,00170,412
A192__00160.412,8.250591130981704,40.641587215,A192,_,00160,412
A192__00150.412,8.218712501016679,40.635816065,A192,_,00150,412
A192__00120.412,8.303887942356631,40.64494489,A192,_,00120,412
A192__00110.412,8.292179113367325,40.64302132,A192,_,00110,412
A192__00100.412,8.271164064774135,40.657429945000004,A192,_,00100,412
A192__00080.412,8.322401559239722,40.66247906,A192,_,00080,412
A192__00030.413,8.228756977682533,40.65435695,A192,_,00030,413
A192__00970.413,8.313945306761127,40.556795835,A192,_,00970,413
A192__00950.413,8.359272964119048,40.50514991,A192,_,00950,413
A192__00930.413,8.338904870630401,40.523557260000004,A192,_,00930,413
A192__00900.413,8.36950067278072,40.52444518,A192,_,00900,413
A192__00890.413,8.345297200181477,40.52877704,A192,_,00890,413
A192__00880.413,8.34511482837054,40.52260212,A192,_,00880,413
A192__00870.413,8.340852979926172,40.52546077,A192,_,00870,413
A192__00860.413,8.353152641600342,40.542847345,A192,_,00860,413
A192__00840.413,8.328271749357508,40.538792765,A192,_,00840,413
A192__00810.413,8.367876341633178,40.54682303,A192,_,00810,413
A192__00800.413,8.362469762927219,40.54549856,A192,_,00800,413
A192__00790.413,8.347917382439583,40.54363721,A192,_,00790,413
A192__00780.413,8.327603685285148,40.54428355,A192,_,00780,413
A192__00720.413,8.339334762640334,40.55971219,A192,_,00720,413
A192__0064.413,8.319822739604076,40.563693935,A192,_,0064,413
A192__00630.413,8.33878306684514,40.572836405000004,A192,_,00630,413
A192__00620.413,8.322578994252114,40.568999250000005,A192,_,00620,413
A192__00580.413,8.363887287090193,40.57827794,A192,_,00580,413
A192__00570.413,8.352951321225296,40.588856985,A192,_,00570,413
A192__00560.413,8.32564039404705,40.579395315,A192,_,00560,413
A192__00550.413,8.321481406052634,40.58305176499999,A192,_,00550,413
A192__00540.413,8.356350868984144,40.592350535,A192,_,00540,413
A192__00520.413,8.323640002733061,40.594024184999995,A192,_,00520,413
A192__00490.413,8.24636177181011,40.57731434,A192,_,00490,413
A192__00480.413,8.232516134075198,40.584428275,A192,_,00480,413
A192__00420.413,8.346200014103692,40.602837405,A192,_,00420,413
A192__00390.413,8.323235830909839,40.609744539999994,A192,_,00390,413
A192__00380.413,8.312461577139818,40.604030875,A192,_,00380,413
A192__00360.413,8.311983334928527,40.60972607,A192,_,00360,413
A192__00280.413,8.354032347368001,40.61107168,A192,_,00280,413
A192__00270.413,8.352213778557342,40.604611685,A192,_,00270,413
A192__00260.413,8.317390801915785,40.61950349,A192,_,00260,413
A192__00250.413,8.277386156229174,40.609479545,A192,_,00250,413
A192__00170.413,8.317132015392815,40.632175454999995,A192,_,00170,413
A192__00160.413,8.253320210558979,40.641297859999995,A192,_,00160,413
A192__00150.413,8.244153964425243,40.645047285000004,A192,_,00150,413
A192__00120.413,8.304383544092243,40.644943760000004,A192,_,00120,413
A192__00100.413,8.270455690494904,40.657387549999996,A192,_,00100,413
A192__00060.413,8.302029285738382,40.65984595,A192,_,00060,413
A192__00030.414,8.22938426003019,40.65356985,A192,_,00030,414
A192__00970.414,8.313958832921578,40.55675468,A192,_,00970,414
A192__00950.414,8.359701556151748,40.50528695,A192,_,00950,414
A192__00940.414,8.356131584200856,40.51792624,A192,_,00940,414
A192__00930.414,8.340478049329178,40.520787825,A192,_,00930,414
A192__00900.414,8.36808314262166,40.525003215,A192,_,00900,414
A192__00880.414,8.345269669156703,40.519909139999996,A192,_,00880,414
A192__00870.414,8.341001159868359,40.52556266,A192,_,00870,414
A192__00860.414,8.353440955205205,40.542558510000006,A192,_,00860,414
A192__00850.414,8.341798178417825,40.53225966,A192,_,00850,414
A192__00810.414,8.367932184028055,40.546736589999995,A192,_,00810,414
A192__00800.414,8.362031339418532,40.545141,A192,_,00800,414
A192__00750.414,8.374574128519754,40.54854851499999,A192,_,00750,414
A192__00730.414,8.345196499407638,40.55554782,A192,_,00730,414
A192__00690.414,8.363076112218149,40.573676045,A192,_,00690,414
A192__00680.414,8.351343109110953,40.569600275,A192,_,00680,414
A192__00670.414,8.343215901951783,40.570696705,A192,_,00670,414
A192__0064.414,8.319703465342315,40.563615745,A192,_,0064,414
A192__00620.414,8.322422379270833,40.569059025,A192,_,00620,414
A192__00580.414,8.363537309697431,40.578133574999995,A192,_,00580,414
A192__00570.414,8.352800601605495,40.588646049999994,A192,_,00570,414
A192__00480.414,8.235067593286214,40.58411226,A192,_,00480,414
A192__00420.414,8.345620414236988,40.60303068,A192,_,00420,414
A192__00390.414,8.323477546665575,40.60984833,A192,_,00390,414
A192__00380.414,8.313328278029534,40.60395079,A192,_,00380,414
A192__00350.414,8.26881701172367,40.604771415,A192,_,00350,414
A192__00320.414,8.223877292835073,40.60052814,A192,_,00320,414
A192__00270.414,8.352512854748511,40.605389435,A192,_,00270,414
A192__00210.414,8.327983707556957,40.625938239999996,A192,_,00210,414
A192__00170.414,8.317121127403134,40.632829385,A192,_,00170,414
A192__00160.414,8.261739456668582,40.628572829999996,A192,_,00160,414
A192__00150.414,8.243788945527884,40.643328370000006,A192,_,00150,414
A192__00120.414,8.30816782364232,40.641553634999994,A192,_,00120,414
A192__00100.414,8.270622777963869,40.657885645,A192,_,00100,414
A192__00010.415,8.233515855051714,40.662787465,A192,_,00010,415
A192__00940.415,8.356601559436466,40.51610522,A192,_,00940,415
A192__00930.415,8.340346440737559,40.520928049999995,A192,_,00930,415
A192__00900.415,8.370887821062038,40.524415985000005,A192,_,00900,415
A192__00870.415,8.340036691638389,40.526153519999994,A192,_,00870,415
A192__00800.415,8.361931177926124,40.545427384999996,A192,_,00800,415
A192__00790.415,8.34145983687939,40.5486555,A192,_,00790,415
A192__00780.415,8.325518775018978,40.543498885000005,A192,_,00780,415
A192__00770.415,8.3347483664508,40.55052571,A192,_,00770,415
A192__00750.415,8.374730327996758,40.54840507,A192,_,00750,415
A192__00730.415,8.345245051825962,40.555795544999995,A192,_,00730,415
A192__00680.415,8.349579489884558,40.56878091,A192,_,00680,415
A192__00630.415,8.339655151691112,40.572151855,A192,_,00630,415
A192__00620.415,8.322504003791453,40.56906329500001,A192,_,00620,415
A192__00590.415,8.377247859493938,40.582030325,A192,_,00590,415
A192__00580.415,8.363232865123834,40.578094445,A192,_,00580,415
A192__00570.415,8.344239317169809,40.58551263,A192,_,00570,415
A192__00550.415,8.321808484057051,40.582375175,A192,_,00550,415
A192__00540.415,8.35637048655606,40.593284194999995,A192,_,00540,415
A192__00520.415,8.32635538438359,40.59318237,A192,_,00520,415
A192__00480.415,8.235977472101041,40.583568105,A192,_,00480,415
A192__00420.415,8.345764215438912,40.603283355,A192,_,00420,415
A192__00390.415,8.323643494730975,40.609889225,A192,_,00390,415
A192__00380.415,8.312637106936297,40.60366323,A192,_,00380,415
A192__00320.415,8.225319269997502,40.599052705000005,A192,_,00320,415
A192__00250.415,8.267394533176521,40.624531335,A192,_,00250,415
A192__00210.415,8.330012394969515,40.62507086,A192,_,00210,415
A192__00170.415,8.314232075615987,40.63544661,A192,_,00170,415
A192__00160.415,8.24816556496328,40.64140709,A192,_,00160,415
A192__00150.415,8.228785162633066,40.635807549999996,A192,_,00150,415
A192__00120.415,8.308406601983807,40.641179695,A192,_,00120,415
A192__00110.415,8.280398142641419,40.643956645,A192,_,00110,415
A192__00100.415,8.27034659991116,40.657364635,A192,_,00100,415
A192__00080.415,8.320081703930388,40.65472996,A192,_,00080,415
A192__00060.415,8.306836996281852,40.65759576,A192,_,00060,415
A192__00010.416,8.23324281593972,40.662890715,A192,_,00010,416
A192__00900.416,8.370589231837739,40.526506499999996,A192,_,00900,416
A192__00890.416,8.350710015944863,40.5294322,A192,_,00890,416
A192__00880.416,8.342590402079505,40.529045735,A192,_,00880,416
A192__00870.416,8.340602464036769,40.52598675,A192,_,00870,416
A192__00860.416,8.354061254534479,40.54255202,A192,_,00860,416
A192__00850.416,8.340888919978507,40.531660825,A192,_,00850,416
A192__00810.416,8.368104462156348,40.54789017,A192,_,00810,416
A192__00800.416,8.350702884145779,40.54574618,A192,_,00800,416
A192__00790.416,8.344462236369086,40.54053677,A192,_,00790,416
A192__00780.416,8.32616444641565,40.543832255,A192,_,00780,416
A192__00770.416,8.335797270832131,40.550423620000004,A192,_,00770,416
A192__00750.416,8.39730593925267,40.550994779999996,A192,_,00750,416
A192__00690.416,8.363089322115986,40.57337934,A192,_,00690,416
A192__00680.416,8.348822385686065,40.568766095,A192,_,00680,416
A192__00620.416,8.322407286542521,40.56913436,A192,_,00620,416
A192__00600.416,8.350028621541941,40.578633135,A192,_,00600,416
A192__00590.416,8.373147208772622,40.58279151,A192,_,00590,416
A192__00580.416,8.365254352970934,40.578473425,A192,_,00580,416
A192__00570.416,8.34441974670202,40.585887875,A192,_,00570,416
A192__00550.416,8.322309759235782,40.583471125,A192,_,00550,416
A192__00520.416,8.32359397517628,40.592026114999996,A192,_,00520,416
A192__00420.416,8.346924051863555,40.60290511,A192,_,00420,416
A192__00390.416,8.3202982526069,40.600766205,A192,_,00390,416
A192__00380.416,8.313690082049206,40.603647914999996,A192,_,00380,416
A192__00350.416,8.272765142276759,40.60371827,A192,_,00350,416
A192__00260.416,8.317624769952317,40.61881941,A192,_,00260,416
A192__00250.416,8.26777576608678,40.624547755,A192,_,00250,416
A192__00210.416,8.329909504325101,40.625175595,A192,_,00210,416
A192__00170.416,8.312207638062334,40.636748170000004,A192,_,00170,416
A192__00120.416,8.307999738281747,40.641212615,A192,_,00120,416
A192__00110.416,8.280470831443239,40.64376253,A192,_,00110,416
A192__00100.416,8.270670582650375,40.65736364,A192,_,00100,416
A192__00080.416,8.327490859410249,40.656225655,A192,_,00080,416
A192__00060.416,8.305944125445798,40.657437555,A192,_,00060,416
A192__00040.416,8.247030844816084,40.662577944999995,A192,_,00040,416
A192__00030.416,8.230651521394567,40.655402045,A192,_,00030,416
A192__00010.417,8.233421146913669,40.663020724999996,A192,_,00010,417
A192__00940.417,8.354008810521808,40.510447545,A192,_,00940,417
A192__00930.417,8.343114582425542,40.5196486,A192,_,00930,417
A192__00900.417,8.37104554452598,40.525775705,A192,_,00900,417
A192__00890.417,8.344609779458011,40.529053655,A192,_,00890,417
A192__00880.417,8.342257312184586,40.52923813,A192,_,00880,417
A192__00870.417,8.336529092069418,40.52645829,A192,_,00870,417
A192__00800.417,8.351331222489861,40.545719825000006,A192,_,00800,417
A192__00780.417,8.334996337522735,40.544899125,A192,_,00780,417
A192__00770.417,8.335889398470876,40.5505792,A192,_,00770,417
A192__00750.417,8.369232744188873,40.559900455000005,A192,_,00750,417
A192__00720.417,8.33480116116505,40.55869161,A192,_,00720,417
A192__0071.417,8.319855842116096,40.558064675,A192,_,0071,417
A192__00670.417,8.343135448906562,40.570612280000006,A192,_,00670,417
A192__00660.417,8.333918134628028,40.565579225,A192,_,00660,417
A192__00630.417,8.340034415310052,40.57193939,A192,_,00630,417
A192__00620.417,8.322483076897765,40.569092235,A192,_,00620,417
A192__00600.417,8.349805119412533,40.578484474999996,A192,_,00600,417
A192__00580.417,8.366149013889116,40.58069535,A192,_,00580,417
A192__00570.417,8.344541144320086,40.58586338,A192,_,00570,417
A192__00530.417,8.335201167389279,40.5909244,A192,_,00530,417
A192__00420.417,8.346659170244918,40.602697165,A192,_,00420,417
A192__00390.417,8.32263467679605,40.60025694,A192,_,00390,417
A192__00380.417,8.314174889716288,40.603306974999995,A192,_,00380,417
A192__00350.417,8.275056402718139,40.60584745,A192,_,00350,417
A192__00320.417,8.22254640087726,40.59823799,A192,_,00320,417
A192__00280.417,8.361319255673681,40.61883938,A192,_,00280,417
A192__00260.417,8.319717362106276,40.61963177,A192,_,00260,417
A192__00250.417,8.26773586475517,40.62440599,A192,_,00250,417
A192__00170.417,8.31359434073224,40.637046665,A192,_,00170,417
A192__00160.417,8.272499102529135,40.640105915,A192,_,00160,417
A192__00120.417,8.307911195362976,40.641181610000004,A192,_,00120,417
A192__00110.417,8.280602959994852,40.643635275,A192,_,00110,417
A192__00100.417,8.271164362264429,40.65736501000001,A192,_,00100,417
A192__00080.417,8.317836921052411,40.655494225,A192,_,00080,417
A192__00030.417,8.230347063898098,40.65530234,A192,_,00030,417
A192__0071.4173,8.323424521609592,40.559547875,A192,_,0071,4173
A192__0071.4174,8.320519820386382,40.550255645,A192,_,0071,4174
A192__0071.4176,8.319337652616278,40.549877295,A192,_,0071,4176
A192__0071.4177,8.318442868714442,40.55012927,A192,_,0071,4177
A192__0071.4178,8.318524086517755,40.55016402,A192,_,0071,4178
A192__0071.4179,8.31835757571802,40.550002455,A192,_,0071,4179
A192__00010.418,8.233194220170134,40.663078264999996,A192,_,00010,418
A192__00950.418,8.33787042905138,40.516047635,A192,_,00950,418
A192__00940.418,8.353240304552724,40.51025343,A192,_,00940,418
A192__00930.418,8.343354855631144,40.51945442,A192,_,00930,418
A192__00900.418,8.370947063480791,40.525410775,A192,_,00900,418
A192__00890.418,8.344947906359186,40.52911098,A192,_,00890,418
A192__00880.418,8.342224647100483,40.52943549,A192,_,00880,418
A192__00870.418,8.336309145981225,40.526385535,A192,_,00870,418
A192__00860.418,8.354644425819306,40.54247274,A192,_,00860,418
A192__00850.418,8.342352108245647,40.531556155000004,A192,_,00850,418
A192__00810.418,8.367906361274327,40.54568075,A192,_,00810,418
A192__00790.418,8.342405772915317,40.54509987,A192,_,00790,418
A192__00770.418,8.33570385441905,40.55015369,A192,_,00770,418
A192__00750.418,8.369187410822766,40.559535885,A192,_,00750,418
A192__00730.418,8.345782676639143,40.55252492,A192,_,00730,418
A192__0071.418,8.320020099098521,40.55810964,A192,_,0071,418
A192__00680.418,8.350970138699958,40.569315615,A192,_,00680,418
A192__00660.418,8.334030677580817,40.565705895,A192,_,00660,418
A192__00620.418,8.322918871863019,40.569954925,A192,_,00620,418
A192__00600.418,8.336225943173918,40.582524045,A192,_,00600,418
A192__00580.418,8.366159777880043,40.578879555,A192,_,00580,418
A192__00570.418,8.344738522852708,40.586396575,A192,_,00570,418
A192__00560.418,8.326612199461934,40.579135304999994,A192,_,00560,418
A192__00530.418,8.333707315600986,40.59156928,A192,_,00530,418
A192__00520.418,8.324979196088073,40.592905779999995,A192,_,00520,418
A192__00390.418,8.322940131673274,40.60055673,A192,_,00390,418
A192__00380.418,8.314611487068444,40.603111415,A192,_,00380,418
A192__00360.418,8.307809337110267,40.608971,A192,_,00360,418
A192__00350.418,8.274766195,40.60664726,A192,_,00350,418
A192__00320.418,8.22223425519341,40.59836383,A192,_,00320,418
A192__00170.418,8.31289306722442,40.636922075,A192,_,00170,418
A192__00160.418,8.272197140317186,40.638644715,A192,_,00160,418
A192__00150.418,8.23012349306983,40.641877545,A192,_,00150,418
A192__00120.418,8.308247659163865,40.641228955,A192,_,00120,418
A192__00110.418,8.28046598748615,40.643567955,A192,_,00110,418
A192__00100.418,8.268476647550981,40.657351254999995,A192,_,00100,418
A192__00080.418,8.318616811821023,40.655413800000005,A192,_,00080,418
A192__00030.418,8.23047743772318,40.655553964999996,A192,_,00030,418
A192__0071.4180,8.319498653589648,40.54652498,A192,_,0071,4180
A192__0071.4181,8.317631353316225,40.550207975,A192,_,0071,4181
A192__0071.4182,8.317567513307836,40.550271505,A192,_,0071,4182
A192__0071.4183,8.317432952970437,40.55029054,A192,_,0071,4183
A192__0071.4184,8.31732290117625,40.550423405000004,A192,_,0071,4184
A192__0071.4185,8.317372383247246,40.550505485,A192,_,0071,4185
A192__0071.4186,8.317278856137234,40.550639180000005,A192,_,0071,4186
A192__0071.4187,8.317453466535856,40.5508227,A192,_,0071,4187
A192__0071.4188,8.317571501914278,40.550824155,A192,_,0071,4188
A192__0071.4189,8.317688177264143,40.55089083,A192,_,0071,4189
A192__00040.419,8.24667267791708,40.654500485,A192,_,00040,419
A192__00970.419,8.313569775273166,40.55672831,A192,_,00970,419
A192__00950.419,8.352285224990704,40.51449791,A192,_,00950,419
A192__00930.419,8.34277400685054,40.51786371,A192,_,00930,419
A192__00890.419,8.345019596134549,40.529053655,A192,_,00890,419
A192__00860.419,8.355218651610315,40.54238242,A192,_,00860,419
A192__00850.419,8.342062254894302,40.531391005,A192,_,00850,419
A192__00840.419,8.329553182511724,40.533975909999995,A192,_,00840,419
A192__00770.419,8.335273962278206,40.55016368,A192,_,00770,419
A192__00730.419,8.347001083228196,40.55246864,A192,_,00730,419
A192__0072.419,8.328445030601756,40.557987185,A192,_,0072,419
A192__0071.419,8.320161533889335,40.558065955000004,A192,_,0071,419
A192__00690.419,8.363216501985377,40.572797515000005,A192,_,00690,419
A192__00670.419,8.345480300368145,40.56831526,A192,_,00670,419
A192__00660.419,8.333658308875316,40.565635310000005,A192,_,00660,419
A192__0064.419,8.320368013214846,40.56358667,A192,_,0064,419
A192__00630.419,8.34072812371447,40.57138853,A192,_,00630,419
A192__00620.419,8.3230862738184,40.569950305000006,A192,_,00620,419
A192__0061.419,8.316831130287724,40.57576938,A192,_,0061,419
A192__00600.419,8.33446474736623,40.58195147,A192,_,00600,419
A192__00580.419,8.363690092792535,40.576790615,A192,_,00580,419
A192__00550.419,8.32185302622024,40.579345805,A192,_,00550,419
A192__00530.419,8.33389431769726,40.591148794999995,A192,_,00530,419
A192__00520.419,8.326408152779681,40.591688864999995,A192,_,00520,419
A192__00490.419,8.255108550434478,40.585403895,A192,_,00490,419
A192__00480.419,8.22176676244159,40.588320845,A192,_,00480,419
A192__00420.419,8.34710346417919,40.602397859999996,A192,_,00420,419
A192__00390.419,8.323123287151235,40.60092224,A192,_,00390,419
A192__00380.419,8.315052344751486,40.603255645000004,A192,_,00380,419
A192__00360.419,8.307472997775628,40.609007340000005,A192,_,00360,419
A192__00350.419,8.274981712523214,40.606576415,A192,_,00350,419
A192__00280.419,8.361551727317801,40.619827005000005,A192,_,00280,419
A192__00170.419,8.31423041382931,40.637339125,A192,_,00170,419
A192__00160.419,8.272302620873772,40.638410945000004,A192,_,00160,419
A192__00110.419,8.280451372267759,40.643489865,A192,_,00110,419
A192__00100.419,8.270455645547433,40.65736289,A192,_,00100,419
A192__00080.419,8.325375827461112,40.659727970000006,A192,_,00080,419
A192__00060.419,8.29200897402221,40.667608645,A192,_,00060,419
A192__0071.4190,8.31781740129307,40.55098247,A192,_,0071,4190
A192__0071.4191,8.318097282673266,40.55104807,A192,_,0071,4191
A192__0071.4192,8.318559427331932,40.55168478,A192,_,0071,4192
A192__0071.4193,8.31837335501921,40.551838419999996,A192,_,0071,4193
A192__0071.4194,8.318154803355704,40.55196582,A192,_,0071,4194
A192__0071.4195,8.318146294932607,40.552105839999996,A192,_,0071,4195
A192__0071.4196,8.318575444995357,40.551819554999994,A192,_,0071,4196
A192__0071.4197,8.31763186459403,40.55011932,A192,_,0071,4197
A192__0071.4198,8.318622865734795,40.550041745,A192,_,0071,4198
A192__0071.4199,8.318602116432483,40.550041745,A192,_,0071,4199
A192__00010.42,8.211549250820195,40.666537505,A192,_,00010,42
A192__00960.42,8.36348781137017,40.506875205,A192,_,00960,42
A192__00940.42,8.356259025221224,40.51517732,A192,_,00940,42
A192__00930.42,8.341569255019534,40.521842125,A192,_,00930,42
A192__00920.42,8.384991140772115,40.5237895,A192,_,00920,42
A192__00890.42,8.353838722398521,40.53244529,A192,_,00890,42
A192__00880.42,8.341553976037616,40.523945245,A192,_,00880,42
A192__00870.42,8.340810055647927,40.530552695,A192,_,00870,42
A192__00850.42,8.342515192791154,40.53637545,A192,_,00850,42
A192__00840.42,8.332196245986736,40.533637135,A192,_,00840,42
A192__00810.42,8.36377837003521,40.550960290000006,A192,_,00810,42
A192__00800.42,8.357135941487465,40.541653800000006,A192,_,00800,42
A192__00790.42,8.346638160402463,40.540587495,A192,_,00790,42
A192__00750.42,8.395623621609957,40.551517815,A192,_,00750,42
A192__00740.42,8.361896530856662,40.55690497,A192,_,00740,42
A192__00680.42,8.3557933202109,40.567033495000004,A192,_,00680,42
A192__00650.42,8.300227845046543,40.572265435,A192,_,00650,42
A192__00640.42,8.32329819501873,40.568440025,A192,_,00640,42
A192__00620.42,8.322211091066869,40.569724414999996,A192,_,00620,42
A192__0061.42,8.319467325167736,40.57249715,A192,_,0061,42
A192__00580.42,8.35971923074326,40.578151085,A192,_,00580,42
A192__00570.42,8.349201407543216,40.58980036,A192,_,00570,42
A192__00560.42,8.324335317474246,40.579565495,A192,_,00560,42
A192__00550.42,8.32252404454536,40.58621909,A192,_,00550,42
A192__00510.42,8.315201377553478,40.594872605000006,A192,_,00510,42
A192__00500.42,8.316641387741655,40.58147801,A192,_,00500,42
A192__00480.42,8.222677642176965,40.59559359,A192,_,00480,42
A192__00460.42,8.163854607878788,40.57022723,A192,_,00460,42
A192__00450.42,8.168005244090956,40.58634687,A192,_,00450,42
A192__00440.42,8.37950339746007,40.603138685000005,A192,_,00440,42
A192__00430.42,8.379076489555619,40.603671495,A192,_,00430,42
A192__00420.42,8.341458852272,40.604700335000004,A192,_,00420,42
A192__00410.42,8.33741768234061,40.603102585,A192,_,00410,42
A192__00380.42,8.310006518168834,40.592797270000005,A192,_,00380,42
A192__00370.42,8.28957319647824,40.59455864,A192,_,00370,42
A192__00350.42,8.265995089188845,40.599004345,A192,_,00350,42
A192__00340.42,8.262920924340257,40.61673635,A192,_,00340,42
A192__00330.42,8.250855727538262,40.596003975,A192,_,00330,42
A192__00310.42,8.369420954796412,40.618622655,A192,_,00310,42
A192__00300.42,8.413116217782164,40.624013335,A192,_,00300,42
A192__00290.42,8.383453839149002,40.613563025000005,A192,_,00290,42
A192__00250.42,8.277935630646702,40.608016015000004,A192,_,00250,42
A192__00240.42,8.210963748826526,40.624558594999996,A192,_,00240,42
A192__00220.42,8.146643644733558,40.612421515,A192,_,00220,42
A192__00100.42,8.261205157484467,40.657605825,A192,_,00100,42
A192__00090.42,8.20285795094225,40.645360215,A192,_,00090,42
A192__00070.42,8.333926112058034,40.661358435,A192,_,00070,42
A192__00060.42,8.298030007639712,40.666602025,A192,_,00060,42
A192__00040.420,8.246672283660644,40.65405301,A192,_,00040,420
A192__00970.420,8.313312866173522,40.55668745,A192,_,00970,420
A192__00950.420,8.352363752566383,40.514594849999995,A192,_,00950,420
A192__00900.420,8.355990872027117,40.5334906,A192,_,00900,420
A192__00880.420,8.341541156195799,40.529014275,A192,_,00880,420
A192__00870.420,8.336913633940075,40.52885206,A192,_,00870,420
A192__00860.420,8.355557880932585,40.54145997,A192,_,00860,420
A192__00850.420,8.342578979533922,40.531380105,A192,_,00850,420
A192__00790.420,8.343236828384288,40.537842225,A192,_,00790,420
A192__00780.420,8.337743027741706,40.54084901,A192,_,00780,420
A192__0077.420,8.32897614341307,40.554766135,A192,_,0077,420
A192__00730.420,8.344438629979999,40.55669572,A192,_,00730,420
A192__0071.420,8.319699627121517,40.558382255,A192,_,0071,420
A192__00660.420,8.333898672611511,40.565769175,A192,_,00660,420
A192__0064.420,8.320534886508051,40.56355686,A192,_,0064,420
A192__0061.420,8.317051057289655,40.575463865,A192,_,0061,420
A192__00600.420,8.333678499782113,40.5827114,A192,_,00600,420
A192__00580.420,8.364202274157442,40.577049315,A192,_,00580,420
A192__00530.420,8.33758071760478,40.592350575,A192,_,00530,420
A192__00520.420,8.32606777133029,40.591577755,A192,_,00520,420
A192__00490.420,8.258095427191401,40.590733975000006,A192,_,00490,420
A192__00480.420,8.245177434807992,40.58912877,A192,_,00480,420
A192__00420.420,8.349821931948345,40.601321455000004,A192,_,00420,420
A192__00390.420,8.323415665845388,40.60105268,A192,_,00390,420
A192__00380.420,8.312253487493289,40.602810525,A192,_,00380,420
A192__00360.420,8.307213433146345,40.60902077,A192,_,00360,420
A192__00350.420,8.268402701528249,40.602753735,A192,_,00350,420
A192__00320.420,8.214152077455442,40.59306202,A192,_,00320,420
A192__00280.420,8.362123781646623,40.62001836,A192,_,00280,420
A192__00270.420,8.318834707564768,40.614342685,A192,_,00270,420
A192__00210.420,8.35395376567274,40.618301875,A192,_,00210,420
A192__00170.420,8.312907748625623,40.636117510000005,A192,_,00170,420
A192__00160.420,8.272777983259612,40.63852173,A192,_,00160,420
A192__00150.420,8.230248594235345,40.641147925,A192,_,00150,420
A192__00120.420,8.307591564292505,40.640431535000005,A192,_,00120,420
A192__00100.420,8.270961201416341,40.657364279999996,A192,_,00100,420
A192__00080.420,8.323227015935494,40.66257976,A192,_,00080,420
A192__00060.420,8.292050160149511,40.667157705,A192,_,00060,420
A192__0071.4200,8.320215332806614,40.550344705,A192,_,0071,4200
A192__0071.4201,8.31956857118637,40.55021,A192,_,0071,4201
A192__0071.4202,8.318699646956947,40.54992951,A192,_,0071,4202
A192__0071.4203,8.317546269178642,40.549499185,A192,_,0071,4203
A192__0071.4204,8.317598971317443,40.549829654999996,A192,_,0071,4204
A192__0071.4205,8.318801175949385,40.550128285,A192,_,0071,4205
A192__0071.4206,8.317888562194181,40.54954755,A192,_,0071,4206
A192__0071.4207,8.318424122136953,40.549914465,A192,_,0071,4207
A192__0071.4209,8.320734040861964,40.548960465,A192,_,0071,4209
A192__00010.421,8.22969764417672,40.660955099999995,A192,_,00010,421
A192__00970.421,8.313192002151453,40.55666233,A192,_,00970,421
A192__00950.421,8.33976002074249,40.507505800000004,A192,_,00950,421
A192__00930.421,8.343091390144686,40.51862396,A192,_,00930,421
A192__00890.421,8.3499925951388,40.526839315000004,A192,_,00890,421
A192__00880.421,8.341835374745989,40.52927138,A192,_,00880,421
A192__00860.421,8.353141334070074,40.543395829999994,A192,_,00860,421
A192__00850.421,8.342444511701732,40.531380105,A192,_,00850,421
A192__00840.421,8.332463128332193,40.53655287,A192,_,00840,421
A192__00800.421,8.361877871111432,40.546538145,A192,_,00800,421
A192__00790.421,8.339389419805409,40.545180005,A192,_,00790,421
A192__00750.421,8.373632867696443,40.549752100000006,A192,_,00750,421
A192__00730.421,8.344536282319917,40.556605704999996,A192,_,00730,421
A192__00690.421,8.363348706010825,40.57267883,A192,_,00690,421
A192__00680.421,8.351430840593984,40.56964329,A192,_,00680,421
A192__00660.421,8.333997282906825,40.56539215,A192,_,00660,421
A192__00600.421,8.334187629332142,40.58250084,A192,_,00600,421
A192__00590.421,8.388720855707355,40.581451584999996,A192,_,00590,421
A192__00580.421,8.364709671434307,40.577231944999994,A192,_,00580,421
A192__00570.421,8.344459513188927,40.586166785,A192,_,00570,421
A192__00560.421,8.324271858920696,40.579691389999994,A192,_,00560,421
A192__00550.421,8.320311275137918,40.583765615,A192,_,00550,421
A192__00540.421,8.346733999598394,40.59196515,A192,_,00540,421
A192__00530.421,8.337659403967743,40.592673425,A192,_,00530,421
A192__00480.421,8.24639313949291,40.588884765,A192,_,00480,421
A192__00420.421,8.345379138510829,40.60386111,A192,_,00420,421
A192__00390.421,8.317953315059935,40.601156345,A192,_,00390,421
A192__00380.421,8.312713636754287,40.602354410000004,A192,_,00380,421
A192__00170.421,8.312213363560867,40.636120405,A192,_,00170,421
A192__00160.421,8.272527834268512,40.63875944,A192,_,00160,421
A192__00150.421,8.230055275101488,40.64216019,A192,_,00150,421
A192__00120.421,8.310292318755646,40.644494075,A192,_,00120,421
A192__00100.421,8.27141616584144,40.657365935,A192,_,00100,421
A192__0071.4210,8.32044525610727,40.549357835,A192,_,0071,4210
A192__0071.4211,8.319997501818177,40.548128365,A192,_,0071,4211
A192__0071.4212,8.319389532414304,40.54677573,A192,_,0071,4212
A192__0071.4213,8.320005710038043,40.54672139,A192,_,0071,4213
A192__0071.4219,8.327721164157275,40.549165115,A192,_,0071,4219
A192__00060.422,8.30092654519599,40.663164815,A192,_,00060,422
A192__00970.422,8.313013670111577,40.556637965,A192,_,00970,422
A192__00950.422,8.33993725630637,40.507396944999996,A192,_,00950,422
A192__00940.422,8.355150775142846,40.5173773,A192,_,00940,422
A192__00930.422,8.342546556536746,40.518500724999996,A192,_,00930,422
A192__00890.422,8.350109739421047,40.527112915000004,A192,_,00890,422
A192__00880.422,8.345072852937708,40.52009805,A192,_,00880,422
A192__00860.422,8.353528802386815,40.543220794999996,A192,_,00860,422
A192__00840.422,8.33232452043875,40.536420135,A192,_,00840,422
A192__00810.422,8.374939638394746,40.544601065,A192,_,00810,422
A192__00750.422,8.37337656732577,40.54981488,A192,_,00750,422
A192__00730.422,8.349644760303107,40.550473385000004,A192,_,00730,422
A192__0071.422,8.31952536413353,40.55828451,A192,_,0071,422
A192__00660.422,8.334240646269926,40.56539637,A192,_,00660,422
A192__00630.422,8.3405799747121,40.57075854,A192,_,00630,422
A192__00600.422,8.333391222546236,40.58197377,A192,_,00600,422
A192__00580.422,8.365123162844306,40.577421005000005,A192,_,00580,422
A192__00570.422,8.344256255929913,40.585894145,A192,_,00570,422
A192__00560.422,8.324331252980976,40.57976123,A192,_,00560,422
A192__00540.422,8.346737791142681,40.59211224,A192,_,00540,422
A192__00530.422,8.337213768728006,40.596555144999996,A192,_,00530,422
A192__00520.422,8.327159957913578,40.59097884,A192,_,00520,422
A192__00490.422,8.256806527664523,40.590756060000004,A192,_,00490,422
A192__00390.422,8.317483504980192,40.601357615,A192,_,00390,422
A192__00380.422,8.313229693981217,40.602526255,A192,_,00380,422
A192__00320.422,8.20755912978856,40.593581385,A192,_,00320,422
A192__00260.422,8.311984263197157,40.62071752,A192,_,00260,422
A192__00170.422,8.313600998001547,40.636113824999995,A192,_,00170,422
A192__00160.422,8.272408092869636,40.63896639,A192,_,00160,422
A192__00150.422,8.230220004646176,40.64217811,A192,_,00150,422
A192__00120.422,8.30987004260339,40.644346035,A192,_,00120,422
A192__00110.422,8.28072092800741,40.643680185,A192,_,00110,422
A192__00100.422,8.270345991201646,40.657254429999995,A192,_,00100,422
A192__0071.4220,8.327783345611564,40.549113945,A192,_,0071,4220
A192__0071.4222,8.327574855001348,40.54899134,A192,_,0071,4222
A192__0071.4223,8.327277883819612,40.54884407,A192,_,0071,4223
A192__0071.4224,8.327309126605615,40.54884112,A192,_,0071,4224
A192__0071.4226,8.32706126396251,40.548697770000004,A192,_,0071,4226
A192__0071.4229,8.324702672793087,40.551903519999996,A192,_,0071,4229
A192__00010.423,8.229638288277831,40.65640412,A192,_,00010,423
A192__00970.423,8.312978437793099,40.55673793,A192,_,00970,423
A192__00950.423,8.344147927266363,40.51293412,A192,_,00950,423
A192__00940.423,8.355170204042778,40.51708764,A192,_,00940,423
A192__00930.423,8.342418022271644,40.518152195,A192,_,00930,423
A192__00890.423,8.350048115173138,40.52689493,A192,_,00890,423
A192__00880.423,8.344840938348632,40.52031846,A192,_,00880,423
A192__00860.423,8.354014993007226,40.543023355,A192,_,00860,423
A192__00840.423,8.329400873916454,40.534412025,A192,_,00840,423
A192__00810.423,8.363071649121547,40.550221734999994,A192,_,00810,423
A192__00800.423,8.344968156368868,40.549028559999996,A192,_,00800,423
A192__00790.423,8.339340553224913,40.54492923,A192,_,00790,423
A192__00780.423,8.32757783392621,40.548221215,A192,_,00780,423
A192__0077.423,8.331539198393648,40.554685539999994,A192,_,0077,423
A192__0071.423,8.319795993872326,40.558238345,A192,_,0071,423
A192__00690.423,8.364079792801203,40.57156483,A192,_,00690,423
A192__00680.423,8.357432911366192,40.568909835,A192,_,00680,423
A192__00660.423,8.334439998616809,40.565486615,A192,_,00660,423
A192__00630.423,8.33933480698202,40.57302045,A192,_,00630,423
A192__00600.423,8.33388113026782,40.58195147,A192,_,00600,423
A192__00590.423,8.388905825859123,40.58104521,A192,_,00590,423
A192__00580.423,8.36555580205404,40.577621525,A192,_,00580,423
A192__00570.423,8.344715062486932,40.58642167,A192,_,00570,423
A192__00560.423,8.324394257813042,40.5798336,A192,_,00560,423
A192__00550.423,8.320586701332182,40.583639695,A192,_,00550,423
A192__00540.423,8.349757531851846,40.59334827,A192,_,00540,423
A192__00530.423,8.336945837689484,40.59650144,A192,_,00530,423
A192__00520.423,8.32522646002012,40.59347342,A192,_,00520,423
A192__00390.423,8.32052260555363,40.6042777,A192,_,00390,423
A192__00350.423,8.274539863725943,40.602230160000005,A192,_,00350,423
A192__00280.423,8.354352751259785,40.611257015,A192,_,00280,423
A192__00260.423,8.310750329930682,40.62102628,A192,_,00260,423
A192__00170.423,8.312872115344737,40.637717395,A192,_,00170,423
A192__00150.423,8.21698630835928,40.634193605,A192,_,00150,423
A192__00110.423,8.280709442224325,40.644033525,A192,_,00110,423
A192__00100.423,8.270535427469781,40.6573478,A192,_,00100,423
A192__00040.423,8.265348932576408,40.646534505,A192,_,00040,423
A192__0071.4231,8.321753268518764,40.554454809999996,A192,_,0071,4231
A192__00710.4233,8.326283750468999,40.54749773499999,A192,_,00710,4233
A192__0071.4234,8.324243368196331,40.559362525,A192,_,0071,4234
A192__0071.4236,8.325966949512551,40.54915706,A192,_,0071,4236
A192__0071.4237,8.326472670943375,40.54905529,A192,_,0071,4237
A192__0071.4238,8.32646109708817,40.548789185000004,A192,_,0071,4238
A192__00010.424,8.23003324335491,40.65626372,A192,_,00010,424
A192__00970.424,8.313048280182993,40.556796090000006,A192,_,00970,424
A192__00950.424,8.344468788057249,40.51282714,A192,_,00950,424
A192__00940.424,8.355616365719658,40.517589525000005,A192,_,00940,424
A192__00930.424,8.342947100386592,40.519278235,A192,_,00930,424
A192__00890.424,8.354361776430085,40.53622887,A192,_,00890,424
A192__00870.424,8.337529829697761,40.525984855000004,A192,_,00870,424
A192__00860.424,8.365807227185485,40.54351924,A192,_,00860,424
A192__00850.424,8.341947334653597,40.531038589999994,A192,_,00850,424
A192__00840.424,8.329341293856999,40.53408975,A192,_,00840,424
A192__00810.424,8.363279150451131,40.55015242,A192,_,00810,424
A192__00800.424,8.34591668591986,40.54892097,A192,_,00800,424
A192__00780.424,8.328035434954614,40.548399745,A192,_,00780,424
A192__0077.424,8.331861926804955,40.55465909,A192,_,0077,424
A192__00730.424,8.35446680073498,40.552256334999996,A192,_,00730,424
A192__00660.424,8.334243046773366,40.56575631,A192,_,00660,424
A192__00600.424,8.33591639644765,40.588419465,A192,_,00600,424
A192__00580.424,8.36584260859737,40.57768024000001,A192,_,00580,424
A192__00570.424,8.34260526106782,40.5867633,A192,_,00570,424
A192__00560.424,8.324448879019872,40.57991731,A192,_,00560,424
A192__00550.424,8.320955379603031,40.583478005,A192,_,00550,424
A192__00540.424,8.349864097966613,40.59321237,A192,_,00540,424
A192__00530.424,8.338741264426433,40.594978515,A192,_,00530,424
A192__00480.424,8.225471113809583,40.59047995,A192,_,00480,424
A192__00420.424,8.346727708167627,40.603865045,A192,_,00420,424
A192__00390.424,8.319604082185613,40.604876475,A192,_,00390,424
A192__00360.424,8.297556608870194,40.604383275,A192,_,00360,424
A192__00350.424,8.275175479798133,40.60198675,A192,_,00350,424
A192__00320.424,8.207840421780919,40.593436065000006,A192,_,00320,424
A192__00280.424,8.354451830070996,40.61126935,A192,_,00280,424
A192__00260.424,8.316619949728167,40.622150395,A192,_,00260,424
A192__00210.424,8.355082332730316,40.632842295,A192,_,00210,424
A192__00170.424,8.316356538200086,40.634984285,A192,_,00170,424
A192__00160.424,8.248036588214465,40.641092935,A192,_,00160,424
A192__00110.424,8.280289312389048,40.643534835,A192,_,00110,424
A192__00100.424,8.27116502801403,40.657218685000004,A192,_,00100,424
A192__00060.424,8.301449714985333,40.66288258,A192,_,00060,424
A192__0071.4240,8.319037236985547,40.550349784999995,A192,_,0071,4240
A192__0071.4241,8.319283731471291,40.55039931,A192,_,0071,4241
A192__0071.4242,8.32758340798894,40.558919155,A192,_,0071,4242
A192__0071.4243,8.325909887053722,40.56220016,A192,_,0071,4243
A192__0071.4244,8.32619235082192,40.550146690000005,A192,_,0071,4244
A192__0071.4245,8.317716732676846,40.555975575,A192,_,0071,4245
A192__0071.4247,8.32299702952603,40.54982382,A192,_,0071,4247
A192__0071.4248,8.32395087567414,40.54870651,A192,_,0071,4248
A192__00010.425,8.229694106509523,40.65607411,A192,_,00010,425
A192__00970.425,8.313035870094378,40.556884675,A192,_,00970,425
A192__00950.425,8.358000855644288,40.50301241,A192,_,00950,425
A192__00940.425,8.355756672630198,40.517265705,A192,_,00940,425
A192__00930.425,8.343292401289279,40.51821556,A192,_,00930,425
A192__00900.425,8.359825811036492,40.533801865,A192,_,00900,425
A192__00890.425,8.353609168819515,40.535695485000005,A192,_,00890,425
A192__00880.425,8.345284342309634,40.52023938,A192,_,00880,425
A192__00870.425,8.337524927821336,40.526363915000005,A192,_,00870,425
A192__00860.425,8.365681232042865,40.543593665,A192,_,00860,425
A192__00800.425,8.346011940124056,40.548802480000006,A192,_,00800,425
A192__00790.425,8.341646646252391,40.550088915,A192,_,00790,425
A192__00780.425,8.328158066489182,40.548055395000006,A192,_,00780,425
A192__0077.425,8.329607813748513,40.551805025,A192,_,0077,425
A192__00730.425,8.354726102046518,40.552575135,A192,_,00730,425
A192__0072.425,8.329821451171167,40.557287065,A192,_,0072,425
A192__00680.425,8.356313192208457,40.570557550000004,A192,_,00680,425
A192__00670.425,8.339601747262165,40.569942915,A192,_,00670,425
A192__00660.425,8.335330356472513,40.561232525,A192,_,00660,425
A192__00630.425,8.341041325186218,40.572712165,A192,_,00630,425
A192__00620.425,8.322629835521616,40.5704804,A192,_,00620,425
A192__0061.425,8.316909245676138,40.575627545,A192,_,0061,425
A192__00600.425,8.336107974030682,40.58822651,A192,_,00600,425
A192__00590.425,8.388879131041417,40.581460945,A192,_,00590,425
A192__00580.425,8.355916214147626,40.586408250000005,A192,_,00580,425
A192__00560.425,8.324487291520983,40.579773285,A192,_,00560,425
A192__00550.425,8.320799096869994,40.58330531,A192,_,00550,425
A192__00540.425,8.346611649858293,40.593108915,A192,_,00540,425
A192__00530.425,8.336003532599184,40.592144355,A192,_,00530,425
A192__00520.425,8.330698272771574,40.592706205,A192,_,00520,425
A192__00480.425,8.225367641851275,40.590353785000005,A192,_,00480,425
A192__00410.425,8.33505361651999,40.60011261,A192,_,00410,425
A192__00390.425,8.318451477978163,40.605659455,A192,_,00390,425
A192__00380.425,8.30963595853127,40.602824745,A192,_,00380,425
A192__00360.425,8.29760388979234,40.604671275,A192,_,00360,425
A192__00350.425,8.274693024618049,40.603074199999995,A192,_,00350,425
A192__00320.425,8.212548207110824,40.593409390000005,A192,_,00320,425
A192__00280.425,8.360444151409741,40.61842752,A192,_,00280,425
A192__00260.425,8.317105926131855,40.62107451,A192,_,00260,425
A192__00210.425,8.355477467505652,40.632808615,A192,_,00210,425
A192__00170.425,8.317252314421996,40.636111924999994,A192,_,00170,425
A192__00160.425,8.248064317768604,40.64068148,A192,_,00160,425
A192__00120.425,8.297473820272014,40.64926544,A192,_,00120,425
A192__00110.425,8.280450659238996,40.64346578999999,A192,_,00110,425
A192__00100.425,8.27147507247492,40.65728133,A192,_,00100,425
A192__00060.425,8.295331642184989,40.65762177,A192,_,00060,425
A192__00040.425,8.253001583106997,40.64587538,A192,_,00040,425
A192__00030.425,8.238567049032508,40.657101855,A192,_,00030,425
A192__0071.4250,8.325185037217185,40.558609745,A192,_,0071,4250
A192__0071.4251,8.317268718146929,40.55580586,A192,_,0071,4251
A192__0071.4252,8.323973569329162,40.549106905,A192,_,0071,4252
A192__0071.4253,8.324048730637442,40.549389024999996,A192,_,0071,4253
A192__0071.4254,8.324011028495793,40.549456324999994,A192,_,0071,4254
A192__0071.4255,8.324066083085743,40.549441,A192,_,0071,4255
A192__00710.4256,8.324641091332593,40.553374845,A192,_,00710,4256
A192__0071.4259,8.320605283372323,40.553008085,A192,_,0071,4259
A192__00030.426,8.23833350500352,40.656840155,A192,_,00030,426
A192__00970.426,8.313018549112414,40.556977765,A192,_,00970,426
A192__00950.426,8.357726975673256,40.503430335000004,A192,_,00950,426
A192__00940.426,8.355723664570833,40.507365565,A192,_,00940,426
A192__00900.426,8.360060890076404,40.534474,A192,_,00900,426
A192__00890.426,8.354851950201965,40.536452159999996,A192,_,00890,426
A192__00880.426,8.348486854924396,40.526471545,A192,_,00880,426
A192__00870.426,8.337764260239847,40.526225875,A192,_,00870,426
A192__00860.426,8.36584522502596,40.54371882,A192,_,00860,426
A192__00850.426,8.342638394278225,40.53124854,A192,_,00850,426
A192__00840.426,8.329710453990472,40.534341905,A192,_,00840,426
A192__00810.426,8.362623054929953,40.5509523,A192,_,00810,426
A192__00800.426,8.347060895740604,40.544980575,A192,_,00800,426
A192__00790.426,8.341733380712933,40.549910645,A192,_,00790,426
A192__00780.426,8.327684893181011,40.547809799999996,A192,_,00780,426
A192__00730.426,8.351895786541395,40.55199544,A192,_,00730,426
A192__0072.426,8.329102657167578,40.55662906,A192,_,0072,426
A192__0071.426,8.319974638339719,40.558497065,A192,_,0071,426
A192__00680.426,8.355823737447285,40.570157835,A192,_,00680,426
A192__00650.426,8.315965002492785,40.564650735,A192,_,00650,426
A192__0061.426,8.317284398944942,40.57576719,A192,_,0061,426
A192__00580.426,8.355530007563992,40.586634855,A192,_,00580,426
A192__00560.426,8.32573081632935,40.584737235,A192,_,00560,426
A192__00550.426,8.320490951443492,40.58283059,A192,_,00550,426
A192__00520.426,8.329680382938639,40.595277455,A192,_,00520,426
A192__00480.426,8.225535820994729,40.59054669,A192,_,00480,426
A192__00420.426,8.345479507426298,40.604045675,A192,_,00420,426
A192__00390.426,8.31994168508782,40.604718399999996,A192,_,00390,426
A192__00380.426,8.309777701636458,40.602717365000004,A192,_,00380,426
A192__00360.426,8.29741774729965,40.604655715,A192,_,00360,426
A192__00350.426,8.275280028495441,40.601136945,A192,_,00350,426
A192__00320.426,8.213022529157213,40.593824085,A192,_,00320,426
A192__00280.426,8.359907672948445,40.618541555,A192,_,00280,426
A192__00260.426,8.316006949969994,40.621659025,A192,_,00260,426
A192__00190.426,8.211960038042768,40.632961445,A192,_,00190,426
A192__00170.426,8.31583952577111,40.63619085,A192,_,00170,426
A192__00160.426,8.248206558804693,40.64050791,A192,_,00160,426
A192__00150.426,8.225321540381753,40.64029107,A192,_,00150,426
A192__00110.426,8.296108334757747,40.648279385,A192,_,00110,426
A192__00100.426,8.271464493296271,40.656738965,A192,_,00100,426
A192__00080.426,8.321868744541549,40.651547585,A192,_,00080,426
A192__00040.426,8.254090142480232,40.645684405,A192,_,00040,426
A192__0071.4261,8.319656126872554,40.553582675,A192,_,0071,4261
A192__0071.4265,8.321784920378917,40.56065681,A192,_,0071,4265
A192__0071.4266,8.32145417896563,40.55808913,A192,_,0071,4266
A192__0071.4268,8.32441069977531,40.54864285,A192,_,0071,4268
A192__00040.427,8.254431510141904,40.645662085,A192,_,00040,427
A192__00970.427,8.312843899817235,40.556948435,A192,_,00970,427
A192__00930.427,8.334303023189591,40.52214431,A192,_,00930,427
A192__00900.427,8.360555554330762,40.534646415,A192,_,00900,427
A192__00890.427,8.354117167937666,40.535370645,A192,_,00890,427
A192__00860.427,8.352249313252548,40.53882659,A192,_,00860,427
A192__00840.427,8.32966588615583,40.53402208,A192,_,00840,427
A192__00800.427,8.347448973198057,40.54538028,A192,_,00800,427
A192__00780.427,8.327928135378523,40.547636025,A192,_,00780,427
A192__00730.427,8.351555549395595,40.55177783,A192,_,00730,427
A192__0072.427,8.328889749991063,40.556640415000004,A192,_,0072,427
A192__00680.427,8.350466116835706,40.564185255,A192,_,00680,427
A192__00670.427,8.34291673441474,40.57094087,A192,_,00670,427
A192__00650.427,8.3157798962344,40.562332715,A192,_,00650,427
A192__0064.427,8.323691218814938,40.56294818,A192,_,0064,427
A192__00620.427,8.323096953872833,40.57024611,A192,_,00620,427
A192__0061.427,8.317385369573639,40.57561146,A192,_,0061,427
A192__00590.427,8.365202792566683,40.57614693,A192,_,00590,427
A192__00580.427,8.363049088133696,40.588803940000005,A192,_,00580,427
A192__00570.427,8.338697816696294,40.588188745,A192,_,00570,427
A192__00560.427,8.325492341692993,40.584832774999995,A192,_,00560,427
A192__00550.427,8.319983331103778,40.584736774999996,A192,_,00550,427
A192__00480.427,8.235143028683574,40.583671429999995,A192,_,00480,427
A192__00420.427,8.345492041224784,40.60406619,A192,_,00420,427
A192__00410.427,8.331410591257779,40.60958194,A192,_,00410,427
A192__00380.427,8.31164539240172,40.595420915,A192,_,00380,427
A192__00360.427,8.287235801516877,40.604328315000004,A192,_,00360,427
A192__00320.427,8.212128916525831,40.59340136,A192,_,00320,427
A192__00280.427,8.361280823455143,40.618035055,A192,_,00280,427
A192__00260.427,8.316278442471162,40.621660905,A192,_,00260,427
A192__00210.427,8.355758743422005,40.63297767,A192,_,00210,427
A192__00190.427,8.210762854749047,40.613484060000005,A192,_,00190,427
A192__00170.427,8.315250555418382,40.63573221,A192,_,00170,427
A192__00160.427,8.24825935973449,40.640453765000004,A192,_,00160,427
A192__00150.427,8.224739151165856,40.640244875,A192,_,00150,427
A192__00120.427,8.302663931556667,40.6415033,A192,_,00120,427
A192__00110.427,8.282544519530019,40.651303479999996,A192,_,00110,427
A192__00100.427,8.271141921971136,40.6566607,A192,_,00100,427
A192__0071.4272,8.32417340900421,40.54926387,A192,_,0071,4272
A192__0071.4273,8.324384417219738,40.549400844999994,A192,_,0071,4273
A192__0071.4274,8.320442718842187,40.558455535,A192,_,0071,4274
A192__0071.4278,8.326564625544947,40.555751,A192,_,0071,4278
A192__0071.4279,8.322295655250219,40.551791519999995,A192,_,0071,4279
A192__00040.428,8.252607614245122,40.64589284,A192,_,00040,428
A192__00950.428,8.345374015491242,40.512339435,A192,_,00950,428
A192__00940.428,8.356260867861277,40.515153335,A192,_,00940,428
A192__00930.428,8.334100692870173,40.521987734999996,A192,_,00930,428
A192__00900.428,8.361293132136964,40.53441133,A192,_,00900,428
A192__00890.428,8.354660653651251,40.535979575,A192,_,00890,428
A192__00860.428,8.352223764452916,40.538701285,A192,_,00860,428
A192__00800.428,8.347625809182663,40.545257045,A192,_,00800,428
A192__00790.428,8.346424750860223,40.538008884999996,A192,_,00790,428
A192__0077.428,8.328544416345585,40.553226769999995,A192,_,0077,428
A192__00730.428,8.35178197646318,40.551654775,A192,_,00730,428
A192__0072.428,8.328927939588821,40.558118855000004,A192,_,0072,428
A192__00680.428,8.351218570166093,40.564418445,A192,_,00680,428
A192__00670.428,8.346264667380371,40.568196549999996,A192,_,00670,428
A192__00660.428,8.332442708093232,40.559999375,A192,_,00660,428
A192__00620.428,8.323460059555046,40.570411910000004,A192,_,00620,428
A192__00600.428,8.330666752708115,40.582674284999996,A192,_,00600,428
A192__00590.428,8.365825977113644,40.576045285000006,A192,_,00590,428
A192__00580.428,8.36341849688717,40.58874967,A192,_,00580,428
A192__00570.428,8.338420155896138,40.588133369999994,A192,_,00570,428
A192__00550.428,8.319591474074594,40.58413391,A192,_,00550,428
A192__00530.428,8.34041066141334,40.59634163,A192,_,00530,428
A192__00520.428,8.33035888441833,40.59506591,A192,_,00520,428
A192__00490.428,8.25635955355919,40.584529405,A192,_,00490,428
A192__00480.428,8.220462216914987,40.58943308,A192,_,00480,428
A192__00410.428,8.331637545362163,40.608175355,A192,_,00410,428
A192__00380.428,8.31177758139317,40.595583155,A192,_,00380,428
A192__00360.428,8.287126277029481,40.60517691,A192,_,00360,428
A192__00350.428,8.269044069904943,40.60478698,A192,_,00350,428
A192__00320.428,8.213885329855199,40.593854925,A192,_,00320,428
A192__00280.428,8.358916639184816,40.61831115,A192,_,00280,428
A192__00190.428,8.20608782145068,40.61659516,A192,_,00190,428
A192__00170.428,8.314992770118618,40.63489095,A192,_,00170,428
A192__00150.428,8.22511059924279,40.640287779999994,A192,_,00150,428
A192__00120.428,8.303418864534045,40.64269836,A192,_,00120,428
A192__00110.428,8.281891875690004,40.64900249,A192,_,00110,428
A192__00100.428,8.271560725959887,40.656518535000004,A192,_,00100,428
A192__0071.4281,8.324397245153687,40.55129508,A192,_,0071,4281
A192__0071.4282,8.324955283259575,40.55692243,A192,_,0071,4282
A192__0071.4283,8.322708350484614,40.557246570000004,A192,_,0071,4283
A192__0071.4285,8.324967000008098,40.549290225,A192,_,0071,4285
A192__0071.4286,8.324880066007001,40.54930083,A192,_,0071,4286
A192__0071.4288,8.320518043534483,40.556449515,A192,_,0071,4288
A192__00010.429,8.23081520546878,40.6562293,A192,_,00010,429
A192__00970.429,8.312917762430581,40.55721035,A192,_,00970,429
A192__00940.429,8.354227377475098,40.514867745000004,A192,_,00940,429
A192__00930.429,8.337472611257201,40.523840795,A192,_,00930,429
A192__00900.429,8.361539641554224,40.534549975000004,A192,_,00900,429
A192__00890.429,8.355670253296571,40.5362656,A192,_,00890,429
A192__00880.429,8.348592476868376,40.526347025,A192,_,00880,429
A192__00860.429,8.350070129403758,40.5383206,A192,_,00860,429
A192__00850.429,8.34219624963242,40.530928245,A192,_,00850,429
A192__00800.429,8.346654968220331,40.548825269999995,A192,_,00800,429
A192__00780.429,8.327079859071494,40.547792349999995,A192,_,00780,429
A192__0077.429,8.329251814672912,40.55165631,A192,_,0077,429
A192__00750.429,8.3678451870481,40.554966275,A192,_,00750,429
A192__0072.429,8.328996182107609,40.558367575,A192,_,0072,429
A192__0071.429,8.322359987543692,40.55817607,A192,_,0071,429
A192__00680.429,8.353150835227208,40.564277185,A192,_,00680,429
A192__00670.429,8.34515229929129,40.56836911,A192,_,00670,429
A192__0064.429,8.320350117314192,40.564021955,A192,_,0064,429
A192__0061.429,8.320468036758257,40.570184005,A192,_,0061,429
A192__00600.429,8.33016736044166,40.582821185,A192,_,00600,429
A192__00580.429,8.361099479415108,40.588242484999995,A192,_,00580,429
A192__00570.429,8.338772571178552,40.588625205,A192,_,00570,429
A192__00560.429,8.325057130216653,40.580448970000006,A192,_,00560,429
A192__00520.429,8.330444039998454,40.594936634999996,A192,_,00520,429
A192__00480.429,8.220628869779347,40.589232495000005,A192,_,00480,429
A192__00420.429,8.344466944814563,40.596268914999996,A192,_,00420,429
A192__00410.429,8.331238492855014,40.608347665,A192,_,00410,429
A192__00360.429,8.312375462245027,40.61290472,A192,_,00360,429
A192__00350.429,8.26883384121133,40.60523814,A192,_,00350,429
A192__00320.429,8.213374394315192,40.594020244999996,A192,_,00320,429
A192__00280.429,8.360755792720028,40.617933155,A192,_,00280,429
A192__00210.429,8.329868316040148,40.625004955,A192,_,00210,429
A192__00170.429,8.31525097666492,40.635616655,A192,_,00170,429
A192__00160.429,8.266751120258881,40.62457506,A192,_,00160,429
A192__00150.429,8.22488053991551,40.640304445,A192,_,00150,429
A192__00110.429,8.282009743734655,40.640716085,A192,_,00110,429
A192__00100.429,8.271480327541157,40.656365805,A192,_,00100,429
A192__00080.429,8.321418263800897,40.663189645,A192,_,00080,429
A192__00060.429,8.296086325068648,40.657325835,A192,_,00060,429
A192__00040.429,8.253534064216337,40.645285515,A192,_,00040,429
A192__0071.4290,8.323751163281464,40.552873105,A192,_,0071,4290
A192__0071.4292,8.323440739786905,40.551401260000006,A192,_,0071,4292
A192__0071.4293,8.316112987567275,40.555330999999995,A192,_,0071,4293
A192__0071.4294,8.321809180636013,40.559071625,A192,_,0071,4294
A192__0071.4295,8.322418473890345,40.5600878,A192,_,0071,4295
A192__0071.4296,8.327380032596116,40.54904281,A192,_,0071,4296
A192__0071.4297,8.321548013295661,40.55908934,A192,_,0071,4297
A192__0071.4299,8.322283879828205,40.56000172,A192,_,0071,4299
A192__00010.43,8.212958984693646,40.66656825,A192,_,00010,43
A192__00970.43,8.31501025877726,40.55864163,A192,_,00970,43
A192__00960.43,8.365942286574317,40.50663989,A192,_,00960,43
A192__00950.43,8.356878523418636,40.50642987,A192,_,00950,43
A192__00940.43,8.355613813400755,40.514520965,A192,_,00940,43
A192__00930.43,8.342004227396172,40.521176714999996,A192,_,00930,43
A192__00920.43,8.385608636400352,40.523906190000005,A192,_,00920,43
A192__00890.43,8.353031278152958,40.53365099,A192,_,00890,43
A192__00880.43,8.342028505054316,40.524729265,A192,_,00880,43
A192__00870.43,8.339781886070963,40.530577205,A192,_,00870,43
A192__00850.43,8.34217157263355,40.53629108,A192,_,00850,43
A192__00840.43,8.333319707309427,40.533350735,A192,_,00840,43
A192__00800.43,8.357852760613461,40.541397915000005,A192,_,00800,43
A192__00790.43,8.341733887124304,40.54149524,A192,_,00790,43
A192__00780.43,8.333809447777838,40.54070669,A192,_,00780,43
A192__00770.43,8.335494498065694,40.550594355,A192,_,00770,43
A192__00750.43,8.396363662444667,40.551731625,A192,_,00750,43
A192__00740.43,8.36062044971228,40.557579825,A192,_,00740,43
A192__00730.43,8.344833091920112,40.556135784999995,A192,_,00730,43
A192__00720.43,8.338516314599772,40.559947085,A192,_,00720,43
A192__00690.43,8.384247689974536,40.56593637,A192,_,00690,43
A192__00630.43,8.334695258099764,40.569194615,A192,_,00630,43
A192__00580.43,8.370580803998113,40.585799635,A192,_,00580,43
A192__00560.43,8.323351370683888,40.57865033,A192,_,00560,43
A192__00540.43,8.346233957846685,40.594032645,A192,_,00540,43
A192__00520.43,8.3296497567901,40.58919436,A192,_,00520,43
A192__00510.43,8.314883944661142,40.595491894999995,A192,_,00510,43
A192__00470.43,8.219837946000453,40.589124735,A192,_,00470,43
A192__00460.43,8.163315564539754,40.562996670000004,A192,_,00460,43
A192__00450.43,8.167588606202973,40.586775235,A192,_,00450,43
A192__00440.43,8.379054323836316,40.601734885,A192,_,00440,43
A192__00430.43,8.379351472879433,40.604130345,A192,_,00430,43
A192__00420.43,8.341804525823296,40.604971469999995,A192,_,00420,43
A192__00400.43,8.326775344376141,40.601085819999994,A192,_,00400,43
A192__00350.43,8.267940807023372,40.605367605,A192,_,00350,43
A192__00340.43,8.263001832135513,40.617161505,A192,_,00340,43
A192__00330.43,8.252358221337694,40.59546159,A192,_,00330,43
A192__00310.43,8.37068010477272,40.61693559,A192,_,00310,43
A192__00290.43,8.383507107090068,40.613176960000004,A192,_,00290,43
A192__00270.43,8.339299081567777,40.607283644999995,A192,_,00270,43
A192__00240.43,8.211367922064369,40.62463787,A192,_,00240,43
A192__00220.43,8.146936474291918,40.612080495,A192,_,00220,43
A192__00190.43,8.197394922077038,40.620523145,A192,_,00190,43
A192__00100.43,8.263659849191598,40.65773641,A192,_,00100,43
A192__00090.43,8.20509126037932,40.64521533,A192,_,00090,43
A192__00080.43,8.32656585413103,40.656225655,A192,_,00080,43
A192__00070.43,8.330129473913264,40.658563595,A192,_,00070,43
A192__00050.43,8.271931831510031,40.660728335,A192,_,00050,43
A192__00020.43,8.207155980667569,40.653431985,A192,_,00020,43
A192__00010.430,8.22990040575965,40.655939524999994,A192,_,00010,430
A192__00970.430,8.312814890514812,40.557205385,A192,_,00970,430
A192__00950.430,8.341609022952717,40.505319715,A192,_,00950,430
A192__00940.430,8.354302496567193,40.514551245,A192,_,00940,430
A192__00890.430,8.355392039426711,40.53590645,A192,_,00890,430
A192__00880.430,8.342609629515913,40.526754170000004,A192,_,00880,430
A192__00870.430,8.337819848177748,40.531559865,A192,_,00870,430
A192__00860.430,8.35034924,40.5383206,A192,_,00860,430
A192__00840.430,8.330800355487575,40.537575509999996,A192,_,00840,430
A192__00810.430,8.362062068356964,40.549678330000006,A192,_,00810,430
A192__00800.430,8.355817304801967,40.54610681,A192,_,00800,430
A192__00790.430,8.348292049893109,40.537900995,A192,_,00790,430
A192__00730.430,8.349845414005571,40.551956335,A192,_,00730,430
A192__0072.430,8.329176123902764,40.558000135,A192,_,0072,430
A192__0071.430,8.321675903007927,40.559243550000005,A192,_,0071,430
A192__00680.430,8.352109926458752,40.563800015,A192,_,00680,430
A192__00670.430,8.343112617480232,40.5707795,A192,_,00670,430
A192__00660.430,8.334600566661937,40.566070805,A192,_,00660,430
A192__0064.430,8.320511170518014,40.56396186,A192,_,0064,430
A192__00630.430,8.341977491358264,40.571829995,A192,_,00630,430
A192__00620.430,8.323698903338506,40.57034702,A192,_,00620,430
A192__00600.430,8.339489012075328,40.575593209999994,A192,_,00600,430
A192__00590.430,8.368182830022157,40.57644593,A192,_,00590,430
A192__00570.430,8.348292078346578,40.586907955,A192,_,00570,430
A192__00560.430,8.324912425459843,40.58022746,A192,_,00560,430
A192__00550.430,8.320100151942,40.58466738,A192,_,00550,430
A192__00540.430,8.350869813293382,40.594992794999996,A192,_,00540,430
A192__00530.430,8.340042774488634,40.59611847,A192,_,00530,430
A192__0049.430,8.286531997852531,40.59234252,A192,_,0049,430
A192__00480.430,8.232843352910196,40.589930365,A192,_,00480,430
A192__00380.430,8.305539966941453,40.5966126,A192,_,00380,430
A192__00360.430,8.312339477855359,40.612599055000004,A192,_,00360,430
A192__00320.430,8.216839070194021,40.594020369999996,A192,_,00320,430
A192__00280.430,8.35959702592471,40.619009635,A192,_,00280,430
A192__00260.430,8.317279086455853,40.62166782,A192,_,00260,430
A192__00210.430,8.329730517954832,40.625165554999995,A192,_,00210,430
A192__00190.430,8.210038060784353,40.6147577,A192,_,00190,430
A192__00170.430,8.315623839538912,40.635432545,A192,_,00170,430
A192__00160.430,8.265591350409677,40.626453135000006,A192,_,00160,430
A192__00150.430,8.22589653315521,40.640143035,A192,_,00150,430
A192__00120.430,8.299866887518306,40.65346914,A192,_,00120,430
A192__00110.430,8.280681437651838,40.641942549999996,A192,_,00110,430
A192__00100.430,8.270829410691896,40.656098395,A192,_,00100,430
A192__00080.430,8.320813146900308,40.663130394999996,A192,_,00080,430
A192__00060.430,8.296820377131318,40.657811365,A192,_,00060,430
A192__00040.430,8.253929128804868,40.64532895,A192,_,00040,430
A192__0071.4300,8.322293124065567,40.548531069999996,A192,_,0071,4300
A192__0071.4301,8.323719949284982,40.55652877,A192,_,0071,4301
A192__00710.4305,8.326221868564726,40.54688482,A192,_,00710,4305
A192__0071.4307,8.317749762313124,40.55243593,A192,_,0071,4307
A192__0071.4308,8.317812368729335,40.55238357,A192,_,0071,4308
A192__0071.4309,8.320305041652894,40.54810448,A192,_,0071,4309
A192__00010.431,8.22657830435903,40.66035519,A192,_,00010,431
A192__00970.431,8.31276070093967,40.55719676,A192,_,00970,431
A192__00950.431,8.341856523931067,40.50516303,A192,_,00950,431
A192__00940.431,8.355255069098437,40.515003324999995,A192,_,00940,431
A192__00930.431,8.337642958601354,40.523886590000004,A192,_,00930,431
A192__00900.431,8.362681740654423,40.533717665,A192,_,00900,431
A192__00890.431,8.355337481090737,40.53627783,A192,_,00890,431
A192__00880.431,8.342961754558011,40.52679822,A192,_,00880,431
A192__00870.431,8.33767257817118,40.531654290000006,A192,_,00870,431
A192__00810.431,8.361877912203452,40.54957053,A192,_,00810,431
A192__00790.431,8.347026744274444,40.537990055,A192,_,00790,431
A192__00780.431,8.32949398522054,40.546811305,A192,_,00780,431
A192__0077.431,8.328642362028464,40.55569979,A192,_,0077,431
A192__00750.431,8.36835641068846,40.555104920000005,A192,_,00750,431
A192__00730.431,8.350137003326218,40.55177485,A192,_,00730,431
A192__00680.431,8.351926921850215,40.56356691,A192,_,00680,431
A192__00670.431,8.34305747672683,40.57076820499999,A192,_,00670,431
A192__00660.431,8.334485726054101,40.566102255000004,A192,_,00660,431
A192__0064.431,8.322433676972885,40.562919545,A192,_,0064,431
A192__00580.431,8.361163432984439,40.588125950000006,A192,_,00580,431
A192__00550.431,8.319856744829508,40.584304955,A192,_,00550,431
A192__0049.431,8.286436514352939,40.592280645,A192,_,0049,431
A192__00390.431,8.320238968547804,40.59939048,A192,_,00390,431
A192__00380.431,8.30593479565644,40.596238535,A192,_,00380,431
A192__00360.431,8.31267654539014,40.612938279999995,A192,_,00360,431
A192__00320.431,8.218660193021027,40.598303145,A192,_,00320,431
A192__00280.431,8.361281827952226,40.618002535,A192,_,00280,431
A192__00260.431,8.316143837518903,40.62107451,A192,_,00260,431
A192__00210.431,8.32957173585196,40.62495994,A192,_,00210,431
A192__00190.431,8.206381305880955,40.616629945,A192,_,00190,431
A192__00170.431,8.315174210475314,40.635215099999996,A192,_,00170,431
A192__00160.431,8.266909435596993,40.626453135000006,A192,_,00160,431
A192__00150.431,8.225753483495208,40.640068404999994,A192,_,00150,431
A192__00120.431,8.303971566284478,40.642647825,A192,_,00120,431
A192__00110.431,8.293243675823252,40.643572015,A192,_,00110,431
A192__00100.431,8.271268804735847,40.65621488,A192,_,00100,431
A192__00080.431,8.328213120848314,40.654893935000004,A192,_,00080,431
A192__00060.431,8.296817547411628,40.657322775,A192,_,00060,431
A192__00040.431,8.252478103117703,40.645599895000004,A192,_,00040,431
A192__0071.4310,8.321057236503902,40.547806705,A192,_,0071,4310
A192__0071.4311,8.321104620605876,40.547730509999994,A192,_,0071,4311
A192__0071.4312,8.324463959713453,40.54900396,A192,_,0071,4312
A192__0071.4314,8.323119772780423,40.559335745,A192,_,0071,4314
A192__0071.4315,8.325203315308082,40.557452870000006,A192,_,0071,4315
A192__0071.4316,8.321467993627005,40.558724319999996,A192,_,0071,4316
A192__0071.4318,8.323049407018146,40.560382610000005,A192,_,0071,4318
A192__0071.4319,8.326592620908318,40.556615655,A192,_,0071,4319
A192__00010.432,8.226011278024927,40.66119131,A192,_,00010,432
A192__00970.432,8.312703774561703,40.557197294999995,A192,_,00970,432
A192__00950.432,8.341362943163034,40.502979425,A192,_,00950,432
A192__00940.432,8.355690217786481,40.515025285,A192,_,00940,432
A192__00930.432,8.338273273979926,40.521759085,A192,_,00930,432
A192__00900.432,8.363669120769641,40.533020425000004,A192,_,00900,432
A192__00890.432,8.355436261966009,40.53618107,A192,_,00890,432
A192__00880.432,8.346018377366935,40.52187891,A192,_,00880,432
A192__00870.432,8.337257929696989,40.525808465,A192,_,00870,432
A192__00860.432,8.352420082778009,40.54075726,A192,_,00860,432
A192__00850.432,8.342250623723137,40.531134955,A192,_,00850,432
A192__00810.432,8.375412255063639,40.547555689999996,A192,_,00810,432
A192__00800.432,8.35536539845991,40.54614365,A192,_,00800,432
A192__00790.432,8.347691627768437,40.54122667,A192,_,00790,432
A192__0077.432,8.328709473136774,40.555653379999995,A192,_,0077,432
A192__00730.432,8.350088830835812,40.552115285,A192,_,00730,432
A192__0072.432,8.329709690599891,40.558702355,A192,_,0072,432
A192__0071.432,8.322030639702415,40.55868306,A192,_,0071,432
A192__00680.432,8.354296531192237,40.570787005,A192,_,00680,432
A192__00660.432,8.33573240677063,40.561277815,A192,_,00660,432
A192__0064.432,8.320611490032306,40.5633549,A192,_,0064,432
A192__00620.432,8.324201801428826,40.570241769999996,A192,_,00620,432
A192__00590.432,8.366490296320205,40.575829715,A192,_,00590,432
A192__00580.432,8.360721314941276,40.58812537,A192,_,00580,432
A192__00570.432,8.348383146869823,40.587563974999995,A192,_,00570,432
A192__00560.432,8.32336485303896,40.580334734999994,A192,_,00560,432
A192__00520.432,8.3301233347817,40.590434110000004,A192,_,00520,432
A192__0049.432,8.286889286065193,40.592349,A192,_,0049,432
A192__00480.432,8.233186294753724,40.588508275,A192,_,00480,432
A192__00360.432,8.291991294926028,40.611672925,A192,_,00360,432
A192__00280.432,8.354542729386608,40.611919009999994,A192,_,00280,432
A192__00270.432,8.32202217960534,40.61600732,A192,_,00270,432
A192__00260.432,8.316675038910384,40.62107594,A192,_,00260,432
A192__00170.432,8.315170839573012,40.635312495,A192,_,00170,432
A192__00160.432,8.264685808505622,40.625205285,A192,_,00160,432
A192__00120.432,8.30421702702342,40.642667665000005,A192,_,00120,432
A192__00100.432,8.270661332812622,40.65548597,A192,_,00100,432
A192__00080.432,8.328185675294623,40.65474899,A192,_,00080,432
A192__00060.432,8.29681695514728,40.65716444,A192,_,00060,432
A192__0071.4320,8.32239747807031,40.561675300000005,A192,_,0071,4320
A192__0071.4323,8.322181523179543,40.552359205,A192,_,0071,4323
A192__0071.4324,8.321757125202671,40.547758869999996,A192,_,0071,4324
A192__0071.4325,8.32676585030704,40.554495805,A192,_,0071,4325
A192__0071.4327,8.326950295994003,40.555931615,A192,_,0071,4327
A192__0071.4329,8.321931780217515,40.55810681,A192,_,0071,4329
A192__00010.433,8.226422587025013,40.661352699999995,A192,_,00010,433
A192__00970.433,8.312653069848132,40.55717312,A192,_,00970,433
A192__00950.433,8.341754194136183,40.515637935,A192,_,00950,433
A192__00940.433,8.355992280154496,40.515076725,A192,_,00940,433
A192__00930.433,8.338519972459476,40.52325247,A192,_,00930,433
A192__00900.433,8.362505267471507,40.533164315,A192,_,00900,433
A192__00810.433,8.375391422610633,40.547263885,A192,_,00810,433
A192__00790.433,8.347622633469712,40.54050843,A192,_,00790,433
A192__00780.433,8.332830510569163,40.54282929,A192,_,00780,433
A192__0077.433,8.328097535351247,40.551679975,A192,_,0077,433
A192__00750.433,8.372352247552005,40.55033168,A192,_,00750,433
A192__00690.433,8.370635227801888,40.566512704999994,A192,_,00690,433
A192__00680.433,8.35422196568333,40.57069951,A192,_,00680,433
A192__00660.433,8.335485763075813,40.56119257,A192,_,00660,433
A192__0064.433,8.320648135574615,40.563357295,A192,_,0064,433
A192__00630.433,8.341958212809184,40.57286211,A192,_,00630,433
A192__00620.433,8.32423036783654,40.569992745,A192,_,00620,433
A192__00590.433,8.374650328492063,40.576339685,A192,_,00590,433
A192__00580.433,8.371875864469239,40.582567095,A192,_,00580,433
A192__00570.433,8.350719681128222,40.590662835,A192,_,00570,433
A192__00560.433,8.323497305502912,40.58029286,A192,_,00560,433
A192__0049.433,8.286827036573118,40.592303529999995,A192,_,0049,433
A192__00480.433,8.232099313580198,40.588907070000005,A192,_,00480,433
A192__00380.433,8.305554453367769,40.59585299,A192,_,00380,433
A192__00350.433,8.269176184152588,40.601898605,A192,_,00350,433
A192__00270.433,8.322233956914996,40.616309525,A192,_,00270,433
A192__00260.433,8.317316543671406,40.62108712,A192,_,00260,433
A192__00190.433,8.190487436418806,40.61709592,A192,_,00190,433
A192__00170.433,8.315166949671724,40.635425165,A192,_,00170,433
A192__00160.433,8.26655237153409,40.625205285,A192,_,00160,433
A192__00150.433,8.215656666895512,40.6357304,A192,_,00150,433
A192__00110.433,8.293582318992758,40.644806564999996,A192,_,00110,433
A192__00060.433,8.291607413463215,40.665977,A192,_,00060,433
A192__0071.4330,8.327094076909223,40.54979807,A192,_,0071,4330
A192__0071.4331,8.326040215395762,40.550526070000004,A192,_,0071,4331
A192__0071.4332,8.325906104349801,40.558505435,A192,_,0071,4332
A192__0071.4333,8.326157863146555,40.56023554,A192,_,0071,4333
A192__0071.4337,8.321848006975777,40.560970069999996,A192,_,0071,4337
A192__00100.434,8.272369027768947,40.65028304,A192,_,00100,434
A192__00970.434,8.312564909859422,40.557177685,A192,_,00970,434
A192__00940.434,8.356064838759899,40.515076725,A192,_,00940,434
A192__00880.434,8.346623887846459,40.52280254,A192,_,00880,434
A192__00870.434,8.33744736917842,40.527865785,A192,_,00870,434
A192__00850.434,8.342691767608809,40.531319845,A192,_,00850,434
A192__00840.434,8.332402237248054,40.534072315,A192,_,00840,434
A192__00810.434,8.36551776961573,40.5519642,A192,_,00810,434
A192__00800.434,8.356414492178583,40.546260610000004,A192,_,00800,434
A192__00790.434,8.342947341744889,40.55019687,A192,_,00790,434
A192__00780.434,8.328612994792802,40.54344641,A192,_,00780,434
A192__00750.434,8.366249119916498,40.560748919999995,A192,_,00750,434
A192__00730.434,8.347215645479366,40.55499714,A192,_,00730,434
A192__00690.434,8.370835239708313,40.566845205,A192,_,00690,434
A192__00670.434,8.345542438053974,40.568403065,A192,_,00670,434
A192__00640.434,8.319830710365169,40.568164499999995,A192,_,00640,434
A192__00590.434,8.375072934196103,40.576340775,A192,_,00590,434
A192__00570.434,8.351376331865731,40.59128676,A192,_,00570,434
A192__00560.434,8.323592421040267,40.58041761,A192,_,00560,434
A192__00520.434,8.330336681123795,40.590884485000004,A192,_,00520,434
A192__0049.434,8.286524924352712,40.592173970000005,A192,_,0049,434
A192__00480.434,8.246750211473692,40.575862095,A192,_,00480,434
A192__00410.434,8.335767329746362,40.603448725,A192,_,00410,434
A192__00400.434,8.327572481065024,40.599771270000005,A192,_,00400,434
A192__00390.434,8.31831848911723,40.60028911,A192,_,00390,434
A192__00380.434,8.312913418895999,40.595132235,A192,_,00380,434
A192__00360.434,8.287889189722339,40.61039186,A192,_,00360,434
A192__00350.434,8.26938443334102,40.60213268,A192,_,00350,434
A192__00280.434,8.356724166320452,40.614334165,A192,_,00280,434
A192__00260.434,8.316020798426736,40.62051131,A192,_,00260,434
A192__00190.434,8.195852762195145,40.618158825,A192,_,00190,434
A192__00170.434,8.31516305143576,40.63553784,A192,_,00170,434
A192__00160.434,8.265068848690342,40.628336495,A192,_,00160,434
A192__00120.434,8.29859310540808,40.62484251,A192,_,00120,434
A192__00110.434,8.29053401207316,40.650198520000004,A192,_,00110,434
A192__0071.4343,8.321890652602665,40.55100847,A192,_,0071,4343
A192__0071.4348,8.324623520975088,40.561581004999994,A192,_,0071,4348
A192__0071.4349,8.325763959067942,40.56308118,A192,_,0071,4349
A192__00100.435,8.274238102037735,40.648891815,A192,_,00100,435
A192__00950.435,8.341824039130069,40.515694195,A192,_,00950,435
A192__00940.435,8.354916483638323,40.514539255,A192,_,00940,435
A192__00900.435,8.360612027526374,40.532849125,A192,_,00900,435
A192__00890.435,8.346622676097047,40.52998472,A192,_,00890,435
A192__00870.435,8.336821877024244,40.526759845,A192,_,00870,435
A192__00860.435,8.36730073662099,40.544368025,A192,_,00860,435
A192__00850.435,8.34188489650733,40.53762065,A192,_,00850,435
A192__00840.435,8.332467639479901,40.534841505,A192,_,00840,435
A192__00810.435,8.365746710419616,40.552182880000004,A192,_,00810,435
A192__00800.435,8.354404002958015,40.54797423,A192,_,00800,435
A192__00790.435,8.343770224469068,40.549927655000005,A192,_,00790,435
A192__00780.435,8.324459190962283,40.545416485000004,A192,_,00780,435
A192__0077.435,8.328723738413196,40.552163835,A192,_,0077,435
A192__00750.435,8.366039419963837,40.561468815,A192,_,00750,435
A192__00740.435,8.357054401941449,40.563700275,A192,_,00740,435
A192__00730.435,8.347103324941067,40.554862005000004,A192,_,00730,435
A192__0072.435,8.329331028612307,40.55874595,A192,_,0072,435
A192__0071.435,8.320543846124886,40.558324670000005,A192,_,0071,435
A192__00690.435,8.370883885626704,40.566633355,A192,_,00690,435
A192__00680.435,8.35480110968044,40.571329175,A192,_,00680,435
A192__00670.435,8.345647420454881,40.568497875000006,A192,_,00670,435
A192__0064.435,8.318151658260412,40.565066585,A192,_,0064,435
A192__00630.435,8.343592155745313,40.57260745,A192,_,00630,435
A192__00620.435,8.323138043413895,40.569722330000005,A192,_,00620,435
A192__0061.435,8.319548933193662,40.572601925,A192,_,0061,435
A192__00600.435,8.339427608573793,40.586257845000006,A192,_,00600,435
A192__00580.435,8.372207521711239,40.582734869999996,A192,_,00580,435
A192__00570.435,8.350224309679934,40.590153990000005,A192,_,00570,435
A192__00560.435,8.323473079855372,40.58047531,A192,_,00560,435
A192__00550.435,8.31910688331671,40.583446335,A192,_,00550,435
A192__0049.435,8.286456931916046,40.592138025,A192,_,0049,435
A192__00480.435,8.24632864181248,40.575248335,A192,_,00480,435
A192__00410.435,8.33577020328282,40.603364925,A192,_,00410,435
A192__00400.435,8.327447911785274,40.599554645,A192,_,00400,435
A192__00390.435,8.31815286579969,40.600050890000006,A192,_,00390,435
A192__00380.435,8.31217866853356,40.595544055,A192,_,00380,435
A192__00360.435,8.306935484055195,40.612390364999996,A192,_,00360,435
A192__00350.435,8.264806508442948,40.599429670000006,A192,_,00350,435
A192__00320.435,8.21947675765809,40.59985941,A192,_,00320,435
A192__00280.435,8.356522422320829,40.614161545,A192,_,00280,435
A192__00260.435,8.316292298464827,40.62051064,A192,_,00260,435
A192__00150.435,8.223415537781817,40.64377021,A192,_,00150,435
A192__00110.435,8.290552889679443,40.648497500000005,A192,_,00110,435
A192__0071.4351,8.318951376562836,40.553374245,A192,_,0071,4351
A192__0071.4352,8.319862235555082,40.559287065,A192,_,0071,4352
A192__0071.4355,8.319814484930035,40.557477365,A192,_,0071,4355
A192__0071.4356,8.324557709731742,40.549269554999995,A192,_,0071,4356
A192__0071.4357,8.324912139454621,40.5491071,A192,_,0071,4357
A192__0071.4358,8.32497752668523,40.548932969999996,A192,_,0071,4358
A192__00010.436,8.206742217885008,40.66153257,A192,_,00010,436
A192__00950.436,8.342051111786645,40.5157849,A192,_,00950,436
A192__00940.436,8.354832820145521,40.51441549,A192,_,00940,436
A192__00890.436,8.345400678556995,40.53035563,A192,_,00890,436
A192__00870.436,8.337161197308852,40.526432165,A192,_,00870,436
A192__00850.436,8.34194838286928,40.538284475,A192,_,00850,436
A192__00840.436,8.3278604349401,40.535881125,A192,_,00840,436
A192__0077.436,8.328910185725208,40.555189909999996,A192,_,0077,436
A192__00750.436,8.365897312533399,40.560095305,A192,_,00750,436
A192__0072.436,8.329778110273425,40.558832355,A192,_,0072,436
A192__00670.436,8.340752259793566,40.569799165,A192,_,00670,436
A192__00660.436,8.334890850499779,40.56407853,A192,_,00660,436
A192__00620.436,8.322919451096642,40.56971097,A192,_,00620,436
A192__00600.436,8.339801575722355,40.586235259999995,A192,_,00600,436
A192__00580.436,8.371797449649133,40.582844879999996,A192,_,00580,436
A192__00560.436,8.323597304881723,40.58024619,A192,_,00560,436
A192__00550.436,8.32317864814766,40.583727675,A192,_,00550,436
A192__00520.436,8.330223517954805,40.59077006,A192,_,00520,436
A192__00480.436,8.243062676171284,40.56948115,A192,_,00480,436
A192__00410.436,8.336286745045896,40.60307727,A192,_,00410,436
A192__00400.436,8.327395189659274,40.599458335,A192,_,00400,436
A192__00380.436,8.313190427089264,40.5968829,A192,_,00380,436
A192__00360.436,8.308308243415436,40.61257703,A192,_,00360,436
A192__00320.436,8.220072599821455,40.599343565,A192,_,00320,436
A192__00280.436,8.356493817827364,40.613878845,A192,_,00280,436
A192__00260.436,8.316670601294353,40.62046239,A192,_,00260,436
A192__00150.436,8.224663616395283,40.644512625000004,A192,_,00150,436
A192__00120.436,8.297238360082577,40.626638125,A192,_,00120,436
A192__00110.436,8.287399728333241,40.646943825,A192,_,00110,436
A192__00100.436,8.273742170291227,40.649857499999996,A192,_,00100,436
A192__00060.436,8.295774855050928,40.66304907999999,A192,_,00060,436
A192__0071.4360,8.324934616447544,40.54885147,A192,_,0071,4360
A192__0071.4361,8.321740728853063,40.552074505,A192,_,0071,4361
A192__0071.4364,8.321891663430824,40.551994910000005,A192,_,0071,4364
A192__0071.4367,8.32676593898315,40.554712045,A192,_,0071,4367
A192__0071.4368,8.322205884480313,40.560220134999994,A192,_,0071,4368
A192__00060.437,8.295773459257909,40.663254555,A192,_,00060,437
A192__00950.437,8.34205406902797,40.515718125,A192,_,00950,437
A192__00940.437,8.355017729932678,40.51481372,A192,_,00940,437
A192__00930.437,8.344319662233074,40.520596335,A192,_,00930,437
A192__00900.437,8.360855341739956,40.534196775,A192,_,00900,437
A192__00890.437,8.345401752587897,40.530276075,A192,_,00890,437
A192__00870.437,8.335943371098256,40.525839649999995,A192,_,00870,437
A192__00860.437,8.3561682577605,40.539213665,A192,_,00860,437
A192__00850.437,8.341772482516408,40.53853579,A192,_,00850,437
A192__00840.437,8.32804050999361,40.535923964999995,A192,_,00840,437
A192__00800.437,8.354924813743613,40.545633695,A192,_,00800,437
A192__0077.437,8.329717085442956,40.55494191,A192,_,0077,437
A192__00750.437,8.365993332468388,40.560748919999995,A192,_,00750,437
A192__0072.437,8.329312467652944,40.558802885000006,A192,_,0072,437
A192__00690.437,8.37561861956721,40.574025164999995,A192,_,00690,437
A192__00670.437,8.339848091918856,40.56998105,A192,_,00670,437
A192__00660.437,8.334784846256573,40.563804704999995,A192,_,00660,437
A192__0064.437,8.31857868483823,40.564915625,A192,_,0064,437
A192__00630.437,8.33244428294546,40.574234915,A192,_,00630,437
A192__00620.437,8.328712360303559,40.575971175,A192,_,00620,437
A192__0061.437,8.318975577899614,40.57387228,A192,_,0061,437
A192__00600.437,8.3393637773871,40.585443665,A192,_,00600,437
A192__00580.437,8.370919157908926,40.582616005,A192,_,00580,437
A192__00570.437,8.349960411879852,40.588796135,A192,_,00570,437
A192__00560.437,8.323715503975105,40.58035641,A192,_,00560,437
A192__00550.437,8.323250895380095,40.583605625000004,A192,_,00550,437
A192__00520.437,8.32598542810725,40.591212475,A192,_,00520,437
A192__0049.437,8.283498193426322,40.59321333,A192,_,0049,437
A192__00480.437,8.244630567259282,40.569423615000005,A192,_,00480,437
A192__00410.437,8.336027904358442,40.60316935,A192,_,00410,437
A192__00390.437,8.322229821975164,40.60919671,A192,_,00390,437
A192__00380.437,8.313114211979887,40.59675788,A192,_,00380,437
A192__00360.437,8.306938941414245,40.611662445,A192,_,00360,437
A192__00350.437,8.287762316194915,40.599298454999996,A192,_,00350,437
A192__00320.437,8.21938143753026,40.599895954999994,A192,_,00320,437
A192__00280.437,8.356528171053386,40.61409711,A192,_,00280,437
A192__00270.437,8.348439570667072,40.612141115,A192,_,00270,437
A192__00260.437,8.316918483858768,40.62046177,A192,_,00260,437
A192__00250.437,8.28148170393891,40.611861245,A192,_,00250,437
A192__00170.437,8.326721818365266,40.63249251,A192,_,00170,437
A192__00150.437,8.224740858844914,40.6445139,A192,_,00150,437
A192__00110.437,8.28739638923355,40.645942129999995,A192,_,00110,437
A192__00100.437,8.271997772667893,40.650519005,A192,_,00100,437
A192__00080.437,8.318109435540123,40.642641575,A192,_,00080,437
A192__0071.4371,8.327749009650592,40.560806404999994,A192,_,0071,4371
A192__0071.4379,8.321361027482068,40.553916955000005,A192,_,0071,4379
A192__00010.438,8.229842844008383,40.65623623,A192,_,00010,438
A192__00970.438,8.312324051033428,40.55684539,A192,_,00970,438
A192__00950.438,8.341803087627728,40.515507715,A192,_,00950,438
A192__00940.438,8.35504457241823,40.514703855,A192,_,00940,438
A192__00930.438,8.344226439982538,40.52045701,A192,_,00930,438
A192__00890.438,8.348711274674427,40.531105275,A192,_,00890,438
A192__00870.438,8.335841435028467,40.52610154,A192,_,00870,438
A192__00860.438,8.355883625710295,40.539199865,A192,_,00860,438
A192__00850.438,8.342606735351596,40.5387087,A192,_,00850,438
A192__00840.438,8.328495124608951,40.535610180000006,A192,_,00840,438
A192__00800.438,8.354755413599829,40.545815995,A192,_,00800,438
A192__00780.438,8.322951537325535,40.543753445,A192,_,00780,438
A192__0077.438,8.328706833494795,40.555455625,A192,_,0077,438
A192__00750.438,8.366149615085853,40.567721399999996,A192,_,00750,438
A192__00740.438,8.357849621091137,40.554369835,A192,_,00740,438
A192__0072.438,8.329801285838176,40.558895065,A192,_,0072,438
A192__0071.438,8.321564213055014,40.558539405000005,A192,_,0071,438
A192__00690.438,8.378858488033682,40.571236975,A192,_,00690,438
A192__00670.438,8.340289630085248,40.570064615,A192,_,00670,438
A192__00660.438,8.33700221836786,40.56609775,A192,_,00660,438
A192__0064.438,8.318005882022465,40.56462329,A192,_,0064,438
A192__00630.438,8.3309886147082,40.574638975,A192,_,00630,438
A192__00620.438,8.322936152346092,40.569199595,A192,_,00620,438
A192__00600.438,8.339589764416939,40.585699500000004,A192,_,00600,438
A192__00590.438,8.387240089573528,40.579169735,A192,_,00590,438
A192__00580.438,8.370949626289534,40.58271392,A192,_,00580,438
A192__00570.438,8.351401651438746,40.590580285,A192,_,00570,438
A192__00560.438,8.323450707268133,40.576697554999996,A192,_,00560,438
A192__00540.438,8.347208090666339,40.592903965000005,A192,_,00540,438
A192__00480.438,8.244124243646732,40.569722694999996,A192,_,00480,438
A192__00400.438,8.327462935778344,40.599428114999995,A192,_,00400,438
A192__00390.438,8.322309209444235,40.609050100000005,A192,_,00390,438
A192__00360.438,8.308321807825493,40.611662089999996,A192,_,00360,438
A192__00350.438,8.287227384419252,40.60127471,A192,_,00350,438
A192__00320.438,8.222372686590482,40.599023855,A192,_,00320,438
A192__00280.438,8.353052819607086,40.604538595,A192,_,00280,438
A192__00270.438,8.348044009026143,40.61198257,A192,_,00270,438
A192__00260.438,8.317294912312336,40.620510395,A192,_,00260,438
A192__00250.438,8.281585209147106,40.611729104999995,A192,_,00250,438
A192__00190.438,8.211842116651638,40.640196169999996,A192,_,00190,438
A192__00170.438,8.326635113803249,40.633097675,A192,_,00170,438
A192__00160.438,8.266074982754649,40.624614445,A192,_,00160,438
A192__00120.438,8.300927191003256,40.62580495,A192,_,00120,438
A192__00110.438,8.285698770061245,40.644709899999995,A192,_,00110,438
A192__00100.438,8.272550359179483,40.65061501,A192,_,00100,438
A192__00080.438,8.316924757649758,40.642567165,A192,_,00080,438
A192__0071.4380,8.32100049774812,40.558358569999996,A192,_,0071,4380
A192__0071.4388,8.324360894289857,40.5587927,A192,_,0071,4388
A192__0071.4389,8.32255383125372,40.548066785,A192,_,0071,4389
A192__00010.439,8.230052016315991,40.656385085,A192,_,00010,439
A192__00970.439,8.31224607555366,40.55702437,A192,_,00970,439
A192__00950.439,8.342913913047372,40.515424365,A192,_,00950,439
A192__00940.439,8.35525720058033,40.51468289,A192,_,00940,439
A192__00930.439,8.344033489649718,40.52040235,A192,_,00930,439
A192__00900.439,8.360386331540784,40.535780224999996,A192,_,00900,439
A192__00870.439,8.334043574829135,40.53011665,A192,_,00870,439
A192__00860.439,8.353482361595482,40.537820100000005,A192,_,00860,439
A192__00850.439,8.336363758944294,40.53931921,A192,_,00850,439
A192__00840.439,8.328633936242412,40.535647005,A192,_,00840,439
A192__00780.439,8.323156495157711,40.544191365,A192,_,00780,439
A192__0077.439,8.328761567469364,40.555531990000006,A192,_,0077,439
A192__00750.439,8.366182920664983,40.56781409,A192,_,00750,439
A192__00730.439,8.346220808083789,40.550728539999994,A192,_,00730,439
A192__0072.439,8.329278136190407,40.55767982,A192,_,0072,439
A192__0071.439,8.321747018697602,40.558248309999996,A192,_,0071,439
A192__00670.439,8.347616378295076,40.56731768,A192,_,00670,439
A192__00660.439,8.336933941876882,40.563067535,A192,_,00660,439
A192__00620.439,8.322949935536121,40.569419245,A192,_,00620,439
A192__00600.439,8.340067030540691,40.58600326,A192,_,00600,439
A192__00590.439,8.388815948460913,40.57923381,A192,_,00590,439
A192__00580.439,8.370842029725225,40.583400895,A192,_,00580,439
A192__00570.439,8.35118319518923,40.590788225,A192,_,00570,439
A192__00560.439,8.3234942939409,40.57687883,A192,_,00560,439
A192__00550.439,8.319791370188657,40.58366723,A192,_,00550,439
A192__00540.439,8.347022908255262,40.592739995,A192,_,00540,439
A192__00520.439,8.325698545970809,40.590508685,A192,_,00520,439
A192__0049.439,8.283245388566204,40.592450505,A192,_,0049,439
A192__00480.439,8.243870103807382,40.569907535,A192,_,00480,439
A192__00400.439,8.32766400927015,40.607586,A192,_,00400,439
A192__00360.439,8.307370424319904,40.61048325,A192,_,00360,439
A192__00350.439,8.286013959077357,40.601512285,A192,_,00350,439
A192__00320.439,8.221927936280316,40.5990316,A192,_,00320,439
A192__00280.439,8.35207244326189,40.60342762,A192,_,00280,439
A192__00260.439,8.319775148279788,40.620226205,A192,_,00260,439
A192__00190.439,8.199380331320832,40.639874585,A192,_,00190,439
A192__00170.439,8.31541138683897,40.630721075,A192,_,00170,439
A192__00160.439,8.266258153251556,40.624371194999995,A192,_,00160,439
A192__00150.439,8.215314132750787,40.633470835,A192,_,00150,439
A192__00120.439,8.297452407255125,40.62692441,A192,_,00120,439
A192__00110.439,8.287586034179794,40.64455411,A192,_,00110,439
A192__00100.439,8.272818581308819,40.65037982,A192,_,00100,439
A192__00040.439,8.261118529666177,40.64882027,A192,_,00040,439
A192__00710.4390,8.326473061397742,40.54694884,A192,_,00710,4390
A192__0071.4391,8.323800850065805,40.551148495,A192,_,0071,4391
A192__0071.4392,8.327675123642077,40.559782549999994,A192,_,0071,4392
A192__0071.4393,8.324671447846477,40.55115615,A192,_,0071,4393
A192__0071.4394,8.325538792512214,40.560533515,A192,_,0071,4394
A192__0071.4395,8.323040072452887,40.552030895,A192,_,0071,4395
A192__0071.4397,8.323903699196922,40.562255215,A192,_,0071,4397
A192__00070.44,8.337541759759075,40.66266233,A192,_,00070,44
A192__00970.44,8.31494649654762,40.558716255,A192,_,00970,44
A192__00950.44,8.356927688532728,40.50754476,A192,_,00950,44
A192__00940.44,8.354648798205776,40.515105365,A192,_,00940,44
A192__00920.44,8.386284152180957,40.523980355,A192,_,00920,44
A192__00900.44,8.35595340582886,40.53354854,A192,_,00900,44
A192__00800.44,8.35880280191788,40.541317375,A192,_,00800,44
A192__00740.44,8.359515841794448,40.558876125,A192,_,00740,44
A192__00730.44,8.345502067964832,40.556194075,A192,_,00730,44
A192__00720.44,8.338768849434832,40.56024695,A192,_,00720,44
A192__00690.44,8.389026388866245,40.56628859,A192,_,00690,44
A192__00680.44,8.35458054297024,40.57343592,A192,_,00680,44
A192__00670.44,8.340730529655545,40.57026807,A192,_,00670,44
A192__0065.44,8.316675184561081,40.56172118,A192,_,0065,44
A192__00620.44,8.323044413724531,40.571699335,A192,_,00620,44
A192__00600.44,8.34835004846719,40.574478615000004,A192,_,00600,44
A192__00580.44,8.3573259877829,40.577373734999995,A192,_,00580,44
A192__00560.44,8.32480762822862,40.5789654,A192,_,00560,44
A192__00520.44,8.32960264108402,40.589004935,A192,_,00520,44
A192__0050.44,8.314387942582528,40.580966665,A192,_,0050,44
A192__00490.44,8.275178478139377,40.59360478,A192,_,00490,44
A192__00470.44,8.219640539032017,40.590386145,A192,_,00470,44
A192__00460.44,8.163200953327891,40.562884685,A192,_,00460,44
A192__00450.44,8.166900331486847,40.585918915,A192,_,00450,44
A192__00440.44,8.380060685550598,40.604072605,A192,_,00440,44
A192__00430.44,8.379707489162925,40.604608225,A192,_,00430,44
A192__00420.44,8.341739903701967,40.605290355,A192,_,00420,44
A192__00410.44,8.33728426938355,40.602997835,A192,_,00410,44
A192__00400.44,8.326792924639037,40.6013675,A192,_,00400,44
A192__00380.44,8.313568881468413,40.599261174999995,A192,_,00380,44
A192__00370.44,8.292524293327865,40.59585557,A192,_,00370,44
A192__00350.44,8.27772030117848,40.604146895,A192,_,00350,44
A192__00340.44,8.268755957319716,40.61028553,A192,_,00340,44
A192__00330.44,8.252592252767968,40.595982254999996,A192,_,00330,44
A192__00320.44,8.213612049936295,40.61174996,A192,_,00320,44
A192__00300.44,8.3808369338597,40.606504045,A192,_,00300,44
A192__00280.44,8.358913602468396,40.61456421,A192,_,00280,44
A192__00240.44,8.222164311586026,40.61526838,A192,_,00240,44
A192__00220.44,8.146844978979534,40.61153004,A192,_,00220,44
A192__00210.44,8.340381340759928,40.620164904999996,A192,_,00210,44
A192__00200.44,8.259148050475892,40.624372405,A192,_,00200,44
A192__00190.44,8.197611616838813,40.620377,A192,_,00190,44
A192__00140.44,8.203081152585778,40.651223595000005,A192,_,00140,44
A192__00120.44,8.309419501831997,40.63932453,A192,_,00120,44
A192__00090.44,8.20510278917892,40.645075045,A192,_,00090,44
A192__00040.440,8.26062696072944,40.648397225,A192,_,00040,440
A192__00950.440,8.342897674995205,40.51523202,A192,_,00950,440
A192__00940.440,8.355929358612272,40.51489418,A192,_,00940,440
A192__00930.440,8.343846344550045,40.520348895,A192,_,00930,440
A192__00900.440,8.361094916048955,40.534961275,A192,_,00900,440
A192__00890.440,8.348956346367153,40.531038325,A192,_,00890,440
A192__00870.440,8.332695439682906,40.530041795,A192,_,00870,440
A192__00860.440,8.34992591237523,40.53938214,A192,_,00860,440
A192__00850.440,8.336854858327818,40.53958733,A192,_,00850,440
A192__00780.440,8.3228374727338,40.544425610000005,A192,_,00780,440
A192__0077.440,8.327876087705596,40.555641304999995,A192,_,0077,440
A192__00750.440,8.365040613698078,40.560697425,A192,_,00750,440
A192__00740.440,8.356590260937438,40.55457176,A192,_,00740,440
A192__0072.440,8.328560437453156,40.55739692,A192,_,0072,440
A192__0071.440,8.322091468380467,40.557770649999995,A192,_,0071,440
A192__00670.440,8.347849297372441,40.567518175000004,A192,_,00670,440
A192__00660.440,8.336775461011587,40.562879185,A192,_,00660,440
A192__00620.440,8.323063768457658,40.569093795,A192,_,00620,440
A192__00600.440,8.340652935261353,40.58635004,A192,_,00600,440
A192__00590.440,8.388767649933346,40.579555979999995,A192,_,00590,440
A192__00580.440,8.371166597805395,40.58331915,A192,_,00580,440
A192__00570.440,8.351021626226636,40.590022235,A192,_,00570,440
A192__00550.440,8.319676609466992,40.58343403,A192,_,00550,440
A192__00540.440,8.34554834169213,40.5946617,A192,_,00540,440
A192__0049.440,8.281328843837223,40.592417870000006,A192,_,0049,440
A192__00480.440,8.243618918111125,40.570272485000004,A192,_,00480,440
A192__00360.440,8.308389790036198,40.610531475,A192,_,00360,440
A192__00350.440,8.28367197016473,40.600937110000004,A192,_,00350,440
A192__00320.440,8.222481340939805,40.598740735,A192,_,00320,440
A192__00280.440,8.351983066263678,40.60344209,A192,_,00280,440
A192__00270.440,8.321003664080456,40.614804359999994,A192,_,00270,440
A192__00260.440,8.31658196008986,40.62025161,A192,_,00260,440
A192__00190.440,8.198807343609618,40.636714455,A192,_,00190,440
A192__00160.440,8.26093649179832,40.626050075,A192,_,00160,440
A192__00150.440,8.216724553037498,40.634142545,A192,_,00150,440
A192__00120.440,8.297697820054708,40.62687975,A192,_,00120,440
A192__00110.440,8.28570438589253,40.642464905,A192,_,00110,440
A192__00100.440,8.273461641577457,40.65052042000001,A192,_,00100,440
A192__0071.4402,8.319821944097225,40.554436615,A192,_,0071,4402
A192__0071.4405,8.322424475271015,40.55203207,A192,_,0071,4405
A192__0071.4406,8.325535931024932,40.55667349,A192,_,0071,4406
A192__0071.4408,8.319618798388,40.558127940000006,A192,_,0071,4408
A192__00010.441,8.23606894017165,40.662536215,A192,_,00010,441
A192__00970.441,8.312505056750595,40.556798265,A192,_,00970,441
A192__00950.441,8.345761891501054,40.512920550000004,A192,_,00950,441
A192__00940.441,8.355684833069907,40.51467916,A192,_,00940,441
A192__00930.441,8.343818485932076,40.520168485,A192,_,00930,441
A192__00900.441,8.360915837679148,40.534784189999996,A192,_,00900,441
A192__00890.441,8.350458654712677,40.528147235,A192,_,00890,441
A192__00860.441,8.350327772356692,40.53968308,A192,_,00860,441
A192__00850.441,8.334744014568948,40.539080080000005,A192,_,00850,441
A192__00800.441,8.356568536421493,40.54329287,A192,_,00800,441
A192__00780.441,8.32235405393877,40.54412113,A192,_,00780,441
A192__0077.441,8.33014142895604,40.55393257,A192,_,0077,441
A192__00750.441,8.365090595793959,40.56103105,A192,_,00750,441
A192__00740.441,8.35683215757371,40.554705575,A192,_,00740,441
A192__00730.441,8.344363882427817,40.5526362,A192,_,00730,441
A192__0072.441,8.329202042000478,40.557523075,A192,_,0072,441
A192__00690.441,8.379945331891566,40.570634150000004,A192,_,00690,441
A192__00670.441,8.348266993958013,40.567638115,A192,_,00670,441
A192__00660.441,8.333929162373622,40.566013465,A192,_,00660,441
A192__00630.441,8.336978066203343,40.572930005,A192,_,00630,441
A192__00620.441,8.323004842718191,40.569117645000006,A192,_,00620,441
A192__00600.441,8.340343598911058,40.58592415,A192,_,00600,441
A192__00590.441,8.387264027443656,40.579648524999996,A192,_,00590,441
A192__00580.441,8.355944310648901,40.587718155000005,A192,_,00580,441
A192__00560.441,8.323435812273251,40.576726725,A192,_,00560,441
A192__00550.441,8.319648200907329,40.58337872,A192,_,00550,441
A192__00480.441,8.245013943448596,40.57307849,A192,_,00480,441
A192__00360.441,8.306729547033719,40.610292605,A192,_,00360,441
A192__00350.441,8.285074310556656,40.601712655,A192,_,00350,441
A192__00320.441,8.222040179790286,40.59876344,A192,_,00320,441
A192__00260.441,8.316023682658056,40.620274855000005,A192,_,00260,441
A192__00160.441,8.261908768164496,40.62585272,A192,_,00160,441
A192__00150.441,8.236536520027588,40.645837435000004,A192,_,00150,441
A192__00120.441,8.297855467372683,40.626887409999995,A192,_,00120,441
A192__00110.441,8.287592011388645,40.64285718,A192,_,00110,441
A192__00100.441,8.272648948022931,40.651244875,A192,_,00100,441
A192__00040.441,8.256669939390767,40.652396859999996,A192,_,00040,441
A192__0071.4410,8.324525374174526,40.5585351,A192,_,0071,4410
A192__0071.4411,8.324328040065938,40.558344364999996,A192,_,0071,4411
A192__0071.4412,8.321792395894892,40.547469565,A192,_,0071,4412
A192__0071.4413,8.322147836892901,40.547268975,A192,_,0071,4413
A192__0071.4414,8.322672116218454,40.54703616,A192,_,0071,4414
A192__00710.4415,8.32518027404328,40.546532995,A192,_,00710,4415
A192__0071.4417,8.323930237790943,40.56026631,A192,_,0071,4417
A192__0071.4418,8.324657075546304,40.560093775,A192,_,0071,4418
A192__0071.4419,8.31899742120499,40.55072794,A192,_,0071,4419
A192__00010.442,8.236140287663641,40.66120394,A192,_,00010,442
A192__00970.442,8.312480241191437,40.556870595,A192,_,00970,442
A192__00950.442,8.345503437817204,40.512951130000005,A192,_,00950,442
A192__00940.442,8.355614832586816,40.514298280000006,A192,_,00940,442
A192__00930.442,8.343620287559961,40.52012245,A192,_,00930,442
A192__00900.442,8.360108879798915,40.53522838,A192,_,00900,442
A192__00890.442,8.35125509911196,40.52821099,A192,_,00890,442
A192__00870.442,8.333934397278073,40.53058137,A192,_,00870,442
A192__00860.442,8.350443684173943,40.539727845,A192,_,00860,442
A192__00850.442,8.33482309087027,40.53919181,A192,_,00850,442
A192__00840.442,8.328914619779756,40.534390595000005,A192,_,00840,442
A192__00800.442,8.356836106806089,40.541807455,A192,_,00800,442
A192__00780.442,8.329765513624771,40.546809339999996,A192,_,00780,442
A192__00750.442,8.365664047045165,40.558641165,A192,_,00750,442
A192__0072.442,8.329116994486505,40.557457315,A192,_,0072,442
A192__00690.442,8.379698185930852,40.570960065,A192,_,00690,442
A192__00680.442,8.356510125652349,40.569231085,A192,_,00680,442
A192__00670.442,8.348160301983384,40.56751004,A192,_,00670,442
A192__00660.442,8.334147326557293,40.565995275,A192,_,00660,442
A192__00630.442,8.337042202349233,40.57281393,A192,_,00630,442
A192__00610.442,8.31739273436686,40.583115254999996,A192,_,00610,442
A192__00600.442,8.339794350338355,40.584884195,A192,_,00600,442
A192__00590.442,8.387252499392929,40.579766660000004,A192,_,00590,442
A192__00580.442,8.356228916282074,40.587350665,A192,_,00580,442
A192__00570.442,8.351972358602794,40.58990488,A192,_,00570,442
A192__00530.442,8.335492504748665,40.58968505,A192,_,00530,442
A192__00520.442,8.325273191759191,40.59071683,A192,_,00520,442
A192__00480.442,8.245639621298736,40.57473314,A192,_,00480,442
A192__00390.442,8.324550943733392,40.608816669999996,A192,_,00390,442
A192__00380.442,8.310637883061656,40.597495235,A192,_,00380,442
A192__00360.442,8.305822552357027,40.610579215,A192,_,00360,442
A192__00320.442,8.221082303150865,40.599288675,A192,_,00320,442
A192__00280.442,8.365380689598203,40.62117259,A192,_,00280,442
A192__00260.442,8.316295167839137,40.62027193,A192,_,00260,442
A192__00210.442,8.351103715061234,40.630249825,A192,_,00210,442
A192__00170.442,8.315808829442831,40.629402335,A192,_,00170,442
A192__00160.442,8.26229468308524,40.625858075,A192,_,00160,442
A192__00150.442,8.238422624276666,40.64604746,A192,_,00150,442
A192__00120.442,8.297447135415567,40.62672777,A192,_,00120,442
A192__00100.442,8.274530021591513,40.651009904999995,A192,_,00100,442
A192__00060.442,8.291699340043373,40.665629530000004,A192,_,00060,442
A192__00040.442,8.245404773499326,40.660611169999996,A192,_,00040,442
A192__0071.4420,8.325236009009862,40.550255705,A192,_,0071,4420
A192__0071.4422,8.320429363499922,40.56008555,A192,_,0071,4422
A192__0071.4423,8.317748932384621,40.55368258,A192,_,0071,4423
A192__0071.4424,8.32075733785715,40.55949521,A192,_,0071,4424
A192__0071.4426,8.323161553061114,40.549613385,A192,_,0071,4426
A192__0071.4428,8.320452880441923,40.55932383,A192,_,0071,4428
A192__0071.4429,8.32732477652881,40.54947823,A192,_,0071,4429
A192__00010.443,8.235581361024444,40.65923068,A192,_,00010,443
A192__00970.443,8.312466698383936,40.556909255,A192,_,00970,443
A192__00950.443,8.351914543692583,40.515422650000005,A192,_,00950,443
A192__00940.443,8.356223405795498,40.51517732,A192,_,00940,443
A192__00930.443,8.343495412552024,40.520023769999995,A192,_,00930,443
A192__00900.443,8.35969109103647,40.53485239,A192,_,00900,443
A192__00890.443,8.352947817600223,40.52976835,A192,_,00890,443
A192__00870.443,8.336387200017647,40.528322915000004,A192,_,00870,443
A192__00860.443,8.350695947009712,40.5393658,A192,_,00860,443
A192__00850.443,8.346543894766343,40.533895875,A192,_,00850,443
A192__00810.443,8.365498424596705,40.551221635000005,A192,_,00810,443
A192__00800.443,8.348119734061012,40.54586234,A192,_,00800,443
A192__00750.443,8.366212987423832,40.557972320000005,A192,_,00750,443
A192__00740.443,8.358214286615686,40.561448275000004,A192,_,00740,443
A192__0072.443,8.326529531570419,40.557032915,A192,_,0072,443
A192__00630.443,8.331837626101626,40.575299135,A192,_,00630,443
A192__00620.443,8.32506016390412,40.574353375,A192,_,00620,443
A192__0061.443,8.316774656661554,40.57545906,A192,_,0061,443
A192__00600.443,8.34066245780172,40.585770335,A192,_,00600,443
A192__00590.443,8.389467313006712,40.581130355,A192,_,00590,443
A192__00580.443,8.365933781865195,40.587201594999996,A192,_,00580,443
A192__00570.443,8.35146838115146,40.58994594,A192,_,00570,443
A192__00560.443,8.323377555892517,40.576866984999995,A192,_,00560,443
A192__00540.443,8.353663656832484,40.593039059999995,A192,_,00540,443
A192__00520.443,8.325346834403012,40.590277565,A192,_,00520,443
A192__00480.443,8.246935652470018,40.575850805,A192,_,00480,443
A192__00390.443,8.317918777747039,40.598701875,A192,_,00390,443
A192__00350.443,8.26789737815758,40.60144649,A192,_,00350,443
A192__00320.443,8.222008067050574,40.598393145,A192,_,00320,443
A192__00280.443,8.360675239996983,40.61915128,A192,_,00280,443
A192__00270.443,8.324658172132334,40.61364791,A192,_,00270,443
A192__00260.443,8.316672936445988,40.620267874999996,A192,_,00260,443
A192__00210.443,8.35097540700248,40.629491715,A192,_,00210,443
A192__00170.443,8.316292700853236,40.631045015,A192,_,00170,443
A192__00160.443,8.26268321992141,40.625875985,A192,_,00160,443
A192__00150.443,8.238237217676797,40.644821295,A192,_,00150,443
A192__00120.443,8.297666907526283,40.62669648,A192,_,00120,443
A192__00110.443,8.292827705779562,40.641768915,A192,_,00110,443
A192__00100.443,8.27625304771212,40.651102195,A192,_,00100,443
A192__00060.443,8.291498058318806,40.665629530000004,A192,_,00060,443
A192__00040.443,8.245604192344388,40.660611169999996,A192,_,00040,443
A192__0071.4430,8.32165816475512,40.557783925,A192,_,0071,4430
A192__0071.4431,8.324732741002233,40.55668352,A192,_,0071,4431
A192__0071.4432,8.320698489492148,40.559609955,A192,_,0071,4432
A192__0071.4433,8.324063170990556,40.55384771,A192,_,0071,4433
A192__0071.4434,8.324465006600104,40.553831869999996,A192,_,0071,4434
A192__0071.4435,8.324184258631284,40.553978355,A192,_,0071,4435
A192__0071.4436,8.323989440750676,40.554975170000006,A192,_,0071,4436
A192__0071.4437,8.324995337515332,40.560234375,A192,_,0071,4437
A192__0071.4439,8.321269482455808,40.552785725,A192,_,0071,4439
A192__00010.444,8.235413953251339,40.6574375,A192,_,00010,444
A192__00970.444,8.31241442609367,40.557013485,A192,_,00970,444
A192__00940.444,8.35674954474301,40.515245359999994,A192,_,00940,444
A192__00930.444,8.34442996365602,40.52028091,A192,_,00930,444
A192__00890.444,8.353372913665982,40.52976835,A192,_,00890,444
A192__00870.444,8.336761616058384,40.528694515,A192,_,00870,444
A192__00850.444,8.34656258953577,40.53425749,A192,_,00850,444
A192__00810.444,8.366095859844041,40.550943085,A192,_,00810,444
A192__00800.444,8.347634595357352,40.545825645,A192,_,00800,444
A192__00750.444,8.366191602277262,40.558369965,A192,_,00750,444
A192__00740.444,8.361899285123911,40.560862015,A192,_,00740,444
A192__0071.444,8.320804152050098,40.558770505,A192,_,0071,444
A192__00690.444,8.37522168145849,40.57426848,A192,_,00690,444
A192__00670.444,8.34744896215022,40.567564090000005,A192,_,00670,444
A192__00630.444,8.331859743632261,40.57513058,A192,_,00630,444
A192__00600.444,8.34019931043903,40.585007790000006,A192,_,00600,444
A192__00590.444,8.389817639244216,40.581130355,A192,_,00590,444
A192__00580.444,8.365621725614677,40.587100565,A192,_,00580,444
A192__00560.444,8.325471860820535,40.58028692,A192,_,00560,444
A192__00540.444,8.347776941603932,40.592022485,A192,_,00540,444
A192__00480.444,8.246544580276804,40.57660411,A192,_,00480,444
A192__00410.444,8.332174896253491,40.609341549999996,A192,_,00410,444
A192__00390.444,8.317931731563256,40.598880005,A192,_,00390,444
A192__00380.444,8.31049114836538,40.597076689999994,A192,_,00380,444
A192__00360.444,8.304933108275126,40.61178155,A192,_,00360,444
A192__00350.444,8.265634081076225,40.59846215,A192,_,00350,444
A192__00320.444,8.221000249174633,40.5980708,A192,_,00320,444
A192__00280.444,8.360467173890243,40.619662595,A192,_,00280,444
A192__00260.444,8.316920843078634,40.620265204999995,A192,_,00260,444
A192__00170.444,8.314791525011351,40.62955115,A192,_,00170,444
A192__00160.444,8.265537437634642,40.62824694,A192,_,00160,444
A192__00150.444,8.226131153223282,40.635179255,A192,_,00150,444
A192__00120.444,8.297426804934954,40.626506915,A192,_,00120,444
A192__00110.444,8.280371754845342,40.646695449999996,A192,_,00110,444
A192__00060.444,8.291291748408531,40.6655644,A192,_,00060,444
A192__0071.4440,8.324319772443992,40.559746355,A192,_,0071,4440
A192__0071.4441,8.3183412584311,40.554778510000006,A192,_,0071,4441
A192__0071.4442,8.32081961065816,40.55746254,A192,_,0071,4442
A192__0071.4445,8.320193436516973,40.55965963,A192,_,0071,4445
A192__0071.4447,8.319583715737878,40.55304229,A192,_,0071,4447
A192__0071.4448,8.322691086604044,40.555261765,A192,_,0071,4448
A192__00710.4449,8.325567614552536,40.54751563,A192,_,00710,4449
A192__00110.445,8.280767587111285,40.64669204,A192,_,00110,445
A192__00970.445,8.312396954791659,40.557080404999994,A192,_,00970,445
A192__00950.445,8.338470054834879,40.502067075,A192,_,00950,445
A192__00940.445,8.356366617789782,40.515066954999995,A192,_,00940,445
A192__00930.445,8.34354764645471,40.52050097,A192,_,00930,445
A192__00870.445,8.336099780436534,40.526957515,A192,_,00870,445
A192__00850.445,8.347140155140043,40.533848335,A192,_,00850,445
A192__00810.445,8.36543525817241,40.55094267,A192,_,00810,445
A192__0077.445,8.330175727847259,40.554093405,A192,_,0077,445
A192__00730.445,8.348618429959794,40.554874240000004,A192,_,00730,445
A192__00720.445,8.336385189476147,40.557796025,A192,_,00720,445
A192__0071.445,8.322273835417459,40.557847190000004,A192,_,0071,445
A192__00680.445,8.354278180702195,40.56993111,A192,_,00680,445
A192__00670.445,8.347901522595663,40.567550675,A192,_,00670,445
A192__00630.445,8.33179529850776,40.574981859999994,A192,_,00630,445
A192__00570.445,8.350992558823297,40.589510575000006,A192,_,00570,445
A192__00540.445,8.34817778317818,40.59199348,A192,_,00540,445
A192__00530.445,8.340914904674015,40.59205257,A192,_,00530,445
A192__00480.445,8.239168186031264,40.570889609999995,A192,_,00480,445
A192__00400.445,8.329054724917519,40.606147899999996,A192,_,00400,445
A192__00390.445,8.320718829218094,40.603453810000005,A192,_,00390,445
A192__00380.445,8.310472972035615,40.597172225,A192,_,00380,445
A192__00350.445,8.265255983411446,40.5986329,A192,_,00350,445
A192__00320.445,8.221926258385457,40.598059945,A192,_,00320,445
A192__00260.445,8.317298453319388,40.620261125,A192,_,00260,445
A192__00250.445,8.283475079163823,40.61449841,A192,_,00250,445
A192__00210.445,8.351524674043674,40.62969889,A192,_,00210,445
A192__00190.445,8.211482845531716,40.632236840000004,A192,_,00190,445
A192__00170.445,8.323578348732191,40.622822345,A192,_,00170,445
A192__00160.445,8.265396922631883,40.628246505,A192,_,00160,445
A192__00120.445,8.297428308739429,40.626425420000004,A192,_,00120,445
A192__0071.4450,8.323685778803814,40.554643295,A192,_,0071,4450
A192__0071.4451,8.322812702402523,40.55410603,A192,_,0071,4451
A192__0071.4452,8.326604306814172,40.55626203,A192,_,0071,4452
A192__0071.4455,8.324304098918638,40.557081335,A192,_,0071,4455
A192__00080.446,8.32679388658089,40.6572307,A192,_,00080,446
A192__00970.446,8.312362929373013,40.55713346,A192,_,00970,446
A192__00950.446,8.35291541824532,40.501363444999996,A192,_,00950,446
A192__00940.446,8.356313709323665,40.514649695,A192,_,00940,446
A192__00930.446,8.337540389302774,40.52263592,A192,_,00930,446
A192__00890.446,8.348211382182317,40.532888485,A192,_,00890,446
A192__00880.446,8.343463139890751,40.52645408,A192,_,00880,446
A192__00860.446,8.352853188845224,40.539038950000005,A192,_,00860,446
A192__00850.446,8.346833366622409,40.534222845,A192,_,00850,446
A192__00840.446,8.329496016352444,40.535313290000005,A192,_,00840,446
A192__00810.446,8.365995296666375,40.550543680000004,A192,_,00810,446
A192__00800.446,8.36196967127619,40.547248725,A192,_,00800,446
A192__00780.446,8.335357908342448,40.542489325,A192,_,00780,446
A192__00770.446,8.335106988412399,40.551192235,A192,_,00770,446
A192__00740.446,8.355585787547886,40.55296695,A192,_,00740,446
A192__00730.446,8.34847655416934,40.555023765,A192,_,00730,446
A192__0072.446,8.328498509377678,40.55774767,A192,_,0072,446
A192__0071.446,8.317051143558562,40.556953525,A192,_,0071,446
A192__00690.446,8.36602342402371,40.57016664,A192,_,00690,446
A192__00680.446,8.354176697580343,40.570099885000005,A192,_,00680,446
A192__00670.446,8.34789066104895,40.56751397,A192,_,00670,446
A192__00660.446,8.337829412230978,40.568930055,A192,_,00660,446
A192__00630.446,8.337203712872078,40.572220175,A192,_,00630,446
A192__00600.446,8.341507949719404,40.579857515,A192,_,00600,446
A192__00590.446,8.388155632492486,40.579253385,A192,_,00590,446
A192__00550.446,8.319301622290116,40.58281831,A192,_,00550,446
A192__00540.446,8.348447464041175,40.592073670000005,A192,_,00540,446
A192__00530.446,8.340895247760058,40.592368755,A192,_,00530,446
A192__00480.446,8.228018227378751,40.570115805,A192,_,00480,446
A192__00390.446,8.320068691226405,40.603760969999996,A192,_,00390,446
A192__00380.446,8.31517537709026,40.59986721,A192,_,00380,446
A192__00360.446,8.305892122026314,40.609699055,A192,_,00360,446
A192__00350.446,8.265079598880604,40.598310615,A192,_,00350,446
A192__00320.446,8.22268914990042,40.598344145,A192,_,00320,446
A192__00280.446,8.361081632677823,40.619774845,A192,_,00280,446
A192__00270.446,8.32454125585998,40.61388997,A192,_,00270,446
A192__00170.446,8.323999108994935,40.62180867,A192,_,00170,446
A192__00160.446,8.265229015972853,40.62824518,A192,_,00160,446
A192__00120.446,8.304087921654016,40.625949755,A192,_,00120,446
A192__00100.446,8.271349262799289,40.64707237499999,A192,_,00100,446
A192__00010.447,8.23566657894699,40.656618550000005,A192,_,00010,447
A192__00970.447,8.31235145521053,40.557175404999995,A192,_,00970,447
A192__00950.447,8.351419589116126,40.502304069999994,A192,_,00950,447
A192__00940.447,8.356297122673265,40.514247495,A192,_,00940,447
A192__00930.447,8.334091971862694,40.5208801,A192,_,00930,447
A192__00900.447,8.36770271284946,40.532048985,A192,_,00900,447
A192__00860.447,8.353049171974943,40.53889112,A192,_,00860,447
A192__00850.447,8.346619141077024,40.53401818,A192,_,00850,447
A192__00810.447,8.365204484742225,40.550524734999996,A192,_,00810,447
A192__00780.447,8.335308800639538,40.542265965,A192,_,00780,447
A192__00770.447,8.335507236598424,40.55170798,A192,_,00770,447
A192__00750.447,8.367528951116999,40.558284900000004,A192,_,00750,447
A192__00740.447,8.357284600388292,40.55299083,A192,_,00740,447
A192__00730.447,8.345022993288575,40.553086070000006,A192,_,00730,447
A192__00720.447,8.336192251845812,40.5578718,A192,_,00720,447
A192__00690.447,8.365832763882732,40.56995655,A192,_,00690,447
A192__00680.447,8.35622861168325,40.565526895000005,A192,_,00680,447
A192__00670.447,8.347921953345896,40.56751559,A192,_,00670,447
A192__00660.447,8.336730667316218,40.568292045,A192,_,00660,447
A192__00630.447,8.337126566151634,40.572190475,A192,_,00630,447
A192__00600.447,8.339915986912523,40.580227795,A192,_,00600,447
A192__00590.447,8.381819115541653,40.579617784999996,A192,_,00590,447
A192__00580.447,8.354123248986724,40.584675759999996,A192,_,00580,447
A192__00550.447,8.319391089102066,40.58304208,A192,_,00550,447
A192__00530.447,8.338856535030066,40.59213146,A192,_,00530,447
A192__00480.447,8.229848614731786,40.569565435,A192,_,00480,447
A192__00420.447,8.348142007493895,40.600196845,A192,_,00420,447
A192__00410.447,8.331275158089236,40.609783715,A192,_,00410,447
A192__00390.447,8.32021054548796,40.603797490000005,A192,_,00390,447
A192__00380.447,8.314677068892053,40.599492695,A192,_,00380,447
A192__00350.447,8.269120159674939,40.60076984,A192,_,00350,447
A192__00320.447,8.222171647356973,40.598502345,A192,_,00320,447
A192__00280.447,8.36032113234732,40.617695569999995,A192,_,00280,447
A192__00270.447,8.324571822874885,40.613618825,A192,_,00270,447
A192__00260.447,8.296406180326237,40.617838285000005,A192,_,00260,447
A192__00250.447,8.282640125676899,40.613935775,A192,_,00250,447
A192__00170.447,8.31746234380756,40.63034059,A192,_,00170,447
A192__00150.447,8.216900296190925,40.63605467,A192,_,00150,447
A192__00120.447,8.305366784969035,40.625292505000004,A192,_,00120,447
A192__00110.447,8.297041346015908,40.64019056,A192,_,00110,447
A192__00100.447,8.271212174236389,40.647073625000004,A192,_,00100,447
A192__00080.447,8.324189902476343,40.65807803,A192,_,00080,447
A192__00060.447,8.304930222805513,40.653987965,A192,_,00060,447
A192__0071.4472,8.326862085529367,40.560884465,A192,_,0071,4472
A192__0071.4473,8.317851534631384,40.554544445000005,A192,_,0071,4473
A192__0071.4476,8.322573341694575,40.561439054999994,A192,_,0071,4476
A192__00040.448,8.250384707463628,40.66558044,A192,_,00040,448
A192__00970.448,8.312338616721533,40.557227285,A192,_,00970,448
A192__00950.448,8.351479724541598,40.502837310000004,A192,_,00950,448
A192__00940.448,8.356933453379852,40.51504035,A192,_,00940,448
A192__00930.448,8.336304816443905,40.524045005000005,A192,_,00930,448
A192__00900.448,8.368677868064978,40.53203309,A192,_,00900,448
A192__00870.448,8.339436739559707,40.52893547,A192,_,00870,448
A192__00850.448,8.346877154382174,40.534000995,A192,_,00850,448
A192__00840.448,8.32984176517834,40.534140005,A192,_,00840,448
A192__00810.448,8.36559013919965,40.550391715,A192,_,00810,448
A192__00780.448,8.321233170701024,40.546442185000004,A192,_,00780,448
A192__00770.448,8.335861145962436,40.552320535,A192,_,00770,448
A192__00750.448,8.367503346965727,40.557827325,A192,_,00750,448
A192__00730.448,8.345088787857236,40.552973015000006,A192,_,00730,448
A192__00690.448,8.373946732330534,40.57175281,A192,_,00690,448
A192__00670.448,8.347932416190986,40.567530995,A192,_,00670,448
A192__00660.448,8.331755935874195,40.56566723,A192,_,00660,448
A192__00630.448,8.33554539609254,40.567993305,A192,_,00630,448
A192__0061.448,8.314830447351842,40.576980665,A192,_,0061,448
A192__00600.448,8.341046600503562,40.57960405,A192,_,00600,448
A192__00590.448,8.384760208578108,40.58085162,A192,_,00590,448
A192__00580.448,8.353960194750982,40.584836905,A192,_,00580,448
A192__00570.448,8.348191361436118,40.586062035,A192,_,00570,448
A192__00560.448,8.330662178685245,40.586235955,A192,_,00560,448
A192__00550.448,8.319266421199625,40.582789500000004,A192,_,00550,448
A192__00540.448,8.353572687913038,40.592540325,A192,_,00540,448
A192__00530.448,8.339167795232537,40.592220125,A192,_,00530,448
A192__00520.448,8.326468815953032,40.590463220000004,A192,_,00520,448
A192__00480.448,8.232559439248966,40.569152355,A192,_,00480,448
A192__00420.448,8.348274015573367,40.599866585,A192,_,00420,448
A192__00410.448,8.331713153646074,40.609533455,A192,_,00410,448
A192__00390.448,8.320282167841672,40.60382745,A192,_,00390,448
A192__00380.448,8.310987557682687,40.59679157,A192,_,00380,448
A192__00360.448,8.305524398888993,40.60983851500001,A192,_,00360,448
A192__00350.448,8.269578248031744,40.601533695,A192,_,00350,448
A192__00320.448,8.213098993563342,40.59307818,A192,_,00320,448
A192__00270.448,8.318650493283023,40.613894904999995,A192,_,00270,448
A192__00160.448,8.2710477179361,40.632077894999995,A192,_,00160,448
A192__00080.448,8.323656956831023,40.658440819999996,A192,_,00080,448
A192__0071.4482,8.32469154204935,40.55811251,A192,_,0071,4482
A192__0071.4483,8.325083615642495,40.55130028,A192,_,0071,4483
A192__0071.4484,8.325227761968637,40.55130028,A192,_,0071,4484
A192__0071.4485,8.324794607323504,40.548274495,A192,_,0071,4485
A192__00010.449,8.236464898016816,40.656678174999996,A192,_,00010,449
A192__00970.449,8.312327306307825,40.55726976,A192,_,00970,449
A192__00950.449,8.351307277093508,40.502110869999996,A192,_,00950,449
A192__00940.449,8.356909683849711,40.514636315000004,A192,_,00940,449
A192__00860.449,8.353273113493136,40.53876537,A192,_,00860,449
A192__00850.449,8.346758062543152,40.534488280000005,A192,_,00850,449
A192__00810.449,8.365238842024072,40.549815100000004,A192,_,00810,449
A192__00800.449,8.347022568557701,40.547074385,A192,_,00800,449
A192__00770.449,8.33622237163221,40.55297325,A192,_,00770,449
A192__00750.449,8.364655134407865,40.558410875,A192,_,00750,449
A192__00740.449,8.363695971991248,40.55234303,A192,_,00740,449
A192__00730.449,8.347853028717616,40.555361955,A192,_,00730,449
A192__0071.449,8.320899170641592,40.557577285,A192,_,0071,449
A192__00690.449,8.3743341508838,40.57232588,A192,_,00690,449
A192__00680.449,8.356172814897839,40.56596467,A192,_,00680,449
A192__00670.449,8.344558044856846,40.561859330000004,A192,_,00670,449
A192__00630.449,8.335726527760285,40.568012055,A192,_,00630,449
A192__00590.449,8.383079375192755,40.581000634999995,A192,_,00590,449
A192__00580.449,8.37116140043302,40.58124148,A192,_,00580,449
A192__00570.449,8.34350304326471,40.586809745,A192,_,00570,449
A192__00560.449,8.330683430373714,40.584514,A192,_,00560,449
A192__00530.449,8.339258024011425,40.59202027,A192,_,00530,449
A192__0049.449,8.284958952953946,40.59559765,A192,_,0049,449
A192__00480.449,8.233911914276224,40.569760765,A192,_,00480,449
A192__00410.449,8.332139788122683,40.60947822,A192,_,00410,449
A192__00390.449,8.325360605737043,40.609191515000006,A192,_,00390,449
A192__00380.449,8.310987364512863,40.596566095,A192,_,00380,449
A192__00360.449,8.316406564120248,40.60968168,A192,_,00360,449
A192__00350.449,8.271088989272943,40.6036488,A192,_,00350,449
A192__00320.449,8.20662147331525,40.59279656,A192,_,00320,449
A192__00280.449,8.354617331945912,40.613699405,A192,_,00280,449
A192__00260.449,8.296406821265947,40.617345055,A192,_,00260,449
A192__00170.449,8.324575629834225,40.63151519,A192,_,00170,449
A192__00160.449,8.271249594269747,40.637676424999995,A192,_,00160,449
A192__00080.449,8.3227124651513,40.658201145,A192,_,00080,449
A192__00040.449,8.250573884276754,40.665664754999995,A192,_,00040,449
A192__00710.4495,8.326012406555861,40.547057699999996,A192,_,00710,4495
A192__0071.4496,8.324007172704736,40.56139224,A192,_,0071,4496
A192__0071.4497,8.322156893028597,40.556651155,A192,_,0071,4497
A192__00020.45,8.202551413573675,40.65130211,A192,_,00020,45
A192__00970.45,8.313646748376952,40.55966557,A192,_,00970,45
A192__00960.45,8.365341307547137,40.505302485,A192,_,00960,45
A192__00950.45,8.350661427220174,40.511501935,A192,_,00950,45
A192__00920.45,8.38618559515266,40.52377133,A192,_,00920,45
A192__00900.45,8.35742076150025,40.53429439,A192,_,00900,45
A192__00890.45,8.352629923338913,40.532750195,A192,_,00890,45
A192__00870.45,8.337107201196773,40.527952515,A192,_,00870,45
A192__00840.45,8.333102316919398,40.532415485,A192,_,00840,45
A192__00800.45,8.358665748490251,40.541469934999995,A192,_,00800,45
A192__00780.45,8.334094404898282,40.53995503,A192,_,00780,45
A192__00750.45,8.39678630715816,40.551425975,A192,_,00750,45
A192__00740.45,8.358911555974215,40.558707,A192,_,00740,45
A192__00720.45,8.339246812257997,40.56071849,A192,_,00720,45
A192__0071.45,8.320163539125726,40.560596835,A192,_,0071,45
A192__00690.45,8.359575800839695,40.56792218,A192,_,00690,45
A192__00670.45,8.339620227616816,40.5695515,A192,_,00670,45
A192__0065.45,8.316602426158518,40.561188545,A192,_,0065,45
A192__00630.45,8.338053898490507,40.569991810000005,A192,_,00630,45
A192__00600.45,8.349586649316205,40.573609495,A192,_,00600,45
A192__00560.45,8.325536377300708,40.57876603,A192,_,00560,45
A192__00540.45,8.345967706902229,40.593645745,A192,_,00540,45
A192__00530.45,8.339059541960083,40.593356335,A192,_,00530,45
A192__0050.45,8.314335446786767,40.580961134999995,A192,_,0050,45
A192__00470.45,8.219496276903309,40.59084669,A192,_,00470,45
A192__00460.45,8.16353473342495,40.562333225,A192,_,00460,45
A192__00440.45,8.37997292773881,40.604104285000005,A192,_,00440,45
A192__00430.45,8.376924098381615,40.601839170000005,A192,_,00430,45
A192__00390.45,8.323505831173543,40.60593049,A192,_,00390,45
A192__00370.45,8.292643947488248,40.593722575,A192,_,00370,45
A192__00350.45,8.275297587364015,40.603618665,A192,_,00350,45
A192__00330.45,8.252574598168339,40.596324185,A192,_,00330,45
A192__00320.45,8.216145851546317,40.60887286,A192,_,00320,45
A192__00300.45,8.380812401301588,40.606943135,A192,_,00300,45
A192__00290.45,8.383460395222489,40.612779079999996,A192,_,00290,45
A192__00260.45,8.31299071872007,40.615003895,A192,_,00260,45
A192__00240.45,8.222338144154568,40.61478143,A192,_,00240,45
A192__00220.45,8.146884218433438,40.610696715,A192,_,00220,45
A192__00200.45,8.25900873592882,40.62411792,A192,_,00200,45
A192__00190.45,8.19789635910687,40.620116395,A192,_,00190,45
A192__00100.45,8.267690121567899,40.65795685,A192,_,00100,45
A192__00010.450,8.235555004612461,40.656379855,A192,_,00010,450
A192__00970.450,8.312316304419202,40.557309695,A192,_,00970,450
A192__00950.450,8.347589222119527,40.50297558,A192,_,00950,450
A192__00940.450,8.356845513949366,40.51425653,A192,_,00940,450
A192__00890.450,8.351030302676474,40.52684071,A192,_,00890,450
A192__00870.450,8.335919985081684,40.52835754,A192,_,00870,450
A192__00850.450,8.347074795862172,40.534017015,A192,_,00850,450
A192__00840.450,8.330052815175986,40.533932585,A192,_,00840,450
A192__00810.450,8.365060866291797,40.550229675,A192,_,00810,450
A192__00800.450,8.346938190880127,40.54690084,A192,_,00800,450
A192__00780.450,8.33628061822202,40.54635031,A192,_,00780,450
A192__00750.450,8.36497175016721,40.557985329999994,A192,_,00750,450
A192__00730.450,8.347662708606997,40.555229695,A192,_,00730,450
A192__00690.450,8.375121262823715,40.572683729999994,A192,_,00690,450
A192__00680.450,8.356291124948728,40.565978425,A192,_,00680,450
A192__00670.450,8.342173910454889,40.570115619999996,A192,_,00670,450
A192__00630.450,8.3365769020842,40.568508269999995,A192,_,00630,450
A192__00600.450,8.341447509979456,40.57969542,A192,_,00600,450
A192__00590.450,8.384998860322295,40.580654365,A192,_,00590,450
A192__00580.450,8.370849737734854,40.581544210000004,A192,_,00580,450
A192__00570.450,8.343622202394094,40.58686547,A192,_,00570,450
A192__00560.450,8.330582330353373,40.584273195,A192,_,00560,450
A192__00540.450,8.351145567910253,40.594028645,A192,_,00540,450
A192__0049.450,8.284553889298998,40.595720529999994,A192,_,0049,450
A192__00480.450,8.243065870323491,40.569927025,A192,_,00480,450
A192__00420.450,8.348441250548916,40.599639905000004,A192,_,00420,450
A192__00410.450,8.332795895079277,40.601820045,A192,_,00410,450
A192__00390.450,8.325108302101185,40.608740350000005,A192,_,00390,450
A192__00360.450,8.316366166414728,40.610510555000005,A192,_,00360,450
A192__00320.450,8.214371733147324,40.610578045,A192,_,00320,450
A192__00280.450,8.369136041181886,40.62070489,A192,_,00280,450
A192__00170.450,8.313596962921668,40.630240865000005,A192,_,00170,450
A192__00160.450,8.27124325,40.637752245,A192,_,00160,450
A192__00040.450,8.250948169646435,40.665543615000004,A192,_,00040,450
A192__00030.450,8.239442535829431,40.663340445,A192,_,00030,450
A192__0071.4500,8.319868002989445,40.558379045,A192,_,0071,4500
A192__0071.4504,8.322946071405923,40.559210005,A192,_,0071,4504
A192__0071.4505,8.319314156973682,40.55319034,A192,_,0071,4505
A192__0071.4507,8.32172272823589,40.557475025,A192,_,0071,4507
A192__0071.4508,8.326748012833463,40.559366405000006,A192,_,0071,4508
A192__00010.451,8.235561577714726,40.656271095,A192,_,00010,451
A192__00970.451,8.312303840217165,40.557351690000004,A192,_,00970,451
A192__00950.451,8.339370203263154,40.509090465,A192,_,00950,451
A192__00940.451,8.353821805697887,40.5072787,A192,_,00940,451
A192__00890.451,8.350744442094033,40.526492105,A192,_,00890,451
A192__00880.451,8.343789274037036,40.528905034999994,A192,_,00880,451
A192__00870.451,8.335771503517842,40.528478125,A192,_,00870,451
A192__00860.451,8.353801181645299,40.539163775000006,A192,_,00860,451
A192__00850.451,8.347099881266292,40.534156465,A192,_,00850,451
A192__00810.451,8.36407433342514,40.55113368,A192,_,00810,451
A192__00800.451,8.35754472502451,40.543832894999994,A192,_,00800,451
A192__0077.451,8.32898193681579,40.55539613,A192,_,0077,451
A192__00750.451,8.366604265211649,40.558217400000004,A192,_,00750,451
A192__00740.451,8.356148263585826,40.55620708,A192,_,00740,451
A192__0072.451,8.330792983272058,40.557637005000004,A192,_,0072,451
A192__00690.451,8.376140090260623,40.570269960000005,A192,_,00690,451
A192__00670.451,8.343283926570594,40.57091242,A192,_,00670,451
A192__00630.451,8.33671511876208,40.568517925,A192,_,00630,451
A192__0061.451,8.314881689665324,40.576444025,A192,_,0061,451
A192__00600.451,8.338622914606557,40.57962932,A192,_,00600,451
A192__00590.451,8.380554183247417,40.58319773,A192,_,00590,451
A192__00580.451,8.37247684212976,40.583374025,A192,_,00580,451
A192__00570.451,8.343340881449583,40.587024185000004,A192,_,00570,451
A192__00560.451,8.33178466484323,40.587283979999995,A192,_,00560,451
A192__00550.451,8.319574722002386,40.58330718,A192,_,00550,451
A192__00540.451,8.35136168091781,40.594028645,A192,_,00540,451
A192__00530.451,8.341886779818175,40.597917214999995,A192,_,00530,451
A192__0049.451,8.278654791927746,40.593746235,A192,_,0049,451
A192__00480.451,8.246452710562544,40.574929275,A192,_,00480,451
A192__00420.451,8.348657276645671,40.599553695,A192,_,00420,451
A192__00410.451,8.333205049758979,40.602093775,A192,_,00410,451
A192__00400.451,8.325946086890799,40.60852278,A192,_,00400,451
A192__00390.451,8.32266416966849,40.597256575,A192,_,00390,451
A192__00360.451,8.317179021480758,40.609882855,A192,_,00360,451
A192__00350.451,8.267594444810598,40.60010229,A192,_,00350,451
A192__00320.451,8.21488314478022,40.59355679,A192,_,00320,451
A192__00280.451,8.368947922830815,40.620510929999995,A192,_,00280,451
A192__00260.451,8.288495285372981,40.61593012,A192,_,00260,451
A192__00170.451,8.314030596114492,40.630460924999994,A192,_,00170,451
A192__00100.451,8.266769907786493,40.65146011,A192,_,00100,451
A192__00060.451,8.297097936574254,40.66322887,A192,_,00060,451
A192__00030.451,8.239415995462453,40.663179485,A192,_,00030,451
A192__0071.4512,8.321340469729309,40.558887514999995,A192,_,0071,4512
A192__0071.4513,8.325799878822174,40.555315215,A192,_,0071,4513
A192__0071.4514,8.322846622294303,40.560200355,A192,_,0071,4514
A192__0071.4516,8.321761629693471,40.55112082,A192,_,0071,4516
A192__0071.4517,8.320544427694216,40.55866662,A192,_,0071,4517
A192__0071.4518,8.316128284402735,40.556400045000004,A192,_,0071,4518
A192__00030.452,8.238476649960198,40.654965985000004,A192,_,00030,452
A192__00970.452,8.312290554510312,40.55739548,A192,_,00970,452
A192__00950.452,8.339477439589338,40.5081713,A192,_,00950,452
A192__00940.452,8.357248652140504,40.51868882,A192,_,00940,452
A192__00890.452,8.35495825697343,40.534795035,A192,_,00890,452
A192__00870.452,8.336851998203606,40.525080795,A192,_,00870,452
A192__00860.452,8.353556516062355,40.538865805,A192,_,00860,452
A192__00850.452,8.344988254398206,40.53077547,A192,_,00850,452
A192__00840.452,8.33258630251234,40.535973295,A192,_,00840,452
A192__00810.452,8.364443818728866,40.551230945,A192,_,00810,452
A192__00800.452,8.3574811645,40.543943995,A192,_,00800,452
A192__00770.452,8.333659309662714,40.55108172,A192,_,00770,452
A192__00750.452,8.366939387830215,40.558193794999994,A192,_,00750,452
A192__00740.452,8.356560249973157,40.555938845,A192,_,00740,452
A192__00730.452,8.351263654191536,40.551626065,A192,_,00730,452
A192__0072.452,8.33072677292446,40.55737273,A192,_,0072,452
A192__0071.452,8.320384002470995,40.557594800000004,A192,_,0071,452
A192__00690.452,8.376750172432939,40.57086059,A192,_,00690,452
A192__00670.452,8.34312704005761,40.570979135,A192,_,00670,452
A192__00630.452,8.33708351720998,40.568803025,A192,_,00630,452
A192__0061.452,8.315190426137956,40.576521105,A192,_,0061,452
A192__00600.452,8.340784305338516,40.57933077,A192,_,00600,452
A192__00590.452,8.382846869196914,40.58249933,A192,_,00590,452
A192__00580.452,8.372380175667029,40.583255725,A192,_,00580,452
A192__00570.452,8.34348997952511,40.587035615000005,A192,_,00570,452
A192__00560.452,8.331495434214542,40.587279585,A192,_,00560,452
A192__00550.452,8.319616767335862,40.583330204999996,A192,_,00550,452
A192__00530.452,8.341874908374773,40.597802825,A192,_,00530,452
A192__00420.452,8.348541125290941,40.59978711,A192,_,00420,452
A192__00410.452,8.333400237245957,40.601658365000006,A192,_,00410,452
A192__00380.452,8.311391971343228,40.596556324999995,A192,_,00380,452
A192__00360.452,8.316899770178825,40.61047469,A192,_,00360,452
A192__00350.452,8.265947268719543,40.60010229,A192,_,00350,452
A192__00320.452,8.213657165927192,40.593241934999995,A192,_,00320,452
A192__00280.452,8.357600595731475,40.614835325,A192,_,00280,452
A192__00250.452,8.283186667634315,40.613949535,A192,_,00250,452
A192__00160.452,8.267100745,40.629556269999995,A192,_,00160,452
A192__00120.452,8.296978421905104,40.64834863,A192,_,00120,452
A192__00100.452,8.272184500072965,40.644872535000005,A192,_,00100,452
A192__00080.452,8.320127621710972,40.656450975,A192,_,00080,452
A192__00060.452,8.2973791565,40.66327738,A192,_,00060,452
A192__0071.4522,8.31800947166974,40.5546162,A192,_,0071,4522
A192__0071.4523,8.323793792020053,40.555341605,A192,_,0071,4523
A192__0071.4524,8.31819942507827,40.55272582,A192,_,0071,4524
A192__0071.4525,8.322863880552536,40.553790585,A192,_,0071,4525
A192__0071.4526,8.324335194736218,40.558995,A192,_,0071,4526
A192__0071.4527,8.322371285398813,40.55734325,A192,_,0071,4527
A192__0071.4528,8.321970280392215,40.548282225,A192,_,0071,4528
A192__0071.4529,8.322924136487782,40.553664805,A192,_,0071,4529
A192__00030.453,8.239226808107121,40.654965985000004,A192,_,00030,453
A192__00970.453,8.312279371875752,40.557429330000005,A192,_,00970,453
A192__00950.453,8.33927196556624,40.507722435,A192,_,00950,453
A192__00940.453,8.357464447305482,40.51030635,A192,_,00940,453
A192__00930.453,8.345237980124354,40.518782470000005,A192,_,00930,453
A192__00890.453,8.355248521563052,40.535151165,A192,_,00890,453
A192__00880.453,8.343783088534305,40.528786769999996,A192,_,00880,453
A192__00860.453,8.353524075143582,40.53856169,A192,_,00860,453
A192__00850.453,8.345179658491586,40.53061389,A192,_,00850,453
A192__00840.453,8.333134016883523,40.535938905,A192,_,00840,453
A192__00810.453,8.364697736336044,40.551176125,A192,_,00810,453
A192__00800.453,8.36067431537544,40.546211645,A192,_,00800,453
A192__00780.453,8.327497664231505,40.545502015,A192,_,00780,453
A192__0077.453,8.328836535418354,40.555643360000005,A192,_,0077,453
A192__00750.453,8.369080427902835,40.55901824,A192,_,00750,453
A192__00740.453,8.35788590676474,40.55571714,A192,_,00740,453
A192__00730.453,8.351793232416025,40.5508914,A192,_,00730,453
A192__0071.453,8.320357316906751,40.557469255,A192,_,0071,453
A192__00690.453,8.37734963327345,40.571178835,A192,_,00690,453
A192__00590.453,8.382664115900901,40.58225634,A192,_,00590,453
A192__00580.453,8.361932580466831,40.585639920000006,A192,_,00580,453
A192__00570.453,8.343530832637931,40.587566734999996,A192,_,00570,453
A192__00540.453,8.355500818464236,40.594274885,A192,_,00540,453
A192__00480.453,8.233636969046838,40.59092494,A192,_,00480,453
A192__00420.453,8.34869597029596,40.599672174999995,A192,_,00420,453
A192__00410.453,8.333879972010074,40.601717320000006,A192,_,00410,453
A192__00390.453,8.32581846276847,40.610850905,A192,_,00390,453
A192__00360.453,8.300403378176792,40.611960455,A192,_,00360,453
A192__00270.453,8.349811855241157,40.61301229,A192,_,00270,453
A192__00250.453,8.280382477877097,40.61704968,A192,_,00250,453
A192__00170.453,8.317717654893949,40.634085815000006,A192,_,00170,453
A192__00160.453,8.267810133732528,40.629462865,A192,_,00160,453
A192__00150.453,8.2169240153985,40.63605467,A192,_,00150,453
A192__00100.453,8.272117305745358,40.645050569999995,A192,_,00100,453
A192__00040.453,8.24934127279672,40.642594435,A192,_,00040,453
A192__00710.4530,8.324637197568308,40.55301414,A192,_,00710,4530
A192__0071.4531,8.318844926960576,40.551771509999995,A192,_,0071,4531
A192__0071.4532,8.32456671021163,40.556712399999995,A192,_,0071,4532
A192__0071.4533,8.323728351364991,40.5578004,A192,_,0071,4533
A192__0071.4534,8.324600990327486,40.557373075,A192,_,0071,4534
A192__0071.4535,8.324595831236003,40.55728832,A192,_,0071,4535
A192__0071.4536,8.324215477049844,40.557863065,A192,_,0071,4536
A192__0071.4538,8.32483049993239,40.557306185,A192,_,0071,4538
A192__0071.4539,8.32463231480044,40.557288605,A192,_,0071,4539
A192__00040.454,8.249520865744337,40.64211876,A192,_,00040,454
A192__00970.454,8.312265351385253,40.55748618,A192,_,00970,454
A192__00950.454,8.339206947468734,40.507448885,A192,_,00950,454
A192__00940.454,8.357819285610255,40.52069363,A192,_,00940,454
A192__00890.454,8.351688046330612,40.526161805,A192,_,00890,454
A192__00870.454,8.334799140043454,40.527790495,A192,_,00870,454
A192__00860.454,8.353164076987397,40.53934942,A192,_,00860,454
A192__00850.454,8.342671451285481,40.53143466,A192,_,00850,454
A192__00840.454,8.328297077472808,40.53744324,A192,_,00840,454
A192__00810.454,8.364981016024075,40.55116681,A192,_,00810,454
A192__00800.454,8.363041350303403,40.54546292,A192,_,00800,454
A192__00780.454,8.327636721016209,40.54528856,A192,_,00780,454
A192__0077.454,8.328800658054622,40.555558915000006,A192,_,0077,454
A192__00750.454,8.369827246661474,40.558961714999995,A192,_,00750,454
A192__00730.454,8.348724375956417,40.555233465,A192,_,00730,454
A192__00690.454,8.37791710323614,40.569710385,A192,_,00690,454
A192__00670.454,8.34595338751004,40.567065335,A192,_,00670,454
A192__00660.454,8.33665748568411,40.565317055,A192,_,00660,454
A192__00630.454,8.337440556516047,40.56897078,A192,_,00630,454
A192__0061.454,8.315513535750789,40.576706134999995,A192,_,0061,454
A192__00590.454,8.383593726367717,40.58239186,A192,_,00590,454
A192__00580.454,8.362078004462013,40.586020915,A192,_,00580,454
A192__00560.454,8.32953451240321,40.58652717,A192,_,00560,454
A192__00530.454,8.342494254128606,40.597000565,A192,_,00530,454
A192__0049.454,8.278629105,40.593559165,A192,_,0049,454
A192__00480.454,8.234730150218727,40.590081205000004,A192,_,00480,454
A192__00410.454,8.3330525645504,40.601534959999995,A192,_,00410,454
A192__00400.454,8.326433489532285,40.608994835000004,A192,_,00400,454
A192__00390.454,8.325508875216652,40.610400154999994,A192,_,00390,454
A192__00380.454,8.312219973074441,40.59779594,A192,_,00380,454
A192__00360.454,8.300871194002628,40.61192252,A192,_,00360,454
A192__00320.454,8.215187901122938,40.593218300000004,A192,_,00320,454
A192__00280.454,8.357332034780178,40.611523995,A192,_,00280,454
A192__00250.454,8.278343652934163,40.615529465,A192,_,00250,454
A192__00190.454,8.208932024380879,40.64048798,A192,_,00190,454
A192__00170.454,8.307457808924864,40.626499335000005,A192,_,00170,454
A192__00160.454,8.261300872117832,40.640907545000005,A192,_,00160,454
A192__00150.454,8.216915108244946,40.636110415,A192,_,00150,454
A192__00100.454,8.272185422642103,40.644787949999994,A192,_,00100,454
A192__00080.454,8.320198148254706,40.656630855,A192,_,00080,454
A192__00060.454,8.298336372393209,40.66367228,A192,_,00060,454
A192__0071.4540,8.321951596961087,40.557948124999996,A192,_,0071,4540
A192__0071.4541,8.321987447895202,40.560432504999994,A192,_,0071,4541
A192__0071.4542,8.321637358772424,40.560043199999996,A192,_,0071,4542
A192__0071.4546,8.322648431948446,40.55897284,A192,_,0071,4546
A192__0071.4547,8.321640106522583,40.559822925000006,A192,_,0071,4547
A192__00030.455,8.234736043609846,40.655863525,A192,_,00030,455
A192__00950.455,8.339167806650936,40.50735805,A192,_,00950,455
A192__00940.455,8.354688847821116,40.51227045,A192,_,00940,455
A192__00890.455,8.351651454320738,40.526494299999996,A192,_,00890,455
A192__00860.455,8.353392159648417,40.53931326,A192,_,00860,455
A192__00850.455,8.345748538991145,40.531433815,A192,_,00850,455
A192__00810.455,8.371880082479436,40.545831915,A192,_,00810,455
A192__00800.455,8.363142915154977,40.54546292,A192,_,00800,455
A192__00780.455,8.32774989967295,40.54509803,A192,_,00780,455
A192__0077.455,8.329062240262278,40.55565004,A192,_,0077,455
A192__00750.455,8.36877565814492,40.556518485,A192,_,00750,455
A192__00730.455,8.34912706789406,40.55553295,A192,_,00730,455
A192__0071.455,8.320243893167458,40.557624195,A192,_,0071,455
A192__00680.455,8.355082136842064,40.57195445,A192,_,00680,455
A192__00670.455,8.345768019916989,40.56233032,A192,_,00670,455
A192__00660.455,8.332495450387379,40.56616742,A192,_,00660,455
A192__00630.455,8.337511882007572,40.56894443,A192,_,00630,455
A192__0061.455,8.314607912262902,40.57724133,A192,_,0061,455
A192__00590.455,8.382797995992345,40.581982679999996,A192,_,00590,455
A192__00580.455,8.362372963607157,40.58556337500001,A192,_,00580,455
A192__00570.455,8.348483386209896,40.588974745,A192,_,00570,455
A192__00550.455,8.319189705917427,40.582658789999996,A192,_,00550,455
A192__00530.455,8.337993711896821,40.591445965,A192,_,00530,455
A192__00520.455,8.326619194498656,40.590501855,A192,_,00520,455
A192__0049.455,8.27918447558385,40.59361754,A192,_,0049,455
A192__00420.455,8.348510221138083,40.599629475,A192,_,00420,455
A192__00410.455,8.332775206858912,40.60133276,A192,_,00410,455
A192__00400.455,8.326720672000546,40.608934055,A192,_,00400,455
A192__00390.455,8.325611231564539,40.61032663,A192,_,00390,455
A192__00380.455,8.312888266601968,40.601332310000004,A192,_,00380,455
A192__00360.455,8.30039596353533,40.612366734999995,A192,_,00360,455
A192__00280.455,8.356627132398124,40.611609375,A192,_,00280,455
A192__00260.455,8.32107955871702,40.618275455,A192,_,00260,455
A192__00250.455,8.277957197871068,40.61656449,A192,_,00250,455
A192__00190.455,8.20914826882754,40.639644520000004,A192,_,00190,455
A192__00170.455,8.308523378066674,40.62665088,A192,_,00170,455
A192__00160.455,8.261564549757836,40.640937455,A192,_,00160,455
A192__00150.455,8.218863291704793,40.636946879999996,A192,_,00150,455
A192__00120.455,8.298905818099481,40.642675935,A192,_,00120,455
A192__00100.455,8.272223757677839,40.64500546,A192,_,00100,455
A192__00080.455,8.320909139805172,40.65645103,A192,_,00080,455
A192__00040.455,8.249782061902103,40.642173670000005,A192,_,00040,455
A192__0071.4550,8.325357230334568,40.551944655,A192,_,0071,4550
A192__0071.4551,8.325455895758122,40.551831975,A192,_,0071,4551
A192__0071.4552,8.325615346963328,40.551973625,A192,_,0071,4552
A192__0071.4553,8.325635908563882,40.55193216,A192,_,0071,4553
A192__0071.4554,8.325709143910302,40.551867265,A192,_,0071,4554
A192__0071.4555,8.324705834694608,40.55991297,A192,_,0071,4555
A192__0071.4556,8.325499904579797,40.55831553,A192,_,0071,4556
A192__0071.4557,8.324932972743937,40.549764955,A192,_,0071,4557
A192__0071.4559,8.3251318591143,40.549710645,A192,_,0071,4559
A192__00010.456,8.217166924594604,40.65562022,A192,_,00010,456
A192__00970.456,8.312248876752669,40.557566725,A192,_,00970,456
A192__00940.456,8.354721632980336,40.512439095000005,A192,_,00940,456
A192__00890.456,8.352119484370505,40.525086435,A192,_,00890,456
A192__00870.456,8.335420915077126,40.525940055,A192,_,00870,456
A192__00860.456,8.353207512570316,40.538944295,A192,_,00860,456
A192__00850.456,8.345520641179796,40.535499709999996,A192,_,00850,456
A192__00810.456,8.372283745311258,40.545569775000004,A192,_,00810,456
A192__00780.456,8.327669671904754,40.54494884,A192,_,00780,456
A192__0077.456,8.329009054195733,40.555482935,A192,_,0077,456
A192__00750.456,8.368449448234855,40.55606617,A192,_,00750,456
A192__00740.456,8.35696536721132,40.55523129,A192,_,00740,456
A192__00730.456,8.349035209578023,40.555215045,A192,_,00730,456
A192__0072.456,8.33081300275477,40.557100655,A192,_,0072,456
A192__0071.456,8.317283640473812,40.553007054999995,A192,_,0071,456
A192__00690.456,8.362141948116285,40.57135155,A192,_,00690,456
A192__00670.456,8.345586791534647,40.56222211,A192,_,00670,456
A192__0064.456,8.320999995837639,40.56269433,A192,_,0064,456
A192__00630.456,8.337787982389287,40.569159575,A192,_,00630,456
A192__00590.456,8.383913800144125,40.582335150000006,A192,_,00590,456
A192__00580.456,8.3622212134688,40.586015735000004,A192,_,00580,456
A192__00560.456,8.331016730414706,40.586249464999995,A192,_,00560,456
A192__00540.456,8.344643031792,40.594340685,A192,_,00540,456
A192__00530.456,8.338082614999998,40.591436529999996,A192,_,00530,456
A192__0049.456,8.279864113041288,40.59359079,A192,_,0049,456
A192__00420.456,8.348481930343358,40.599625105,A192,_,00420,456
A192__00410.456,8.333180463708011,40.6012511,A192,_,00410,456
A192__00400.456,8.326656094879716,40.608828305,A192,_,00400,456
A192__00390.456,8.325017331596468,40.61013526,A192,_,00390,456
A192__00360.456,8.30085977317951,40.612329285,A192,_,00360,456
A192__00350.456,8.28510604358538,40.605244835,A192,_,00350,456
A192__00320.456,8.219056474004507,40.606067175,A192,_,00320,456
A192__00280.456,8.356663284062842,40.611743675,A192,_,00280,456
A192__00270.456,8.326334456620838,40.616790144999996,A192,_,00270,456
A192__00260.456,8.321384830777486,40.61812216,A192,_,00260,456
A192__00250.456,8.279145107267704,40.617571485,A192,_,00250,456
A192__00170.456,8.319195811967415,40.627009009999995,A192,_,00170,456
A192__00150.456,8.219190962462758,40.638210920000006,A192,_,00150,456
A192__00120.456,8.299360128300544,40.646385945000006,A192,_,00120,456
A192__00100.456,8.272418807738095,40.645301415,A192,_,00100,456
A192__00080.456,8.319471293064499,40.656898475,A192,_,00080,456
A192__00060.456,8.283647116897702,40.66021145,A192,_,00060,456
A192__00040.456,8.254779265517247,40.65463837,A192,_,00040,456
A192__0071.4567,8.324447679401217,40.559911785,A192,_,0071,4567
A192__0071.4568,8.320893454592692,40.560233795,A192,_,0071,4568
A192__0071.4569,8.319725541305278,40.55118363,A192,_,0071,4569
A192__00010.457,8.215690145399252,40.664497804999996,A192,_,00010,457
A192__00970.457,8.312212289009846,40.557689984999996,A192,_,00970,457
A192__00950.457,8.337842200482147,40.515705284999996,A192,_,00950,457
A192__00940.457,8.357304706951384,40.508976725,A192,_,00940,457
A192__00900.457,8.362018429466684,40.529588544999996,A192,_,00900,457
A192__00890.457,8.352226764685314,40.525241935,A192,_,00890,457
A192__00860.457,8.35365396333474,40.541258955,A192,_,00860,457
A192__00850.457,8.345289004500355,40.535519765000004,A192,_,00850,457
A192__00810.457,8.371548783212061,40.54571351,A192,_,00810,457
A192__00780.457,8.327404486183624,40.54490744,A192,_,00780,457
A192__00730.457,8.348802771487197,40.55515772,A192,_,00730,457
A192__00690.457,8.361870129146062,40.571655125,A192,_,00690,457
A192__00670.457,8.338780722981236,40.562014239999996,A192,_,00670,457
A192__00660.457,8.332218198363638,40.56573617,A192,_,00660,457
A192__00630.457,8.337838580401224,40.569127865,A192,_,00630,457
A192__00590.457,8.383884326953922,40.582444015,A192,_,00590,457
A192__00580.457,8.362470731401338,40.58831397,A192,_,00580,457
A192__00570.457,8.346682656857144,40.588061984999996,A192,_,00570,457
A192__00540.457,8.345047044257115,40.594279130000004,A192,_,00540,457
A192__00530.457,8.338179294653173,40.59139514,A192,_,00530,457
A192__0049.457,8.280201579175873,40.593486525,A192,_,0049,457
A192__00420.457,8.348437586375136,40.59968656,A192,_,00420,457
A192__00410.457,8.333527284042322,40.60118319,A192,_,00410,457
A192__00390.457,8.32461899732248,40.609932775000004,A192,_,00390,457
A192__00380.457,8.310187072853676,40.60244984,A192,_,00380,457
A192__00320.457,8.218329569623359,40.59771873,A192,_,00320,457
A192__00260.457,8.321606586373157,40.618294935,A192,_,00260,457
A192__00250.457,8.277992946280822,40.617339095,A192,_,00250,457
A192__00170.457,8.319706449243803,40.626944765000005,A192,_,00170,457
A192__00160.457,8.270521306078138,40.639510814999994,A192,_,00160,457
A192__00150.457,8.220265010100995,40.639784524999996,A192,_,00150,457
A192__00120.457,8.2995169436198,40.64661651,A192,_,00120,457
A192__00100.457,8.272747272014104,40.645302975,A192,_,00100,457
A192__00080.457,8.320977448777223,40.656506735,A192,_,00080,457
A192__00060.457,8.283018968344102,40.660012655,A192,_,00060,457
A192__00040.457,8.254924167705624,40.656846869999995,A192,_,00040,457
A192__0071.4570,8.327305056300467,40.556383575,A192,_,0071,4570
A192__0071.4571,8.325291635713644,40.561785275,A192,_,0071,4571
A192__0071.4572,8.319255848909627,40.554733,A192,_,0071,4572
A192__0071.4573,8.31578628511404,40.55290738,A192,_,0071,4573
A192__0071.4575,8.324901209748365,40.560736309999996,A192,_,0071,4575
A192__0071.4576,8.318019128605396,40.555127045,A192,_,0071,4576
A192__0071.4577,8.325926611267054,40.554795895,A192,_,0071,4577
A192__0071.4578,8.316228798725167,40.555043925,A192,_,0071,4578
A192__00010.458,8.216411327655553,40.664426844999994,A192,_,00010,458
A192__00950.458,8.352750014137339,40.516065215,A192,_,00950,458
A192__00940.458,8.361482836698983,40.51181434,A192,_,00940,458
A192__00930.458,8.343509377047646,40.52099586,A192,_,00930,458
A192__00890.458,8.352438606181504,40.525109119999996,A192,_,00890,458
A192__00880.458,8.344804599550823,40.522706310000004,A192,_,00880,458
A192__00870.458,8.33577594902317,40.525806785,A192,_,00870,458
A192__00860.458,8.353620104887629,40.54073382,A192,_,00860,458
A192__00850.458,8.340458598522476,40.532393275000004,A192,_,00850,458
A192__00810.458,8.371696151987344,40.546218960000004,A192,_,00810,458
A192__00800.458,8.344866709895413,40.546605135,A192,_,00800,458
A192__00780.458,8.327153378989742,40.545366245,A192,_,00780,458
A192__0077.458,8.332112780048519,40.55457813,A192,_,0077,458
A192__00750.458,8.365896674190566,40.556078154999994,A192,_,00750,458
A192__00740.458,8.359590903912157,40.562878305,A192,_,00740,458
A192__00730.458,8.348701062920117,40.554764835,A192,_,00730,458
A192__00690.458,8.377135490420887,40.569990974999996,A192,_,00690,458
A192__00670.458,8.339616762527417,40.561164555000005,A192,_,00670,458
A192__00660.458,8.33253228602234,40.565461909999996,A192,_,00660,458
A192__0064.458,8.321664614049398,40.56266069,A192,_,0064,458
A192__00630.458,8.338122057131944,40.569346395,A192,_,00630,458
A192__00590.458,8.390439201898129,40.580316335,A192,_,00590,458
A192__00580.458,8.362118658241759,40.58831397,A192,_,00580,458
A192__00560.458,8.331444866964132,40.586300480000006,A192,_,00560,458
A192__00550.458,8.319769454749753,40.58377385,A192,_,00550,458
A192__00540.458,8.350834346051728,40.594144265,A192,_,00540,458
A192__00520.458,8.326462337892824,40.58994215,A192,_,00520,458
A192__0049.458,8.28124158567519,40.592612785,A192,_,0049,458
A192__00480.458,8.2237914799631,40.590564935,A192,_,00480,458
A192__00410.458,8.33552797822755,40.600193605,A192,_,00410,458
A192__00390.458,8.321615465955176,40.60085412,A192,_,00390,458
A192__00360.458,8.304656051030996,40.60979957,A192,_,00360,458
A192__00350.458,8.272261278239927,40.604101145,A192,_,00350,458
A192__00320.458,8.2186812110057,40.597489530000004,A192,_,00320,458
A192__00280.458,8.369869263334305,40.621248045,A192,_,00280,458
A192__00270.458,8.322740783520128,40.61455683,A192,_,00270,458
A192__00260.458,8.322016883697533,40.618334965,A192,_,00260,458
A192__00250.458,8.276788898029663,40.617101175,A192,_,00250,458
A192__00210.458,8.355704802531411,40.626115975000005,A192,_,00210,458
A192__00190.458,8.208798698683436,40.640538475,A192,_,00190,458
A192__00170.458,8.320173422389132,40.626970385,A192,_,00170,458
A192__00160.458,8.271119291475399,40.63909957,A192,_,00160,458
A192__00120.458,8.29969306099045,40.64686744,A192,_,00120,458
A192__00100.458,8.274638697424631,40.64463919000001,A192,_,00100,458
A192__00080.458,8.320604326331532,40.65710009,A192,_,00080,458
A192__00060.458,8.287008607837619,40.663534330000005,A192,_,00060,458
A192__00040.458,8.255256651710365,40.656887315,A192,_,00040,458
A192__0071.4580,8.319401934324489,40.557804579999996,A192,_,0071,4580
A192__0071.4581,8.32523074137994,40.555814935,A192,_,0071,4581
A192__0071.4582,8.322259984015002,40.55113634,A192,_,0071,4582
A192__0071.4583,8.321809803361779,40.557235435,A192,_,0071,4583
A192__0071.4584,8.32175187229669,40.55708739,A192,_,0071,4584
A192__0071.4585,8.32184551145571,40.55387187,A192,_,0071,4585
A192__0071.4586,8.322536202525717,40.56067171,A192,_,0071,4586
A192__0071.4587,8.321373503414486,40.560789405,A192,_,0071,4587
A192__0071.4588,8.315953219642369,40.557199855,A192,_,0071,4588
A192__0071.4589,8.315650788582193,40.557144550000004,A192,_,0071,4589
A192__00010.459,8.216616262017507,40.66258602,A192,_,00010,459
A192__00970.459,8.312028505482715,40.558132470000004,A192,_,00970,459
A192__00940.459,8.360906308638612,40.51585294,A192,_,00940,459
A192__00930.459,8.34305094712472,40.520780445,A192,_,00930,459
A192__00890.459,8.351922375085868,40.52538818,A192,_,00890,459
A192__00880.459,8.345167244836624,40.52324638,A192,_,00880,459
A192__00870.459,8.334804382328937,40.524255815000004,A192,_,00870,459
A192__00860.459,8.354265725784938,40.541357785,A192,_,00860,459
A192__00850.459,8.34082681430317,40.53245648,A192,_,00850,459
A192__00810.459,8.37140468399333,40.545747145,A192,_,00810,459
A192__00800.459,8.344785802210165,40.546745045,A192,_,00800,459
A192__0077.459,8.33208093166397,40.554781165,A192,_,0077,459
A192__00750.459,8.366291842911739,40.5554871,A192,_,00750,459
A192__00740.459,8.359849266563653,40.56294925,A192,_,00740,459
A192__00730.459,8.348515545267745,40.554816495,A192,_,00730,459
A192__00690.459,8.376999098705507,40.569689865,A192,_,00690,459
A192__00680.459,8.35189462915421,40.56802279,A192,_,00680,459
A192__00660.459,8.337447664286728,40.566425765000005,A192,_,00660,459
A192__0064.459,8.322170180906596,40.563446185000004,A192,_,0064,459
A192__00630.459,8.33816676189056,40.56929131,A192,_,00630,459
A192__00580.459,8.36216235612492,40.588493854999996,A192,_,00580,459
A192__00560.459,8.3337091314493,40.58764941,A192,_,00560,459
A192__00550.459,8.319897601617452,40.583762865,A192,_,00550,459
A192__00420.459,8.348490219304747,40.59977525,A192,_,00420,459
A192__00410.459,8.335301265021858,40.6000794,A192,_,00410,459
A192__00400.459,8.32596282244361,40.603816115,A192,_,00400,459
A192__00390.459,8.32183933143047,40.600820139999996,A192,_,00390,459
A192__00360.459,8.301061854259999,40.611207405,A192,_,00360,459
A192__00350.459,8.273303773604368,40.60371827,A192,_,00350,459
A192__00320.459,8.218511612594973,40.59689907,A192,_,00320,459
A192__00280.459,8.369908402641858,40.62109315,A192,_,00280,459
A192__00250.459,8.27591580315599,40.616932375000005,A192,_,00250,459
A192__00210.459,8.353701560195724,40.62616887,A192,_,00210,459
A192__00190.459,8.208688398742057,40.64025253,A192,_,00190,459
A192__00170.459,8.31920814108817,40.625662695,A192,_,00170,459
A192__00160.459,8.265829642843277,40.628440225,A192,_,00160,459
A192__00150.459,8.216834546552807,40.63821245,A192,_,00150,459
A192__00120.459,8.299832569678738,40.647124995,A192,_,00120,459
A192__00100.459,8.274868354461784,40.645937845000006,A192,_,00100,459
A192__00060.459,8.288510123650138,40.662095495,A192,_,00060,459
A192__00040.459,8.255643993840755,40.65685825,A192,_,00040,459
A192__0071.4590,8.315910937432996,40.557621895,A192,_,0071,4590
A192__0071.4591,8.315950580509469,40.55870695,A192,_,0071,4591
A192__0071.4592,8.316660430665364,40.557389875,A192,_,0071,4592
A192__0071.4593,8.316975499911784,40.557524580000006,A192,_,0071,4593
A192__0071.4594,8.316864613577845,40.55766467,A192,_,0071,4594
A192__0071.4595,8.31659585375981,40.557570985,A192,_,0071,4595
A192__0071.4596,8.316435168612774,40.55777201,A192,_,0071,4596
A192__0071.4597,8.317543818192508,40.55832758,A192,_,0071,4597
A192__0071.4598,8.317811554280485,40.55798949,A192,_,0071,4598
A192__0071.4599,8.31734427207233,40.558140505,A192,_,0071,4599
A192__00020.46,8.211744280588357,40.65488075,A192,_,00020,46
A192__00950.46,8.34806088699403,40.51242266,A192,_,00950,46
A192__00940.46,8.35616614925998,40.51381366,A192,_,00940,46
A192__00930.46,8.342982528036448,40.51998538,A192,_,00930,46
A192__00920.46,8.386025982679593,40.52371252499999,A192,_,00920,46
A192__00900.46,8.357852317840775,40.534046430000004,A192,_,00900,46
A192__00890.46,8.352431725841438,40.532868155,A192,_,00890,46
A192__00880.46,8.342747802153259,40.524566535000005,A192,_,00880,46
A192__00870.46,8.337922425713414,40.52459657,A192,_,00870,46
A192__00860.46,8.35689611630081,40.53941459,A192,_,00860,46
A192__00850.46,8.342024405869395,40.5361117,A192,_,00850,46
A192__00840.46,8.334974821469629,40.537274495,A192,_,00840,46
A192__00800.46,8.357689236848714,40.54177568,A192,_,00800,46
A192__00750.46,8.39689055607526,40.551697005,A192,_,00750,46
A192__00710.46,8.324888067709445,40.546512235,A192,_,00710,46
A192__00700.46,8.406324567952407,40.576251209999995,A192,_,00700,46
A192__00690.46,8.37696278278343,40.570858529999995,A192,_,00690,46
A192__0065.46,8.316197381551724,40.56149432,A192,_,0065,46
A192__00640.46,8.322012920003685,40.56777787,A192,_,00640,46
A192__00620.46,8.330969367285585,40.577883369999995,A192,_,00620,46
A192__00600.46,8.349422506631102,40.57406512,A192,_,00600,46
A192__00580.46,8.364073478447967,40.594323115,A192,_,00580,46
A192__00560.46,8.323465881498663,40.575826195,A192,_,00560,46
A192__00550.46,8.322273438929344,40.58660207,A192,_,00550,46
A192__00530.46,8.339549598767181,40.592713180000004,A192,_,00530,46
A192__00510.46,8.315665342413194,40.592446695,A192,_,00510,46
A192__00490.46,8.248603280727622,40.59047701,A192,_,00490,46
A192__00470.46,8.219542436799838,40.590004475,A192,_,00470,46
A192__00460.46,8.163745353617488,40.56158125,A192,_,00460,46
A192__00450.46,8.164758811900484,40.58552755,A192,_,00450,46
A192__00430.46,8.376601819027492,40.601828870000006,A192,_,00430,46
A192__00410.46,8.336409981579452,40.603467505,A192,_,00410,46
A192__00400.46,8.32807489472394,40.601375669999996,A192,_,00400,46
A192__00370.46,8.288927899736583,40.59399297,A192,_,00370,46
A192__00350.46,8.270258758273258,40.602526575,A192,_,00350,46
A192__00330.46,8.23800421505589,40.60135899,A192,_,00330,46
A192__00320.46,8.217074202579221,40.606775725000006,A192,_,00320,46
A192__00300.46,8.381638119142796,40.608560964999995,A192,_,00300,46
A192__00290.46,8.384071566289133,40.61256523,A192,_,00290,46
A192__00260.46,8.314172537097232,40.614295569999996,A192,_,00260,46
A192__00240.46,8.209504916658872,40.624641865,A192,_,00240,46
A192__00220.46,8.147151409282445,40.611035505000004,A192,_,00220,46
A192__00200.46,8.25929556806137,40.624100725000005,A192,_,00200,46
A192__00190.46,8.196198537480726,40.626783180000004,A192,_,00190,46
A192__00140.46,8.188891072389374,40.643467490000006,A192,_,00140,46
A192__00120.46,8.308236554249643,40.63949206,A192,_,00120,46
A192__00100.46,8.274543827451076,40.658965820000006,A192,_,00100,46
A192__00050.46,8.27121463406301,40.663629889999996,A192,_,00050,46
A192__00010.460,8.21607505980929,40.662432625,A192,_,00010,460
A192__00970.460,8.31205468363991,40.55819485,A192,_,00970,460
A192__00950.460,8.35333099596937,40.516045855,A192,_,00950,460
A192__00940.460,8.352914790596728,40.50967321,A192,_,00940,460
A192__00930.460,8.342698890534813,40.520617015,A192,_,00930,460
A192__00880.460,8.34496411460275,40.522738329999996,A192,_,00880,460
A192__00870.460,8.335753151674854,40.52423342,A192,_,00870,460
A192__00860.460,8.354090586683155,40.540796865,A192,_,00860,460
A192__00840.460,8.336784720731682,40.535080345,A192,_,00840,460
A192__00810.460,8.371057965051115,40.545851805,A192,_,00810,460
A192__00800.460,8.34468852237723,40.54676138,A192,_,00800,460
A192__00780.460,8.327405504471773,40.54520533,A192,_,00780,460
A192__00740.460,8.360108742961136,40.562640380000005,A192,_,00740,460
A192__00720.460,8.336442169596628,40.557855565,A192,_,00720,460
A192__0071.460,8.318129424628992,40.552541399999996,A192,_,0071,460
A192__00690.460,8.377197683644933,40.570167185,A192,_,00690,460
A192__00680.460,8.3515668288892,40.568929714999996,A192,_,00680,460
A192__00670.460,8.343338257093663,40.570748075,A192,_,00670,460
A192__00660.460,8.330557241431855,40.56071765,A192,_,00660,460
A192__0064.460,8.322415316876144,40.563247919999995,A192,_,0064,460
A192__00590.460,8.374487659052363,40.574745645,A192,_,00590,460
A192__00580.460,8.37032401152749,40.582367425,A192,_,00580,460
A192__00550.460,8.319804931723667,40.584080979999996,A192,_,00550,460
A192__00540.460,8.34631952410107,40.592556005,A192,_,00540,460
A192__00530.460,8.338529302941023,40.596970455000005,A192,_,00530,460
A192__00420.460,8.348422425765559,40.59972542,A192,_,00420,460
A192__00410.460,8.335638296970927,40.600163370000004,A192,_,00410,460
A192__00400.460,8.325825460649718,40.60393027,A192,_,00400,460
A192__00380.460,8.310814093673226,40.59309244,A192,_,00380,460
A192__00360.460,8.301018838808211,40.61141318,A192,_,00360,460
A192__00350.460,8.26364769016822,40.60348124,A192,_,00350,460
A192__00270.460,8.322539118207892,40.61606669,A192,_,00270,460
A192__00250.460,8.275418816224981,40.61683166,A192,_,00250,460
A192__00170.460,8.319719688583373,40.6255497,A192,_,00170,460
A192__00160.460,8.271163720586376,40.632071915,A192,_,00160,460
A192__00150.460,8.217827761325097,40.640157425,A192,_,00150,460
A192__00100.460,8.273211887342203,40.645320855,A192,_,00100,460
A192__00080.460,8.320693475929295,40.64709335,A192,_,00080,460
A192__00060.460,8.288146279220552,40.661593725,A192,_,00060,460
A192__00040.460,8.255687364687748,40.656558285,A192,_,00040,460
A192__0071.4601,8.317268800224142,40.559323739999996,A192,_,0071,4601
A192__0071.4602,8.317523916971645,40.55900566,A192,_,0071,4602
A192__0071.4603,8.317644141220324,40.55886047,A192,_,0071,4603
A192__0071.4604,8.317817366904652,40.55881438,A192,_,0071,4604
A192__0071.4605,8.31818024662212,40.55904844,A192,_,0071,4605
A192__0071.4606,8.317940529154356,40.558600874999996,A192,_,0071,4606
A192__0071.4607,8.318122246876252,40.55809479,A192,_,0071,4607
A192__0071.4608,8.318379112872975,40.558279549999995,A192,_,0071,4608
A192__0071.4609,8.318124939762395,40.558258225,A192,_,0071,4609
A192__00010.461,8.216302877521551,40.66243598,A192,_,00010,461
A192__00970.461,8.31198574278132,40.558228585,A192,_,00970,461
A192__00890.461,8.353071593395352,40.53324415,A192,_,00890,461
A192__00880.461,8.344474645350118,40.525898045000005,A192,_,00880,461
A192__00870.461,8.333930080569509,40.52616303,A192,_,00870,461
A192__00860.461,8.35487025039002,40.540298144999994,A192,_,00860,461
A192__00850.461,8.344592747101064,40.532186745000004,A192,_,00850,461
A192__00840.461,8.336481151873421,40.534908425,A192,_,00840,461
A192__00810.461,8.371217147406686,40.54619202,A192,_,00810,461
A192__00780.461,8.327298095831841,40.544817245000004,A192,_,00780,461
A192__00750.461,8.36772317072175,40.566745749999995,A192,_,00750,461
A192__00740.461,8.3598285446241,40.562603405000004,A192,_,00740,461
A192__00730.461,8.345084990656103,40.555834305000005,A192,_,00730,461
A192__0071.461,8.31735266552229,40.55357118,A192,_,0071,461
A192__00690.461,8.369549154544735,40.57062311,A192,_,00690,461
A192__00670.461,8.335924763792745,40.560967405,A192,_,00670,461
A192__00660.461,8.33439578628019,40.56611468,A192,_,00660,461
A192__00640.461,8.319652076774801,40.56801393,A192,_,00640,461
A192__00590.461,8.374258573888227,40.574721460000006,A192,_,00590,461
A192__00580.461,8.37053431057083,40.582367425,A192,_,00580,461
A192__00570.461,8.348804553941207,40.59025772,A192,_,00570,461
A192__00550.461,8.319011806386168,40.582658789999996,A192,_,00550,461
A192__00540.461,8.346450828306853,40.592791565,A192,_,00540,461
A192__00530.461,8.338298359427114,40.596976874999996,A192,_,00530,461
A192__00420.461,8.348391931282304,40.59971672,A192,_,00420,461
A192__00410.461,8.334394098676281,40.60550268,A192,_,00410,461
A192__00390.461,8.321334681318252,40.604600454999996,A192,_,00390,461
A192__00360.461,8.301337634946647,40.61064614,A192,_,00360,461
A192__00350.461,8.2632111152701,40.6041075,A192,_,00350,461
A192__00320.461,8.218541457978896,40.59727084,A192,_,00320,461
A192__00280.461,8.353576744986377,40.61339072,A192,_,00280,461
A192__00270.461,8.323285988472097,40.616048825,A192,_,00270,461
A192__00250.461,8.276415978854757,40.616154045,A192,_,00250,461
A192__00210.461,8.345594176770451,40.62205986,A192,_,00210,461
A192__00190.461,8.208593883820242,40.64025633,A192,_,00190,461
A192__00170.461,8.32018607673242,40.62531722,A192,_,00170,461
A192__00160.461,8.264975647077948,40.625950395,A192,_,00160,461
A192__00150.461,8.214295614813423,40.63492563,A192,_,00150,461
A192__00100.461,8.272942387512506,40.645522355,A192,_,00100,461
A192__00080.461,8.31896611158853,40.658032915,A192,_,00080,461
A192__00060.461,8.28838058685275,40.661810904999996,A192,_,00060,461
A192__00040.461,8.262947453904456,40.65440087,A192,_,00040,461
A192__0071.4610,8.318749035966107,40.558453075,A192,_,0071,4610
A192__0071.4611,8.318487622275374,40.5586797,A192,_,0071,4611
A192__0071.4612,8.318351733001396,40.5597464,A192,_,0071,4612
A192__0071.4613,8.318506843097794,40.559814265,A192,_,0071,4613
A192__0071.4614,8.318566963501588,40.55928678,A192,_,0071,4614
A192__0071.4615,8.319062230080645,40.55968625,A192,_,0071,4615
A192__0071.4616,8.31874950014836,40.558922675000005,A192,_,0071,4616
A192__0071.4618,8.319076173605426,40.55850674,A192,_,0071,4618
A192__0071.4619,8.319098770119718,40.55890658,A192,_,0071,4619
A192__00040.462,8.2616607410163,40.654217655,A192,_,00040,462
A192__00970.462,8.31199617228578,40.558297725,A192,_,00970,462
A192__00950.462,8.359535424452668,40.504421735,A192,_,00950,462
A192__00940.462,8.353152330769152,40.50781547,A192,_,00940,462
A192__00930.462,8.339187546024682,40.517290779999996,A192,_,00930,462
A192__00900.462,8.360500257735737,40.52779058,A192,_,00900,462
A192__00870.462,8.33433153837344,40.525800005,A192,_,00870,462
A192__00860.462,8.354721028423572,40.5408538,A192,_,00860,462
A192__00850.462,8.344896291753575,40.532758515,A192,_,00850,462
A192__00810.462,8.371431567951042,40.54535337,A192,_,00810,462
A192__00800.462,8.360233422866099,40.543066769999996,A192,_,00800,462
A192__00780.462,8.327492586529804,40.545052760000004,A192,_,00780,462
A192__00750.462,8.367615478823236,40.567081009999995,A192,_,00750,462
A192__00740.462,8.3598913311606,40.562367505,A192,_,00740,462
A192__00730.462,8.35411806419766,40.55200495,A192,_,00730,462
A192__0071.462,8.31748115658092,40.553416025000004,A192,_,0071,462
A192__00690.462,8.370137807641933,40.570646875,A192,_,00690,462
A192__00670.462,8.335717471104275,40.560617115,A192,_,00670,462
A192__00660.462,8.331861355988577,40.56481244,A192,_,00660,462
A192__00640.462,8.320005127461496,40.56786347,A192,_,00640,462
A192__00590.462,8.37425652230088,40.574592585,A192,_,00590,462
A192__00580.462,8.362041882011948,40.589709215,A192,_,00580,462
A192__00570.462,8.348754414093825,40.59010432,A192,_,00570,462
A192__00530.462,8.336753556138763,40.595694195,A192,_,00530,462
A192__00420.462,8.348502142895393,40.599671455000006,A192,_,00420,462
A192__00390.462,8.322826351284666,40.6085186,A192,_,00390,462
A192__00360.462,8.300979068783786,40.610766375,A192,_,00360,462
A192__00350.462,8.262462137108056,40.601816595,A192,_,00350,462
A192__00320.462,8.218615154479807,40.597642379999996,A192,_,00320,462
A192__00270.462,8.323416951633025,40.615920454999994,A192,_,00270,462
A192__00250.462,8.27553258008515,40.616232585000006,A192,_,00250,462
A192__00190.462,8.20866905725579,40.640484665,A192,_,00190,462
A192__00170.462,8.319162666214858,40.62502925,A192,_,00170,462
A192__00160.462,8.266800155943354,40.62577994,A192,_,00160,462
A192__00150.462,8.215076270493988,40.635366525,A192,_,00150,462
A192__00120.462,8.300567937391339,40.631267295,A192,_,00120,462
A192__00100.462,8.272744918007511,40.645056795,A192,_,00100,462
A192__00060.462,8.288853612858489,40.662040865,A192,_,00060,462
A192__0071.4621,8.319222241646099,40.558753915,A192,_,0071,4621
A192__0071.4622,8.31938347796314,40.55988901,A192,_,0071,4622
A192__0071.4623,8.319534197744856,40.559694425,A192,_,0071,4623
A192__0071.4624,8.319923687758108,40.55946557,A192,_,0071,4624
A192__0071.4625,8.320120163109745,40.559482625,A192,_,0071,4625
A192__0071.4626,8.320600643333522,40.55923047,A192,_,0071,4626
A192__0071.4627,8.3201646923678,40.560297585,A192,_,0071,4627
A192__0071.4628,8.320279301919754,40.56003975,A192,_,0071,4628
A192__0071.4629,8.320573133879723,40.560373715,A192,_,0071,4629
A192__00010.463,8.216263867700501,40.662055195,A192,_,00010,463
A192__00970.463,8.311902383036928,40.5583029,A192,_,00970,463
A192__00950.463,8.344930339446595,40.513746995000005,A192,_,00950,463
A192__00940.463,8.353927782097472,40.50789045,A192,_,00940,463
A192__00930.463,8.33903658741444,40.516900055,A192,_,00930,463
A192__00890.463,8.354260675696228,40.53268681,A192,_,00890,463
A192__00880.463,8.344216853206,40.525759105000006,A192,_,00880,463
A192__00870.463,8.339376500813326,40.52528313,A192,_,00870,463
A192__00850.463,8.344993332768027,40.53253282,A192,_,00850,463
A192__00810.463,8.371693062629003,40.545553585,A192,_,00810,463
A192__00800.463,8.352045947314416,40.547401105000006,A192,_,00800,463
A192__00730.463,8.354066037761854,40.55237501,A192,_,00730,463
A192__00720.463,8.33714791645632,40.55764524,A192,_,00720,463
A192__00690.463,8.35665591048001,40.573173775,A192,_,00690,463
A192__00680.463,8.356153790383697,40.565251235,A192,_,00680,463
A192__00670.463,8.342785842179257,40.56345256,A192,_,00670,463
A192__00660.463,8.338377341866954,40.568256614999996,A192,_,00660,463
A192__0064.463,8.322046542004582,40.562233035,A192,_,0064,463
A192__00630.463,8.338620747227917,40.569575709999995,A192,_,00630,463
A192__0061.463,8.315362303094613,40.57697238,A192,_,0061,463
A192__00590.463,8.389406861992041,40.57933099,A192,_,00590,463
A192__00580.463,8.361781610412587,40.58976469,A192,_,00580,463
A192__00570.463,8.352672285017746,40.585406085,A192,_,00570,463
A192__00540.463,8.344574341874361,40.593780375,A192,_,00540,463
A192__00530.463,8.336732632352472,40.595597165,A192,_,00530,463
A192__00480.463,8.229966526664274,40.59596603,A192,_,00480,463
A192__00420.463,8.34865432310768,40.599663475,A192,_,00420,463
A192__00410.463,8.334469596859176,40.600348479999994,A192,_,00410,463
A192__00400.463,8.328020588257601,40.597206465,A192,_,00400,463
A192__00390.463,8.319559547324975,40.608079335,A192,_,00390,463
A192__00350.463,8.26283875404544,40.601896025,A192,_,00350,463
A192__00280.463,8.353708925678042,40.61488815,A192,_,00280,463
A192__00270.463,8.323907767566578,40.61478458,A192,_,00270,463
A192__00170.463,8.319809178907825,40.6250117,A192,_,00170,463
A192__00150.463,8.216416828592177,40.635752464999996,A192,_,00150,463
A192__00100.463,8.272653691152765,40.645524955,A192,_,00100,463
A192__0071.4630,8.317165469434935,40.557931605,A192,_,0071,4630
A192__0071.4631,8.320541021891367,40.559768745,A192,_,0071,4631
A192__0071.4632,8.31676059577161,40.552766649999995,A192,_,0071,4632
A192__0071.4633,8.317074891718487,40.55286791,A192,_,0071,4633
A192__0071.4634,8.317499915619525,40.552726095,A192,_,0071,4634
A192__0071.4635,8.316411316148194,40.553699695,A192,_,0071,4635
A192__0071.4636,8.318068556744072,40.553014855,A192,_,0071,4636
A192__0071.4637,8.317780650124796,40.553039195,A192,_,0071,4637
A192__0071.4638,8.318187952205179,40.553288484999996,A192,_,0071,4638
A192__0071.4639,8.317703205134494,40.553194465000004,A192,_,0071,4639
A192__00010.464,8.215994658728436,40.66182549,A192,_,00010,464
A192__00970.464,8.31191667157865,40.558374605,A192,_,00970,464
A192__00950.464,8.350144946987013,40.50631629,A192,_,00950,464
A192__00940.464,8.355660766098,40.507658315,A192,_,00940,464
A192__00930.464,8.339040936336552,40.516669915,A192,_,00930,464
A192__00900.464,8.35534530323587,40.533071594999996,A192,_,00900,464
A192__00860.464,8.352562750530055,40.538699355,A192,_,00860,464
A192__00850.464,8.340456623672079,40.5329828,A192,_,00850,464
A192__00750.464,8.363492616840716,40.56186278,A192,_,00750,464
A192__00740.464,8.359272037245448,40.56145788,A192,_,00740,464
A192__00720.464,8.336832228890913,40.55774978,A192,_,00720,464
A192__00670.464,8.34270463163465,40.562910065,A192,_,00670,464
A192__00660.464,8.335569156923949,40.56541453,A192,_,00660,464
A192__00630.464,8.338714490629105,40.569687645,A192,_,00630,464
A192__0061.464,8.315846821225298,40.576851364999996,A192,_,0061,464
A192__00590.464,8.389374645954323,40.579678310000006,A192,_,00590,464
A192__00570.464,8.352002531191088,40.585576884999995,A192,_,00570,464
A192__00530.464,8.336484223469796,40.595475105000006,A192,_,00530,464
A192__0049.464,8.283018710503487,40.59213,A192,_,0049,464
A192__00480.464,8.231310831332799,40.595907525,A192,_,00480,464
A192__00450.464,8.165416918685406,40.593379865,A192,_,00450,464
A192__00420.464,8.343825249406319,40.60277181,A192,_,00420,464
A192__00410.464,8.334603718993648,40.60016052,A192,_,00410,464
A192__00400.464,8.327898335585719,40.597159239999996,A192,_,00400,464
A192__00390.464,8.31954440125582,40.607963905000005,A192,_,00390,464
A192__00360.464,8.300646917495268,40.612583735,A192,_,00360,464
A192__00350.464,8.263395896664694,40.602270885,A192,_,00350,464
A192__00320.464,8.21868331025472,40.59802521,A192,_,00320,464
A192__00280.464,8.365884315544061,40.61839198,A192,_,00280,464
A192__00270.464,8.323592726925117,40.614784135,A192,_,00270,464
A192__00190.464,8.208507863642346,40.6403849,A192,_,00190,464
A192__00170.464,8.31924332029179,40.634363515000004,A192,_,00170,464
A192__00160.464,8.265310433482025,40.629042139999996,A192,_,00160,464
A192__00150.464,8.216613457320069,40.634918569999996,A192,_,00150,464
A192__00100.464,8.272102318022611,40.645399925,A192,_,00100,464
A192__00060.464,8.306317762013755,40.654220885,A192,_,00060,464
A192__00040.464,8.2502710039231,40.656529485,A192,_,00040,464
A192__0071.4640,8.317599990803913,40.553892425,A192,_,0071,4640
A192__0071.4641,8.317539711862523,40.55371294,A192,_,0071,4641
A192__0071.4642,8.317222938112128,40.553721115,A192,_,0071,4642
A192__0071.4643,8.316368964290254,40.554885725,A192,_,0071,4643
A192__0071.4644,8.318570479120414,40.553525555,A192,_,0071,4644
A192__0071.4645,8.318653202286969,40.553640695,A192,_,0071,4645
A192__0071.4646,8.318465702407238,40.553647205000004,A192,_,0071,4646
A192__0071.4647,8.318713393380882,40.553754760000004,A192,_,0071,4647
A192__0071.4648,8.322375033222754,40.55906455,A192,_,0071,4648
A192__0071.4649,8.318353260921743,40.553846809999996,A192,_,0071,4649
A192__00010.465,8.216221929828293,40.6617306,A192,_,00010,465
A192__00950.465,8.350500511418199,40.50608934,A192,_,00950,465
A192__00900.465,8.355552368686201,40.53315055,A192,_,00900,465
A192__00890.465,8.348236967550143,40.53619451,A192,_,00890,465
A192__00870.465,8.338095860420147,40.528001615,A192,_,00870,465
A192__00860.465,8.354553835521129,40.53835488,A192,_,00860,465
A192__00850.465,8.340184179088459,40.532853329999995,A192,_,00850,465
A192__0077.465,8.329700848129622,40.55465075,A192,_,0077,465
A192__00750.465,8.38519165726601,40.561057835,A192,_,00750,465
A192__00740.465,8.358667691172904,40.55371205,A192,_,00740,465
A192__00730.465,8.350755173963886,40.55098083,A192,_,00730,465
A192__00720.465,8.336631966734643,40.55788609,A192,_,00720,465
A192__00690.465,8.356925475007268,40.57361066,A192,_,00690,465
A192__00680.465,8.355907329820331,40.565106854999996,A192,_,00680,465
A192__00660.465,8.332537633687323,40.565106075,A192,_,00660,465
A192__0064.465,8.320646048479357,40.56411181,A192,_,0064,465
A192__00630.465,8.338751846731427,40.569632490000004,A192,_,00630,465
A192__0061.465,8.314267110013887,40.57775947499999,A192,_,0061,465
A192__00590.465,8.373909656538487,40.57639584499999,A192,_,00590,465
A192__00580.465,8.369450583657365,40.580806285,A192,_,00580,465
A192__00570.465,8.352768844475321,40.587218234999995,A192,_,00570,465
A192__00540.465,8.34392657514214,40.59394794,A192,_,00540,465
A192__00530.465,8.336301209517165,40.59546845,A192,_,00530,465
A192__0049.465,8.27971149427546,40.59498851,A192,_,0049,465
A192__00480.465,8.230283220247944,40.59492582,A192,_,00480,465
A192__00420.465,8.344009839952268,40.60270611,A192,_,00420,465
A192__00390.465,8.320080901908645,40.60531887,A192,_,00390,465
A192__00360.465,8.301387614927107,40.60318484,A192,_,00360,465
A192__00350.465,8.263200528233089,40.60224185,A192,_,00350,465
A192__00280.465,8.366156192752808,40.61839198,A192,_,00280,465
A192__00260.465,8.29615048575663,40.624464700000004,A192,_,00260,465
A192__00210.465,8.353053255658143,40.61946932,A192,_,00210,465
A192__00190.465,8.211613076945753,40.640310060000004,A192,_,00190,465
A192__00160.465,8.269903773241484,40.62953273,A192,_,00160,465
A192__00150.465,8.217613046873517,40.63973995,A192,_,00150,465
A192__00100.465,8.272514771064944,40.645082215,A192,_,00100,465
A192__00080.465,8.319768525876034,40.65387384,A192,_,00080,465
A192__00060.465,8.306516465139701,40.65418103499999,A192,_,00060,465
A192__0071.4650,8.318789933878138,40.553888015,A192,_,0071,4650
A192__0071.4651,8.319135601568647,40.554165194999996,A192,_,0071,4651
A192__0071.4652,8.322268983656901,40.5592281,A192,_,0071,4652
A192__0071.4653,8.31887990202991,40.554278865,A192,_,0071,4653
A192__0071.4654,8.318596471230618,40.55487296,A192,_,0071,4654
A192__0071.4655,8.318730727351197,40.55493189,A192,_,0071,4655
A192__0071.4656,8.31872189036891,40.55474984,A192,_,0071,4656
A192__0071.4657,8.31675673101498,40.55660667,A192,_,0071,4657
A192__0071.4658,8.31747807045235,40.556401255,A192,_,0071,4658
A192__0071.4659,8.317202491777206,40.556757395,A192,_,0071,4659
A192__00010.466,8.215801062185225,40.66188321,A192,_,00010,466
A192__00950.466,8.347158182455876,40.51190273,A192,_,00950,466
A192__00940.466,8.355584421047993,40.518784265,A192,_,00940,466
A192__00930.466,8.335157884142742,40.520694899999995,A192,_,00930,466
A192__00900.466,8.355236940306572,40.532605155,A192,_,00900,466
A192__00890.466,8.352003091590854,40.527646565,A192,_,00890,466
A192__00870.466,8.337919344117228,40.52775838,A192,_,00870,466
A192__00850.466,8.341547612299841,40.531079070000004,A192,_,00850,466
A192__00780.466,8.338867493510026,40.540155105,A192,_,00780,466
A192__0077.466,8.32739898214373,40.551809045,A192,_,0077,466
A192__00750.466,8.381019542891304,40.56066707,A192,_,00750,466
A192__00740.466,8.358172913891666,40.553881465,A192,_,00740,466
A192__00730.466,8.350597408933417,40.55098083,A192,_,00730,466
A192__00720.466,8.336432122193788,40.55774094,A192,_,00720,466
A192__0071.466,8.319724980839501,40.555011385,A192,_,0071,466
A192__00690.466,8.356898560336678,40.57301094,A192,_,00690,466
A192__00680.466,8.355759790096826,40.56512376,A192,_,00680,466
A192__00660.466,8.336324190955274,40.56475395,A192,_,00660,466
A192__00630.466,8.338818997903575,40.569745595,A192,_,00630,466
A192__0061.466,8.314455415576647,40.577492035,A192,_,0061,466
A192__00590.466,8.374040484898442,40.57617015,A192,_,00590,466
A192__00570.466,8.352925923591986,40.58749326,A192,_,00570,466
A192__00560.466,8.323143054297347,40.58065909,A192,_,00560,466
A192__00540.466,8.344936520325296,40.593818604999996,A192,_,00540,466
A192__00520.466,8.330374224941927,40.5897616,A192,_,00520,466
A192__00480.466,8.225226336596137,40.585037915,A192,_,00480,466
A192__00420.466,8.34507969107824,40.603242574999996,A192,_,00420,466
A192__00410.466,8.334461179684194,40.604457635,A192,_,00410,466
A192__00400.466,8.330234530823576,40.60444237,A192,_,00400,466
A192__00380.466,8.311118974558303,40.593038765,A192,_,00380,466
A192__00360.466,8.301677831521474,40.603403965,A192,_,00360,466
A192__00350.466,8.263488623301512,40.601587945,A192,_,00350,466
A192__00320.466,8.218581227928759,40.597735979999996,A192,_,00320,466
A192__00280.466,8.367302195327301,40.62085464,A192,_,00280,466
A192__00270.466,8.35099906588629,40.60374105,A192,_,00270,466
A192__00260.466,8.293814590323006,40.623673575,A192,_,00260,466
A192__00250.466,8.275797205369653,40.61612468,A192,_,00250,466
A192__00210.466,8.350868061186276,40.61805961500001,A192,_,00210,466
A192__00190.466,8.211626031819137,40.6397681,A192,_,00190,466
A192__00170.466,8.316853140892144,40.626414010000005,A192,_,00170,466
A192__00150.466,8.218609119147924,40.639571790000005,A192,_,00150,466
A192__00120.466,8.312014788401171,40.646248455,A192,_,00120,466
A192__00100.466,8.272515864834425,40.6448946,A192,_,00100,466
A192__00080.466,8.326771134094507,40.65354635,A192,_,00080,466
A192__00040.466,8.245964376606103,40.65013884,A192,_,00040,466
A192__0071.4660,8.318459420149459,40.552955014999995,A192,_,0071,4660
A192__0071.4661,8.318608617598363,40.55286581,A192,_,0071,4661
A192__0071.4662,8.319069611124739,40.55288491,A192,_,0071,4662
A192__0071.4663,8.319118317582857,40.55190992,A192,_,0071,4663
A192__0071.4664,8.318388250823277,40.552458035,A192,_,0071,4664
A192__0071.4665,8.320106525011695,40.55234155,A192,_,0071,4665
A192__0071.4666,8.319783252808673,40.55223142,A192,_,0071,4666
A192__0071.4667,8.32064252093367,40.55202893,A192,_,0071,4667
A192__0071.4668,8.320211756669899,40.551830714999994,A192,_,0071,4668
A192__0071.4669,8.321513946327446,40.55117548,A192,_,0071,4669
A192__00010.467,8.216107948488691,40.662050050000005,A192,_,00010,467
A192__00970.467,8.311846144742564,40.558534045,A192,_,00970,467
A192__00950.467,8.34330826197207,40.51764545,A192,_,00950,467
A192__00940.467,8.355330860379368,40.51897209,A192,_,00940,467
A192__00900.467,8.355687549027971,40.532948884999996,A192,_,00900,467
A192__00890.467,8.352332289938854,40.527574005,A192,_,00890,467
A192__00870.467,8.337461496051413,40.527912185000005,A192,_,00870,467
A192__00860.467,8.354208420802,40.538368795,A192,_,00860,467
A192__00850.467,8.34132114470372,40.530862775,A192,_,00850,467
A192__00840.467,8.331963413884708,40.535597355,A192,_,00840,467
A192__00810.467,8.37054160479303,40.544244245,A192,_,00810,467
A192__00800.467,8.35648022521399,40.545234640000004,A192,_,00800,467
A192__00750.467,8.381231916346685,40.561448874999996,A192,_,00750,467
A192__00740.467,8.35763563654488,40.553361275,A192,_,00740,467
A192__00730.467,8.349348491929435,40.560693525,A192,_,00730,467
A192__00720.467,8.336607770088275,40.55791455,A192,_,00720,467
A192__00690.467,8.369153907222938,40.56841075,A192,_,00690,467
A192__00680.467,8.351602243264665,40.565084185,A192,_,00680,467
A192__00670.467,8.340273796093662,40.56832045,A192,_,00670,467
A192__00660.467,8.328845258277536,40.564709300000004,A192,_,00660,467
A192__00640.467,8.319980260005304,40.56709504,A192,_,00640,467
A192__00630.467,8.338858434518993,40.569713315,A192,_,00630,467
A192__00590.467,8.375446109034458,40.57612820999999,A192,_,00590,467
A192__00580.467,8.364064297183596,40.58640619,A192,_,00580,467
A192__00570.467,8.353043321873358,40.587345694999996,A192,_,00570,467
A192__00540.467,8.344486138166573,40.593946810000006,A192,_,00540,467
A192__00530.467,8.336526311284373,40.594726605,A192,_,00530,467
A192__00520.467,8.330274080528518,40.58933379,A192,_,00520,467
A192__00480.467,8.22644514226797,40.584122275,A192,_,00480,467
A192__00420.467,8.345297835055051,40.60350034,A192,_,00420,467
A192__00390.467,8.322706969994957,40.609112545,A192,_,00390,467
A192__00350.467,8.263686223925282,40.6014718,A192,_,00350,467
A192__00280.467,8.367502187754162,40.62102059,A192,_,00280,467
A192__00270.467,8.351813821552525,40.60390476,A192,_,00270,467
A192__00260.467,8.293817124855732,40.624222985,A192,_,00260,467
A192__00170.467,8.316912857652838,40.62546026,A192,_,00170,467
A192__00160.467,8.265191182834222,40.629042139999996,A192,_,00160,467
A192__00150.467,8.242566152975154,40.645314940000006,A192,_,00150,467
A192__00100.467,8.272010307276563,40.64490189,A192,_,00100,467
A192__00080.467,8.327498584536599,40.653931325,A192,_,00080,467
A192__00040.467,8.246265839469668,40.65016282,A192,_,00040,467
A192__0071.4670,8.321277331320161,40.55063598,A192,_,0071,4670
A192__0071.4671,8.319322075496355,40.551479815,A192,_,0071,4671
A192__0071.4672,8.319040854684534,40.551674750000004,A192,_,0071,4672
A192__0071.4673,8.319103679019385,40.551377795,A192,_,0071,4673
A192__0071.4674,8.3225268070326,40.55147395,A192,_,0071,4674
A192__0071.4675,8.322712189718306,40.55219543,A192,_,0071,4675
A192__0071.4676,8.323267988531763,40.552323380000004,A192,_,0071,4676
A192__0071.4678,8.323071334815353,40.552441079999994,A192,_,0071,4678
A192__0071.4679,8.322986143255243,40.552678435,A192,_,0071,4679
A192__00010.468,8.215903212232085,40.661912855,A192,_,00010,468
A192__00970.468,8.311817210345708,40.558597565,A192,_,00970,468
A192__00950.468,8.34442836705515,40.513913665000004,A192,_,00950,468
A192__00940.468,8.355285400105846,40.519069515,A192,_,00940,468
A192__00930.468,8.339978638275099,40.520653300000006,A192,_,00930,468
A192__00900.468,8.356583979490374,40.533515825,A192,_,00900,468
A192__00890.468,8.352477169190877,40.52772763,A192,_,00890,468
A192__00880.468,8.344522295962443,40.52278565,A192,_,00880,468
A192__00870.468,8.337640112044069,40.52794574,A192,_,00870,468
A192__00850.468,8.33986603299589,40.53574259,A192,_,00850,468
A192__00840.468,8.332364663964112,40.535560315,A192,_,00840,468
A192__00810.468,8.368029216173605,40.54716057,A192,_,00810,468
A192__00800.468,8.356689149167986,40.54520176,A192,_,00800,468
A192__00750.468,8.382224080897032,40.561054755,A192,_,00750,468
A192__00730.468,8.344424634279903,40.556556375,A192,_,00730,468
A192__00720.468,8.337947646376008,40.557562770000004,A192,_,00720,468
A192__00690.468,8.369506290243063,40.568315295000005,A192,_,00690,468
A192__00680.468,8.352834995460043,40.566611975,A192,_,00680,468
A192__00670.468,8.33860080316322,40.569152925,A192,_,00670,468
A192__00660.468,8.329440197634732,40.56497728,A192,_,00660,468
A192__00590.468,8.399263485000112,40.579090074999996,A192,_,00590,468
A192__00570.468,8.353167230347747,40.587345694999996,A192,_,00570,468
A192__00540.468,8.35176175857281,40.593380635,A192,_,00540,468
A192__00530.468,8.337259444699352,40.59456553,A192,_,00530,468
A192__00520.468,8.329928261587543,40.589281174999996,A192,_,00520,468
A192__00410.468,8.333694411870049,40.602900555000005,A192,_,00410,468
A192__00380.468,8.31284168731625,40.596545094999996,A192,_,00380,468
A192__00350.468,8.263712248682815,40.601722835000004,A192,_,00350,468
A192__00320.468,8.218566957284715,40.597654775,A192,_,00320,468
A192__00280.468,8.366853202403533,40.621324060000006,A192,_,00280,468
A192__00270.468,8.352033646032268,40.603961,A192,_,00270,468
A192__00250.468,8.275430692027832,40.61557519,A192,_,00250,468
A192__00170.468,8.311825878617071,40.638048925,A192,_,00170,468
A192__00150.468,8.243693793960997,40.64508243,A192,_,00150,468
A192__00120.468,8.303777579971165,40.65366387,A192,_,00120,468
A192__00100.468,8.272386762006324,40.645935925,A192,_,00100,468
A192__00040.468,8.246176028119216,40.649834475000006,A192,_,00040,468
A192__0071.4681,8.321750672277535,40.551836910000006,A192,_,0071,4681
A192__0071.4682,8.319129114703442,40.553566835,A192,_,0071,4682
A192__0071.4683,8.319376351531137,40.55385089,A192,_,0071,4683
A192__0071.4684,8.320506547268218,40.553414055000005,A192,_,0071,4684
A192__0071.4685,8.320746389014953,40.553323684999995,A192,_,0071,4685
A192__0071.4686,8.320494572680783,40.55326043,A192,_,0071,4686
A192__0071.4687,8.320944293033136,40.552975419999996,A192,_,0071,4687
A192__0071.4688,8.320763171029938,40.55315472,A192,_,0071,4688
A192__0071.4689,8.32022091455304,40.55306064,A192,_,0071,4689
A192__00010.469,8.21582588,40.662406875,A192,_,00010,469
A192__00970.469,8.311787157010466,40.558677149999994,A192,_,00970,469
A192__00940.469,8.357761912041475,40.50794216,A192,_,00940,469
A192__00930.469,8.337698846290436,40.520088959999995,A192,_,00930,469
A192__00900.469,8.355791875960147,40.533250535,A192,_,00900,469
A192__00870.469,8.337599442208365,40.528086529999996,A192,_,00870,469
A192__00860.469,8.354595532854361,40.53862988,A192,_,00860,469
A192__00850.469,8.339955677136917,40.535363450000006,A192,_,00850,469
A192__00840.469,8.331793063112748,40.538759855,A192,_,00840,469
A192__00810.469,8.366828596024014,40.55220084,A192,_,00810,469
A192__00800.469,8.3556936220758,40.54644240499999,A192,_,00800,469
A192__00780.469,8.329281139999022,40.54844065499999,A192,_,00780,469
A192__0077.469,8.328090113290266,40.55523132,A192,_,0077,469
A192__00750.469,8.38229180480839,40.561142905,A192,_,00750,469
A192__00740.469,8.354846609758315,40.559572045,A192,_,00740,469
A192__00730.469,8.344477388938635,40.556579209999995,A192,_,00730,469
A192__00720.469,8.337886945469892,40.557434325,A192,_,00720,469
A192__00690.469,8.368568674084301,40.567931560000005,A192,_,00690,469
A192__00680.469,8.355022542385203,40.569687265,A192,_,00680,469
A192__00670.469,8.338459949986083,40.568900635,A192,_,00670,469
A192__00660.469,8.329144471408023,40.564844289999996,A192,_,00660,469
A192__00590.469,8.399238945238515,40.578834535,A192,_,00590,469
A192__00570.469,8.3482890368281,40.589275655,A192,_,00570,469
A192__00540.469,8.351797769799987,40.593188330000004,A192,_,00540,469
A192__00530.469,8.336427325592625,40.594492505000005,A192,_,00530,469
A192__00520.469,8.329878134424979,40.589156515,A192,_,00520,469
A192__00490.469,8.254717528433213,40.591319495,A192,_,00490,469
A192__00480.469,8.226679034355769,40.591193775,A192,_,00480,469
A192__00410.469,8.333347731320192,40.60297611,A192,_,00410,469
A192__00380.469,8.312721618062604,40.596394149999995,A192,_,00380,469
A192__00360.469,8.302938619157814,40.60411336,A192,_,00360,469
A192__00350.469,8.263847527397148,40.601621705,A192,_,00350,469
A192__00280.469,8.361377947763891,40.617685965,A192,_,00280,469
A192__00260.469,8.29416538532313,40.624472775,A192,_,00260,469
A192__00210.469,8.352083101626036,40.618374285,A192,_,00210,469
A192__00170.469,8.31186717178965,40.638678905,A192,_,00170,469
A192__00150.469,8.213152825750138,40.638318195,A192,_,00150,469
A192__00120.469,8.297799404867117,40.630357005,A192,_,00120,469
A192__00040.469,8.246398685636652,40.649690559999996,A192,_,00040,469
A192__0071.4690,8.320116392644632,40.552944995000004,A192,_,0071,4690
A192__0071.4691,8.320294339121508,40.552826865,A192,_,0071,4691
A192__0071.4692,8.320056535436446,40.55273972,A192,_,0071,4692
A192__0071.4693,8.320406561405798,40.552570875,A192,_,0071,4693
A192__0071.4694,8.320696030181978,40.552957004999996,A192,_,0071,4694
A192__0071.4695,8.320920835206271,40.552265465,A192,_,0071,4695
A192__0071.4696,8.321137520229067,40.55251682,A192,_,0071,4696
A192__0071.4697,8.321961247322822,40.55265824,A192,_,0071,4697
A192__0071.4698,8.321688555060412,40.552498305,A192,_,0071,4698
A192__0071.4699,8.321852154548015,40.55238971,A192,_,0071,4699
A192__00010.47,8.218429976521858,40.665951085,A192,_,00010,47
A192__00970.47,8.313925649644204,40.559741835,A192,_,00970,47
A192__00960.47,8.364772979719,40.506545725,A192,_,00960,47
A192__00950.47,8.33935420998905,40.51016846500001,A192,_,00950,47
A192__00940.47,8.35542034506891,40.513646175000005,A192,_,00940,47
A192__00930.47,8.342727979133235,40.5191121,A192,_,00930,47
A192__00920.47,8.385811560404932,40.523633825,A192,_,00920,47
A192__00900.47,8.358249753892036,40.534565064999995,A192,_,00900,47
A192__00890.47,8.352483267938897,40.532724485,A192,_,00890,47
A192__00880.47,8.343014051789906,40.524604984999996,A192,_,00880,47
A192__00870.47,8.338940672997795,40.528389745,A192,_,00870,47
A192__00860.47,8.357052417544168,40.539807280000005,A192,_,00860,47
A192__00850.47,8.34351729241418,40.534978455,A192,_,00850,47
A192__00840.47,8.335814423221233,40.534802150000004,A192,_,00840,47
A192__00810.47,8.361684762639435,40.551148225000006,A192,_,00810,47
A192__00800.47,8.357571879493326,40.543020125,A192,_,00800,47
A192__00750.47,8.395840724350485,40.55108316,A192,_,00750,47
A192__00740.47,8.358340441256537,40.558206665,A192,_,00740,47
A192__00730.47,8.346410103319652,40.555021870000004,A192,_,00730,47
A192__00680.47,8.354108763289975,40.56574641,A192,_,00680,47
A192__0065.47,8.3162392628247,40.561052775,A192,_,0065,47
A192__00640.47,8.322259933537701,40.56765491,A192,_,00640,47
A192__00620.47,8.332025258364126,40.5765952,A192,_,00620,47
A192__00600.47,8.335447483813367,40.58432214,A192,_,00600,47
A192__00570.47,8.352902023930348,40.590166929999995,A192,_,00570,47
A192__00540.47,8.344816624106622,40.59274356,A192,_,00540,47
A192__00520.47,8.331112612245708,40.58868888000001,A192,_,00520,47
A192__00510.47,8.316271322115519,40.59187654,A192,_,00510,47
A192__00490.47,8.247758751007364,40.588526935000004,A192,_,00490,47
A192__00470.47,8.219824740122315,40.58995473,A192,_,00470,47
A192__00450.47,8.166545917752298,40.58639243499999,A192,_,00450,47
A192__00430.47,8.379101707100435,40.60305267,A192,_,00430,47
A192__00410.47,8.336068415827754,40.60386678,A192,_,00410,47
A192__00370.47,8.28834270159546,40.59377924,A192,_,00370,47
A192__00340.47,8.266239048735791,40.609406615,A192,_,00340,47
A192__00320.47,8.21935937169898,40.6033972,A192,_,00320,47
A192__00310.47,8.365625781573478,40.615381875,A192,_,00310,47
A192__00300.47,8.38145782871239,40.60880779,A192,_,00300,47
A192__00290.47,8.38457974637734,40.613844785,A192,_,00290,47
A192__00280.47,8.354389931444949,40.60552345,A192,_,00280,47
A192__00250.47,8.280066280002597,40.621471650000004,A192,_,00250,47
A192__00230.47,8.183544587435055,40.60293666,A192,_,00230,47
A192__00220.47,8.146703799542443,40.61016629,A192,_,00220,47
A192__00200.47,8.259443521482567,40.624337249999996,A192,_,00200,47
A192__00190.47,8.200499943143678,40.62676037999999,A192,_,00190,47
A192__00150.47,8.231442536001495,40.639585415,A192,_,00150,47
A192__00140.47,8.188722006217771,40.642486555000005,A192,_,00140,47
A192__00120.47,8.30824018641647,40.63800516,A192,_,00120,47
A192__00070.47,8.338033337782203,40.663076884999995,A192,_,00070,47
A192__00060.47,8.297588333761162,40.654475325,A192,_,00060,47
A192__00050.47,8.271208714138826,40.663208835000006,A192,_,00050,47
A192__00020.47,8.211463164397479,40.658026195,A192,_,00020,47
A192__00080.470,8.324905593964868,40.651617625,A192,_,00080,470
A192__00950.470,8.338580679344783,40.51609942,A192,_,00950,470
A192__00940.470,8.357939245883458,40.519536169999995,A192,_,00940,470
A192__00930.470,8.337424103715623,40.520065725,A192,_,00930,470
A192__00900.470,8.356690104053119,40.53330434,A192,_,00900,470
A192__00880.470,8.348324056539965,40.52407238,A192,_,00880,470
A192__00870.470,8.337697404681016,40.528701565000006,A192,_,00870,470
A192__00860.470,8.368985085712279,40.54129229,A192,_,00860,470
A192__00850.470,8.339399236546868,40.534644775000004,A192,_,00850,470
A192__00840.470,8.332313853901628,40.53866825,A192,_,00840,470
A192__00810.470,8.367636481657284,40.551774955,A192,_,00810,470
A192__00800.470,8.355697595429522,40.54653877,A192,_,00800,470
A192__00770.470,8.338342395392289,40.551633124999995,A192,_,00770,470
A192__00750.470,8.382254615705977,40.56128175,A192,_,00750,470
A192__00740.470,8.35533488219766,40.552045195,A192,_,00740,470
A192__00720.470,8.337346811121517,40.557334389999994,A192,_,00720,470
A192__00690.470,8.369138738746276,40.56771293,A192,_,00690,470
A192__00680.470,8.354883932268821,40.56963824,A192,_,00680,470
A192__00670.470,8.338594108221884,40.568515379999994,A192,_,00670,470
A192__00660.470,8.327302451118692,40.56345249,A192,_,00660,470
A192__00630.470,8.339845646039677,40.570313999999996,A192,_,00630,470
A192__00570.470,8.347853877558578,40.589407745,A192,_,00570,470
A192__00540.470,8.346555735417525,40.591596495000005,A192,_,00540,470
A192__00530.470,8.33708415569381,40.59419991,A192,_,00530,470
A192__00520.470,8.326569070710853,40.59012953,A192,_,00520,470
A192__00480.470,8.226448524796275,40.591025945,A192,_,00480,470
A192__00420.470,8.340926160783194,40.60343892,A192,_,00420,470
A192__00360.470,8.303228688156619,40.604139565,A192,_,00360,470
A192__00350.470,8.263785233012385,40.60150869,A192,_,00350,470
A192__00280.470,8.361489757428282,40.617892409999996,A192,_,00280,470
A192__00270.470,8.320976254515816,40.61625877,A192,_,00270,470
A192__00250.470,8.276280770615898,40.615798395,A192,_,00250,470
A192__00190.470,8.200242466668097,40.63521488,A192,_,00190,470
A192__00170.470,8.312845653906836,40.639749005,A192,_,00170,470
A192__00150.470,8.213950732588689,40.639983920000006,A192,_,00150,470
A192__00120.470,8.297422461351328,40.6301127,A192,_,00120,470
A192__00100.470,8.27286815336337,40.653919380000005,A192,_,00100,470
A192__0071.4700,8.322000975984096,40.552262825,A192,_,0071,4700
A192__0071.4702,8.320072028308747,40.553986515,A192,_,0071,4702
A192__0071.4703,8.320266588684452,40.553929909999994,A192,_,0071,4703
A192__0071.4704,8.32041917273233,40.553826165000004,A192,_,0071,4704
A192__0071.4705,8.319730673861663,40.554338435,A192,_,0071,4705
A192__0071.4706,8.32092320966268,40.553565989999996,A192,_,0071,4706
A192__0071.4707,8.321112487366394,40.553467065,A192,_,0071,4707
A192__0071.4708,8.3208689317079,40.55383029,A192,_,0071,4708
A192__0071.4709,8.321153002260733,40.554219745,A192,_,0071,4709
A192__00080.471,8.323941969834635,40.652557535,A192,_,00080,471
A192__00970.471,8.311764207724826,40.558748305,A192,_,00970,471
A192__00940.471,8.354906295206979,40.50613988,A192,_,00940,471
A192__00900.471,8.355887580027904,40.533038705,A192,_,00900,471
A192__00880.471,8.34811644021461,40.524250609999996,A192,_,00880,471
A192__00860.471,8.368617601960285,40.54126723,A192,_,00860,471
A192__00840.471,8.33154318704125,40.538631515000006,A192,_,00840,471
A192__00800.471,8.35327369694286,40.549281295,A192,_,00800,471
A192__00770.471,8.337664412587689,40.55196816,A192,_,00770,471
A192__00750.471,8.382342437772426,40.561396685,A192,_,00750,471
A192__00730.471,8.343916332653436,40.556685395,A192,_,00730,471
A192__00720.471,8.336007279522708,40.55821211,A192,_,00720,471
A192__00690.471,8.370049199830824,40.56726503,A192,_,00690,471
A192__00680.471,8.355092727247346,40.569560175,A192,_,00680,471
A192__00670.471,8.338678204659178,40.568079795,A192,_,00670,471
A192__00660.471,8.327184397917314,40.56340919,A192,_,00660,471
A192__00640.471,8.319819737591521,40.56689761,A192,_,00640,471
A192__00630.471,8.339902804776552,40.570283135,A192,_,00630,471
A192__00590.471,8.367689995729384,40.576727524999995,A192,_,00590,471
A192__00580.471,8.368727096238718,40.58073811,A192,_,00580,471
A192__00570.471,8.347977352680914,40.589485429999996,A192,_,00570,471
A192__00540.471,8.346571074035872,40.591457840000004,A192,_,00540,471
A192__00530.471,8.336326727784524,40.594237785000004,A192,_,00530,471
A192__00520.471,8.329916693994473,40.589576505,A192,_,00520,471
A192__00490.471,8.254815942721478,40.589796129999996,A192,_,00490,471
A192__00360.471,8.302408399517962,40.604211,A192,_,00360,471
A192__00350.471,8.26398267981793,40.601417964999996,A192,_,00350,471
A192__00320.471,8.217434280679072,40.595341305,A192,_,00320,471
A192__00260.471,8.307764641320226,40.617894485,A192,_,00260,471
A192__00250.471,8.27611217990712,40.61556332,A192,_,00250,471
A192__00170.471,8.31472596720161,40.639809115,A192,_,00170,471
A192__00150.471,8.228898102153988,40.643118290000004,A192,_,00150,471
A192__00120.471,8.297665668211135,40.629819069999996,A192,_,00120,471
A192__00100.471,8.273690152198773,40.652499844999994,A192,_,00100,471
A192__0071.4710,8.322941687424304,40.55314441,A192,_,0071,4710
A192__0071.4711,8.323358155377129,40.553088325,A192,_,0071,4711
A192__0071.4712,8.318945381080965,40.557623250000006,A192,_,0071,4712
A192__0071.4713,8.318895932953216,40.557771259999996,A192,_,0071,4713
A192__0071.4714,8.31959421349913,40.557663175,A192,_,0071,4714
A192__0071.4715,8.320465379594665,40.557696225,A192,_,0071,4715
A192__0071.4716,8.32067045705054,40.557186455,A192,_,0071,4716
A192__0071.4717,8.321471671030949,40.556710905,A192,_,0071,4717
A192__0071.4718,8.32154028914093,40.556886184999996,A192,_,0071,4718
A192__0071.4719,8.32160525755723,40.55696066,A192,_,0071,4719
A192__00080.472,8.320752837411327,40.652545814999996,A192,_,00080,472
A192__00970.472,8.311728902041287,40.558793715,A192,_,00970,472
A192__00940.472,8.354718312648657,40.506019710000004,A192,_,00940,472
A192__00930.472,8.334642043325704,40.521808985,A192,_,00930,472
A192__00900.472,8.357351249158842,40.53470376,A192,_,00900,472
A192__00880.472,8.348059336868115,40.524139955,A192,_,00880,472
A192__00870.472,8.337226487991494,40.528207715,A192,_,00870,472
A192__00860.472,8.353310934195093,40.538533065,A192,_,00860,472
A192__00850.472,8.33958578796462,40.53356816,A192,_,00850,472
A192__00840.472,8.332207737333935,40.538432875,A192,_,00840,472
A192__00810.472,8.368261895301611,40.55143885,A192,_,00810,472
A192__00800.472,8.354189806923596,40.551210325,A192,_,00800,472
A192__00780.472,8.329254098399844,40.54819791,A192,_,00780,472
A192__00750.472,8.382376492361203,40.561726365,A192,_,00750,472
A192__00740.472,8.360136051553159,40.551873279999995,A192,_,00740,472
A192__00730.472,8.34417883521365,40.55657567,A192,_,00730,472
A192__00720.472,8.336524903762786,40.55804587,A192,_,00720,472
A192__00690.472,8.368914071390275,40.56732961,A192,_,00690,472
A192__00660.472,8.326889813305485,40.563814045,A192,_,00660,472
A192__00630.472,8.341725234044244,40.57088531,A192,_,00630,472
A192__0061.472,8.315663653745212,40.57708364,A192,_,0061,472
A192__00590.472,8.367214065446596,40.57637202,A192,_,00590,472
A192__00580.472,8.369016424848647,40.580456084999994,A192,_,00580,472
A192__00570.472,8.348213901972406,40.589253925,A192,_,00570,472
A192__00550.472,8.32252410879785,40.589295055,A192,_,00550,472
A192__00540.472,8.349953574479226,40.59464501,A192,_,00540,472
A192__00520.472,8.330163086186992,40.5898379,A192,_,00520,472
A192__0049.472,8.286034957753408,40.595010335,A192,_,0049,472
A192__00410.472,8.332025995029252,40.601818985,A192,_,00410,472
A192__00380.472,8.314789782844173,40.59893435,A192,_,00380,472
A192__00360.472,8.302125061184714,40.604224009999996,A192,_,00360,472
A192__00350.472,8.263630190818827,40.60232913,A192,_,00350,472
A192__00250.472,8.276500623991758,40.61526748,A192,_,00250,472
A192__00170.472,8.3155078497176,40.638640225,A192,_,00170,472
A192__00150.472,8.22929394487732,40.642173805,A192,_,00150,472
A192__00120.472,8.297420575013806,40.62984083,A192,_,00120,472
A192__00100.472,8.269685556946303,40.642598375,A192,_,00100,472
A192__0071.4720,8.321582996627289,40.55708739,A192,_,0071,4720
A192__0071.4721,8.321599092109432,40.55714866,A192,_,0071,4721
A192__0071.4722,8.321632054480581,40.55727033,A192,_,0071,4722
A192__0071.4723,8.321960941608674,40.557445625,A192,_,0071,4723
A192__0071.4724,8.321652179333771,40.557349294999995,A192,_,0071,4724
A192__0071.4725,8.319883055863038,40.557117895000005,A192,_,0071,4725
A192__0071.4726,8.319689720359179,40.55720617,A192,_,0071,4726
A192__0071.4727,8.318988025434958,40.557036055,A192,_,0071,4727
A192__0071.4728,8.319142801821638,40.55745084,A192,_,0071,4728
A192__0071.4729,8.319479340936319,40.557328415,A192,_,0071,4729
A192__00030.473,8.239011656002226,40.655811674999995,A192,_,00030,473
A192__00970.473,8.311739055047317,40.55886888,A192,_,00970,473
A192__00950.473,8.343796562061367,40.514342675,A192,_,00950,473
A192__00940.473,8.355153300190302,40.50703929,A192,_,00940,473
A192__00930.473,8.33515345988959,40.52138074,A192,_,00930,473
A192__00900.473,8.357528595847944,40.53470376,A192,_,00900,473
A192__00890.473,8.351876641451543,40.530447030000005,A192,_,00890,473
A192__00860.473,8.353148135628647,40.5386335,A192,_,00860,473
A192__00850.473,8.342891841342286,40.535796835,A192,_,00850,473
A192__00840.473,8.331994020984808,40.53916667,A192,_,00840,473
A192__00810.473,8.369243146306726,40.55109826,A192,_,00810,473
A192__00800.473,8.358451639030456,40.543239525000004,A192,_,00800,473
A192__00750.473,8.368645932022698,40.55347741,A192,_,00750,473
A192__00740.473,8.361035309749724,40.551941985,A192,_,00740,473
A192__00730.473,8.344215465515564,40.55644,A192,_,00730,473
A192__00720.473,8.336826747657238,40.558162435,A192,_,00720,473
A192__00690.473,8.369545937811218,40.566784375,A192,_,00690,473
A192__00680.473,8.352850287873693,40.56840649,A192,_,00680,473
A192__00660.473,8.326797973478412,40.562840730000005,A192,_,00660,473
A192__00640.473,8.31921295503156,40.567368825,A192,_,00640,473
A192__00630.473,8.34171586922599,40.570848555,A192,_,00630,473
A192__00590.473,8.36700522638603,40.57627867,A192,_,00590,473
A192__00570.473,8.348159045725009,40.5893246,A192,_,00570,473
A192__00550.473,8.322508372432704,40.589214645,A192,_,00550,473
A192__00540.473,8.345609404893615,40.593849475,A192,_,00540,473
A192__00520.473,8.326937008567608,40.590924990000005,A192,_,00520,473
A192__00480.473,8.23220040705663,40.59287982,A192,_,00480,473
A192__00360.473,8.301836171571082,40.6041313,A192,_,00360,473
A192__00350.473,8.263796473364525,40.601735285000004,A192,_,00350,473
A192__00260.473,8.29602447503489,40.61948117,A192,_,00260,473
A192__00170.473,8.314666868068555,40.63856193,A192,_,00170,473
A192__00160.473,8.26223944636051,40.629074384999996,A192,_,00160,473
A192__00150.473,8.229986076221488,40.64271614,A192,_,00150,473
A192__00120.473,8.297408016533183,40.652366765,A192,_,00120,473
A192__00100.473,8.270325469272276,40.64428983,A192,_,00100,473
A192__00080.473,8.317777721362823,40.643003495,A192,_,00080,473
A192__00040.473,8.251871576870496,40.656450565,A192,_,00040,473
A192__0071.4730,8.320625412932852,40.555363334999996,A192,_,0071,4730
A192__0071.4731,8.320396118922837,40.555109650000006,A192,_,0071,4731
A192__0071.4732,8.320827787124614,40.55525534,A192,_,0071,4732
A192__0071.4733,8.321143207472575,40.55476281,A192,_,0071,4733
A192__0071.4734,8.321434647705512,40.555415105,A192,_,0071,4734
A192__0071.4735,8.321319480417756,40.55531856,A192,_,0071,4735
A192__0071.4736,8.320886559891893,40.555655785,A192,_,0071,4736
A192__0071.4737,8.321130030955347,40.555585295,A192,_,0071,4737
A192__0071.4738,8.321033369335893,40.555464275,A192,_,0071,4738
A192__0071.4739,8.322076822500001,40.55486487,A192,_,0071,4739
A192__00030.474,8.239144715063883,40.65606549,A192,_,00030,474
A192__00970.474,8.311852473433973,40.55895061,A192,_,00970,474
A192__00940.474,8.355566530661104,40.507250315,A192,_,00940,474
A192__00930.474,8.33546494303735,40.5214393,A192,_,00930,474
A192__00900.474,8.35774860724953,40.535000885,A192,_,00900,474
A192__00880.474,8.345668524909245,40.52756076,A192,_,00880,474
A192__00860.474,8.352825442852739,40.538726679999996,A192,_,00860,474
A192__00840.474,8.332470467094314,40.538994564999996,A192,_,00840,474
A192__00810.474,8.36640719324799,40.551678679999995,A192,_,00810,474
A192__00800.474,8.358754291985885,40.543037825,A192,_,00800,474
A192__00750.474,8.368649667835747,40.553829465,A192,_,00750,474
A192__00740.474,8.360735856637273,40.560326055000004,A192,_,00740,474
A192__00730.474,8.354630838443036,40.553165525,A192,_,00730,474
A192__00720.474,8.337077105640578,40.558268455000004,A192,_,00720,474
A192__00690.474,8.369603324967905,40.566553354999996,A192,_,00690,474
A192__00680.474,8.353360102316957,40.56837952,A192,_,00680,474
A192__00670.474,8.347210546706131,40.56728792,A192,_,00670,474
A192__0064.474,8.317943249323541,40.56482518,A192,_,0064,474
A192__00630.474,8.3437326002786,40.571501784999995,A192,_,00630,474
A192__0061.474,8.315676528259063,40.576737754999996,A192,_,0061,474
A192__00580.474,8.361213006184926,40.585698115,A192,_,00580,474
A192__00570.474,8.347649359957394,40.58927523,A192,_,00570,474
A192__00550.474,8.322614452707354,40.589234425,A192,_,00550,474
A192__00540.474,8.350523061782276,40.59417106,A192,_,00540,474
A192__00480.474,8.233021369261891,40.593180325,A192,_,00480,474
A192__00400.474,8.330115754284254,40.6058385,A192,_,00400,474
A192__00380.474,8.312275417402377,40.593886850000004,A192,_,00380,474
A192__00360.474,8.297437117596523,40.611334209999995,A192,_,00360,474
A192__00350.474,8.263929484168704,40.60167932,A192,_,00350,474
A192__00270.474,8.316666618311418,40.616275,A192,_,00270,474
A192__00250.474,8.276559912629214,40.61619668,A192,_,00250,474
A192__00190.474,8.200425166805555,40.635375505,A192,_,00190,474
A192__00170.474,8.31467249421253,40.639410385000005,A192,_,00170,474
A192__00150.474,8.230606105890633,40.642482175,A192,_,00150,474
A192__00120.474,8.29760555,40.633479405,A192,_,00120,474
A192__00100.474,8.271230728126133,40.643085005,A192,_,00100,474
A192__00080.474,8.317516117836414,40.642246560000004,A192,_,00080,474
A192__00040.474,8.264737152036478,40.649268895,A192,_,00040,474
A192__0071.4740,8.322384570781693,40.554928335,A192,_,0071,4740
A192__0071.4741,8.322270036076805,40.554778015,A192,_,0071,4741
A192__0071.4742,8.32289309827626,40.554689874999994,A192,_,0071,4742
A192__0071.4743,8.322730229141065,40.55474714,A192,_,0071,4743
A192__0071.4744,8.322893095576976,40.55445316,A192,_,0071,4744
A192__0071.4745,8.323071790791744,40.55457086,A192,_,0071,4745
A192__0071.4746,8.321099750315142,40.55589605,A192,_,0071,4746
A192__0071.4747,8.321259531142465,40.5558018,A192,_,0071,4747
A192__0071.4748,8.321399068835802,40.555754895,A192,_,0071,4748
A192__0071.4749,8.321296295266823,40.55605459,A192,_,0071,4749
A192__00030.475,8.239325268303048,40.655917955,A192,_,00030,475
A192__00970.475,8.311872674533898,40.559063045,A192,_,00970,475
A192__00950.475,8.343471779941709,40.514490159999994,A192,_,00950,475
A192__00940.475,8.357310478440674,40.509305760000004,A192,_,00940,475
A192__00890.475,8.346408588992269,40.530354970000005,A192,_,00890,475
A192__00880.475,8.34579375126242,40.527293935,A192,_,00880,475
A192__00840.475,8.336863061442337,40.534967295,A192,_,00840,475
A192__00800.475,8.348010711530186,40.548747605,A192,_,00800,475
A192__00740.475,8.36079634057636,40.56015568,A192,_,00740,475
A192__00730.475,8.35489742023601,40.55335376,A192,_,00730,475
A192__00720.475,8.336871841065847,40.558088165,A192,_,00720,475
A192__00690.475,8.36993167550266,40.566219149999995,A192,_,00690,475
A192__00680.475,8.350539777476605,40.56916702,A192,_,00680,475
A192__00670.475,8.341698031413113,40.562426785,A192,_,00670,475
A192__0064.475,8.322278094736724,40.563200975,A192,_,0064,475
A192__00630.475,8.343498834830555,40.571385879999994,A192,_,00630,475
A192__00610.475,8.317285168593095,40.582440059999996,A192,_,00610,475
A192__00590.475,8.366950875249518,40.57565852,A192,_,00590,475
A192__00580.475,8.361128030005137,40.58609904,A192,_,00580,475
A192__00570.475,8.349541689809715,40.586779594999996,A192,_,00570,475
A192__00540.475,8.350547634325412,40.59509994,A192,_,00540,475
A192__00520.475,8.332792127663653,40.59140637,A192,_,00520,475
A192__0049.475,8.285992833193497,40.595242945,A192,_,0049,475
A192__00480.475,8.23151404507754,40.59252956,A192,_,00480,475
A192__00400.475,8.32762106426711,40.60200915,A192,_,00400,475
A192__00360.475,8.298157166703065,40.611338415,A192,_,00360,475
A192__00350.475,8.26399890401673,40.601672699999995,A192,_,00350,475
A192__00260.475,8.296089990380592,40.62018037,A192,_,00260,475
A192__00250.475,8.27638487354537,40.614768389999995,A192,_,00250,475
A192__00210.475,8.354085793611404,40.626358615,A192,_,00210,475
A192__00170.475,8.313927456187015,40.63873795,A192,_,00170,475
A192__00150.475,8.21873318231496,40.63484141,A192,_,00150,475
A192__00120.475,8.297757469457878,40.633500285,A192,_,00120,475
A192__00100.475,8.265576096919418,40.655519705,A192,_,00100,475
A192__00080.475,8.319376727944896,40.64300518,A192,_,00080,475
A192__00040.475,8.265028343481841,40.648160135,A192,_,00040,475
A192__0071.4750,8.3239567129154,40.55710816,A192,_,0071,4750
A192__0071.4751,8.323738770444436,40.556988555000004,A192,_,0071,4751
A192__0071.4752,8.323496812030072,40.556843150000006,A192,_,0071,4752
A192__0071.4753,8.32338957614672,40.55673006,A192,_,0071,4753
A192__0071.4754,8.32328078305569,40.5566194,A192,_,0071,4754
A192__0071.4755,8.32318959499662,40.556524214999996,A192,_,0071,4755
A192__0071.4756,8.32331561872731,40.556447320000004,A192,_,0071,4756
A192__0071.4757,8.323398614255412,40.55653274,A192,_,0071,4757
A192__0071.4758,8.323458111782216,40.556595195,A192,_,0071,4758
A192__0071.4759,8.323517559857782,40.556654895,A192,_,0071,4759
A192__00120.476,8.297603160175473,40.633381025000006,A192,_,00120,476
A192__00970.476,8.311958450167442,40.55880367,A192,_,00970,476
A192__00950.476,8.345014639673607,40.51213093,A192,_,00950,476
A192__00940.476,8.354497138463248,40.507520205000006,A192,_,00940,476
A192__00930.476,8.335662435281854,40.51761863,A192,_,00930,476
A192__00900.476,8.36252001684884,40.52445462,A192,_,00900,476
A192__00890.476,8.352297270853844,40.53339167,A192,_,00890,476
A192__00880.476,8.346210366205625,40.527516755,A192,_,00880,476
A192__00840.476,8.336306243143582,40.534563875,A192,_,00840,476
A192__00810.476,8.367235684489994,40.55073644,A192,_,00810,476
A192__00800.476,8.349401857314902,40.548418870000006,A192,_,00800,476
A192__00750.476,8.366238357012897,40.55916546,A192,_,00750,476
A192__00720.476,8.337061903794392,40.557977295,A192,_,00720,476
A192__00690.476,8.358118835609492,40.570390535,A192,_,00690,476
A192__00680.476,8.350919198015383,40.56935886,A192,_,00680,476
A192__00670.476,8.341546967830165,40.562310335,A192,_,00670,476
A192__0064.476,8.320635541837557,40.56389755,A192,_,0064,476
A192__00630.476,8.34469271993639,40.571786814999996,A192,_,00630,476
A192__00590.476,8.366639121536036,40.57611392,A192,_,00590,476
A192__00580.476,8.361656344601936,40.586745135,A192,_,00580,476
A192__00570.476,8.339983967436265,40.587896920000006,A192,_,00570,476
A192__00550.476,8.322302865460783,40.589010630000004,A192,_,00550,476
A192__00530.476,8.336786778461695,40.593582999999995,A192,_,00530,476
A192__00520.476,8.332435681343544,40.59139472,A192,_,00520,476
A192__00480.476,8.232829090301799,40.592547795,A192,_,00480,476
A192__00400.476,8.32777260101236,40.602387840000006,A192,_,00400,476
A192__00350.476,8.264027530848423,40.601630854999996,A192,_,00350,476
A192__00280.476,8.357767514311224,40.61218567,A192,_,00280,476
A192__00270.476,8.322329236054312,40.616480995,A192,_,00270,476
A192__00260.476,8.295810023836315,40.620132135,A192,_,00260,476
A192__00250.476,8.276219863256856,40.616154045,A192,_,00250,476
A192__00210.476,8.353737413388306,40.626207155,A192,_,00210,476
A192__00170.476,8.315564363639439,40.637041115,A192,_,00170,476
A192__00160.476,8.266005581917632,40.62898952,A192,_,00160,476
A192__00150.476,8.218413417215872,40.634083305000004,A192,_,00150,476
A192__0071.4760,8.324469721630514,40.55703574,A192,_,0071,4760
A192__0071.4761,8.324373188748512,40.556945435,A192,_,0071,4761
A192__0071.4762,8.324243011095458,40.55701616,A192,_,0071,4762
A192__0071.4763,8.324173282153112,40.556956825,A192,_,0071,4763
A192__0071.4764,8.32431423655635,40.55688223,A192,_,0071,4764
A192__0071.4765,8.324079401666118,40.556866725000006,A192,_,0071,4765
A192__0071.4766,8.324246829795356,40.556815595,A192,_,0071,4766
A192__0071.4767,8.324175690240164,40.556745665,A192,_,0071,4767
A192__0071.4768,8.323978686376975,40.556762915,A192,_,0071,4768
A192__0071.4769,8.324100870267223,40.556679055000004,A192,_,0071,4769
A192__00010.477,8.211820774835106,40.663533725,A192,_,00010,477
A192__00970.477,8.312021881819724,40.558800965,A192,_,00970,477
A192__00940.477,8.359283199127493,40.51993541,A192,_,00940,477
A192__00930.477,8.33871235426002,40.52404618,A192,_,00930,477
A192__00900.477,8.361491362005143,40.524162419999996,A192,_,00900,477
A192__00890.477,8.35264384487764,40.53324169,A192,_,00890,477
A192__00880.477,8.347026687010867,40.526062505,A192,_,00880,477
A192__00860.477,8.368902432868017,40.544115735000005,A192,_,00860,477
A192__00840.477,8.329924333696212,40.534828575,A192,_,00840,477
A192__00800.477,8.347673243627995,40.54440359,A192,_,00800,477
A192__00730.477,8.349262611695806,40.555199375,A192,_,00730,477
A192__00720.477,8.337460653351112,40.55757219,A192,_,00720,477
A192__00690.477,8.357835148403563,40.57098025,A192,_,00690,477
A192__00680.477,8.351008604374842,40.569417155,A192,_,00680,477
A192__00670.477,8.341712267196357,40.562353265,A192,_,00670,477
A192__00660.477,8.32834133472172,40.56245929,A192,_,00660,477
A192__00630.477,8.344544566779373,40.57170103,A192,_,00630,477
A192__00590.477,8.400076030787957,40.57821582,A192,_,00590,477
A192__00580.477,8.36245238741191,40.58879407,A192,_,00580,477
A192__00550.477,8.322203057388332,40.58899035,A192,_,00550,477
A192__00520.477,8.331880579479034,40.58929884,A192,_,00520,477
A192__00410.477,8.335036660349875,40.60155062,A192,_,00410,477
A192__00400.477,8.32753537093753,40.60235086,A192,_,00400,477
A192__00380.477,8.313896985390928,40.595016869999995,A192,_,00380,477
A192__00350.477,8.264398708196559,40.601532515,A192,_,00350,477
A192__00320.477,8.209825750344969,40.592505065,A192,_,00320,477
A192__00270.477,8.317367086961712,40.61653093,A192,_,00270,477
A192__00260.477,8.289576521974757,40.619654175,A192,_,00260,477
A192__00250.477,8.27626494653034,40.61603383,A192,_,00250,477
A192__00160.477,8.265701642632132,40.629101175,A192,_,00160,477
A192__00150.477,8.228980327982377,40.638524075,A192,_,00150,477
A192__00120.477,8.297713301475035,40.633309085,A192,_,00120,477
A192__00100.477,8.276765918222498,40.659276039999995,A192,_,00100,477
A192__0071.4770,8.323880673859556,40.556661385,A192,_,0071,4770
A192__0071.4771,8.324022851758485,40.556592195,A192,_,0071,4771
A192__0071.4772,8.323932269567191,40.556502359999996,A192,_,0071,4772
A192__0071.4773,8.323796077315343,40.55654021,A192,_,0071,4773
A192__0071.4774,8.323693801209771,40.556471795,A192,_,0071,4774
A192__0071.4775,8.323830587911683,40.556393355,A192,_,0071,4775
A192__0071.4776,8.323711862777103,40.556269595,A192,_,0071,4776
A192__0071.4777,8.323626853623773,40.55640061,A192,_,0071,4777
A192__0071.4778,8.323549047976796,40.556320895,A192,_,0071,4778
A192__0071.4779,8.324750149390375,40.556925825,A192,_,0071,4779
A192__00010.478,8.211462142366369,40.662012715,A192,_,00010,478
A192__00970.478,8.312002272653153,40.55875402,A192,_,00970,478
A192__00950.478,8.359688382111266,40.503818495000004,A192,_,00950,478
A192__00940.478,8.357668184006343,40.510712960000006,A192,_,00940,478
A192__00930.478,8.33878345354682,40.523685145,A192,_,00930,478
A192__00900.478,8.361703591389855,40.52501107,A192,_,00900,478
A192__00890.478,8.3507779195966,40.528382855000004,A192,_,00890,478
A192__00860.478,8.368782836459772,40.544011245,A192,_,00860,478
A192__00840.478,8.330131912073448,40.53470372,A192,_,00840,478
A192__00810.478,8.368027302825148,40.55082349,A192,_,00810,478
A192__00750.478,8.367467440597043,40.554228455,A192,_,00750,478
A192__00730.478,8.345647242700831,40.554787535,A192,_,00730,478
A192__00720.478,8.336489133154135,40.55785196,A192,_,00720,478
A192__00690.478,8.356869509319246,40.571530304999996,A192,_,00690,478
A192__00680.478,8.348621103691713,40.56887082,A192,_,00680,478
A192__00670.478,8.337127690779923,40.560925010000005,A192,_,00670,478
A192__00650.478,8.313295431325535,40.56305098,A192,_,00650,478
A192__0064.478,8.322130449197058,40.56292681,A192,_,0064,478
A192__00590.478,8.399880446063092,40.578317639999995,A192,_,00590,478
A192__00580.478,8.362335204729371,40.588869625,A192,_,00580,478
A192__00570.478,8.349652825000001,40.58995165,A192,_,00570,478
A192__00550.478,8.322128032136934,40.588891849999996,A192,_,00550,478
A192__00530.478,8.336885051432157,40.593642445,A192,_,00530,478
A192__00520.478,8.322678164497383,40.59271599,A192,_,00520,478
A192__00480.478,8.224555660424784,40.59152308,A192,_,00480,478
A192__00400.478,8.32745347251571,40.60209309,A192,_,00400,478
A192__00380.478,8.314313373359811,40.59827919,A192,_,00380,478
A192__00360.478,8.312492441886576,40.61118136,A192,_,00360,478
A192__00350.478,8.264209288940695,40.601451605,A192,_,00350,478
A192__00320.478,8.206472031264385,40.593576995,A192,_,00320,478
A192__00270.478,8.314593667332737,40.615224194999996,A192,_,00270,478
A192__00260.478,8.289302797396974,40.61958167,A192,_,00260,478
A192__00250.478,8.276122905089892,40.616006635,A192,_,00250,478
A192__00170.478,8.318468999319613,40.63124102,A192,_,00170,478
A192__00160.478,8.26495422875069,40.629821145,A192,_,00160,478
A192__00150.478,8.227940832505535,40.638730085000006,A192,_,00150,478
A192__00120.478,8.297803994267582,40.633332710000005,A192,_,00120,478
A192__00100.478,8.27715198741171,40.659329514999996,A192,_,00100,478
A192__00030.478,8.226680286332954,40.65089487,A192,_,00030,478
A192__0071.4780,8.324544495589969,40.556643045,A192,_,0071,4780
A192__0071.4781,8.324559254536656,40.556513225,A192,_,0071,4781
A192__0071.4782,8.324823019302112,40.557010919999996,A192,_,0071,4782
A192__0071.4783,8.324427611063417,40.556615705,A192,_,0071,4783
A192__0071.4784,8.32446381459403,40.556411374999996,A192,_,0071,4784
A192__0071.4785,8.324378641138383,40.556322234999996,A192,_,0071,4785
A192__0071.4786,8.324250171574004,40.556423225,A192,_,0071,4786
A192__0071.4787,8.324186981986296,40.55634804,A192,_,0071,4787
A192__0071.4788,8.324299657011377,40.556236795000004,A192,_,0071,4788
A192__0071.4789,8.3242190133328,40.5561523,A192,_,0071,4789
A192__00030.479,8.232356285660433,40.65541209,A192,_,00030,479
A192__00970.479,8.312014938739598,40.558718569999996,A192,_,00970,479
A192__00950.479,8.3596754701008,40.503758340000005,A192,_,00950,479
A192__00940.479,8.35847817385118,40.510668065000004,A192,_,00940,479
A192__00930.479,8.344154452390441,40.519388085,A192,_,00930,479
A192__00900.479,8.36221099560382,40.525699325,A192,_,00900,479
A192__00890.479,8.350982483716816,40.52805014,A192,_,00890,479
A192__00880.479,8.34610564562405,40.522225815,A192,_,00880,479
A192__00850.479,8.343436545604648,40.53646466,A192,_,00850,479
A192__00840.479,8.328241811996069,40.536335875,A192,_,00840,479
A192__00750.479,8.367268454560703,40.554575285,A192,_,00750,479
A192__00730.479,8.345617158963945,40.554800705000005,A192,_,00730,479
A192__00690.479,8.357441344030832,40.571324680000004,A192,_,00690,479
A192__00680.479,8.350657002740213,40.569620255000004,A192,_,00680,479
A192__00670.479,8.342264885446426,40.5662459,A192,_,00670,479
A192__00640.479,8.320446549148464,40.567052445,A192,_,00640,479
A192__0061.479,8.317166268906911,40.57657454,A192,_,0061,479
A192__00590.479,8.37510886846475,40.579348710000005,A192,_,00590,479
A192__00580.479,8.354616525900425,40.58686787,A192,_,00580,479
A192__00550.479,8.322238029406073,40.588828905,A192,_,00550,479
A192__00520.479,8.322144581344883,40.593317865,A192,_,00520,479
A192__00480.479,8.220606787640195,40.589808645000005,A192,_,00480,479
A192__00380.479,8.310004779237861,40.60152349,A192,_,00380,479
A192__00360.479,8.312024994642627,40.6115158,A192,_,00360,479
A192__00350.479,8.264520529312025,40.601581429999996,A192,_,00350,479
A192__00320.479,8.206605599225329,40.593592645,A192,_,00320,479
A192__00280.479,8.355608666506697,40.613838215,A192,_,00280,479
A192__00270.479,8.317342746114207,40.613472285,A192,_,00270,479
A192__00250.479,8.27604394593481,40.61612468,A192,_,00250,479
A192__00170.479,8.317801734673678,40.63123648,A192,_,00170,479
A192__00160.479,8.263395392016864,40.62931428,A192,_,00160,479
A192__00150.479,8.230191014738667,40.644989455,A192,_,00150,479
A192__00120.479,8.297673435,40.63309084,A192,_,00120,479
A192__00100.479,8.264731429112114,40.6557624,A192,_,00100,479
A192__0071.4790,8.324124458031093,40.55628976,A192,_,0071,4790
A192__0071.4791,8.324055562703798,40.556217855,A192,_,0071,4791
A192__0071.4792,8.32400399973214,40.55615043,A192,_,0071,4792
A192__0071.4793,8.32434748923162,40.55652519,A192,_,0071,4793
A192__0071.4794,8.324122640404157,40.55605153,A192,_,0071,4794
A192__0071.4795,8.32441289589594,40.555927679999996,A192,_,0071,4795
A192__0071.4796,8.324566460326672,40.555835295,A192,_,0071,4796
A192__0071.4797,8.324753593132058,40.555758115,A192,_,0071,4797
A192__0071.4798,8.324832459925233,40.555893870000006,A192,_,0071,4798
A192__0071.4799,8.324578918329927,40.55602535,A192,_,0071,4799
A192__00020.48,8.21116036625692,40.66117217,A192,_,00020,48
A192__00970.48,8.31403039902687,40.559784594999996,A192,_,00970,48
A192__00960.48,8.365805829471478,40.506043805000004,A192,_,00960,48
A192__00940.48,8.354589667440123,40.513661244999994,A192,_,00940,48
A192__00930.48,8.343314834484282,40.518125185,A192,_,00930,48
A192__00920.48,8.386239068398517,40.52350842,A192,_,00920,48
A192__00900.48,8.359248001432917,40.534615224999996,A192,_,00900,48
A192__00890.48,8.352296658920174,40.53294219,A192,_,00890,48
A192__00860.48,8.357708593228443,40.53962697,A192,_,00860,48
A192__00850.48,8.3432445406896,40.534328165,A192,_,00850,48
A192__00810.48,8.360331954857015,40.551204755,A192,_,00810,48
A192__00750.48,8.39632835443556,40.550954345,A192,_,00750,48
A192__00730.48,8.346765120105957,40.554674625000004,A192,_,00730,48
A192__0071.48,8.320850229741229,40.56090404,A192,_,0071,48
A192__0061.48,8.320156466890001,40.574497065,A192,_,0061,48
A192__00550.48,8.320451815853385,40.585058125,A192,_,00550,48
A192__00540.48,8.345670019342801,40.592946495,A192,_,00540,48
A192__00520.48,8.330753569866566,40.588599025,A192,_,00520,48
A192__00490.48,8.250405755054222,40.591660245,A192,_,00490,48
A192__00470.48,8.22007453042163,40.589979565,A192,_,00470,48
A192__00460.48,8.159197659200423,40.567415745,A192,_,00460,48
A192__00450.48,8.165170605147363,40.585629595,A192,_,00450,48
A192__00430.48,8.37901388103256,40.60277732,A192,_,00430,48
A192__00410.48,8.336855301349521,40.604115705,A192,_,00410,48
A192__00400.48,8.330598979684765,40.598649025,A192,_,00400,48
A192__00370.48,8.291419621461369,40.594319325,A192,_,00370,48
A192__00360.48,8.311527679757067,40.60981271,A192,_,00360,48
A192__00340.48,8.268511942887113,40.605811265,A192,_,00340,48
A192__00320.48,8.219157089936068,40.598913624999994,A192,_,00320,48
A192__00280.48,8.35333845576558,40.604146655,A192,_,00280,48
A192__00250.48,8.27934896312234,40.621783859999994,A192,_,00250,48
A192__00240.48,8.209018501058129,40.621740724999995,A192,_,00240,48
A192__00230.48,8.190695824806191,40.60746503,A192,_,00230,48
A192__00220.48,8.147213252569415,40.609377285,A192,_,00220,48
A192__00200.48,8.259135562944333,40.62459732,A192,_,00200,48
A192__00190.48,8.200696554739583,40.62674826,A192,_,00190,48
A192__00140.48,8.18912083215135,40.652221475000005,A192,_,00140,48
A192__00120.48,8.30835568829902,40.638012185,A192,_,00120,48
A192__00080.48,8.328035282082457,40.65497765,A192,_,00080,48
A192__00070.48,8.33893013769726,40.662452564999995,A192,_,00070,48
A192__00010.480,8.21166823937794,40.66152987,A192,_,00010,480
A192__00970.480,8.311998399219124,40.55867331,A192,_,00970,480
A192__00950.480,8.344966694960117,40.513567855000005,A192,_,00950,480
A192__00940.480,8.360015737854813,40.517763885,A192,_,00940,480
A192__00930.480,8.344000278433985,40.51949769,A192,_,00930,480
A192__00900.480,8.363065365381729,40.525678909999996,A192,_,00900,480
A192__00890.480,8.348192498026066,40.5272128,A192,_,00890,480
A192__00880.480,8.350264940960887,40.52038651,A192,_,00880,480
A192__00860.480,8.355293452765007,40.53682612,A192,_,00860,480
A192__00850.480,8.343412961930184,40.53630594,A192,_,00850,480
A192__00840.480,8.328367313828025,40.536671825,A192,_,00840,480
A192__00810.480,8.368904791249191,40.550611035,A192,_,00810,480
A192__00800.480,8.34612348263267,40.54683509,A192,_,00800,480
A192__00750.480,8.375335045289646,40.549231035000005,A192,_,00750,480
A192__00740.480,8.35983490551752,40.559433935,A192,_,00740,480
A192__00730.480,8.345564112823958,40.554608110000004,A192,_,00730,480
A192__00690.480,8.359102412777196,40.570281265,A192,_,00690,480
A192__00680.480,8.351023304353063,40.56962222,A192,_,00680,480
A192__00640.480,8.320183941563485,40.56716903,A192,_,00640,480
A192__00630.480,8.33631021778835,40.568350710000004,A192,_,00630,480
A192__00590.480,8.375519494069753,40.57922035,A192,_,00590,480
A192__00550.480,8.321951423995323,40.588724615000004,A192,_,00550,480
A192__00530.480,8.336972733269564,40.59350166,A192,_,00530,480
A192__00520.480,8.324563175999913,40.594065705000006,A192,_,00520,480
A192__0049.480,8.283933893499754,40.595729184999996,A192,_,0049,480
A192__00480.480,8.220460840462465,40.589808645000005,A192,_,00480,480
A192__00400.480,8.328082264234483,40.607115934999996,A192,_,00400,480
A192__00380.480,8.310186297743865,40.6016243,A192,_,00380,480
A192__00360.480,8.296931299069612,40.60428394,A192,_,00360,480
A192__00350.480,8.264660397229038,40.601612,A192,_,00350,480
A192__00320.480,8.211612153308211,40.59295315,A192,_,00320,480
A192__00280.480,8.355853213904826,40.613756765000005,A192,_,00280,480
A192__00270.480,8.324179544302694,40.61370015,A192,_,00270,480
A192__00260.480,8.29573902516708,40.61701573,A192,_,00260,480
A192__00250.480,8.275689463321125,40.615707459999996,A192,_,00250,480
A192__00170.480,8.316350359007966,40.634365700000004,A192,_,00170,480
A192__00160.480,8.263392287734902,40.62911169,A192,_,00160,480
A192__00150.480,8.229929442911352,40.643375864999996,A192,_,00150,480
A192__00120.480,8.298077481171337,40.632987825,A192,_,00120,480
A192__00100.480,8.264737323464978,40.65735701,A192,_,00100,480
A192__0071.4800,8.324677714928239,40.556126805000005,A192,_,0071,4800
A192__0071.4801,8.324908952983128,40.556001980000005,A192,_,0071,4801
A192__0071.4802,8.325003614246434,40.556106944999996,A192,_,0071,4802
A192__0071.4803,8.324767523005978,40.5562325,A192,_,0071,4803
A192__0071.4804,8.324855429844401,40.556388755,A192,_,0071,4804
A192__0071.4805,8.325010499633148,40.55628702,A192,_,0071,4805
A192__0071.4806,8.32518102797555,40.556204315,A192,_,0071,4806
A192__0071.4808,8.325392353806045,40.556419925,A192,_,0071,4808
A192__0071.4809,8.325274220803319,40.55647046,A192,_,0071,4809
A192__00030.481,8.233072181357638,40.65457034,A192,_,00030,481
A192__00970.481,8.312065891134615,40.558677555,A192,_,00970,481
A192__00950.481,8.339148497930701,40.515477745,A192,_,00950,481
A192__00940.481,8.359846607744306,40.515148235,A192,_,00940,481
A192__00930.481,8.34390964077727,40.519577874999996,A192,_,00930,481
A192__00900.481,8.363146967555618,40.524535955000005,A192,_,00900,481
A192__00890.481,8.349025732023776,40.526806985,A192,_,00890,481
A192__00880.481,8.350605167183206,40.520793835,A192,_,00880,481
A192__00850.481,8.343141268461538,40.535843315,A192,_,00850,481
A192__00840.481,8.329170139968259,40.536005925,A192,_,00840,481
A192__00810.481,8.37341385649258,40.544994505,A192,_,00810,481
A192__00800.481,8.358701863501661,40.54351851,A192,_,00800,481
A192__00740.481,8.360152553432197,40.559514225,A192,_,00740,481
A192__00730.481,8.345582055064373,40.55470559,A192,_,00730,481
A192__00690.481,8.358704405771613,40.570985545,A192,_,00690,481
A192__00680.481,8.351355590572314,40.569770610000006,A192,_,00680,481
A192__00660.481,8.336009072883849,40.564231705,A192,_,00660,481
A192__00630.481,8.33640615760068,40.568317475,A192,_,00630,481
A192__00520.481,8.324817582523576,40.59407609,A192,_,00520,481
A192__0049.481,8.283986962107988,40.595729184999996,A192,_,0049,481
A192__00480.481,8.223883017671724,40.591034965,A192,_,00480,481
A192__00420.481,8.345524450137894,40.597400035,A192,_,00420,481
A192__00410.481,8.332700673804812,40.599070940000004,A192,_,00410,481
A192__00350.481,8.264044493298478,40.6016761,A192,_,00350,481
A192__00320.481,8.212086426315523,40.59298597,A192,_,00320,481
A192__00280.481,8.355867504797894,40.614141945,A192,_,00280,481
A192__00270.481,8.317912319598799,40.616186955,A192,_,00270,481
A192__00210.481,8.354076173365494,40.616587855,A192,_,00210,481
A192__00190.481,8.210747052315625,40.633950330000005,A192,_,00190,481
A192__00170.481,8.316666828671675,40.634366715,A192,_,00170,481
A192__00150.481,8.229601436788894,40.643285175,A192,_,00150,481
A192__00120.481,8.298167983133842,40.63263445,A192,_,00120,481
A192__00100.481,8.268667450892629,40.65376519,A192,_,00100,481
A192__00080.481,8.319324237406606,40.65491429,A192,_,00080,481
A192__00040.481,8.245725873094788,40.656040239999996,A192,_,00040,481
A192__0071.4810,8.32518225887289,40.556526719999994,A192,_,0071,4810
A192__0071.4811,8.325716612890119,40.556370115,A192,_,0071,4811
A192__0071.4812,8.325287322318589,40.556809915,A192,_,0071,4812
A192__0071.4813,8.32314662450982,40.556072805,A192,_,0071,4813
A192__0071.4814,8.325658139272797,40.55677575,A192,_,0071,4814
A192__0071.4815,8.325497849859222,40.556848575000004,A192,_,0071,4815
A192__0071.4816,8.325452460105595,40.556571215000005,A192,_,0071,4816
A192__0071.4817,8.32521505492447,40.556689035,A192,_,0071,4817
A192__0071.4818,8.325962652946103,40.556642835,A192,_,0071,4818
A192__0071.4819,8.325925453613849,40.55611344,A192,_,0071,4819
A192__00040.482,8.24640314879346,40.656202275,A192,_,00040,482
A192__00970.482,8.312055453118665,40.558603375,A192,_,00970,482
A192__00950.482,8.338973758733502,40.51544167,A192,_,00950,482
A192__00940.482,8.35288298685701,40.509741225,A192,_,00940,482
A192__00930.482,8.336885712823573,40.519251945,A192,_,00930,482
A192__00900.482,8.361277830993746,40.52587826,A192,_,00900,482
A192__00880.482,8.346049035893744,40.520339515,A192,_,00880,482
A192__00850.482,8.342982133423796,40.535688879999995,A192,_,00850,482
A192__00840.482,8.330140635408675,40.535743275,A192,_,00840,482
A192__00810.482,8.373164650570821,40.546052024999995,A192,_,00810,482
A192__00800.482,8.3586783766452,40.543412599999996,A192,_,00800,482
A192__00750.482,8.375947830798031,40.5499328,A192,_,00750,482
A192__00730.482,8.345475130408715,40.554334045000004,A192,_,00730,482
A192__00690.482,8.359621386977206,40.5704884,A192,_,00690,482
A192__00680.482,8.35129011897433,40.569882774999996,A192,_,00680,482
A192__00660.482,8.335828221164679,40.564166865000004,A192,_,00660,482
A192__00640.482,8.320204358314147,40.566900765,A192,_,00640,482
A192__00590.482,8.373305046023326,40.582038855,A192,_,00590,482
A192__00550.482,8.318511478157891,40.582767305000004,A192,_,00550,482
A192__00530.482,8.337033313489542,40.59353011,A192,_,00530,482
A192__00520.482,8.330170630995935,40.591598680000004,A192,_,00520,482
A192__00480.482,8.223815177134146,40.5909374,A192,_,00480,482
A192__00450.482,8.160103283986839,40.576689775,A192,_,00450,482
A192__00420.482,8.34595250192572,40.597279735,A192,_,00420,482
A192__00410.482,8.333732172230448,40.59890292,A192,_,00410,482
A192__00380.482,8.312653189534853,40.60089301,A192,_,00380,482
A192__00350.482,8.263931816668652,40.602396395,A192,_,00350,482
A192__00320.482,8.211748399651436,40.593039985000004,A192,_,00320,482
A192__00270.482,8.316936186197676,40.61617151,A192,_,00270,482
A192__00210.482,8.354605040107987,40.616720799999996,A192,_,00210,482
A192__00190.482,8.210148674126646,40.63403171,A192,_,00190,482
A192__00170.482,8.318464609890288,40.632238470000004,A192,_,00170,482
A192__00120.482,8.297452526668303,40.632850215000005,A192,_,00120,482
A192__00100.482,8.267833994656343,40.65430756,A192,_,00100,482
A192__00060.482,8.305964083361834,40.654994275,A192,_,00060,482
A192__0071.4820,8.32609175542727,40.556227390000004,A192,_,0071,4820
A192__0071.4821,8.326162514042537,40.556456895,A192,_,0071,4821
A192__0071.4822,8.325419133767156,40.556056764999994,A192,_,0071,4822
A192__0071.4823,8.325569567036819,40.555985305,A192,_,0071,4823
A192__0071.4824,8.325730690059459,40.555913610000005,A192,_,0071,4824
A192__0071.4825,8.325155272167624,40.555722665000005,A192,_,0071,4825
A192__0071.4826,8.325045033447365,40.555604169999995,A192,_,0071,4826
A192__0071.4827,8.325316905942419,40.55561771,A192,_,0071,4827
A192__0071.4828,8.325213934961411,40.555505415,A192,_,0071,4828
A192__0071.4829,8.325905265954189,40.555732465,A192,_,0071,4829
A192__00030.483,8.232117988234709,40.655414295,A192,_,00030,483
A192__00970.483,8.312261650781586,40.558617604999995,A192,_,00970,483
A192__00950.483,8.346559200026103,40.51191954,A192,_,00950,483
A192__00940.483,8.352735654306143,40.509698455000006,A192,_,00940,483
A192__00900.483,8.361189560016513,40.52497276,A192,_,00900,483
A192__00890.483,8.35505189868782,40.53040025,A192,_,00890,483
A192__00880.483,8.346528340775698,40.520044645,A192,_,00880,483
A192__00860.483,8.352156862785286,40.54072311,A192,_,00860,483
A192__00850.483,8.343782633302988,40.53196555,A192,_,00850,483
A192__00840.483,8.328933538089018,40.535624655,A192,_,00840,483
A192__00810.483,8.372593449031875,40.545911985000004,A192,_,00810,483
A192__00750.483,8.367962991725403,40.552222150000006,A192,_,00750,483
A192__00740.483,8.359926632486587,40.55917875,A192,_,00740,483
A192__00730.483,8.345092764747406,40.554704605,A192,_,00730,483
A192__00690.483,8.35890169222751,40.571039215,A192,_,00690,483
A192__00680.483,8.3514070674623,40.569901134999995,A192,_,00680,483
A192__00670.483,8.340543328196347,40.562327440000004,A192,_,00670,483
A192__00660.483,8.327685797946941,40.559215449999996,A192,_,00660,483
A192__00630.483,8.335999261756164,40.57300153,A192,_,00630,483
A192__0061.483,8.316832317156626,40.576612915,A192,_,0061,483
A192__00570.483,8.347303431109173,40.58376365,A192,_,00570,483
A192__00550.483,8.31924159221019,40.582643430000005,A192,_,00550,483
A192__00530.483,8.339341966013404,40.597756245,A192,_,00530,483
A192__0049.483,8.28435869534159,40.59570705,A192,_,0049,483
A192__00480.483,8.223682736749396,40.59049408,A192,_,00480,483
A192__00400.483,8.32377558411305,40.60348369,A192,_,00400,483
A192__00360.483,8.298379023369472,40.601867080000005,A192,_,00360,483
A192__00350.483,8.264291684707363,40.602430295000005,A192,_,00350,483
A192__00320.483,8.211807578072108,40.593058015,A192,_,00320,483
A192__00270.483,8.318169192661156,40.616231725,A192,_,00270,483
A192__00250.483,8.271889382255939,40.61017218,A192,_,00250,483
A192__00210.483,8.350161139781166,40.621422045,A192,_,00210,483
A192__00190.483,8.210414671201546,40.633962105,A192,_,00190,483
A192__00170.483,8.317793410471012,40.632175454999995,A192,_,00170,483
A192__00120.483,8.297425804530857,40.63278192,A192,_,00120,483
A192__00100.483,8.270282772947407,40.64134518,A192,_,00100,483
A192__00080.483,8.31936621240132,40.652854059999996,A192,_,00080,483
A192__00060.483,8.309125698610977,40.655831375,A192,_,00060,483
A192__00040.483,8.249432319769765,40.664715259999994,A192,_,00040,483
A192__0071.4830,8.325552716220338,40.555357075,A192,_,0071,4830
A192__0071.4831,8.325301546849625,40.55515458,A192,_,0071,4831
A192__0071.4832,8.325539435445517,40.555026960000006,A192,_,0071,4832
A192__0071.4833,8.325185015775777,40.555025979999996,A192,_,0071,4833
A192__0071.4834,8.325008855926576,40.554791085,A192,_,0071,4834
A192__0071.4835,8.325260326189893,40.554665,A192,_,0071,4835
A192__0071.4836,8.324895074475275,40.555179345,A192,_,0071,4836
A192__0071.4837,8.324725456463302,40.555264945000005,A192,_,0071,4837
A192__0071.4838,8.324635599401676,40.555162984999996,A192,_,0071,4838
A192__0071.4839,8.324803202633948,40.555079105000004,A192,_,0071,4839
A192__00030.484,8.23211651891129,40.655698455,A192,_,00030,484
A192__00970.484,8.312200125499999,40.55871269,A192,_,00970,484
A192__00940.484,8.360872308397546,40.510753045,A192,_,00940,484
A192__00930.484,8.339366046511362,40.521665229999996,A192,_,00930,484
A192__00890.484,8.35408604067933,40.533456205,A192,_,00890,484
A192__00880.484,8.348880235862548,40.52048247,A192,_,00880,484
A192__00860.484,8.352251759267109,40.54088161,A192,_,00860,484
A192__00850.484,8.343897364899316,40.53198108,A192,_,00850,484
A192__00840.484,8.329206875037599,40.535071585,A192,_,00840,484
A192__00810.484,8.372936847846368,40.545505835,A192,_,00810,484
A192__00750.484,8.369398692760871,40.551514615,A192,_,00750,484
A192__0071.484,8.325379720367334,40.560773635000004,A192,_,0071,484
A192__00690.484,8.358428434435965,40.57215434,A192,_,00690,484
A192__00680.484,8.351266409646009,40.569937765,A192,_,00680,484
A192__00670.484,8.340875012344263,40.562411075,A192,_,00670,484
A192__00640.484,8.321543682008866,40.56807509,A192,_,00640,484
A192__00630.484,8.334236787758291,40.571127759999996,A192,_,00630,484
A192__00560.484,8.328289325450191,40.58734013,A192,_,00560,484
A192__00550.484,8.318660494039221,40.582268215,A192,_,00550,484
A192__00530.484,8.339092922976066,40.597706895,A192,_,00530,484
A192__00520.484,8.33051716614672,40.588457829999996,A192,_,00520,484
A192__00480.484,8.229421994341008,40.58902019,A192,_,00480,484
A192__00450.484,8.164779667244051,40.585110625,A192,_,00450,484
A192__00410.484,8.33258953379661,40.598756589999994,A192,_,00410,484
A192__00400.484,8.324278261284537,40.60336907,A192,_,00400,484
A192__00380.484,8.312674415931905,40.601189774999995,A192,_,00380,484
A192__00360.484,8.297325456251302,40.603026465,A192,_,00360,484
A192__00350.484,8.263949604135293,40.601807835,A192,_,00350,484
A192__00280.484,8.361398781022796,40.619357140000005,A192,_,00280,484
A192__00270.484,8.323248949552575,40.614539734999994,A192,_,00270,484
A192__00250.484,8.271570097860934,40.61104406,A192,_,00250,484
A192__00210.484,8.349763600270627,40.621496535,A192,_,00210,484
A192__00170.484,8.317936653047779,40.633264775,A192,_,00170,484
A192__00100.484,8.271669554033767,40.642916165,A192,_,00100,484
A192__00060.484,8.307059415681614,40.654085175,A192,_,00060,484
A192__00040.484,8.249715459579681,40.66456637,A192,_,00040,484
A192__0071.4840,8.324603978771044,40.554997725,A192,_,0071,4840
A192__0071.4841,8.324557462848748,40.555529495,A192,_,0071,4841
A192__0071.4842,8.324385111533996,40.555632259999996,A192,_,0071,4842
A192__0071.4843,8.324212018963978,40.555714115,A192,_,0071,4843
A192__0071.4844,8.324136940632826,40.555569059999996,A192,_,0071,4844
A192__0071.4845,8.32439193083721,40.555440704999995,A192,_,0071,4845
A192__0071.4846,8.324009277332507,40.555471135000005,A192,_,0071,4846
A192__0071.4847,8.323938477208772,40.55585658,A192,_,0071,4847
A192__0071.4848,8.323820747965852,40.555939714999994,A192,_,0071,4848
A192__0071.4849,8.323741608184845,40.55588245,A192,_,0071,4849
A192__00030.485,8.235131697717307,40.650612699999996,A192,_,00030,485
A192__00970.485,8.312299492392913,40.558735365000004,A192,_,00970,485
A192__00950.485,8.34569817617708,40.511812559999996,A192,_,00950,485
A192__00940.485,8.3610766224232,40.51091504,A192,_,00940,485
A192__00930.485,8.339324613351202,40.52181143,A192,_,00930,485
A192__00890.485,8.350288482331266,40.526036364999996,A192,_,00890,485
A192__00880.485,8.34915509965817,40.52018512,A192,_,00880,485
A192__00860.485,8.366752998136246,40.544100175,A192,_,00860,485
A192__00800.485,8.358404282368095,40.542355220000005,A192,_,00800,485
A192__00750.485,8.369160907116147,40.551722819999995,A192,_,00750,485
A192__00740.485,8.359990126320744,40.559347904999996,A192,_,00740,485
A192__00730.485,8.351225428049105,40.56157451,A192,_,00730,485
A192__00690.485,8.357963443590656,40.571771600000005,A192,_,00690,485
A192__00680.485,8.351400501428266,40.569958220000004,A192,_,00680,485
A192__00640.485,8.320745538205099,40.56814332,A192,_,00640,485
A192__0061.485,8.31704263618316,40.57638032,A192,_,0061,485
A192__00580.485,8.363177582968039,40.58781551,A192,_,00580,485
A192__00570.485,8.347242574686442,40.583868394999996,A192,_,00570,485
A192__00560.485,8.328034690016437,40.58761879,A192,_,00560,485
A192__00550.485,8.319459991759324,40.582976365,A192,_,00550,485
A192__0049.485,8.2857180548857,40.59543655,A192,_,0049,485
A192__00480.485,8.229620878537869,40.588850245,A192,_,00480,485
A192__00450.485,8.1698768341965,40.58520622499999,A192,_,00450,485
A192__00420.485,8.345741039262567,40.59663829,A192,_,00420,485
A192__00410.485,8.333595471027877,40.59857987,A192,_,00410,485
A192__00400.485,8.328990087517475,40.603840235,A192,_,00400,485
A192__00380.485,8.312193817863566,40.601382685000004,A192,_,00380,485
A192__00360.485,8.297528462630346,40.60286722,A192,_,00360,485
A192__00350.485,8.264312088169188,40.60181469,A192,_,00350,485
A192__00320.485,8.20743792138418,40.592528654999995,A192,_,00320,485
A192__00280.485,8.361925081385317,40.619017715,A192,_,00280,485
A192__00270.485,8.323813086050187,40.614345099999994,A192,_,00270,485
A192__00210.485,8.35095289896172,40.620663844999996,A192,_,00210,485
A192__00190.485,8.201070534679975,40.635354235,A192,_,00190,485
A192__00170.485,8.317469716540419,40.633378225,A192,_,00170,485
A192__00150.485,8.229545199440349,40.643435635,A192,_,00150,485
A192__00080.485,8.319537236581983,40.655694804999996,A192,_,00080,485
A192__00060.485,8.287605834552219,40.669248859999996,A192,_,00060,485
A192__00040.485,8.249417490797903,40.664467965,A192,_,00040,485
A192__0071.4850,8.323845276865345,40.55575627,A192,_,0071,4850
A192__0071.4851,8.323666535927039,40.555801505000005,A192,_,0071,4851
A192__0071.4852,8.323774585300734,40.555681335,A192,_,0071,4852
A192__0071.4853,8.323592553376498,40.555721285,A192,_,0071,4853
A192__0071.4854,8.323633703932694,40.55552936,A192,_,0071,4854
A192__0071.4855,8.3235235984605,40.555648024999996,A192,_,0071,4855
A192__0071.4856,8.323448301424696,40.555567355,A192,_,0071,4856
A192__0071.4857,8.323520959168242,40.556069955,A192,_,0071,4857
A192__0071.4858,8.323370301502095,40.556142075,A192,_,0071,4858
A192__0071.4859,8.323186567655856,40.556174165,A192,_,0071,4859
A192__00030.486,8.234852827624467,40.65058919,A192,_,00030,486
A192__00970.486,8.312380066650398,40.55875608,A192,_,00970,486
A192__00940.486,8.354054951777698,40.50709681,A192,_,00940,486
A192__00900.486,8.357844184010961,40.533840135,A192,_,00900,486
A192__00860.486,8.366446101973374,40.54408774,A192,_,00860,486
A192__00810.486,8.370048015521482,40.545234765000004,A192,_,00810,486
A192__00740.486,8.359144412075233,40.5621451,A192,_,00740,486
A192__00730.486,8.349647403309518,40.561882845,A192,_,00730,486
A192__00690.486,8.357334043663334,40.571896625,A192,_,00690,486
A192__00680.486,8.351349006437415,40.56988824,A192,_,00680,486
A192__00670.486,8.34441221938123,40.561956484999996,A192,_,00670,486
A192__00660.486,8.334464794713908,40.5609818,A192,_,00660,486
A192__00630.486,8.334430443037183,40.571145685000005,A192,_,00630,486
A192__00580.486,8.363217505000001,40.587569814999995,A192,_,00580,486
A192__00570.486,8.339079595116992,40.59010649,A192,_,00570,486
A192__00560.486,8.327834302573438,40.587287895,A192,_,00560,486
A192__00550.486,8.320285096372722,40.584255549999995,A192,_,00550,486
A192__00530.486,8.33884143228202,40.597648085,A192,_,00530,486
A192__00450.486,8.160062048503843,40.576537965,A192,_,00450,486
A192__00410.486,8.33152821645336,40.598494585,A192,_,00410,486
A192__00360.486,8.297619242881328,40.602860295,A192,_,00360,486
A192__00350.486,8.264288320502644,40.60169181,A192,_,00350,486
A192__00320.486,8.207929406988148,40.593457715,A192,_,00320,486
A192__00280.486,8.36186241491995,40.618033249999996,A192,_,00280,486
A192__00210.486,8.350582538481625,40.621284939999995,A192,_,00210,486
A192__00190.486,8.200918778183873,40.635056205,A192,_,00190,486
A192__00170.486,8.316932567788001,40.633618005,A192,_,00170,486
A192__00150.486,8.22603834758472,40.643264224999996,A192,_,00150,486
A192__00120.486,8.298047133508888,40.626511365,A192,_,00120,486
A192__00080.486,8.319532033113395,40.65545581,A192,_,00080,486
A192__00060.486,8.288314425798513,40.670490175,A192,_,00060,486
A192__00040.486,8.2497015287158,40.664662555,A192,_,00040,486
A192__0071.4860,8.323062893528403,40.555983655,A192,_,0071,4860
A192__0071.4861,8.323286866478117,40.55587163,A192,_,0071,4861
A192__0071.4862,8.323210303777234,40.555737695,A192,_,0071,4862
A192__0071.4863,8.32325118801269,40.55624592,A192,_,0071,4863
A192__0071.4864,8.323053354345323,40.555807565,A192,_,0071,4864
A192__0071.4865,8.32294177073502,40.55593283,A192,_,0071,4865
A192__0071.4866,8.32288203813436,40.555855265,A192,_,0071,4866
A192__0071.4867,8.323235520921571,40.55718492,A192,_,0071,4867
A192__0071.4868,8.323033556707994,40.55717745,A192,_,0071,4868
A192__0071.4869,8.322831120552632,40.556880125,A192,_,0071,4869
A192__00030.487,8.234979081778224,40.65044384,A192,_,00030,487
A192__00970.487,8.31245303263331,40.55875608,A192,_,00970,487
A192__00940.487,8.354680181060422,40.518309355,A192,_,00940,487
A192__00880.487,8.345047840184979,40.527483785,A192,_,00880,487
A192__00860.487,8.366398066296789,40.544409505000004,A192,_,00860,487
A192__00810.487,8.369873259918585,40.545073845000005,A192,_,00810,487
A192__00800.487,8.356756803337708,40.543481584999995,A192,_,00800,487
A192__00750.487,8.370695931279077,40.553263720000004,A192,_,00750,487
A192__00740.487,8.359364381497887,40.562188425,A192,_,00740,487
A192__00730.487,8.349280485461612,40.561831565,A192,_,00730,487
A192__00690.487,8.35765362714237,40.571528380000004,A192,_,00690,487
A192__00680.487,8.35133463582455,40.56994872,A192,_,00680,487
A192__00670.487,8.344351988561675,40.562018820000006,A192,_,00670,487
A192__0064.487,8.319317550970913,40.564858459999996,A192,_,0064,487
A192__00570.487,8.33891611514851,40.589843040000005,A192,_,00570,487
A192__00550.487,8.320162084097106,40.584023599999995,A192,_,00550,487
A192__00480.487,8.222287378949177,40.587439665000005,A192,_,00480,487
A192__00400.487,8.329181532481053,40.603840235,A192,_,00400,487
A192__00380.487,8.312835870003546,40.601074415,A192,_,00380,487
A192__00360.487,8.297869642308012,40.60290657,A192,_,00360,487
A192__00350.487,8.264460442835407,40.601731295,A192,_,00350,487
A192__00280.487,8.361874376313875,40.618385090000004,A192,_,00280,487
A192__00270.487,8.327066933729133,40.61363934,A192,_,00270,487
A192__00210.487,8.35119597755437,40.62189578,A192,_,00210,487
A192__00190.487,8.20087665385294,40.63508194,A192,_,00190,487
A192__00170.487,8.316358395428317,40.633788249999995,A192,_,00170,487
A192__00150.487,8.225801714817592,40.64369431,A192,_,00150,487
A192__00060.487,8.289545470628644,40.67132074,A192,_,00060,487
A192__00040.487,8.24981599964622,40.6646427,A192,_,00040,487
A192__0071.4870,8.32329834485553,40.557003435,A192,_,0071,4870
A192__0071.4871,8.323162012099978,40.556989265,A192,_,0071,4871
A192__0071.4872,8.323013524319393,40.55678916,A192,_,0071,4872
A192__0071.4873,8.32255609889127,40.55730129,A192,_,0071,4873
A192__0071.4874,8.322194729001858,40.557093345,A192,_,0071,4874
A192__0071.4875,8.322404145884079,40.55703964,A192,_,0071,4875
A192__0071.4876,8.322528945023185,40.556973479999996,A192,_,0071,4876
A192__0071.4877,8.32266098666043,40.5569152,A192,_,0071,4877
A192__0071.4878,8.322860467288677,40.556274869999996,A192,_,0071,4878
A192__0071.4879,8.322768196902992,40.556215055,A192,_,0071,4879
A192__00030.488,8.241104432720311,40.66326569,A192,_,00030,488
A192__00970.488,8.312508230908751,40.55872858,A192,_,00970,488
A192__00940.488,8.354773510111237,40.518440615,A192,_,00940,488
A192__00930.488,8.340774742354721,40.518571484999995,A192,_,00930,488
A192__00900.488,8.369907789412842,40.528604325,A192,_,00900,488
A192__00880.488,8.343802297603833,40.524833994999995,A192,_,00880,488
A192__00860.488,8.366493063862851,40.54453253,A192,_,00860,488
A192__00810.488,8.369915879762338,40.54482495,A192,_,00810,488
A192__00750.488,8.370698113220962,40.552994585,A192,_,00750,488
A192__00740.488,8.357926886017566,40.55338632,A192,_,00740,488
A192__00690.488,8.365479031662069,40.569282515,A192,_,00690,488
A192__00680.488,8.351358948111738,40.569820695000004,A192,_,00680,488
A192__00670.488,8.342586759157555,40.56275969,A192,_,00670,488
A192__00660.488,8.33788521210109,40.566085185,A192,_,00660,488
A192__00640.488,8.319780571007513,40.566814980000004,A192,_,00640,488
A192__0061.488,8.321756110569801,40.572214945,A192,_,0061,488
A192__00580.488,8.357309202091177,40.57929609,A192,_,00580,488
A192__00570.488,8.348214691889869,40.58853205,A192,_,00570,488
A192__00560.488,8.328193311929958,40.588101645,A192,_,00560,488
A192__00550.488,8.320200572350426,40.584120195,A192,_,00550,488
A192__00450.488,8.166283711084484,40.586558365,A192,_,00450,488
A192__00380.488,8.313868910511545,40.59990527,A192,_,00380,488
A192__00360.488,8.297803587379786,40.603006345,A192,_,00360,488
A192__00350.488,8.263999353327435,40.60170922499999,A192,_,00350,488
A192__00280.488,8.357561412317875,40.614274515000005,A192,_,00280,488
A192__00270.488,8.326778029702222,40.613806615,A192,_,00270,488
A192__00260.488,8.29658808111173,40.622102145,A192,_,00260,488
A192__00190.488,8.210327624632942,40.638829154999996,A192,_,00190,488
A192__00170.488,8.31698622294983,40.634361765,A192,_,00170,488
A192__00120.488,8.297514589271486,40.633167545,A192,_,00120,488
A192__00080.488,8.321363495299291,40.653538275,A192,_,00080,488
A192__00060.488,8.2892561396237,40.669332045000004,A192,_,00060,488
A192__0071.4880,8.322720041958945,40.556091795,A192,_,0071,4880
A192__0071.4881,8.322677579903615,40.555979175000004,A192,_,0071,4881
A192__0071.4882,8.322590536335284,40.556045534999996,A192,_,0071,4882
A192__0071.4883,8.322537283532027,40.556486405,A192,_,0071,4883
A192__0071.4884,8.322387649637566,40.556164995,A192,_,0071,4884
A192__0071.4885,8.322120151397712,40.556276085,A192,_,0071,4885
A192__0071.4886,8.321926091159055,40.55636731,A192,_,0071,4886
A192__0071.4887,8.322183768621642,40.556418035,A192,_,0071,4887
A192__0071.4888,8.321692479279807,40.556522490000006,A192,_,0071,4888
A192__0071.4889,8.321783878430438,40.556638175,A192,_,0071,4889
A192__00060.489,8.289900720287914,40.669674055,A192,_,00060,489
A192__00950.489,8.354617595000004,40.51525389,A192,_,00950,489
A192__00940.489,8.35652688314859,40.5153877,A192,_,00940,489
A192__00900.489,8.369474660834326,40.528362779999995,A192,_,00900,489
A192__00880.489,8.343846535609591,40.524696905,A192,_,00880,489
A192__00860.489,8.352867999734308,40.54136316,A192,_,00860,489
A192__00850.489,8.338809821563192,40.538970719999995,A192,_,00850,489
A192__00800.489,8.360195386179935,40.54316924,A192,_,00800,489
A192__00780.489,8.327941126857208,40.548974885,A192,_,00780,489
A192__00750.489,8.36493624370664,40.55494516,A192,_,00750,489
A192__00680.489,8.35144305788245,40.569787375000004,A192,_,00680,489
A192__00660.489,8.337754265776368,40.56639074,A192,_,00660,489
A192__00640.489,8.319752036676682,40.56649452,A192,_,00640,489
A192__00590.489,8.37584278450426,40.57839302,A192,_,00590,489
A192__00580.489,8.357002258384066,40.57940745,A192,_,00580,489
A192__00570.489,8.354977944938849,40.588434035,A192,_,00570,489
A192__00550.489,8.320059727357492,40.584116370000004,A192,_,00550,489
A192__00530.489,8.336518045,40.593658675,A192,_,00530,489
A192__00520.489,8.330310718267366,40.59209109,A192,_,00520,489
A192__00410.489,8.331553238015275,40.598659785,A192,_,00410,489
A192__00400.489,8.329430231523478,40.607033955000006,A192,_,00400,489
A192__00380.489,8.31404811076968,40.60000219,A192,_,00380,489
A192__00360.489,8.297625555072395,40.60315013,A192,_,00360,489
A192__00350.489,8.273122215030307,40.596979215000005,A192,_,00350,489
A192__00280.489,8.35737627101527,40.614049460000004,A192,_,00280,489
A192__00270.489,8.327843812131416,40.617481595,A192,_,00270,489
A192__00210.489,8.35143386580613,40.62131289,A192,_,00210,489
A192__00190.489,8.211068356979457,40.64023192,A192,_,00190,489
A192__00170.489,8.317465005189149,40.63436248,A192,_,00170,489
A192__00160.489,8.266068781981193,40.62833961,A192,_,00160,489
A192__00120.489,8.309689108487602,40.641151844999996,A192,_,00120,489
A192__00080.489,8.321529651310822,40.653617695,A192,_,00080,489
A192__0071.4890,8.321877506657557,40.55671039,A192,_,0071,4890
A192__0071.4891,8.3219170754352,40.5568555,A192,_,0071,4891
A192__0071.4892,8.321653414217954,40.55567956,A192,_,0071,4892
A192__0071.4893,8.321760323696147,40.555788705,A192,_,0071,4893
A192__0071.4894,8.321831850034236,40.5558597,A192,_,0071,4894
A192__0071.4895,8.322062408628256,40.555932975000005,A192,_,0071,4895
A192__0071.4896,8.322259986998187,40.55590618,A192,_,0071,4896
A192__0071.4897,8.322171441129669,40.555807285,A192,_,0071,4897
A192__0071.4898,8.322039276773292,40.555725445,A192,_,0071,4898
A192__0071.4899,8.321967154191023,40.555521545000005,A192,_,0071,4899
A192__00050.49,8.272464692811631,40.663170629999996,A192,_,00050,49
A192__00970.49,8.313025155721707,40.559001845,A192,_,00970,49
A192__00960.49,8.364887275178614,40.50631928,A192,_,00960,49
A192__00950.49,8.339679838278027,40.509691695,A192,_,00950,49
A192__00940.49,8.35514354188251,40.513562414999996,A192,_,00940,49
A192__00920.49,8.391738869169215,40.519609134999996,A192,_,00920,49
A192__00890.49,8.351561324221542,40.533611435,A192,_,00890,49
A192__00880.49,8.343394037721392,40.524551689999996,A192,_,00880,49
A192__00870.49,8.337714875235376,40.527045994999995,A192,_,00870,49
A192__00810.49,8.360511355829047,40.550780485000004,A192,_,00810,49
A192__00800.49,8.359179441044368,40.542522524999995,A192,_,00800,49
A192__00750.49,8.397037672199076,40.551217300000005,A192,_,00750,49
A192__00740.49,8.356421280280497,40.558258695,A192,_,00740,49
A192__00730.49,8.34469640275233,40.555741569999995,A192,_,00730,49
A192__0071.49,8.321256169774543,40.561099935,A192,_,0071,49
A192__00690.49,8.360256186576315,40.57045933,A192,_,00690,49
A192__00680.49,8.358143746743755,40.56747813,A192,_,00680,49
A192__0065.49,8.31574933763915,40.56045956,A192,_,0065,49
A192__00630.49,8.336018936922574,40.57101849,A192,_,00630,49
A192__00620.49,8.32636513355921,40.572609785,A192,_,00620,49
A192__0061.49,8.321250319174835,40.573874755000006,A192,_,0061,49
A192__00580.49,8.36921644634727,40.583712745,A192,_,00580,49
A192__00570.49,8.352542020613363,40.58945164,A192,_,00570,49
A192__00550.49,8.320085240885003,40.586386954999995,A192,_,00550,49
A192__00520.49,8.331717597942855,40.589214375,A192,_,00520,49
A192__00510.49,8.314054275642812,40.590918380000005,A192,_,00510,49
A192__00490.49,8.251064969943837,40.591957405,A192,_,00490,49
A192__00450.49,8.165045934893906,40.584848665,A192,_,00450,49
A192__00430.49,8.37843547986266,40.602781289999996,A192,_,00430,49
A192__00410.49,8.336567848413319,40.604329965000005,A192,_,00410,49
A192__00400.49,8.329711949346429,40.599196915,A192,_,00400,49
A192__00370.49,8.288122196208835,40.594602089999995,A192,_,00370,49
A192__00350.49,8.277998134219434,40.60434368,A192,_,00350,49
A192__00340.49,8.268353225787155,40.606038895,A192,_,00340,49
A192__00320.49,8.219286551653667,40.599154084999995,A192,_,00320,49
A192__00290.49,8.384044971063435,40.61316858,A192,_,00290,49
A192__00280.49,8.357811472947702,40.601199075,A192,_,00280,49
A192__00250.49,8.267114196685812,40.623849135,A192,_,00250,49
A192__00240.49,8.20791335292014,40.624332620000004,A192,_,00240,49
A192__00230.49,8.185895165440801,40.606088545,A192,_,00230,49
A192__00220.49,8.14700585572831,40.60866647,A192,_,00220,49
A192__00160.49,8.264596272812437,40.624741244999996,A192,_,00160,49
A192__00150.49,8.231438769811078,40.63792477,A192,_,00150,49
A192__00140.49,8.18937575007507,40.650885705,A192,_,00140,49
A192__00110.49,8.282940771791193,40.64762191,A192,_,00110,49
A192__00090.49,8.215572157618967,40.644441025,A192,_,00090,49
A192__00060.49,8.290570006510688,40.65149654,A192,_,00060,49
A192__00040.490,8.250768948538889,40.656574539999994,A192,_,00040,490
A192__00940.490,8.359114385496845,40.509171425,A192,_,00940,490
A192__00930.490,8.338998628714286,40.51936722,A192,_,00930,490
A192__00900.490,8.361320977012799,40.528780389999994,A192,_,00900,490
A192__00880.490,8.343658789056178,40.52445721,A192,_,00880,490
A192__00860.490,8.353261424818504,40.541472275000004,A192,_,00860,490
A192__00850.490,8.343503773617552,40.531714375,A192,_,00850,490
A192__00810.490,8.367019069725014,40.54999526,A192,_,00810,490
A192__00780.490,8.326839512144254,40.544665075,A192,_,00780,490
A192__00750.490,8.36928021027445,40.558109255,A192,_,00750,490
A192__00740.490,8.357583994363264,40.55358656,A192,_,00740,490
A192__00730.490,8.343924611017357,40.551924305,A192,_,00730,490
A192__00680.490,8.351472565007272,40.569910109999995,A192,_,00680,490
A192__00670.490,8.341989571858651,40.564490065,A192,_,00670,490
A192__00660.490,8.337660652434694,40.566348675,A192,_,00660,490
A192__00640.490,8.320264746257319,40.566740445,A192,_,00640,490
A192__0061.490,8.321676898698252,40.572009285,A192,_,0061,490
A192__00600.490,8.346717508454887,40.574013644999994,A192,_,00600,490
A192__00590.490,8.375868518696322,40.57805585,A192,_,00590,490
A192__00560.490,8.327062237531347,40.587779055,A192,_,00560,490
A192__00550.490,8.320113407184651,40.584068134999995,A192,_,00550,490
A192__00530.490,8.336765350602384,40.593514565,A192,_,00530,490
A192__00520.490,8.326308347772363,40.590336390000004,A192,_,00520,490
A192__00450.490,8.168491811057613,40.5853493,A192,_,00450,490
A192__00410.490,8.332509853566009,40.598522735,A192,_,00410,490
A192__00400.490,8.329338041176456,40.606685645,A192,_,00400,490
A192__00360.490,8.297431112449775,40.603218345,A192,_,00360,490
A192__00350.490,8.273557054620657,40.59411575,A192,_,00350,490
A192__00280.490,8.357286592121948,40.613817795,A192,_,00280,490
A192__00270.490,8.32796157637354,40.61612605,A192,_,00270,490
A192__00260.490,8.292984777585612,40.617008119999994,A192,_,00260,490
A192__00170.490,8.317936499257856,40.63436293,A192,_,00170,490
A192__00120.490,8.30947163029359,40.641240280000005,A192,_,00120,490
A192__00080.490,8.323544226090345,40.664094035000005,A192,_,00080,490
A192__00060.490,8.290385609763657,40.669574055,A192,_,00060,490
A192__0071.4900,8.322195109265973,40.555411899999996,A192,_,0071,4900
A192__0071.4901,8.322546038770318,40.555790635,A192,_,0071,4901
A192__0071.4903,8.32279770293814,40.55532481,A192,_,0071,4903
A192__0071.4904,8.32296459572283,40.555506105,A192,_,0071,4904
A192__0071.4905,8.323309543438503,40.554756885,A192,_,0071,4905
A192__0071.4906,8.323506568689634,40.55496366,A192,_,0071,4906
A192__0071.4907,8.323694471329283,40.55516299,A192,_,0071,4907
A192__0071.4908,8.323493562193814,40.555276855,A192,_,0071,4908
A192__0071.4909,8.323300241105361,40.555372595,A192,_,0071,4909
A192__00040.491,8.247086398887747,40.65906415,A192,_,00040,491
A192__00970.491,8.312589020320637,40.558698155,A192,_,00970,491
A192__00940.491,8.359105996253387,40.509102455000004,A192,_,00940,491
A192__00930.491,8.339065500048413,40.519482615,A192,_,00930,491
A192__00900.491,8.361383108504825,40.528487104999996,A192,_,00900,491
A192__00880.491,8.343928880505503,40.52445721,A192,_,00880,491
A192__00850.491,8.343726949903958,40.53178522,A192,_,00850,491
A192__00840.491,8.33462840447306,40.53719073,A192,_,00840,491
A192__00810.491,8.366319829153518,40.55033526,A192,_,00810,491
A192__00780.491,8.323330651612226,40.54679641,A192,_,00780,491
A192__00750.491,8.370211827932383,40.55535471,A192,_,00750,491
A192__00730.491,8.343681773923986,40.55174995,A192,_,00730,491
A192__00680.491,8.351477044588183,40.569969349999994,A192,_,00680,491
A192__00660.491,8.328518956132136,40.558913364999995,A192,_,00660,491
A192__00630.491,8.33457092136008,40.571177475,A192,_,00630,491
A192__0061.491,8.321789766686226,40.571964089999994,A192,_,0061,491
A192__00580.491,8.364375101377007,40.58727459,A192,_,00580,491
A192__00530.491,8.337011842556947,40.593650315000005,A192,_,00530,491
A192__00520.491,8.328822191420596,40.595210269999995,A192,_,00520,491
A192__00450.491,8.168714349873866,40.585247345,A192,_,00450,491
A192__00420.491,8.34519165344078,40.600944895,A192,_,00420,491
A192__00410.491,8.333635034324091,40.59829752,A192,_,00410,491
A192__00400.491,8.32866206846019,40.60388699,A192,_,00400,491
A192__00380.491,8.309011891363765,40.60122221,A192,_,00380,491
A192__00360.491,8.286480710188076,40.606635345,A192,_,00360,491
A192__00350.491,8.262985818652789,40.594681265000006,A192,_,00350,491
A192__00270.491,8.327877713403193,40.615905655000006,A192,_,00270,491
A192__00170.491,8.322026906240211,40.630370940000006,A192,_,00170,491
A192__00160.491,8.262539621539318,40.640843595,A192,_,00160,491
A192__00120.491,8.309619541626045,40.641381065000004,A192,_,00120,491
A192__00060.491,8.290436282574435,40.668796,A192,_,00060,491
A192__0071.4910,8.323115681038184,40.554842504999996,A192,_,0071,4910
A192__0071.4911,8.323242709616892,40.554993355,A192,_,0071,4911
A192__0071.4912,8.322919573567617,40.554957599999994,A192,_,0071,4912
A192__0071.4913,8.32407129339129,40.554341735,A192,_,0071,4913
A192__0071.4914,8.324053070328345,40.55457518,A192,_,0071,4914
A192__0071.4915,8.324320826037635,40.554712495000004,A192,_,0071,4915
A192__0071.4916,8.323360121601805,40.554291705,A192,_,0071,4916
A192__0071.4917,8.32167191726321,40.554799265,A192,_,0071,4917
A192__0071.4918,8.32193191706812,40.55463164,A192,_,0071,4918
A192__0071.4919,8.321671948507007,40.552710090000005,A192,_,0071,4919
A192__00010.492,8.209392466477329,40.668006885,A192,_,00010,492
A192__00970.492,8.312170208788604,40.558460085,A192,_,00970,492
A192__00950.492,8.355464998433257,40.515621445,A192,_,00950,492
A192__00940.492,8.358436367836019,40.50929855,A192,_,00940,492
A192__00930.492,8.339144671130303,40.51947449,A192,_,00930,492
A192__00900.492,8.368926139846497,40.53101997,A192,_,00900,492
A192__00810.492,8.366630991022978,40.550300105,A192,_,00810,492
A192__00780.492,8.323506420001536,40.54670987,A192,_,00780,492
A192__00730.492,8.343631445308116,40.55133581,A192,_,00730,492
A192__00680.492,8.351528601424437,40.569753835,A192,_,00680,492
A192__00660.492,8.336207447365638,40.566744385,A192,_,00660,492
A192__00640.492,8.319649753104912,40.566565389999994,A192,_,00640,492
A192__0061.492,8.321885863686976,40.57195694,A192,_,0061,492
A192__00590.492,8.376941524080111,40.578145085,A192,_,00590,492
A192__00580.492,8.364252992261989,40.587218835,A192,_,00580,492
A192__00530.492,8.336897820991306,40.59350068,A192,_,00530,492
A192__00520.492,8.328729655128104,40.59549047,A192,_,00520,492
A192__0049.492,8.284899973006166,40.595777455000004,A192,_,0049,492
A192__00450.492,8.168908359251592,40.587660145,A192,_,00450,492
A192__00380.492,8.309495572412168,40.60108267,A192,_,00380,492
A192__00360.492,8.286212730647051,40.60660435,A192,_,00360,492
A192__00350.492,8.26346909659813,40.59242127,A192,_,00350,492
A192__00270.492,8.32738438550738,40.62321661,A192,_,00270,492
A192__00210.492,8.351571637561376,40.620504894999996,A192,_,00210,492
A192__00170.492,8.322730738116144,40.630950965,A192,_,00170,492
A192__00160.492,8.271197004997719,40.63189224,A192,_,00160,492
A192__00120.492,8.311201902780907,40.640310830000004,A192,_,00120,492
A192__00060.492,8.29095775893057,40.66872968,A192,_,00060,492
A192__00040.492,8.246059036119277,40.656932874999995,A192,_,00040,492
A192__0071.4920,8.322181910243533,40.554402285,A192,_,0071,4920
A192__0071.4921,8.325219880675078,40.56035911,A192,_,0071,4921
A192__0071.4922,8.324122014351031,40.56087359,A192,_,0071,4922
A192__0071.4923,8.319693062240855,40.554181334999996,A192,_,0071,4923
A192__0071.4924,8.325853442736726,40.557865695000004,A192,_,0071,4924
A192__0071.4925,8.316873378519013,40.55551307,A192,_,0071,4925
A192__0071.4926,8.321563711775164,40.555343575,A192,_,0071,4926
A192__0071.4927,8.31897723218335,40.559057605,A192,_,0071,4927
A192__0071.4928,8.317476790037233,40.556757395,A192,_,0071,4928
A192__0071.4929,8.325818771171344,40.560109624999996,A192,_,0071,4929
A192__00010.493,8.213556244374077,40.660484675,A192,_,00010,493
A192__00950.493,8.36007664640808,40.504232155,A192,_,00950,493
A192__00940.493,8.358456755282187,40.509121515000004,A192,_,00940,493
A192__00900.493,8.367950345023228,40.53101997,A192,_,00900,493
A192__00880.493,8.345544453895364,40.521343145,A192,_,00880,493
A192__00810.493,8.368222796866108,40.55127236,A192,_,00810,493
A192__00800.493,8.346831436270229,40.548617835,A192,_,00800,493
A192__00780.493,8.337325363056515,40.544052565,A192,_,00780,493
A192__00680.493,8.351677754418613,40.569888000000006,A192,_,00680,493
A192__00660.493,8.336288371742992,40.56668603,A192,_,00660,493
A192__00640.493,8.31968566020231,40.566506704999995,A192,_,00640,493
A192__00580.493,8.36468361654012,40.588758175,A192,_,00580,493
A192__00550.493,8.320154340594158,40.584126585,A192,_,00550,493
A192__00520.493,8.329311639578279,40.58847746,A192,_,00520,493
A192__00450.493,8.15334699995178,40.59111129,A192,_,00450,493
A192__00400.493,8.328605647560764,40.603095635,A192,_,00400,493
A192__00380.493,8.310273508413573,40.60064357,A192,_,00380,493
A192__00350.493,8.26455064511431,40.59515203,A192,_,00350,493
A192__00280.493,8.358295974523777,40.616162450000004,A192,_,00280,493
A192__00270.493,8.328117201599266,40.62311756,A192,_,00270,493
A192__00260.493,8.289735217268564,40.620021125,A192,_,00260,493
A192__00170.493,8.323105078059585,40.630702575,A192,_,00170,493
A192__00160.493,8.270703337473062,40.63207865,A192,_,00160,493
A192__00120.493,8.311161732566422,40.640744635000004,A192,_,00120,493
A192__00060.493,8.288592773609109,40.667959735,A192,_,00060,493
A192__00030.493,8.240615766240701,40.663209045,A192,_,00030,493
A192__0071.4930,8.32507742693386,40.560283865,A192,_,0071,4930
A192__0071.4931,8.32060969910049,40.56056653,A192,_,0071,4931
A192__0071.4932,8.320151148670968,40.558298295,A192,_,0071,4932
A192__0071.4933,8.317754281658482,40.559517995,A192,_,0071,4933
A192__0071.4934,8.318091686649119,40.55922452,A192,_,0071,4934
A192__0071.4935,8.324445709566945,40.55998951,A192,_,0071,4935
A192__0071.4936,8.321639852970629,40.557847725,A192,_,0071,4936
A192__0071.4937,8.321569655582664,40.55794114,A192,_,0071,4937
A192__0071.4938,8.32499292152347,40.56132294,A192,_,0071,4938
A192__0071.4939,8.325166857082191,40.56129303,A192,_,0071,4939
A192__00010.494,8.213132273243387,40.661143255,A192,_,00010,494
A192__00950.494,8.34562932904571,40.51257349,A192,_,00950,494
A192__00940.494,8.3584760768549,40.50896586,A192,_,00940,494
A192__00880.494,8.345768035810664,40.521438665000005,A192,_,00880,494
A192__00850.494,8.344823328456968,40.53039622,A192,_,00850,494
A192__00840.494,8.32900014179349,40.53546068,A192,_,00840,494
A192__00780.494,8.33743523937975,40.54444966,A192,_,00780,494
A192__00740.494,8.359174107835681,40.554600375,A192,_,00740,494
A192__00730.494,8.343326755606984,40.55164289,A192,_,00730,494
A192__00680.494,8.351626479959107,40.569955245,A192,_,00680,494
A192__00660.494,8.336146914633215,40.566813005,A192,_,00660,494
A192__0064.494,8.320556789212125,40.563248494999996,A192,_,0064,494
A192__0061.494,8.321553893437855,40.572565735,A192,_,0061,494
A192__00600.494,8.346460695881667,40.574124780000005,A192,_,00600,494
A192__00590.494,8.377770027194943,40.57828739,A192,_,00590,494
A192__00580.494,8.363526310968487,40.586683629999996,A192,_,00580,494
A192__00560.494,8.327163796213739,40.588263319999996,A192,_,00560,494
A192__00550.494,8.320025808768275,40.58431728,A192,_,00550,494
A192__00520.494,8.329563850009169,40.588380295,A192,_,00520,494
A192__00450.494,8.161389104073821,40.590550789999995,A192,_,00450,494
A192__00400.494,8.328116438393359,40.60310379,A192,_,00400,494
A192__00380.494,8.31002508371483,40.60078471,A192,_,00380,494
A192__00360.494,8.30032739886445,40.603186475,A192,_,00360,494
A192__00350.494,8.265191143832606,40.59270631,A192,_,00350,494
A192__00260.494,8.289267591292168,40.62020003,A192,_,00260,494
A192__00190.494,8.208888320932767,40.63423574,A192,_,00190,494
A192__00170.494,8.322041827927563,40.62902458,A192,_,00170,494
A192__00160.494,8.270782095029627,40.63207866,A192,_,00160,494
A192__00120.494,8.311266994717428,40.640739025,A192,_,00120,494
A192__00060.494,8.290577448723296,40.66807059,A192,_,00060,494
A192__00030.494,8.240531512821606,40.663344054999996,A192,_,00030,494
A192__0071.4940,8.324208286305911,40.55992745,A192,_,0071,4940
A192__0071.4942,8.327055425573647,40.556464195000004,A192,_,0071,4942
A192__0071.4943,8.315647070029817,40.556501815,A192,_,0071,4943
A192__0071.4944,8.323218259735938,40.552935695,A192,_,0071,4944
A192__0071.4945,8.320865244115279,40.55133689,A192,_,0071,4945
A192__0071.4946,8.318868715263939,40.55301161,A192,_,0071,4946
A192__0071.4947,8.320157934563875,40.55483246,A192,_,0071,4947
A192__0071.4948,8.324062359232812,40.550172355,A192,_,0071,4948
A192__0071.4949,8.323444228863828,40.551913345,A192,_,0071,4949
A192__00060.495,8.290708097341653,40.6681906,A192,_,00060,495
A192__00970.495,8.312141668487092,40.558416595,A192,_,00970,495
A192__00950.495,8.34534128529127,40.51242759,A192,_,00950,495
A192__00940.495,8.35440480852116,40.518008805,A192,_,00940,495
A192__00930.495,8.336948742985454,40.523919930000005,A192,_,00930,495
A192__00880.495,8.34344857855016,40.523863115,A192,_,00880,495
A192__00860.495,8.352830278933393,40.53823374,A192,_,00860,495
A192__00840.495,8.3314362394092,40.53622933,A192,_,00840,495
A192__00810.495,8.367716301384526,40.55122996,A192,_,00810,495
A192__00800.495,8.350049161778577,40.549657155,A192,_,00800,495
A192__00780.495,8.33627498897787,40.543862735000005,A192,_,00780,495
A192__00740.495,8.359012325501261,40.554444329999995,A192,_,00740,495
A192__00680.495,8.351635386992541,40.56970991,A192,_,00680,495
A192__0064.495,8.318352086115443,40.56502069,A192,_,0064,495
A192__0061.495,8.321243298410252,40.57204787,A192,_,0061,495
A192__00590.495,8.387957051278436,40.582256345,A192,_,00590,495
A192__00580.495,8.363718013513173,40.586683629999996,A192,_,00580,495
A192__00560.495,8.32680525145975,40.58834148,A192,_,00560,495
A192__00530.495,8.339850101593704,40.59416299,A192,_,00530,495
A192__00520.495,8.3297845478792,40.588241365,A192,_,00520,495
A192__00490.495,8.265367040712636,40.590412285,A192,_,00490,495
A192__00450.495,8.170522759633062,40.58554172,A192,_,00450,495
A192__00400.495,8.328591233553219,40.603057285000006,A192,_,00400,495
A192__00380.495,8.30967591416156,40.598769925,A192,_,00380,495
A192__00360.495,8.300587351032137,40.60321925,A192,_,00360,495
A192__00280.495,8.354333635063034,40.611031175,A192,_,00280,495
A192__00260.495,8.318881573104758,40.619208555,A192,_,00260,495
A192__00190.495,8.209925751652763,40.634068445,A192,_,00190,495
A192__00170.495,8.32231192307217,40.628306465,A192,_,00170,495
A192__0071.4950,8.325193140859636,40.552016555,A192,_,0071,4950
A192__0071.4951,8.327737686087627,40.558613109999996,A192,_,0071,4951
A192__0071.4952,8.328153736096407,40.549360485,A192,_,0071,4952
A192__0071.4953,8.328932093866968,40.55004499,A192,_,0071,4953
A192__0071.4954,8.328379599102853,40.550097734999994,A192,_,0071,4954
A192__0071.4955,8.328845821425624,40.55047284,A192,_,0071,4955
A192__0071.4956,8.328333659433099,40.549702615,A192,_,0071,4956
A192__0071.4957,8.328929463448404,40.550121195,A192,_,0071,4957
A192__0071.4958,8.328258379128748,40.549488215,A192,_,0071,4958
A192__0071.4959,8.328905694885268,40.550055,A192,_,0071,4959
A192__00060.496,8.290905707025079,40.6683694,A192,_,00060,496
A192__00970.496,8.31222649650701,40.55833222,A192,_,00970,496
A192__00950.496,8.353515559901744,40.514568095,A192,_,00950,496
A192__00940.496,8.355267836062538,40.518103885,A192,_,00940,496
A192__00930.496,8.338432610861226,40.517989715,A192,_,00930,496
A192__00900.496,8.358990699572828,40.5303236,A192,_,00900,496
A192__00880.496,8.343676735,40.52406571,A192,_,00880,496
A192__00860.496,8.352376655267928,40.538207365,A192,_,00860,496
A192__00840.496,8.332051259849603,40.53592108,A192,_,00840,496
A192__00780.496,8.326418872249768,40.543386285,A192,_,00780,496
A192__00750.496,8.368149366190874,40.55885599,A192,_,00750,496
A192__00680.496,8.351838396651381,40.56985987,A192,_,00680,496
A192__00660.496,8.327143993473817,40.562286349999994,A192,_,00660,496
A192__0064.496,8.317910400582072,40.564467199999996,A192,_,0064,496
A192__00630.496,8.333630236065101,40.57170021,A192,_,00630,496
A192__0061.496,8.321595188211255,40.5723407,A192,_,0061,496
A192__00590.496,8.388174833239656,40.58220769,A192,_,00590,496
A192__00580.496,8.363805493590025,40.586400760000004,A192,_,00580,496
A192__00560.496,8.326458475716723,40.588383910000005,A192,_,00560,496
A192__00540.496,8.353855759123599,40.593953895,A192,_,00540,496
A192__00530.496,8.33952301335624,40.594343485,A192,_,00530,496
A192__00520.496,8.332353011319878,40.590412775000004,A192,_,00520,496
A192__00490.496,8.266057047541224,40.590535615,A192,_,00490,496
A192__00450.496,8.170328416962578,40.5856073,A192,_,00450,496
A192__00410.496,8.337305152280393,40.605092155,A192,_,00410,496
A192__00400.496,8.32673840877789,40.601789955,A192,_,00400,496
A192__00390.496,8.318983827927248,40.60119107,A192,_,00390,496
A192__00380.496,8.309093130427495,40.59914506,A192,_,00380,496
A192__00360.496,8.2985803409495,40.613029865,A192,_,00360,496
A192__00260.496,8.319002971320497,40.61978904,A192,_,00260,496
A192__00160.496,8.265990891558854,40.624420689999994,A192,_,00160,496
A192__0071.4960,8.321221923524092,40.55654771,A192,_,0071,4960
A192__0071.4961,8.327093523892795,40.559046785,A192,_,0071,4961
A192__0071.4962,8.323410950938001,40.55248595,A192,_,0071,4962
A192__0071.4963,8.32417553220958,40.55868271999999,A192,_,0071,4963
A192__0071.4964,8.323959075411842,40.549965205,A192,_,0071,4964
A192__0071.4965,8.321590326755484,40.560597255000005,A192,_,0071,4965
A192__0071.4966,8.323762879082274,40.558599875,A192,_,0071,4966
A192__0071.4967,8.322039660574596,40.55678805,A192,_,0071,4967
A192__0071.4969,8.324061428286845,40.55862914,A192,_,0071,4969
A192__00010.497,8.213450502486182,40.661143255,A192,_,00010,497
A192__00970.497,8.31214307558108,40.558311015,A192,_,00970,497
A192__00950.497,8.353614237964843,40.515241695,A192,_,00950,497
A192__00940.497,8.355531415260725,40.509675965,A192,_,00940,497
A192__00880.497,8.343857522573657,40.52397442,A192,_,00880,497
A192__00840.497,8.335029416840834,40.53533673,A192,_,00840,497
A192__00800.497,8.351322459380714,40.546562675000004,A192,_,00800,497
A192__00780.497,8.32416840039853,40.545938485,A192,_,00780,497
A192__00750.497,8.369273219564247,40.560184645,A192,_,00750,497
A192__00680.497,8.350602569612636,40.570443165,A192,_,00680,497
A192__00640.497,8.332358413810613,40.568260555,A192,_,00640,497
A192__00630.497,8.333874546394725,40.57136407,A192,_,00630,497
A192__0061.497,8.320714718169118,40.5720336,A192,_,0061,497
A192__00580.497,8.363795979640255,40.58685843,A192,_,00580,497
A192__00550.497,8.318876337197217,40.581747875,A192,_,00550,497
A192__00530.497,8.339286241881425,40.594294070000004,A192,_,00530,497
A192__00520.497,8.331958211041446,40.590439565,A192,_,00520,497
A192__00450.497,8.170088013515997,40.58565227,A192,_,00450,497
A192__00380.497,8.310187558940907,40.599827684999994,A192,_,00380,497
A192__00360.497,8.298361477023807,40.613029865,A192,_,00360,497
A192__00350.497,8.279736774186897,40.601104559999996,A192,_,00350,497
A192__00280.497,8.359349593129116,40.616817975000004,A192,_,00280,497
A192__00270.497,8.329484248085604,40.621880475,A192,_,00270,497
A192__00260.497,8.318667550876238,40.619754915,A192,_,00260,497
A192__00210.497,8.354203094919944,40.61770069000001,A192,_,00210,497
A192__00120.497,8.297924733922407,40.649681720000004,A192,_,00120,497
A192__00040.497,8.257073450505175,40.652412925,A192,_,00040,497
A192__0071.4970,8.319195163161154,40.557999609999996,A192,_,0071,4970
A192__0071.4974,8.322360353115197,40.558845840000004,A192,_,0071,4974
A192__0071.4977,8.322347560479498,40.554062974999994,A192,_,0071,4977
A192__0071.4978,8.319827633462385,40.552466665,A192,_,0071,4978
A192__00010.498,8.213521944912788,40.661143890000005,A192,_,00010,498
A192__00970.498,8.312165565268879,40.558263265,A192,_,00970,498
A192__00950.498,8.342948603632408,40.511045865,A192,_,00950,498
A192__00940.498,8.357037543772936,40.510351,A192,_,00940,498
A192__00930.498,8.343725028833717,40.518982210000004,A192,_,00930,498
A192__00900.498,8.367415161350173,40.529020814999996,A192,_,00900,498
A192__00860.498,8.36029508691916,40.5372062,A192,_,00860,498
A192__00850.498,8.345369901560765,40.53126866,A192,_,00850,498
A192__00840.498,8.334589293458041,40.535978119999996,A192,_,00840,498
A192__00800.498,8.351487603653236,40.546396795,A192,_,00800,498
A192__00780.498,8.324411480607976,40.54609187,A192,_,00780,498
A192__00730.498,8.349170484608157,40.55859652,A192,_,00730,498
A192__00680.498,8.350604847644593,40.570257729999994,A192,_,00680,498
A192__00670.498,8.337609535810934,40.560774804999994,A192,_,00670,498
A192__00660.498,8.327147643299558,40.561989265,A192,_,00660,498
A192__00640.498,8.333122251557423,40.56865501,A192,_,00640,498
A192__00630.498,8.333788173290937,40.572073895,A192,_,00630,498
A192__00590.498,8.36655344207135,40.575250665,A192,_,00590,498
A192__00580.498,8.363794058022258,40.58667206,A192,_,00580,498
A192__00560.498,8.326948768146964,40.58833736,A192,_,00560,498
A192__00550.498,8.318713288458852,40.58149577499999,A192,_,00550,498
A192__00540.498,8.353421898980269,40.5946767,A192,_,00540,498
A192__00520.498,8.326582507236889,40.590766165000005,A192,_,00520,498
A192__00480.498,8.226179554092397,40.58930266,A192,_,00480,498
A192__00420.498,8.345945009009672,40.600104825,A192,_,00420,498
A192__00390.498,8.321661030684371,40.599104960000005,A192,_,00390,498
A192__00380.498,8.30937038162694,40.60000711,A192,_,00380,498
A192__00350.498,8.279677842784427,40.601945154999996,A192,_,00350,498
A192__00280.498,8.35805430705809,40.61693183,A192,_,00280,498
A192__00260.498,8.294614415694415,40.61948117,A192,_,00260,498
A192__00120.498,8.297926994663397,40.64974286,A192,_,00120,498
A192__0071.4981,8.321810321837095,40.55555883,A192,_,0071,4981
A192__0071.4982,8.323832151791727,40.55988506,A192,_,0071,4982
A192__00710.4983,8.325812941398688,40.55241969,A192,_,00710,4983
A192__0071.4984,8.318362888150364,40.55560229,A192,_,0071,4984
A192__0071.4985,8.32280385460857,40.55973729,A192,_,0071,4985
A192__0071.4986,8.325518535267655,40.55890336,A192,_,0071,4986
A192__0071.4987,8.317683169942713,40.556488265,A192,_,0071,4987
A192__00710.4988,8.32540261893842,40.554178824999994,A192,_,00710,4988
A192__00710.4989,8.326339584036763,40.5543262,A192,_,00710,4989
A192__00010.499,8.230336063295928,40.662772355,A192,_,00010,499
A192__00970.499,8.312254795096973,40.558286085,A192,_,00970,499
A192__00950.499,8.339410472583525,40.502903905,A192,_,00950,499
A192__00940.499,8.359742251124707,40.51697685,A192,_,00940,499
A192__00930.499,8.343303395138992,40.518964685,A192,_,00930,499
A192__00900.499,8.367666286647445,40.529066764999996,A192,_,00900,499
A192__00860.499,8.36900734151898,40.542424804999996,A192,_,00860,499
A192__00850.499,8.344417025422178,40.53207288,A192,_,00850,499
A192__00840.499,8.335752050775747,40.535975235,A192,_,00840,499
A192__00780.499,8.32404347166042,40.5460091,A192,_,00780,499
A192__00730.499,8.349136737837343,40.558417425,A192,_,00730,499
A192__00680.499,8.357098044024731,40.569611585,A192,_,00680,499
A192__00670.499,8.343243822465702,40.561802085,A192,_,00670,499
A192__00660.499,8.326808761734197,40.562800460000005,A192,_,00660,499
A192__00640.499,8.334566866804993,40.56777497,A192,_,00640,499
A192__00630.499,8.33396000063631,40.571821920000005,A192,_,00630,499
A192__00600.499,8.335347760202337,40.587025,A192,_,00600,499
A192__00590.499,8.376465446702191,40.592811735,A192,_,00590,499
A192__00580.499,8.373422808450442,40.58423152,A192,_,00580,499
A192__00550.499,8.319777634921849,40.58394215,A192,_,00550,499
A192__00530.499,8.341903775386752,40.593496255,A192,_,00530,499
A192__00520.499,8.32690876816047,40.590693009999995,A192,_,00520,499
A192__0049.499,8.285349917366675,40.59585102,A192,_,0049,499
A192__00480.499,8.222820818132494,40.59026045,A192,_,00480,499
A192__00420.499,8.345828974667096,40.60031305,A192,_,00420,499
A192__00390.499,8.32231630740868,40.599171510000005,A192,_,00390,499
A192__00380.499,8.310364609094734,40.600435974999996,A192,_,00380,499
A192__00360.499,8.28523559620572,40.60320559,A192,_,00360,499
A192__00350.499,8.276751567479888,40.603734110000005,A192,_,00350,499
A192__00280.499,8.36516084116391,40.619674645,A192,_,00280,499
A192__00210.499,8.353555997656306,40.625310915,A192,_,00210,499
A192__00190.499,8.20189453051831,40.641166415,A192,_,00190,499
A192__00160.499,8.270908745390482,40.636792834999994,A192,_,00160,499
A192__00120.499,8.298187213559574,40.649675689999995,A192,_,00120,499
A192__00080.499,8.325157476833716,40.649237310000004,A192,_,00080,499
A192__00060.499,8.290761984993855,40.668393675000004,A192,_,00060,499
A192__00710.4990,8.326680770301337,40.55414372,A192,_,00710,4990
A192__0071.4991,8.324849711108854,40.559988489999995,A192,_,0071,4991
A192__0071.4992,8.326377640436691,40.559907515000006,A192,_,0071,4992
A192__0071.4994,8.322527315739446,40.55285116,A192,_,0071,4994
A192__0071.4995,8.319240065891414,40.555974954999996,A192,_,0071,4995
A192__0071.4996,8.31999836797291,40.555749155,A192,_,0071,4996
A192__0071.4997,8.319918638720656,40.55588836,A192,_,0071,4997
A192__00070.5,8.344308126966219,40.659557815,A192,_,00070,5
A192__00970.5,8.31165019802052,40.559818140000004,A192,_,00970,5
A192__00960.5,8.36276201794494,40.508794685,A192,_,00960,5
A192__00950.5,8.347232052482031,40.51679225,A192,_,00950,5
A192__00920.5,8.383486348228216,40.519487534999996,A192,_,00920,5
A192__00910.5,8.405964065263204,40.53066956,A192,_,00910,5
A192__00880.5,8.342860877773031,40.529318235000005,A192,_,00880,5
A192__00870.5,8.335091747215055,40.53259219,A192,_,00870,5
A192__00850.5,8.33537827533114,40.53931921,A192,_,00850,5
A192__00840.5,8.325280066530835,40.5385557,A192,_,00840,5
A192__00830.5,8.412346131243861,40.538785340000004,A192,_,00830,5
A192__00820.5,8.377200523950908,40.5420491,A192,_,00820,5
A192__00810.5,8.368543495198603,40.55025207,A192,_,00810,5
A192__00800.5,8.345685441107324,40.548541495,A192,_,00800,5
A192__00760.5,8.406201152101643,40.562271605,A192,_,00760,5
A192__00750.5,8.397379404122049,40.55104193,A192,_,00750,5
A192__00740.5,8.356491423288052,40.560710400000005,A192,_,00740,5
A192__0072.5,8.32968549737224,40.556778675000004,A192,_,0072,5
A192__00700.5,8.405032509773775,40.5738419,A192,_,00700,5
A192__00680.5,8.354770922127216,40.572564735,A192,_,00680,5
A192__00670.5,8.34219659913076,40.568767505,A192,_,00670,5
A192__00660.5,8.337838341576145,40.566313515,A192,_,00660,5
A192__00650.5,8.317591588826335,40.564831420000004,A192,_,00650,5
A192__00620.5,8.330878604159889,40.579828275,A192,_,00620,5
A192__00610.5,8.314458546138864,40.579804475,A192,_,00610,5
A192__00590.5,8.37826835464956,40.58598174,A192,_,00590,5
A192__00580.5,8.371198052011227,40.59304073,A192,_,00580,5
A192__00540.5,8.350435953854795,40.599171185,A192,_,00540,5
A192__00510.5,8.321500546033029,40.596280895,A192,_,00510,5
A192__00490.5,8.245872677289913,40.581331649999996,A192,_,00490,5
A192__00480.5,8.225361878711517,40.580169755,A192,_,00480,5
A192__00470.5,8.217212519725004,40.582244415000005,A192,_,00470,5
A192__00450.5,8.140357794503611,40.603382775,A192,_,00450,5
A192__00430.5,8.362508226067881,40.600079015000006,A192,_,00430,5
A192__00420.5,8.34172748280162,40.604482135,A192,_,00420,5
A192__00400.5,8.327161036064176,40.606051005,A192,_,00400,5
A192__00390.5,8.322430539458505,40.610050035,A192,_,00390,5
A192__00380.5,8.3149271087104,40.60392204,A192,_,00380,5
A192__00370.5,8.290463737976115,40.594274825,A192,_,00370,5
A192__00360.5,8.295559674936635,40.61051053,A192,_,00360,5
A192__00330.5,8.230000398088249,40.601034195,A192,_,00330,5
A192__00290.5,8.391260336899178,40.622999425,A192,_,00290,5
A192__00270.5,8.341919341311414,40.61716265,A192,_,00270,5
A192__00200.5,8.253931360449673,40.632279745000005,A192,_,00200,5
A192__00180.5,8.183509958509251,40.636933865,A192,_,00180,5
A192__00140.5,8.188735665171176,40.64311273,A192,_,00140,5
A192__00080.5,8.312108727566198,40.653586105,A192,_,00080,5
A192__00010.50,8.211624503509118,40.658153715,A192,_,00010,50
A192__00970.50,8.314427994529186,40.559567095,A192,_,00970,50
A192__00950.50,8.343715392246658,40.517255735,A192,_,00950,50
A192__00940.50,8.353048749311155,40.51400319,A192,_,00940,50
A192__00930.50,8.343936024652812,40.519266255000005,A192,_,00930,50
A192__00920.50,8.391851534939658,40.51940109,A192,_,00920,50
A192__00870.50,8.338212114337354,40.527124955,A192,_,00870,50
A192__00850.50,8.343205063217809,40.53190113,A192,_,00850,50
A192__00840.50,8.331159045492406,40.53278744,A192,_,00840,50
A192__00810.50,8.36118551779514,40.55048353,A192,_,00810,50
A192__00750.50,8.397099953840986,40.551152114999994,A192,_,00750,50
A192__00740.50,8.35815278589715,40.556474985,A192,_,00740,50
A192__00720.50,8.340182675815079,40.558321205,A192,_,00720,50
A192__0071.50,8.321421155905767,40.560503385000004,A192,_,0071,50
A192__00700.50,8.409136026079096,40.574115585,A192,_,00700,50
A192__00680.50,8.356653494309334,40.56709936,A192,_,00680,50
A192__00670.50,8.341681510505278,40.56638457,A192,_,00670,50
A192__00660.50,8.32784449288612,40.5589609,A192,_,00660,50
A192__00640.50,8.323228629444976,40.566995125000005,A192,_,00640,50
A192__00630.50,8.336347446852868,40.571570015,A192,_,00630,50
A192__00620.50,8.32598245571927,40.57345729,A192,_,00620,50
A192__00600.50,8.34177983794838,40.575149780000004,A192,_,00600,50
A192__00580.50,8.369101773840988,40.579011910000006,A192,_,00580,50
A192__00570.50,8.352904884959417,40.589292645,A192,_,00570,50
A192__00550.50,8.319385818191881,40.586594125000005,A192,_,00550,50
A192__00530.50,8.339389056796414,40.59174199,A192,_,00530,50
A192__00520.50,8.33039704384344,40.595527285,A192,_,00520,50
A192__0050.50,8.312682308835363,40.58056483,A192,_,0050,50
A192__00480.50,8.221240843789996,40.59402914,A192,_,00480,50
A192__00460.50,8.159269305396123,40.56607305,A192,_,00460,50
A192__00450.50,8.164498903730056,40.584532405,A192,_,00450,50
A192__00430.50,8.378618893383472,40.602771915000005,A192,_,00430,50
A192__00400.50,8.32959784715393,40.598912775,A192,_,00400,50
A192__00350.50,8.273281553766914,40.6031812,A192,_,00350,50
A192__00340.50,8.268562173887787,40.606050565000004,A192,_,00340,50
A192__00330.50,8.241251100782952,40.597317245,A192,_,00330,50
A192__00320.50,8.219375807699251,40.59940451,A192,_,00320,50
A192__00290.50,8.384875953327178,40.612908399999995,A192,_,00290,50
A192__00270.50,8.348073529654226,40.605451880000004,A192,_,00270,50
A192__00260.50,8.318389327895876,40.622150395,A192,_,00260,50
A192__00240.50,8.208445896465845,40.623691585,A192,_,00240,50
A192__00230.50,8.191105628605525,40.609453145,A192,_,00230,50
A192__00220.50,8.14730960479605,40.60901044,A192,_,00220,50
A192__00200.50,8.259104726238522,40.62459732,A192,_,00200,50
A192__00190.50,8.204527399927494,40.62705813,A192,_,00190,50
A192__00160.50,8.266706998689752,40.62477382,A192,_,00160,50
A192__00140.50,8.186838098861525,40.643634829999996,A192,_,00140,50
A192__00100.50,8.278881804625506,40.657563460000006,A192,_,00100,50
A192__00080.50,8.314609559180347,40.654082015,A192,_,00080,50
A192__00060.50,8.291755679651489,40.65581572,A192,_,00060,50
A192__00060.500,8.295617804472801,40.66808,A192,_,00060,500
A192__00970.500,8.312280470953201,40.558242035,A192,_,00970,500
A192__00940.500,8.360247592623839,40.516982505,A192,_,00940,500
A192__00930.500,8.343355861605616,40.518860419999996,A192,_,00930,500
A192__00900.500,8.368063734950999,40.53448224,A192,_,00900,500
A192__00880.500,8.342357170204039,40.52463712,A192,_,00880,500
A192__00860.500,8.368426325641707,40.54217622,A192,_,00860,500
A192__00850.500,8.344301715627072,40.532137809999995,A192,_,00850,500
A192__00780.500,8.331456911333419,40.543848600000004,A192,_,00780,500
A192__00750.500,8.363336046843784,40.56247945,A192,_,00750,500
A192__00730.500,8.354651485686476,40.552935075,A192,_,00730,500
A192__0071.500,8.317813787592112,40.559219979999995,A192,_,0071,500
A192__00680.500,8.356705009740638,40.56931664,A192,_,00680,500
A192__00670.500,8.34307187289614,40.561387124999996,A192,_,00670,500
A192__00660.500,8.32668550510992,40.562056065,A192,_,00660,500
A192__00640.500,8.334779889530951,40.567530585,A192,_,00640,500
A192__00630.500,8.33420578690082,40.571466545,A192,_,00630,500
A192__0061.500,8.319904176803526,40.572605245,A192,_,0061,500
A192__00600.500,8.35026539019474,40.578312305,A192,_,00600,500
A192__00590.500,8.375337105616005,40.58933118,A192,_,00590,500
A192__00580.500,8.373645283456906,40.584675245,A192,_,00580,500
A192__00550.500,8.319888857716478,40.583874255,A192,_,00550,500
A192__00530.500,8.341747560158506,40.593710595000005,A192,_,00530,500
A192__00520.500,8.326561423613995,40.591000655,A192,_,00520,500
A192__0049.500,8.285593693861001,40.59594457,A192,_,0049,500
A192__00480.500,8.222945069109763,40.59029614000001,A192,_,00480,500
A192__00450.500,8.1641077777957,40.58405408,A192,_,00450,500
A192__00420.500,8.346266183295121,40.59994655,A192,_,00420,500
A192__00390.500,8.321748866550767,40.59933367,A192,_,00390,500
A192__00380.500,8.309658790987681,40.60048346,A192,_,00380,500
A192__00360.500,8.284973936892086,40.603088389999996,A192,_,00360,500
A192__00350.500,8.277091276475069,40.603819855,A192,_,00350,500
A192__00270.500,8.324285055431393,40.617956645,A192,_,00270,500
A192__00260.500,8.294675224754382,40.62023449,A192,_,00260,500
A192__00250.500,8.277863208268542,40.6099653,A192,_,00250,500
A192__00210.500,8.353818796564642,40.625310915,A192,_,00210,500
A192__00190.500,8.201682046941379,40.64107874,A192,_,00190,500
A192__00160.500,8.2710406695771,40.63678934,A192,_,00160,500
A192__00120.500,8.29809154387745,40.649729539999996,A192,_,00120,500
A192__00080.500,8.322687956680822,40.649237705000004,A192,_,00080,500
A192__0071.5001,8.317760472481975,40.55517501,A192,_,0071,5001
A192__0071.5002,8.321423198091113,40.56017004,A192,_,0071,5002
A192__0071.5003,8.324504779569935,40.54958128,A192,_,0071,5003
A192__0071.5006,8.323794956127518,40.55715939,A192,_,0071,5006
A192__0071.5007,8.323872463413277,40.55716344,A192,_,0071,5007
A192__0071.5008,8.32116945827031,40.552084995,A192,_,0071,5008
A192__0071.5009,8.324560379015171,40.54979007,A192,_,0071,5009
A192__00010.501,8.23082302261085,40.662621275,A192,_,00010,501
A192__00970.501,8.312192634103962,40.558208445,A192,_,00970,501
A192__00930.501,8.339971451963123,40.51927483,A192,_,00930,501
A192__00900.501,8.36756761733464,40.534551245,A192,_,00900,501
A192__00880.501,8.342204916485816,40.52459245,A192,_,00880,501
A192__00860.501,8.350941705191723,40.53883647,A192,_,00860,501
A192__00850.501,8.344134449142032,40.53234358,A192,_,00850,501
A192__00840.501,8.333157808920358,40.5354375,A192,_,00840,501
A192__00810.501,8.37329511820307,40.5479962,A192,_,00810,501
A192__00780.501,8.327342105487606,40.54312347,A192,_,00780,501
A192__00730.501,8.354221289747414,40.552961745000005,A192,_,00730,501
A192__0071.501,8.317690451227152,40.55919586500001,A192,_,0071,501
A192__00680.501,8.35729675784426,40.56955027,A192,_,00680,501
A192__00670.501,8.343170705757046,40.56138147,A192,_,00670,501
A192__00660.501,8.326582000401903,40.56223564,A192,_,00660,501
A192__00640.501,8.332520672264284,40.566810585,A192,_,00640,501
A192__0061.501,8.320538964842893,40.573207874999994,A192,_,0061,501
A192__00600.501,8.350686412808898,40.57842705,A192,_,00600,501
A192__00580.501,8.373609483287058,40.58466956,A192,_,00580,501
A192__00560.501,8.324132417327816,40.579493935,A192,_,00560,501
A192__00550.501,8.319909456869077,40.58992171,A192,_,00550,501
A192__00520.501,8.326283400613306,40.59085523,A192,_,00520,501
A192__00420.501,8.346558135932161,40.599616235,A192,_,00420,501
A192__00390.501,8.322158593840353,40.599526929999996,A192,_,00390,501
A192__00380.501,8.309790342783717,40.600754255,A192,_,00380,501
A192__00360.501,8.284856897807835,40.602887705,A192,_,00360,501
A192__00350.501,8.277196012053107,40.603374630000005,A192,_,00350,501
A192__00280.501,8.364778811291645,40.615891500000004,A192,_,00280,501
A192__00270.501,8.325183999390195,40.618541495,A192,_,00270,501
A192__00250.501,8.278501038468033,40.61449015,A192,_,00250,501
A192__00210.501,8.353756652790029,40.625491835000005,A192,_,00210,501
A192__00160.501,8.2747412461774,40.637738965,A192,_,00160,501
A192__00120.501,8.298286452890956,40.649674454999996,A192,_,00120,501
A192__00080.501,8.322575753424793,40.648886899999994,A192,_,00080,501
A192__00060.501,8.295758120582645,40.668369645,A192,_,00060,501
A192__0071.5010,8.326530029178713,40.549586655,A192,_,0071,5010
A192__0071.5012,8.323865398116503,40.55898363,A192,_,0071,5012
A192__0071.5014,8.321321441207589,40.552052065,A192,_,0071,5014
A192__0071.5015,8.324372929047119,40.559205265,A192,_,0071,5015
A192__0071.5017,8.32089865334105,40.55242448,A192,_,0071,5017
A192__0071.5018,8.326295476386555,40.558081975,A192,_,0071,5018
A192__0071.5019,8.325808756085635,40.56170177,A192,_,0071,5019
A192__00030.502,8.227792334127884,40.65378169,A192,_,00030,502
A192__00970.502,8.312270707820298,40.558153085,A192,_,00970,502
A192__00940.502,8.357633860184325,40.510023939999996,A192,_,00940,502
A192__00930.502,8.339743444614474,40.519627830000005,A192,_,00930,502
A192__00880.502,8.34652383837399,40.524696515,A192,_,00880,502
A192__00860.502,8.350726995462079,40.538756065,A192,_,00860,502
A192__00850.502,8.344721821355144,40.532251155,A192,_,00850,502
A192__00840.502,8.333137080362466,40.53528063,A192,_,00840,502
A192__00810.502,8.372907129444172,40.547971524999994,A192,_,00810,502
A192__00780.502,8.327658812548993,40.543304735,A192,_,00780,502
A192__00750.502,8.363671239240354,40.563253035,A192,_,00750,502
A192__00740.502,8.3580295024193,40.55318924,A192,_,00740,502
A192__00730.502,8.354020907543843,40.553321530000005,A192,_,00730,502
A192__00670.502,8.34312771940761,40.562025065,A192,_,00670,502
A192__0065.502,8.318312054753811,40.562431565,A192,_,0065,502
A192__00630.502,8.336133175486925,40.57122642,A192,_,00630,502
A192__0061.502,8.320246847374229,40.572893655,A192,_,0061,502
A192__00600.502,8.349503634566698,40.57732227,A192,_,00600,502
A192__00580.502,8.373600373235048,40.58439944,A192,_,00580,502
A192__00560.502,8.323980190013957,40.579464105,A192,_,00560,502
A192__00530.502,8.335950334413653,40.594400930000006,A192,_,00530,502
A192__00490.502,8.253164341444915,40.585170315,A192,_,00490,502
A192__00480.502,8.24249791210817,40.572079925,A192,_,00480,502
A192__00420.502,8.345133800770583,40.597303350000004,A192,_,00420,502
A192__00410.502,8.334035013362325,40.61062441,A192,_,00410,502
A192__00390.502,8.32176472052411,40.599620990000005,A192,_,00390,502
A192__00380.502,8.310164399239678,40.600610395000004,A192,_,00380,502
A192__00360.502,8.315713085166607,40.612350105000004,A192,_,00360,502
A192__00350.502,8.278101366539923,40.602505955,A192,_,00350,502
A192__00280.502,8.35610725099778,40.614117160000006,A192,_,00280,502
A192__00270.502,8.3253180389316,40.61720178,A192,_,00270,502
A192__00250.502,8.278762722072951,40.61427344,A192,_,00250,502
A192__00210.502,8.354199399757395,40.62528148,A192,_,00210,502
A192__00190.502,8.200403854263595,40.621659145,A192,_,00190,502
A192__00080.502,8.322452806631642,40.648538544999994,A192,_,00080,502
A192__00060.502,8.293604718775688,40.660043265,A192,_,00060,502
A192__00040.502,8.256559250888806,40.65166338,A192,_,00040,502
A192__0071.5020,8.319006140110309,40.55783395,A192,_,0071,5020
A192__0071.5021,8.324598671094687,40.558379405,A192,_,0071,5021
A192__0071.5022,8.323791559295412,40.550410715,A192,_,0071,5022
A192__0071.5023,8.320848528615475,40.556274450000004,A192,_,0071,5023
A192__0071.5024,8.320313163557579,40.558623409999996,A192,_,0071,5024
A192__0071.5026,8.32670233364004,40.555158805,A192,_,0071,5026
A192__00030.503,8.227901781491619,40.652696775,A192,_,00030,503
A192__00940.503,8.36058730723219,40.508358035,A192,_,00940,503
A192__00930.503,8.33788836124086,40.51796187,A192,_,00930,503
A192__00900.503,8.367864395818955,40.532677809999996,A192,_,00900,503
A192__00860.503,8.350526308231437,40.538674255000004,A192,_,00860,503
A192__00850.503,8.344810646882983,40.53241578,A192,_,00850,503
A192__00840.503,8.331875788760332,40.535126045,A192,_,00840,503
A192__00800.503,8.362532469011608,40.54657138,A192,_,00800,503
A192__00780.503,8.326999323343045,40.54340647,A192,_,00780,503
A192__00750.503,8.370100967993302,40.554973270000005,A192,_,00750,503
A192__00680.503,8.355258028538131,40.56633171,A192,_,00680,503
A192__00670.503,8.337878779759956,40.562053315,A192,_,00670,503
A192__00660.503,8.3267806545715,40.56287071,A192,_,00660,503
A192__00630.503,8.333814918436314,40.56963406,A192,_,00630,503
A192__00600.503,8.349585932957941,40.577614374999996,A192,_,00600,503
A192__00590.503,8.3763118323354,40.59237213,A192,_,00590,503
A192__00580.503,8.368510078720451,40.578468995,A192,_,00580,503
A192__00560.503,8.324606071908061,40.58572932,A192,_,00560,503
A192__00520.503,8.330853342004604,40.592959555,A192,_,00520,503
A192__00490.503,8.253566293199427,40.585240334999995,A192,_,00490,503
A192__00480.503,8.245687981689258,40.593601275,A192,_,00480,503
A192__00420.503,8.344878981279582,40.597303055,A192,_,00420,503
A192__00410.503,8.333602813365966,40.61021143,A192,_,00410,503
A192__00400.503,8.330731628563377,40.60105958,A192,_,00400,503
A192__00390.503,8.32140662392153,40.599643065,A192,_,00390,503
A192__00380.503,8.308986018595611,40.600900460000005,A192,_,00380,503
A192__00360.503,8.315608914581649,40.612791605,A192,_,00360,503
A192__00350.503,8.276338568259781,40.60166864,A192,_,00350,503
A192__00280.503,8.364680071601057,40.618951710000005,A192,_,00280,503
A192__00270.503,8.324793329996972,40.6172039,A192,_,00270,503
A192__00260.503,8.289322564402212,40.62039201,A192,_,00260,503
A192__00250.503,8.278508528863775,40.614245690000004,A192,_,00250,503
A192__00210.503,8.354006167143474,40.625296285000005,A192,_,00210,503
A192__00160.503,8.276283875729218,40.639726455,A192,_,00160,503
A192__00120.503,8.304261431797528,40.630370215,A192,_,00120,503
A192__00080.503,8.322328179081051,40.64819654,A192,_,00080,503
A192__00040.503,8.256508925801942,40.65213908,A192,_,00040,503
A192__0071.5030,8.322063402457214,40.554216784999994,A192,_,0071,5030
A192__0071.5031,8.325047045623275,40.560086045,A192,_,0071,5031
A192__00710.5035,8.325463723603471,40.547689825,A192,_,00710,5035
A192__0071.5036,8.3195664924969,40.55690118,A192,_,0071,5036
A192__0071.5038,8.319192181130717,40.556888335,A192,_,0071,5038
A192__0071.5039,8.319535870606854,40.557193755,A192,_,0071,5039
A192__00030.504,8.227180285571544,40.65278979,A192,_,00030,504
A192__00940.504,8.360880042700625,40.507904195,A192,_,00940,504
A192__00880.504,8.347495247931997,40.52190547,A192,_,00880,504
A192__00850.504,8.344529019879161,40.53265424,A192,_,00850,504
A192__00840.504,8.331608942522298,40.535264215,A192,_,00840,504
A192__00810.504,8.37268243208704,40.547963535,A192,_,00810,504
A192__00780.504,8.327347042967622,40.54374135,A192,_,00780,504
A192__00750.504,8.370246346011703,40.555692975,A192,_,00750,504
A192__00740.504,8.356520926897842,40.553007234999995,A192,_,00740,504
A192__00730.504,8.354993184091349,40.553287,A192,_,00730,504
A192__00680.504,8.350032712279678,40.566099484999995,A192,_,00680,504
A192__00670.504,8.337751728697821,40.562181190000004,A192,_,00670,504
A192__00640.504,8.332115191984895,40.56729155,A192,_,00640,504
A192__00630.504,8.333983451677387,40.569816155,A192,_,00630,504
A192__00580.504,8.369863389370462,40.57981709,A192,_,00580,504
A192__00560.504,8.324744377929823,40.58598658,A192,_,00560,504
A192__00540.504,8.353410480554695,40.5940166,A192,_,00540,504
A192__00520.504,8.331200394213097,40.59307836,A192,_,00520,504
A192__0049.504,8.28123569698337,40.59353426,A192,_,0049,504
A192__00450.504,8.167381342766113,40.58618271,A192,_,00450,504
A192__00410.504,8.332771594942074,40.61067358,A192,_,00410,504
A192__00400.504,8.330508511616536,40.601129875,A192,_,00400,504
A192__00390.504,8.32162032796469,40.599612805,A192,_,00390,504
A192__00380.504,8.309343357197157,40.600722495,A192,_,00380,504
A192__00360.504,8.298189500111619,40.60773243,A192,_,00360,504
A192__00350.504,8.276929982495883,40.602646395,A192,_,00350,504
A192__00280.504,8.36408628176861,40.619038345,A192,_,00280,504
A192__00270.504,8.327737141746383,40.60931307,A192,_,00270,504
A192__00210.504,8.353936560531768,40.6255089,A192,_,00210,504
A192__00190.504,8.199130744094518,40.619741765,A192,_,00190,504
A192__00160.504,8.27525855784324,40.63951155,A192,_,00160,504
A192__00080.504,8.322200454884001,40.647843685,A192,_,00080,504
A192__00060.504,8.2934487173354,40.65930486,A192,_,00060,504
A192__00040.504,8.246124194713149,40.656235235,A192,_,00040,504
A192__0071.5040,8.319098425382148,40.5570509,A192,_,0071,5040
A192__0071.5042,8.321726231234695,40.547086789999994,A192,_,0071,5042
A192__0071.5043,8.319505077625372,40.556430425,A192,_,0071,5043
A192__0071.5044,8.322371560494705,40.54975554,A192,_,0071,5044
A192__0071.5045,8.324928468839154,40.55219015,A192,_,0071,5045
A192__0071.5046,8.324868245667563,40.55211385,A192,_,0071,5046
A192__0071.5047,8.324981873876403,40.55223857,A192,_,0071,5047
A192__0071.5048,8.32435347066344,40.557864710000004,A192,_,0071,5048
A192__00030.505,8.228047533269136,40.654369009999996,A192,_,00030,505
A192__00940.505,8.36106188295487,40.508402185,A192,_,00940,505
A192__00930.505,8.336481993670969,40.519368560000004,A192,_,00930,505
A192__00900.505,8.369656726547253,40.52784382,A192,_,00900,505
A192__00880.505,8.348473761116674,40.52216747,A192,_,00880,505
A192__00860.505,8.35421675288408,40.541148785000004,A192,_,00860,505
A192__00850.505,8.344640862717382,40.53296958,A192,_,00850,505
A192__00840.505,8.331446926544348,40.535173895,A192,_,00840,505
A192__00800.505,8.362461892793721,40.547384195,A192,_,00800,505
A192__00780.505,8.326802422898004,40.54322906,A192,_,00780,505
A192__00750.505,8.368349265331494,40.555642375000005,A192,_,00750,505
A192__00730.505,8.344846894658591,40.55575782,A192,_,00730,505
A192__00670.505,8.343327856291427,40.56795567,A192,_,00670,505
A192__00630.505,8.340281466503269,40.5720871,A192,_,00630,505
A192__00600.505,8.34865692967379,40.579326875,A192,_,00600,505
A192__00590.505,8.373917016481194,40.58580116,A192,_,00590,505
A192__00580.505,8.371794936803106,40.581167885,A192,_,00580,505
A192__00560.505,8.324961815519584,40.585908625,A192,_,00560,505
A192__00520.505,8.325580871782698,40.591053015,A192,_,00520,505
A192__0049.505,8.281237620350613,40.593289915,A192,_,0049,505
A192__00420.505,8.345599182022912,40.600883595,A192,_,00420,505
A192__00410.505,8.334435509731193,40.609045615,A192,_,00410,505
A192__00400.505,8.330450228848298,40.601121449999994,A192,_,00400,505
A192__00390.505,8.321305966080132,40.599415315,A192,_,00390,505
A192__00380.505,8.308659181782932,40.600095855,A192,_,00380,505
A192__00280.505,8.364496021961404,40.62048575,A192,_,00280,505
A192__00270.505,8.327606441518018,40.60901145,A192,_,00270,505
A192__00260.505,8.289590249706336,40.62041354,A192,_,00260,505
A192__00160.505,8.27271999882566,40.639939215,A192,_,00160,505
A192__00080.505,8.322078440735186,40.647499865,A192,_,00080,505
A192__00060.505,8.293449956701428,40.659918425,A192,_,00060,505
A192__00040.505,8.24606872109021,40.656280615,A192,_,00040,505
A192__00030.506,8.227632661218246,40.654473155000005,A192,_,00030,506
A192__00970.506,8.312270356748286,40.55807088,A192,_,00970,506
A192__00940.506,8.355902404645782,40.509766584999994,A192,_,00940,506
A192__00930.506,8.336632552132546,40.519368560000004,A192,_,00930,506
A192__00900.506,8.360284405700646,40.522680609999995,A192,_,00900,506
A192__00880.506,8.34717331552239,40.521927305,A192,_,00880,506
A192__00860.506,8.355339521521444,40.538051135,A192,_,00860,506
A192__00850.506,8.33623972121742,40.537765820000004,A192,_,00850,506
A192__00780.506,8.32662226918907,40.54325436,A192,_,00780,506
A192__00740.506,8.355655769480709,40.55274602,A192,_,00740,506
A192__00730.506,8.344692356457875,40.55542251,A192,_,00730,506
A192__00670.506,8.34353159941434,40.567976425,A192,_,00670,506
A192__00650.506,8.313927732315229,40.56494706,A192,_,00650,506
A192__00630.506,8.340657628140022,40.571962095,A192,_,00630,506
A192__00580.506,8.368492809769899,40.57842657,A192,_,00580,506
A192__00560.506,8.324812631420189,40.58566828,A192,_,00560,506
A192__00540.506,8.353419776923808,40.59459568,A192,_,00540,506
A192__00530.506,8.33639680145757,40.591143835,A192,_,00530,506
A192__00520.506,8.325463423702194,40.590684815,A192,_,00520,506
A192__0049.506,8.28123834277459,40.5931059,A192,_,0049,506
A192__00480.506,8.220759884412612,40.594315554999994,A192,_,00480,506
A192__00450.506,8.167051770749424,40.586029065000005,A192,_,00450,506
A192__00420.506,8.34537839266688,40.600958524999996,A192,_,00420,506
A192__00410.506,8.33458319474706,40.609770845,A192,_,00410,506
A192__00400.506,8.33033678074861,40.602720024999996,A192,_,00400,506
A192__00390.506,8.321532471550704,40.599370035,A192,_,00390,506
A192__00380.506,8.309009926905386,40.60020671,A192,_,00380,506
A192__00360.506,8.296364067891375,40.605993185,A192,_,00360,506
A192__00280.506,8.364101627835666,40.620734389999996,A192,_,00280,506
A192__00270.506,8.327685455000001,40.60920884,A192,_,00270,506
A192__00210.506,8.32637978081468,40.62400368,A192,_,00210,506
A192__00160.506,8.274224628963275,40.640176350000004,A192,_,00160,506
A192__00080.506,8.321830450248278,40.64708936,A192,_,00080,506
A192__00060.506,8.296587717249764,40.657071880000004,A192,_,00060,506
A192__00040.506,8.245737238066967,40.65639202,A192,_,00040,506
A192__00030.507,8.226945161439103,40.654577665000005,A192,_,00030,507
A192__00930.507,8.336490865828885,40.51916508,A192,_,00930,507
A192__00900.507,8.36096505000925,40.523137825000006,A192,_,00900,507
A192__00880.507,8.347397695297767,40.522116915,A192,_,00880,507
A192__00860.507,8.355549263268538,40.538299315,A192,_,00860,507
A192__00840.507,8.328619480524562,40.537696535,A192,_,00840,507
A192__00810.507,8.367903823663568,40.54543333,A192,_,00810,507
A192__00800.507,8.361969277048834,40.547570885,A192,_,00800,507
A192__00780.507,8.326816024147146,40.54350708,A192,_,00780,507
A192__00730.507,8.34519636651973,40.55583703,A192,_,00730,507
A192__00670.507,8.34339743417261,40.567934835,A192,_,00670,507
A192__0065.507,8.317787111393395,40.56146326,A192,_,0065,507
A192__00630.507,8.340472511616758,40.572098655,A192,_,00630,507
A192__0061.507,8.3169163404676,40.575272575,A192,_,0061,507
A192__00600.507,8.352597065948027,40.577032925,A192,_,00600,507
A192__00590.507,8.363659981648045,40.576068594999995,A192,_,00590,507
A192__00580.507,8.375987375234002,40.593106535000004,A192,_,00580,507
A192__00560.507,8.324720283054486,40.585697695,A192,_,00560,507
A192__00540.507,8.3556201920849,40.594824485000004,A192,_,00540,507
A192__00530.507,8.336996292329935,40.59137338,A192,_,00530,507
A192__0049.507,8.281238331031965,40.59305512500001,A192,_,0049,507
A192__00480.507,8.220829237992376,40.59405379,A192,_,00480,507
A192__00450.507,8.167200646811594,40.5860603,A192,_,00450,507
A192__00420.507,8.345554732344317,40.60071708,A192,_,00420,507
A192__00410.507,8.333914914739672,40.60949752,A192,_,00410,507
A192__00390.507,8.321206563036498,40.59919587,A192,_,00390,507
A192__00380.507,8.308320965675962,40.599218175,A192,_,00380,507
A192__00280.507,8.364203867315414,40.62019422,A192,_,00280,507
A192__00270.507,8.327768213949803,40.609417305,A192,_,00270,507
A192__00250.507,8.270035236927674,40.61565,A192,_,00250,507
A192__00060.507,8.296390916443983,40.657071880000004,A192,_,00060,507
A192__00040.507,8.246045841847685,40.656304829999996,A192,_,00040,507
A192__00040.508,8.248488322366047,40.665310965,A192,_,00040,508
A192__00970.508,8.31237805755945,40.558098939999994,A192,_,00970,508
A192__00930.508,8.344692178595421,40.520386085,A192,_,00930,508
A192__00900.508,8.370306666262271,40.527890955000004,A192,_,00900,508
A192__00860.508,8.355850350771512,40.53803279,A192,_,00860,508
A192__00850.508,8.336242488112024,40.53796098,A192,_,00850,508
A192__00800.508,8.362643195343146,40.546968289999995,A192,_,00800,508
A192__00780.508,8.330170451097533,40.54482987,A192,_,00780,508
A192__00740.508,8.35728346939754,40.55333024,A192,_,00740,508
A192__00670.508,8.342442892316754,40.56837764,A192,_,00670,508
A192__00640.508,8.332118939291341,40.56712947,A192,_,00640,508
A192__00630.508,8.340675194639058,40.572151695,A192,_,00630,508
A192__0061.508,8.317156762631576,40.575245,A192,_,0061,508
A192__00600.508,8.351048692504362,40.57793692,A192,_,00600,508
A192__00580.508,8.376088090039598,40.592987300000004,A192,_,00580,508
A192__00560.508,8.324726269937225,40.58579197,A192,_,00560,508
A192__00540.508,8.355889224471312,40.59433225,A192,_,00540,508
A192__00490.508,8.253963810548592,40.584184265000005,A192,_,00490,508
A192__00480.508,8.220444765835769,40.59387538,A192,_,00480,508
A192__00410.508,8.33523446058864,40.597707655,A192,_,00410,508
A192__00400.508,8.328389285961121,40.603187165,A192,_,00400,508
A192__00390.508,8.321448954849808,40.599146669999996,A192,_,00390,508
A192__00380.508,8.308554733219141,40.599261625,A192,_,00380,508
A192__00360.508,8.314391456155786,40.612424485,A192,_,00360,508
A192__00280.508,8.363877172104882,40.620235745,A192,_,00280,508
A192__00270.508,8.328694572422318,40.609730975,A192,_,00270,508
A192__00120.508,8.297480521715638,40.65223458,A192,_,00120,508
A192__00010.509,8.215285047326422,40.65544235,A192,_,00010,509
A192__00970.509,8.312473452586339,40.558018345,A192,_,00970,509
A192__00940.509,8.357746849566535,40.521003185,A192,_,00940,509
A192__00930.509,8.34427379138889,40.519704915,A192,_,00930,509
A192__00880.509,8.347842924501744,40.521421430000004,A192,_,00880,509
A192__00860.509,8.356152603988486,40.53771386,A192,_,00860,509
A192__00840.509,8.326355014617652,40.54094289,A192,_,00840,509
A192__00810.509,8.368114630434775,40.545264555,A192,_,00810,509
A192__00730.509,8.345854078197554,40.55556429000001,A192,_,00730,509
A192__00670.509,8.344979185309228,40.567781804999996,A192,_,00670,509
A192__00660.509,8.32814278795951,40.564389410000004,A192,_,00660,509
A192__00650.509,8.315106630066818,40.564769415,A192,_,00650,509
A192__00640.509,8.333382943198078,40.566901314999996,A192,_,00640,509
A192__00600.509,8.351235911597914,40.57795789,A192,_,00600,509
A192__00590.509,8.376847922983142,40.578497305,A192,_,00590,509
A192__00560.509,8.32985933440283,40.586531645,A192,_,00560,509
A192__00540.509,8.3557652922361,40.594811445000005,A192,_,00540,509
A192__00530.509,8.335978734137953,40.595211125,A192,_,00530,509
A192__00490.509,8.25398239713628,40.584285754999996,A192,_,00490,509
A192__00480.509,8.220396730786568,40.593951794999995,A192,_,00480,509
A192__00420.509,8.345430498762145,40.60091208,A192,_,00420,509
A192__00380.509,8.308514673448983,40.598677805,A192,_,00380,509
A192__00360.509,8.28703297707877,40.610353599999996,A192,_,00360,509
A192__00280.509,8.365247829333608,40.620546250000004,A192,_,00280,509
A192__00270.509,8.327851684433416,40.60962522,A192,_,00270,509
A192__00260.509,8.299926338765843,40.623496665000005,A192,_,00260,509
A192__00250.509,8.269971736315645,40.614537049999996,A192,_,00250,509
A192__00190.509,8.200732029589862,40.635977455,A192,_,00190,509
A192__00160.509,8.270508234913965,40.636959315,A192,_,00160,509
A192__00120.509,8.29802898498294,40.652065955,A192,_,00120,509
A192__00060.509,8.280983986091659,40.659407585,A192,_,00060,509
A192__00040.509,8.248585861930778,40.66556756,A192,_,00040,509
A192__00060.51,8.2948170183649,40.656132875,A192,_,00060,51
A192__00970.51,8.31438882451352,40.559441965,A192,_,00970,51
A192__00960.51,8.367296915771593,40.506477395000005,A192,_,00960,51
A192__00940.51,8.354624165451531,40.513262085,A192,_,00940,51
A192__00930.51,8.342664741707196,40.518808820000004,A192,_,00930,51
A192__00890.51,8.350627967785652,40.5338133,A192,_,00890,51
A192__00870.51,8.33957409167347,40.5276394,A192,_,00870,51
A192__00850.51,8.340119796096133,40.534053515,A192,_,00850,51
A192__00840.51,8.332974753266967,40.534290264999996,A192,_,00840,51
A192__00800.51,8.359014117620575,40.543647054999994,A192,_,00800,51
A192__00790.51,8.346141389023522,40.53926495,A192,_,00790,51
A192__0077.51,8.328406774630963,40.55522109,A192,_,0077,51
A192__00750.51,8.397246301995242,40.55104254,A192,_,00750,51
A192__00740.51,8.358958208812846,40.555675405,A192,_,00740,51
A192__00730.51,8.34422102974243,40.55515504500001,A192,_,00730,51
A192__00720.51,8.340826601594735,40.55841,A192,_,00720,51
A192__0071.51,8.322054033829026,40.559380495,A192,_,0071,51
A192__00700.51,8.409106142413048,40.574432525000006,A192,_,00700,51
A192__00690.51,8.373046472332664,40.56521812,A192,_,00690,51
A192__00680.51,8.358901957715002,40.567658265,A192,_,00680,51
A192__00630.51,8.336579256702892,40.571868245000005,A192,_,00630,51
A192__00620.51,8.327424372206345,40.57801092,A192,_,00620,51
A192__00580.51,8.369980387571118,40.57987043,A192,_,00580,51
A192__00570.51,8.353788935863307,40.589043055000005,A192,_,00570,51
A192__00560.51,8.323774284640713,40.578722479999996,A192,_,00560,51
A192__00550.51,8.319477003195535,40.585783205,A192,_,00550,51
A192__00520.51,8.329262064797195,40.59187586,A192,_,00520,51
A192__0050.51,8.312788594239812,40.580396705,A192,_,0050,51
A192__00490.51,8.254151168246086,40.5863681,A192,_,00490,51
A192__00470.51,8.215252581302813,40.587354825,A192,_,00470,51
A192__00460.51,8.163384548071287,40.56250291,A192,_,00460,51
A192__00450.51,8.165878788960399,40.585341604999996,A192,_,00450,51
A192__00430.51,8.350849098372763,40.601605205,A192,_,00430,51
A192__00360.51,8.30574622646256,40.612875645,A192,_,00360,51
A192__00350.51,8.2775913188185,40.606122995,A192,_,00350,51
A192__00320.51,8.219480642441905,40.599696695,A192,_,00320,51
A192__00260.51,8.315911647789033,40.619309720000004,A192,_,00260,51
A192__00240.51,8.20884367888559,40.62244301,A192,_,00240,51
A192__00230.51,8.18383696311217,40.603692225,A192,_,00230,51
A192__00220.51,8.146964642377458,40.608300485,A192,_,00220,51
A192__00190.51,8.20346493656187,40.626235910000005,A192,_,00190,51
A192__00170.51,8.30950052842678,40.630539475,A192,_,00170,51
A192__00160.51,8.267239455537633,40.64124439,A192,_,00160,51
A192__00150.51,8.233865658856676,40.63706183,A192,_,00150,51
A192__00140.51,8.185703944551022,40.644469235,A192,_,00140,51
A192__00110.51,8.290557364290546,40.647558165,A192,_,00110,51
A192__00100.51,8.271569589809687,40.641739025,A192,_,00100,51
A192__00090.51,8.21767664192356,40.646053405,A192,_,00090,51
A192__00080.51,8.311331522210136,40.65292137,A192,_,00080,51
A192__00070.51,8.336401640046896,40.66339516,A192,_,00070,51
A192__00010.510,8.215417482459284,40.66599244,A192,_,00010,510
A192__00970.510,8.312399816902321,40.557997639999996,A192,_,00970,510
A192__00940.510,8.361708985282913,40.51295411,A192,_,00940,510
A192__00930.510,8.343957262770417,40.51969486,A192,_,00930,510
A192__00900.510,8.361191627469726,40.529409154999996,A192,_,00900,510
A192__00880.510,8.347126359337,40.521172245,A192,_,00880,510
A192__00860.510,8.356136288635867,40.537684675,A192,_,00860,510
A192__00840.510,8.32647212997685,40.540757525,A192,_,00840,510
A192__00810.510,8.368098159478714,40.545401784999996,A192,_,00810,510
A192__00750.510,8.365535613091865,40.554987569999994,A192,_,00750,510
A192__00730.510,8.345856051489527,40.555077749999995,A192,_,00730,510
A192__0071.510,8.316784372183879,40.5574438,A192,_,0071,510
A192__00660.510,8.328066723059031,40.562897930000005,A192,_,00660,510
A192__0064.510,8.323531448816137,40.562934525,A192,_,0064,510
A192__00530.510,8.33612596485883,40.59517519,A192,_,00530,510
A192__00520.510,8.331841800379419,40.595262829999996,A192,_,00520,510
A192__00480.510,8.220709956096208,40.594095519999996,A192,_,00480,510
A192__00420.510,8.345283562307937,40.60100543,A192,_,00420,510
A192__00390.510,8.322892180276046,40.609630095,A192,_,00390,510
A192__00380.510,8.309190808970875,40.597793235,A192,_,00380,510
A192__00360.510,8.289524664651942,40.609046705,A192,_,00360,510
A192__00280.510,8.364039427088272,40.619065590000005,A192,_,00280,510
A192__00270.510,8.327934089171467,40.60983513,A192,_,00270,510
A192__00260.510,8.290271041250392,40.624496865,A192,_,00260,510
A192__00250.510,8.270242854767773,40.614596004999996,A192,_,00250,510
A192__00210.510,8.353357389357917,40.619294749999995,A192,_,00210,510
A192__00190.510,8.200544666790082,40.635883925,A192,_,00190,510
A192__00160.510,8.270610510974056,40.637053245,A192,_,00160,510
A192__00120.510,8.299922981567093,40.65269431,A192,_,00120,510
A192__00060.510,8.305333249762873,40.65809043,A192,_,00060,510
A192__00040.510,8.252776753410423,40.663665415,A192,_,00040,510
A192__00010.511,8.215874370436818,40.66616716,A192,_,00010,511
A192__00970.511,8.31229643369839,40.557977120000004,A192,_,00970,511
A192__00940.511,8.362187237127774,40.51311309,A192,_,00940,511
A192__00930.511,8.340154444571077,40.52210436,A192,_,00930,511
A192__00900.511,8.361213883151418,40.529583020000004,A192,_,00900,511
A192__00880.511,8.344378504733184,40.52202314,A192,_,00880,511
A192__00860.511,8.356050966654394,40.53763775,A192,_,00860,511
A192__00840.511,8.32678550112135,40.540565765,A192,_,00840,511
A192__00810.511,8.362869053713592,40.548227069999996,A192,_,00810,511
A192__00800.511,8.346054400939689,40.547518345,A192,_,00800,511
A192__00750.511,8.365035879740729,40.554832495,A192,_,00750,511
A192__00730.511,8.354278517647451,40.556176210000004,A192,_,00730,511
A192__00660.511,8.326740142847086,40.56255769,A192,_,00660,511
A192__00600.511,8.351059256062257,40.576658885,A192,_,00600,511
A192__00540.511,8.349019290273791,40.59208162,A192,_,00540,511
A192__00520.511,8.331002018093004,40.595222135,A192,_,00520,511
A192__00490.511,8.262404396090789,40.591392490000004,A192,_,00490,511
A192__00400.511,8.330625113022828,40.605256945,A192,_,00400,511
A192__00380.511,8.307549963602519,40.59851328,A192,_,00380,511
A192__00280.511,8.364421296757932,40.618679645,A192,_,00280,511
A192__00270.511,8.328016472792495,40.610042635,A192,_,00270,511
A192__00260.511,8.289235354606996,40.623556519999994,A192,_,00260,511
A192__00250.511,8.27021999304046,40.614350625,A192,_,00250,511
A192__00160.511,8.271264262220305,40.628816025000006,A192,_,00160,511
A192__00120.511,8.297889285742752,40.65282312,A192,_,00120,511
A192__00060.511,8.30665697577168,40.65901714,A192,_,00060,511
A192__00040.511,8.252201632187504,40.664303615,A192,_,00040,511
A192__00010.512,8.21635364530814,40.666121925,A192,_,00010,512
A192__00970.512,8.312323832144742,40.55791553,A192,_,00970,512
A192__00940.512,8.362353031654507,40.513162890000004,A192,_,00940,512
A192__00930.512,8.335062555547216,40.52245279,A192,_,00930,512
A192__00900.512,8.354596054623041,40.532558885,A192,_,00900,512
A192__00880.512,8.344513794209629,40.522303345,A192,_,00880,512
A192__00860.512,8.357060493682312,40.54118567,A192,_,00860,512
A192__00840.512,8.331048541286926,40.53554793,A192,_,00840,512
A192__00810.512,8.362816925722608,40.547782764999994,A192,_,00810,512
A192__00780.512,8.337146287110034,40.544453340000004,A192,_,00780,512
A192__00740.512,8.359139257157466,40.56156992,A192,_,00740,512
A192__00730.512,8.343943559013962,40.552531725,A192,_,00730,512
A192__00590.512,8.377902854467983,40.578915135,A192,_,00590,512
A192__00560.512,8.324874531083724,40.58587468,A192,_,00560,512
A192__00540.512,8.348618231480785,40.592107035,A192,_,00540,512
A192__00530.512,8.33364966886792,40.5906329,A192,_,00530,512
A192__00520.512,8.328960009832699,40.591227634999996,A192,_,00520,512
A192__00400.512,8.330579270544433,40.605106115,A192,_,00400,512
A192__00390.512,8.32014771212489,40.60424542,A192,_,00390,512
A192__00380.512,8.312173511145392,40.595388315,A192,_,00380,512
A192__00360.512,8.285580895570426,40.60224311,A192,_,00360,512
A192__00280.512,8.364890229215476,40.617258660000005,A192,_,00280,512
A192__00270.512,8.3314665564188,40.616460419999996,A192,_,00270,512
A192__00260.512,8.289592603497319,40.623556485,A192,_,00260,512
A192__00210.512,8.35373947685913,40.618020380000004,A192,_,00210,512
A192__00190.512,8.20072775055219,40.633245474999995,A192,_,00190,512
A192__00160.512,8.26752881155025,40.63583017,A192,_,00160,512
A192__00120.512,8.298095225672656,40.6525217,A192,_,00120,512
A192__00060.512,8.30482116091159,40.65778532,A192,_,00060,512
A192__00040.513,8.24593150446126,40.656443235,A192,_,00040,513
A192__00970.513,8.312436569841207,40.55793832,A192,_,00970,513
A192__00940.513,8.358999060537087,40.51623274,A192,_,00940,513
A192__00860.513,8.3613427193713,40.536731044999996,A192,_,00860,513
A192__00840.513,8.3308024718213,40.53554793,A192,_,00840,513
A192__00810.513,8.3704291923568,40.545798039999994,A192,_,00810,513
A192__00800.513,8.346528049624952,40.547359205,A192,_,00800,513
A192__00740.513,8.358963447178644,40.561543900000004,A192,_,00740,513
A192__00680.513,8.359592920257363,40.566242085,A192,_,00680,513
A192__0065.513,8.31829042151595,40.56132211,A192,_,0065,513
A192__0064.513,8.317744959396386,40.564333684999994,A192,_,0064,513
A192__0061.513,8.316826859711117,40.57760462,A192,_,0061,513
A192__00590.513,8.37787874736597,40.57858267,A192,_,00590,513
A192__00580.513,8.373691393924574,40.585957199999996,A192,_,00580,513
A192__00540.513,8.35419326288531,40.593011845,A192,_,00540,513
A192__00530.513,8.337609946644466,40.59342321,A192,_,00530,513
A192__00420.513,8.348251700065477,40.60106059500001,A192,_,00420,513
A192__00410.513,8.329088355312463,40.608247575,A192,_,00410,513
A192__00390.513,8.320257353167644,40.604026575,A192,_,00390,513
A192__00280.513,8.363557809704638,40.618248545,A192,_,00280,513
A192__00270.513,8.330123799999999,40.617031,A192,_,00270,513
A192__00260.513,8.290339204455371,40.623552520000004,A192,_,00260,513
A192__00210.513,8.353601085345293,40.617802395,A192,_,00210,513
A192__00160.513,8.270112682112579,40.634637080000005,A192,_,00160,513
A192__00120.513,8.297850522800626,40.652590165,A192,_,00120,513
A192__00060.513,8.30664120476943,40.65940166,A192,_,00060,513
A192__00010.514,8.21442933399716,40.66076237,A192,_,00010,514
A192__00970.514,8.31233297695529,40.557859995,A192,_,00970,514
A192__00940.514,8.354719303561074,40.509719675,A192,_,00940,514
A192__00880.514,8.344330038686898,40.522301875,A192,_,00880,514
A192__00850.514,8.337649591069116,40.53907874,A192,_,00850,514
A192__00840.514,8.330610574593656,40.537370905,A192,_,00840,514
A192__00810.514,8.370471280816716,40.545842824999994,A192,_,00810,514
A192__00750.514,8.368107955463879,40.55732807,A192,_,00750,514
A192__00730.514,8.349422676221716,40.558997489999996,A192,_,00730,514
A192__0065.514,8.318230374234702,40.562048705,A192,_,0065,514
A192__0064.514,8.320128065719675,40.564516145,A192,_,0064,514
A192__00630.514,8.341792496573325,40.572090015,A192,_,00630,514
A192__00600.514,8.3524965755613,40.575707125,A192,_,00600,514
A192__00590.514,8.37606460778569,40.575617355,A192,_,00590,514
A192__00580.514,8.373721895866783,40.58626911,A192,_,00580,514
A192__00560.514,8.333299835421169,40.586240055000005,A192,_,00560,514
A192__00540.514,8.354024145674083,40.592631190000006,A192,_,00540,514
A192__00490.514,8.264815938382462,40.592081965,A192,_,00490,514
A192__00400.514,8.330598334638502,40.60510549999999,A192,_,00400,514
A192__00380.514,8.315453907303723,40.60193231,A192,_,00380,514
A192__00360.514,8.287662104539649,40.602223745,A192,_,00360,514
A192__00270.514,8.330066024999999,40.616804065,A192,_,00270,514
A192__00250.514,8.26987513657691,40.615006545,A192,_,00250,514
A192__00210.514,8.353825939838655,40.61712106,A192,_,00210,514
A192__00160.514,8.278508493610026,40.640067189999996,A192,_,00160,514
A192__00120.514,8.297831181391981,40.652247224999996,A192,_,00120,514
A192__00080.514,8.323090906559582,40.647327915000005,A192,_,00080,514
A192__00060.514,8.300804889034794,40.660063455,A192,_,00060,514
A192__00010.515,8.22525696573231,40.65604312,A192,_,00010,515
A192__00970.515,8.312360322601268,40.557787585,A192,_,00970,515
A192__00940.515,8.354546846915898,40.50913612,A192,_,00940,515
A192__00900.515,8.363672615231167,40.531651845,A192,_,00900,515
A192__00890.515,8.35271021373373,40.535510595,A192,_,00890,515
A192__00860.515,8.368455432474864,40.54169018499999,A192,_,00860,515
A192__00850.515,8.338366166966662,40.53904335,A192,_,00850,515
A192__00840.515,8.330761215590712,40.53730353,A192,_,00840,515
A192__00800.515,8.345349210641688,40.54909785,A192,_,00800,515
A192__00750.515,8.366675692851675,40.554679805,A192,_,00750,515
A192__00740.515,8.36089427102847,40.55440046,A192,_,00740,515
A192__00730.515,8.348026827195444,40.55502842,A192,_,00730,515
A192__00630.515,8.342066773118729,40.57218734,A192,_,00630,515
A192__00590.515,8.372361639754295,40.57834042,A192,_,00590,515
A192__00580.515,8.373747663646903,40.5854419,A192,_,00580,515
A192__00560.515,8.333234995659248,40.586334345,A192,_,00560,515
A192__00540.515,8.353957704447186,40.592552215,A192,_,00540,515
A192__00530.515,8.334168919631013,40.594660405,A192,_,00530,515
A192__00490.515,8.2653825166086,40.59217844,A192,_,00490,515
A192__00450.515,8.166751733647938,40.58435266,A192,_,00450,515
A192__00420.515,8.341411328232269,40.604905035,A192,_,00420,515
A192__00410.515,8.334148133346739,40.60159860500001,A192,_,00410,515
A192__00400.515,8.327192706975096,40.604447205,A192,_,00400,515
A192__00380.515,8.315317766979982,40.602080900000004,A192,_,00380,515
A192__00360.515,8.286069415137156,40.602835625,A192,_,00360,515
A192__00280.515,8.364315162463171,40.61630291,A192,_,00280,515
A192__00260.515,8.289168490274882,40.62302881,A192,_,00260,515
A192__00210.515,8.341877556508091,40.62234717,A192,_,00210,515
A192__00190.515,8.196907347996575,40.621955045,A192,_,00190,515
A192__00160.515,8.278511436720983,40.63892986,A192,_,00160,515
A192__00120.515,8.29762352268837,40.652504755,A192,_,00120,515
A192__00080.515,8.323263582413738,40.647295185000004,A192,_,00080,515
A192__00060.515,8.30423704004987,40.659461730000004,A192,_,00060,515
A192__00010.516,8.213880798880847,40.657502214999994,A192,_,00010,516
A192__00970.516,8.312441039206949,40.557863729999994,A192,_,00970,516
A192__00940.516,8.354465981624594,40.50892862,A192,_,00940,516
A192__00880.516,8.34354575973251,40.52338822,A192,_,00880,516
A192__00860.516,8.352605671405065,40.539158075,A192,_,00860,516
A192__00850.516,8.341362505673064,40.533385429999996,A192,_,00850,516
A192__00840.516,8.336480270884064,40.535718605,A192,_,00840,516
A192__00810.516,8.370260781665191,40.54599321,A192,_,00810,516
A192__00730.516,8.348129746934013,40.55506393,A192,_,00730,516
A192__00680.516,8.360611987085969,40.565982955,A192,_,00680,516
A192__0065.516,8.318257430380836,40.561820915,A192,_,0065,516
A192__00600.516,8.353322994811947,40.57444902,A192,_,00600,516
A192__00590.516,8.369857164175233,40.578547955000005,A192,_,00590,516
A192__00580.516,8.37504022624518,40.58973055,A192,_,00580,516
A192__00530.516,8.334042690241958,40.594633815,A192,_,00530,516
A192__00490.516,8.265958527392977,40.59227651,A192,_,00490,516
A192__00480.516,8.226566002502569,40.5889923,A192,_,00480,516
A192__00450.516,8.16640966565971,40.585862995,A192,_,00450,516
A192__00420.516,8.344844744895695,40.598803939999996,A192,_,00420,516
A192__00410.516,8.334326491503305,40.60159860500001,A192,_,00410,516
A192__00390.516,8.321192594175809,40.60267494,A192,_,00390,516
A192__00380.516,8.315358370578451,40.602135665,A192,_,00380,516
A192__00280.516,8.36348022379583,40.6170776,A192,_,00280,516
A192__00270.516,8.348924822554297,40.611520690000006,A192,_,00270,516
A192__00260.516,8.290006619504922,40.623028735000005,A192,_,00260,516
A192__00250.516,8.27027353784124,40.614926985,A192,_,00250,516
A192__00160.516,8.278889850094291,40.638371525,A192,_,00160,516
A192__00120.516,8.297381940818152,40.652504755,A192,_,00120,516
A192__00080.516,8.323427244910857,40.647529434999996,A192,_,00080,516
A192__00060.516,8.296069911201771,40.663696849999994,A192,_,00060,516
A192__00040.516,8.245899077645259,40.649955059999996,A192,_,00040,516
A192__00030.516,8.225432869279297,40.646615045,A192,_,00030,516
A192__00010.517,8.214141731966727,40.655498255,A192,_,00010,517
A192__00970.517,8.312555880239024,40.557893415,A192,_,00970,517
A192__00940.517,8.355070118421288,40.50904744,A192,_,00940,517
A192__00900.517,8.355693927851812,40.532273384999996,A192,_,00900,517
A192__00890.517,8.348319309856691,40.532215095,A192,_,00890,517
A192__00880.517,8.34311534172722,40.523337240000004,A192,_,00880,517
A192__00850.517,8.345905854309247,40.53520806,A192,_,00850,517
A192__00840.517,8.32791175017794,40.538165234999994,A192,_,00840,517
A192__00810.517,8.370240050952399,40.54623772,A192,_,00810,517
A192__00800.517,8.345316165928134,40.548911225,A192,_,00800,517
A192__00780.517,8.336036992926797,40.54451331,A192,_,00780,517
A192__0077.517,8.329866257870707,40.555377605000004,A192,_,0077,517
A192__00750.517,8.363755324878989,40.561604175,A192,_,00750,517
A192__00730.517,8.348479785443311,40.55547457,A192,_,00730,517
A192__0065.517,8.318241629426492,40.5618019,A192,_,0065,517
A192__0064.517,8.320111985725259,40.56179006,A192,_,0064,517
A192__00600.517,8.35273405795777,40.575475655000005,A192,_,00600,517
A192__00590.517,8.368809301560008,40.57734519,A192,_,00590,517
A192__00580.517,8.375259898510759,40.589966219999994,A192,_,00580,517
A192__00540.517,8.346903635031275,40.595501615,A192,_,00540,517
A192__00530.517,8.337559086645442,40.591585824999996,A192,_,00530,517
A192__00520.517,8.330428042699104,40.593366105,A192,_,00520,517
A192__00410.517,8.33435459394266,40.601457475000004,A192,_,00410,517
A192__00400.517,8.327258992995137,40.605110595,A192,_,00400,517
A192__00390.517,8.321477808688192,40.603393905000004,A192,_,00390,517
A192__00380.517,8.31559129544141,40.602311975,A192,_,00380,517
A192__00360.517,8.284807230748456,40.60304885,A192,_,00360,517
A192__00280.517,8.364466514807887,40.621865334999995,A192,_,00280,517
A192__00270.517,8.350279603258503,40.61189732,A192,_,00270,517
A192__00260.517,8.289873848258566,40.622521485,A192,_,00260,517
A192__00250.517,8.276706273783294,40.608328779999994,A192,_,00250,517
A192__00210.517,8.343722870576094,40.622967665000004,A192,_,00210,517
A192__00160.517,8.26400065112723,40.64123683,A192,_,00160,517
A192__00120.517,8.297590546550397,40.652619435000005,A192,_,00120,517
A192__00080.517,8.324301007491652,40.648473984999995,A192,_,00080,517
A192__00040.517,8.263471160400155,40.645648879999996,A192,_,00040,517
A192__00030.517,8.22510097841194,40.646271315,A192,_,00030,517
A192__00010.518,8.213965528277908,40.655306935,A192,_,00010,518
A192__00970.518,8.312607639558767,40.55782101,A192,_,00970,518
A192__00940.518,8.353321134895108,40.50839545,A192,_,00940,518
A192__00900.518,8.355558560079821,40.532444979999994,A192,_,00900,518
A192__00890.518,8.348470990526767,40.53244105,A192,_,00890,518
A192__00880.518,8.343561379386443,40.52332294,A192,_,00880,518
A192__00850.518,8.343866502993334,40.536290135,A192,_,00850,518
A192__00840.518,8.327919423037287,40.538525885,A192,_,00840,518
A192__00780.518,8.33590944207365,40.545095305000004,A192,_,00780,518
A192__00770.518,8.333371653297302,40.552891335,A192,_,00770,518
A192__00740.518,8.360196703271875,40.561466949999996,A192,_,00740,518
A192__00730.518,8.34831002311139,40.55513325,A192,_,00730,518
A192__0065.518,8.318200908240055,40.561872695000005,A192,_,0065,518
A192__0061.518,8.316010344483086,40.576399255,A192,_,0061,518
A192__00590.518,8.368706100582543,40.577741595000006,A192,_,00590,518
A192__00580.518,8.376133906872303,40.592647805,A192,_,00580,518
A192__00570.518,8.353392179743672,40.587860164999995,A192,_,00570,518
A192__00560.518,8.324258579622349,40.584721619999996,A192,_,00560,518
A192__00540.518,8.34722712396338,40.59556841,A192,_,00540,518
A192__00530.518,8.337776694380047,40.59154658,A192,_,00530,518
A192__00520.518,8.3305319286208,40.593399434999995,A192,_,00520,518
A192__00380.518,8.315625226896408,40.602413825,A192,_,00380,518
A192__00360.518,8.287546427743244,40.603633375,A192,_,00360,518
A192__00280.518,8.363877425536886,40.620977785,A192,_,00280,518
A192__00270.518,8.349792983569301,40.611759715,A192,_,00270,518
A192__00260.518,8.291797909939936,40.623023020000005,A192,_,00260,518
A192__00250.518,8.277384283412765,40.607384624999995,A192,_,00250,518
A192__00210.518,8.344719314452378,40.623288204999994,A192,_,00210,518
A192__00190.518,8.205475592534036,40.633201815,A192,_,00190,518
A192__00160.518,8.262158642131187,40.641229995,A192,_,00160,518
A192__00080.518,8.323610399850299,40.648523645,A192,_,00080,518
A192__00060.518,8.304191422878944,40.660050819999995,A192,_,00060,518
A192__00040.518,8.26344963242787,40.646890075,A192,_,00040,518
A192__00030.518,8.227446327657521,40.64746676,A192,_,00030,518
A192__00030.519,8.227227925283259,40.6464186,A192,_,00030,519
A192__00970.519,8.312475127232794,40.55778425,A192,_,00970,519
A192__00940.519,8.354553999823967,40.508623565,A192,_,00940,519
A192__00900.519,8.35456044842914,40.53174233,A192,_,00900,519
A192__00840.519,8.336309701681987,40.535500035,A192,_,00840,519
A192__00810.519,8.370349151251965,40.546098425,A192,_,00810,519
A192__00800.519,8.357085970328416,40.544483975,A192,_,00800,519
A192__00780.519,8.326303767415157,40.542965785,A192,_,00780,519
A192__00770.519,8.331972444814754,40.55325296,A192,_,00770,519
A192__00730.519,8.348970279717857,40.55175951,A192,_,00730,519
A192__00680.519,8.359859453641977,40.566479695,A192,_,00680,519
A192__0065.519,8.318152724131597,40.56181651,A192,_,0065,519
A192__00640.519,8.32054868141986,40.568833775,A192,_,00640,519
A192__0061.519,8.31607584188536,40.576092994999996,A192,_,0061,519
A192__00600.519,8.331345669619353,40.58396712,A192,_,00600,519
A192__00580.519,8.374336472658793,40.587872885,A192,_,00580,519
A192__00560.519,8.324173931171408,40.58454821,A192,_,00560,519
A192__00540.519,8.346219320437548,40.594582085,A192,_,00540,519
A192__00530.519,8.339403952794427,40.59563646,A192,_,00530,519
A192__00520.519,8.330665797185421,40.59317207,A192,_,00520,519
A192__00400.519,8.3271200808809,40.60511471,A192,_,00400,519
A192__00380.519,8.312458537447593,40.595067424999996,A192,_,00380,519
A192__00360.519,8.285404378831691,40.6032984,A192,_,00360,519
A192__00280.519,8.36303312175313,40.619626600000004,A192,_,00280,519
A192__00270.519,8.332125374591799,40.619649089999996,A192,_,00270,519
A192__00260.519,8.288377090280257,40.62204484,A192,_,00260,519
A192__00250.519,8.278558587765518,40.61048748,A192,_,00250,519
A192__00210.519,8.345380243398555,40.62349702,A192,_,00210,519
A192__00160.519,8.261504247933232,40.64122819,A192,_,00160,519
A192__00080.519,8.32368946269878,40.647610189999995,A192,_,00080,519
A192__00060.519,8.303677122741632,40.659980794999996,A192,_,00060,519
A192__00070.52,8.339359780934942,40.662387984999995,A192,_,00070,52
A192__00970.52,8.314413122554267,40.55939203,A192,_,00970,52
A192__00950.52,8.343502872158354,40.516811505,A192,_,00950,52
A192__00940.52,8.355572144277964,40.513240525,A192,_,00940,52
A192__00920.52,8.39171354756595,40.531673440000006,A192,_,00920,52
A192__00870.52,8.339624092727272,40.52678582,A192,_,00870,52
A192__00800.52,8.360116674997464,40.543716700000004,A192,_,00800,52
A192__00780.52,8.326598553063123,40.541742535,A192,_,00780,52
A192__00750.52,8.37008312079784,40.551340339999996,A192,_,00750,52
A192__00680.52,8.34933488822773,40.572584085,A192,_,00680,52
A192__00670.52,8.341185826213918,40.565823484999996,A192,_,00670,52
A192__0065.52,8.316517484504693,40.56099078,A192,_,0065,52
A192__00640.52,8.32395328227251,40.566657055,A192,_,00640,52
A192__00630.52,8.336975307173164,40.572146055,A192,_,00630,52
A192__00570.52,8.349463515534781,40.591040625,A192,_,00570,52
A192__00560.52,8.32434761978531,40.5790122,A192,_,00560,52
A192__00550.52,8.317701853257407,40.587759875,A192,_,00550,52
A192__00520.52,8.328933664006957,40.59236081,A192,_,00520,52
A192__0050.52,8.31282849924115,40.580412935,A192,_,0050,52
A192__00460.52,8.16349989114098,40.562255664999995,A192,_,00460,52
A192__00450.52,8.165579712431294,40.58510276,A192,_,00450,52
A192__00430.52,8.351718220897855,40.6028669,A192,_,00430,52
A192__00380.52,8.310864169407857,40.598315845,A192,_,00380,52
A192__00350.52,8.279568931862373,40.603594529999995,A192,_,00350,52
A192__00340.52,8.261227760762274,40.604719125,A192,_,00340,52
A192__00320.52,8.208536984845827,40.593256839999995,A192,_,00320,52
A192__00280.52,8.354120274332736,40.604512715,A192,_,00280,52
A192__00260.52,8.322114468510833,40.61830046,A192,_,00260,52
A192__00250.52,8.267311605437902,40.62236355500001,A192,_,00250,52
A192__00240.52,8.208134153004888,40.624156415,A192,_,00240,52
A192__00230.52,8.183984811654136,40.604587304999995,A192,_,00230,52
A192__00220.52,8.146600535855935,40.607977149999996,A192,_,00220,52
A192__00210.52,8.352381873135819,40.636148985000005,A192,_,00210,52
A192__00200.52,8.259112396426968,40.624113525,A192,_,00200,52
A192__00190.52,8.20369839810164,40.626062825000005,A192,_,00190,52
A192__00160.52,8.269573370691699,40.64123868,A192,_,00160,52
A192__00140.52,8.19207419674354,40.653316635,A192,_,00140,52
A192__00120.52,8.308646130721018,40.64619396,A192,_,00120,52
A192__00100.52,8.271942236698797,40.642627195,A192,_,00100,52
A192__00090.52,8.221926353847795,40.646753855,A192,_,00090,52
A192__00080.52,8.311844732796304,40.654094825,A192,_,00080,52
A192__00030.520,8.226600053131317,40.64744746,A192,_,00030,520
A192__00970.520,8.312520158896834,40.557963740000005,A192,_,00970,520
A192__00940.520,8.35518886695391,40.50873421,A192,_,00940,520
A192__00900.520,8.35489217071464,40.532022945,A192,_,00900,520
A192__00880.520,8.343618650497147,40.527196669999995,A192,_,00880,520
A192__00860.520,8.352440351462342,40.53740768,A192,_,00860,520
A192__00850.520,8.339928972082749,40.538352204999995,A192,_,00850,520
A192__00780.520,8.334880967001414,40.543369075,A192,_,00780,520
A192__00750.520,8.366843883340504,40.557279835,A192,_,00750,520
A192__00680.520,8.360029775996548,40.566252425,A192,_,00680,520
A192__00660.520,8.337018415813162,40.567507660000004,A192,_,00660,520
A192__00650.520,8.316281462937035,40.563529474999996,A192,_,00650,520
A192__00640.520,8.320383083063003,40.568763295,A192,_,00640,520
A192__00630.520,8.341652752702872,40.57140611,A192,_,00630,520
A192__00600.520,8.332055625323529,40.583676085,A192,_,00600,520
A192__00580.520,8.370856742342252,40.5906651,A192,_,00580,520
A192__00540.520,8.354622541367512,40.59189404,A192,_,00540,520
A192__00530.520,8.3392757908371,40.595731835,A192,_,00530,520
A192__00520.520,8.330623870580538,40.59336653,A192,_,00520,520
A192__00480.520,8.226723585987088,40.5887123,A192,_,00480,520
A192__00420.520,8.345084837788917,40.600944895,A192,_,00420,520
A192__00410.520,8.337173791831152,40.599628795,A192,_,00410,520
A192__00390.520,8.321795513085657,40.603337415,A192,_,00390,520
A192__00360.520,8.300327372335827,40.60781788,A192,_,00360,520
A192__00260.520,8.289840804995226,40.621847395,A192,_,00260,520
A192__00250.520,8.277749219579114,40.610340414999996,A192,_,00250,520
A192__00160.520,8.272228930563365,40.63391248,A192,_,00160,520
A192__00080.520,8.320966769060748,40.653649575,A192,_,00080,520
A192__00060.520,8.30369631079121,40.65972093,A192,_,00060,520
A192__00030.521,8.226715088465351,40.64638536,A192,_,00030,521
A192__00970.521,8.31241279990196,40.557676135,A192,_,00970,521
A192__00940.521,8.354616377953288,40.508429205,A192,_,00940,521
A192__00900.521,8.368580071609875,40.53148287,A192,_,00900,521
A192__00880.521,8.342496492233108,40.528118340000006,A192,_,00880,521
A192__00860.521,8.352344866500573,40.537343699999994,A192,_,00860,521
A192__00840.521,8.328412903299803,40.53946945,A192,_,00840,521
A192__00800.521,8.349239446167152,40.549377105000005,A192,_,00800,521
A192__00780.521,8.335336612228112,40.54386919,A192,_,00780,521
A192__0077.521,8.331642372198464,40.551823005,A192,_,0077,521
A192__00750.521,8.371108078196103,40.55090417,A192,_,00750,521
A192__00740.521,8.360358428122737,40.561083265,A192,_,00740,521
A192__00730.521,8.354981450503757,40.55428871,A192,_,00730,521
A192__00680.521,8.355644389503745,40.56839279,A192,_,00680,521
A192__00640.521,8.320332818275746,40.568498430000005,A192,_,00640,521
A192__00630.521,8.342003689130452,40.571412205,A192,_,00630,521
A192__00600.521,8.331910421004332,40.583896625,A192,_,00600,521
A192__00560.521,8.326193628195917,40.578364135,A192,_,00560,521
A192__00540.521,8.354542993624587,40.592172755,A192,_,00540,521
A192__00530.521,8.34216988795811,40.594626555000005,A192,_,00530,521
A192__00520.521,8.330728213898107,40.59340935,A192,_,00520,521
A192__0049.521,8.281760250043913,40.593359835,A192,_,0049,521
A192__00420.521,8.345321962559797,40.6009061,A192,_,00420,521
A192__00390.521,8.321947784849172,40.60332328,A192,_,00390,521
A192__00380.521,8.310986217370655,40.597162175,A192,_,00380,521
A192__00360.521,8.301189880181141,40.608496425,A192,_,00360,521
A192__00280.521,8.363660359424433,40.621421749999996,A192,_,00280,521
A192__00260.521,8.291733113958085,40.621829645000005,A192,_,00260,521
A192__00250.521,8.273759089405385,40.616465129999995,A192,_,00250,521
A192__00160.521,8.272395586018765,40.633580945,A192,_,00160,521
A192__00120.521,8.300148960625545,40.624849215,A192,_,00120,521
A192__00060.521,8.303490891975418,40.659794325,A192,_,00060,521
A192__00030.522,8.2258144177674,40.647334305,A192,_,00030,522
A192__00970.522,8.312429029240262,40.557593095,A192,_,00970,522
A192__00940.522,8.355261582883754,40.50855222,A192,_,00940,522
A192__00900.522,8.36754059999004,40.531459084999995,A192,_,00900,522
A192__00890.522,8.348263986627694,40.5327158,A192,_,00890,522
A192__00880.522,8.342179192176353,40.527753774999994,A192,_,00880,522
A192__00860.522,8.362439903473717,40.538142765,A192,_,00860,522
A192__00850.522,8.345052586069038,40.531451775,A192,_,00850,522
A192__00810.522,8.368412696373941,40.547915205,A192,_,00810,522
A192__00800.522,8.349427305006607,40.55005316,A192,_,00800,522
A192__00740.522,8.360454987648213,40.561083265,A192,_,00740,522
A192__00730.522,8.35495297354618,40.554053545,A192,_,00730,522
A192__00680.522,8.356271927548303,40.568695945,A192,_,00680,522
A192__0061.522,8.316209291643196,40.575884450000004,A192,_,0061,522
A192__00600.522,8.351053759106115,40.57571466,A192,_,00600,522
A192__00580.522,8.372799460313987,40.58452497,A192,_,00580,522
A192__00560.522,8.325795572787154,40.57845661,A192,_,00560,522
A192__00540.522,8.345408301738338,40.591776415,A192,_,00540,522
A192__00530.522,8.340082845491889,40.59636429,A192,_,00530,522
A192__00520.522,8.330733856649974,40.59331251,A192,_,00520,522
A192__0049.522,8.285506466828519,40.59288899,A192,_,0049,522
A192__00390.522,8.32195947297392,40.603269025,A192,_,00390,522
A192__00380.522,8.310623454081274,40.59733428,A192,_,00380,522
A192__00280.522,8.364378660202537,40.622631395,A192,_,00280,522
A192__00270.522,8.33325062277753,40.621218035,A192,_,00270,522
A192__00260.522,8.292704712689716,40.6206728,A192,_,00260,522
A192__00250.522,8.273980003523342,40.61571769,A192,_,00250,522
A192__00160.522,8.272484172131104,40.63401606,A192,_,00160,522
A192__00120.522,8.29747897001516,40.651147935,A192,_,00120,522
A192__00080.522,8.323394055306288,40.663906915,A192,_,00080,522
A192__00060.522,8.30342964959953,40.65990056,A192,_,00060,522
A192__00010.523,8.229847618762069,40.65958998,A192,_,00010,523
A192__00970.523,8.312536591479809,40.557603575,A192,_,00970,523
A192__00940.523,8.357564994568662,40.50822851,A192,_,00940,523
A192__00900.523,8.368798673558432,40.52529568,A192,_,00900,523
A192__00880.523,8.349953188247113,40.52274452,A192,_,00880,523
A192__00860.523,8.362294950453322,40.53805116,A192,_,00860,523
A192__00850.523,8.343013135906492,40.53040961,A192,_,00850,523
A192__00740.523,8.36058898103548,40.561157385,A192,_,00740,523
A192__00730.523,8.348168054816,40.552514115,A192,_,00730,523
A192__00680.523,8.35604566164379,40.56873273,A192,_,00680,523
A192__00640.523,8.320628888570404,40.568565195000005,A192,_,00640,523
A192__0061.523,8.316218626394274,40.57564655,A192,_,0061,523
A192__00600.523,8.351304484328995,40.575754125,A192,_,00600,523
A192__00570.523,8.349925880656695,40.583167955,A192,_,00570,523
A192__00540.523,8.34528515449551,40.592115475,A192,_,00540,523
A192__00520.523,8.33036387482667,40.592207555,A192,_,00520,523
A192__0049.523,8.285905828332687,40.59306986,A192,_,0049,523
A192__00480.523,8.226231011914116,40.588580045,A192,_,00480,523
A192__00400.523,8.32681567639667,40.60441672,A192,_,00400,523
A192__00390.523,8.322032818406077,40.603319835,A192,_,00390,523
A192__00380.523,8.31055380779104,40.596904714999994,A192,_,00380,523
A192__00280.523,8.362115753666505,40.616632585000005,A192,_,00280,523
A192__00270.523,8.328989019235758,40.61145556,A192,_,00270,523
A192__00250.523,8.27369025134221,40.61492294,A192,_,00250,523
A192__00190.523,8.203954233721923,40.6410178,A192,_,00190,523
A192__00160.523,8.272235257826585,40.63361447,A192,_,00160,523
A192__00120.523,8.297476800028448,40.650818099999995,A192,_,00120,523
A192__00030.523,8.225923808909034,40.64631975499999,A192,_,00030,523
A192__00010.524,8.234139745,40.65663372,A192,_,00010,524
A192__00970.524,8.31251258386364,40.557681305,A192,_,00970,524
A192__00900.524,8.368287768726344,40.525336429999996,A192,_,00900,524
A192__00890.524,8.351766648365455,40.53053581,A192,_,00890,524
A192__00880.524,8.350014797956106,40.522501629999994,A192,_,00880,524
A192__00860.524,8.36223543582004,40.53819161,A192,_,00860,524
A192__00840.524,8.329289822236031,40.539053859999996,A192,_,00840,524
A192__00800.524,8.354584334022636,40.54502083,A192,_,00800,524
A192__00770.524,8.33408940385934,40.54997808,A192,_,00770,524
A192__00740.524,8.360725384519679,40.561083455,A192,_,00740,524
A192__00730.524,8.3536440283577,40.55208322,A192,_,00730,524
A192__00680.524,8.35443251239018,40.563530935,A192,_,00680,524
A192__00640.524,8.321010691395486,40.568534075,A192,_,00640,524
A192__00600.524,8.35035018643066,40.577146185000004,A192,_,00600,524
A192__00580.524,8.355381328208603,40.580135605,A192,_,00580,524
A192__00570.524,8.349685482694973,40.582981585,A192,_,00570,524
A192__00530.524,8.340084349223556,40.59619587,A192,_,00530,524
A192__00520.524,8.330145198487738,40.592122255,A192,_,00520,524
A192__00420.524,8.349291535838578,40.601822375,A192,_,00420,524
A192__00400.524,8.326782072350802,40.606548860000004,A192,_,00400,524
A192__00380.524,8.310799045489116,40.596823305,A192,_,00380,524
A192__00280.524,8.36311070492551,40.616260870000005,A192,_,00280,524
A192__00270.524,8.329554402883687,40.610821385,A192,_,00270,524
A192__00260.524,8.292361860840789,40.620505865,A192,_,00260,524
A192__00190.524,8.203783165040662,40.6410178,A192,_,00190,524
A192__00120.524,8.297474627527546,40.65048816,A192,_,00120,524
A192__00060.524,8.280496982784518,40.652643510000004,A192,_,00060,524
A192__00010.525,8.234069226628565,40.656397995,A192,_,00010,525
A192__00970.525,8.312600540145871,40.557690835,A192,_,00970,525
A192__00880.525,8.350284750823008,40.52248783,A192,_,00880,525
A192__00860.525,8.362211859298348,40.53805063,A192,_,00860,525
A192__00850.525,8.34164585594782,40.531953975,A192,_,00850,525
A192__00840.525,8.328383400717366,40.539034295,A192,_,00840,525
A192__00800.525,8.358778734097655,40.54781279,A192,_,00800,525
A192__00730.525,8.353621783026451,40.552608864999996,A192,_,00730,525
A192__00680.525,8.35456588598869,40.563662205,A192,_,00680,525
A192__00660.525,8.336025286746027,40.567829759999995,A192,_,00660,525
A192__00640.525,8.320193548076016,40.568655395,A192,_,00640,525
A192__00600.525,8.350059338184126,40.577021375,A192,_,00600,525
A192__00590.525,8.373967482834988,40.583029100000005,A192,_,00590,525
A192__00560.525,8.32903276564698,40.582458615,A192,_,00560,525
A192__00540.525,8.346310338358848,40.59186431,A192,_,00540,525
A192__00530.525,8.33992967811898,40.597993145000004,A192,_,00530,525
A192__00490.525,8.248274620708877,40.58665549,A192,_,00490,525
A192__00480.525,8.238841723250589,40.592085545,A192,_,00480,525
A192__00420.525,8.349064021251973,40.60163632,A192,_,00420,525
A192__00410.525,8.332288784945408,40.60669604,A192,_,00410,525
A192__00400.525,8.32694708350459,40.606786435000004,A192,_,00400,525
A192__00390.525,8.323480196399089,40.61017801,A192,_,00390,525
A192__00380.525,8.310224772121867,40.59755954,A192,_,00380,525
A192__00360.525,8.314583008985846,40.61312452,A192,_,00360,525
A192__00280.525,8.363716735231764,40.615758944999996,A192,_,00280,525
A192__00270.525,8.325629867782858,40.614605100000006,A192,_,00270,525
A192__00260.525,8.292362660136043,40.620254540000005,A192,_,00260,525
A192__00210.525,8.352605133724627,40.631235015,A192,_,00210,525
A192__00190.525,8.205970929052134,40.634390859999996,A192,_,00190,525
A192__00120.525,8.297484411442365,40.65013481,A192,_,00120,525
A192__00080.525,8.322311085037356,40.66022655,A192,_,00080,525
A192__00060.525,8.280717072560302,40.652812825,A192,_,00060,525
A192__00030.525,8.244279743644743,40.6497448,A192,_,00030,525
A192__00010.526,8.233974387526924,40.656299835,A192,_,00010,526
A192__00970.526,8.312666087249095,40.557612795,A192,_,00970,526
A192__00940.526,8.361940512305008,40.508814095,A192,_,00940,526
A192__00890.526,8.350764660846473,40.529021185000005,A192,_,00890,526
A192__00880.526,8.347503039577816,40.523016335,A192,_,00880,526
A192__00860.526,8.352538774127204,40.53910657,A192,_,00860,526
A192__00850.526,8.341539103781168,40.532061815000006,A192,_,00850,526
A192__00840.526,8.32824158812166,40.539114565,A192,_,00840,526
A192__00810.526,8.367319967045404,40.5457713,A192,_,00810,526
A192__00800.526,8.359538854612929,40.54778142,A192,_,00800,526
A192__00780.526,8.329734996394958,40.545076460000004,A192,_,00780,526
A192__0065.526,8.316940052456918,40.562143004999996,A192,_,0065,526
A192__00610.526,8.318060396671827,40.579784450000005,A192,_,00610,526
A192__00600.526,8.33542845796931,40.588053355,A192,_,00600,526
A192__00590.526,8.373790604582814,40.582985995,A192,_,00590,526
A192__00580.526,8.3630257148073,40.585514475,A192,_,00580,526
A192__00570.526,8.352039962789027,40.58512625,A192,_,00570,526
A192__00560.526,8.327703773460918,40.580487,A192,_,00560,526
A192__00530.526,8.339763136741732,40.59793819,A192,_,00530,526
A192__00520.526,8.330458233137922,40.591972874999996,A192,_,00520,526
A192__0049.526,8.281238488785228,40.59315588,A192,_,0049,526
A192__00480.526,8.238758822648824,40.591840704999996,A192,_,00480,526
A192__00420.526,8.344569011735688,40.597670550000004,A192,_,00420,526
A192__00410.526,8.332256974547462,40.606170875000004,A192,_,00410,526
A192__00390.526,8.323315037125555,40.609873435,A192,_,00390,526
A192__00380.526,8.30982767916341,40.597752465,A192,_,00380,526
A192__00360.526,8.31410005000881,40.612873715,A192,_,00360,526
A192__00280.526,8.365007136031199,40.62126034,A192,_,00280,526
A192__00270.526,8.325674390213774,40.613790475,A192,_,00270,526
A192__00250.526,8.27153970451418,40.613770265,A192,_,00250,526
A192__00210.526,8.352189606653937,40.632012575000005,A192,_,00210,526
A192__00190.526,8.205886444045712,40.63444901,A192,_,00190,526
A192__00120.526,8.298104921885972,40.650817855,A192,_,00120,526
A192__00080.526,8.322005606028025,40.65188642,A192,_,00080,526
A192__00060.526,8.28088819549479,40.65227159,A192,_,00060,526
A192__00010.527,8.23430775668633,40.65654664,A192,_,00010,527
A192__00970.527,8.312725557398334,40.55771125,A192,_,00970,527
A192__00940.527,8.3617274606204,40.508398895,A192,_,00940,527
A192__00890.527,8.350524449525036,40.52876974,A192,_,00890,527
A192__00880.527,8.348124791081412,40.5228752,A192,_,00880,527
A192__00850.527,8.341375443269783,40.532161655,A192,_,00850,527
A192__00800.527,8.359782295246248,40.54831212,A192,_,00800,527
A192__00780.527,8.336958639803129,40.540898585,A192,_,00780,527
A192__00770.527,8.334762036338784,40.550027985,A192,_,00770,527
A192__00750.527,8.369593475059784,40.558224765,A192,_,00750,527
A192__00740.527,8.355492875067801,40.561963524999996,A192,_,00740,527
A192__00730.527,8.355133822906495,40.553971825000005,A192,_,00730,527
A192__00680.527,8.355955255124849,40.56903547,A192,_,00680,527
A192__00660.527,8.33665285137488,40.56740688,A192,_,00660,527
A192__0065.527,8.317375729984558,40.562016915,A192,_,0065,527
A192__00640.527,8.321475700528817,40.56805133,A192,_,00640,527
A192__00600.527,8.335571780510733,40.58786932,A192,_,00600,527
A192__00590.527,8.373432405512428,40.58316379,A192,_,00590,527
A192__00580.527,8.368187347242893,40.580295025,A192,_,00580,527
A192__00570.527,8.341382866460249,40.589907055,A192,_,00570,527
A192__00560.527,8.32581925501215,40.58021162,A192,_,00560,527
A192__00540.527,8.346281569052024,40.591463765,A192,_,00540,527
A192__00530.527,8.340910944420093,40.594830009999995,A192,_,00530,527
A192__00520.527,8.321236503126272,40.591662235,A192,_,00520,527
A192__0049.527,8.281238204935454,40.59300895,A192,_,0049,527
A192__00480.527,8.238679267560654,40.591598405,A192,_,00480,527
A192__00420.527,8.344777462095003,40.597485855,A192,_,00420,527
A192__00410.527,8.333130011985707,40.606530289999995,A192,_,00410,527
A192__00390.527,8.323397949224404,40.610020375,A192,_,00390,527
A192__00380.527,8.31275026052344,40.592840730000006,A192,_,00380,527
A192__00360.527,8.313847310092221,40.612824185,A192,_,00360,527
A192__00280.527,8.36436697494903,40.621200995,A192,_,00280,527
A192__00250.527,8.270578827666487,40.613982475,A192,_,00250,527
A192__00210.527,8.351858345047948,40.631865725,A192,_,00210,527
A192__00120.527,8.298783137900948,40.651052775,A192,_,00120,527
A192__00080.527,8.319927180074057,40.641576435000005,A192,_,00080,527
A192__00060.527,8.280609357714603,40.65228732,A192,_,00060,527
A192__00040.527,8.246386469371506,40.66419915,A192,_,00040,527
A192__00030.528,8.23840399524677,40.661928919999994,A192,_,00030,528
A192__00970.528,8.312802298171931,40.55763135,A192,_,00970,528
A192__00940.528,8.360044189347654,40.50956344,A192,_,00940,528
A192__00900.528,8.3575621822535,40.53369989,A192,_,00900,528
A192__00880.528,8.342147774368538,40.52397285000001,A192,_,00880,528
A192__00850.528,8.341599066934709,40.532073335,A192,_,00850,528
A192__00810.528,8.367914772545689,40.54995432,A192,_,00810,528
A192__00740.528,8.355664320356183,40.562197725000004,A192,_,00740,528
A192__00730.528,8.354739415529433,40.553624909999996,A192,_,00730,528
A192__00680.528,8.351356117043455,40.57052181,A192,_,00680,528
A192__0065.528,8.317319885940165,40.56192714,A192,_,0065,528
A192__00610.528,8.31576763496873,40.579621875,A192,_,00610,528
A192__00590.528,8.37376327104925,40.582938795,A192,_,00590,528
A192__00580.528,8.36841976965507,40.580233234999994,A192,_,00580,528
A192__00570.528,8.34092736825517,40.590470245000006,A192,_,00570,528
A192__00530.528,8.341199005081547,40.59459914,A192,_,00530,528
A192__0049.528,8.281239492908856,40.592931495,A192,_,0049,528
A192__00480.528,8.238977584175064,40.59119872,A192,_,00480,528
A192__00420.528,8.345054101459128,40.596895805,A192,_,00420,528
A192__00380.528,8.313015822516768,40.59301926,A192,_,00380,528
A192__00360.528,8.313850545000001,40.612652335,A192,_,00360,528
A192__00280.528,8.359909232312276,40.612486445,A192,_,00280,528
A192__00270.528,8.326195497110144,40.61747781,A192,_,00270,528
A192__00250.528,8.270896769707118,40.613091215,A192,_,00250,528
A192__00210.528,8.351523793851422,40.631851485,A192,_,00210,528
A192__00190.528,8.202069548140411,40.637237345,A192,_,00190,528
A192__00160.528,8.270769626314745,40.636844409999995,A192,_,00160,528
A192__00120.528,8.299578166096172,40.65119027,A192,_,00120,528
A192__00080.528,8.31519332553687,40.64232808,A192,_,00080,528
A192__00060.528,8.280974302506642,40.65279577,A192,_,00060,528
A192__00040.528,8.24645578276068,40.663616605,A192,_,00040,528
A192__00040.529,8.247788342984313,40.66440576,A192,_,00040,529
A192__00970.529,8.312988870518273,40.55764952,A192,_,00970,529
A192__00940.529,8.3605160124671,40.510260360000004,A192,_,00940,529
A192__00900.529,8.369523810169863,40.541910720000004,A192,_,00900,529
A192__00890.529,8.350717117677075,40.52866781,A192,_,00890,529
A192__00880.529,8.34237115266292,40.52400453,A192,_,00880,529
A192__00850.529,8.340853430109739,40.532082689999996,A192,_,00850,529
A192__00810.529,8.367988474802909,40.549641390000005,A192,_,00810,529
A192__00780.529,8.323574669743945,40.54652205,A192,_,00780,529
A192__00770.529,8.335696577122963,40.54970012,A192,_,00770,529
A192__00750.529,8.397054156961307,40.551001305,A192,_,00750,529
A192__00680.529,8.351199214270927,40.570482850000005,A192,_,00680,529
A192__00640.529,8.334249973306346,40.5680802,A192,_,00640,529
A192__00610.529,8.315958855217469,40.579327344999996,A192,_,00610,529
A192__00600.529,8.335895443355446,40.587797655,A192,_,00600,529
A192__00590.529,8.373395586446168,40.58309738,A192,_,00590,529
A192__00580.529,8.365338512738667,40.590855669999996,A192,_,00580,529
A192__00570.529,8.348943996272617,40.583629404999996,A192,_,00570,529
A192__00560.529,8.3274484931291,40.587916095,A192,_,00560,529
A192__00540.529,8.343456248273077,40.59357109,A192,_,00540,529
A192__00520.529,8.327812213563195,40.59078905,A192,_,00520,529
A192__00480.529,8.238210128721946,40.59233476,A192,_,00480,529
A192__00420.529,8.344836099421626,40.59722386,A192,_,00420,529
A192__00390.529,8.31738805122616,40.60031885,A192,_,00390,529
A192__00380.529,8.312540091495492,40.592891905,A192,_,00380,529
A192__00280.529,8.362665985739838,40.61435543,A192,_,00280,529
A192__00250.529,8.270395378908352,40.61349066,A192,_,00250,529
A192__00210.529,8.351686599821761,40.632486154999995,A192,_,00210,529
A192__00120.529,8.300441823458574,40.651467395,A192,_,00120,529
A192__00080.529,8.32236997,40.66182838500001,A192,_,00080,529
A192__00060.529,8.280937635005305,40.652805130000004,A192,_,00060,529
A192__00050.53,8.282507161620554,40.663135645,A192,_,00050,53
A192__00970.53,8.314515141065485,40.55937673,A192,_,00970,53
A192__00960.53,8.366877792983619,40.50595845,A192,_,00960,53
A192__00940.53,8.362670695285747,40.51210881,A192,_,00940,53
A192__00930.53,8.336358228885429,40.520075995,A192,_,00930,53
A192__00920.53,8.393983185617984,40.529720805,A192,_,00920,53
A192__00900.53,8.35697150461096,40.53283782,A192,_,00900,53
A192__00870.53,8.340333759596145,40.528535005,A192,_,00870,53
A192__00850.53,8.342207785778186,40.53324341,A192,_,00850,53
A192__00800.53,8.362161854356094,40.54342884,A192,_,00800,53
A192__00790.53,8.344149499583335,40.537436639999996,A192,_,00790,53
A192__00780.53,8.327834565900472,40.544925955,A192,_,00780,53
A192__00750.53,8.366368880286762,40.553906995000006,A192,_,00750,53
A192__00740.53,8.354678002871232,40.557201289999995,A192,_,00740,53
A192__00720.53,8.343608291021269,40.55408947,A192,_,00720,53
A192__0071.53,8.326138085414255,40.558710375000004,A192,_,0071,53
A192__00700.53,8.41094150937542,40.573592430000005,A192,_,00700,53
A192__00680.53,8.349589427939252,40.57262242,A192,_,00680,53
A192__00670.53,8.340145933234275,40.56639851,A192,_,00670,53
A192__00630.53,8.33740026587672,40.57266972,A192,_,00630,53
A192__00620.53,8.324024103412091,40.571848380000006,A192,_,00620,53
A192__00600.53,8.3448222880129,40.577502835000004,A192,_,00600,53
A192__00560.53,8.324294380971342,40.584037445,A192,_,00560,53
A192__00550.53,8.318048510178876,40.586521989999994,A192,_,00550,53
A192__00540.53,8.344012559931869,40.591538650000004,A192,_,00540,53
A192__00520.53,8.328663953031985,40.59253245,A192,_,00520,53
A192__00510.53,8.315530735862815,40.590186904999996,A192,_,00510,53
A192__0050.53,8.312826495096871,40.58057361,A192,_,0050,53
A192__00460.53,8.163077157324903,40.564550645,A192,_,00460,53
A192__00450.53,8.164875345455911,40.584175384999995,A192,_,00450,53
A192__00430.53,8.37661215673767,40.595308225,A192,_,00430,53
A192__00390.53,8.322713976417464,40.59860619,A192,_,00390,53
A192__00380.53,8.310922869812073,40.600149465,A192,_,00380,53
A192__00370.53,8.296816011247149,40.5959058,A192,_,00370,53
A192__00350.53,8.27929571163256,40.604338065,A192,_,00350,53
A192__00330.53,8.239516258712172,40.595712685,A192,_,00330,53
A192__00280.53,8.3567192972838,40.603042505,A192,_,00280,53
A192__00230.53,8.188849637219066,40.60644156,A192,_,00230,53
A192__00220.53,8.146335221593313,40.60780511,A192,_,00220,53
A192__00210.53,8.35177809124929,40.636225429999996,A192,_,00210,53
A192__00190.53,8.2032184122125,40.626369755,A192,_,00190,53
A192__00160.53,8.269153711159303,40.640904199999994,A192,_,00160,53
A192__00150.53,8.231021398709869,40.636303045000005,A192,_,00150,53
A192__00140.53,8.191488591233503,40.653322635,A192,_,00140,53
A192__00110.53,8.287402637298012,40.64754335,A192,_,00110,53
A192__00100.53,8.271937661429366,40.645094025000006,A192,_,00100,53
A192__00090.53,8.21113666659124,40.641082514999994,A192,_,00090,53
A192__00080.53,8.311198363017537,40.65307254,A192,_,00080,53
A192__00070.53,8.34150121014705,40.651203284999994,A192,_,00070,53
A192__00040.530,8.26000108511184,40.64696524,A192,_,00040,530
A192__00970.530,8.313061038415206,40.557653275,A192,_,00970,530
A192__00940.530,8.360676451472825,40.510280699999996,A192,_,00940,530
A192__00900.530,8.369716700230338,40.541910720000004,A192,_,00900,530
A192__00890.530,8.348568350590709,40.53578059,A192,_,00890,530
A192__00880.530,8.34252354147784,40.523964885,A192,_,00880,530
A192__00850.530,8.335893062970783,40.538533405,A192,_,00850,530
A192__00810.530,8.369665249276268,40.54831426,A192,_,00810,530
A192__00800.530,8.353269074455344,40.545965315000004,A192,_,00800,530
A192__00770.530,8.333932767264512,40.54953787,A192,_,00770,530
A192__00750.530,8.39710698173554,40.550984299999996,A192,_,00750,530
A192__00730.530,8.354283027594995,40.55391072,A192,_,00730,530
A192__00660.530,8.337541857363744,40.567811175,A192,_,00660,530
A192__00640.530,8.33452336214602,40.568106055,A192,_,00640,530
A192__00610.530,8.316492047917635,40.579135635,A192,_,00610,530
A192__00600.530,8.335760641960315,40.587622365,A192,_,00600,530
A192__00590.530,8.376278665953084,40.581157405,A192,_,00590,530
A192__00580.530,8.363279776918297,40.592735295,A192,_,00580,530
A192__00570.530,8.343136715312403,40.586684164999994,A192,_,00570,530
A192__00560.530,8.328205755414674,40.587901375,A192,_,00560,530
A192__00540.530,8.343731898116198,40.593726415,A192,_,00540,530
A192__00530.530,8.335808492676877,40.59427008,A192,_,00530,530
A192__00520.530,8.327841146459503,40.590712765,A192,_,00520,530
A192__00480.530,8.224234269840718,40.586754760000005,A192,_,00480,530
A192__00360.530,8.31461256918845,40.61292229,A192,_,00360,530
A192__00280.530,8.363213180825337,40.614622455,A192,_,00280,530
A192__00260.530,8.291376679631355,40.619452005,A192,_,00260,530
A192__00210.530,8.352071012500788,40.63387002,A192,_,00210,530
A192__00190.530,8.201851752684709,40.636425105,A192,_,00190,530
A192__00160.530,8.261934384413426,40.62924804,A192,_,00160,530
A192__00120.530,8.301406359198621,40.651412730000004,A192,_,00120,530
A192__00080.530,8.322196284196814,40.66182838500001,A192,_,00080,530
A192__00040.531,8.260633164945837,40.647631165,A192,_,00040,531
A192__00970.531,8.31304405296279,40.557697610000005,A192,_,00970,531
A192__00940.531,8.359672119928431,40.51888214,A192,_,00940,531
A192__00890.531,8.348629636786274,40.53594409,A192,_,00890,531
A192__00880.531,8.343129449568597,40.528911705,A192,_,00880,531
A192__00860.531,8.368978606123266,40.541601009999994,A192,_,00860,531
A192__00850.531,8.335822831441185,40.538302575,A192,_,00850,531
A192__00740.531,8.359462407091364,40.56374384,A192,_,00740,531
A192__00730.531,8.344834844992286,40.551812525,A192,_,00730,531
A192__00640.531,8.33474919377327,40.56792198,A192,_,00640,531
A192__00630.531,8.328588307998539,40.56974401,A192,_,00630,531
A192__00610.531,8.31667472503291,40.578914455,A192,_,00610,531
A192__00600.531,8.335395983267746,40.587789705000006,A192,_,00600,531
A192__00590.531,8.373246614165918,40.582849355,A192,_,00590,531
A192__00560.531,8.327569422547814,40.588122525,A192,_,00560,531
A192__00520.531,8.322943570278204,40.591649255,A192,_,00520,531
A192__00400.531,8.330015879463865,40.60289365,A192,_,00400,531
A192__00390.531,8.318238711399221,40.60155839,A192,_,00390,531
A192__00380.531,8.310198652776787,40.594466940000004,A192,_,00380,531
A192__00360.531,8.296866524715114,40.60422762,A192,_,00360,531
A192__00280.531,8.364133108942768,40.616012479999995,A192,_,00280,531
A192__00260.531,8.29092786321501,40.61966314,A192,_,00260,531
A192__00210.531,8.352345891777034,40.634892595,A192,_,00210,531
A192__00160.531,8.274805692712384,40.63872515,A192,_,00160,531
A192__00120.531,8.297480973553665,40.651458065,A192,_,00120,531
A192__00060.531,8.29037156710133,40.668206514999994,A192,_,00060,531
A192__00040.532,8.260731174257565,40.64735406,A192,_,00040,532
A192__00970.532,8.31302848984097,40.557728589999996,A192,_,00970,532
A192__00880.532,8.343063981917812,40.528802465,A192,_,00880,532
A192__00850.532,8.336027176335179,40.538484415,A192,_,00850,532
A192__00810.532,8.371236928088923,40.549662155,A192,_,00810,532
A192__00780.532,8.328016810533164,40.547023345,A192,_,00780,532
A192__00740.532,8.3599482444402,40.56388936,A192,_,00740,532
A192__00730.532,8.345080785460052,40.551812525,A192,_,00730,532
A192__00640.532,8.334797011574953,40.568008925,A192,_,00640,532
A192__00610.532,8.316755359453722,40.57877875,A192,_,00610,532
A192__00600.532,8.335128530640556,40.5878263,A192,_,00600,532
A192__00590.532,8.376135935181866,40.582041454999995,A192,_,00590,532
A192__00580.532,8.363795860124387,40.585321445000005,A192,_,00580,532
A192__00570.532,8.34932073263272,40.58696542,A192,_,00570,532
A192__00540.532,8.349506479760883,40.591932375,A192,_,00540,532
A192__00530.532,8.335578232816573,40.59420628,A192,_,00530,532
A192__00520.532,8.322440152230843,40.59113257,A192,_,00520,532
A192__00420.532,8.347501524040215,40.60199512,A192,_,00420,532
A192__00390.532,8.31778161115589,40.598139955,A192,_,00390,532
A192__00360.532,8.316894149672041,40.611622624999995,A192,_,00360,532
A192__00280.532,8.363406889734435,40.616829015,A192,_,00280,532
A192__00270.532,8.326749026717183,40.616875855,A192,_,00270,532
A192__00260.532,8.291728410701694,40.619841185,A192,_,00260,532
A192__00190.532,8.207027128895277,40.633670865,A192,_,00190,532
A192__00160.532,8.273756279536581,40.63892913,A192,_,00160,532
A192__00040.533,8.260667802712682,40.64728761,A192,_,00040,533
A192__00970.533,8.312943683334307,40.55770727,A192,_,00970,533
A192__00900.533,8.36317619697705,40.52791817,A192,_,00900,533
A192__00810.533,8.370251051948577,40.549938205000004,A192,_,00810,533
A192__00800.533,8.355294003473649,40.55106893,A192,_,00800,533
A192__00780.533,8.328152280286764,40.547016235,A192,_,00780,533
A192__00770.533,8.335135674429868,40.549371695,A192,_,00770,533
A192__00750.533,8.366730250911399,40.557096865000005,A192,_,00750,533
A192__00740.533,8.359835916909887,40.56387103,A192,_,00740,533
A192__00730.533,8.348936643457703,40.559228325,A192,_,00730,533
A192__00680.533,8.357650420101523,40.568159859999994,A192,_,00680,533
A192__00660.533,8.33717359169072,40.567543345000004,A192,_,00660,533
A192__00640.533,8.320473401419893,40.56922641,A192,_,00640,533
A192__00610.533,8.31679163653185,40.579835884999994,A192,_,00610,533
A192__00600.533,8.33564767772393,40.58748052,A192,_,00600,533
A192__00590.533,8.376102190986998,40.58184765,A192,_,00590,533
A192__00580.533,8.355529368775496,40.58629553,A192,_,00580,533
A192__00540.533,8.349636462601126,40.591847735,A192,_,00540,533
A192__00530.533,8.335796486628528,40.59464894,A192,_,00530,533
A192__00520.533,8.320896031798412,40.59157395,A192,_,00520,533
A192__00420.533,8.347659611767753,40.602152849999996,A192,_,00420,533
A192__00400.533,8.32979786881188,40.60289365,A192,_,00400,533
A192__00360.533,8.316846778577442,40.612910334999995,A192,_,00360,533
A192__00280.533,8.364474537082902,40.62256473,A192,_,00280,533
A192__00260.533,8.291021352661563,40.619121774999996,A192,_,00260,533
A192__00210.533,8.353602963607468,40.633176219999996,A192,_,00210,533
A192__00190.533,8.207152407559938,40.63316450000001,A192,_,00190,533
A192__00120.533,8.300018702174807,40.650490899999994,A192,_,00120,533
A192__00060.533,8.29065796036894,40.66833509,A192,_,00060,533
A192__00030.534,8.236115896139555,40.65587064,A192,_,00030,534
A192__00970.534,8.31297378091794,40.55775653,A192,_,00970,534
A192__00940.534,8.356826350021347,40.522509635000006,A192,_,00940,534
A192__00900.534,8.362919897828428,40.52791817,A192,_,00900,534
A192__00890.534,8.347932956070151,40.532996205,A192,_,00890,534
A192__00880.534,8.343136211434263,40.528711295,A192,_,00880,534
A192__00860.534,8.36531795966344,40.542794395,A192,_,00860,534
A192__00850.534,8.335185947349958,40.540802549999995,A192,_,00850,534
A192__00780.534,8.328202442407736,40.546995085,A192,_,00780,534
A192__00770.534,8.335484932866644,40.54917794,A192,_,00770,534
A192__00740.534,8.361547960079008,40.560519435,A192,_,00740,534
A192__00660.534,8.337224928891978,40.567652405000004,A192,_,00660,534
A192__00640.534,8.320221902451864,40.569079055,A192,_,00640,534
A192__00610.534,8.316889109299993,40.579431174999996,A192,_,00610,534
A192__00600.534,8.335322246823987,40.58761461,A192,_,00600,534
A192__00590.534,8.37380931066043,40.5745852,A192,_,00590,534
A192__00580.534,8.355241097388749,40.586309029999995,A192,_,00580,534
A192__00570.534,8.343614414719566,40.585805025,A192,_,00570,534
A192__00560.534,8.326031027067732,40.58768211,A192,_,00560,534
A192__00540.534,8.349846167514366,40.5918464,A192,_,00540,534
A192__00530.534,8.33600176502371,40.594628575,A192,_,00530,534
A192__00520.534,8.3205942781208,40.591449885,A192,_,00520,534
A192__00420.534,8.342542362314774,40.601649255,A192,_,00420,534
A192__00380.534,8.31022229842419,40.60238204,A192,_,00380,534
A192__00360.534,8.317184290959055,40.612992075,A192,_,00360,534
A192__00280.534,8.363618507547029,40.620425985,A192,_,00280,534
A192__00270.534,8.330205122142218,40.623385725,A192,_,00270,534
A192__00260.534,8.29138676228376,40.61911937,A192,_,00260,534
A192__00190.534,8.206883613695837,40.63341176,A192,_,00190,534
A192__00120.534,8.301347704041861,40.650643095,A192,_,00120,534
A192__00060.534,8.291207454018478,40.66573424,A192,_,00060,534
A192__00040.534,8.260732924260623,40.64730453,A192,_,00040,534
A192__00040.535,8.260811985312746,40.64712487,A192,_,00040,535
A192__00970.535,8.31297052055237,40.557782270000004,A192,_,00970,535
A192__00900.535,8.359057271674775,40.52849007499999,A192,_,00900,535
A192__00890.535,8.349092549576534,40.53065194,A192,_,00890,535
A192__00880.535,8.343322015238822,40.528661494999994,A192,_,00880,535
A192__00860.535,8.365391614730981,40.54283428,A192,_,00860,535
A192__00840.535,8.336073737439534,40.53558299,A192,_,00840,535
A192__00810.535,8.370760724252865,40.549953445,A192,_,00810,535
A192__00780.535,8.328220376456636,40.546955260000004,A192,_,00780,535
A192__00770.535,8.333844317603933,40.549289200000004,A192,_,00770,535
A192__00740.535,8.361108089739837,40.56048154,A192,_,00740,535
A192__00610.535,8.316950741679065,40.5792804,A192,_,00610,535
A192__00600.535,8.33501879126191,40.587736254999996,A192,_,00600,535
A192__00580.535,8.362998868514172,40.585929655,A192,_,00580,535
A192__00570.535,8.34353231304135,40.58551335,A192,_,00570,535
A192__00560.535,8.325730160960301,40.587626424999996,A192,_,00560,535
A192__00550.535,8.320641229792464,40.583827625,A192,_,00550,535
A192__00540.535,8.353032485876128,40.594728655,A192,_,00540,535
A192__00530.535,8.335719642759368,40.594515175,A192,_,00530,535
A192__00520.535,8.326030701201526,40.590430155,A192,_,00520,535
A192__00420.535,8.344095274861242,40.60070791,A192,_,00420,535
A192__00280.535,8.363227360465508,40.61983722,A192,_,00280,535
A192__00260.535,8.316604421571153,40.622954885,A192,_,00260,535
A192__00190.535,8.20684416302359,40.633565974999996,A192,_,00190,535
A192__00120.535,8.304341327289634,40.635544015,A192,_,00120,535
A192__00080.535,8.322145986373926,40.652240809999995,A192,_,00080,535
A192__00060.535,8.291153455920298,40.665938194999995,A192,_,00060,535
A192__00030.536,8.235880242889694,40.65562421,A192,_,00030,536
A192__00970.536,8.312873490699808,40.55776743,A192,_,00970,536
A192__00940.536,8.356034106453826,40.516398995,A192,_,00940,536
A192__00900.536,8.359322965619443,40.528092625,A192,_,00900,536
A192__00890.536,8.349429634521059,40.53094942,A192,_,00890,536
A192__00880.536,8.343318824312831,40.528583875,A192,_,00880,536
A192__00860.536,8.365428113328855,40.542797664999995,A192,_,00860,536
A192__00840.536,8.336017188870056,40.53552871,A192,_,00840,536
A192__00810.536,8.36098462708457,40.54951042,A192,_,00810,536
A192__00800.536,8.350635017051067,40.54768708,A192,_,00800,536
A192__00780.536,8.337233013649174,40.54399050000001,A192,_,00780,536
A192__00750.536,8.36753011130622,40.562454634999995,A192,_,00750,536
A192__00740.536,8.359802643191049,40.554977815,A192,_,00740,536
A192__00730.536,8.348297130638443,40.55892027,A192,_,00730,536
A192__00680.536,8.358082567176456,40.568865360000004,A192,_,00680,536
A192__0064.536,8.322119589531377,40.56316209,A192,_,0064,536
A192__00610.536,8.317090621857709,40.579050105,A192,_,00610,536
A192__00600.536,8.335677059448987,40.587921975,A192,_,00600,536
A192__00590.536,8.389450495212515,40.58021209,A192,_,00590,536
A192__00570.536,8.343609467451198,40.58533227,A192,_,00570,536
A192__00560.536,8.326087224007534,40.58729995,A192,_,00560,536
A192__00550.536,8.320864009063953,40.58483125,A192,_,00550,536
A192__00530.536,8.335422676209848,40.593993355,A192,_,00530,536
A192__00520.536,8.33233959617198,40.594880814999996,A192,_,00520,536
A192__00420.536,8.343730981886942,40.600182669999995,A192,_,00420,536
A192__00410.536,8.335014682880491,40.598551445,A192,_,00410,536
A192__00280.536,8.36449882580434,40.621666245,A192,_,00280,536
A192__00270.536,8.330787606792134,40.623081975000005,A192,_,00270,536
A192__00260.536,8.316717728767312,40.623940705,A192,_,00260,536
A192__00250.536,8.272650045917537,40.610980845,A192,_,00250,536
A192__00120.536,8.304498609053354,40.63505408499999,A192,_,00120,536
A192__00080.536,8.32363986083122,40.659100249999995,A192,_,00080,536
A192__00060.536,8.291318986167244,40.665778689999996,A192,_,00060,536
A192__00040.536,8.260869531312537,40.647443075,A192,_,00040,536
A192__00030.537,8.235711832175394,40.65311135,A192,_,00030,537
A192__00970.537,8.312929597719236,40.557840435,A192,_,00970,537
A192__00940.537,8.361183603888684,40.509775515,A192,_,00940,537
A192__00900.537,8.359432663897902,40.528874825,A192,_,00900,537
A192__00890.537,8.349193446344614,40.530592675,A192,_,00890,537
A192__00860.537,8.352852029638417,40.5386655,A192,_,00860,537
A192__00840.537,8.336229440516794,40.535772805,A192,_,00840,537
A192__00810.537,8.361526919396141,40.549494085,A192,_,00810,537
A192__00780.537,8.336913407331004,40.54384942,A192,_,00780,537
A192__00730.537,8.348631280356308,40.559359595000004,A192,_,00730,537
A192__00680.537,8.358323831661007,40.568479625,A192,_,00680,537
A192__00660.537,8.33773125742927,40.56746339,A192,_,00660,537
A192__0064.537,8.321443159217779,40.562771365,A192,_,0064,537
A192__00630.537,8.337242458942045,40.573964669999995,A192,_,00630,537
A192__00610.537,8.317045929092352,40.579925745,A192,_,00610,537
A192__00590.537,8.389525820162302,40.580573009999995,A192,_,00590,537
A192__00580.537,8.354887524002027,40.58679198,A192,_,00580,537
A192__00570.537,8.35014893686039,40.588758215,A192,_,00570,537
A192__00560.537,8.326594527287053,40.58710565,A192,_,00560,537
A192__00550.537,8.320858248713282,40.5847638,A192,_,00550,537
A192__00540.537,8.354277596399521,40.594644285,A192,_,00540,537
A192__00530.537,8.335413361637013,40.59412854,A192,_,00530,537
A192__00480.537,8.224367929471274,40.58667154,A192,_,00480,537
A192__00420.537,8.344320802821365,40.60043066,A192,_,00420,537
A192__00410.537,8.335312168061115,40.59817034,A192,_,00410,537
A192__00280.537,8.363818498007014,40.620628929999995,A192,_,00280,537
A192__00270.537,8.329628854045097,40.62239683,A192,_,00270,537
A192__00080.537,8.32290879546974,40.65165946,A192,_,00080,537
A192__00060.537,8.290594278138965,40.665919255000006,A192,_,00060,537
A192__00040.537,8.26075955448589,40.647299805,A192,_,00040,537
A192__00010.538,8.212970532091926,40.66184218,A192,_,00010,538
A192__00970.538,8.31287792930959,40.55792272,A192,_,00970,538
A192__00940.538,8.357923306723032,40.51962831,A192,_,00940,538
A192__00900.538,8.359467678723224,40.52868571,A192,_,00900,538
A192__00890.538,8.349400478924341,40.53111009,A192,_,00890,538
A192__00880.538,8.341496797388633,40.528639495,A192,_,00880,538
A192__00860.538,8.353156531860703,40.537746670000004,A192,_,00860,538
A192__00840.538,8.330291333646176,40.540145429999995,A192,_,00840,538
A192__00810.538,8.36129935423688,40.549328925,A192,_,00810,538
A192__00800.538,8.345526730045586,40.546698840000005,A192,_,00800,538
A192__00780.538,8.33576917329376,40.54148934,A192,_,00780,538
A192__00770.538,8.333715170611065,40.54891599,A192,_,00770,538
A192__00750.538,8.368451436649385,40.559433535,A192,_,00750,538
A192__00740.538,8.359527020944697,40.554691094999995,A192,_,00740,538
A192__00730.538,8.348464003061707,40.559514914999994,A192,_,00730,538
A192__00680.538,8.3513421252602,40.566112945,A192,_,00680,538
A192__00660.538,8.337729678734583,40.567310860000006,A192,_,00660,538
A192__00630.538,8.337374385124914,40.5740636,A192,_,00630,538
A192__00610.538,8.317183707331775,40.579698885,A192,_,00610,538
A192__00600.538,8.352462173889162,40.576516915,A192,_,00600,538
A192__00590.538,8.390695203814584,40.57955399,A192,_,00590,538
A192__00570.538,8.350237671884393,40.588835474999996,A192,_,00570,538
A192__00560.538,8.326488875866392,40.586896595,A192,_,00560,538
A192__00550.538,8.321358430064777,40.58489127,A192,_,00550,538
A192__00530.538,8.33391560960431,40.58970164,A192,_,00530,538
A192__00520.538,8.326589131377123,40.59212362,A192,_,00520,538
A192__00420.538,8.344847068438831,40.60050817,A192,_,00420,538
A192__00410.538,8.332777656397344,40.609839315,A192,_,00410,538
A192__00280.538,8.363266798031008,40.61980167,A192,_,00280,538
A192__00160.538,8.260504093864206,40.629375785,A192,_,00160,538
A192__00080.538,8.321909557018888,40.66183296,A192,_,00080,538
A192__00060.538,8.298091074220702,40.660813915,A192,_,00060,538
A192__00040.538,8.260990762348621,40.647102985000004,A192,_,00040,538
A192__00030.538,8.23641081104848,40.65315277,A192,_,00030,538
A192__00010.539,8.213004074188758,40.661733025000004,A192,_,00010,539
A192__00970.539,8.312771400264985,40.55785246,A192,_,00970,539
A192__00940.539,8.357341856006915,40.51927460500001,A192,_,00940,539
A192__00900.539,8.359674806434388,40.52825842,A192,_,00900,539
A192__00890.539,8.349537232493368,40.530610735,A192,_,00890,539
A192__00880.539,8.3419045428201,40.52868616,A192,_,00880,539
A192__00850.539,8.345439428165843,40.53117512,A192,_,00850,539
A192__00810.539,8.36218572907304,40.549933894999995,A192,_,00810,539
A192__00800.539,8.34527767037529,40.545944015,A192,_,00800,539
A192__00780.539,8.336018680794382,40.541881825000004,A192,_,00780,539
A192__00750.539,8.37442276454779,40.550563405000005,A192,_,00750,539
A192__00730.539,8.348755108350286,40.559359900000004,A192,_,00730,539
A192__00680.539,8.353417192327985,40.56873686,A192,_,00680,539
A192__00640.539,8.323551189814982,40.568474945,A192,_,00640,539
A192__00630.539,8.339053099674862,40.572641095,A192,_,00630,539
A192__00610.539,8.317353402467996,40.57942352,A192,_,00610,539
A192__00590.539,8.390916186140089,40.579920315,A192,_,00590,539
A192__00560.539,8.326840398067116,40.586639895000005,A192,_,00560,539
A192__00550.539,8.321015156498923,40.584648885,A192,_,00550,539
A192__00530.539,8.333635247316234,40.589811705,A192,_,00530,539
A192__00480.539,8.223633498187043,40.58748788,A192,_,00480,539
A192__00420.539,8.347915932863971,40.599858,A192,_,00420,539
A192__00410.539,8.331944030838581,40.610045959999994,A192,_,00410,539
A192__00400.539,8.324342860844567,40.60309046,A192,_,00400,539
A192__00280.539,8.354257615628864,40.611445445,A192,_,00280,539
A192__00270.539,8.331147307810136,40.62247151,A192,_,00270,539
A192__00260.539,8.31726129966532,40.62428337,A192,_,00260,539
A192__00250.539,8.270594480478604,40.613458890000004,A192,_,00250,539
A192__00160.539,8.260523969980458,40.62947359,A192,_,00160,539
A192__00080.539,8.321426088962578,40.661304869999995,A192,_,00080,539
A192__00040.539,8.260970268291087,40.64744462,A192,_,00040,539
A192__00030.539,8.23592144396767,40.654563315000004,A192,_,00030,539
A192__00050.54,8.273110269866013,40.658924925,A192,_,00050,54
A192__00970.54,8.31453745400831,40.5593147,A192,_,00970,54
A192__00960.54,8.36640100258331,40.506690680000006,A192,_,00960,54
A192__00950.54,8.340879202537149,40.51570248,A192,_,00950,54
A192__00920.54,8.392539262212324,40.531014195,A192,_,00920,54
A192__00900.54,8.356782468820327,40.5323479,A192,_,00900,54
A192__00880.54,8.345393410367578,40.523244125000005,A192,_,00880,54
A192__00860.54,8.359682618409414,40.5392333,A192,_,00860,54
A192__00840.54,8.335517789717258,40.5350979,A192,_,00840,54
A192__00800.54,8.362017129780568,40.544595355,A192,_,00800,54
A192__00740.54,8.354436747019943,40.556912415,A192,_,00740,54
A192__0071.54,8.32457347848441,40.55796754,A192,_,0071,54
A192__00700.54,8.409407523442688,40.5735748,A192,_,00700,54
A192__00670.54,8.348279579035543,40.563331995,A192,_,00670,54
A192__00630.54,8.339094926195877,40.57202802,A192,_,00630,54
A192__00620.54,8.324132258778896,40.571745795,A192,_,00620,54
A192__00600.54,8.33562783018266,40.580115414999995,A192,_,00600,54
A192__00580.54,8.373462811697554,40.58420916,A192,_,00580,54
A192__00570.54,8.354959525392143,40.589377569999996,A192,_,00570,54
A192__00560.54,8.323654846554927,40.583583759999996,A192,_,00560,54
A192__0050.54,8.312909565309269,40.58084302,A192,_,0050,54
A192__00460.54,8.160239007124247,40.570139299999994,A192,_,00460,54
A192__00450.54,8.166109811443757,40.584830085,A192,_,00450,54
A192__00430.54,8.376116914711602,40.593116195,A192,_,00430,54
A192__00400.54,8.32524352195939,40.599726665,A192,_,00400,54
A192__00390.54,8.319818549853776,40.60702585,A192,_,00390,54
A192__00340.54,8.262742277630759,40.60620688,A192,_,00340,54
A192__00320.54,8.220031292469372,40.597283759999996,A192,_,00320,54
A192__00310.54,8.374116280488362,40.623645235,A192,_,00310,54
A192__00290.54,8.385973660738046,40.61345792,A192,_,00290,54
A192__00240.54,8.210831894057934,40.61733174,A192,_,00240,54
A192__00230.54,8.183941399082588,40.604650410000005,A192,_,00230,54
A192__00220.54,8.146404198204117,40.60753548,A192,_,00220,54
A192__00210.54,8.351005285174836,40.637361415,A192,_,00210,54
A192__00190.54,8.192842791048886,40.62231905,A192,_,00190,54
A192__00170.54,8.311073231065079,40.628863534999994,A192,_,00170,54
A192__00150.54,8.232455082582973,40.636079975,A192,_,00150,54
A192__00140.54,8.190447641887108,40.65307886,A192,_,00140,54
A192__00120.54,8.311918180218473,40.64441199,A192,_,00120,54
A192__00110.54,8.287402757117356,40.647636165,A192,_,00110,54
A192__00100.54,8.271948585540525,40.640940575,A192,_,00100,54
A192__00090.54,8.213466906176869,40.65149865,A192,_,00090,54
A192__00080.54,8.310944182956515,40.653064455000006,A192,_,00080,54
A192__00010.540,8.213043481291418,40.661653995,A192,_,00010,540
A192__00970.540,8.312717845698959,40.557890705,A192,_,00970,540
A192__00900.540,8.359782980468662,40.528733925,A192,_,00900,540
A192__00860.540,8.362741133723382,40.538606755,A192,_,00860,540
A192__00840.540,8.33029150833195,40.539791815,A192,_,00840,540
A192__00810.540,8.362388614318352,40.549725025,A192,_,00810,540
A192__00800.540,8.34603565560875,40.54655688,A192,_,00800,540
A192__00780.540,8.329699383518573,40.54629318,A192,_,00780,540
A192__00750.540,8.374280059631207,40.550652375,A192,_,00750,540
A192__00740.540,8.358078208451737,40.552955565,A192,_,00740,540
A192__00730.540,8.34805515704944,40.554595309999996,A192,_,00730,540
A192__00680.540,8.353053579117237,40.571999775,A192,_,00680,540
A192__00610.540,8.317590310679533,40.579150705,A192,_,00610,540
A192__00600.540,8.347870820466017,40.573809530000005,A192,_,00600,540
A192__00590.540,8.367342509837734,40.57721782,A192,_,00590,540
A192__00580.540,8.363851826192128,40.585789745,A192,_,00580,540
A192__00570.540,8.33965370997194,40.58833948,A192,_,00570,540
A192__00560.540,8.32679480969016,40.58663843,A192,_,00560,540
A192__00550.540,8.319713683982448,40.583246009999996,A192,_,00550,540
A192__00530.540,8.338798467579721,40.597351995,A192,_,00530,540
A192__00480.540,8.22414234546623,40.586769950000004,A192,_,00480,540
A192__00410.540,8.332968339365888,40.609200805,A192,_,00410,540
A192__00270.540,8.32712919598632,40.621269625,A192,_,00270,540
A192__00250.540,8.270755474393827,40.61357576,A192,_,00250,540
A192__00160.540,8.260691562532568,40.62968631,A192,_,00160,540
A192__00080.540,8.321712949529237,40.66174155,A192,_,00080,540
A192__00040.540,8.26080020314869,40.64727439,A192,_,00040,540
A192__00030.540,8.235471858873243,40.655281779999996,A192,_,00030,540
A192__00010.541,8.213169125966463,40.66190757,A192,_,00010,541
A192__00970.541,8.312721136786895,40.5580938,A192,_,00970,541
A192__00940.541,8.359509288369047,40.51110549,A192,_,00940,541
A192__00930.541,8.337987510251825,40.52086033,A192,_,00930,541
A192__00900.541,8.360057463439503,40.528174405,A192,_,00900,541
A192__00890.541,8.349920544763027,40.530852025,A192,_,00890,541
A192__00860.541,8.363065816890025,40.53854686,A192,_,00860,541
A192__00850.541,8.336196888882977,40.53747284,A192,_,00850,541
A192__00810.541,8.363535490948328,40.55100667,A192,_,00810,541
A192__00800.541,8.345705490691326,40.545848175,A192,_,00800,541
A192__00780.541,8.337488994276004,40.543826905,A192,_,00780,541
A192__00770.541,8.333599706122811,40.548526685,A192,_,00770,541
A192__00750.541,8.37437861638973,40.54992786,A192,_,00750,541
A192__00740.541,8.358197862572226,40.55286008,A192,_,00740,541
A192__00730.541,8.34807857438078,40.554354375,A192,_,00730,541
A192__00680.541,8.353203230829433,40.57184631,A192,_,00680,541
A192__00670.541,8.34343037236085,40.56250646,A192,_,00670,541
A192__00660.541,8.336150108251081,40.567717625,A192,_,00660,541
A192__00600.541,8.347790602851862,40.574118405,A192,_,00600,541
A192__00590.541,8.367512171033058,40.576480285,A192,_,00590,541
A192__00580.541,8.363804077216775,40.58516788,A192,_,00580,541
A192__00570.541,8.350344830799955,40.588763925,A192,_,00570,541
A192__00560.541,8.327247234827766,40.586383185,A192,_,00560,541
A192__00530.541,8.33915662459724,40.596904365,A192,_,00530,541
A192__00520.541,8.328987863000366,40.591120110000006,A192,_,00520,541
A192__00480.541,8.224350543389637,40.586742044999994,A192,_,00480,541
A192__00420.541,8.348174307272195,40.599777465,A192,_,00420,541
A192__00360.541,8.285103878232928,40.602448525,A192,_,00360,541
A192__00270.541,8.328331894114907,40.621299545,A192,_,00270,541
A192__00250.541,8.270858950050972,40.6134652,A192,_,00250,541
A192__00080.541,8.318805406801498,40.653797125,A192,_,00080,541
A192__00040.541,8.260748653050353,40.64720199,A192,_,00040,541
A192__00030.541,8.236177254077505,40.65524139,A192,_,00030,541
A192__00010.542,8.21328930286872,40.661836965000006,A192,_,00010,542
A192__00970.542,8.312745660397447,40.55824201,A192,_,00970,542
A192__00900.542,8.360165956808268,40.52852577,A192,_,00900,542
A192__00860.542,8.361581938553527,40.540109915,A192,_,00860,542
A192__00840.542,8.331731628795954,40.53426889,A192,_,00840,542
A192__00810.542,8.363316593833751,40.550631824999996,A192,_,00810,542
A192__00800.542,8.346195202668074,40.546521365000004,A192,_,00800,542
A192__00780.542,8.334959814818713,40.542303065,A192,_,00780,542
A192__00750.542,8.374225236384632,40.550254505,A192,_,00750,542
A192__00740.542,8.358559282077724,40.553112085,A192,_,00740,542
A192__00730.542,8.347837654852883,40.554280055,A192,_,00730,542
A192__00680.542,8.35479119636342,40.57059527,A192,_,00680,542
A192__00660.542,8.335842464947419,40.567822685,A192,_,00660,542
A192__00610.542,8.317492695327804,40.579980415,A192,_,00610,542
A192__00600.542,8.34810443327033,40.57397142,A192,_,00600,542
A192__00580.542,8.353612806387286,40.58578326,A192,_,00580,542
A192__00570.542,8.350293149401242,40.588824125,A192,_,00570,542
A192__00560.542,8.326870478823803,40.586382580000006,A192,_,00560,542
A192__00530.542,8.338776225070983,40.597257495,A192,_,00530,542
A192__00520.542,8.32902981324791,40.591332085,A192,_,00520,542
A192__00480.542,8.224061591365494,40.586529995,A192,_,00480,542
A192__00400.542,8.324223678698107,40.604185924999996,A192,_,00400,542
A192__00360.542,8.285184732559179,40.602671459999996,A192,_,00360,542
A192__00280.542,8.362895322938982,40.61854979,A192,_,00280,542
A192__00270.542,8.330901145179011,40.62290968,A192,_,00270,542
A192__00250.542,8.272550588816305,40.62167173,A192,_,00250,542
A192__00210.542,8.35504867652159,40.628630924999996,A192,_,00210,542
A192__00120.542,8.306761077204078,40.6530465,A192,_,00120,542
A192__00060.542,8.293217979007757,40.659930855,A192,_,00060,542
A192__00040.542,8.263238793490295,40.65137516,A192,_,00040,542
A192__00030.542,8.235288667452958,40.655805025,A192,_,00030,542
A192__00010.543,8.213612677569358,40.661771945,A192,_,00010,543
A192__00970.543,8.312495084464246,40.558204,A192,_,00970,543
A192__00930.543,8.33288786511942,40.520861620000005,A192,_,00930,543
A192__00900.543,8.36319442994899,40.529404510000006,A192,_,00900,543
A192__00890.543,8.345918230916652,40.529228685,A192,_,00890,543
A192__00880.543,8.343106408874698,40.52645408,A192,_,00880,543
A192__00850.543,8.335636795933382,40.537452175,A192,_,00850,543
A192__00800.543,8.34614459981022,40.546417065,A192,_,00800,543
A192__00780.543,8.336021192836172,40.543819885000005,A192,_,00780,543
A192__00770.543,8.334000698957448,40.548427175,A192,_,00770,543
A192__00750.543,8.37256486081965,40.551053245,A192,_,00750,543
A192__00740.543,8.358310857783017,40.553038134999994,A192,_,00740,543
A192__00730.543,8.347604833237304,40.555717505000004,A192,_,00730,543
A192__00680.543,8.354725348906793,40.57048442,A192,_,00680,543
A192__00660.543,8.335967507052874,40.567809305,A192,_,00660,543
A192__0064.543,8.323129428086494,40.56413157,A192,_,0064,543
A192__00610.543,8.317758804682278,40.57961563,A192,_,00610,543
A192__00600.543,8.347873852285224,40.573527855,A192,_,00600,543
A192__00590.543,8.367124834896071,40.575783555,A192,_,00590,543
A192__00580.543,8.353689399396835,40.58559623,A192,_,00580,543
A192__00570.543,8.35196338599953,40.588378915,A192,_,00570,543
A192__00560.543,8.327408423653777,40.586084355,A192,_,00560,543
A192__00550.543,8.320321848206696,40.5835452,A192,_,00550,543
A192__00540.543,8.349842401609422,40.591980835,A192,_,00540,543
A192__00530.543,8.336417325176585,40.59306,A192,_,00530,543
A192__00520.543,8.327606718981237,40.59119622,A192,_,00520,543
A192__00420.543,8.34976985342834,40.60149705,A192,_,00420,543
A192__00400.543,8.32425312059381,40.604116245,A192,_,00400,543
A192__00390.543,8.319184891710815,40.603793955,A192,_,00390,543
A192__00360.543,8.314123611720131,40.607811305,A192,_,00360,543
A192__00280.543,8.363283980527687,40.619260525,A192,_,00280,543
A192__00270.543,8.330643124402819,40.622787869999996,A192,_,00270,543
A192__00250.543,8.272011677996359,40.62223623,A192,_,00250,543
A192__00120.543,8.307070003128853,40.650432984999995,A192,_,00120,543
A192__00080.543,8.317509944658543,40.652877794999995,A192,_,00080,543
A192__00060.543,8.298129042255333,40.662801875,A192,_,00060,543
A192__00040.543,8.263496292532505,40.652843075,A192,_,00040,543
A192__00030.543,8.235927165848508,40.65592916,A192,_,00030,543
A192__00010.544,8.21379950728317,40.661826435,A192,_,00010,544
A192__00930.544,8.332713128977675,40.5200086,A192,_,00930,544
A192__00900.544,8.36287654315846,40.52886257,A192,_,00900,544
A192__00890.544,8.345129120232567,40.529523425,A192,_,00890,544
A192__00860.544,8.359330952201738,40.539138845,A192,_,00860,544
A192__00810.544,8.363213635825527,40.5509874,A192,_,00810,544
A192__00800.544,8.346259895595633,40.546501555,A192,_,00800,544
A192__00780.544,8.335756085569827,40.543822985000006,A192,_,00780,544
A192__00740.544,8.356910047649526,40.55355084999999,A192,_,00740,544
A192__00680.544,8.355510109369497,40.566194870000004,A192,_,00680,544
A192__00670.544,8.343980765642604,40.56237914,A192,_,00670,544
A192__0064.544,8.322964704656002,40.563755029999996,A192,_,0064,544
A192__00610.544,8.31785521365889,40.579403795000005,A192,_,00610,544
A192__00600.544,8.34758482623741,40.574048315,A192,_,00600,544
A192__00590.544,8.366329226964696,40.575510460000004,A192,_,00590,544
A192__00580.544,8.365206288819847,40.586619514999995,A192,_,00580,544
A192__00570.544,8.352178568149839,40.588378915,A192,_,00570,544
A192__00560.544,8.327813667081308,40.58597582,A192,_,00560,544
A192__00540.544,8.350102978790169,40.591922955,A192,_,00540,544
A192__00530.544,8.335890403380777,40.593026985,A192,_,00530,544
A192__00520.544,8.327831386543554,40.59065418,A192,_,00520,544
A192__00410.544,8.334877278094902,40.60530917,A192,_,00410,544
A192__00400.544,8.330797992532496,40.60081565,A192,_,00400,544
A192__00360.544,8.314166273334006,40.60741493,A192,_,00360,544
A192__00280.544,8.36276150901871,40.62128078,A192,_,00280,544
A192__00270.544,8.326077727110412,40.617097415,A192,_,00270,544
A192__00250.544,8.270437344022898,40.621702595,A192,_,00250,544
A192__00210.544,8.35566021919606,40.616434315,A192,_,00210,544
A192__00160.544,8.261156020657886,40.629009034999996,A192,_,00160,544
A192__00120.544,8.306400383130029,40.649757335000004,A192,_,00120,544
A192__00080.544,8.318373744819823,40.65294566,A192,_,00080,544
A192__00060.544,8.29903936011777,40.662823125,A192,_,00060,544
A192__00040.544,8.245630085453449,40.660324134999996,A192,_,00040,544
A192__00030.544,8.23593219165544,40.655672185,A192,_,00030,544
A192__00030.545,8.24122443553103,40.65684503,A192,_,00030,545
A192__00940.545,8.357423411748798,40.5112328,A192,_,00940,545
A192__00930.545,8.332986404978916,40.519629965,A192,_,00930,545
A192__00900.545,8.369831458261618,40.5429539,A192,_,00900,545
A192__00890.545,8.345658224243245,40.52919158500001,A192,_,00890,545
A192__00880.545,8.345485779299915,40.52756076,A192,_,00880,545
A192__00860.545,8.367202413584057,40.5445511,A192,_,00860,545
A192__00840.545,8.327336773516521,40.540958455,A192,_,00840,545
A192__00800.545,8.346216350598587,40.545599535,A192,_,00800,545
A192__00770.545,8.33492810474072,40.548733385,A192,_,00770,545
A192__00740.545,8.357216397325256,40.55347863,A192,_,00740,545
A192__00730.545,8.347059831222634,40.55584777,A192,_,00730,545
A192__00680.545,8.355540930502222,40.56630655,A192,_,00680,545
A192__0064.545,8.322502532348008,40.564307195,A192,_,0064,545
A192__00630.545,8.34103551069831,40.572276505000005,A192,_,00630,545
A192__00610.545,8.318279344062958,40.57930963,A192,_,00610,545
A192__00600.545,8.34755187938646,40.57393133,A192,_,00600,545
A192__00580.545,8.371826431467085,40.583751025,A192,_,00580,545
A192__00570.545,8.34767023268671,40.588078755,A192,_,00570,545
A192__00560.545,8.327506037748346,40.586031750000004,A192,_,00560,545
A192__00550.545,8.320113848202563,40.5834146,A192,_,00550,545
A192__00540.545,8.349765150938774,40.59162513,A192,_,00540,545
A192__00530.545,8.33732104265312,40.593268714999994,A192,_,00530,545
A192__00520.545,8.328220751447484,40.590519900000004,A192,_,00520,545
A192__00480.545,8.224698661115253,40.59157299,A192,_,00480,545
A192__00420.545,8.349294767959693,40.600959685,A192,_,00420,545
A192__00410.545,8.334382313989831,40.605465640000006,A192,_,00410,545
A192__00400.545,8.330547917264909,40.60079059,A192,_,00400,545
A192__00360.545,8.317908559047499,40.613009645,A192,_,00360,545
A192__00280.545,8.363130254874509,40.61997265,A192,_,00280,545
A192__00270.545,8.325864969958417,40.617549065000006,A192,_,00270,545
A192__00250.545,8.27137403529365,40.62169409,A192,_,00250,545
A192__00210.545,8.356059383105983,40.617064085,A192,_,00210,545
A192__00190.545,8.203360203093267,40.61952271,A192,_,00190,545
A192__00160.545,8.261121279646355,40.629603005,A192,_,00160,545
A192__00120.545,8.306278227304531,40.653459510000005,A192,_,00120,545
A192__00060.545,8.299463357839269,40.662823125,A192,_,00060,545
A192__00030.546,8.241437358401718,40.65684503,A192,_,00030,546
A192__00970.546,8.312370764567813,40.5583485,A192,_,00970,546
A192__00930.546,8.33322879521581,40.51910585,A192,_,00930,546
A192__00900.546,8.36967076771364,40.542474535,A192,_,00900,546
A192__00880.546,8.344913463439156,40.527168375,A192,_,00880,546
A192__00860.546,8.367208894868202,40.54450575,A192,_,00860,546
A192__00840.546,8.327290704494393,40.54059261,A192,_,00840,546
A192__00800.546,8.349763677102487,40.547663115,A192,_,00800,546
A192__00770.546,8.335351344626824,40.548575125,A192,_,00770,546
A192__00750.546,8.3682649965078,40.560785945000006,A192,_,00750,546
A192__00740.546,8.356841581274015,40.561954205,A192,_,00740,546
A192__00680.546,8.355204289931027,40.566809135,A192,_,00680,546
A192__00630.546,8.341433513333987,40.57248692,A192,_,00630,546
A192__00610.546,8.31830563159864,40.57949363,A192,_,00610,546
A192__00580.546,8.371761471999335,40.583951135,A192,_,00580,546
A192__00570.546,8.348559222784338,40.588091575,A192,_,00570,546
A192__00560.546,8.327737417887434,40.585808,A192,_,00560,546
A192__00550.546,8.320023078772799,40.583360065,A192,_,00550,546
A192__00530.546,8.337173452925814,40.593172325,A192,_,00530,546
A192__00520.546,8.327950031745626,40.590793075,A192,_,00520,546
A192__00480.546,8.224509177870626,40.59138738,A192,_,00480,546
A192__00400.546,8.323590986128444,40.603334075,A192,_,00400,546
A192__00360.546,8.31836777695111,40.613191945,A192,_,00360,546
A192__00270.546,8.321374558945736,40.61380407,A192,_,00270,546
A192__00250.546,8.26844568446995,40.621998340000005,A192,_,00250,546
A192__00120.546,8.306504496750737,40.65345443,A192,_,00120,546
A192__00060.546,8.300175032393861,40.66278906,A192,_,00060,546
A192__00040.546,8.247051576001056,40.654281815000004,A192,_,00040,546
A192__00010.547,8.221367452071483,40.65995375,A192,_,00010,547
A192__00970.547,8.312357748173596,40.55839425,A192,_,00970,547
A192__00940.547,8.356673707109081,40.513780425,A192,_,00940,547
A192__00930.547,8.332437406966072,40.520562940000005,A192,_,00930,547
A192__00900.547,8.360187511322135,40.53172504,A192,_,00900,547
A192__00890.547,8.35532367747326,40.536110735,A192,_,00890,547
A192__00880.547,8.350438932973766,40.52243798,A192,_,00880,547
A192__00860.547,8.367200534746235,40.544486719999995,A192,_,00860,547
A192__00840.547,8.33231510436077,40.53508465,A192,_,00840,547
A192__00810.547,8.364721704637475,40.552431095,A192,_,00810,547
A192__00800.547,8.349163942467206,40.54784548,A192,_,00800,547
A192__00770.547,8.335773058975603,40.54857883,A192,_,00770,547
A192__00750.547,8.367930405371233,40.561056965,A192,_,00750,547
A192__00740.547,8.356517409403835,40.56193112,A192,_,00740,547
A192__00730.547,8.342582620336104,40.55728961,A192,_,00730,547
A192__00680.547,8.355440044029473,40.566474785,A192,_,00680,547
A192__00670.547,8.342601197700347,40.56678699,A192,_,00670,547
A192__0064.547,8.323945104738323,40.563323385000004,A192,_,0064,547
A192__00610.547,8.316834461748716,40.578647365,A192,_,00610,547
A192__00580.547,8.356049961736039,40.585026334999995,A192,_,00580,547
A192__00570.547,8.348369345074634,40.58804815,A192,_,00570,547
A192__00560.547,8.328122978764815,40.58563906,A192,_,00560,547
A192__00550.547,8.319970420916116,40.58327966,A192,_,00550,547
A192__00540.547,8.347055402221713,40.591989225,A192,_,00540,547
A192__00520.547,8.330910282264572,40.59161664,A192,_,00520,547
A192__00480.547,8.224894906500348,40.591425985,A192,_,00480,547
A192__00420.547,8.345708525106792,40.59903711,A192,_,00420,547
A192__00410.547,8.332134394491636,40.603192025,A192,_,00410,547
A192__00400.547,8.323851937728579,40.603199919999994,A192,_,00400,547
A192__00390.547,8.322611385535895,40.599846310000004,A192,_,00390,547
A192__00360.547,8.318080207884492,40.611560084999994,A192,_,00360,547
A192__00280.547,8.368057993244545,40.619243749999995,A192,_,00280,547
A192__00270.547,8.321506970111397,40.614046735,A192,_,00270,547
A192__00250.547,8.269498605514848,40.62186338,A192,_,00250,547
A192__00190.547,8.19986556835212,40.637261030000005,A192,_,00190,547
A192__00120.547,8.306762392696104,40.653454425,A192,_,00120,547
A192__00040.547,8.246977765214234,40.65457793,A192,_,00040,547
A192__00030.547,8.241645036859037,40.657044275000004,A192,_,00030,547
A192__00010.548,8.221104008689906,40.659973605,A192,_,00010,548
A192__00900.548,8.360133522355703,40.53159806,A192,_,00900,548
A192__00890.548,8.355215200676898,40.536173579999996,A192,_,00890,548
A192__00880.548,8.350648745787472,40.52230912,A192,_,00880,548
A192__00860.548,8.36129692623592,40.53819355,A192,_,00860,548
A192__00840.548,8.330367839685042,40.538461575,A192,_,00840,548
A192__00810.548,8.364901952113275,40.552547770000004,A192,_,00810,548
A192__00800.548,8.348616898515054,40.54790139,A192,_,00800,548
A192__00780.548,8.323235268785268,40.54523581,A192,_,00780,548
A192__00770.548,8.33475503063173,40.548163509999995,A192,_,00770,548
A192__00750.548,8.36825239181751,40.560995315,A192,_,00750,548
A192__00740.548,8.35810764130619,40.55228011,A192,_,00740,548
A192__00730.548,8.34320445875375,40.557687875,A192,_,00730,548
A192__00680.548,8.355376305882414,40.566351935,A192,_,00680,548
A192__00660.548,8.328750035347142,40.559589005,A192,_,00660,548
A192__00620.548,8.322899097131423,40.57327966,A192,_,00620,548
A192__00610.548,8.316962409151706,40.578430870000005,A192,_,00610,548
A192__00580.548,8.371282923673814,40.59050301,A192,_,00580,548
A192__00570.548,8.342814828020131,40.586769079999996,A192,_,00570,548
A192__00560.548,8.327929522454852,40.58607282,A192,_,00560,548
A192__00550.548,8.319894318032025,40.5832258,A192,_,00550,548
A192__00520.548,8.330595308223739,40.591773335,A192,_,00520,548
A192__00480.548,8.224746090868662,40.59144272,A192,_,00480,548
A192__00420.548,8.346051768431572,40.599133015,A192,_,00420,548
A192__00400.548,8.3246057135181,40.603060995,A192,_,00400,548
A192__00390.548,8.32248386539716,40.60002183,A192,_,00390,548
A192__00360.548,8.318844502752139,40.611445485,A192,_,00360,548
A192__00280.548,8.367706912585621,40.61922212,A192,_,00280,548
A192__00270.548,8.329960727001495,40.619291579999995,A192,_,00270,548
A192__00250.548,8.268229395830584,40.621667020000004,A192,_,00250,548
A192__00190.548,8.200964895414671,40.637217985,A192,_,00190,548
A192__00160.548,8.269695321464816,40.639510814999994,A192,_,00160,548
A192__00120.548,8.306862164947074,40.653468745,A192,_,00120,548
A192__00080.548,8.32567047161793,40.659430119999996,A192,_,00080,548
A192__00060.548,8.296579580777177,40.65441255,A192,_,00060,548
A192__00040.548,8.247143605140817,40.653427495,A192,_,00040,548
A192__00040.549,8.24632403304871,40.653570439999996,A192,_,00040,549
A192__00940.549,8.358675399185493,40.508296205,A192,_,00940,549
A192__00900.549,8.369296714469236,40.523483245,A192,_,00900,549
A192__00890.549,8.347940522053282,40.52710969,A192,_,00890,549
A192__00880.549,8.346593000930017,40.526701474999996,A192,_,00880,549
A192__00860.549,8.361135301466998,40.538213755,A192,_,00860,549
A192__00840.549,8.33071714559798,40.538504125,A192,_,00840,549
A192__00810.549,8.364865005491875,40.5522603,A192,_,00810,549
A192__00780.549,8.323524948457244,40.545548635,A192,_,00780,549
A192__00770.549,8.335132950742773,40.54804191,A192,_,00770,549
A192__00750.549,8.368997968625665,40.551390615,A192,_,00750,549
A192__00730.549,8.34319844894916,40.557072715000004,A192,_,00730,549
A192__00680.549,8.35028651358559,40.565145295,A192,_,00680,549
A192__00670.549,8.341172354873652,40.567530000000005,A192,_,00670,549
A192__00660.549,8.329150935490812,40.559728565,A192,_,00660,549
A192__00610.549,8.317538572461984,40.57783463,A192,_,00610,549
A192__00570.549,8.342982510716398,40.58693925,A192,_,00570,549
A192__00560.549,8.328240109494022,40.585693965000004,A192,_,00560,549
A192__00540.549,8.347119115790862,40.59238755,A192,_,00540,549
A192__00530.549,8.339142719323878,40.594888165,A192,_,00530,549
A192__00520.549,8.326078597254417,40.59512781,A192,_,00520,549
A192__00420.549,8.346179013632465,40.599221459999995,A192,_,00420,549
A192__00410.549,8.336563798791449,40.601988495,A192,_,00410,549
A192__00400.549,8.330119005735423,40.600439664999996,A192,_,00400,549
A192__00360.549,8.304217094134426,40.60981525,A192,_,00360,549
A192__00280.549,8.366920020754737,40.61928013,A192,_,00280,549
A192__00250.549,8.267791666002658,40.621531195,A192,_,00250,549
A192__00210.549,8.34431011322955,40.618623189999994,A192,_,00210,549
A192__00190.549,8.19978049405509,40.636709065000005,A192,_,00190,549
A192__00160.549,8.270829214997264,40.63965686,A192,_,00160,549
A192__00080.549,8.324677948235847,40.658887905,A192,_,00080,549
A192__00060.549,8.29649862388606,40.65400786,A192,_,00060,549
A192__00070.55,8.339888148430814,40.65963348,A192,_,00070,55
A192__00960.55,8.361792159454302,40.521328464999996,A192,_,00960,55
A192__00930.55,8.339000197636302,40.517630265,A192,_,00930,55
A192__00920.55,8.400172779630235,40.53278041,A192,_,00920,55
A192__00890.55,8.34721345647282,40.532559425,A192,_,00890,55
A192__00880.55,8.345630272040964,40.523172259999996,A192,_,00880,55
A192__00860.55,8.35986920224546,40.54045932,A192,_,00860,55
A192__00840.55,8.334173860899526,40.5340063,A192,_,00840,55
A192__00800.55,8.361326272380573,40.545455579999995,A192,_,00800,55
A192__00780.55,8.339029773011045,40.541402405,A192,_,00780,55
A192__0077.55,8.33012494667411,40.55549862,A192,_,0077,55
A192__00740.55,8.360642837425717,40.551585384999996,A192,_,00740,55
A192__00730.55,8.343960695727265,40.553820245,A192,_,00730,55
A192__00700.55,8.40906941099622,40.57374752,A192,_,00700,55
A192__00690.55,8.368157525111624,40.567902700000005,A192,_,00690,55
A192__00660.55,8.330786360376994,40.560196775,A192,_,00660,55
A192__0065.55,8.315987637838504,40.560877415,A192,_,0065,55
A192__00620.55,8.323231679307575,40.571173895,A192,_,00620,55
A192__00570.55,8.342096484930275,40.589298065,A192,_,00570,55
A192__00540.55,8.345892730755528,40.59197194,A192,_,00540,55
A192__0050.55,8.31309948714033,40.580857574999996,A192,_,0050,55
A192__00480.55,8.222644353487926,40.59338271,A192,_,00480,55
A192__00460.55,8.163347320331226,40.564596655,A192,_,00460,55
A192__00450.55,8.166836511503039,40.58670699,A192,_,00450,55
A192__00440.55,8.381654451470212,40.596361970000004,A192,_,00440,55
A192__00430.55,8.376808744407242,40.595450035,A192,_,00430,55
A192__00400.55,8.323987119418195,40.599840209999996,A192,_,00400,55
A192__00390.55,8.319582133058393,40.60771329,A192,_,00390,55
A192__00370.55,8.295949945448053,40.595904575,A192,_,00370,55
A192__00360.55,8.310165001290507,40.610531475,A192,_,00360,55
A192__00320.55,8.216445344862752,40.59339317,A192,_,00320,55
A192__00310.55,8.374992976509922,40.62213462,A192,_,00310,55
A192__00290.55,8.386018328078755,40.613391605000004,A192,_,00290,55
A192__00280.55,8.358287065103275,40.604832529999996,A192,_,00280,55
A192__00250.55,8.275025984096516,40.61878214,A192,_,00250,55
A192__00240.55,8.209406845225462,40.623048080000004,A192,_,00240,55
A192__00230.55,8.184911944780348,40.605918270000004,A192,_,00230,55
A192__00220.55,8.147208178565524,40.607048145,A192,_,00220,55
A192__00200.55,8.26221734633512,40.62439196,A192,_,00200,55
A192__00190.55,8.196891809890573,40.625320405,A192,_,00190,55
A192__00170.55,8.312591907289683,40.62785944,A192,_,00170,55
A192__00160.55,8.272536997924522,40.626913689999995,A192,_,00160,55
A192__00140.55,8.189175515053076,40.650091294999996,A192,_,00140,55
A192__00120.55,8.310637029898079,40.645293300000006,A192,_,00120,55
A192__00100.55,8.265841122300998,40.65062493,A192,_,00100,55
A192__00090.55,8.21312937666318,40.651347040000005,A192,_,00090,55
A192__00080.55,8.31149223518945,40.653706830000004,A192,_,00080,55
A192__00040.550,8.246402535842613,40.65327465,A192,_,00040,550
A192__00940.550,8.353917676802384,40.51718943,A192,_,00940,550
A192__00900.550,8.368785259128966,40.52372244,A192,_,00900,550
A192__00890.550,8.34758077215282,40.535369020000005,A192,_,00890,550
A192__00860.550,8.368496757199274,40.544288255,A192,_,00860,550
A192__00840.550,8.330687569324022,40.538692305,A192,_,00840,550
A192__00810.550,8.365072491234423,40.55252008,A192,_,00810,550
A192__00800.550,8.355777505027348,40.544142475,A192,_,00800,550
A192__00770.550,8.33553365221427,40.548044759999996,A192,_,00770,550
A192__00750.550,8.36708777716564,40.562802665,A192,_,00750,550
A192__00730.550,8.34303832047517,40.55742491,A192,_,00730,550
A192__00680.550,8.35205171355727,40.572123175,A192,_,00680,550
A192__00670.550,8.341834482009705,40.5669543,A192,_,00670,550
A192__00660.550,8.328589063722104,40.559516634999994,A192,_,00660,550
A192__00570.550,8.34298904229192,40.58721732,A192,_,00570,550
A192__00560.550,8.32814040389535,40.586193165,A192,_,00560,550
A192__00550.550,8.31986532770458,40.583119205,A192,_,00550,550
A192__00530.550,8.338784558343562,40.59476052,A192,_,00530,550
A192__00520.550,8.324778684832987,40.594975675,A192,_,00520,550
A192__00480.550,8.227186636905536,40.595683425000004,A192,_,00480,550
A192__00420.550,8.34627154858158,40.59912521,A192,_,00420,550
A192__00390.550,8.318714444740046,40.60253882,A192,_,00390,550
A192__00360.550,8.304186914031565,40.610809745,A192,_,00360,550
A192__00280.550,8.357192877411673,40.610832849999994,A192,_,00280,550
A192__00270.550,8.329312643543327,40.6200563,A192,_,00270,550
A192__00250.550,8.26812050934793,40.62157949,A192,_,00250,550
A192__00190.550,8.200847390753434,40.63666594,A192,_,00190,550
A192__00160.550,8.270634558287284,40.639657389999996,A192,_,00160,550
A192__00120.550,8.297740956160357,40.63518019,A192,_,00120,550
A192__00080.550,8.323477645152922,40.65867605,A192,_,00080,550
A192__00030.551,8.24442878191833,40.647609345000006,A192,_,00030,551
A192__00970.551,8.312395384988852,40.55847917,A192,_,00970,551
A192__00940.551,8.353791980923223,40.51757802,A192,_,00940,551
A192__00890.551,8.347381987088902,40.53529424,A192,_,00890,551
A192__00880.551,8.343668010344954,40.522912829999996,A192,_,00880,551
A192__00800.551,8.354980252656947,40.54411735,A192,_,00800,551
A192__00780.551,8.333117354652359,40.542259490000006,A192,_,00780,551
A192__00770.551,8.336232241378234,40.54854613,A192,_,00770,551
A192__00730.551,8.34945597513149,40.551163869999996,A192,_,00730,551
A192__00660.551,8.33766456334204,40.56860428,A192,_,00660,551
A192__00640.551,8.321260266188194,40.56849461,A192,_,00640,551
A192__00570.551,8.343106556203452,40.587405265,A192,_,00570,551
A192__00560.551,8.328373734707316,40.585717715,A192,_,00560,551
A192__00550.551,8.3197890309885,40.58306566,A192,_,00550,551
A192__00530.551,8.341009956428298,40.59533608,A192,_,00530,551
A192__00520.551,8.323634446471278,40.59349805,A192,_,00520,551
A192__00420.551,8.346186206294124,40.599021594999996,A192,_,00420,551
A192__00410.551,8.337413479906246,40.60253590000001,A192,_,00410,551
A192__00390.551,8.319174772273808,40.602971690000004,A192,_,00390,551
A192__00360.551,8.304797322375027,40.610854605,A192,_,00360,551
A192__00280.551,8.356596774552013,40.610881745,A192,_,00280,551
A192__00270.551,8.32025915960179,40.61412348,A192,_,00270,551
A192__00250.551,8.267584274109424,40.62162797,A192,_,00250,551
A192__00160.551,8.267003396512024,40.628389625,A192,_,00160,551
A192__00080.551,8.317842164972284,40.65417698,A192,_,00080,551
A192__00060.551,8.288754697142348,40.656583865,A192,_,00060,551
A192__00040.551,8.265063966208453,40.64644406,A192,_,00040,551
A192__00010.552,8.218941552145601,40.663644435,A192,_,00010,552
A192__00970.552,8.312519440453688,40.558488600000004,A192,_,00970,552
A192__00940.552,8.354148236070523,40.517837015,A192,_,00940,552
A192__00930.552,8.338407896361119,40.52377136,A192,_,00930,552
A192__00900.552,8.367553644300372,40.530104054999995,A192,_,00900,552
A192__00880.552,8.344197041502811,40.523379595,A192,_,00880,552
A192__00860.552,8.36624805665981,40.54367472,A192,_,00860,552
A192__00810.552,8.375326600047412,40.546387025,A192,_,00810,552
A192__00800.552,8.352907060341266,40.54594768,A192,_,00800,552
A192__00780.552,8.334868439677203,40.54266852,A192,_,00780,552
A192__00770.552,8.33705689873767,40.548433405,A192,_,00770,552
A192__00750.552,8.368857040902963,40.55227728,A192,_,00750,552
A192__00740.552,8.355774669044106,40.56264596,A192,_,00740,552
A192__00730.552,8.348870848090236,40.551250075,A192,_,00730,552
A192__00680.552,8.351617294845141,40.572141935000005,A192,_,00680,552
A192__00670.552,8.345432798457516,40.564160145,A192,_,00670,552
A192__00660.552,8.337387576408034,40.568487035000004,A192,_,00660,552
A192__0064.552,8.323162330182743,40.5636166,A192,_,0064,552
A192__00610.552,8.31766176925235,40.577233989999996,A192,_,00610,552
A192__00570.552,8.343129915515782,40.59047765,A192,_,00570,552
A192__00560.552,8.328542991161939,40.586140459999996,A192,_,00560,552
A192__00520.552,8.32336185087248,40.593365829999996,A192,_,00520,552
A192__00420.552,8.345876372051599,40.59877014,A192,_,00420,552
A192__00390.552,8.31955202966336,40.60302319,A192,_,00390,552
A192__00360.552,8.304806247931465,40.60993531,A192,_,00360,552
A192__00280.552,8.35609768142098,40.610832849999994,A192,_,00280,552
A192__00270.552,8.319610552895611,40.614442365,A192,_,00270,552
A192__00260.552,8.292161287481505,40.619922575000004,A192,_,00260,552
A192__00250.552,8.267934876306331,40.62179019,A192,_,00250,552
A192__00190.552,8.200916932051207,40.639898040000006,A192,_,00190,552
A192__00120.552,8.306320252472547,40.641408545000004,A192,_,00120,552
A192__00060.552,8.28823134251624,40.65665138,A192,_,00060,552
A192__00040.552,8.264995722174291,40.646583005,A192,_,00040,552
A192__00030.552,8.244279640147209,40.64777147,A192,_,00030,552
A192__00010.553,8.218778486875586,40.661925249999996,A192,_,00010,553
A192__00970.553,8.312557509771963,40.55856767,A192,_,00970,553
A192__00940.553,8.353440857074162,40.51378339,A192,_,00940,553
A192__00930.553,8.338275732607965,40.523613755,A192,_,00930,553
A192__00900.553,8.36760480884876,40.52592292999999,A192,_,00900,553
A192__00890.553,8.345892671702867,40.530966695000004,A192,_,00890,553
A192__00880.553,8.344194019645165,40.52316994,A192,_,00880,553
A192__00860.553,8.365977283151178,40.543859940000004,A192,_,00860,553
A192__00810.553,8.375560308902042,40.54658649,A192,_,00810,553
A192__00800.553,8.354549548738385,40.546645194999996,A192,_,00800,553
A192__00780.553,8.335215796646889,40.542683554999996,A192,_,00780,553
A192__00770.553,8.336105882711877,40.54826111,A192,_,00770,553
A192__00730.553,8.345440745663735,40.551174735000004,A192,_,00730,553
A192__00680.553,8.351744759099155,40.57236243,A192,_,00680,553
A192__00670.553,8.344321778467922,40.565133450000005,A192,_,00670,553
A192__00660.553,8.337523356264636,40.568335345,A192,_,00660,553
A192__00610.553,8.317450729044522,40.57856764,A192,_,00610,553
A192__00570.553,8.343563478095138,40.590389155,A192,_,00570,553
A192__00560.553,8.328554652248464,40.58572126,A192,_,00560,553
A192__00550.553,8.31976059152572,40.582958915000006,A192,_,00550,553
A192__00520.553,8.323502533113448,40.592845104999995,A192,_,00520,553
A192__00420.553,8.34579203794503,40.598904655,A192,_,00420,553
A192__00400.553,8.32978253193782,40.601987144999995,A192,_,00400,553
A192__00390.553,8.317451491275973,40.601175354999995,A192,_,00390,553
A192__00360.553,8.30496045072423,40.609766805,A192,_,00360,553
A192__00280.553,8.360229085865235,40.616445889999994,A192,_,00280,553
A192__00260.553,8.29243006330913,40.62002876,A192,_,00260,553
A192__00210.553,8.343908853268726,40.620236195000004,A192,_,00210,553
A192__00190.553,8.201641705539089,40.640947085,A192,_,00190,553
A192__00160.553,8.271596810605825,40.636265455,A192,_,00160,553
A192__00120.553,8.306312864289547,40.641203265,A192,_,00120,553
A192__00040.553,8.264717141045336,40.645938435000005,A192,_,00040,553
A192__00030.553,8.238586894474988,40.656832355,A192,_,00030,553
A192__00010.554,8.218896981553328,40.662196655,A192,_,00010,554
A192__00970.554,8.312623531188073,40.558581985000004,A192,_,00970,554
A192__00940.554,8.353580397593976,40.5139236,A192,_,00940,554
A192__00930.554,8.333818288512862,40.52239589,A192,_,00930,554
A192__00900.554,8.368421511867165,40.526371485,A192,_,00900,554
A192__00890.554,8.35402559744929,40.53116974,A192,_,00890,554
A192__00880.554,8.35006098081946,40.523873905,A192,_,00880,554
A192__00860.554,8.351522018811306,40.54255021,A192,_,00860,554
A192__00810.554,8.367736874984008,40.54962266,A192,_,00810,554
A192__00770.554,8.336929665184247,40.54814023,A192,_,00770,554
A192__00750.554,8.36786799020607,40.553204484999995,A192,_,00750,554
A192__00740.554,8.362256518845268,40.56037857,A192,_,00740,554
A192__00730.554,8.345793708879748,40.551040855,A192,_,00730,554
A192__00680.554,8.351464485666353,40.571367085,A192,_,00680,554
A192__00670.554,8.344155882717788,40.565084995,A192,_,00670,554
A192__00640.554,8.321312268979566,40.568101119999994,A192,_,00640,554
A192__00630.554,8.334527849035725,40.571588395,A192,_,00630,554
A192__00610.554,8.31767766596051,40.578233350000005,A192,_,00610,554
A192__00570.554,8.343909124054608,40.59052467,A192,_,00570,554
A192__00560.554,8.328777387341658,40.58625345,A192,_,00560,554
A192__00550.554,8.319708365188202,40.58287878,A192,_,00550,554
A192__00520.554,8.324073756248783,40.592956695,A192,_,00520,554
A192__00420.554,8.34550833748262,40.598720715,A192,_,00420,554
A192__00400.554,8.327470535240256,40.600900519999996,A192,_,00400,554
A192__00390.554,8.31722650392647,40.601175354999995,A192,_,00390,554
A192__00360.554,8.304997827389155,40.60999285,A192,_,00360,554
A192__00210.554,8.343992935010768,40.61972135,A192,_,00210,554
A192__00190.554,8.201547894112853,40.64028986,A192,_,00190,554
A192__00160.554,8.267305707814927,40.629436435,A192,_,00160,554
A192__00120.554,8.30672177315154,40.64136675,A192,_,00120,554
A192__00060.554,8.293101370071428,40.652294510000004,A192,_,00060,554
A192__00040.554,8.264280087761636,40.651740265,A192,_,00040,554
A192__00030.554,8.238997923619726,40.65675443,A192,_,00030,554
A192__00010.555,8.21121803089953,40.66791745,A192,_,00010,555
A192__00970.555,8.312698890248125,40.55859715,A192,_,00970,555
A192__00940.555,8.353175606957572,40.511596,A192,_,00940,555
A192__00930.555,8.333634176412605,40.522093479999995,A192,_,00930,555
A192__00900.555,8.367634012801304,40.525725115,A192,_,00900,555
A192__00890.555,8.353308050516222,40.53134515,A192,_,00890,555
A192__00880.555,8.350273262323459,40.52409516,A192,_,00880,555
A192__00860.555,8.35137894990519,40.542234445,A192,_,00860,555
A192__00800.555,8.365447310479354,40.544488885,A192,_,00800,555
A192__00780.555,8.33665867834199,40.542942735,A192,_,00780,555
A192__00770.555,8.33598011703781,40.54797743,A192,_,00770,555
A192__00750.555,8.3680669014154,40.553594235,A192,_,00750,555
A192__00730.555,8.345384416333467,40.55097671,A192,_,00730,555
A192__00680.555,8.351987128933482,40.57106133,A192,_,00680,555
A192__00660.555,8.337881034862676,40.5680477,A192,_,00660,555
A192__00630.555,8.33410576985307,40.57188867,A192,_,00630,555
A192__00610.555,8.317908704365554,40.57787811,A192,_,00610,555
A192__00600.555,8.338057832932062,40.574733775,A192,_,00600,555
A192__00580.555,8.363062886337014,40.587002365000004,A192,_,00580,555
A192__00560.555,8.328786587874408,40.585725695,A192,_,00560,555
A192__00550.555,8.319656230000007,40.582798845,A192,_,00550,555
A192__00530.555,8.340741413916497,40.59533608,A192,_,00530,555
A192__00520.555,8.323830407025618,40.593257735,A192,_,00520,555
A192__00420.555,8.345707516074123,40.598732715,A192,_,00420,555
A192__00410.555,8.337591078611682,40.601996025000005,A192,_,00410,555
A192__00360.555,8.30510527481983,40.610072295,A192,_,00360,555
A192__00280.555,8.35333234,40.613672965,A192,_,00280,555
A192__00260.555,8.291935182008224,40.61937493,A192,_,00260,555
A192__00210.555,8.343855217377222,40.619055735,A192,_,00210,555
A192__00190.555,8.20142493837562,40.640122160000004,A192,_,00190,555
A192__00120.555,8.306703064419164,40.64119631,A192,_,00120,555
A192__00030.555,8.23937096673965,40.656896810000006,A192,_,00030,555
A192__00010.556,8.211002912382519,40.66787137,A192,_,00010,556
A192__00970.556,8.312627744014144,40.558377719999996,A192,_,00970,556
A192__00930.556,8.342383575765918,40.516483915,A192,_,00930,556
A192__00900.556,8.368739830833334,40.527685945,A192,_,00900,556
A192__00880.556,8.349418456834535,40.523065445,A192,_,00880,556
A192__00860.556,8.351902392243975,40.542333240000005,A192,_,00860,556
A192__00810.556,8.370712388009906,40.545114325,A192,_,00810,556
A192__00800.556,8.365013803245983,40.544499375,A192,_,00800,556
A192__00780.556,8.337121354238128,40.543143875,A192,_,00780,556
A192__00770.556,8.336773145295375,40.54778228,A192,_,00770,556
A192__00750.556,8.367706493881899,40.552302185,A192,_,00750,556
A192__00740.556,8.361963319085984,40.560612590000005,A192,_,00740,556
A192__00730.556,8.34565056426397,40.550656599999996,A192,_,00730,556
A192__00680.556,8.352132398897872,40.571603355,A192,_,00680,556
A192__00670.556,8.344201191912463,40.56544352,A192,_,00670,556
A192__0064.556,8.320622352803575,40.565638289999995,A192,_,0064,556
A192__00630.556,8.333937263250842,40.572255485,A192,_,00630,556
A192__00610.556,8.318011426212124,40.57769596,A192,_,00610,556
A192__00580.556,8.363033832769874,40.586719110000004,A192,_,00580,556
A192__00570.556,8.343241291830122,40.58947071,A192,_,00570,556
A192__00560.556,8.32910329235088,40.586276170000005,A192,_,00560,556
A192__00550.556,8.319604561715666,40.582718924999995,A192,_,00550,556
A192__00420.556,8.345753929353075,40.59869696,A192,_,00420,556
A192__00390.556,8.32384054414813,40.608735155,A192,_,00390,556
A192__00360.556,8.305086164691195,40.609773075,A192,_,00360,556
A192__00280.556,8.353589866625942,40.613330595,A192,_,00280,556
A192__00190.556,8.202097347665774,40.64107622,A192,_,00190,556
A192__00160.556,8.265788005093233,40.62850794,A192,_,00160,556
A192__00120.556,8.306879295780911,40.64117649,A192,_,00120,556
A192__00010.557,8.210831486742528,40.667843245,A192,_,00010,557
A192__00970.557,8.312833525191568,40.558747205,A192,_,00970,557
A192__00930.557,8.340086180844125,40.521663020000005,A192,_,00930,557
A192__00900.557,8.369090539195174,40.527527185,A192,_,00900,557
A192__00890.557,8.357417752690832,40.530347315,A192,_,00890,557
A192__00880.557,8.349491864578841,40.52319742,A192,_,00880,557
A192__00860.557,8.352038064655263,40.54260271,A192,_,00860,557
A192__00840.557,8.328567514877133,40.539172785000005,A192,_,00840,557
A192__00810.557,8.37058036477346,40.545273545,A192,_,00810,557
A192__00800.557,8.34646997530888,40.54862213,A192,_,00800,557
A192__00770.557,8.335856193133441,40.547698435,A192,_,00770,557
A192__00750.557,8.367663989923422,40.552103635,A192,_,00750,557
A192__00740.557,8.36205200277327,40.560698615,A192,_,00740,557
A192__00730.557,8.345318984230563,40.55077182,A192,_,00730,557
A192__00670.557,8.344092504854903,40.565740954999995,A192,_,00670,557
A192__00610.557,8.318114856663932,40.577377084999995,A192,_,00610,557
A192__00600.557,8.338248092623871,40.58651123,A192,_,00600,557
A192__00580.557,8.360371045971473,40.57811635,A192,_,00580,557
A192__00570.557,8.343858747216704,40.58929502,A192,_,00570,557
A192__00560.557,8.329008880012132,40.585772115,A192,_,00560,557
A192__00550.557,8.31955389361821,40.582639785,A192,_,00550,557
A192__00450.557,8.169035638560555,40.585543099999995,A192,_,00450,557
A192__00420.557,8.345728938819029,40.59867957,A192,_,00420,557
A192__00410.557,8.336847796199848,40.60228771,A192,_,00410,557
A192__00390.557,8.317686335958289,40.60054758,A192,_,00390,557
A192__00360.557,8.305122170992707,40.60976895,A192,_,00360,557
A192__00280.557,8.371423962966471,40.624867005,A192,_,00280,557
A192__00260.557,8.291894696204396,40.61916904,A192,_,00260,557
A192__00160.557,8.265889775762961,40.628058005,A192,_,00160,557
A192__00010.558,8.210912122271974,40.668099999999995,A192,_,00010,558
A192__00970.558,8.312922638850818,40.558649294999995,A192,_,00970,558
A192__00940.558,8.35437319372107,40.506724195000004,A192,_,00940,558
A192__00930.558,8.339984359822306,40.521477989999994,A192,_,00930,558
A192__00880.558,8.349841931536211,40.522788160000005,A192,_,00880,558
A192__00860.558,8.36240875062542,40.541603275,A192,_,00860,558
A192__00840.558,8.328522116230367,40.537701255,A192,_,00840,558
A192__00810.558,8.371028293086953,40.547608530000005,A192,_,00810,558
A192__00770.558,8.33664465886983,40.54748114,A192,_,00770,558
A192__00750.558,8.367811137982155,40.552274080000004,A192,_,00750,558
A192__00740.558,8.355475896854493,40.553250559999995,A192,_,00740,558
A192__00680.558,8.351814471220496,40.572725175,A192,_,00680,558
A192__00670.558,8.344301622372498,40.565714375,A192,_,00670,558
A192__00630.558,8.334287162980363,40.57247861,A192,_,00630,558
A192__00600.558,8.352181727775793,40.575849805,A192,_,00600,558
A192__00580.558,8.360456280409291,40.577758474999996,A192,_,00580,558
A192__00560.558,8.329316871902385,40.58576911,A192,_,00560,558
A192__00550.558,8.31948129630598,40.582585495000004,A192,_,00550,558
A192__00420.558,8.34568821781427,40.598677755,A192,_,00420,558
A192__00410.558,8.337073140836878,40.602147099999996,A192,_,00410,558
A192__00400.558,8.330589112044681,40.59737382,A192,_,00400,558
A192__00390.558,8.317663886968326,40.60061246,A192,_,00390,558
A192__00360.558,8.304511223349188,40.609788789999996,A192,_,00360,558
A192__00270.558,8.350115299317672,40.61297628,A192,_,00270,558
A192__00250.558,8.267958620500007,40.621446345,A192,_,00250,558
A192__00120.558,8.307130701128854,40.641543295000005,A192,_,00120,558
A192__00010.559,8.210993242697732,40.66793643,A192,_,00010,559
A192__00970.559,8.312814922906991,40.558632544999995,A192,_,00970,559
A192__00940.559,8.354515058043663,40.506528345,A192,_,00940,559
A192__00900.559,8.366776717961741,40.52646121,A192,_,00900,559
A192__00890.559,8.351819096757897,40.529356745,A192,_,00890,559
A192__00880.559,8.349792318247282,40.522788125,A192,_,00880,559
A192__00860.559,8.367011709284721,40.544610399999996,A192,_,00860,559
A192__00840.559,8.330382421571304,40.53875677,A192,_,00840,559
A192__00810.559,8.370812973109771,40.54770574,A192,_,00810,559
A192__0077.559,8.327995168929103,40.55457132,A192,_,0077,559
A192__00750.559,8.367710818243394,40.55209008,A192,_,00750,559
A192__00740.559,8.35567611087454,40.553285245,A192,_,00740,559
A192__00680.559,8.351416757949243,40.572541815,A192,_,00680,559
A192__00670.559,8.343801729434425,40.565922735,A192,_,00670,559
A192__00660.559,8.337077412010174,40.568389885,A192,_,00660,559
A192__00610.559,8.31803974478504,40.57829502,A192,_,00610,559
A192__00580.559,8.361005567762005,40.57790328,A192,_,00580,559
A192__00530.559,8.33319394314689,40.59036484,A192,_,00530,559
A192__00420.559,8.34574900353252,40.598642285,A192,_,00420,559
A192__00410.559,8.337080999988615,40.602313285,A192,_,00410,559
A192__00360.559,8.30475739829254,40.609760175,A192,_,00360,559
A192__00280.559,8.357098802625966,40.611179545,A192,_,00280,559
A192__00250.559,8.268205536791225,40.621479735,A192,_,00250,559
A192__00160.559,8.266544520402771,40.62418127,A192,_,00160,559
A192__00060.559,8.29634194183221,40.651910224999995,A192,_,00060,559
A192__00020.56,8.216385337133836,40.65481529,A192,_,00020,56
A192__00960.56,8.361664534255045,40.522003305,A192,_,00960,56
A192__00940.56,8.355678524497806,40.5123677,A192,_,00940,56
A192__00920.56,8.394727120829803,40.53316445,A192,_,00920,56
A192__00890.56,8.347179188395625,40.532454290000004,A192,_,00890,56
A192__00880.56,8.348428982959547,40.52137128,A192,_,00880,56
A192__00870.56,8.34105117642406,40.52798848,A192,_,00870,56
A192__00860.56,8.361469530886039,40.53827986,A192,_,00860,56
A192__00850.56,8.34330234927846,40.533628570000005,A192,_,00850,56
A192__00840.56,8.334228872270158,40.533606135,A192,_,00840,56
A192__00810.56,8.37592002488649,40.54791566,A192,_,00810,56
A192__00800.56,8.359567722730016,40.545270759999994,A192,_,00800,56
A192__00780.56,8.32803274690326,40.54414588,A192,_,00780,56
A192__0077.56,8.329741065914071,40.55294992,A192,_,0077,56
A192__00740.56,8.355359220575128,40.556499915,A192,_,00740,56
A192__00720.56,8.33951918117824,40.55327744,A192,_,00720,56
A192__00700.56,8.410445472952539,40.573818225,A192,_,00700,56
A192__00680.56,8.35625741613448,40.56713329,A192,_,00680,56
A192__0065.56,8.315741609391633,40.560945015,A192,_,0065,56
A192__00640.56,8.321698703794496,40.566019284999996,A192,_,00640,56
A192__00630.56,8.338606048831153,40.571564945,A192,_,00630,56
A192__00620.56,8.323165811100708,40.570965595000004,A192,_,00620,56
A192__00580.56,8.35430504940777,40.58642115,A192,_,00580,56
A192__00560.56,8.325086946703955,40.579407745,A192,_,00560,56
A192__00540.56,8.34579610734142,40.59153678,A192,_,00540,56
A192__00520.56,8.320855131494845,40.591464585,A192,_,00520,56
A192__00510.56,8.316873110962042,40.58850106,A192,_,00510,56
A192__0050.56,8.313265326204744,40.580797704999995,A192,_,0050,56
A192__00460.56,8.163250668059874,40.564604485000004,A192,_,00460,56
A192__00450.56,8.166362244142407,40.587024459999995,A192,_,00450,56
A192__00430.56,8.376212129695476,40.59308915,A192,_,00430,56
A192__00390.56,8.319268385188007,40.60726966,A192,_,00390,56
A192__00380.56,8.308882498382463,40.596675915,A192,_,00380,56
A192__00340.56,8.263859471761613,40.606928015,A192,_,00340,56
A192__00330.56,8.23957625704506,40.59528801,A192,_,00330,56
A192__00310.56,8.369648687376642,40.615479495,A192,_,00310,56
A192__00290.56,8.386106032449028,40.61326876,A192,_,00290,56
A192__00250.56,8.276835311420959,40.62564007,A192,_,00250,56
A192__00240.56,8.209767562159552,40.62263314,A192,_,00240,56
A192__00230.56,8.185198727416893,40.60597422,A192,_,00230,56
A192__00220.56,8.14831300373049,40.606792665,A192,_,00220,56
A192__00200.56,8.262889283341432,40.624407835,A192,_,00200,56
A192__00170.56,8.314039724354181,40.627138855,A192,_,00170,56
A192__00160.56,8.273443926320107,40.625702005,A192,_,00160,56
A192__00140.56,8.188834775705704,40.64771975,A192,_,00140,56
A192__00100.56,8.2657572425921,40.650643865,A192,_,00100,56
A192__00090.56,8.22254543855864,40.645461405,A192,_,00090,56
A192__00080.56,8.31155077751281,40.653613095,A192,_,00080,56
A192__00070.56,8.337074809071211,40.6598167,A192,_,00070,56
A192__00030.560,8.229200962107864,40.65540165,A192,_,00030,560
A192__00970.560,8.312853224643447,40.558585155,A192,_,00970,560
A192__00940.560,8.355311511576751,40.511547394999994,A192,_,00940,560
A192__00930.560,8.339973244500065,40.521420985,A192,_,00930,560
A192__00900.560,8.368587943060176,40.528887445,A192,_,00900,560
A192__00810.560,8.37318800407304,40.5429865,A192,_,00810,560
A192__0077.560,8.331563935287523,40.554265709999996,A192,_,0077,560
A192__00750.560,8.368344302114352,40.552114270000004,A192,_,00750,560
A192__00740.560,8.359495820528135,40.553787915,A192,_,00740,560
A192__00680.560,8.357619385694388,40.56579764,A192,_,00680,560
A192__00670.560,8.343947267239422,40.56605632,A192,_,00670,560
A192__00660.560,8.33709687306025,40.56822307,A192,_,00660,560
A192__00610.560,8.318221323733859,40.578028565,A192,_,00610,560
A192__00580.560,8.361052848024126,40.57766609,A192,_,00580,560
A192__00560.560,8.329432697502671,40.585737585000004,A192,_,00560,560
A192__00530.560,8.333750909789696,40.590099890000005,A192,_,00530,560
A192__00420.560,8.345707461349061,40.598698330000005,A192,_,00420,560
A192__00410.560,8.33304219089312,40.60722261,A192,_,00410,560
A192__00360.560,8.304833038175836,40.609848285,A192,_,00360,560
A192__00280.560,8.35642039592738,40.611261725,A192,_,00280,560
A192__00270.560,8.320104706888511,40.61569346,A192,_,00270,560
A192__00250.560,8.267838705560782,40.62118149,A192,_,00250,560
A192__00160.560,8.266860047145078,40.62808226,A192,_,00160,560
A192__00010.561,8.211131605274815,40.66809764,A192,_,00010,561
A192__00970.561,8.312930180662892,40.55853385,A192,_,00970,561
A192__00940.561,8.355787373005313,40.511499875,A192,_,00940,561
A192__00930.561,8.3383573897978,40.517134580000004,A192,_,00930,561
A192__00900.561,8.368159193220272,40.528793725,A192,_,00900,561
A192__00880.561,8.349804844170846,40.52283438,A192,_,00880,561
A192__00800.561,8.351847295461882,40.549740424999996,A192,_,00800,561
A192__00750.561,8.367942181257659,40.552027315000004,A192,_,00750,561
A192__00740.561,8.359493807094154,40.55344481,A192,_,00740,561
A192__00730.561,8.34988353409401,40.554934375,A192,_,00730,561
A192__00660.561,8.3371427391853,40.5680829,A192,_,00660,561
A192__0064.561,8.320545953295074,40.564568730000005,A192,_,0064,561
A192__00630.561,8.334057789586648,40.572666805,A192,_,00630,561
A192__00610.561,8.318355195896753,40.577781255,A192,_,00610,561
A192__00530.561,8.334058582767216,40.589968485,A192,_,00530,561
A192__00420.561,8.346891253061134,40.602276509999996,A192,_,00420,561
A192__00410.561,8.333239942666012,40.607318320000005,A192,_,00410,561
A192__00360.561,8.314774940829043,40.610375755,A192,_,00360,561
A192__00280.561,8.369802398777583,40.620984585,A192,_,00280,561
A192__00260.561,8.292488106076664,40.619343674999996,A192,_,00260,561
A192__00250.561,8.268003788259726,40.62120978,A192,_,00250,561
A192__00160.561,8.267087902870895,40.628509745,A192,_,00160,561
A192__00120.561,8.297973097226148,40.649211625,A192,_,00120,561
A192__00060.561,8.29677498291958,40.65273798,A192,_,00060,561
A192__00040.561,8.265082905641918,40.65193466,A192,_,00040,561
A192__00030.561,8.228817257205986,40.65535775,A192,_,00030,561
A192__00060.562,8.296770777710844,40.652092065,A192,_,00060,562
A192__00930.562,8.338633079112979,40.517463039999996,A192,_,00930,562
A192__00860.562,8.357395332770297,40.540215675,A192,_,00860,562
A192__00770.562,8.333527011625458,40.54925178,A192,_,00770,562
A192__00740.562,8.35952770087712,40.553300475,A192,_,00740,562
A192__00680.562,8.357347080656464,40.56592957,A192,_,00680,562
A192__00670.562,8.34360451229298,40.56623381,A192,_,00670,562
A192__00660.562,8.33732435437993,40.568204935,A192,_,00660,562
A192__0064.562,8.32084333116817,40.56438298,A192,_,0064,562
A192__00630.562,8.33367490767051,40.57249677,A192,_,00630,562
A192__00610.562,8.318508195517175,40.57754194,A192,_,00610,562
A192__00560.562,8.329661847133067,40.58572862,A192,_,00560,562
A192__00420.562,8.347549763140645,40.602243165000004,A192,_,00420,562
A192__00360.562,8.315043414484343,40.612995875,A192,_,00360,562
A192__00280.562,8.369679329242398,40.621058265,A192,_,00280,562
A192__00270.562,8.349577072022733,40.613785795,A192,_,00270,562
A192__00260.562,8.310629997343217,40.616638715,A192,_,00260,562
A192__00250.562,8.267688441111272,40.62138774,A192,_,00250,562
A192__00190.562,8.203289919496072,40.64114218500001,A192,_,00190,562
A192__00120.562,8.297424532844435,40.63560844,A192,_,00120,562
A192__00010.563,8.211017402359888,40.66817691,A192,_,00010,563
A192__00970.563,8.31291560754858,40.55843728,A192,_,00970,563
A192__00940.563,8.355573318886087,40.511253345,A192,_,00940,563
A192__00930.563,8.339802591487736,40.520465125,A192,_,00930,563
A192__00860.563,8.357687591499168,40.54054601,A192,_,00860,563
A192__00840.563,8.32631931068429,40.54157112,A192,_,00840,563
A192__00780.563,8.336250872771554,40.54636775,A192,_,00780,563
A192__00750.563,8.36520040862957,40.556971915000005,A192,_,00750,563
A192__00680.563,8.353278139359825,40.57002825,A192,_,00680,563
A192__00670.563,8.34273312416271,40.56636972,A192,_,00670,563
A192__00660.563,8.337339798438641,40.56813325,A192,_,00660,563
A192__0064.563,8.321081806977949,40.56505595,A192,_,0064,563
A192__00630.563,8.33385786542841,40.572562954999995,A192,_,00630,563
A192__00610.563,8.318303966283448,40.57911953,A192,_,00610,563
A192__00560.563,8.329897878486689,40.58607716,A192,_,00560,563
A192__00530.563,8.333817602879657,40.59040602,A192,_,00530,563
A192__00360.563,8.297711970536243,40.610922465,A192,_,00360,563
A192__00280.563,8.35991995081068,40.603650295,A192,_,00280,563
A192__00270.563,8.321667678185836,40.61426917,A192,_,00270,563
A192__00250.563,8.268153756384915,40.62121295,A192,_,00250,563
A192__00190.563,8.19544906273384,40.6377125,A192,_,00190,563
A192__00160.563,8.271599221828179,40.637021375,A192,_,00160,563
A192__00060.563,8.29470714278014,40.651958175,A192,_,00060,563
A192__00040.563,8.259580835623414,40.64160941,A192,_,00040,563
A192__00030.563,8.245513870383753,40.652108325,A192,_,00030,563
A192__00010.564,8.210767907336557,40.66825881,A192,_,00010,564
A192__00970.564,8.313016527958533,40.558330475000005,A192,_,00970,564
A192__00940.564,8.355858132625421,40.511253375,A192,_,00940,564
A192__00900.564,8.369421253826612,40.529280285,A192,_,00900,564
A192__00880.564,8.344883424564262,40.520412285,A192,_,00880,564
A192__00860.564,8.358438115522432,40.54015073,A192,_,00860,564
A192__00840.564,8.326659999514295,40.54155218,A192,_,00840,564
A192__00780.564,8.325497356079474,40.544294585,A192,_,00780,564
A192__00770.564,8.33352476235431,40.549077645,A192,_,00770,564
A192__00750.564,8.368055513812909,40.559709319999996,A192,_,00750,564
A192__00740.564,8.360540025162564,40.56260498,A192,_,00740,564
A192__00730.564,8.349582221557224,40.555243880000006,A192,_,00730,564
A192__00680.564,8.353301146149821,40.569848515000004,A192,_,00680,564
A192__00670.564,8.342952015558318,40.566582245000006,A192,_,00670,564
A192__00660.564,8.337243614496227,40.56814392,A192,_,00660,564
A192__0064.564,8.321139931277042,40.56487687,A192,_,0064,564
A192__00630.564,8.33438020130129,40.57207356,A192,_,00630,564
A192__00610.564,8.318201075413505,40.57897956,A192,_,00610,564
A192__00580.564,8.355200740253357,40.580167755000005,A192,_,00580,564
A192__00560.564,8.329904250866305,40.58576633,A192,_,00560,564
A192__00550.564,8.320190958743854,40.584213485,A192,_,00550,564
A192__00360.564,8.297498067098346,40.61050294,A192,_,00360,564
A192__00280.564,8.357361173447657,40.602822814999996,A192,_,00280,564
A192__00270.564,8.321443067648783,40.614454910000006,A192,_,00270,564
A192__00260.564,8.302962587150871,40.61668125,A192,_,00260,564
A192__00250.564,8.26829708585137,40.621228970000004,A192,_,00250,564
A192__00190.564,8.197445501758976,40.636705535000004,A192,_,00190,564
A192__00160.564,8.27160220288815,40.637523405,A192,_,00160,564
A192__00010.565,8.2115816710068,40.66789138,A192,_,00010,565
A192__00970.565,8.313155936541726,40.557966315,A192,_,00970,565
A192__00940.565,8.356174322064266,40.51109228,A192,_,00940,565
A192__00930.565,8.3363188832708,40.520800445,A192,_,00930,565
A192__00900.565,8.369241599174599,40.529036500000004,A192,_,00900,565
A192__00880.565,8.350645177225195,40.523284895,A192,_,00880,565
A192__00840.565,8.327272820842625,40.54143189,A192,_,00840,565
A192__00810.565,8.368460828430479,40.546788235,A192,_,00810,565
A192__00780.565,8.339174289660725,40.539338830000005,A192,_,00780,565
A192__00750.565,8.367625425269953,40.55993474,A192,_,00750,565
A192__00740.565,8.361142072690296,40.558871415,A192,_,00740,565
A192__00680.565,8.353504544222993,40.569903725,A192,_,00680,565
A192__00660.565,8.337322861479093,40.568032585,A192,_,00660,565
A192__0064.565,8.320949627831748,40.56496768,A192,_,0064,565
A192__00630.565,8.33452446523753,40.571833595,A192,_,00630,565
A192__00610.565,8.31865777705767,40.578507145,A192,_,00610,565
A192__00580.565,8.354941483056168,40.579844914999995,A192,_,00580,565
A192__00560.565,8.330099237503672,40.586083825,A192,_,00560,565
A192__00550.565,8.322349322552952,40.589099565,A192,_,00550,565
A192__00530.565,8.336719108349431,40.589929305,A192,_,00530,565
A192__00410.565,8.335000896003638,40.60274361,A192,_,00410,565
A192__00360.565,8.297503691426531,40.609816925000004,A192,_,00360,565
A192__00280.565,8.357183627987936,40.602954185,A192,_,00280,565
A192__00270.565,8.330505467879554,40.621210985000005,A192,_,00270,565
A192__00250.565,8.268088612505064,40.621446345,A192,_,00250,565
A192__00190.565,8.205870870300405,40.62932497,A192,_,00190,565
A192__00160.565,8.272197752583004,40.630289524999995,A192,_,00160,565
A192__00060.565,8.29559612407075,40.657105525000006,A192,_,00060,565
A192__00040.565,8.260878175941826,40.645617405,A192,_,00040,565
A192__00010.566,8.211026739832255,40.66799117,A192,_,00010,566
A192__00970.566,8.313188117624794,40.557877735,A192,_,00970,566
A192__00940.566,8.356749653892603,40.511271865,A192,_,00940,566
A192__00930.566,8.335836946641704,40.520531039999995,A192,_,00930,566
A192__00890.566,8.346132605059811,40.535908905,A192,_,00890,566
A192__00880.566,8.350317926616814,40.523073755,A192,_,00880,566
A192__00860.566,8.35979119871908,40.539830975,A192,_,00860,566
A192__00840.566,8.326281665935532,40.54113503,A192,_,00840,566
A192__00810.566,8.369965342515588,40.546099229999996,A192,_,00810,566
A192__00780.566,8.330188762342942,40.54350487,A192,_,00780,566
A192__00770.566,8.333644425079772,40.549077855,A192,_,00770,566
A192__00740.566,8.36160145183755,40.559012465,A192,_,00740,566
A192__00730.566,8.35001314210906,40.55896219,A192,_,00730,566
A192__00680.566,8.354784069213794,40.5639048,A192,_,00680,566
A192__00670.566,8.344276167467305,40.565907429999996,A192,_,00670,566
A192__00660.566,8.33740011933708,40.568073515,A192,_,00660,566
A192__00610.566,8.31884912879505,40.57826782,A192,_,00610,566
A192__00580.566,8.355103809129371,40.580107745,A192,_,00580,566
A192__00560.566,8.330114135953867,40.585747125,A192,_,00560,566
A192__00550.566,8.322438435342479,40.589131574999996,A192,_,00550,566
A192__00530.566,8.336703918990406,40.589774765,A192,_,00530,566
A192__00480.566,8.230401825796697,40.589920555000006,A192,_,00480,566
A192__00390.566,8.316405793392548,40.599390709999994,A192,_,00390,566
A192__00360.566,8.298271990550287,40.60989808,A192,_,00360,566
A192__00280.566,8.36259040498733,40.603159335,A192,_,00280,566
A192__00270.566,8.330684343484041,40.621543939999995,A192,_,00270,566
A192__00260.566,8.29642442578001,40.616402085000004,A192,_,00260,566
A192__00250.566,8.26844923577162,40.621231185,A192,_,00250,566
A192__00160.566,8.272722228462785,40.630675575,A192,_,00160,566
A192__00120.566,8.297639097826437,40.65181123,A192,_,00120,566
A192__00060.566,8.295798043590397,40.65710654,A192,_,00060,566
A192__00030.566,8.23694509634866,40.663735880000004,A192,_,00030,566
A192__00010.567,8.211029638692569,40.668152055,A192,_,00010,567
A192__00970.567,8.313263352055401,40.557851865,A192,_,00970,567
A192__00940.567,8.356759878903983,40.510822610000005,A192,_,00940,567
A192__00930.567,8.336803968692417,40.5205732,A192,_,00930,567
A192__00890.567,8.349960887971768,40.529378655,A192,_,00890,567
A192__00880.567,8.348657513288344,40.52443207,A192,_,00880,567
A192__00840.567,8.326797715668562,40.54117234,A192,_,00840,567
A192__00810.567,8.37046307769732,40.545987515,A192,_,00810,567
A192__00780.567,8.33040738619815,40.543423095,A192,_,00780,567
A192__00770.567,8.33336239425524,40.548923765,A192,_,00770,567
A192__00740.567,8.359594781108989,40.560957535,A192,_,00740,567
A192__0071.567,8.320997171459911,40.559998230000005,A192,_,0071,567
A192__00680.567,8.354821572968458,40.564023895,A192,_,00680,567
A192__00670.567,8.342323737562939,40.56652062,A192,_,00670,567
A192__00660.567,8.337417840918608,40.568131885,A192,_,00660,567
A192__0064.567,8.320220690626128,40.56499975,A192,_,0064,567
A192__00610.567,8.318868664010616,40.577978055,A192,_,00610,567
A192__00580.567,8.366456583459366,40.586248865,A192,_,00580,567
A192__00570.567,8.341878256366225,40.58834307,A192,_,00570,567
A192__00560.567,8.33027079604599,40.586013550000004,A192,_,00560,567
A192__00540.567,8.354165527296946,40.59456116,A192,_,00540,567
A192__00480.567,8.22982632079108,40.589755295,A192,_,00480,567
A192__00400.567,8.325423553145054,40.60479627,A192,_,00400,567
A192__00390.567,8.316666602239819,40.599341905,A192,_,00390,567
A192__00280.567,8.358360859443556,40.60194102,A192,_,00280,567
A192__00270.567,8.333809855879206,40.620495925,A192,_,00270,567
A192__00260.567,8.296161032578699,40.61645399,A192,_,00260,567
A192__00250.567,8.268590155126994,40.621241659999995,A192,_,00250,567
A192__00190.567,8.205700334585881,40.629188595,A192,_,00190,567
A192__00160.567,8.272205324855634,40.63002416,A192,_,00160,567
A192__00120.567,8.297445379999665,40.65181123,A192,_,00120,567
A192__00060.567,8.295991034932765,40.657072709999994,A192,_,00060,567
A192__00040.567,8.25998028091876,40.64260262,A192,_,00040,567
A192__00030.567,8.237068595383324,40.663136995,A192,_,00030,567
A192__00010.568,8.213228887231592,40.66190889,A192,_,00010,568
A192__00970.568,8.313151783643537,40.557828865,A192,_,00970,568
A192__00900.568,8.358977632919007,40.53673268,A192,_,00900,568
A192__00890.568,8.350275962763066,40.529599895000004,A192,_,00890,568
A192__00860.568,8.351390869132146,40.537989735,A192,_,00860,568
A192__00840.568,8.327054750742153,40.540983960000005,A192,_,00840,568
A192__00810.568,8.374342681096017,40.543034184999996,A192,_,00810,568
A192__00780.568,8.331264130744039,40.54391451,A192,_,00780,568
A192__00770.568,8.333326486872139,40.549057885,A192,_,00770,568
A192__00740.568,8.359742267445666,40.560838489999995,A192,_,00740,568
A192__00730.568,8.349784966041856,40.55941463,A192,_,00730,568
A192__00680.568,8.354304760471745,40.564110015,A192,_,00680,568
A192__00670.568,8.342591711409025,40.566773275,A192,_,00670,568
A192__00610.568,8.319084739918246,40.57771273,A192,_,00610,568
A192__00570.568,8.34243078180948,40.58836386,A192,_,00570,568
A192__00560.568,8.33031606025381,40.585718965,A192,_,00560,568
A192__00550.568,8.31897489629305,40.588074004999996,A192,_,00550,568
A192__00540.568,8.354436204353306,40.594629874999995,A192,_,00540,568
A192__00530.568,8.339662706417057,40.59222261,A192,_,00530,568
A192__00410.568,8.33449617724261,40.602757965,A192,_,00410,568
A192__00400.568,8.328886030275598,40.60321357,A192,_,00400,568
A192__00390.568,8.316169829056246,40.59874494,A192,_,00390,568
A192__00280.568,8.357550192667999,40.60001857,A192,_,00280,568
A192__00270.568,8.333417344660923,40.62073996,A192,_,00270,568
A192__00250.568,8.274405037314443,40.622024115,A192,_,00250,568
A192__00190.568,8.20617494936421,40.62941789,A192,_,00190,568
A192__00160.568,8.272384088052517,40.630013435,A192,_,00160,568
A192__00120.568,8.29738966360035,40.634701989999996,A192,_,00120,568
A192__00030.568,8.22834834913187,40.64868525,A192,_,00030,568
A192__00030.569,8.228484434178725,40.648937425,A192,_,00030,569
A192__00970.569,8.313146097632133,40.557780275,A192,_,00970,569
A192__00930.569,8.33906710225997,40.52453098,A192,_,00930,569
A192__00890.569,8.349757588757761,40.529173625,A192,_,00890,569
A192__00840.569,8.326626982609136,40.540757525,A192,_,00840,569
A192__00810.569,8.37434824749446,40.542894605,A192,_,00810,569
A192__00780.569,8.330553876629232,40.543322939999996,A192,_,00780,569
A192__00750.569,8.363557466244622,40.558022835,A192,_,00750,569
A192__00740.569,8.357242909834184,40.561018759999996,A192,_,00740,569
A192__00630.569,8.335735218126816,40.5727128,A192,_,00630,569
A192__00580.569,8.36242595659527,40.58928903,A192,_,00580,569
A192__00560.569,8.330500133168876,40.586235654999996,A192,_,00560,569
A192__00550.569,8.319190067762676,40.588173595,A192,_,00550,569
A192__00540.569,8.354599755535094,40.59467414,A192,_,00540,569
A192__00530.569,8.339225223024735,40.595330605,A192,_,00530,569
A192__00480.569,8.240838242902367,40.58572231,A192,_,00480,569
A192__00410.569,8.334197087684288,40.60276144,A192,_,00410,569
A192__00400.569,8.326188795562565,40.603155835,A192,_,00400,569
A192__00390.569,8.31659047787681,40.59904143,A192,_,00390,569
A192__00280.569,8.356501903823094,40.600229135,A192,_,00280,569
A192__00270.569,8.332470015998922,40.62158608,A192,_,00270,569
A192__00250.569,8.27451738701621,40.621623135,A192,_,00250,569
A192__00160.569,8.277963611610186,40.632376835,A192,_,00160,569
A192__00120.569,8.297547974938027,40.634927855,A192,_,00120,569
A192__00030.57,8.23936009231245,40.651188675,A192,_,00030,57
A192__00960.57,8.361507115113643,40.52258976,A192,_,00960,57
A192__00950.57,8.353982618051766,40.51627974,A192,_,00950,57
A192__00940.57,8.355519057661521,40.51188742,A192,_,00940,57
A192__00900.57,8.3574339057899,40.53297197,A192,_,00900,57
A192__00890.57,8.348029394100163,40.53153883,A192,_,00890,57
A192__00880.57,8.342747986933336,40.522698765,A192,_,00880,57
A192__00870.57,8.33821600318031,40.526318205,A192,_,00870,57
A192__00860.57,8.360669208295896,40.54137442,A192,_,00860,57
A192__00850.57,8.343480653997151,40.533269175,A192,_,00850,57
A192__00840.57,8.333840964253127,40.53962225,A192,_,00840,57
A192__00810.57,8.362944223959612,40.54980858,A192,_,00810,57
A192__00800.57,8.360621810382721,40.545513285,A192,_,00800,57
A192__00790.57,8.344207041402917,40.55051257,A192,_,00790,57
A192__00780.57,8.32753695313948,40.543652905,A192,_,00780,57
A192__0077.57,8.328162726243903,40.555565045,A192,_,0077,57
A192__00750.57,8.398725766010639,40.563969490000005,A192,_,00750,57
A192__00740.57,8.36058941346715,40.551668735,A192,_,00740,57
A192__00700.57,8.409632518353124,40.573065365000005,A192,_,00700,57
A192__00680.57,8.357833227323155,40.567810570000006,A192,_,00680,57
A192__00640.57,8.322188191005864,40.56632683,A192,_,00640,57
A192__00630.57,8.33802211142242,40.571559300000004,A192,_,00630,57
A192__00590.57,8.386648515311748,40.58153026,A192,_,00590,57
A192__00580.57,8.361169744156118,40.57694343,A192,_,00580,57
A192__00550.57,8.318150199949535,40.583050125,A192,_,00550,57
A192__0050.57,8.313304202394193,40.58081542,A192,_,0050,57
A192__00490.57,8.26152662128639,40.591701494999995,A192,_,00490,57
A192__00460.57,8.163195414717611,40.5630491,A192,_,00460,57
A192__00430.57,8.37639071027608,40.59361305,A192,_,00430,57
A192__00400.57,8.328541762297036,40.59865227,A192,_,00400,57
A192__00340.57,8.264976078824038,40.61032506,A192,_,00340,57
A192__00330.57,8.23959903482216,40.595180805,A192,_,00330,57
A192__00310.57,8.368693981372385,40.61601649,A192,_,00310,57
A192__00270.57,8.349742266547015,40.603711180000005,A192,_,00270,57
A192__00240.57,8.210108061665812,40.622454355,A192,_,00240,57
A192__00230.57,8.186142132142864,40.606132825,A192,_,00230,57
A192__00220.57,8.148041098619792,40.606462135,A192,_,00220,57
A192__00210.57,8.351741434998935,40.63102061,A192,_,00210,57
A192__00200.57,8.259059415658124,40.625146720000004,A192,_,00200,57
A192__00150.57,8.241347946172867,40.6369252,A192,_,00150,57
A192__00140.57,8.188106241206917,40.64639661,A192,_,00140,57
A192__00120.57,8.310894422982372,40.64492976,A192,_,00120,57
A192__00100.57,8.265913614510808,40.648014790000005,A192,_,00100,57
A192__00090.57,8.223711875866671,40.646337364999994,A192,_,00090,57
A192__00080.57,8.31082122724108,40.653083980000005,A192,_,00080,57
A192__00070.57,8.342641282592806,40.660246935,A192,_,00070,57
A192__00050.57,8.272484917215444,40.660027355,A192,_,00050,57
A192__00030.570,8.232546749847913,40.64878167,A192,_,00030,570
A192__00970.570,8.313259577171722,40.557800655,A192,_,00970,570
A192__00940.570,8.35467446658754,40.510586305,A192,_,00940,570
A192__00930.570,8.339046452880552,40.524199440000004,A192,_,00930,570
A192__00900.570,8.364498446124689,40.53295109,A192,_,00900,570
A192__00890.570,8.349071226921208,40.529445679999995,A192,_,00890,570
A192__00880.570,8.345223795686746,40.52637143,A192,_,00880,570
A192__00860.570,8.352941108384275,40.54032779,A192,_,00860,570
A192__00840.570,8.326453159642433,40.540908189999996,A192,_,00840,570
A192__00810.570,8.373109913701096,40.548910684999996,A192,_,00810,570
A192__00780.570,8.329125207190414,40.548232465,A192,_,00780,570
A192__0077.570,8.328378120221,40.55314745,A192,_,0077,570
A192__00750.570,8.363466149461392,40.561088165,A192,_,00750,570
A192__00740.570,8.35723294118834,40.56091328,A192,_,00740,570
A192__00730.570,8.349666660756169,40.55912627,A192,_,00730,570
A192__00670.570,8.343632263024606,40.566238195,A192,_,00670,570
A192__00660.570,8.337230203569002,40.568018730000006,A192,_,00660,570
A192__00630.570,8.338884396594837,40.57066661499999,A192,_,00630,570
A192__00570.570,8.343186794027593,40.58849636,A192,_,00570,570
A192__00560.570,8.330471021713182,40.585745265,A192,_,00560,570
A192__00550.570,8.319429638584854,40.583323915,A192,_,00550,570
A192__00540.570,8.354776861916832,40.594644790000004,A192,_,00540,570
A192__00530.570,8.338994689470823,40.595528775000005,A192,_,00530,570
A192__00410.570,8.33686760904536,40.601463085000006,A192,_,00410,570
A192__00390.570,8.316427850853472,40.59870861,A192,_,00390,570
A192__00280.570,8.35601227621736,40.602615045,A192,_,00280,570
A192__00270.570,8.332343725155592,40.62125709,A192,_,00270,570
A192__00250.570,8.27391814229749,40.622095335,A192,_,00250,570
A192__00160.570,8.277967733045154,40.63072525,A192,_,00160,570
A192__00120.570,8.297303084915285,40.634897800000005,A192,_,00120,570
A192__00060.570,8.292104584204402,40.66085495,A192,_,00060,570
A192__00040.570,8.265467457050974,40.64761,A192,_,00040,570
A192__00060.571,8.29228740542778,40.661149925000004,A192,_,00060,571
A192__00970.571,8.3132748528886,40.557677365,A192,_,00970,571
A192__00940.571,8.354840200951495,40.510404265,A192,_,00940,571
A192__00900.571,8.364689594526038,40.532937125000004,A192,_,00900,571
A192__00890.571,8.349485849492183,40.5296214,A192,_,00890,571
A192__00860.571,8.353420111555916,40.540474115,A192,_,00860,571
A192__00840.571,8.326167738638096,40.540924515,A192,_,00840,571
A192__00810.571,8.372846510635632,40.549589575,A192,_,00810,571
A192__00780.571,8.335538619044936,40.546100745000004,A192,_,00780,571
A192__00770.571,8.334165803872386,40.54998404,A192,_,00770,571
A192__00740.571,8.357015799660127,40.56085191,A192,_,00740,571
A192__00730.571,8.346957146178713,40.55380457,A192,_,00730,571
A192__00680.571,8.357030246808574,40.568318855,A192,_,00680,571
A192__00670.571,8.343119957237041,40.566726239999994,A192,_,00670,571
A192__00660.571,8.337771450052127,40.567735185000004,A192,_,00660,571
A192__00610.571,8.314753433682963,40.57889444,A192,_,00610,571
A192__00580.571,8.37158890662096,40.582127639999996,A192,_,00580,571
A192__00560.571,8.330808473156177,40.586235955,A192,_,00560,571
A192__00550.571,8.319745342184037,40.583179900000005,A192,_,00550,571
A192__00530.571,8.335605489603754,40.596622495,A192,_,00530,571
A192__00480.571,8.239544044363047,40.585181795,A192,_,00480,571
A192__00410.571,8.336114092945653,40.60139124,A192,_,00410,571
A192__00400.571,8.32586055582049,40.603178080000006,A192,_,00400,571
A192__00280.571,8.355663688501588,40.603301665000004,A192,_,00280,571
A192__00270.571,8.332158550335114,40.621799235,A192,_,00270,571
A192__00250.571,8.274218073425661,40.621511395,A192,_,00250,571
A192__00210.571,8.331166671780593,40.626003325,A192,_,00210,571
A192__00190.571,8.206757856019124,40.64069601,A192,_,00190,571
A192__00160.571,8.277972355760108,40.629494975,A192,_,00160,571
A192__00120.571,8.297509788995601,40.635102805,A192,_,00120,571
A192__00120.572,8.29730757296257,40.635102805,A192,_,00120,572
A192__00930.572,8.338390268355651,40.524518265,A192,_,00930,572
A192__00890.572,8.349820021276088,40.529891774999996,A192,_,00890,572
A192__00840.572,8.328291414105276,40.539240469999996,A192,_,00840,572
A192__00810.572,8.37229872916475,40.549323145,A192,_,00810,572
A192__00770.572,8.334434492712678,40.549861425,A192,_,00770,572
A192__00750.572,8.366799969005413,40.560639089999995,A192,_,00750,572
A192__00740.572,8.356826089137826,40.5622551,A192,_,00740,572
A192__00680.572,8.356562407441073,40.568099625,A192,_,00680,572
A192__00670.572,8.342969361290223,40.566590115,A192,_,00670,572
A192__00660.572,8.337634362850386,40.567836685,A192,_,00660,572
A192__00630.572,8.338760460291493,40.570428045,A192,_,00630,572
A192__00580.572,8.371280573449226,40.582375745,A192,_,00580,572
A192__00570.572,8.342497803879386,40.589033455,A192,_,00570,572
A192__00560.572,8.330881684659477,40.5857806,A192,_,00560,572
A192__00550.572,8.319781912846121,40.583235865,A192,_,00550,572
A192__00530.572,8.33529108088323,40.596821715000004,A192,_,00530,572
A192__00480.572,8.239772305920873,40.58547264,A192,_,00480,572
A192__00410.572,8.336312906893685,40.601471759999995,A192,_,00410,572
A192__00280.572,8.355715608088833,40.603425279999996,A192,_,00280,572
A192__00270.572,8.331900133263586,40.62161852,A192,_,00270,572
A192__00250.572,8.273143429910046,40.622143914999995,A192,_,00250,572
A192__00210.572,8.331225782911838,40.626034695,A192,_,00210,572
A192__00190.572,8.20648279529907,40.640632575,A192,_,00190,572
A192__00160.572,8.277956602720185,40.63481199,A192,_,00160,572
A192__00040.573,8.247791390797465,40.645437920000006,A192,_,00040,573
A192__00880.573,8.342325781505853,40.523428675000005,A192,_,00880,573
A192__00860.573,8.361694741630913,40.536812805,A192,_,00860,573
A192__00770.573,8.334717033162317,40.549796904999994,A192,_,00770,573
A192__00750.573,8.366799945705932,40.561226704999996,A192,_,00750,573
A192__00730.573,8.350128589213458,40.558732625,A192,_,00730,573
A192__00680.573,8.358396105115933,40.568314845,A192,_,00680,573
A192__00670.573,8.342157442843718,40.566666705,A192,_,00670,573
A192__00630.573,8.33900385012911,40.57056116,A192,_,00630,573
A192__00580.573,8.36070610035823,40.587193115,A192,_,00580,573
A192__00570.573,8.338859313665074,40.58880482,A192,_,00570,573
A192__00560.573,8.331124658963741,40.586249464999995,A192,_,00560,573
A192__00550.573,8.319649984049033,40.583033785,A192,_,00550,573
A192__00530.573,8.335332995187189,40.596688015,A192,_,00530,573
A192__00410.573,8.337767155509662,40.598494785,A192,_,00410,573
A192__00400.573,8.328739258648115,40.60646138,A192,_,00400,573
A192__00280.573,8.355745031302954,40.60363103,A192,_,00280,573
A192__00270.573,8.331956596975735,40.62180221,A192,_,00270,573
A192__00250.573,8.27367083977881,40.621790325,A192,_,00250,573
A192__00160.573,8.277960601567363,40.633438285,A192,_,00160,573
A192__00060.573,8.29987392695698,40.656749105,A192,_,00060,573
A192__00040.574,8.249372075793723,40.642354854999994,A192,_,00040,574
A192__00940.574,8.355786985115108,40.51101317,A192,_,00940,574
A192__00900.574,8.36224089690985,40.527888395,A192,_,00900,574
A192__00890.574,8.350986267699513,40.530296629999995,A192,_,00890,574
A192__00880.574,8.341685955776276,40.52315265,A192,_,00880,574
A192__00860.574,8.354688313642482,40.539484525,A192,_,00860,574
A192__00810.574,8.371400254489206,40.54916582,A192,_,00810,574
A192__00780.574,8.334876057324482,40.5458929,A192,_,00780,574
A192__00770.574,8.33480941958871,40.549794219999995,A192,_,00770,574
A192__00750.574,8.376876990310002,40.549769365,A192,_,00750,574
A192__00730.574,8.350310531128258,40.558730975,A192,_,00730,574
A192__00680.574,8.358010437004975,40.56842906,A192,_,00680,574
A192__00670.574,8.342395786158976,40.566865585,A192,_,00670,574
A192__00660.574,8.33740689658517,40.56791489,A192,_,00660,574
A192__00640.574,8.329163603013324,40.565883455,A192,_,00640,574
A192__00630.574,8.3397098666628,40.57101805,A192,_,00630,574
A192__00620.574,8.324789643204792,40.573282750000004,A192,_,00620,574
A192__0061.574,8.31614192490529,40.575033255,A192,_,0061,574
A192__00580.574,8.369067831690945,40.581074404999995,A192,_,00580,574
A192__00570.574,8.338810806988512,40.588869245,A192,_,00570,574
A192__00560.574,8.331132057662508,40.585817795,A192,_,00560,574
A192__00550.574,8.319677398538122,40.5830758,A192,_,00550,574
A192__00530.574,8.335354894281949,40.596763745000004,A192,_,00530,574
A192__00410.574,8.331686446310616,40.59805276,A192,_,00410,574
A192__00400.574,8.328672118470813,40.605924630000004,A192,_,00400,574
A192__00280.574,8.35697338455206,40.603589885000005,A192,_,00280,574
A192__00270.574,8.328712306227462,40.620813115,A192,_,00270,574
A192__00250.574,8.282983191555992,40.617139985,A192,_,00250,574
A192__00160.574,8.265628917129884,40.623849185,A192,_,00160,574
A192__00060.575,8.29154762614085,40.66842071,A192,_,00060,575
A192__00970.575,8.313352880553705,40.55761651500001,A192,_,00970,575
A192__00940.575,8.355945786664908,40.510999225000006,A192,_,00940,575
A192__00930.575,8.338707327102096,40.524431945,A192,_,00930,575
A192__00900.575,8.362346582120356,40.52825814,A192,_,00900,575
A192__00880.575,8.341457062873125,40.523200285,A192,_,00880,575
A192__00860.575,8.360611014505743,40.537297945,A192,_,00860,575
A192__00780.575,8.335400725071537,40.545141075000004,A192,_,00780,575
A192__00770.575,8.334810933175689,40.550025864999995,A192,_,00770,575
A192__00750.575,8.376951604931335,40.549668745000005,A192,_,00750,575
A192__00740.575,8.355355304938081,40.5529492,A192,_,00740,575
A192__00730.575,8.351170858659179,40.55856542,A192,_,00730,575
A192__00680.575,8.356960806032077,40.567983999999996,A192,_,00680,575
A192__00640.575,8.32966453176061,40.56545391,A192,_,00640,575
A192__00570.575,8.338910693312751,40.588749065,A192,_,00570,575
A192__00560.575,8.331380752733516,40.586199685,A192,_,00560,575
A192__00550.575,8.319425493700784,40.5825061,A192,_,00550,575
A192__00540.575,8.3569908319595,40.595422025000005,A192,_,00540,575
A192__00530.575,8.335166247752282,40.589667465,A192,_,00530,575
A192__00410.575,8.33165882118448,40.597942599999996,A192,_,00410,575
A192__00400.575,8.32839540083624,40.606206265,A192,_,00400,575
A192__00390.575,8.316758523283074,40.60025978,A192,_,00390,575
A192__00280.575,8.355274829909696,40.60511017,A192,_,00280,575
A192__00270.575,8.329758370658661,40.62135463,A192,_,00270,575
A192__00250.575,8.283134236576101,40.616479909999995,A192,_,00250,575
A192__00190.575,8.198018592746834,40.62298674,A192,_,00190,575
A192__00040.576,8.245580755909057,40.660050330000004,A192,_,00040,576
A192__00970.576,8.313242779109009,40.55758747,A192,_,00970,576
A192__00940.576,8.356221984323358,40.51055545,A192,_,00940,576
A192__00900.576,8.358644956905609,40.53056699,A192,_,00900,576
A192__00890.576,8.354111763844287,40.53290083,A192,_,00890,576
A192__00880.576,8.345140102019958,40.520429645,A192,_,00880,576
A192__00860.576,8.360081592393936,40.537348894999994,A192,_,00860,576
A192__00840.576,8.328544021973798,40.53908833,A192,_,00840,576
A192__00780.576,8.32649575034483,40.546296505,A192,_,00780,576
A192__00770.576,8.335203238360675,40.549781839999994,A192,_,00770,576
A192__00730.576,8.34946755339099,40.559172020000005,A192,_,00730,576
A192__00680.576,8.35646177447951,40.56776283,A192,_,00680,576
A192__00670.576,8.343296989341074,40.566397605000006,A192,_,00670,576
A192__00660.576,8.337436047746623,40.56799377,A192,_,00660,576
A192__00640.576,8.329187729776722,40.566147785,A192,_,00640,576
A192__00580.576,8.369917301784422,40.58045661,A192,_,00580,576
A192__00570.576,8.338878408439944,40.58890445,A192,_,00570,576
A192__00560.576,8.331217356855824,40.585832325,A192,_,00560,576
A192__00550.576,8.320121009487059,40.58306005,A192,_,00550,576
A192__00540.576,8.35653099497892,40.59558191,A192,_,00540,576
A192__00530.576,8.3363371189132,40.58948456500001,A192,_,00530,576
A192__00410.576,8.331773058568295,40.598114495000004,A192,_,00410,576
A192__00400.576,8.328526254183693,40.606116535,A192,_,00400,576
A192__00280.576,8.354667558114048,40.605274795,A192,_,00280,576
A192__00270.576,8.330602754065357,40.621794875,A192,_,00270,576
A192__00250.576,8.267828957072371,40.62162142,A192,_,00250,576
A192__00190.576,8.197791615,40.62313141,A192,_,00190,576
A192__00120.577,8.297613142206778,40.63650553,A192,_,00120,577
A192__00970.577,8.313350924716975,40.557566845,A192,_,00970,577
A192__00940.577,8.356209859955896,40.510694834999995,A192,_,00940,577
A192__00810.577,8.371314782075649,40.54450694,A192,_,00810,577
A192__00770.577,8.334005654055677,40.549585405,A192,_,00770,577
A192__00750.577,8.368277421904466,40.563166445,A192,_,00750,577
A192__00740.577,8.357299180909008,40.552688950000004,A192,_,00740,577
A192__00730.577,8.349978929018015,40.5591779,A192,_,00730,577
A192__00680.577,8.355836260538684,40.567620165,A192,_,00680,577
A192__00670.577,8.344657412774247,40.56489733,A192,_,00670,577
A192__00660.577,8.33845136105529,40.56774583,A192,_,00660,577
A192__00640.577,8.33051830674663,40.568604915,A192,_,00640,577
A192__00560.577,8.331550754594069,40.58583405,A192,_,00560,577
A192__00530.577,8.335944213374749,40.589238765000005,A192,_,00530,577
A192__00410.577,8.331894742194269,40.59799631,A192,_,00410,577
A192__00400.577,8.328593581539701,40.606215434999996,A192,_,00400,577
A192__00280.577,8.357626751656245,40.603901955,A192,_,00280,577
A192__00270.577,8.348045211248305,40.614568739999996,A192,_,00270,577
A192__00250.577,8.268096490370382,40.62168844,A192,_,00250,577
A192__00160.577,8.27065718498365,40.6319277,A192,_,00160,577
A192__00030.578,8.24403356160249,40.65406522,A192,_,00030,578
A192__00970.578,8.313423170787967,40.557511785,A192,_,00970,578
A192__00940.578,8.35635831726158,40.51049158,A192,_,00940,578
A192__00900.578,8.36675741207429,40.526940589999995,A192,_,00900,578
A192__00860.578,8.359007648399391,40.539325095,A192,_,00860,578
A192__00840.578,8.329075761817336,40.53899331,A192,_,00840,578
A192__00810.578,8.37154913370206,40.54463225,A192,_,00810,578
A192__00780.578,8.335793191733705,40.546820255,A192,_,00780,578
A192__00770.578,8.334296785986112,40.549531645,A192,_,00770,578
A192__00750.578,8.362921729122885,40.565242865,A192,_,00750,578
A192__00740.578,8.359453735085967,40.564942395,A192,_,00740,578
A192__00730.578,8.350198803125593,40.559071110000005,A192,_,00730,578
A192__00680.578,8.356436953055328,40.567756155,A192,_,00680,578
A192__00670.578,8.344535010424998,40.564803765,A192,_,00670,578
A192__00640.578,8.330601079470188,40.56841067,A192,_,00640,578
A192__0061.578,8.320862954031803,40.572059765000006,A192,_,0061,578
A192__00560.578,8.331866444099747,40.58623298,A192,_,00560,578
A192__00530.578,8.335309167975524,40.58947157,A192,_,00530,578
A192__00410.578,8.33602655450995,40.600588495,A192,_,00410,578
A192__00400.578,8.328680719561525,40.60623186,A192,_,00400,578
A192__00270.578,8.3485301137032,40.61512768,A192,_,00270,578
A192__00160.578,8.270624567515712,40.632078605000004,A192,_,00160,578
A192__00120.578,8.297332941341175,40.63533789,A192,_,00120,578
A192__00040.578,8.265234389480554,40.64184815,A192,_,00040,578
A192__00030.579,8.245156325255257,40.65424971,A192,_,00030,579
A192__00940.579,8.355360549805024,40.511225185,A192,_,00940,579
A192__00930.579,8.338304557951005,40.518090834999995,A192,_,00930,579
A192__00900.579,8.366919043355248,40.527182415,A192,_,00900,579
A192__00890.579,8.352968041025772,40.531026374999996,A192,_,00890,579
A192__00880.579,8.345418802042454,40.527724195000005,A192,_,00880,579
A192__00860.579,8.35868723824292,40.539139215,A192,_,00860,579
A192__00810.579,8.369134671486211,40.54695623,A192,_,00810,579
A192__00780.579,8.336293079077667,40.54651731,A192,_,00780,579
A192__00770.579,8.33458164113334,40.549475709999996,A192,_,00770,579
A192__00750.579,8.373506609832798,40.562065145,A192,_,00750,579
A192__00740.579,8.359701703309838,40.564755219999995,A192,_,00740,579
A192__0072.579,8.3303475103367,40.55769356,A192,_,0072,579
A192__00680.579,8.354402318668319,40.573891185,A192,_,00680,579
A192__00670.579,8.344630955965092,40.564918535000004,A192,_,00670,579
A192__0064.579,8.321251152661365,40.564817815,A192,_,0064,579
A192__00630.579,8.339252661910365,40.570677955,A192,_,00630,579
A192__00560.579,8.331902574883763,40.58576035,A192,_,00560,579
A192__00530.579,8.335451680271742,40.589371650000004,A192,_,00530,579
A192__00410.579,8.336152013004856,40.60047301,A192,_,00410,579
A192__00400.579,8.328767033354735,40.60624825,A192,_,00400,579
A192__00280.579,8.355690166969332,40.606946304999994,A192,_,00280,579
A192__00270.579,8.349194281571322,40.615036795,A192,_,00270,579
A192__00250.579,8.27156281143304,40.61131934,A192,_,00250,579
A192__00190.579,8.206381586932928,40.63951589,A192,_,00190,579
A192__00160.579,8.270759855263172,40.636728045,A192,_,00160,579
A192__00120.579,8.29780138936561,40.635332524999995,A192,_,00120,579
A192__00060.579,8.292313857435422,40.66593679,A192,_,00060,579
A192__00040.58,8.254309946621966,40.66561668,A192,_,00040,58
A192__00970.58,8.314507698009319,40.559071915,A192,_,00970,58
A192__00960.58,8.361729992609535,40.523107519999996,A192,_,00960,58
A192__00950.58,8.353433108223745,40.517453125,A192,_,00950,58
A192__00930.58,8.340349426404508,40.519525605,A192,_,00930,58
A192__00920.58,8.39087482898599,40.531641820000004,A192,_,00920,58
A192__00880.58,8.34341976205668,40.52226805,A192,_,00880,58
A192__00850.58,8.34396865024495,40.53372946,A192,_,00850,58
A192__00840.58,8.328568714773501,40.53801642,A192,_,00840,58
A192__00810.58,8.36313754746069,40.54924518,A192,_,00810,58
A192__00790.58,8.343848504386663,40.545198345,A192,_,00790,58
A192__00780.58,8.328279248673832,40.54339052,A192,_,00780,58
A192__00750.58,8.36684439548371,40.5527937,A192,_,00750,58
A192__00740.58,8.362743441154251,40.552511355,A192,_,00740,58
A192__00700.58,8.408845419331275,40.57329614,A192,_,00700,58
A192__00690.58,8.356437983870105,40.572121895,A192,_,00690,58
A192__00680.58,8.357216688466318,40.56746303,A192,_,00680,58
A192__00660.58,8.337672267829706,40.56479784,A192,_,00660,58
A192__00630.58,8.33759046062849,40.57140426,A192,_,00630,58
A192__00620.58,8.323130687880354,40.57365498,A192,_,00620,58
A192__00600.58,8.351045667063843,40.57351007,A192,_,00600,58
A192__00580.58,8.361762715364653,40.57694619,A192,_,00580,58
A192__00550.58,8.318257936670193,40.58307811,A192,_,00550,58
A192__00510.58,8.315172018317973,40.587070010000005,A192,_,00510,58
A192__0050.58,8.312473688471261,40.580854415000005,A192,_,0050,58
A192__00490.58,8.25297745084827,40.592301115,A192,_,00490,58
A192__00460.58,8.16269227106985,40.564562515,A192,_,00460,58
A192__00450.58,8.166212414796181,40.586281805,A192,_,00450,58
A192__00430.58,8.37627062686823,40.593266580000005,A192,_,00430,58
A192__00410.58,8.339561031571979,40.603176845,A192,_,00410,58
A192__00370.58,8.305434258051747,40.59219605,A192,_,00370,58
A192__00340.58,8.265021915149394,40.610730645000004,A192,_,00340,58
A192__00330.58,8.238430314536647,40.597522330000004,A192,_,00330,58
A192__00320.58,8.217246178281922,40.593404945,A192,_,00320,58
A192__00270.58,8.350669183584422,40.603394525,A192,_,00270,58
A192__00240.58,8.210602634878764,40.622096045,A192,_,00240,58
A192__00230.58,8.170075132666263,40.594603225,A192,_,00230,58
A192__00220.58,8.148357703504324,40.606148680000004,A192,_,00220,58
A192__00200.58,8.259359142698438,40.625201434999994,A192,_,00200,58
A192__00190.58,8.197310537868514,40.622138065,A192,_,00190,58
A192__00160.58,8.26998961497969,40.62540681,A192,_,00160,58
A192__00140.58,8.192545364569984,40.653404865,A192,_,00140,58
A192__00120.58,8.30690930737794,40.631163825,A192,_,00120,58
A192__00070.58,8.336726048537338,40.667138075,A192,_,00070,58
A192__00050.58,8.27386039438889,40.65924536,A192,_,00050,58
A192__00060.580,8.29256983089593,40.66607974,A192,_,00060,580
A192__00940.580,8.356045933811092,40.51054341,A192,_,00940,580
A192__00930.580,8.344655279034598,40.518554835,A192,_,00930,580
A192__00890.580,8.353110462875451,40.530833044999994,A192,_,00890,580
A192__00880.580,8.344711706223073,40.527329695,A192,_,00880,580
A192__00860.580,8.358374117426226,40.53928931,A192,_,00860,580
A192__00840.580,8.328902739452396,40.53917098,A192,_,00840,580
A192__00810.580,8.368839297010705,40.54698582,A192,_,00810,580
A192__00780.580,8.335189931742452,40.541754069999996,A192,_,00780,580
A192__00770.580,8.334766167722972,40.549437940000004,A192,_,00770,580
A192__00750.580,8.364660392006636,40.56420935,A192,_,00750,580
A192__00740.580,8.359976905472895,40.564875805,A192,_,00740,580
A192__0072.580,8.32966068483887,40.557397124999994,A192,_,0072,580
A192__00680.580,8.34938257929313,40.57272638,A192,_,00680,580
A192__00670.580,8.344506831232144,40.564824985,A192,_,00670,580
A192__00660.580,8.337216692308099,40.567942134999996,A192,_,00660,580
A192__00640.580,8.33077541817161,40.5672785,A192,_,00640,580
A192__00630.580,8.339629187625192,40.570367845,A192,_,00630,580
A192__00600.580,8.34626771781177,40.57259517,A192,_,00600,580
A192__00570.580,8.339065791165954,40.588714120000006,A192,_,00570,580
A192__00560.580,8.332287129423811,40.5860686,A192,_,00560,580
A192__00550.580,8.318848882518559,40.583058535,A192,_,00550,580
A192__00530.580,8.33517277107254,40.589522985,A192,_,00530,580
A192__00410.580,8.333106791641121,40.604339115,A192,_,00410,580
A192__00400.580,8.329353422861026,40.606101965,A192,_,00400,580
A192__00390.580,8.321135735887601,40.60468537,A192,_,00390,580
A192__00360.580,8.295659327494604,40.60640941,A192,_,00360,580
A192__00280.580,8.355726614353458,40.606590735,A192,_,00280,580
A192__00270.580,8.349948792931666,40.61493782,A192,_,00270,580
A192__00250.580,8.271694952543942,40.62410419,A192,_,00250,580
A192__00190.580,8.206378696802584,40.640831765,A192,_,00190,580
A192__00160.580,8.270996642181776,40.63673953,A192,_,00160,580
A192__00030.581,8.23696085637355,40.65690646,A192,_,00030,581
A192__00900.581,8.360171765382638,40.529119795,A192,_,00900,581
A192__00860.581,8.36913122434353,40.543836905,A192,_,00860,581
A192__00810.581,8.369065224752603,40.546688925,A192,_,00810,581
A192__00770.581,8.333870797188133,40.549245240000005,A192,_,00770,581
A192__00750.581,8.370312384576883,40.55340596,A192,_,00750,581
A192__00740.581,8.360214609960263,40.564605209999996,A192,_,00740,581
A192__00680.581,8.349573350917979,40.57273065,A192,_,00680,581
A192__00670.581,8.33939028986072,40.56746254,A192,_,00670,581
A192__00640.581,8.331090578261438,40.567090215,A192,_,00640,581
A192__00630.581,8.338974833959622,40.57028648,A192,_,00630,581
A192__00600.581,8.346795470449564,40.572626174999996,A192,_,00600,581
A192__00580.581,8.361031876227162,40.58957263,A192,_,00580,581
A192__00570.581,8.34058349585862,40.588691955,A192,_,00570,581
A192__00560.581,8.332398592209731,40.585790575,A192,_,00560,581
A192__00540.581,8.356281187550952,40.595855064999995,A192,_,00540,581
A192__00530.581,8.335156316622431,40.589571765,A192,_,00530,581
A192__00410.581,8.333270024457349,40.604292975,A192,_,00410,581
A192__00400.581,8.32915039402893,40.60590355,A192,_,00400,581
A192__00390.581,8.323060147052281,40.606181725,A192,_,00390,581
A192__00360.581,8.296103664105889,40.606215520000006,A192,_,00360,581
A192__00280.581,8.357703411153874,40.60578409,A192,_,00280,581
A192__00270.581,8.35065627141514,40.614348235,A192,_,00270,581
A192__00250.581,8.270081417391177,40.624512545,A192,_,00250,581
A192__00190.581,8.20369474384987,40.639465959999995,A192,_,00190,581
A192__00160.581,8.27090162603385,40.636681805,A192,_,00160,581
A192__00120.581,8.299771307904251,40.639735925,A192,_,00120,581
A192__00060.581,8.292210425577302,40.66614769,A192,_,00060,581
A192__00030.582,8.23719344244737,40.65690022,A192,_,00030,582
A192__00970.582,8.312837748047048,40.557341615,A192,_,00970,582
A192__00940.582,8.35608502941275,40.512449455,A192,_,00940,582
A192__00880.582,8.344510063747377,40.524906145,A192,_,00880,582
A192__00860.582,8.368978251287677,40.543957275,A192,_,00860,582
A192__00840.582,8.328619085007894,40.539269095,A192,_,00840,582
A192__00770.582,8.334155748240377,40.549189735,A192,_,00770,582
A192__00750.582,8.370096469616907,40.55343668,A192,_,00750,582
A192__00740.582,8.360199377320209,40.563393005,A192,_,00740,582
A192__00680.582,8.356706085066417,40.567923359999995,A192,_,00680,582
A192__00670.582,8.339713678761061,40.567268264999996,A192,_,00670,582
A192__00660.582,8.338626462009037,40.567276225,A192,_,00660,582
A192__00640.582,8.331332987307729,40.56690395,A192,_,00640,582
A192__00630.582,8.33920752405935,40.570419265,A192,_,00630,582
A192__00600.582,8.347404773764657,40.57269917,A192,_,00600,582
A192__00580.582,8.361050852520847,40.58930499,A192,_,00580,582
A192__00570.582,8.340224018866857,40.58893249,A192,_,00570,582
A192__00560.582,8.332909613151774,40.586126815,A192,_,00560,582
A192__00530.582,8.340018953228695,40.597434344999996,A192,_,00530,582
A192__00410.582,8.333400260671244,40.60428052,A192,_,00410,582
A192__00400.582,8.329093843878658,40.606334355,A192,_,00400,582
A192__00360.582,8.296045727496406,40.606014,A192,_,00360,582
A192__00280.582,8.356247131723267,40.60641085,A192,_,00280,582
A192__00190.582,8.204590209667154,40.637752684999995,A192,_,00190,582
A192__00160.582,8.271092239239604,40.636482645,A192,_,00160,582
A192__00120.582,8.301241516835132,40.639626754999995,A192,_,00120,582
A192__00060.582,8.289918978777527,40.66813607,A192,_,00060,582
A192__00030.583,8.237508879226136,40.656941225,A192,_,00030,583
A192__00970.583,8.31272699863911,40.55734918,A192,_,00970,583
A192__00940.583,8.356169214313832,40.51226734,A192,_,00940,583
A192__00880.583,8.344619069499103,40.52516945,A192,_,00880,583
A192__00810.583,8.371187976177088,40.54355608,A192,_,00810,583
A192__00770.583,8.33444055013474,40.54913524,A192,_,00770,583
A192__00750.583,8.369843894080887,40.5534181,A192,_,00750,583
A192__00740.583,8.36009824754041,40.563717,A192,_,00740,583
A192__00680.583,8.357720420919083,40.5686575,A192,_,00680,583
A192__00670.583,8.339876587796176,40.56690161,A192,_,00670,583
A192__00660.583,8.338278202555285,40.567113375000005,A192,_,00660,583
A192__00640.583,8.331665945385325,40.566824885,A192,_,00640,583
A192__0061.583,8.317792919749264,40.573495865,A192,_,0061,583
A192__00600.583,8.347536637411029,40.572828959999995,A192,_,00600,583
A192__00570.583,8.346351025382491,40.58883616,A192,_,00570,583
A192__00560.583,8.332832030604052,40.585808314999994,A192,_,00560,583
A192__00550.583,8.318444306717296,40.582419279999996,A192,_,00550,583
A192__00530.583,8.339850245617885,40.597401655,A192,_,00530,583
A192__00410.583,8.333555831242341,40.604189495,A192,_,00410,583
A192__00400.583,8.330744311567047,40.602496970000004,A192,_,00400,583
A192__00280.583,8.356257324262275,40.60652802,A192,_,00280,583
A192__00120.583,8.301436562883218,40.638501315,A192,_,00120,583
A192__00060.583,8.290281577959558,40.668408315,A192,_,00060,583
A192__00030.584,8.236997766682627,40.65668752,A192,_,00030,584
A192__00970.584,8.312640717643777,40.55731261,A192,_,00970,584
A192__00930.584,8.339361720848427,40.522626654999996,A192,_,00930,584
A192__00890.584,8.350639628716321,40.529681215,A192,_,00890,584
A192__00880.584,8.34366848031737,40.526990385000005,A192,_,00880,584
A192__00840.584,8.328701101412467,40.539404285,A192,_,00840,584
A192__00810.584,8.371308735949683,40.54360468,A192,_,00810,584
A192__00780.584,8.332052265615449,40.548621595,A192,_,00780,584
A192__00770.584,8.334652819290449,40.549095644999994,A192,_,00770,584
A192__00750.584,8.370027430607056,40.553448814999996,A192,_,00750,584
A192__00740.584,8.35776955676609,40.561673105,A192,_,00740,584
A192__00680.584,8.358094832882472,40.568573145,A192,_,00680,584
A192__00670.584,8.340225269098537,40.56786902,A192,_,00670,584
A192__00640.584,8.331851752662638,40.566605545,A192,_,00640,584
A192__00630.584,8.339715531599964,40.570306095,A192,_,00630,584
A192__00600.584,8.347843032794877,40.572780985,A192,_,00600,584
A192__00570.584,8.347994982364279,40.58685535,A192,_,00570,584
A192__00560.584,8.330791980028053,40.58523668,A192,_,00560,584
A192__00550.584,8.318709265898848,40.583093395000006,A192,_,00550,584
A192__00530.584,8.33972927323358,40.597298655,A192,_,00530,584
A192__00400.584,8.331024673974683,40.602489965000004,A192,_,00400,584
A192__00390.584,8.323041697559045,40.606918545,A192,_,00390,584
A192__00360.584,8.296371012008127,40.60574872,A192,_,00360,584
A192__00280.584,8.35574268717038,40.60582755,A192,_,00280,584
A192__00270.584,8.349290964287455,40.613528935000005,A192,_,00270,584
A192__00260.584,8.298535314064386,40.620874505,A192,_,00260,584
A192__00250.584,8.272775766444163,40.60664139,A192,_,00250,584
A192__00190.584,8.204596643545443,40.63767417,A192,_,00190,584
A192__00160.584,8.270424659968011,40.635410930000006,A192,_,00160,584
A192__00120.584,8.300053720254134,40.64076042000001,A192,_,00120,584
A192__00060.584,8.29737808690792,40.662852189999995,A192,_,00060,584
A192__00060.585,8.299446714584388,40.66321311,A192,_,00060,585
A192__00970.585,8.312621560370136,40.557266225,A192,_,00970,585
A192__00940.585,8.356509830143379,40.512134675,A192,_,00940,585
A192__00900.585,8.358597879439065,40.533046424999995,A192,_,00900,585
A192__00890.585,8.35092990109364,40.529681215,A192,_,00890,585
A192__00840.585,8.32875683703883,40.539258020000005,A192,_,00840,585
A192__00810.585,8.368008610182063,40.549469654999996,A192,_,00810,585
A192__00770.585,8.333751260671246,40.548931355,A192,_,00770,585
A192__00750.585,8.396882500575058,40.550979555,A192,_,00750,585
A192__00740.585,8.35740119210217,40.561624609999996,A192,_,00740,585
A192__0072.585,8.333850677599568,40.55729048,A192,_,0072,585
A192__00670.585,8.340627498789175,40.56743562,A192,_,00670,585
A192__00660.585,8.338405600372667,40.56708689,A192,_,00660,585
A192__00640.585,8.332153713261482,40.56655773,A192,_,00640,585
A192__00630.585,8.339019615452006,40.57001828999999,A192,_,00630,585
A192__00600.585,8.347973616335363,40.572836525,A192,_,00600,585
A192__00570.585,8.347960964080066,40.585981565,A192,_,00570,585
A192__00560.585,8.332417856097921,40.585678855,A192,_,00560,585
A192__00550.585,8.318698688604039,40.583138135,A192,_,00550,585
A192__00400.585,8.327096874788781,40.60090813,A192,_,00400,585
A192__00270.585,8.320621798085204,40.61416516,A192,_,00270,585
A192__00260.585,8.318771804836475,40.61682148,A192,_,00260,585
A192__00250.585,8.272945419658944,40.60654792,A192,_,00250,585
A192__00190.585,8.197239147469293,40.625859445,A192,_,00190,585
A192__00190.586,8.197314900038029,40.625734835,A192,_,00190,586
A192__00970.586,8.312539025498527,40.55725366,A192,_,00970,586
A192__00940.586,8.353850432759028,40.51203609,A192,_,00940,586
A192__00930.586,8.345060571595312,40.51995197,A192,_,00930,586
A192__00880.586,8.349838846876423,40.522265035000004,A192,_,00880,586
A192__00840.586,8.329179847453588,40.53924172,A192,_,00840,586
A192__00810.586,8.368110228714631,40.549438124999995,A192,_,00810,586
A192__00770.586,8.334031616417388,40.548878025,A192,_,00770,586
A192__00750.586,8.396984604463615,40.550925945,A192,_,00750,586
A192__00740.586,8.357660864547295,40.552935405,A192,_,00740,586
A192__00680.586,8.353618455496012,40.56633388,A192,_,00680,586
A192__00670.586,8.340678228317087,40.56730424,A192,_,00670,586
A192__00660.586,8.338128811331558,40.567113375000005,A192,_,00660,586
A192__00640.586,8.331631518038057,40.567688204999996,A192,_,00640,586
A192__00630.586,8.338716714603187,40.570185679999994,A192,_,00630,586
A192__00600.586,8.347402704916089,40.572568815,A192,_,00600,586
A192__00570.586,8.347813356719666,40.585978925000006,A192,_,00570,586
A192__00560.586,8.329759186549595,40.58501044,A192,_,00560,586
A192__00530.586,8.33554942452612,40.591573395,A192,_,00530,586
A192__00410.586,8.338028508242397,40.601336935000006,A192,_,00410,586
A192__00400.586,8.32710193587618,40.601258435,A192,_,00400,586
A192__00390.586,8.32275030891095,40.60712769,A192,_,00390,586
A192__00360.586,8.296215452513769,40.60630374,A192,_,00360,586
A192__00280.586,8.356369134359356,40.605944605000005,A192,_,00280,586
A192__00270.586,8.320611104112288,40.613972245,A192,_,00270,586
A192__00030.587,8.238192396697375,40.664429784999996,A192,_,00030,587
A192__00970.587,8.312526560498297,40.557293865,A192,_,00970,587
A192__00940.587,8.353645955761143,40.511884859999995,A192,_,00940,587
A192__00930.587,8.34449191635105,40.52026864,A192,_,00930,587
A192__00900.587,8.3572990919163,40.534070455,A192,_,00900,587
A192__00890.587,8.351217967988125,40.5286701,A192,_,00890,587
A192__00880.587,8.350120827702565,40.521960115,A192,_,00880,587
A192__00780.587,8.33058933717316,40.54929672,A192,_,00780,587
A192__00770.587,8.3343156135683,40.54882383,A192,_,00770,587
A192__00750.587,8.39683092446522,40.55077361,A192,_,00750,587
A192__00740.587,8.357615105042138,40.553120754999995,A192,_,00740,587
A192__0072.587,8.328199607680956,40.556940714999996,A192,_,0072,587
A192__00680.587,8.35519121891603,40.566361255000004,A192,_,00680,587
A192__00670.587,8.338754052630286,40.567467345,A192,_,00670,587
A192__00660.587,8.338041718439712,40.56711527,A192,_,00660,587
A192__00640.587,8.331451466459589,40.567600715,A192,_,00640,587
A192__00630.587,8.338362728880144,40.57015968,A192,_,00630,587
A192__00600.587,8.348085815646064,40.572743335,A192,_,00600,587
A192__00560.587,8.32976550607658,40.58563694,A192,_,00560,587
A192__00550.587,8.318897127016331,40.58300654,A192,_,00550,587
A192__00540.587,8.355329213608387,40.593132804999996,A192,_,00540,587
A192__00530.587,8.335571748172132,40.591286485,A192,_,00530,587
A192__00410.587,8.337414867932196,40.60095519,A192,_,00410,587
A192__00360.587,8.296089722476912,40.606889845,A192,_,00360,587
A192__00270.587,8.323959267739575,40.619650935,A192,_,00270,587
A192__00120.587,8.30501151493932,40.633670755,A192,_,00120,587
A192__00030.588,8.237851244212099,40.663112065,A192,_,00030,588
A192__00970.588,8.31251471833388,40.557335645,A192,_,00970,588
A192__00940.588,8.358509783941855,40.509645765,A192,_,00940,588
A192__00890.588,8.351516821403461,40.52859091,A192,_,00890,588
A192__00880.588,8.3493932907827,40.521899489999996,A192,_,00880,588
A192__00840.588,8.33388043968728,40.53840211,A192,_,00840,588
A192__00810.588,8.371765479971677,40.54770311,A192,_,00810,588
A192__00770.588,8.334553965281085,40.54878001,A192,_,00770,588
A192__00750.588,8.396913652719647,40.550878725000004,A192,_,00750,588
A192__00740.588,8.355089515037875,40.556392875,A192,_,00740,588
A192__00680.588,8.35046719795759,40.563545865,A192,_,00680,588
A192__00670.588,8.338806329073137,40.56709396,A192,_,00670,588
A192__00660.588,8.338016597083858,40.567271090000006,A192,_,00660,588
A192__00640.588,8.332682474281809,40.56900878,A192,_,00640,588
A192__00630.588,8.338445355426694,40.570304465,A192,_,00630,588
A192__0061.588,8.321064647310008,40.57400483,A192,_,0061,588
A192__00600.588,8.347844618562425,40.5726815,A192,_,00600,588
A192__00560.588,8.329061968249032,40.585185159999995,A192,_,00560,588
A192__00550.588,8.318985327638309,40.58295732,A192,_,00550,588
A192__00530.588,8.334365064425189,40.591329544999994,A192,_,00530,588
A192__00410.588,8.33789830910908,40.60095519,A192,_,00410,588
A192__00390.588,8.317074149058296,40.59932314,A192,_,00390,588
A192__00360.588,8.296089777680026,40.606862825,A192,_,00360,588
A192__00270.588,8.322725167669002,40.619603825,A192,_,00270,588
A192__00120.588,8.305025789308175,40.633861705,A192,_,00120,588
A192__00030.589,8.245019245254682,40.656356035,A192,_,00030,589
A192__00970.589,8.312481665337593,40.55742275,A192,_,00970,589
A192__00940.589,8.3581279655298,40.509648965,A192,_,00940,589
A192__00930.589,8.337122600085237,40.524265459999995,A192,_,00930,589
A192__00900.589,8.363342897785333,40.53033531,A192,_,00900,589
A192__00880.589,8.343153215991045,40.523099990000006,A192,_,00880,589
A192__00840.589,8.333757840350334,40.53862908,A192,_,00840,589
A192__00810.589,8.371411889309181,40.54820283,A192,_,00810,589
A192__00770.589,8.333603229210034,40.548505085,A192,_,00770,589
A192__00750.589,8.367958363457543,40.56755281,A192,_,00750,589
A192__00740.589,8.3617647641836,40.558190275,A192,_,00740,589
A192__0071.589,8.319391364494184,40.554545655,A192,_,0071,589
A192__00680.589,8.357140407730629,40.5685901,A192,_,00680,589
A192__00670.589,8.342404384750717,40.57082083,A192,_,00670,589
A192__00660.589,8.337867324240811,40.567174695,A192,_,00660,589
A192__00630.589,8.339177183667058,40.569998014999996,A192,_,00630,589
A192__00600.589,8.346437850033098,40.572284955,A192,_,00600,589
A192__00560.589,8.329157813773394,40.58565969,A192,_,00560,589
A192__00540.589,8.355512887076184,40.59282096,A192,_,00540,589
A192__00530.589,8.334359366368005,40.591790615,A192,_,00530,589
A192__00490.589,8.252408258777109,40.59157311,A192,_,00490,589
A192__00410.589,8.337644544382364,40.600760675000004,A192,_,00410,589
A192__00400.589,8.327202551042681,40.60116485,A192,_,00400,589
A192__00360.589,8.296011469525405,40.605906235000006,A192,_,00360,589
A192__00270.589,8.323965165272249,40.61897648,A192,_,00270,589
A192__00260.589,8.321105577122825,40.619795345,A192,_,00260,589
A192__00190.589,8.199765649687983,40.620566735,A192,_,00190,589
A192__00160.589,8.264436458514197,40.64088665,A192,_,00160,589
A192__00120.589,8.3052315945348,40.63409221,A192,_,00120,589
A192__00040.589,8.25074089978649,40.656149395,A192,_,00040,589
A192__00070.59,8.33870381213354,40.66572557,A192,_,00070,59
A192__00970.59,8.314670643890121,40.5591035,A192,_,00970,59
A192__00960.59,8.367329088526075,40.506724115,A192,_,00960,59
A192__00950.59,8.353898112984016,40.513950359999995,A192,_,00950,59
A192__00920.59,8.3866467193095,40.51772872,A192,_,00920,59
A192__00890.59,8.348238098628784,40.53153883,A192,_,00890,59
A192__00870.59,8.340918615130306,40.52632517,A192,_,00870,59
A192__00860.59,8.362489189418342,40.5417744,A192,_,00860,59
A192__00850.59,8.343749709388774,40.534018110000005,A192,_,00850,59
A192__00810.59,8.363234486507228,40.549012989999994,A192,_,00810,59
A192__00780.59,8.327770760174007,40.542583815,A192,_,00780,59
A192__0077.59,8.328248472124226,40.55598201,A192,_,0077,59
A192__00730.59,8.354870951077352,40.552382179999995,A192,_,00730,59
A192__00690.59,8.356401786795967,40.572140265,A192,_,00690,59
A192__00680.59,8.356172937163139,40.56676362,A192,_,00680,59
A192__00670.59,8.347000178435172,40.5626192,A192,_,00670,59
A192__00620.59,8.325234076196864,40.57064479,A192,_,00620,59
A192__0061.59,8.319590108012767,40.570940039999996,A192,_,0061,59
A192__00600.59,8.354191863029982,40.578815555000006,A192,_,00600,59
A192__00580.59,8.362895964125961,40.577276075,A192,_,00580,59
A192__00570.59,8.354605330924215,40.58760794,A192,_,00570,59
A192__00550.59,8.319210203458248,40.584306525,A192,_,00550,59
A192__00510.59,8.315207412076091,40.58650516,A192,_,00510,59
A192__0050.59,8.312631834187039,40.580854415000005,A192,_,0050,59
A192__00450.59,8.166082675648415,40.58593801000001,A192,_,00450,59
A192__00430.59,8.353142249922357,40.600096825,A192,_,00430,59
A192__00400.59,8.329354851646823,40.59860594,A192,_,00400,59
A192__00390.59,8.318227486123426,40.6087444,A192,_,00390,59
A192__00370.59,8.29668176221011,40.59597393,A192,_,00370,59
A192__00360.59,8.305836726360443,40.613380899999996,A192,_,00360,59
A192__00340.59,8.264749680598166,40.60754061,A192,_,00340,59
A192__00330.59,8.237455717520536,40.596820675000004,A192,_,00330,59
A192__00320.59,8.216934135347735,40.59396835,A192,_,00320,59
A192__00310.59,8.365769581199356,40.61550318,A192,_,00310,59
A192__00290.59,8.385902120259576,40.612985935,A192,_,00290,59
A192__00260.59,8.319143254043592,40.624699795,A192,_,00260,59
A192__00250.59,8.273601849458487,40.625909395,A192,_,00250,59
A192__00230.59,8.171370486567229,40.594587175,A192,_,00230,59
A192__00220.59,8.14862350399611,40.605936625,A192,_,00220,59
A192__00210.59,8.351363751353295,40.63123743,A192,_,00210,59
A192__00200.59,8.259430056274418,40.624941755,A192,_,00200,59
A192__00190.59,8.196628106410685,40.618962865,A192,_,00190,59
A192__00170.59,8.314799513766435,40.625408789999994,A192,_,00170,59
A192__00160.59,8.270941918919558,40.625606770000005,A192,_,00160,59
A192__00150.59,8.239355463102807,40.638747085000006,A192,_,00150,59
A192__00140.59,8.186156434697105,40.640817675,A192,_,00140,59
A192__00090.59,8.20594720743288,40.647596425,A192,_,00090,59
A192__00040.590,8.25074978252129,40.656363755,A192,_,00040,590
A192__00970.590,8.312462759781532,40.55747011,A192,_,00970,590
A192__00940.590,8.355151200299272,40.51866593,A192,_,00940,590
A192__00900.590,8.364348119684408,40.531301865,A192,_,00900,590
A192__00880.590,8.349873010944359,40.52284156,A192,_,00880,590
A192__00840.590,8.333856626203652,40.5373977,A192,_,00840,590
A192__00810.590,8.37256257296127,40.548100090000005,A192,_,00810,590
A192__00770.590,8.33373750401485,40.54847601,A192,_,00770,590
A192__00750.590,8.368282197512695,40.567318975000006,A192,_,00750,590
A192__00740.590,8.362971740861285,40.557174724999996,A192,_,00740,590
A192__00680.590,8.355618127964524,40.564171635,A192,_,00680,590
A192__00640.590,8.331877452076416,40.567306880000004,A192,_,00640,590
A192__00600.590,8.346860805976254,40.572414484999996,A192,_,00600,590
A192__00560.590,8.328810600509637,40.585093834999995,A192,_,00560,590
A192__00530.590,8.34069602991431,40.59448303,A192,_,00530,590
A192__00410.590,8.336838648861534,40.600474235,A192,_,00410,590
A192__00400.590,8.327500349238253,40.608493155,A192,_,00400,590
A192__00390.590,8.316815465250102,40.59868035,A192,_,00390,590
A192__00360.590,8.297287468257188,40.613116245,A192,_,00360,590
A192__00280.590,8.357619931071437,40.61649812,A192,_,00280,590
A192__00270.590,8.323694016593558,40.61867686,A192,_,00270,590
A192__00160.590,8.264405732970172,40.64022342,A192,_,00160,590
A192__00120.590,8.305537981082397,40.63402587,A192,_,00120,590
A192__00060.590,8.29417566446536,40.655121965,A192,_,00060,590
A192__00030.591,8.241320357504026,40.65592454,A192,_,00030,591
A192__00970.591,8.3124477330018,40.557507810000004,A192,_,00970,591
A192__00940.591,8.35685068135568,40.509658795,A192,_,00940,591
A192__00840.591,8.333305929916204,40.538547484999995,A192,_,00840,591
A192__00810.591,8.371591344426758,40.548295679999995,A192,_,00810,591
A192__00780.591,8.332696652787241,40.548199600000004,A192,_,00780,591
A192__00770.591,8.334145745467165,40.54837834,A192,_,00770,591
A192__00750.591,8.37024910863957,40.556739480000005,A192,_,00750,591
A192__00740.591,8.353703576733132,40.558309019999996,A192,_,00740,591
A192__00720.591,8.337960353928139,40.55980905,A192,_,00720,591
A192__00680.591,8.355761521241057,40.564639995,A192,_,00680,591
A192__00660.591,8.337817091825618,40.567518155,A192,_,00660,591
A192__00640.591,8.332353880472022,40.56694267,A192,_,00640,591
A192__00590.591,8.383210351425745,40.59106616,A192,_,00590,591
A192__00560.591,8.32834934904789,40.585605625,A192,_,00560,591
A192__00550.591,8.318534469948885,40.582336749999996,A192,_,00550,591
A192__00540.591,8.352933361184462,40.59304807,A192,_,00540,591
A192__0049.591,8.283525466191392,40.59267754,A192,_,0049,591
A192__00410.591,8.337013371997827,40.600399065000005,A192,_,00410,591
A192__00400.591,8.327433140553733,40.608501399999994,A192,_,00400,591
A192__00360.591,8.29764968614177,40.613203330000005,A192,_,00360,591
A192__00270.591,8.322688100995109,40.618668165,A192,_,00270,591
A192__00260.591,8.320331031574973,40.61988298,A192,_,00260,591
A192__00160.591,8.253469214354167,40.637960945,A192,_,00160,591
A192__00120.591,8.305613604120968,40.634093675,A192,_,00120,591
A192__00060.591,8.294520330313436,40.654205845,A192,_,00060,591
A192__00040.591,8.250393688075208,40.65675039,A192,_,00040,591
A192__00030.592,8.24114290444869,40.655857729999994,A192,_,00030,592
A192__00970.592,8.31252352174917,40.5575147,A192,_,00970,592
A192__00940.592,8.356763520009887,40.50957531,A192,_,00940,592
A192__00930.592,8.339795053951406,40.521804655,A192,_,00930,592
A192__00900.592,8.367214777853683,40.52340008,A192,_,00900,592
A192__00840.592,8.333161107111707,40.538546565000004,A192,_,00840,592
A192__00810.592,8.371496372739333,40.547193085,A192,_,00810,592
A192__00780.592,8.332587092688126,40.54814409,A192,_,00780,592
A192__00770.592,8.334407033198818,40.548288174999996,A192,_,00770,592
A192__00750.592,8.369802327020434,40.55742456,A192,_,00750,592
A192__00740.592,8.35824181826796,40.55438574,A192,_,00740,592
A192__00720.592,8.33842605824229,40.559465785,A192,_,00720,592
A192__00680.592,8.356031831158528,40.564328669999995,A192,_,00680,592
A192__00660.592,8.337961346111971,40.567432045000004,A192,_,00660,592
A192__00640.592,8.333344197440148,40.567279244999995,A192,_,00640,592
A192__00630.592,8.339181931738556,40.56994777,A192,_,00630,592
A192__0061.592,8.318354543418033,40.571225985,A192,_,0061,592
A192__00590.592,8.379100146436919,40.592405965,A192,_,00590,592
A192__00560.592,8.32768561636674,40.585218005,A192,_,00560,592
A192__00530.592,8.33268398883076,40.588368835,A192,_,00530,592
A192__00480.592,8.221157856871798,40.589515645000006,A192,_,00480,592
A192__00410.592,8.338050296700455,40.601452269999996,A192,_,00410,592
A192__00400.592,8.327553568691542,40.60861155,A192,_,00400,592
A192__00390.592,8.316801208784515,40.59895025,A192,_,00390,592
A192__00360.592,8.28460465936952,40.60905524,A192,_,00360,592
A192__00280.592,8.362171231231194,40.618517165,A192,_,00280,592
A192__00270.592,8.323218636548518,40.618463315,A192,_,00270,592
A192__00190.592,8.211325979634534,40.63285463,A192,_,00190,592
A192__00160.592,8.248599334598552,40.641410844999996,A192,_,00160,592
A192__00120.592,8.30656939333399,40.639236999999994,A192,_,00120,592
A192__00060.592,8.29634379527617,40.654833765,A192,_,00060,592
A192__00040.592,8.25045189475891,40.656294605,A192,_,00040,592
A192__00060.593,8.296803193111858,40.654832685,A192,_,00060,593
A192__00970.593,8.312707265733806,40.55744541,A192,_,00970,593
A192__00940.593,8.354712124011664,40.511011695,A192,_,00940,593
A192__00930.593,8.339790703918503,40.52172382,A192,_,00930,593
A192__00900.593,8.36778416674125,40.52388322,A192,_,00900,593
A192__00890.593,8.351546657137408,40.5233396,A192,_,00890,593
A192__00880.593,8.347891388729542,40.52061838,A192,_,00880,593
A192__00840.593,8.334750384451974,40.536832775,A192,_,00840,593
A192__00810.593,8.361605802975204,40.550286055,A192,_,00810,593
A192__00780.593,8.331201869361777,40.548303855,A192,_,00780,593
A192__0077.593,8.328266504511955,40.5526567,A192,_,0077,593
A192__00750.593,8.367065946487388,40.559355885,A192,_,00750,593
A192__00740.593,8.357484033883903,40.553689165,A192,_,00740,593
A192__00720.593,8.33846371244217,40.559283345,A192,_,00720,593
A192__00680.593,8.354595935151803,40.564783684999995,A192,_,00680,593
A192__00660.593,8.337879175171938,40.56726547,A192,_,00660,593
A192__00640.593,8.33309557529807,40.5671942,A192,_,00640,593
A192__00630.593,8.338970562703945,40.56983127,A192,_,00630,593
A192__00610.593,8.317664617113264,40.58206358,A192,_,00610,593
A192__00590.593,8.378921863235004,40.59245154,A192,_,00590,593
A192__00560.593,8.327579376005902,40.585824439999996,A192,_,00560,593
A192__00550.593,8.318968706956907,40.583697735,A192,_,00550,593
A192__00540.593,8.352998397965752,40.595097609999996,A192,_,00540,593
A192__00530.593,8.333110686773287,40.588396895,A192,_,00530,593
A192__0049.593,8.284028462855822,40.591241615,A192,_,0049,593
A192__00480.593,8.240796358929337,40.591582855,A192,_,00480,593
A192__00410.593,8.337622536920819,40.601112494999995,A192,_,00410,593
A192__00400.593,8.327512670595528,40.60868397,A192,_,00400,593
A192__00390.593,8.320992004136091,40.59980286,A192,_,00390,593
A192__00280.593,8.362424733821756,40.61878591,A192,_,00280,593
A192__00270.593,8.32319421,40.61866946,A192,_,00270,593
A192__00190.593,8.20211810881139,40.6187769,A192,_,00190,593
A192__00160.593,8.248377272643586,40.641092935,A192,_,00160,593
A192__00120.593,8.306786974774397,40.640194545,A192,_,00120,593
A192__00030.594,8.239363078993987,40.663094335,A192,_,00030,594
A192__00970.594,8.31259592532809,40.55744558,A192,_,00970,594
A192__00930.594,8.344013716257379,40.51857844,A192,_,00930,594
A192__00900.594,8.368149583561397,40.523892625,A192,_,00900,594
A192__00890.594,8.353201423910587,40.522259435,A192,_,00890,594
A192__00880.594,8.348044431780933,40.520608179999996,A192,_,00880,594
A192__00840.594,8.33540389830797,40.53662068,A192,_,00840,594
A192__00810.594,8.361735250794741,40.55067688,A192,_,00810,594
A192__00750.594,8.367143277591317,40.559726075,A192,_,00750,594
A192__00740.594,8.357306903906927,40.55384465,A192,_,00740,594
A192__00720.594,8.335033679860157,40.55880659,A192,_,00720,594
A192__00680.594,8.354542089984786,40.565604745,A192,_,00680,594
A192__00670.594,8.344038723493915,40.562275084999996,A192,_,00670,594
A192__00660.594,8.337790251946995,40.567232165,A192,_,00660,594
A192__00640.594,8.333299200431291,40.566937445,A192,_,00640,594
A192__00630.594,8.3391786699061,40.56989498,A192,_,00630,594
A192__00590.594,8.37758127391259,40.58904507,A192,_,00590,594
A192__00560.594,8.325810965644067,40.586520305,A192,_,00560,594
A192__00540.594,8.351299455107952,40.59429565,A192,_,00540,594
A192__00480.594,8.226044929198245,40.58900345,A192,_,00480,594
A192__00400.594,8.327939048856658,40.604246865,A192,_,00400,594
A192__00390.594,8.320873765838765,40.59967603,A192,_,00390,594
A192__00360.594,8.312586254689503,40.609304865,A192,_,00360,594
A192__00280.594,8.362044854870014,40.61858105,A192,_,00280,594
A192__00270.594,8.323021657725738,40.61859742,A192,_,00270,594
A192__00260.594,8.316357956204412,40.624386785,A192,_,00260,594
A192__00190.594,8.202538483264828,40.618598415,A192,_,00190,594
A192__00120.594,8.310834792767906,40.64546311,A192,_,00120,594
A192__00060.594,8.296788903364952,40.653831804999996,A192,_,00060,594
A192__00030.595,8.244586844906756,40.65145556,A192,_,00030,595
A192__00970.595,8.312582166903592,40.557503725000004,A192,_,00970,595
A192__00940.595,8.355201434074647,40.510906829999996,A192,_,00940,595
A192__00900.595,8.368294854209125,40.52391901,A192,_,00900,595
A192__00880.595,8.347628272695559,40.524599755,A192,_,00880,595
A192__00840.595,8.330217955783153,40.53873736,A192,_,00840,595
A192__00810.595,8.376557802889296,40.54555999,A192,_,00810,595
A192__00780.595,8.33061897657992,40.548002405000005,A192,_,00780,595
A192__0077.595,8.32769934781788,40.553131825,A192,_,0077,595
A192__00750.595,8.369997400582289,40.552430595000004,A192,_,00750,595
A192__00740.595,8.357144209185336,40.554185375,A192,_,00740,595
A192__00720.595,8.334815491822,40.558976075000004,A192,_,00720,595
A192__00680.595,8.354844179933309,40.565309025000005,A192,_,00680,595
A192__00660.595,8.337750364833047,40.567226635,A192,_,00660,595
A192__00630.595,8.33901632738154,40.56980334,A192,_,00630,595
A192__00610.595,8.317266345802178,40.58206358,A192,_,00610,595
A192__00590.595,8.377597123616814,40.591142704999996,A192,_,00590,595
A192__00560.595,8.326264467725279,40.586907785,A192,_,00560,595
A192__00550.595,8.318828766999777,40.5834165,A192,_,00550,595
A192__00540.595,8.351105042673899,40.59444605,A192,_,00540,595
A192__0049.595,8.286226659481276,40.591471625,A192,_,0049,595
A192__00410.595,8.337112914766198,40.598993480000004,A192,_,00410,595
A192__00400.595,8.328198203894555,40.604276035,A192,_,00400,595
A192__00390.595,8.316795467319231,40.59902858,A192,_,00390,595
A192__00280.595,8.36241526148714,40.61895269,A192,_,00280,595
A192__00260.595,8.316742057149852,40.624386785,A192,_,00260,595
A192__00190.595,8.202525341027114,40.62064612,A192,_,00190,595
A192__00160.595,8.265547534177031,40.629234585,A192,_,00160,595
A192__00120.595,8.310302933286092,40.645651455,A192,_,00120,595
A192__00060.595,8.295710524286324,40.667414885,A192,_,00060,595
A192__00030.596,8.24523764777656,40.651808665000004,A192,_,00030,596
A192__00970.596,8.31263111958567,40.557507795,A192,_,00970,596
A192__00940.596,8.355466696104253,40.5109645,A192,_,00940,596
A192__00930.596,8.34364211683603,40.518875405,A192,_,00930,596
A192__00900.596,8.369506357950584,40.52639499,A192,_,00900,596
A192__00880.596,8.347817257968803,40.521679975,A192,_,00880,596
A192__00840.596,8.330139749759851,40.538666344999996,A192,_,00840,596
A192__00780.596,8.329902661264729,40.54838674,A192,_,00780,596
A192__0077.596,8.327323005965436,40.552545755,A192,_,0077,596
A192__00750.596,8.36507490828188,40.55904776,A192,_,00750,596
A192__00740.596,8.35737528453292,40.553886655,A192,_,00740,596
A192__00720.596,8.334865550047184,40.559033385,A192,_,00720,596
A192__00680.596,8.355187932739836,40.56496698,A192,_,00680,596
A192__00670.596,8.343116050036528,40.568854654999996,A192,_,00670,596
A192__00640.596,8.333597644025282,40.56738382,A192,_,00640,596
A192__00610.596,8.317328620172205,40.58186343,A192,_,00610,596
A192__00590.596,8.377697505746623,40.591780705,A192,_,00590,596
A192__00560.596,8.324080618510106,40.58479297,A192,_,00560,596
A192__00550.596,8.318737104869847,40.583153949999996,A192,_,00550,596
A192__00540.596,8.346055268071698,40.594559525,A192,_,00540,596
A192__0049.596,8.284292167617624,40.591037545,A192,_,0049,596
A192__00480.596,8.23990042354802,40.589831995,A192,_,00480,596
A192__00410.596,8.338656554515666,40.60093792,A192,_,00410,596
A192__00400.596,8.327585343476263,40.604384089999996,A192,_,00400,596
A192__00390.596,8.318328349307313,40.60613709,A192,_,00390,596
A192__00360.596,8.294488338039274,40.6077468,A192,_,00360,596
A192__00280.596,8.357144485,40.60312062,A192,_,00280,596
A192__00270.596,8.323496740902446,40.618672399999994,A192,_,00270,596
A192__00260.596,8.320358797504896,40.619056195,A192,_,00260,596
A192__00190.596,8.202616199563336,40.620031170000004,A192,_,00190,596
A192__00160.596,8.26615092436813,40.62939779,A192,_,00160,596
A192__00120.596,8.311030215193295,40.64625559,A192,_,00120,596
A192__00060.596,8.301265488491271,40.66322219,A192,_,00060,596
A192__00030.597,8.245079660606567,40.6530527,A192,_,00030,597
A192__00970.597,8.312715675464919,40.557515480000006,A192,_,00970,597
A192__00940.597,8.355537463183563,40.51081666499999,A192,_,00940,597
A192__00900.597,8.369171245790655,40.526461565000005,A192,_,00900,597
A192__00880.597,8.348618881711722,40.521921035000005,A192,_,00880,597
A192__00840.597,8.331703595193785,40.53694455,A192,_,00840,597
A192__00810.597,8.376624790038502,40.545229324999994,A192,_,00810,597
A192__00780.597,8.33039614856346,40.54849016,A192,_,00780,597
A192__0077.597,8.328916926278987,40.553252135,A192,_,0077,597
A192__00750.597,8.364700499329764,40.556113235,A192,_,00750,597
A192__00740.597,8.355813633224672,40.561581425,A192,_,00740,597
A192__00720.597,8.334582518670572,40.559033645,A192,_,00720,597
A192__00680.597,8.355323883449106,40.564713995,A192,_,00680,597
A192__00670.597,8.347390267334198,40.569666694999995,A192,_,00670,597
A192__00660.597,8.337666287089096,40.567707205000005,A192,_,00660,597
A192__00640.597,8.333329568195339,40.56775957,A192,_,00640,597
A192__00630.597,8.343868616051655,40.5727683,A192,_,00630,597
A192__00600.597,8.346715476827017,40.574085929999995,A192,_,00600,597
A192__00590.597,8.37873722420617,40.59224295,A192,_,00590,597
A192__00560.597,8.324068019291143,40.584627265,A192,_,00560,597
A192__00550.597,8.318688329940017,40.5833291,A192,_,00550,597
A192__00530.597,8.33556221847012,40.594411355000005,A192,_,00530,597
A192__00450.597,8.163710470320703,40.59508624,A192,_,00450,597
A192__00410.597,8.338390279671643,40.600728450000005,A192,_,00410,597
A192__00400.597,8.32790052776744,40.60374245,A192,_,00400,597
A192__00360.597,8.294719688082832,40.607044575,A192,_,00360,597
A192__00280.597,8.365626186359815,40.61786763,A192,_,00280,597
A192__00270.597,8.323300740895636,40.618423885,A192,_,00270,597
A192__00260.597,8.31992129257516,40.619056195,A192,_,00260,597
A192__00120.597,8.310306249744656,40.64625559,A192,_,00120,597
A192__00060.597,8.30270490751853,40.66209507,A192,_,00060,597
A192__00030.598,8.224986930990486,40.646615045,A192,_,00030,598
A192__00970.598,8.312550006261407,40.557442865,A192,_,00970,598
A192__00940.598,8.355438622612434,40.51090269,A192,_,00940,598
A192__00900.598,8.369010362981495,40.526388475,A192,_,00900,598
A192__00890.598,8.35104808338562,40.530405255000005,A192,_,00890,598
A192__00880.598,8.34188081015351,40.52319788,A192,_,00880,598
A192__00840.598,8.331610047766745,40.536886885,A192,_,00840,598
A192__00780.598,8.330943198964869,40.54874427,A192,_,00780,598
A192__0077.598,8.327781107237278,40.55189128,A192,_,0077,598
A192__00750.598,8.369368801616893,40.554824595,A192,_,00750,598
A192__00740.598,8.356163157699374,40.5617419,A192,_,00740,598
A192__0071.598,8.319003881268774,40.554208110000005,A192,_,0071,598
A192__00680.598,8.356071279708134,40.563901435,A192,_,00680,598
A192__00660.598,8.3377245824799,40.56760608,A192,_,00660,598
A192__00640.598,8.333389728294481,40.567752045,A192,_,00640,598
A192__00630.598,8.33942101341027,40.57280341,A192,_,00630,598
A192__00600.598,8.35145363933636,40.575457715,A192,_,00600,598
A192__00590.598,8.378589304447614,40.592302544999995,A192,_,00590,598
A192__00560.598,8.324397563781407,40.58473669,A192,_,00560,598
A192__00540.598,8.352905518203757,40.592574805,A192,_,00540,598
A192__00530.598,8.335386646749107,40.59453828,A192,_,00530,598
A192__0049.598,8.28689912637531,40.59263009,A192,_,0049,598
A192__00450.598,8.165090648134775,40.59493376,A192,_,00450,598
A192__00410.598,8.33797116384598,40.600567305,A192,_,00410,598
A192__00360.598,8.29643441315528,40.60657496,A192,_,00360,598
A192__00270.598,8.323630306880357,40.61867729,A192,_,00270,598
A192__00260.598,8.297267405118571,40.622763725,A192,_,00260,598
A192__00190.598,8.200308303300968,40.621434355000005,A192,_,00190,598
A192__00160.598,8.262940344847308,40.62928044,A192,_,00160,598
A192__00120.598,8.311058346402847,40.646849950000004,A192,_,00120,598
A192__00060.598,8.301415535195922,40.663274245,A192,_,00060,598
A192__00030.599,8.24138707062578,40.66058531,A192,_,00030,599
A192__00970.599,8.31276917898699,40.55744966,A192,_,00970,599
A192__00940.599,8.355340384306732,40.51065654,A192,_,00940,599
A192__00930.599,8.344245772044257,40.518913235,A192,_,00930,599
A192__00900.599,8.358082624479696,40.533198255,A192,_,00900,599
A192__00890.599,8.351198225214793,40.530634355000004,A192,_,00890,599
A192__00880.599,8.34122680267427,40.523392125,A192,_,00880,599
A192__00840.599,8.33153481055949,40.536952975000005,A192,_,00840,599
A192__0077.599,8.328084558172023,40.553024035,A192,_,0077,599
A192__00750.599,8.36925710144367,40.5544118,A192,_,00750,599
A192__00740.599,8.36039363834912,40.553772190000004,A192,_,00740,599
A192__00680.599,8.356397819826878,40.564177154999996,A192,_,00680,599
A192__00670.599,8.346844114304153,40.568885115,A192,_,00670,599
A192__00660.599,8.337584190268041,40.56778389,A192,_,00660,599
A192__00640.599,8.333333571202324,40.56807739,A192,_,00640,599
A192__00630.599,8.342345343607597,40.572316235,A192,_,00630,599
A192__0061.599,8.320559514277152,40.57104678,A192,_,0061,599
A192__00600.599,8.351582807930711,40.5755208,A192,_,00600,599
A192__00590.599,8.378595894059817,40.59234754,A192,_,00590,599
A192__00560.599,8.32439209234937,40.58453473,A192,_,00560,599
A192__00550.599,8.318916604555119,40.583623245,A192,_,00550,599
A192__00480.599,8.240608753049411,40.58951294,A192,_,00480,599
A192__00450.599,8.16447702749218,40.59427404,A192,_,00450,599
A192__00410.599,8.338329113991513,40.60068706,A192,_,00410,599
A192__00390.599,8.32496452108758,40.609654125,A192,_,00390,599
A192__00280.599,8.367788367882616,40.61997435,A192,_,00280,599
A192__00260.599,8.320033421669802,40.61821586,A192,_,00260,599
A192__00160.599,8.267261453165432,40.630855275,A192,_,00160,599
A192__00120.599,8.310336108643622,40.646849950000004,A192,_,00120,599
A192__00060.599,8.295834402454485,40.652070609999996,A192,_,00060,599
A192__00040.599,8.250935218710556,40.655589725,A192,_,00040,599
A192__00070.6,8.33857643194356,40.662785375,A192,_,00070,6
A192__00970.6,8.311558839413149,40.559872354999996,A192,_,00970,6
A192__00960.6,8.364907155645412,40.509576304999996,A192,_,00960,6
A192__00950.6,8.352114771550106,40.518839155,A192,_,00950,6
A192__00920.6,8.385485358610682,40.516849730000004,A192,_,00920,6
A192__00860.6,8.367792446416807,40.544651785,A192,_,00860,6
A192__00840.6,8.326668886357783,40.5359111,A192,_,00840,6
A192__00830.6,8.413775150582637,40.53764572,A192,_,00830,6
A192__00820.6,8.376883321927656,40.54170725,A192,_,00820,6
A192__00810.6,8.370741773240582,40.550387705000006,A192,_,00810,6
A192__00790.6,8.342347266379193,40.551012244999995,A192,_,00790,6
A192__0077.6,8.328430834379809,40.55451181,A192,_,0077,6
A192__00760.6,8.404306871032253,40.55660313,A192,_,00760,6
A192__00730.6,8.351708831124858,40.560405880000005,A192,_,00730,6
A192__0071.6,8.315169789714398,40.556095425,A192,_,0071,6
A192__00700.6,8.406666762441603,40.57381828,A192,_,00700,6
A192__00680.6,8.354511125748628,40.57254813,A192,_,00680,6
A192__00650.6,8.317229917595018,40.56434254,A192,_,00650,6
A192__00640.6,8.319821219612027,40.567976220000006,A192,_,00640,6
A192__00580.6,8.373674991393173,40.593460809999996,A192,_,00580,6
A192__00570.6,8.340130401715282,40.590142675,A192,_,00570,6
A192__00540.6,8.349626114743604,40.597681205,A192,_,00540,6
A192__00530.6,8.337574394140084,40.59682516,A192,_,00530,6
A192__00510.6,8.320946032407566,40.59592288,A192,_,00510,6
A192__00490.6,8.24565941892425,40.581846735,A192,_,00490,6
A192__00480.6,8.241717677432737,40.59448508,A192,_,00480,6
A192__00470.6,8.203651712051554,40.577504085,A192,_,00470,6
A192__00460.6,8.164724523130417,40.572565345,A192,_,00460,6
A192__00450.6,8.15068505627939,40.58482671,A192,_,00450,6
A192__00440.6,8.389250641081993,40.609151405000006,A192,_,00440,6
A192__00430.6,8.364012344629753,40.601673975,A192,_,00430,6
A192__00400.6,8.327274614992564,40.60569004,A192,_,00400,6
A192__00390.6,8.323570370888124,40.611706825,A192,_,00390,6
A192__00380.6,8.31432495860934,40.60424241,A192,_,00380,6
A192__00330.6,8.234717623045732,40.598532855,A192,_,00330,6
A192__00320.6,8.21704024697863,40.604756865,A192,_,00320,6
A192__00300.6,8.406896857228396,40.617755195,A192,_,00300,6
A192__00270.6,8.345619224591811,40.615721525,A192,_,00270,6
A192__00180.6,8.178558584367497,40.633012175,A192,_,00180,6
A192__00170.6,8.313192807366914,40.63340619,A192,_,00170,6
A192__00160.6,8.276902941759097,40.63624395,A192,_,00160,6
A192__00140.6,8.186362197791471,40.643900345,A192,_,00140,6
A192__00100.6,8.277836834803264,40.649474795,A192,_,00100,6
A192__00080.6,8.311272689963232,40.652535545,A192,_,00080,6
A192__00050.60,8.271600756886643,40.662674875,A192,_,00050,60
A192__00970.60,8.31459351848359,40.559021935000004,A192,_,00970,60
A192__00960.60,8.364556821452165,40.506974119999995,A192,_,00960,60
A192__00950.60,8.352963895383777,40.514644325,A192,_,00950,60
A192__00940.60,8.353726417890531,40.511984465,A192,_,00940,60
A192__00920.60,8.386669236279033,40.51795071,A192,_,00920,60
A192__00880.60,8.344271362251035,40.52105055,A192,_,00880,60
A192__00870.60,8.340173449157803,40.525394235,A192,_,00870,60
A192__00860.60,8.363017372948693,40.542506255,A192,_,00860,60
A192__00800.60,8.359295994364231,40.54924312,A192,_,00800,60
A192__00790.60,8.344268577932302,40.53699197,A192,_,00790,60
A192__00780.60,8.328767076938433,40.542650034999994,A192,_,00780,60
A192__0077.60,8.328027013961599,40.555817135,A192,_,0077,60
A192__00750.60,8.365729486616837,40.553261795,A192,_,00750,60
A192__00720.60,8.345903287128197,40.560480784999996,A192,_,00720,60
A192__00700.60,8.410337859392428,40.574789280000005,A192,_,00700,60
A192__00690.60,8.356903744092307,40.572341,A192,_,00690,60
A192__00680.60,8.35719258537306,40.567316700000006,A192,_,00680,60
A192__00670.60,8.338820526056015,40.561464,A192,_,00670,60
A192__00650.60,8.318782958126825,40.567078144999996,A192,_,00650,60
A192__00620.60,8.324605406321044,40.570231655,A192,_,00620,60
A192__0061.60,8.319017770366447,40.57002306,A192,_,0061,60
A192__00600.60,8.353826404868432,40.577486115,A192,_,00600,60
A192__00580.60,8.361334444843962,40.57611473,A192,_,00580,60
A192__00530.60,8.334902682634574,40.58916963,A192,_,00530,60
A192__0050.60,8.31241899361018,40.58092169,A192,_,0050,60
A192__00450.60,8.166544361286071,40.586111195,A192,_,00450,60
A192__00430.60,8.353060556281502,40.598395975,A192,_,00430,60
A192__00420.60,8.345921318373035,40.598437355,A192,_,00420,60
A192__00390.60,8.317810970349392,40.60799016,A192,_,00390,60
A192__00380.60,8.308264406495425,40.60133593,A192,_,00380,60
A192__00360.60,8.302616857265706,40.613386829999996,A192,_,00360,60
A192__00350.60,8.278813126907782,40.604688935,A192,_,00350,60
A192__00260.60,8.318108695725394,40.623970635,A192,_,00260,60
A192__00240.60,8.211342297636627,40.618899205,A192,_,00240,60
A192__00230.60,8.173388539267396,40.59417595,A192,_,00230,60
A192__00220.60,8.148742433075956,40.60574766,A192,_,00220,60
A192__00200.60,8.259733947887351,40.624927745,A192,_,00200,60
A192__00190.60,8.196947388066215,40.618994900000004,A192,_,00190,60
A192__00140.60,8.186978538236636,40.639423025,A192,_,00140,60
A192__00100.60,8.271055115002778,40.647917845,A192,_,00100,60
A192__00080.60,8.32639677015008,40.658225945,A192,_,00080,60
A192__00070.60,8.338993363130756,40.668582064999995,A192,_,00070,60
A192__00060.60,8.280759547487168,40.658404675,A192,_,00060,60
A192__00030.600,8.241655279652303,40.6578918,A192,_,00030,600
A192__00970.600,8.312828512404455,40.557455005,A192,_,00970,600
A192__00940.600,8.355094489770568,40.51080001,A192,_,00940,600
A192__00930.600,8.344487709145618,40.518778125,A192,_,00930,600
A192__00900.600,8.35752984000366,40.532936355000004,A192,_,00900,600
A192__00890.600,8.347321080692975,40.535791845,A192,_,00890,600
A192__00880.600,8.340998347633224,40.523076715,A192,_,00880,600
A192__00840.600,8.331413868777325,40.536920190000004,A192,_,00840,600
A192__00810.600,8.37679868411285,40.545036069999995,A192,_,00810,600
A192__00780.600,8.330792212734366,40.549075535,A192,_,00780,600
A192__0077.600,8.327548565893757,40.55603283,A192,_,0077,600
A192__00680.600,8.350663255282221,40.566945735000004,A192,_,00680,600
A192__00640.600,8.333760986666665,40.56787056,A192,_,00640,600
A192__00620.600,8.324685231609159,40.57044331,A192,_,00620,600
A192__00590.600,8.378852641103633,40.592344395,A192,_,00590,600
A192__00560.600,8.324215569219746,40.584581115,A192,_,00560,600
A192__00540.600,8.348432809387361,40.595146015,A192,_,00540,600
A192__00530.600,8.336274059801923,40.593707445,A192,_,00530,600
A192__00410.600,8.331986171815917,40.60787474,A192,_,00410,600
A192__00400.600,8.330776443545588,40.60301432,A192,_,00400,600
A192__00360.600,8.297756294407893,40.60444668,A192,_,00360,600
A192__00270.600,8.352577131874916,40.614044140000004,A192,_,00270,600
A192__00260.600,8.320283391289648,40.616839705000004,A192,_,00260,600
A192__00160.600,8.260792193462734,40.63248807,A192,_,00160,600
A192__00040.600,8.265268401577261,40.643398775,A192,_,00040,600
A192__00040.601,8.263599588329864,40.644043295,A192,_,00040,601
A192__00970.601,8.312798866083739,40.557531635000004,A192,_,00970,601
A192__00900.601,8.35768057733107,40.532796185,A192,_,00900,601
A192__00890.601,8.347559878314815,40.528712345,A192,_,00890,601
A192__00840.601,8.331150480786292,40.536921205,A192,_,00840,601
A192__0077.601,8.327510730857227,40.551477059999996,A192,_,0077,601
A192__00740.601,8.360602680864211,40.554282459999996,A192,_,00740,601
A192__00680.601,8.35219109098685,40.57060171,A192,_,00680,601
A192__00670.601,8.3397408958648,40.569478215000004,A192,_,00670,601
A192__00640.601,8.334037696968146,40.5675529,A192,_,00640,601
A192__00630.601,8.32693682984527,40.570115665,A192,_,00630,601
A192__00600.601,8.338309888740312,40.58710689,A192,_,00600,601
A192__00590.601,8.400280594060174,40.58186873,A192,_,00590,601
A192__00560.601,8.324299827741662,40.584423815,A192,_,00560,601
A192__00530.601,8.336754907646233,40.593652795,A192,_,00530,601
A192__0049.601,8.286963365988594,40.594134005,A192,_,0049,601
A192__00400.601,8.330603927915469,40.601579305,A192,_,00400,601
A192__00270.601,8.324407909535795,40.61378968,A192,_,00270,601
A192__00160.601,8.260901530347109,40.629273409999996,A192,_,00160,601
A192__00120.601,8.307692948399986,40.651693595,A192,_,00120,601
A192__00060.601,8.299686339682923,40.65708381,A192,_,00060,601
A192__00030.602,8.236368947479653,40.662968899999996,A192,_,00030,602
A192__00970.602,8.312869530622997,40.557537045000004,A192,_,00970,602
A192__00940.602,8.355790785531628,40.51063471,A192,_,00940,602
A192__00930.602,8.344228841721964,40.518536415,A192,_,00930,602
A192__00900.602,8.358171317913133,40.532595285,A192,_,00900,602
A192__00890.602,8.347722673237211,40.528760635,A192,_,00890,602
A192__00880.602,8.349608240784157,40.523547635,A192,_,00880,602
A192__00840.602,8.331370607653714,40.536722055,A192,_,00840,602
A192__00810.602,8.37676481082655,40.545320855,A192,_,00810,602
A192__0077.602,8.328522622376763,40.555850750000005,A192,_,0077,602
A192__00740.602,8.360815064021812,40.554093890000004,A192,_,00740,602
A192__00680.602,8.352210298270288,40.570809565000005,A192,_,00680,602
A192__00670.602,8.339753905409648,40.56952724,A192,_,00670,602
A192__00640.602,8.332874247348382,40.56842706,A192,_,00640,602
A192__00630.602,8.32659184978882,40.57013511,A192,_,00630,602
A192__00620.602,8.331299112932612,40.575674684999996,A192,_,00620,602
A192__00600.602,8.348419071442931,40.578236294999996,A192,_,00600,602
A192__00570.602,8.34535698231447,40.59028782,A192,_,00570,602
A192__00560.602,8.32463879107846,40.584529715,A192,_,00560,602
A192__00540.602,8.354276553118336,40.596640429999994,A192,_,00540,602
A192__00530.602,8.336228607026777,40.593982955,A192,_,00530,602
A192__0049.602,8.286849930910561,40.594589580000005,A192,_,0049,602
A192__00410.602,8.336786934320756,40.598324375000004,A192,_,00410,602
A192__00360.602,8.29987782328845,40.611412630000004,A192,_,00360,602
A192__00280.602,8.354762218259914,40.614372845000005,A192,_,00280,602
A192__00260.602,8.311434166455108,40.617045250000004,A192,_,00260,602
A192__00160.602,8.262217531438754,40.629221595,A192,_,00160,602
A192__00120.602,8.298060610029314,40.649014295,A192,_,00120,602
A192__00060.602,8.297814588229626,40.65708381,A192,_,00060,602
A192__00030.603,8.236068206868971,40.66313374,A192,_,00030,603
A192__00970.603,8.312890149971423,40.557459745,A192,_,00970,603
A192__00940.603,8.356766422633449,40.511528075,A192,_,00940,603
A192__00930.603,8.343427722386872,40.519207,A192,_,00930,603
A192__00890.603,8.353243898915402,40.533464375,A192,_,00890,603
A192__00880.603,8.346311996710819,40.526624245,A192,_,00880,603
A192__00810.603,8.376653103688687,40.545197665,A192,_,00810,603
A192__00740.603,8.356151667279397,40.561226805000004,A192,_,00740,603
A192__00720.603,8.334197212460742,40.5593189,A192,_,00720,603
A192__00680.603,8.350025457921424,40.57136573,A192,_,00680,603
A192__00670.603,8.339772149413829,40.569566805,A192,_,00670,603
A192__00660.603,8.337399124245024,40.56785604,A192,_,00660,603
A192__00640.603,8.332833653740447,40.566964694999996,A192,_,00640,603
A192__00630.603,8.326329020671988,40.570132205,A192,_,00630,603
A192__00620.603,8.323619885897905,40.569946380000005,A192,_,00620,603
A192__00600.603,8.348723213379055,40.578434200000004,A192,_,00600,603
A192__00590.603,8.381831092844376,40.589355815000005,A192,_,00590,603
A192__00570.603,8.34507279436528,40.590501185,A192,_,00570,603
A192__00560.603,8.324556739829506,40.58431134,A192,_,00560,603
A192__00550.603,8.319496653555833,40.583936085000005,A192,_,00550,603
A192__00540.603,8.355868837728018,40.59246216,A192,_,00540,603
A192__00530.603,8.33662858504431,40.593849395,A192,_,00530,603
A192__0049.603,8.286815179083426,40.59476935,A192,_,0049,603
A192__00410.603,8.337705288455666,40.60411785,A192,_,00410,603
A192__00360.603,8.298128201701317,40.61201734,A192,_,00360,603
A192__00280.603,8.35373585327949,40.61464507,A192,_,00280,603
A192__00270.603,8.316875900901309,40.615328285000004,A192,_,00270,603
A192__00260.603,8.311251802795852,40.61698978,A192,_,00260,603
A192__00160.603,8.26453471969439,40.62940786,A192,_,00160,603
A192__00060.603,8.294620215253781,40.66908481,A192,_,00060,603
A192__00030.604,8.23617516014537,40.662959205,A192,_,00030,604
A192__00970.604,8.312950169946442,40.557465575,A192,_,00970,604
A192__00940.604,8.35647427547843,40.51149471,A192,_,00940,604
A192__00930.604,8.343618901124362,40.51917161,A192,_,00930,604
A192__00810.604,8.366975396208892,40.551316119999996,A192,_,00810,604
A192__00740.604,8.356442822012934,40.56144123,A192,_,00740,604
A192__00640.604,8.332387735086733,40.56696105,A192,_,00640,604
A192__00630.604,8.339349612678458,40.571202985,A192,_,00630,604
A192__00620.604,8.333296468866765,40.577002405,A192,_,00620,604
A192__00600.604,8.346050502985412,40.57428679,A192,_,00600,604
A192__00590.604,8.380488059306293,40.590624399999996,A192,_,00590,604
A192__00570.604,8.344916887864773,40.59048208,A192,_,00570,604
A192__00560.604,8.324723906132828,40.584402315000006,A192,_,00560,604
A192__00550.604,8.31958452641208,40.58403434,A192,_,00550,604
A192__00540.604,8.35579947581556,40.59210924,A192,_,00540,604
A192__00530.604,8.337105008052088,40.59370757,A192,_,00530,604
A192__0049.604,8.286317651938585,40.594230415,A192,_,0049,604
A192__00410.604,8.337807186351489,40.604204175,A192,_,00410,604
A192__00360.604,8.301466366717236,40.61137027,A192,_,00360,604
A192__00280.604,8.354015581225717,40.613265955,A192,_,00280,604
A192__00270.604,8.317735104547413,40.61559685,A192,_,00270,604
A192__00260.604,8.310895689402361,40.61710566,A192,_,00260,604
A192__00160.604,8.260133321407565,40.6310998,A192,_,00160,604
A192__00040.605,8.255664749364165,40.643569835,A192,_,00040,605
A192__00970.605,8.313003137883054,40.557469354999995,A192,_,00970,605
A192__00930.605,8.33918592648881,40.522392800000006,A192,_,00930,605
A192__00890.605,8.350369972196827,40.528342505,A192,_,00890,605
A192__00880.605,8.348611535991195,40.52015149,A192,_,00880,605
A192__00810.605,8.367455141595292,40.551244475,A192,_,00810,605
A192__00680.605,8.353941876943512,40.570697945,A192,_,00680,605
A192__00670.605,8.339390908109893,40.56969056,A192,_,00670,605
A192__0064.605,8.318151059055836,40.56379253,A192,_,0064,605
A192__00630.605,8.336483213002847,40.574868855000005,A192,_,00630,605
A192__00620.605,8.333031467545677,40.57735986,A192,_,00620,605
A192__00600.605,8.34586957958503,40.5743546,A192,_,00600,605
A192__00590.605,8.380991751873708,40.59127675,A192,_,00590,605
A192__00570.605,8.341048737767021,40.590895965,A192,_,00570,605
A192__00560.605,8.324906894241348,40.584215565,A192,_,00560,605
A192__00540.605,8.3514157746712,40.593221785,A192,_,00540,605
A192__00530.605,8.33695941385824,40.593910769999994,A192,_,00530,605
A192__00450.605,8.165191985078074,40.594325194999996,A192,_,00450,605
A192__00360.605,8.298444513513083,40.60651545,A192,_,00360,605
A192__00280.605,8.355189441593044,40.61360728,A192,_,00280,605
A192__00270.605,8.317723354152136,40.613909164999995,A192,_,00270,605
A192__00260.605,8.311043773976799,40.617179435,A192,_,00260,605
A192__00190.605,8.210703307989576,40.63120595,A192,_,00190,605
A192__00060.605,8.281868105422799,40.653783875,A192,_,00060,605
A192__00190.606,8.211191014606815,40.63263932,A192,_,00190,606
A192__00970.606,8.31305818278478,40.557474595,A192,_,00970,606
A192__00940.606,8.354986220130394,40.52118754,A192,_,00940,606
A192__00890.606,8.35170198871576,40.53700734,A192,_,00890,606
A192__00680.606,8.354129184732098,40.57068588,A192,_,00680,606
A192__0064.606,8.318646671389484,40.563730039999996,A192,_,0064,606
A192__00630.606,8.3367071089044,40.574930115,A192,_,00630,606
A192__00620.606,8.332664780350774,40.57755648,A192,_,00620,606
A192__00600.606,8.345672236206335,40.57441032,A192,_,00600,606
A192__00590.606,8.383463878216007,40.588058805,A192,_,00590,606
A192__00570.606,8.341659935272286,40.589533024999994,A192,_,00570,606
A192__00560.606,8.327017937468412,40.58806625,A192,_,00560,606
A192__00550.606,8.319685062748517,40.58400735,A192,_,00550,606
A192__00530.606,8.336759875716782,40.593731675,A192,_,00530,606
A192__0049.606,8.282017067865782,40.591257389999996,A192,_,0049,606
A192__00480.606,8.223639323387584,40.585773785,A192,_,00480,606
A192__00410.606,8.337151849408297,40.597600475,A192,_,00410,606
A192__00390.606,8.31891488200026,40.60590541,A192,_,00390,606
A192__00360.606,8.297558459938752,40.606367855,A192,_,00360,606
A192__00280.606,8.355393323089826,40.613532570000004,A192,_,00280,606
A192__00270.606,8.351403525550516,40.614591555000004,A192,_,00270,606
A192__00260.606,8.311041777301298,40.61725465,A192,_,00260,606
A192__00040.607,8.259226089660064,40.641343750000004,A192,_,00040,607
A192__00970.607,8.312967784909208,40.557540605,A192,_,00970,607
A192__00940.607,8.354739324057892,40.52082239,A192,_,00940,607
A192__00930.607,8.340058851508807,40.52123718,A192,_,00930,607
A192__00890.607,8.351513052202101,40.537392665,A192,_,00890,607
A192__00880.607,8.343695233022606,40.5292532,A192,_,00880,607
A192__0077.607,8.328939380268404,40.554016215000004,A192,_,0077,607
A192__00740.607,8.36403936761295,40.552326640000004,A192,_,00740,607
A192__0072.607,8.329394142853076,40.557604865,A192,_,0072,607
A192__00680.607,8.353160967096976,40.570603954999996,A192,_,00680,607
A192__00670.607,8.339306513099633,40.569752355000006,A192,_,00670,607
A192__00660.607,8.337101734561521,40.56790541,A192,_,00660,607
A192__00630.607,8.331873578525835,40.574429985,A192,_,00630,607
A192__00620.607,8.333469833065518,40.577114795,A192,_,00620,607
A192__00600.607,8.345602269639983,40.574161835,A192,_,00600,607
A192__00590.607,8.383638851495979,40.588380255000004,A192,_,00590,607
A192__00560.607,8.325968554652864,40.580065985000005,A192,_,00560,607
A192__00550.607,8.319606828082916,40.58400966,A192,_,00550,607
A192__00540.607,8.355263110699457,40.595221269999996,A192,_,00540,607
A192__00530.607,8.334756406121112,40.591278575000004,A192,_,00530,607
A192__0049.607,8.283143645535645,40.59126401,A192,_,0049,607
A192__00480.607,8.223683348869955,40.58586749,A192,_,00480,607
A192__00410.607,8.340570182481638,40.60063658,A192,_,00410,607
A192__00390.607,8.319912764647945,40.605274789999996,A192,_,00390,607
A192__00280.607,8.355551843747957,40.61320999,A192,_,00280,607
A192__00270.607,8.351201595544303,40.6146612,A192,_,00270,607
A192__00120.607,8.301787873549575,40.635674105,A192,_,00120,607
A192__00060.607,8.297459154676766,40.663023995,A192,_,00060,607
A192__00040.608,8.249868764607184,40.655678505,A192,_,00040,608
A192__00970.608,8.313079248473601,40.55755083,A192,_,00970,608
A192__00940.608,8.356187670374592,40.50995004,A192,_,00940,608
A192__00930.608,8.339955310573917,40.52115045,A192,_,00930,608
A192__00890.608,8.35203113945579,40.537225230000004,A192,_,00890,608
A192__00770.608,8.336071273025974,40.550714889999995,A192,_,00770,608
A192__00740.608,8.361985046227808,40.559272074999996,A192,_,00740,608
A192__0072.608,8.328842972302006,40.556366845,A192,_,0072,608
A192__00680.608,8.352645329777527,40.57061202,A192,_,00680,608
A192__00660.608,8.33675074582256,40.568194835,A192,_,00660,608
A192__0064.608,8.318534627913557,40.56357837,A192,_,0064,608
A192__0061.608,8.320483310958249,40.57343166,A192,_,0061,608
A192__00600.608,8.345511525616306,40.574277455,A192,_,00600,608
A192__00590.608,8.391141910209411,40.58680341,A192,_,00590,608
A192__00570.608,8.342047968142925,40.590018744999995,A192,_,00570,608
A192__00560.608,8.325553817931473,40.579619394999995,A192,_,00560,608
A192__00540.608,8.355572835097444,40.593948675,A192,_,00540,608
A192__00530.608,8.334413172207348,40.596430874999996,A192,_,00530,608
A192__00490.608,8.247591946898705,40.576904375,A192,_,00490,608
A192__00480.608,8.223726402671293,40.585705995,A192,_,00480,608
A192__00410.608,8.34043953531935,40.600523785,A192,_,00410,608
A192__00360.608,8.312965360562325,40.61227531,A192,_,00360,608
A192__00270.608,8.321512102943558,40.61625877,A192,_,00270,608
A192__00260.608,8.32106253253422,40.616963420000005,A192,_,00260,608
A192__00120.608,8.302079063399528,40.634924025000004,A192,_,00120,608
A192__00060.608,8.298815290983942,40.663255570000004,A192,_,00060,608
A192__00040.609,8.250308424770346,40.65228076,A192,_,00040,609
A192__00970.609,8.313119730248431,40.55747915,A192,_,00970,609
A192__00930.609,8.344204889214055,40.518682315,A192,_,00930,609
A192__00890.609,8.351672124768518,40.537541860000005,A192,_,00890,609
A192__00880.609,8.344783983525435,40.523396655,A192,_,00880,609
A192__00780.609,8.332400036636557,40.547614885,A192,_,00780,609
A192__00740.609,8.361647530058969,40.55934595,A192,_,00740,609
A192__00720.609,8.335158996958189,40.559774225,A192,_,00720,609
A192__00680.609,8.354241312965794,40.56650971,A192,_,00680,609
A192__00670.609,8.347241011618081,40.568885115,A192,_,00670,609
A192__00660.609,8.336861206544633,40.568094,A192,_,00660,609
A192__00620.609,8.332909552294405,40.577659194999995,A192,_,00620,609
A192__0061.609,8.320163058617474,40.573185679999995,A192,_,0061,609
A192__00600.609,8.345766137062949,40.574281244999995,A192,_,00600,609
A192__00590.609,8.391505713716564,40.590123915,A192,_,00590,609
A192__00570.609,8.341945737454711,40.58963306,A192,_,00570,609
A192__00560.609,8.323732738961503,40.581291825,A192,_,00560,609
A192__00550.609,8.323154983252902,40.58549873,A192,_,00550,609
A192__00530.609,8.334564831222522,40.59630654,A192,_,00530,609
A192__00490.609,8.246914832134536,40.57721728,A192,_,00490,609
A192__00450.609,8.165234801735625,40.59401579,A192,_,00450,609
A192__00410.609,8.337287375051776,40.60025416,A192,_,00410,609
A192__00360.609,8.312028286788083,40.61227503,A192,_,00360,609
A192__00190.609,8.204321449208662,40.636077365000006,A192,_,00190,609
A192__00060.609,8.300515453494333,40.663547615,A192,_,00060,609
A192__00010.61,8.219293765987192,40.661655350000004,A192,_,00010,61
A192__00970.61,8.314414232870401,40.55895837,A192,_,00970,61
A192__00930.61,8.341497674704716,40.51924764,A192,_,00930,61
A192__00880.61,8.345042803020954,40.521618165,A192,_,00880,61
A192__00870.61,8.341301456304354,40.525511625,A192,_,00870,61
A192__00860.61,8.36267067177873,40.54288986,A192,_,00860,61
A192__00850.61,8.344409806576977,40.533941175,A192,_,00850,61
A192__00810.61,8.361926197451854,40.548812485,A192,_,00810,61
A192__00800.61,8.358681978499995,40.550373019999995,A192,_,00800,61
A192__00780.61,8.32796604140614,40.541642120000006,A192,_,00780,61
A192__00750.61,8.365482095176983,40.553241830000005,A192,_,00750,61
A192__00730.61,8.347288573034078,40.55070857,A192,_,00730,61
A192__00710.61,8.325797488434574,40.557267825,A192,_,00710,61
A192__0065.61,8.317125272075575,40.561171745,A192,_,0065,61
A192__0061.61,8.318299557478593,40.570410785,A192,_,0061,61
A192__00580.61,8.361876068572489,40.576209105000004,A192,_,00580,61
A192__00570.61,8.341181348163555,40.585377365,A192,_,00570,61
A192__00560.61,8.32512659499612,40.58448489,A192,_,00560,61
A192__00540.61,8.34976284573797,40.593853265,A192,_,00540,61
A192__00530.61,8.334970313256488,40.59593795,A192,_,00530,61
A192__0050.61,8.312459018636954,40.58093939,A192,_,0050,61
A192__00450.61,8.165651066889676,40.58594923,A192,_,00450,61
A192__00440.61,8.387247825790498,40.605547265,A192,_,00440,61
A192__00430.61,8.366795997380585,40.600759775,A192,_,00430,61
A192__00420.61,8.345673125814889,40.598384894999995,A192,_,00420,61
A192__00400.61,8.330416373439999,40.598386675,A192,_,00400,61
A192__00390.61,8.317188760597176,40.608021965000006,A192,_,00390,61
A192__00380.61,8.308434188703242,40.600822355000005,A192,_,00380,61
A192__00360.61,8.290219170873634,40.611711604999996,A192,_,00360,61
A192__00350.61,8.284899811798503,40.603596705,A192,_,00350,61
A192__00340.61,8.265617057439965,40.608117445,A192,_,00340,61
A192__00310.61,8.368663585867559,40.615088424999996,A192,_,00310,61
A192__00290.61,8.397336618895523,40.6200125,A192,_,00290,61
A192__00260.61,8.321544409640776,40.624076695,A192,_,00260,61
A192__00240.61,8.217260864222474,40.615599509999996,A192,_,00240,61
A192__00230.61,8.17646214072383,40.594295065,A192,_,00230,61
A192__00220.61,8.144668432142424,40.61850707,A192,_,00220,61
A192__00190.61,8.197724436098765,40.61913126,A192,_,00190,61
A192__00160.61,8.251872877372822,40.634105965,A192,_,00160,61
A192__00150.61,8.24207402609574,40.638575995,A192,_,00150,61
A192__00140.61,8.184577424369477,40.637268410000004,A192,_,00140,61
A192__00090.61,8.20679024967739,40.646829145,A192,_,00090,61
A192__00080.61,8.322977277662577,40.657502865,A192,_,00080,61
A192__00070.61,8.340652988658398,40.651540395,A192,_,00070,61
A192__00060.61,8.282432863915933,40.660283315,A192,_,00060,61
A192__00050.61,8.260082627010748,40.657719755,A192,_,00050,61
A192__00040.61,8.249451380821757,40.66331361,A192,_,00040,61
A192__00020.61,8.210423616769353,40.658026195,A192,_,00020,61
A192__00040.610,8.260901883343951,40.645077979999996,A192,_,00040,610
A192__00970.610,8.313541411598155,40.557528305,A192,_,00970,610
A192__00780.610,8.33244238485327,40.547078655,A192,_,00780,610
A192__00770.610,8.332095311129809,40.5511978,A192,_,00770,610
A192__00740.610,8.35344970595007,40.562552095,A192,_,00740,610
A192__00720.610,8.336069526649322,40.56001186,A192,_,00720,610
A192__00680.610,8.354789580005374,40.566385115,A192,_,00680,610
A192__00670.610,8.340417949750481,40.56527633,A192,_,00670,610
A192__00640.610,8.330790005390341,40.567734055,A192,_,00640,610
A192__00600.610,8.346075555434956,40.57408327,A192,_,00600,610
A192__00590.610,8.392472735040151,40.590390575,A192,_,00590,610
A192__00560.610,8.333394976093361,40.587340255,A192,_,00560,610
A192__00550.610,8.32294889229981,40.58533953,A192,_,00550,610
A192__00540.610,8.35547860298,40.594849845,A192,_,00540,610
A192__00530.610,8.334459194815679,40.596120615,A192,_,00530,610
A192__00480.610,8.223937124335002,40.58604717,A192,_,00480,610
A192__00450.610,8.165935381882662,40.593941380000004,A192,_,00450,610
A192__00410.610,8.337075873316326,40.600122585,A192,_,00410,610
A192__00360.610,8.312868043786448,40.6131795,A192,_,00360,610
A192__00270.610,8.349538279327515,40.604631425,A192,_,00270,610
A192__00260.610,8.317530254541943,40.616948535000006,A192,_,00260,610
A192__00190.610,8.20874302378413,40.619473310000004,A192,_,00190,610
A192__00060.611,8.307420960590733,40.660654255,A192,_,00060,611
A192__00970.611,8.313623462399374,40.557548659999995,A192,_,00970,611
A192__00930.611,8.334908157601786,40.521988265000005,A192,_,00930,611
A192__00890.611,8.353437589050483,40.53300036,A192,_,00890,611
A192__00880.611,8.347211353253288,40.525493749999995,A192,_,00880,611
A192__00770.611,8.332772839506646,40.55105219,A192,_,00770,611
A192__00740.611,8.353211335056042,40.56277786,A192,_,00740,611
A192__00720.611,8.33294869802311,40.55978994,A192,_,00720,611
A192__00680.611,8.355248956481635,40.56640006,A192,_,00680,611
A192__00670.611,8.340345015663893,40.5653925,A192,_,00670,611
A192__00660.611,8.337023350435278,40.568015814999995,A192,_,00660,611
A192__00640.611,8.330456802430536,40.56785764,A192,_,00640,611
A192__00600.611,8.345930210847493,40.574219405,A192,_,00600,611
A192__00590.611,8.3928656838738,40.590850880000005,A192,_,00590,611
A192__00570.611,8.34833342597911,40.588774105,A192,_,00570,611
A192__00560.611,8.333670414110507,40.58735386,A192,_,00560,611
A192__00550.611,8.319286892719354,40.582127935,A192,_,00550,611
A192__00540.611,8.346659670418529,40.59238266,A192,_,00540,611
A192__00530.611,8.342715137860141,40.597185225000004,A192,_,00530,611
A192__00480.611,8.220901685260582,40.59363851,A192,_,00480,611
A192__00410.611,8.337622601736829,40.60034513,A192,_,00410,611
A192__00360.611,8.31318565000118,40.612904115000006,A192,_,00360,611
A192__00270.611,8.349025027359858,40.604654479999994,A192,_,00270,611
A192__00190.611,8.211749975504137,40.638707315000005,A192,_,00190,611
A192__00120.611,8.299484030033781,40.62580756,A192,_,00120,611
A192__00040.612,8.261494613910319,40.64393426,A192,_,00040,612
A192__00970.612,8.313534664092082,40.55757697,A192,_,00970,612
A192__00930.612,8.340579721123664,40.522387945000006,A192,_,00930,612
A192__00890.612,8.350947291826778,40.536934360000004,A192,_,00890,612
A192__00880.612,8.347044984349584,40.525857099999996,A192,_,00880,612
A192__00770.612,8.330978559325487,40.550098035000005,A192,_,00770,612
A192__00680.612,8.355590857554532,40.568751615,A192,_,00680,612
A192__00670.612,8.339942185751644,40.565205135,A192,_,00670,612
A192__00640.612,8.330669481462424,40.567990715,A192,_,00640,612
A192__00630.612,8.333991309019876,40.570967894999995,A192,_,00630,612
A192__00620.612,8.324290875345945,40.57523921,A192,_,00620,612
A192__00600.612,8.345969210945157,40.57398173,A192,_,00600,612
A192__00590.612,8.383868307953845,40.588092585,A192,_,00590,612
A192__00570.612,8.345995563494583,40.585319694999995,A192,_,00570,612
A192__00550.612,8.321070647895603,40.58403717,A192,_,00550,612
A192__00490.612,8.246485302589665,40.577595345,A192,_,00490,612
A192__00480.612,8.221105999886774,40.593835209999995,A192,_,00480,612
A192__00400.612,8.331276228224757,40.605147044999995,A192,_,00400,612
A192__00360.612,8.312034309779051,40.613150855,A192,_,00360,612
A192__00270.612,8.335165100868327,40.618620225,A192,_,00270,612
A192__00190.612,8.212164454263569,40.64008399,A192,_,00190,612
A192__00060.612,8.306442560406655,40.660359265,A192,_,00060,612
A192__00040.613,8.26064413200745,40.642336459999996,A192,_,00040,613
A192__00970.613,8.313527184279469,40.557620845,A192,_,00970,613
A192__00890.613,8.350413112105468,40.536693735,A192,_,00890,613
A192__00880.613,8.347825501739525,40.52549401,A192,_,00880,613
A192__00740.613,8.354841674726945,40.559984865000004,A192,_,00740,613
A192__00720.613,8.333094324907833,40.55967441,A192,_,00720,613
A192__00670.613,8.3402644705364,40.565405764999994,A192,_,00670,613
A192__00640.613,8.330720295177365,40.568088365,A192,_,00640,613
A192__00620.613,8.325321674384664,40.572191955,A192,_,00620,613
A192__00600.613,8.349245771930377,40.579120044999996,A192,_,00600,613
A192__00590.613,8.392425120127282,40.583648749999995,A192,_,00590,613
A192__00570.613,8.346088544888035,40.585267965,A192,_,00570,613
A192__00560.613,8.333532477159954,40.587421565,A192,_,00560,613
A192__00540.613,8.349747061085846,40.594838429999996,A192,_,00540,613
A192__00530.613,8.3423326194185,40.596910525,A192,_,00530,613
A192__00490.613,8.245953777294353,40.577745975,A192,_,00490,613
A192__00450.613,8.164760978685585,40.59349277,A192,_,00450,613
A192__00410.613,8.340905945221516,40.60022264,A192,_,00410,613
A192__00400.613,8.330670278110151,40.60510549999999,A192,_,00400,613
A192__00360.613,8.31203039539039,40.612711829999995,A192,_,00360,613
A192__00270.613,8.334758836238082,40.618918455,A192,_,00270,613
A192__00190.613,8.19725450728705,40.624088255000004,A192,_,00190,613
A192__00120.613,8.298182000772409,40.625717115,A192,_,00120,613
A192__00060.613,8.29946806912184,40.65821052,A192,_,00060,613
A192__00040.614,8.246717544265806,40.66537334,A192,_,00040,614
A192__00970.614,8.313505410927982,40.55766512,A192,_,00970,614
A192__00930.614,8.340758182721444,40.522053345,A192,_,00930,614
A192__00890.614,8.35048026000904,40.53675679,A192,_,00890,614
A192__00880.614,8.348167910444564,40.52549906,A192,_,00880,614
A192__0071.614,8.316112001364267,40.5566594,A192,_,0071,614
A192__00670.614,8.3440730116074,40.562150895,A192,_,00670,614
A192__00640.614,8.330831376912109,40.568364645,A192,_,00640,614
A192__00620.614,8.323424066492684,40.572405,A192,_,00620,614
A192__00600.614,8.349007510164446,40.57906781,A192,_,00600,614
A192__00590.614,8.39246182488708,40.58309405,A192,_,00590,614
A192__00490.614,8.246060749679618,40.577767535,A192,_,00490,614
A192__00450.614,8.164921947901032,40.592988410000004,A192,_,00450,614
A192__00410.614,8.340935203619084,40.60000946,A192,_,00410,614
A192__00390.614,8.318909955221038,40.60811051,A192,_,00390,614
A192__00360.614,8.296681011869309,40.605871969999995,A192,_,00360,614
A192__00190.614,8.197475176806588,40.62407983,A192,_,00190,614
A192__00120.614,8.29840362610826,40.626582955,A192,_,00120,614
A192__00060.614,8.281486642746078,40.65933187,A192,_,00060,614
A192__00120.615,8.299490712890194,40.626475655,A192,_,00120,615
A192__00970.615,8.31348902736555,40.557710795000006,A192,_,00970,615
A192__00930.615,8.340961035282508,40.521862845,A192,_,00930,615
A192__00890.615,8.35066938420486,40.536888995,A192,_,00890,615
A192__00770.615,8.331882458227202,40.549408505,A192,_,00770,615
A192__00740.615,8.361051608053163,40.55464816,A192,_,00740,615
A192__00720.615,8.333133629635144,40.559905725,A192,_,00720,615
A192__00670.615,8.344533746963087,40.562116794999994,A192,_,00670,615
A192__00660.615,8.336464186850453,40.568048974999996,A192,_,00660,615
A192__00640.615,8.331058994289188,40.5682408,A192,_,00640,615
A192__00620.615,8.33292575020913,40.576903945,A192,_,00620,615
A192__0061.615,8.31922464983637,40.57089414,A192,_,0061,615
A192__00590.615,8.374099137164599,40.586615565,A192,_,00590,615
A192__00570.615,8.341868892852128,40.58671743,A192,_,00570,615
A192__00560.615,8.326733621563335,40.57905601,A192,_,00560,615
A192__00540.615,8.353595317810456,40.59513787,A192,_,00540,615
A192__00530.615,8.334259047426212,40.594239215,A192,_,00530,615
A192__00490.615,8.245780891208447,40.57787727,A192,_,00490,615
A192__00400.615,8.331033079325678,40.602923,A192,_,00400,615
A192__00390.615,8.318728278171424,40.60777258,A192,_,00390,615
A192__00360.615,8.296041321459253,40.60577368,A192,_,00360,615
A192__00260.615,8.311830302483838,40.618655665,A192,_,00260,615
A192__00190.615,8.197603950817843,40.624076415000005,A192,_,00190,615
A192__00060.616,8.29434628555773,40.670191535,A192,_,00060,616
A192__00970.616,8.313471954155832,40.5577533,A192,_,00970,616
A192__00890.616,8.350322179335354,40.53705741500001,A192,_,00890,616
A192__00810.616,8.372400653944378,40.548214385,A192,_,00810,616
A192__00770.616,8.332242171722807,40.54932305,A192,_,00770,616
A192__00720.616,8.333952740530586,40.559513765,A192,_,00720,616
A192__00670.616,8.347454520201094,40.567357455,A192,_,00670,616
A192__00660.616,8.336610508694147,40.5679589,A192,_,00660,616
A192__00640.616,8.331284566128048,40.56818618,A192,_,00640,616
A192__00620.616,8.322470314572971,40.571306745,A192,_,00620,616
A192__0061.616,8.31926027026853,40.570935254999995,A192,_,0061,616
A192__00590.616,8.40203798,40.580175685,A192,_,00590,616
A192__00570.616,8.341877770948066,40.586833150000004,A192,_,00570,616
A192__00530.616,8.337191218642197,40.592384575,A192,_,00530,616
A192__00490.616,8.246023641803955,40.577618474999994,A192,_,00490,616
A192__00480.616,8.225988667450219,40.590029689999994,A192,_,00480,616
A192__00450.616,8.165163055718438,40.5925727,A192,_,00450,616
A192__00410.616,8.335135549172545,40.60794825,A192,_,00410,616
A192__00400.616,8.33021879211574,40.603185485,A192,_,00400,616
A192__00390.616,8.318680894367374,40.60801828,A192,_,00390,616
A192__00360.616,8.295786454665318,40.60583449,A192,_,00360,616
A192__00260.616,8.311651221604503,40.6168337,A192,_,00260,616
A192__00040.617,8.260995171076232,40.64504735,A192,_,00040,617
A192__00970.617,8.313453989486808,40.55779726,A192,_,00970,617
A192__00890.617,8.3508419280693,40.537110010000006,A192,_,00890,617
A192__00810.617,8.366922174474084,40.550123515,A192,_,00810,617
A192__00720.617,8.333381382055144,40.559827935,A192,_,00720,617
A192__00680.617,8.357353035229075,40.569177625,A192,_,00680,617
A192__00670.617,8.347260398109295,40.56732173,A192,_,00670,617
A192__00640.617,8.33130095386181,40.567865895,A192,_,00640,617
A192__00620.617,8.324356705147201,40.571830335,A192,_,00620,617
A192__0061.617,8.319712787374325,40.573985355000005,A192,_,0061,617
A192__00600.617,8.340405603292876,40.581898445,A192,_,00600,617
A192__00590.617,8.385095130161865,40.58099781,A192,_,00590,617
A192__00570.617,8.34242205330386,40.586686075,A192,_,00570,617
A192__00560.617,8.325897141917945,40.58370633,A192,_,00560,617
A192__00540.617,8.353261862023595,40.594648989999996,A192,_,00540,617
A192__00490.617,8.246500285629676,40.58015729500001,A192,_,00490,617
A192__00480.617,8.22613363029166,40.59020155,A192,_,00480,617
A192__00410.617,8.335444850748315,40.607954660000004,A192,_,00410,617
A192__00400.617,8.3297029078427,40.601387935,A192,_,00400,617
A192__00360.617,8.295791609744455,40.606092155,A192,_,00360,617
A192__00260.617,8.303124133821296,40.616230975,A192,_,00260,617
A192__00190.617,8.197545286906278,40.62488397,A192,_,00190,617
A192__00120.617,8.300465742677694,40.631523810000004,A192,_,00120,617
A192__00060.617,8.29455207548098,40.668802830000004,A192,_,00060,617
A192__00040.618,8.245736193945307,40.6548946,A192,_,00040,618
A192__00970.618,8.313435274734417,40.55784208,A192,_,00970,618
A192__00930.618,8.337816045117766,40.522885634999994,A192,_,00930,618
A192__00780.618,8.330122360976493,40.54261128,A192,_,00780,618
A192__00770.618,8.333823289299309,40.551048460000004,A192,_,00770,618
A192__00740.618,8.359469498196312,40.554998420000004,A192,_,00740,618
A192__00720.618,8.333290633068156,40.55983834,A192,_,00720,618
A192__0061.618,8.321617796296216,40.57298976,A192,_,0061,618
A192__00600.618,8.34190121577817,40.58010178,A192,_,00600,618
A192__00590.618,8.371877682193634,40.575595379999996,A192,_,00590,618
A192__00570.618,8.348802339635668,40.586027365,A192,_,00570,618
A192__00560.618,8.326089091616314,40.583235495,A192,_,00560,618
A192__00530.618,8.340035737858742,40.59228802,A192,_,00530,618
A192__00490.618,8.246626223283076,40.580046135,A192,_,00490,618
A192__00390.618,8.321769037887382,40.604017275000004,A192,_,00390,618
A192__00360.618,8.295643401386819,40.606193505,A192,_,00360,618
A192__00260.618,8.303338836294593,40.61625984,A192,_,00260,618
A192__00190.618,8.19744619795946,40.624559250000004,A192,_,00190,618
A192__00060.618,8.29754415814077,40.65585125,A192,_,00060,618
A192__00040.619,8.248688112729507,40.6567426,A192,_,00040,619
A192__00890.619,8.348820080472159,40.537171215,A192,_,00890,619
A192__00780.619,8.325138807655351,40.544286105,A192,_,00780,619
A192__0077.619,8.32698627458549,40.552265930000004,A192,_,0077,619
A192__00740.619,8.359716891775237,40.55487626,A192,_,00740,619
A192__00720.619,8.333188428529098,40.559906229999996,A192,_,00720,619
A192__0071.619,8.316468141921671,40.55637044,A192,_,0071,619
A192__00680.619,8.3542771397564,40.563963245,A192,_,00680,619
A192__0061.619,8.319475791493915,40.574280325000004,A192,_,0061,619
A192__00600.619,8.342752461537748,40.58035531,A192,_,00600,619
A192__00590.619,8.372288007966933,40.57563419,A192,_,00590,619
A192__00570.619,8.349046936844834,40.58578127,A192,_,00570,619
A192__00560.619,8.327436004804674,40.580853015,A192,_,00560,619
A192__00540.619,8.343122714332715,40.59331691,A192,_,00540,619
A192__00530.619,8.339753338646801,40.591976255000006,A192,_,00530,619
A192__00490.619,8.246358122663288,40.580035124999995,A192,_,00490,619
A192__00450.619,8.165162398746176,40.59215689,A192,_,00450,619
A192__00410.619,8.332730269619212,40.603028445,A192,_,00410,619
A192__00400.619,8.326943288437565,40.605143265,A192,_,00400,619
A192__00360.619,8.294725522856881,40.60619606,A192,_,00360,619
A192__00260.619,8.303448507450307,40.61621447,A192,_,00260,619
A192__00190.619,8.191832772438152,40.617523899999995,A192,_,00190,619
A192__00060.619,8.298343178202416,40.66434882,A192,_,00060,619
A192__00020.62,8.209735542128428,40.65996753,A192,_,00020,62
A192__00970.62,8.314497075369204,40.558952125000005,A192,_,00970,62
A192__00960.62,8.365907599780174,40.50689099,A192,_,00960,62
A192__00940.62,8.35258779131162,40.511312055000005,A192,_,00940,62
A192__00920.62,8.385683530071685,40.527656969999995,A192,_,00920,62
A192__00900.62,8.357635043935055,40.527395355,A192,_,00900,62
A192__00890.62,8.346146304097562,40.530619654999995,A192,_,00890,62
A192__00880.62,8.345341296390322,40.521482719999995,A192,_,00880,62
A192__00870.62,8.334999293138228,40.533147815,A192,_,00870,62
A192__00860.62,8.364470175164657,40.542386215,A192,_,00860,62
A192__00850.62,8.34439361518444,40.534477,A192,_,00850,62
A192__00820.62,8.387073139754023,40.55162936,A192,_,00820,62
A192__00720.62,8.346765045771628,40.559351575,A192,_,00720,62
A192__0071.62,8.323462021335498,40.557210245,A192,_,0071,62
A192__00690.62,8.357982043024348,40.572857895,A192,_,00690,62
A192__00680.62,8.359013833175553,40.566123305,A192,_,00680,62
A192__0065.62,8.317033896242641,40.56140283,A192,_,0065,62
A192__00600.62,8.347063013675754,40.573299695,A192,_,00600,62
A192__00580.62,8.362996941442937,40.576412245,A192,_,00580,62
A192__00570.62,8.342331933353304,40.58567934,A192,_,00570,62
A192__00540.62,8.350219718642347,40.594122080000005,A192,_,00540,62
A192__00530.62,8.332583942530489,40.58919001,A192,_,00530,62
A192__00510.62,8.31676650937229,40.584798559999996,A192,_,00510,62
A192__00480.62,8.218379661278508,40.592444175,A192,_,00480,62
A192__00440.62,8.377486736152518,40.59649879,A192,_,00440,62
A192__00430.62,8.367840637433089,40.59946113,A192,_,00430,62
A192__00410.62,8.331982093536142,40.602498804999996,A192,_,00410,62
A192__00390.62,8.318526911732663,40.606808905,A192,_,00390,62
A192__00380.62,8.30845130327387,40.60025091,A192,_,00380,62
A192__00360.62,8.298536852581659,40.60800726,A192,_,00360,62
A192__00340.62,8.265928572250136,40.608449925,A192,_,00340,62
A192__00330.62,8.241410516073348,40.596842865,A192,_,00330,62
A192__00320.62,8.228184653307004,40.59798171,A192,_,00320,62
A192__00280.62,8.35623467813453,40.603960745,A192,_,00280,62
A192__00240.62,8.218250691038234,40.6155167,A192,_,00240,62
A192__00230.62,8.178454288473006,40.596081685,A192,_,00230,62
A192__00220.62,8.144685520837495,40.618201885000005,A192,_,00220,62
A192__00200.62,8.259503919115163,40.624100725000005,A192,_,00200,62
A192__00190.62,8.191502661245316,40.61790052,A192,_,00190,62
A192__00160.62,8.252573297761927,40.63384758,A192,_,00160,62
A192__00150.62,8.218818060745498,40.63249513,A192,_,00150,62
A192__00140.62,8.184899149559667,40.63769482,A192,_,00140,62
A192__00120.62,8.303779198146593,40.62929751,A192,_,00120,62
A192__00100.62,8.274161095331458,40.647875755,A192,_,00100,62
A192__00090.62,8.207508631090894,40.64634615,A192,_,00090,62
A192__00070.62,8.341473109028666,40.65354793,A192,_,00070,62
A192__00060.62,8.297192126162635,40.671666204999994,A192,_,00060,62
A192__00040.62,8.247910794401683,40.65190013,A192,_,00040,62
A192__00040.620,8.25201783891068,40.655221945,A192,_,00040,620
A192__00890.620,8.348768857757465,40.537251485,A192,_,00890,620
A192__00810.620,8.370820500021043,40.544389769999995,A192,_,00810,620
A192__00660.620,8.33615683133251,40.567849679999995,A192,_,00660,620
A192__00640.620,8.331966266661857,40.568228884999996,A192,_,00640,620
A192__00600.620,8.342267269515684,40.579989665,A192,_,00600,620
A192__00590.620,8.371760119269144,40.57552643,A192,_,00590,620
A192__00560.620,8.327247907793838,40.58073057,A192,_,00560,620
A192__00530.620,8.339949608845984,40.592112625,A192,_,00530,620
A192__00490.620,8.250583335510715,40.584217949999996,A192,_,00490,620
A192__00410.620,8.332896055384792,40.60305579,A192,_,00410,620
A192__00400.620,8.32603493869555,40.603947485,A192,_,00400,620
A192__00360.620,8.293749784271656,40.60620007,A192,_,00360,620
A192__00190.620,8.192248603408755,40.617742795,A192,_,00190,620
A192__00040.621,8.252254811594753,40.656422905,A192,_,00040,621
A192__00970.621,8.313376767016877,40.55798154,A192,_,00970,621
A192__00930.621,8.33950429858118,40.517488255,A192,_,00930,621
A192__00890.621,8.350214277167545,40.527465055,A192,_,00890,621
A192__00810.621,8.36293979640774,40.550931825,A192,_,00810,621
A192__0077.621,8.32777166991406,40.554386025,A192,_,0077,621
A192__00740.621,8.35751178371891,40.554440314999994,A192,_,00740,621
A192__00680.621,8.350311700332238,40.56866904,A192,_,00680,621
A192__00660.621,8.336351811363198,40.567827685,A192,_,00660,621
A192__00640.621,8.332087869809474,40.56839216,A192,_,00640,621
A192__00620.621,8.32197496818636,40.569405775,A192,_,00620,621
A192__00600.621,8.342962761030165,40.580165844999996,A192,_,00600,621
A192__00590.621,8.371958479229995,40.575681079999995,A192,_,00590,621
A192__00570.621,8.338682382908416,40.587486205000005,A192,_,00570,621
A192__00560.621,8.32754302874103,40.580570945000005,A192,_,00560,621
A192__00550.621,8.319255396416072,40.583804465,A192,_,00550,621
A192__00530.621,8.340260884086593,40.59204357,A192,_,00530,621
A192__00490.621,8.254508469341117,40.583385425,A192,_,00490,621
A192__00410.621,8.332727322750431,40.60307751,A192,_,00410,621
A192__00390.621,8.321917060471737,40.60429012,A192,_,00390,621
A192__00360.621,8.292743978151783,40.606353615,A192,_,00360,621
A192__00270.621,8.35208092699256,40.605136535,A192,_,00270,621
A192__00190.621,8.202226236692983,40.640813975,A192,_,00190,621
A192__00040.622,8.24671351662306,40.6493373,A192,_,00040,622
A192__00970.622,8.31338653463279,40.558131085,A192,_,00970,622
A192__00930.622,8.339564011510344,40.517502705,A192,_,00930,622
A192__00890.622,8.350282253983199,40.527553025,A192,_,00890,622
A192__00810.622,8.362786700062987,40.54910254,A192,_,00810,622
A192__0077.622,8.329417361381747,40.551923485,A192,_,0077,622
A192__00720.622,8.340798403193993,40.559268495,A192,_,00720,622
A192__00680.622,8.350929966695688,40.568855625,A192,_,00680,622
A192__00670.622,8.342369221391035,40.563069455000004,A192,_,00670,622
A192__00640.622,8.332350553966648,40.56841527,A192,_,00640,622
A192__00620.622,8.321879964121091,40.56955082,A192,_,00620,622
A192__00600.622,8.342645640814109,40.57930412,A192,_,00600,622
A192__00590.622,8.37192524430222,40.57573562,A192,_,00590,622
A192__00570.622,8.339260867857401,40.587971644999996,A192,_,00570,622
A192__00560.622,8.327227438887085,40.580286315,A192,_,00560,622
A192__00540.622,8.344647500110586,40.5932109,A192,_,00540,622
A192__00490.622,8.254593779242342,40.583477545,A192,_,00490,622
A192__00450.622,8.16902494073826,40.589785715000005,A192,_,00450,622
A192__00410.622,8.33308101810967,40.607780455,A192,_,00410,622
A192__00400.622,8.32621076338684,40.603893565,A192,_,00400,622
A192__00360.622,8.2957664472838,40.604172950000006,A192,_,00360,622
A192__00270.622,8.35183206335541,40.605087635000004,A192,_,00270,622
A192__00120.622,8.303350858086546,40.65139569,A192,_,00120,622
A192__00060.622,8.282012736468072,40.658145675,A192,_,00060,622
A192__00040.623,8.249999564926771,40.648939495,A192,_,00040,623
A192__00970.623,8.313261505854795,40.558254739999995,A192,_,00970,623
A192__00930.623,8.337799951652922,40.517714995,A192,_,00930,623
A192__00900.623,8.36678541624746,40.533109785,A192,_,00900,623
A192__00890.623,8.347652829126492,40.5347452,A192,_,00890,623
A192__00810.623,8.369676120693942,40.544065355,A192,_,00810,623
A192__00740.623,8.358858379192071,40.55267165,A192,_,00740,623
A192__00720.623,8.340036213504746,40.559297560000005,A192,_,00720,623
A192__00680.623,8.350624330551128,40.567917805,A192,_,00680,623
A192__00670.623,8.342427206813287,40.563115225000004,A192,_,00670,623
A192__00630.623,8.340498307271197,40.57096586,A192,_,00630,623
A192__00600.623,8.3439723615,40.57838674,A192,_,00600,623
A192__00590.623,8.387245287089273,40.57884104,A192,_,00590,623
A192__00570.623,8.33902166013099,40.58745384,A192,_,00570,623
A192__00560.623,8.3274621,40.580535165,A192,_,00560,623
A192__00550.623,8.319183994229995,40.58295129,A192,_,00550,623
A192__00540.623,8.344295464377174,40.592852095,A192,_,00540,623
A192__00530.623,8.3394973964683,40.59161665,A192,_,00530,623
A192__00490.623,8.254704014742533,40.583626355,A192,_,00490,623
A192__00450.623,8.168366744198703,40.59096585,A192,_,00450,623
A192__00410.623,8.337912128052892,40.59803075,A192,_,00410,623
A192__00390.623,8.317007717281165,40.59965133,A192,_,00390,623
A192__00360.623,8.294228908095292,40.604181215,A192,_,00360,623
A192__00190.623,8.20452557274623,40.62023033,A192,_,00190,623
A192__00120.623,8.304022720345234,40.65041566,A192,_,00120,623
A192__00060.623,8.280980475287958,40.656647575,A192,_,00060,623
A192__00040.624,8.24681575597221,40.64924061,A192,_,00040,624
A192__00970.624,8.313249830493197,40.55829693,A192,_,00970,624
A192__00930.624,8.337643475404024,40.517714995,A192,_,00930,624
A192__00900.624,8.366079022916278,40.528543170000006,A192,_,00900,624
A192__00890.624,8.34765645756941,40.534627619999995,A192,_,00890,624
A192__00810.624,8.369781620892507,40.544524065000004,A192,_,00810,624
A192__00780.624,8.32496596655394,40.54476727,A192,_,00780,624
A192__0077.624,8.330570351827097,40.554953865,A192,_,0077,624
A192__00740.624,8.358524723189117,40.55277714,A192,_,00740,624
A192__00720.624,8.33937311397715,40.559364895,A192,_,00720,624
A192__00680.624,8.350843284933914,40.567922905,A192,_,00680,624
A192__00670.624,8.342601756569369,40.563257265000004,A192,_,00670,624
A192__00630.624,8.333032998907237,40.57213353,A192,_,00630,624
A192__00620.624,8.324072730452112,40.575033965,A192,_,00620,624
A192__00600.624,8.343466907077882,40.581242165,A192,_,00600,624
A192__00570.624,8.347110697414209,40.587090079999996,A192,_,00570,624
A192__00560.624,8.324132497692915,40.583742470000004,A192,_,00560,624
A192__00530.624,8.34007198302368,40.592239989999996,A192,_,00530,624
A192__00490.624,8.254666032098868,40.583757505,A192,_,00490,624
A192__00480.624,8.232350141295669,40.59137671,A192,_,00480,624
A192__00450.624,8.168200426041462,40.59171408,A192,_,00450,624
A192__00410.624,8.337635967968941,40.598237595,A192,_,00410,624
A192__00400.624,8.326348089848711,40.603847145,A192,_,00400,624
A192__00390.624,8.316809555812233,40.599767935,A192,_,00390,624
A192__00360.624,8.29204069909306,40.60421331,A192,_,00360,624
A192__00270.624,8.35162814215385,40.60524186,A192,_,00270,624
A192__00120.624,8.299357446452216,40.62761791,A192,_,00120,624
A192__00060.624,8.281998889667983,40.65624814,A192,_,00060,624
A192__00040.625,8.249349354295283,40.64888685,A192,_,00040,625
A192__00970.625,8.313371543405328,40.558303665,A192,_,00970,625
A192__00930.625,8.34070447231505,40.5205324,A192,_,00930,625
A192__00900.625,8.364953508278337,40.52854755,A192,_,00900,625
A192__00890.625,8.350646102345241,40.52679585,A192,_,00890,625
A192__00810.625,8.369589139735098,40.54367894000001,A192,_,00810,625
A192__0077.625,8.330497669368757,40.554830284999994,A192,_,0077,625
A192__00740.625,8.35701799623111,40.562544975,A192,_,00740,625
A192__00720.625,8.339461240387374,40.55980561,A192,_,00720,625
A192__00680.625,8.350476932227386,40.566609255,A192,_,00680,625
A192__00670.625,8.34299489099336,40.56357616,A192,_,00670,625
A192__00630.625,8.333203220148212,40.572277465,A192,_,00630,625
A192__00620.625,8.321494747523426,40.569142709999994,A192,_,00620,625
A192__0061.625,8.320238833499577,40.57469138,A192,_,0061,625
A192__00600.625,8.34405829494005,40.58078008,A192,_,00600,625
A192__00590.625,8.398598250286774,40.578979919999995,A192,_,00590,625
A192__00570.625,8.347038057353734,40.586235035,A192,_,00570,625
A192__00560.625,8.330155140170778,40.587297305,A192,_,00560,625
A192__00550.625,8.321640926029186,40.583156775000006,A192,_,00550,625
A192__00410.625,8.33789105807402,40.598619825,A192,_,00410,625
A192__00400.625,8.330170267897728,40.60118941,A192,_,00400,625
A192__00390.625,8.321294598666096,40.60386614,A192,_,00390,625
A192__00360.625,8.29576425076573,40.603069645,A192,_,00360,625
A192__00270.625,8.351600419956302,40.605153735,A192,_,00270,625
A192__00260.625,8.294848807943428,40.615919235,A192,_,00260,625
A192__00120.625,8.298672790020085,40.62730629,A192,_,00120,625
A192__00060.625,8.28312323017479,40.658759995,A192,_,00060,625
A192__00040.626,8.245398666147555,40.648827095,A192,_,00040,626
A192__00970.626,8.313498518757811,40.558006915,A192,_,00970,626
A192__00900.626,8.363918986932457,40.52861267,A192,_,00900,626
A192__00810.626,8.369637498918625,40.544347855,A192,_,00810,626
A192__00780.626,8.324765421692263,40.54469745,A192,_,00780,626
A192__0077.626,8.328145743478633,40.55581977,A192,_,0077,626
A192__00720.626,8.339654533318704,40.56048966,A192,_,00720,626
A192__00680.626,8.351167419702094,40.566624989999994,A192,_,00680,626
A192__00640.626,8.33096523796286,40.56882268,A192,_,00640,626
A192__0061.626,8.320249897181213,40.574711115,A192,_,0061,626
A192__00600.626,8.343815500484574,40.58058862,A192,_,00600,626
A192__00590.626,8.39852286651627,40.578473450000004,A192,_,00590,626
A192__00530.626,8.339869103923695,40.5922578,A192,_,00530,626
A192__00480.626,8.230576658274119,40.590910595,A192,_,00480,626
A192__00390.626,8.32080559630409,40.604042215,A192,_,00390,626
A192__00360.626,8.294227595599489,40.60307550500001,A192,_,00360,626
A192__00040.627,8.250621211119945,40.647581810000005,A192,_,00040,627
A192__00970.627,8.313515967883724,40.557961989999995,A192,_,00970,627
A192__00930.627,8.341050988324401,40.52036787,A192,_,00930,627
A192__00900.627,8.36545135117677,40.525378595,A192,_,00900,627
A192__00810.627,8.36984588736021,40.54366111,A192,_,00810,627
A192__00780.627,8.32461153785785,40.544862800000004,A192,_,00780,627
A192__0077.627,8.328858540118198,40.552641255,A192,_,0077,627
A192__00740.627,8.359989420402481,40.561868585,A192,_,00740,627
A192__00720.627,8.339226499105216,40.560225925,A192,_,00720,627
A192__00680.627,8.353797532824792,40.572143659999995,A192,_,00680,627
A192__00670.627,8.34654260163651,40.566741275,A192,_,00670,627
A192__00640.627,8.331164538649112,40.568969980000006,A192,_,00640,627
A192__0061.627,8.315804143669206,40.57615968,A192,_,0061,627
A192__00600.627,8.340821011952752,40.582857325,A192,_,00600,627
A192__00590.627,8.393572387837292,40.58072115,A192,_,00590,627
A192__00570.627,8.337345871922446,40.588642725,A192,_,00570,627
A192__00560.627,8.333230064330435,40.58703495,A192,_,00560,627
A192__00530.627,8.334211687972516,40.591532945,A192,_,00530,627
A192__00490.627,8.255010293431901,40.58392887,A192,_,00490,627
A192__00480.627,8.231163955497745,40.59029366,A192,_,00480,627
A192__00410.627,8.34109904474988,40.599854,A192,_,00410,627
A192__00400.627,8.329120507786667,40.60298804,A192,_,00400,627
A192__00390.627,8.320357154936861,40.59962664,A192,_,00390,627
A192__00360.627,8.292985545152918,40.603067885,A192,_,00360,627
A192__00260.627,8.29356688148631,40.616795905000004,A192,_,00260,627
A192__00120.627,8.298676553367567,40.628534365,A192,_,00120,627
A192__00040.628,8.245888791202908,40.6496889,A192,_,00040,628
A192__00970.628,8.31353297490443,40.55791798,A192,_,00970,628
A192__00900.628,8.364908602509301,40.526607659999996,A192,_,00900,628
A192__00890.628,8.346512568507535,40.53619927,A192,_,00890,628
A192__00810.628,8.370074233628113,40.544439095,A192,_,00810,628
A192__00780.628,8.324898378169085,40.544749745000004,A192,_,00780,628
A192__00740.628,8.359573106150783,40.561834395,A192,_,00740,628
A192__00720.628,8.339840498606957,40.560878015,A192,_,00720,628
A192__00680.628,8.353767399673458,40.572021445000004,A192,_,00680,628
A192__00660.628,8.336197508181474,40.56769702,A192,_,00660,628
A192__00640.628,8.331248240858127,40.56923158,A192,_,00640,628
A192__0061.628,8.315809185917015,40.576101435,A192,_,0061,628
A192__00600.628,8.345203483113544,40.58134613,A192,_,00600,628
A192__00590.628,8.393335192831104,40.58072115,A192,_,00590,628
A192__00570.628,8.352565718374684,40.591118210000005,A192,_,00570,628
A192__00560.628,8.333548972008925,40.587034405,A192,_,00560,628
A192__00530.628,8.334170031012995,40.59160282,A192,_,00530,628
A192__00490.628,8.255378390889188,40.584150695000005,A192,_,00490,628
A192__00480.628,8.231540444050673,40.59089227,A192,_,00480,628
A192__00450.628,8.166007413587725,40.592843635,A192,_,00450,628
A192__00410.628,8.34154431846881,40.599388825,A192,_,00410,628
A192__00390.628,8.3203792035612,40.59943366,A192,_,00390,628
A192__00360.628,8.30329150013721,40.608107430000004,A192,_,00360,628
A192__00210.628,8.34604724723928,40.623713665,A192,_,00210,628
A192__00120.628,8.307295922553225,40.640431535000005,A192,_,00120,628
A192__00040.629,8.246209247900417,40.650001585,A192,_,00040,629
A192__00970.629,8.313559863316922,40.557854875000004,A192,_,00970,629
A192__00930.629,8.338962413174686,40.518357734999995,A192,_,00930,629
A192__00900.629,8.364245051145335,40.52459547,A192,_,00900,629
A192__00890.629,8.349933154710452,40.53531083,A192,_,00890,629
A192__00810.629,8.369970342582738,40.544041140000004,A192,_,00810,629
A192__00780.629,8.324826331450641,40.544935865,A192,_,00780,629
A192__00740.629,8.359546031913773,40.561559625,A192,_,00740,629
A192__00720.629,8.339984093377558,40.5606776,A192,_,00720,629
A192__00680.629,8.354911434903652,40.571347665000005,A192,_,00680,629
A192__00670.629,8.34677110226329,40.566643405,A192,_,00670,629
A192__00660.629,8.336508767379211,40.567171585,A192,_,00660,629
A192__00640.629,8.331480585134209,40.569162219999996,A192,_,00640,629
A192__00600.629,8.345166794640148,40.581269219999996,A192,_,00600,629
A192__00590.629,8.36798639237799,40.576000145,A192,_,00590,629
A192__00570.629,8.352653787686966,40.591256535,A192,_,00570,629
A192__00560.629,8.333870918803758,40.5871469,A192,_,00560,629
A192__00550.629,8.319301791863891,40.58314767,A192,_,00550,629
A192__00530.629,8.335334776468704,40.595306945000004,A192,_,00530,629
A192__00490.629,8.25866404848951,40.58443929,A192,_,00490,629
A192__00400.629,8.33120635997944,40.604248784999996,A192,_,00400,629
A192__00390.629,8.319288913250132,40.59987518,A192,_,00390,629
A192__00360.629,8.304385522824624,40.609143474999996,A192,_,00360,629
A192__00270.629,8.315457486158772,40.616164395,A192,_,00270,629
A192__00260.629,8.298544822611454,40.62166563,A192,_,00260,629
A192__00210.629,8.34658856939574,40.623890075,A192,_,00210,629
A192__00120.629,8.300010036630557,40.62985122,A192,_,00120,629
A192__00060.629,8.294446987142424,40.664999505,A192,_,00060,629
A192__00010.63,8.22028048472016,40.65539291,A192,_,00010,63
A192__00970.63,8.314602816614142,40.55892865,A192,_,00970,63
A192__00960.63,8.36449981425116,40.518748275,A192,_,00960,63
A192__00950.63,8.353546035122749,40.51826149,A192,_,00950,63
A192__00880.63,8.34235634213201,40.525112504999996,A192,_,00880,63
A192__00860.63,8.364967363442052,40.542596915,A192,_,00860,63
A192__00820.63,8.39396842834183,40.547671664999996,A192,_,00820,63
A192__00810.63,8.36344298916903,40.54772268,A192,_,00810,63
A192__00800.63,8.358296054670992,40.551391370000005,A192,_,00800,63
A192__00750.63,8.368483709415178,40.552553825000004,A192,_,00750,63
A192__00740.63,8.359808667794251,40.55605575,A192,_,00740,63
A192__00730.63,8.348614777358303,40.55289619,A192,_,00730,63
A192__00720.63,8.346929102667042,40.55885081,A192,_,00720,63
A192__00690.63,8.357758695738344,40.572485195,A192,_,00690,63
A192__00620.63,8.323617950674615,40.571474,A192,_,00620,63
A192__0061.63,8.319087968431207,40.56960316,A192,_,0061,63
A192__00600.63,8.347709938722486,40.573288274999996,A192,_,00600,63
A192__00560.63,8.324439024716046,40.585209765,A192,_,00560,63
A192__00530.63,8.333357890226358,40.58855855,A192,_,00530,63
A192__00510.63,8.314249114472519,40.586411515,A192,_,00510,63
A192__0050.63,8.312929513786028,40.581048155,A192,_,0050,63
A192__00450.63,8.165353990508702,40.585807555,A192,_,00450,63
A192__00420.63,8.346166470224887,40.598595380000006,A192,_,00420,63
A192__00390.63,8.316380548059504,40.607746469999995,A192,_,00390,63
A192__00350.63,8.278475904068761,40.604705749999994,A192,_,00350,63
A192__00340.63,8.265910556456383,40.609077935,A192,_,00340,63
A192__00330.63,8.256975253284484,40.60074279,A192,_,00330,63
A192__00290.63,8.385610497518465,40.612920115,A192,_,00290,63
A192__00280.63,8.355608002190264,40.614752385,A192,_,00280,63
A192__00260.63,8.297047045999923,40.622140005,A192,_,00260,63
A192__00240.63,8.208608271923072,40.62121192,A192,_,00240,63
A192__00230.63,8.172353718060702,40.594279854999996,A192,_,00230,63
A192__00220.63,8.144478074299531,40.617016095,A192,_,00220,63
A192__00210.63,8.332327842812838,40.625813234999995,A192,_,00210,63
A192__00190.63,8.197434588115705,40.62165419,A192,_,00190,63
A192__00160.63,8.262301878308962,40.631362624999994,A192,_,00160,63
A192__00150.63,8.21892807627989,40.63167011,A192,_,00150,63
A192__00140.63,8.184676577868807,40.636561220000004,A192,_,00140,63
A192__00100.63,8.274105696792912,40.648098695,A192,_,00100,63
A192__00070.63,8.336458032850453,40.653836225,A192,_,00070,63
A192__00060.63,8.29314461685404,40.668945065,A192,_,00060,63
A192__00040.63,8.265627735815563,40.647530745,A192,_,00040,63
A192__00040.630,8.246508188515442,40.650130055,A192,_,00040,630
A192__00900.630,8.363482972931797,40.524498625,A192,_,00900,630
A192__00890.630,8.349288464411124,40.535080754999996,A192,_,00890,630
A192__00810.630,8.370028373792547,40.54426975,A192,_,00810,630
A192__00780.630,8.336682379816528,40.543517615,A192,_,00780,630
A192__0077.630,8.331464527841845,40.553102625,A192,_,0077,630
A192__00740.630,8.359382603117965,40.561483620000004,A192,_,00740,630
A192__00720.630,8.33995016717055,40.560701945,A192,_,00720,630
A192__00670.630,8.346526880383639,40.566447095,A192,_,00670,630
A192__00660.630,8.336279898210385,40.567171585,A192,_,00660,630
A192__00620.630,8.323918663666749,40.575435345,A192,_,00620,630
A192__00610.630,8.317942576754444,40.58050973,A192,_,00610,630
A192__00600.630,8.345495184716707,40.581912405,A192,_,00600,630
A192__00590.630,8.367758269569261,40.576042994999995,A192,_,00590,630
A192__00570.630,8.3473528537444,40.59037143,A192,_,00570,630
A192__00560.630,8.333199913402662,40.587339424999996,A192,_,00560,630
A192__00550.630,8.319421732685091,40.583127274999995,A192,_,00550,630
A192__00490.630,8.26751634574645,40.587264445,A192,_,00490,630
A192__00450.630,8.16707221444251,40.593673385,A192,_,00450,630
A192__00410.630,8.33607990337563,40.599943275,A192,_,00410,630
A192__00390.630,8.319546840842175,40.599678915,A192,_,00390,630
A192__00270.630,8.322813180759884,40.615714075,A192,_,00270,630
A192__00260.630,8.300398669355207,40.62087205,A192,_,00260,630
A192__00210.630,8.34713218526576,40.62406723,A192,_,00210,630
A192__00120.630,8.298094293520844,40.630045394999996,A192,_,00120,630
A192__00060.630,8.2949074303675,40.66508033,A192,_,00060,630
A192__00040.631,8.247609139273628,40.65024221,A192,_,00040,631
A192__00970.631,8.31362445252265,40.557695625,A192,_,00970,631
A192__00900.631,8.363363166488886,40.52667495,A192,_,00900,631
A192__00810.631,8.369997752564942,40.543718940000005,A192,_,00810,631
A192__0077.631,8.331432785842198,40.552925355,A192,_,0077,631
A192__00740.631,8.363581269878939,40.552834250000004,A192,_,00740,631
A192__00720.631,8.34001988198028,40.560666745,A192,_,00720,631
A192__0071.631,8.317371858329016,40.55547719,A192,_,0071,631
A192__00680.631,8.355961678755769,40.572096505000005,A192,_,00680,631
A192__00660.631,8.33625959917346,40.567236195,A192,_,00660,631
A192__00630.631,8.337783078918374,40.573862665,A192,_,00630,631
A192__0061.631,8.318840965200508,40.574510935,A192,_,0061,631
A192__00600.631,8.345983977684352,40.581757030000006,A192,_,00600,631
A192__00590.631,8.400022992518807,40.57884421,A192,_,00590,631
A192__00570.631,8.34726389580327,40.59010839,A192,_,00570,631
A192__00560.631,8.333539551469123,40.587342755,A192,_,00560,631
A192__00550.631,8.323378668992596,40.582721039999996,A192,_,00550,631
A192__00530.631,8.340528796540355,40.593518814999996,A192,_,00530,631
A192__00490.631,8.275330105282865,40.593401825,A192,_,00490,631
A192__00450.631,8.16822948235854,40.593626035,A192,_,00450,631
A192__00410.631,8.336692790177235,40.60006234,A192,_,00410,631
A192__00400.631,8.329811957262645,40.604894675,A192,_,00400,631
A192__00390.631,8.319314827776529,40.59964889,A192,_,00390,631
A192__00360.631,8.304555273137066,40.60241259,A192,_,00360,631
A192__00270.631,8.32330004013146,40.615702315,A192,_,00270,631
A192__00120.631,8.302691385245572,40.63063925,A192,_,00120,631
A192__00060.631,8.292465680908073,40.668595745,A192,_,00060,631
A192__00040.632,8.24879389636991,40.650404030000004,A192,_,00040,632
A192__00970.632,8.313640249919354,40.557652585,A192,_,00970,632
A192__00900.632,8.363271290398007,40.526998045,A192,_,00900,632
A192__00810.632,8.37009492701036,40.543911370000004,A192,_,00810,632
A192__0077.632,8.331495166116458,40.553255254999996,A192,_,0077,632
A192__0072.632,8.327197575525522,40.55809936,A192,_,0072,632
A192__0071.632,8.317295008576364,40.55547719,A192,_,0071,632
A192__00680.632,8.356068235706724,40.57190402,A192,_,00680,632
A192__00670.632,8.34672890282992,40.5663372,A192,_,00670,632
A192__00630.632,8.337435632069834,40.57315657,A192,_,00630,632
A192__00610.632,8.317275575090818,40.582197574999995,A192,_,00610,632
A192__00600.632,8.346100428995303,40.581733375,A192,_,00600,632
A192__00590.632,8.400041994354376,40.578649694999996,A192,_,00590,632
A192__00560.632,8.33386532404013,40.587354090000005,A192,_,00560,632
A192__00490.632,8.275688110768016,40.593478045,A192,_,00490,632
A192__00450.632,8.167937404544436,40.585771185,A192,_,00450,632
A192__00410.632,8.332469955390678,40.605744400000006,A192,_,00410,632
A192__00400.632,8.327922699346846,40.598523279999995,A192,_,00400,632
A192__00390.632,8.31890623054506,40.59984531,A192,_,00390,632
A192__00360.632,8.305326974659437,40.602553900000004,A192,_,00360,632
A192__00270.632,8.323681019903567,40.61517935,A192,_,00270,632
A192__00260.632,8.303384840065455,40.61604839,A192,_,00260,632
A192__00210.632,8.348280204191916,40.62444336,A192,_,00210,632
A192__00120.632,8.303509420762335,40.630774285,A192,_,00120,632
A192__00060.632,8.291826965633426,40.668609445,A192,_,00060,632
A192__00040.633,8.249644404794104,40.650409735,A192,_,00040,633
A192__00970.633,8.313660742157785,40.5576054,A192,_,00970,633
A192__00900.633,8.36341821568098,40.526902715,A192,_,00900,633
A192__00890.633,8.352805736798013,40.535761095,A192,_,00890,633
A192__00810.633,8.370280182312296,40.54446057,A192,_,00810,633
A192__0077.633,8.32938576348739,40.55221194,A192,_,0077,633
A192__00680.633,8.355473586959928,40.571922959999995,A192,_,00680,633
A192__00670.633,8.346706987563987,40.56615545,A192,_,00670,633
A192__00660.633,8.336724215433431,40.567346635,A192,_,00660,633
A192__00640.633,8.332368464223606,40.56887619,A192,_,00640,633
A192__00630.633,8.337576371139399,40.573255925,A192,_,00630,633
A192__00610.633,8.31836134425592,40.58028324,A192,_,00610,633
A192__00600.633,8.343113815047534,40.583690345,A192,_,00600,633
A192__00590.633,8.397904686938622,40.579599985,A192,_,00590,633
A192__00560.633,8.333172437662956,40.587416155,A192,_,00560,633
A192__00550.633,8.323514541921869,40.58273508,A192,_,00550,633
A192__00530.633,8.337519718464552,40.5904327,A192,_,00530,633
A192__00490.633,8.275976958536592,40.593663480000004,A192,_,00490,633
A192__00480.633,8.23281170971946,40.591896844999994,A192,_,00480,633
A192__00450.633,8.169491532729186,40.58538318,A192,_,00450,633
A192__00400.633,8.329456725112367,40.602533414999996,A192,_,00400,633
A192__00360.633,8.296946905411207,40.609164594999996,A192,_,00360,633
A192__00260.633,8.294475852005615,40.61672394,A192,_,00260,633
A192__00210.633,8.348775102950025,40.62460646,A192,_,00210,633
A192__00120.633,8.298202111191788,40.630863875,A192,_,00120,633
A192__00060.633,8.293060611904542,40.65993133,A192,_,00060,633
A192__00040.634,8.251179887937116,40.650381885,A192,_,00040,634
A192__00970.634,8.313705449080153,40.557561765,A192,_,00970,634
A192__00900.634,8.363476632447817,40.526899235,A192,_,00900,634
A192__00810.634,8.370148736192313,40.54407349,A192,_,00810,634
A192__00770.634,8.332115811688316,40.550077785,A192,_,00770,634
A192__00740.634,8.3540510236409,40.55787834,A192,_,00740,634
A192__00720.634,8.343208289757861,40.556440644999995,A192,_,00720,634
A192__00680.634,8.355469004641275,40.571716865,A192,_,00680,634
A192__00670.634,8.347062503198913,40.566172645,A192,_,00670,634
A192__00640.634,8.332510043214619,40.568794625,A192,_,00640,634
A192__00630.634,8.337701630189255,40.573262145,A192,_,00630,634
A192__00610.634,8.31779539043074,40.580994055000005,A192,_,00610,634
A192__00600.634,8.346646792203586,40.58207582,A192,_,00600,634
A192__00590.634,8.39744959413278,40.57966376,A192,_,00590,634
A192__00570.634,8.351579746334256,40.589398849999995,A192,_,00570,634
A192__00560.634,8.333373077955606,40.587421565,A192,_,00560,634
A192__00550.634,8.32340016135456,40.58294255,A192,_,00550,634
A192__00490.634,8.277801380100627,40.592453295,A192,_,00490,634
A192__00480.634,8.231397208549833,40.59229574,A192,_,00480,634
A192__00450.634,8.169331528498823,40.584871995,A192,_,00450,634
A192__00400.634,8.326101421127072,40.608053185,A192,_,00400,634
A192__00360.634,8.302366244947425,40.609373745,A192,_,00360,634
A192__00260.634,8.294739281322869,40.616926015,A192,_,00260,634
A192__00120.634,8.299354541533397,40.628645045,A192,_,00120,634
A192__00060.634,8.293139119091578,40.65974175,A192,_,00060,634
A192__00040.635,8.252233265333581,40.649876005,A192,_,00040,635
A192__00900.635,8.363538184676328,40.52703894,A192,_,00900,635
A192__00890.635,8.350142589408655,40.52574235,A192,_,00890,635
A192__00810.635,8.370208257293863,40.544254745,A192,_,00810,635
A192__00770.635,8.332589531705024,40.55030414,A192,_,00770,635
A192__00720.635,8.344447081710928,40.556050025000005,A192,_,00720,635
A192__00680.635,8.351195400965144,40.572223865,A192,_,00680,635
A192__00640.635,8.330133895232688,40.567747444999995,A192,_,00640,635
A192__00610.635,8.31767383042179,40.580558495000005,A192,_,00610,635
A192__00600.635,8.346715870965703,40.58203464,A192,_,00600,635
A192__00590.635,8.39125194490252,40.579101335000004,A192,_,00590,635
A192__00570.635,8.341889645080691,40.58763597,A192,_,00570,635
A192__00560.635,8.333860841968352,40.58742884,A192,_,00560,635
A192__00550.635,8.323260358405255,40.58282051,A192,_,00550,635
A192__00530.635,8.334599532187184,40.59102919,A192,_,00530,635
A192__00490.635,8.280412973887387,40.59147118,A192,_,00490,635
A192__00450.635,8.168112279070355,40.58683764,A192,_,00450,635
A192__00410.635,8.332350811725982,40.605343669999996,A192,_,00410,635
A192__00400.635,8.326292547913106,40.608403695,A192,_,00400,635
A192__00360.635,8.304216391947651,40.6093684,A192,_,00360,635
A192__00270.635,8.350597456292292,40.61298823,A192,_,00270,635
A192__00260.635,8.294724740658513,40.61656279,A192,_,00260,635
A192__00210.635,8.349578952285164,40.62367906,A192,_,00210,635
A192__00120.635,8.29786140813976,40.62835887,A192,_,00120,635
A192__00060.635,8.293660810163594,40.659645095,A192,_,00060,635
A192__00040.636,8.252850742385675,40.64981248,A192,_,00040,636
A192__00900.636,8.364872630148305,40.527009320000005,A192,_,00900,636
A192__00810.636,8.370071748533665,40.543847145,A192,_,00810,636
A192__0077.636,8.328078767906717,40.55602752,A192,_,0077,636
A192__00680.636,8.350862399867566,40.572259015,A192,_,00680,636
A192__00670.636,8.342951752680086,40.565999469999994,A192,_,00670,636
A192__00570.636,8.341640710107391,40.587514604999996,A192,_,00570,636
A192__00560.636,8.323447294363117,40.58106366,A192,_,00560,636
A192__00550.636,8.323399270345345,40.58283617,A192,_,00550,636
A192__00530.636,8.334637994729558,40.59138145,A192,_,00530,636
A192__00490.636,8.26793050145735,40.585013455,A192,_,00490,636
A192__00400.636,8.325929102775998,40.608173835,A192,_,00400,636
A192__00390.636,8.322976715882675,40.61000943,A192,_,00390,636
A192__00360.636,8.30498525894274,40.607884725,A192,_,00360,636
A192__00260.636,8.293900385028973,40.616437335,A192,_,00260,636
A192__00120.636,8.299356612858567,40.62806911,A192,_,00120,636
A192__00060.636,8.293137819692154,40.65972379,A192,_,00060,636
A192__00040.637,8.25104556855383,40.64910442,A192,_,00040,637
A192__00970.637,8.313843952098754,40.557612750000004,A192,_,00970,637
A192__00900.637,8.365820932735339,40.526876255000005,A192,_,00900,637
A192__00890.637,8.347033072280663,40.53153503,A192,_,00890,637
A192__00810.637,8.370087468409267,40.543890605,A192,_,00810,637
A192__00770.637,8.3353578517725,40.553367019999996,A192,_,00770,637
A192__00740.637,8.354371319409351,40.558145165,A192,_,00740,637
A192__00720.637,8.344256975727442,40.555888585,A192,_,00720,637
A192__00670.637,8.343425317987164,40.566043285,A192,_,00670,637
A192__00660.637,8.335382310994515,40.567551425,A192,_,00660,637
A192__00630.637,8.337434860351308,40.573569435,A192,_,00630,637
A192__00600.637,8.348137102466923,40.58278833,A192,_,00600,637
A192__00590.637,8.388076074783687,40.57900452,A192,_,00590,637
A192__00560.637,8.324486429094133,40.577544785,A192,_,00560,637
A192__00550.637,8.319621348035907,40.58361621,A192,_,00550,637
A192__00530.637,8.338159074412259,40.597307085,A192,_,00530,637
A192__00490.637,8.253567190952054,40.583962424999996,A192,_,00490,637
A192__00400.637,8.32626901336997,40.608511965,A192,_,00400,637
A192__00360.637,8.310119784499001,40.607173005,A192,_,00360,637
A192__00260.637,8.2936298063102,40.61596457,A192,_,00260,637
A192__00210.637,8.35012534916958,40.623561124999995,A192,_,00210,637
A192__00060.637,8.300560218913642,40.664558905,A192,_,00060,637
A192__00030.638,8.243579603657544,40.649201925,A192,_,00030,638
A192__00900.638,8.369917336325152,40.527171225000004,A192,_,00900,638
A192__00890.638,8.345971037638513,40.528473649999995,A192,_,00890,638
A192__00720.638,8.34421083974253,40.55548544,A192,_,00720,638
A192__00670.638,8.343179962142539,40.565920935,A192,_,00670,638
A192__00660.638,8.335675028650535,40.56752728,A192,_,00660,638
A192__00640.638,8.332739110797199,40.568397155,A192,_,00640,638
A192__00630.638,8.337389189200357,40.573516420000004,A192,_,00630,638
A192__00610.638,8.317261943032287,40.58039809,A192,_,00610,638
A192__00600.638,8.347805972384737,40.5825829,A192,_,00600,638
A192__00560.638,8.323133382592369,40.57610565,A192,_,00560,638
A192__00550.638,8.318846709783962,40.583306500000006,A192,_,00550,638
A192__00530.638,8.338679169514654,40.59685234,A192,_,00530,638
A192__00490.638,8.253653839393001,40.583855045,A192,_,00490,638
A192__00480.638,8.244947786184966,40.593486545000005,A192,_,00480,638
A192__00410.638,8.335173315693439,40.608168230000004,A192,_,00410,638
A192__00400.638,8.326366621339421,40.608508044999994,A192,_,00400,638
A192__00360.638,8.309063450673403,40.609094615000004,A192,_,00360,638
A192__00270.638,8.352010571463186,40.61436577,A192,_,00270,638
A192__00210.638,8.34507841618176,40.620617705,A192,_,00210,638
A192__00190.638,8.20328586383597,40.6186295,A192,_,00190,638
A192__00120.638,8.303233891171983,40.643621055,A192,_,00120,638
A192__00060.638,8.301170882164353,40.664652114999996,A192,_,00060,638
A192__00040.638,8.246770656434666,40.649371875,A192,_,00040,638
A192__00030.639,8.244562031209878,40.649695515000005,A192,_,00030,639
A192__00940.639,8.357751482254173,40.511978389999996,A192,_,00940,639
A192__00930.639,8.334915875889207,40.520362145,A192,_,00930,639
A192__00900.639,8.366943034669628,40.529056804999996,A192,_,00900,639
A192__00890.639,8.34606022220263,40.52862588,A192,_,00890,639
A192__00810.639,8.370179573565625,40.543731645,A192,_,00810,639
A192__00780.639,8.329321760340267,40.54909324,A192,_,00780,639
A192__00670.639,8.345870428104773,40.567167999999995,A192,_,00670,639
A192__00640.639,8.332671204306806,40.568794625,A192,_,00640,639
A192__00630.639,8.337554402216295,40.57366006,A192,_,00630,639
A192__00610.639,8.318579878554612,40.580120745,A192,_,00610,639
A192__00590.639,8.393146586651634,40.580076524999996,A192,_,00590,639
A192__00560.639,8.32352141258393,40.5765449,A192,_,00560,639
A192__00530.639,8.338924371169416,40.596431745,A192,_,00530,639
A192__00480.639,8.2447059023056,40.5928008,A192,_,00480,639
A192__00400.639,8.326477002569675,40.598033135,A192,_,00400,639
A192__00390.639,8.319055313760696,40.605636735,A192,_,00390,639
A192__00360.639,8.320654022236997,40.61215061,A192,_,00360,639
A192__00270.639,8.326754344770679,40.616998295,A192,_,00270,639
A192__00210.639,8.344407250438728,40.62010668,A192,_,00210,639
A192__00190.639,8.20363814293135,40.618517170000004,A192,_,00190,639
A192__00120.639,8.304380467336902,40.64448838,A192,_,00120,639
A192__00060.639,8.301175275,40.663993245,A192,_,00060,639
A192__00010.64,8.219779356347635,40.663806345,A192,_,00010,64
A192__00970.64,8.314690102661228,40.558886605,A192,_,00970,64
A192__00960.64,8.364698233277103,40.519194665,A192,_,00960,64
A192__00950.64,8.35353120088964,40.518496645,A192,_,00950,64
A192__00940.64,8.353161887780036,40.511454795,A192,_,00940,64
A192__00920.64,8.376459395995791,40.525715665,A192,_,00920,64
A192__00900.64,8.359896735705833,40.532030725,A192,_,00900,64
A192__00850.64,8.342770517939872,40.537617975,A192,_,00850,64
A192__00810.64,8.363686632054616,40.548485125,A192,_,00810,64
A192__00790.64,8.34214398640853,40.54847217,A192,_,00790,64
A192__0077.64,8.328005331502627,40.55561887499999,A192,_,0077,64
A192__00750.64,8.368239271267022,40.552504760000005,A192,_,00750,64
A192__00740.64,8.362823291498707,40.5518706,A192,_,00740,64
A192__00730.64,8.348421624096837,40.550252085,A192,_,00730,64
A192__00690.64,8.359088417139535,40.57339367,A192,_,00690,64
A192__0065.64,8.317624730133769,40.561263075,A192,_,0065,64
A192__00630.64,8.337033956838654,40.571425995,A192,_,00630,64
A192__00620.64,8.323872841188908,40.571987449999995,A192,_,00620,64
A192__0061.64,8.319805292166421,40.571742175,A192,_,0061,64
A192__00600.64,8.338737706142098,40.586640235000004,A192,_,00600,64
A192__00590.64,8.367014021638546,40.575311075,A192,_,00590,64
A192__00570.64,8.344761983193814,40.586154745,A192,_,00570,64
A192__00540.64,8.351768061140328,40.595201895,A192,_,00540,64
A192__00530.64,8.334037414955645,40.58813012,A192,_,00530,64
A192__00520.64,8.321113351420678,40.591623575,A192,_,00520,64
A192__00510.64,8.316752143939265,40.585311520000005,A192,_,00510,64
A192__00490.64,8.261567071289683,40.591893889999994,A192,_,00490,64
A192__00450.64,8.166067520000135,40.585460405,A192,_,00450,64
A192__00440.64,8.378595633337703,40.596765025,A192,_,00440,64
A192__00420.64,8.346778138507391,40.598430205,A192,_,00420,64
A192__00390.64,8.317919163378384,40.606789219999996,A192,_,00390,64
A192__00380.64,8.308064179783283,40.599415065,A192,_,00380,64
A192__00360.64,8.295306162262188,40.609937,A192,_,00360,64
A192__00350.64,8.26848085865792,40.60523814,A192,_,00350,64
A192__00340.64,8.263390855957873,40.612700965,A192,_,00340,64
A192__00330.64,8.260364844914344,40.597615065,A192,_,00330,64
A192__00260.64,8.29892688483509,40.62380101,A192,_,00260,64
A192__00250.64,8.276737900539601,40.611207140000005,A192,_,00250,64
A192__00240.64,8.21177855432315,40.624533585,A192,_,00240,64
A192__00230.64,8.168980591569595,40.59398756,A192,_,00230,64
A192__00220.64,8.144285502984383,40.61948081,A192,_,00220,64
A192__00210.64,8.339469022248394,40.621818614999995,A192,_,00210,64
A192__00200.64,8.25934251821647,40.624516265,A192,_,00200,64
A192__00190.64,8.197866089621098,40.621493715,A192,_,00190,64
A192__00170.64,8.323690843136767,40.631050224999996,A192,_,00170,64
A192__00140.64,8.188221087019922,40.645702580000005,A192,_,00140,64
A192__00090.64,8.208665943644805,40.646109575,A192,_,00090,64
A192__00060.64,8.283101798954368,40.656335354999996,A192,_,00060,64
A192__00050.64,8.284654591000276,40.6618593,A192,_,00050,64
A192__00040.64,8.259081313617036,40.646185474999996,A192,_,00040,64
A192__00060.640,8.294700358708145,40.668761645000004,A192,_,00060,640
A192__00970.640,8.31375926342714,40.55782766,A192,_,00970,640
A192__00940.640,8.357958737108213,40.511123174999994,A192,_,00940,640
A192__00930.640,8.335055105912964,40.520333315,A192,_,00930,640
A192__00900.640,8.367759755680362,40.529448725,A192,_,00900,640
A192__00890.640,8.349740837856613,40.53560027,A192,_,00890,640
A192__00810.640,8.370365760935677,40.544286400000004,A192,_,00810,640
A192__00780.640,8.330107693879668,40.549584045,A192,_,00780,640
A192__0077.640,8.330069786230272,40.5545659,A192,_,0077,640
A192__00720.640,8.342868609259806,40.556485054999996,A192,_,00720,640
A192__00670.640,8.346154803884701,40.567167999999995,A192,_,00670,640
A192__00610.640,8.318466464355929,40.57986167,A192,_,00610,640
A192__00600.640,8.337222797754457,40.587504345,A192,_,00600,640
A192__00590.640,8.393457436709893,40.580076524999996,A192,_,00590,640
A192__00560.640,8.32465228497113,40.5775096,A192,_,00560,640
A192__00550.640,8.318407436291889,40.587982785,A192,_,00550,640
A192__00530.640,8.339666741046557,40.595951639999996,A192,_,00530,640
A192__00490.640,8.253553069966898,40.583646814999994,A192,_,00490,640
A192__00480.640,8.244508318233645,40.59224065,A192,_,00480,640
A192__00410.640,8.334509302750337,40.597939365,A192,_,00410,640
A192__00400.640,8.326202177205968,40.59745462,A192,_,00400,640
A192__00360.640,8.319971590105046,40.612659,A192,_,00360,640
A192__00270.640,8.32684610492638,40.61710723,A192,_,00270,640
A192__00260.640,8.296105982066539,40.622220435,A192,_,00260,640
A192__00210.640,8.354929019996394,40.619234155,A192,_,00210,640
A192__00190.640,8.203524543271467,40.618806555,A192,_,00190,640
A192__00030.641,8.24478195631913,40.650080085,A192,_,00030,641
A192__00970.641,8.31374358061343,40.557871455,A192,_,00970,641
A192__00900.641,8.370542916914959,40.52722411,A192,_,00900,641
A192__00890.641,8.350205980013618,40.535735255000006,A192,_,00890,641
A192__00810.641,8.37017885544181,40.54407349,A192,_,00810,641
A192__00770.641,8.33342502456193,40.55010206,A192,_,00770,641
A192__00720.641,8.342730781655568,40.556037720000006,A192,_,00720,641
A192__00670.641,8.346046293520264,40.567072095,A192,_,00670,641
A192__00640.641,8.33259131862555,40.56828817,A192,_,00640,641
A192__00630.641,8.337705374633583,40.573370104999995,A192,_,00630,641
A192__00610.641,8.318452980527386,40.57974915,A192,_,00610,641
A192__00600.641,8.348851443855274,40.579386955,A192,_,00600,641
A192__00590.641,8.368025894864935,40.57494294,A192,_,00590,641
A192__00570.641,8.342894541314,40.585875345000005,A192,_,00570,641
A192__00550.641,8.31858955076316,40.587538355,A192,_,00550,641
A192__00530.641,8.33618467048329,40.59588538,A192,_,00530,641
A192__00490.641,8.253785400717472,40.583691224999995,A192,_,00490,641
A192__00410.641,8.334577188255455,40.59810949,A192,_,00410,641
A192__00400.641,8.326002261837662,40.59732622,A192,_,00400,641
A192__00390.641,8.318431260057032,40.604232640000006,A192,_,00390,641
A192__00360.641,8.298714813876627,40.61149527,A192,_,00360,641
A192__00270.641,8.329041260211824,40.622435635,A192,_,00270,641
A192__00210.641,8.355166912705542,40.618642675000004,A192,_,00210,641
A192__00190.641,8.203249180470527,40.618875385,A192,_,00190,641
A192__00030.642,8.244799078129315,40.649806749999996,A192,_,00030,642
A192__00970.642,8.313708942194477,40.557954390000006,A192,_,00970,642
A192__00940.642,8.358138296024311,40.5111175,A192,_,00940,642
A192__00900.642,8.370027587718699,40.52700702,A192,_,00900,642
A192__00810.642,8.370243252191429,40.544250275,A192,_,00810,642
A192__00770.642,8.3329999824821,40.55010206,A192,_,00770,642
A192__00720.642,8.343088386858987,40.55591114,A192,_,00720,642
A192__00670.642,8.34711127811175,40.565510585,A192,_,00670,642
A192__00640.642,8.332652113400785,40.568435675,A192,_,00640,642
A192__00630.642,8.337570369187372,40.57336823,A192,_,00630,642
A192__00610.642,8.318282658776548,40.57975358,A192,_,00610,642
A192__00590.642,8.368492258912358,40.575194325,A192,_,00590,642
A192__00570.642,8.34305003201392,40.586484835,A192,_,00570,642
A192__00560.642,8.323475960943604,40.580832125,A192,_,00560,642
A192__00550.642,8.319132972874417,40.5875374,A192,_,00550,642
A192__00490.642,8.255214818048653,40.58291878,A192,_,00490,642
A192__00480.642,8.228052773385295,40.58907207,A192,_,00480,642
A192__00410.642,8.332405149033612,40.60584747,A192,_,00410,642
A192__00390.642,8.318742413640802,40.60394767,A192,_,00390,642
A192__00360.642,8.299398184091768,40.61149527,A192,_,00360,642
A192__00270.642,8.330310287845005,40.623062355,A192,_,00270,642
A192__00250.642,8.281442812776369,40.628071520000006,A192,_,00250,642
A192__00210.642,8.355378709189296,40.61815971,A192,_,00210,642
A192__00120.642,8.306310267748373,40.6433583,A192,_,00120,642
A192__00030.643,8.244903659973232,40.649933399999995,A192,_,00030,643
A192__00970.643,8.313666150247109,40.558057305000005,A192,_,00970,643
A192__00940.643,8.358274362754877,40.510949589999996,A192,_,00940,643
A192__00900.643,8.369844347969178,40.526891895,A192,_,00900,643
A192__00890.643,8.355380140730695,40.530601415,A192,_,00890,643
A192__00780.643,8.329974225287096,40.54907864,A192,_,00780,643
A192__00720.643,8.343412721779785,40.5557436,A192,_,00720,643
A192__00640.643,8.331562230268103,40.56770686,A192,_,00640,643
A192__00610.643,8.318227669221756,40.579663374999996,A192,_,00610,643
A192__00600.643,8.351685377835295,40.574600305000004,A192,_,00600,643
A192__00590.643,8.370911518186901,40.575894295,A192,_,00590,643
A192__00560.643,8.325203674086655,40.580149055,A192,_,00560,643
A192__00550.643,8.319417559987857,40.588104235,A192,_,00550,643
A192__00490.643,8.255459167507327,40.58283666,A192,_,00490,643
A192__00480.643,8.228288788923665,40.588936770000004,A192,_,00480,643
A192__00400.643,8.329400550415496,40.597233200000005,A192,_,00400,643
A192__00390.643,8.317345446296237,40.604839135,A192,_,00390,643
A192__00360.643,8.307340795310402,40.61337655,A192,_,00360,643
A192__00270.643,8.349378194598806,40.613177895,A192,_,00270,643
A192__00260.643,8.287987502620735,40.619330275,A192,_,00260,643
A192__00250.643,8.281285254615925,40.62824826,A192,_,00250,643
A192__00210.643,8.35538663302178,40.61757561,A192,_,00210,643
A192__00190.643,8.203292190202177,40.61894001,A192,_,00190,643
A192__00120.643,8.307073988604861,40.641289855,A192,_,00120,643
A192__00030.644,8.245023264990287,40.65004357,A192,_,00030,644
A192__00970.644,8.313633680798464,40.55814304,A192,_,00970,644
A192__00940.644,8.359664752304132,40.510849,A192,_,00940,644
A192__00810.644,8.370482185910568,40.543661625,A192,_,00810,644
A192__00780.644,8.32982781636823,40.548895675,A192,_,00780,644
A192__00740.644,8.358716925349626,40.55413575,A192,_,00740,644
A192__00720.644,8.343166346386903,40.55569593,A192,_,00720,644
A192__0071.644,8.31758928148006,40.554795215,A192,_,0071,644
A192__00630.644,8.337922944483172,40.573497425,A192,_,00630,644
A192__00610.644,8.318429980049837,40.579609325,A192,_,00610,644
A192__00600.644,8.352349965997398,40.574674525000006,A192,_,00600,644
A192__00590.644,8.370890922115525,40.57522292,A192,_,00590,644
A192__00570.644,8.353028943196463,40.586037995,A192,_,00570,644
A192__00560.644,8.323408912832031,40.57907303,A192,_,00560,644
A192__00490.644,8.255283393909684,40.58272046,A192,_,00490,644
A192__00480.644,8.227656729468054,40.589060700000005,A192,_,00480,644
A192__00450.644,8.167117293513265,40.59281781,A192,_,00450,644
A192__00390.644,8.317977633390791,40.60458387,A192,_,00390,644
A192__00360.644,8.308295353410028,40.61337455,A192,_,00360,644
A192__00260.644,8.288141024138769,40.61929867,A192,_,00260,644
A192__00210.644,8.355209917241138,40.61696875,A192,_,00210,644
A192__00120.644,8.302885591965822,40.63895565,A192,_,00120,644
A192__00030.645,8.24509752247694,40.649978065,A192,_,00030,645
A192__00970.645,8.313602308907345,40.55822723,A192,_,00970,645
A192__00940.645,8.358818735853633,40.511104955,A192,_,00940,645
A192__00900.645,8.358375972375667,40.529958855000004,A192,_,00900,645
A192__00890.645,8.355316069014599,40.530443155,A192,_,00890,645
A192__00810.645,8.370712204954149,40.544246325,A192,_,00810,645
A192__00780.645,8.32960770795307,40.548617895,A192,_,00780,645
A192__0077.645,8.331152128900232,40.554770495,A192,_,0077,645
A192__00670.645,8.347641856412332,40.56574818,A192,_,00670,645
A192__00640.645,8.332599030906598,40.568128,A192,_,00640,645
A192__00630.645,8.341766011279725,40.572663915,A192,_,00630,645
A192__00600.645,8.333347133121592,40.5799466,A192,_,00600,645
A192__00590.645,8.371774556796119,40.574946080000004,A192,_,00590,645
A192__00570.645,8.341142530687971,40.58759871,A192,_,00570,645
A192__00560.645,8.32364318275896,40.57921947,A192,_,00560,645
A192__00550.645,8.319341049122068,40.587764410000005,A192,_,00550,645
A192__00480.645,8.227475898648118,40.589115135,A192,_,00480,645
A192__00410.645,8.337078197286313,40.601806695,A192,_,00410,645
A192__00400.645,8.329295351008808,40.59699924,A192,_,00400,645
A192__00360.645,8.311384181923131,40.611058505,A192,_,00360,645
A192__00210.645,8.353854265693439,40.618543009999996,A192,_,00210,645
A192__00190.645,8.203813213670754,40.618910745,A192,_,00190,645
A192__00120.645,8.303117572890443,40.636413965,A192,_,00120,645
A192__00210.646,8.353869031324848,40.619242310000004,A192,_,00210,646
A192__00970.646,8.313567164477169,40.558324025000005,A192,_,00970,646
A192__00940.646,8.358264526918557,40.5111175,A192,_,00940,646
A192__00900.646,8.358451522104687,40.52999403,A192,_,00900,646
A192__00890.646,8.350452190273714,40.530254675,A192,_,00890,646
A192__00810.646,8.370353849499402,40.54374724,A192,_,00810,646
A192__00740.646,8.358843257349166,40.553839295,A192,_,00740,646
A192__00720.646,8.343615828960466,40.555647975,A192,_,00720,646
A192__0071.646,8.318088575898074,40.554476435,A192,_,0071,646
A192__00670.646,8.347801943278526,40.565893270000004,A192,_,00670,646
A192__00660.646,8.335948264295745,40.567122855,A192,_,00660,646
A192__0064.646,8.318658434250413,40.56381395,A192,_,0064,646
A192__00620.646,8.324774827775283,40.572632014999996,A192,_,00620,646
A192__00610.646,8.317519869102284,40.580127015,A192,_,00610,646
A192__00590.646,8.372442871270003,40.57470682,A192,_,00590,646
A192__00560.646,8.323952697555715,40.57986635,A192,_,00560,646
A192__00550.646,8.318766425661513,40.5878764,A192,_,00550,646
A192__00480.646,8.238856544921228,40.586031215,A192,_,00480,646
A192__00410.646,8.337363666809129,40.601693165,A192,_,00410,646
A192__00400.646,8.32792838210755,40.598464815,A192,_,00400,646
A192__00360.646,8.303664264505995,40.603306475,A192,_,00360,646
A192__00260.646,8.292320834721163,40.618730465,A192,_,00260,646
A192__00250.646,8.280461655631804,40.628480530000004,A192,_,00250,646
A192__00210.647,8.354504062956199,40.618493395,A192,_,00210,647
A192__00970.647,8.313389233244521,40.558393415,A192,_,00970,647
A192__00940.647,8.357602335875328,40.511169175,A192,_,00940,647
A192__00900.647,8.358161911870143,40.53006217,A192,_,00900,647
A192__00890.647,8.350226247533335,40.529798355,A192,_,00890,647
A192__00720.647,8.34394398895564,40.555749614999996,A192,_,00720,647
A192__0071.647,8.318169911815263,40.554520785,A192,_,0071,647
A192__00670.647,8.346468152017216,40.56502512,A192,_,00670,647
A192__00660.647,8.336261235078002,40.56746245,A192,_,00660,647
A192__00620.647,8.331931848026718,40.575960095,A192,_,00620,647
A192__00610.647,8.317713115331077,40.58013338,A192,_,00610,647
A192__00600.647,8.344289089370493,40.574172004999994,A192,_,00600,647
A192__00590.647,8.367736887942433,40.57567022,A192,_,00590,647
A192__00570.647,8.35558964123732,40.588421275,A192,_,00570,647
A192__00560.647,8.323712022536528,40.579513785,A192,_,00560,647
A192__00550.647,8.318723607685397,40.58798218,A192,_,00550,647
A192__00530.647,8.341937908156785,40.59430543,A192,_,00530,647
A192__0049.647,8.28684330100953,40.593682855,A192,_,0049,647
A192__00480.647,8.238213267714546,40.586168189999995,A192,_,00480,647
A192__00410.647,8.338278062055885,40.602056875,A192,_,00410,647
A192__00400.647,8.328147490675612,40.599610784999996,A192,_,00400,647
A192__00360.647,8.303626899624287,40.602322935000004,A192,_,00360,647
A192__00270.647,8.349654718368747,40.61297117,A192,_,00270,647
A192__00260.647,8.290370995,40.61931858,A192,_,00260,647
A192__00250.647,8.28052550744097,40.628480705,A192,_,00250,647
A192__00030.648,8.24036615759734,40.6544412,A192,_,00030,648
A192__00970.648,8.31334853509701,40.5584257,A192,_,00970,648
A192__00900.648,8.35800788355633,40.530058045000004,A192,_,00900,648
A192__00890.648,8.350317103940046,40.530080955,A192,_,00890,648
A192__00780.648,8.337640292732317,40.542304785,A192,_,00780,648
A192__00720.648,8.344052833687257,40.555608455,A192,_,00720,648
A192__0071.648,8.317751831917683,40.55451103,A192,_,0071,648
A192__00670.648,8.346743119814633,40.56488018,A192,_,00670,648
A192__00660.648,8.336090293129516,40.56769407,A192,_,00660,648
A192__00620.648,8.325009675183871,40.57400885,A192,_,00620,648
A192__00610.648,8.317540408134384,40.579798665,A192,_,00610,648
A192__00600.648,8.344827800674528,40.57395041,A192,_,00600,648
A192__00590.648,8.367717018537828,40.57525256,A192,_,00590,648
A192__00560.648,8.323572511736895,40.57935247,A192,_,00560,648
A192__00550.648,8.319029582790506,40.587806935,A192,_,00550,648
A192__00530.648,8.342230763980155,40.594037735,A192,_,00530,648
A192__00490.648,8.25426186745597,40.583479475000004,A192,_,00490,648
A192__00480.648,8.238383355061668,40.585603995,A192,_,00480,648
A192__00410.648,8.338179696010446,40.60241093,A192,_,00410,648
A192__00400.648,8.327978891342761,40.599610784999996,A192,_,00400,648
A192__00390.648,8.321673713923746,40.607692675,A192,_,00390,648
A192__00360.648,8.30403546939407,40.603310235,A192,_,00360,648
A192__00270.648,8.349751954958926,40.613275705,A192,_,00270,648
A192__00260.648,8.290321059127233,40.619606215000005,A192,_,00260,648
A192__00250.648,8.280457727758101,40.628431230000004,A192,_,00250,648
A192__00210.648,8.354874255834128,40.61810894,A192,_,00210,648
A192__00120.648,8.305272025852863,40.653428595,A192,_,00120,648
A192__00030.649,8.24054337371107,40.656147095,A192,_,00030,649
A192__00970.649,8.3132354436778,40.558384985000004,A192,_,00970,649
A192__00930.649,8.34012733319306,40.522481195,A192,_,00930,649
A192__00900.649,8.358103015081635,40.529946935,A192,_,00900,649
A192__00890.649,8.354692972770973,40.533306995000004,A192,_,00890,649
A192__00810.649,8.368659923540795,40.546714675000004,A192,_,00810,649
A192__00720.649,8.34390998697723,40.555452075,A192,_,00720,649
A192__00670.649,8.346497913424802,40.56419889,A192,_,00670,649
A192__00640.649,8.32169606007056,40.56826246,A192,_,00640,649
A192__00620.649,8.325122091541513,40.57242011,A192,_,00620,649
A192__00610.649,8.318142440170318,40.57965023,A192,_,00610,649
A192__00600.649,8.346252190156063,40.57320005,A192,_,00600,649
A192__00590.649,8.368223006942092,40.57551094,A192,_,00590,649
A192__00570.649,8.346186132784537,40.589873545,A192,_,00570,649
A192__00560.649,8.32351030414743,40.579381510000005,A192,_,00560,649
A192__00550.649,8.319088491858494,40.588074004999996,A192,_,00550,649
A192__00400.649,8.328590875871846,40.605690005,A192,_,00400,649
A192__00390.649,8.319244091553617,40.603898455,A192,_,00390,649
A192__00360.649,8.304039652597673,40.602388864999995,A192,_,00360,649
A192__00270.649,8.352608886413055,40.61422772,A192,_,00270,649
A192__00250.649,8.280526010229757,40.62845738,A192,_,00250,649
A192__00210.649,8.354740808115782,40.61789747,A192,_,00210,649
A192__00190.649,8.203294813730016,40.61904734,A192,_,00190,649
A192__00020.65,8.2077337219691,40.655744334999994,A192,_,00020,65
A192__00970.65,8.31472668751094,40.558922795,A192,_,00970,65
A192__00960.65,8.364304605340909,40.519327785,A192,_,00960,65
A192__00950.65,8.35283598620881,40.517620019999995,A192,_,00950,65
A192__00940.65,8.353431614838973,40.51146912,A192,_,00940,65
A192__00920.65,8.37746677446837,40.525485445,A192,_,00920,65
A192__00900.65,8.359460492370928,40.53293627,A192,_,00900,65
A192__00890.65,8.354255711323077,40.530536749999996,A192,_,00890,65
A192__00880.65,8.34497558266995,40.524377325,A192,_,00880,65
A192__00860.65,8.361880637078007,40.53780417,A192,_,00860,65
A192__00850.65,8.34517541111122,40.53455478,A192,_,00850,65
A192__00810.65,8.364266876108745,40.54842239,A192,_,00810,65
A192__00800.65,8.36083621682861,40.548657725,A192,_,00800,65
A192__00790.65,8.341657011553902,40.54736339,A192,_,00790,65
A192__00740.65,8.360143881709742,40.555901195000004,A192,_,00740,65
A192__00730.65,8.348821044110382,40.55044823,A192,_,00730,65
A192__00720.65,8.345857013936124,40.557875665,A192,_,00720,65
A192__0071.65,8.31979593896093,40.55778114,A192,_,0071,65
A192__00680.65,8.350273549955322,40.572286245,A192,_,00680,65
A192__0065.65,8.317539008693377,40.56108682,A192,_,0065,65
A192__00630.65,8.337120536670223,40.571395034999995,A192,_,00630,65
A192__0061.65,8.319318677663261,40.570913525,A192,_,0061,65
A192__00580.65,8.356004859887165,40.586864605,A192,_,00580,65
A192__00570.65,8.342762307175716,40.584521135,A192,_,00570,65
A192__00560.65,8.324204757055156,40.57798156,A192,_,00560,65
A192__00540.65,8.35175789026557,40.594243660000004,A192,_,00540,65
A192__00530.65,8.334283588736934,40.58770157,A192,_,00530,65
A192__00510.65,8.316422992821959,40.58575066,A192,_,00510,65
A192__00450.65,8.165125197154005,40.585291940000005,A192,_,00450,65
A192__00420.65,8.346849327959895,40.59858707,A192,_,00420,65
A192__00390.65,8.315865524993217,40.607586885,A192,_,00390,65
A192__00360.65,8.294813391672449,40.6095786,A192,_,00360,65
A192__00350.65,8.268216774218134,40.605282239999994,A192,_,00350,65
A192__00340.65,8.263292256766414,40.61270075,A192,_,00340,65
A192__00330.65,8.261319374426938,40.598468635,A192,_,00330,65
A192__00290.65,8.38022666322769,40.615310980000004,A192,_,00290,65
A192__00280.65,8.37308426722777,40.62550357,A192,_,00280,65
A192__00260.65,8.297037516825824,40.61870517,A192,_,00260,65
A192__00240.65,8.210547487447897,40.61924834,A192,_,00240,65
A192__00230.65,8.168784462657646,40.593899345,A192,_,00230,65
A192__00220.65,8.145659729198382,40.613333225000005,A192,_,00220,65
A192__00190.65,8.198151882717237,40.621483835,A192,_,00190,65
A192__00170.65,8.308396789745384,40.63630202,A192,_,00170,65
A192__00160.65,8.271862758645064,40.638883324999995,A192,_,00160,65
A192__00140.65,8.192594218591505,40.6533855,A192,_,00140,65
A192__00130.65,8.328679562256744,40.653970375,A192,_,00130,65
A192__00090.65,8.207242570075234,40.645036105,A192,_,00090,65
A192__00080.65,8.325745221529534,40.65865195,A192,_,00080,65
A192__00060.65,8.28110833585399,40.655773015,A192,_,00060,65
A192__00040.65,8.261300540494775,40.64607692,A192,_,00040,65
A192__00030.65,8.236780538711415,40.65633486,A192,_,00030,65
A192__00030.650,8.240234727557695,40.656083699999996,A192,_,00030,650
A192__00970.650,8.313210652048454,40.558448014999996,A192,_,00970,650
A192__00940.650,8.354756186878557,40.51705658,A192,_,00940,650
A192__00930.650,8.340225615872278,40.52266405,A192,_,00930,650
A192__00890.650,8.354541350994868,40.533060045,A192,_,00890,650
A192__00720.650,8.34379932102203,40.555584894999996,A192,_,00720,650
A192__00670.650,8.34511099725358,40.56372562,A192,_,00670,650
A192__00640.650,8.321822150758772,40.568361089999996,A192,_,00640,650
A192__00620.650,8.325238386194009,40.572433255,A192,_,00620,650
A192__00610.650,8.317590705681758,40.57987142,A192,_,00610,650
A192__00590.650,8.36701180485828,40.57525753,A192,_,00590,650
A192__00570.650,8.34627930260065,40.590173815,A192,_,00570,650
A192__00560.650,8.323724455400782,40.579345965,A192,_,00560,650
A192__00550.650,8.319096557585395,40.587974790000004,A192,_,00550,650
A192__00480.650,8.239776756107602,40.586373554999994,A192,_,00480,650
A192__00410.650,8.337864383073068,40.602181725,A192,_,00410,650
A192__00400.650,8.329163693053694,40.605537125,A192,_,00400,650
A192__00360.650,8.3051208786483,40.608722625,A192,_,00360,650
A192__00270.650,8.35270038087617,40.614044140000004,A192,_,00270,650
A192__00260.650,8.321286988346696,40.61893508,A192,_,00260,650
A192__00250.650,8.280457415229424,40.628352615,A192,_,00250,650
A192__00210.650,8.354540654594235,40.61773342,A192,_,00210,650
A192__00030.651,8.24066584873462,40.655893680000005,A192,_,00030,651
A192__00970.651,8.31319031984113,40.558491485000005,A192,_,00970,651
A192__00930.651,8.339787210323887,40.520653300000006,A192,_,00930,651
A192__00900.651,8.358027448694454,40.52996055,A192,_,00900,651
A192__00890.651,8.354347052393752,40.53323686,A192,_,00890,651
A192__00810.651,8.375973099016669,40.54377846,A192,_,00810,651
A192__00720.651,8.343873560011673,40.55570465,A192,_,00720,651
A192__00670.651,8.343277627563591,40.564485665,A192,_,00670,651
A192__00660.651,8.336974477835671,40.567240049999995,A192,_,00660,651
A192__00640.651,8.321516032340606,40.56831712,A192,_,00640,651
A192__00620.651,8.324968189163608,40.572469945,A192,_,00620,651
A192__00610.651,8.31771188988605,40.58005355,A192,_,00610,651
A192__00590.651,8.367244748393656,40.575246295,A192,_,00590,651
A192__00570.651,8.351373021777123,40.58497833,A192,_,00570,651
A192__00560.651,8.322988910540882,40.577547535,A192,_,00560,651
A192__00550.651,8.318350359967987,40.58372661,A192,_,00550,651
A192__00480.651,8.238963399084042,40.586862465,A192,_,00480,651
A192__00390.651,8.318642667538823,40.597822885,A192,_,00390,651
A192__00360.651,8.305109715532298,40.60698728,A192,_,00360,651
A192__00270.651,8.348138312679332,40.61183318,A192,_,00270,651
A192__00250.651,8.280487674614406,40.6282492,A192,_,00250,651
A192__00120.651,8.298816135565463,40.63911737,A192,_,00120,651
A192__00030.652,8.240567438157335,40.655736565,A192,_,00030,652
A192__00970.652,8.31331842288374,40.558510325,A192,_,00970,652
A192__00890.652,8.354685621107244,40.532978075,A192,_,00890,652
A192__00810.652,8.376011411494773,40.543561775,A192,_,00810,652
A192__00720.652,8.343840189602474,40.55544882,A192,_,00720,652
A192__00660.652,8.337013290096015,40.567467555,A192,_,00660,652
A192__00620.652,8.325098340241098,40.572555015,A192,_,00620,652
A192__00600.652,8.347187312466666,40.578757255,A192,_,00600,652
A192__00590.652,8.367961975176135,40.574985445,A192,_,00590,652
A192__00560.652,8.332305271047861,40.587893730000005,A192,_,00560,652
A192__00550.652,8.318191402077144,40.582399395,A192,_,00550,652
A192__00530.652,8.334629218409694,40.592339355,A192,_,00530,652
A192__00400.652,8.328447275415186,40.599220365,A192,_,00400,652
A192__00390.652,8.318153492603212,40.59778079,A192,_,00390,652
A192__00360.652,8.307482136154878,40.60935988,A192,_,00360,652
A192__00270.652,8.344608220729178,40.609137094999994,A192,_,00270,652
A192__00250.652,8.280648394895795,40.628237315,A192,_,00250,652
A192__00190.652,8.188724121785917,40.629744880000004,A192,_,00190,652
A192__00030.653,8.240666401304964,40.655433785,A192,_,00030,653
A192__00970.653,8.313303723574117,40.558551324999996,A192,_,00970,653
A192__00940.653,8.36113858741671,40.510463310000006,A192,_,00940,653
A192__00900.653,8.36793108499046,40.528313975,A192,_,00900,653
A192__00740.653,8.360454197955637,40.56284472,A192,_,00740,653
A192__00720.653,8.343662605774437,40.555455905,A192,_,00720,653
A192__00670.653,8.339456374560445,40.56951154,A192,_,00670,653
A192__00660.653,8.337093585071543,40.56681132,A192,_,00660,653
A192__00610.653,8.317779546951384,40.57978546,A192,_,00610,653
A192__00590.653,8.368476352132872,40.57525555,A192,_,00590,653
A192__00560.653,8.33222235135936,40.587427455,A192,_,00560,653
A192__00530.653,8.33513611898261,40.59172603499999,A192,_,00530,653
A192__00490.653,8.253995210122167,40.58531198,A192,_,00490,653
A192__00410.653,8.33848004375568,40.602398275,A192,_,00410,653
A192__00390.653,8.317835308420964,40.597704145,A192,_,00390,653
A192__00360.653,8.307888410471051,40.60935866,A192,_,00360,653
A192__00270.653,8.340391172744749,40.60861444,A192,_,00270,653
A192__00260.653,8.309655612389545,40.61724832,A192,_,00260,653
A192__00250.653,8.280700965089185,40.628308195,A192,_,00250,653
A192__00210.653,8.351004143976946,40.6233505,A192,_,00210,653
A192__00190.653,8.186625001550878,40.628073275000006,A192,_,00190,653
A192__00030.654,8.240731769951406,40.654806390000005,A192,_,00030,654
A192__00970.654,8.313251278277033,40.558590325,A192,_,00970,654
A192__00930.654,8.339013228880841,40.518677825,A192,_,00930,654
A192__00900.654,8.359723170284889,40.529472155,A192,_,00900,654
A192__00890.654,8.354517414414612,40.532837535,A192,_,00890,654
A192__00810.654,8.361853972464658,40.5510766,A192,_,00810,654
A192__00780.654,8.326897112833176,40.545935744999994,A192,_,00780,654
A192__00740.654,8.36263430491187,40.560760525,A192,_,00740,654
A192__00670.654,8.339128004582417,40.56947604,A192,_,00670,654
A192__00640.654,8.329777303271399,40.567836455,A192,_,00640,654
A192__00610.654,8.317918225935209,40.579715405,A192,_,00610,654
A192__00600.654,8.346968044546912,40.57901554,A192,_,00600,654
A192__00550.654,8.320930441742107,40.59005204,A192,_,00550,654
A192__00490.654,8.25339090772627,40.584715465,A192,_,00490,654
A192__00410.654,8.341726465895537,40.59968482,A192,_,00410,654
A192__00390.654,8.317602347531741,40.59774764,A192,_,00390,654
A192__00360.654,8.30600395180141,40.607339785,A192,_,00360,654
A192__00270.654,8.339762908657976,40.60907962,A192,_,00270,654
A192__00260.654,8.309240194717166,40.61770707,A192,_,00260,654
A192__00250.654,8.28071337385722,40.628404285,A192,_,00250,654
A192__00210.654,8.351006306283718,40.622671025,A192,_,00210,654
A192__00190.654,8.186944102503318,40.62775836,A192,_,00190,654
A192__00120.654,8.297450964174738,40.625492955,A192,_,00120,654
A192__00120.655,8.297185970201095,40.62548398,A192,_,00120,655
A192__00970.655,8.313168221931644,40.558538005,A192,_,00970,655
A192__00930.655,8.338960191159577,40.518279245,A192,_,00930,655
A192__00900.655,8.360014258967256,40.529457934999996,A192,_,00900,655
A192__00780.655,8.324836694869543,40.54624249,A192,_,00780,655
A192__00670.655,8.33921089939659,40.569581310000004,A192,_,00670,655
A192__00660.655,8.337479644865406,40.566971245000005,A192,_,00660,655
A192__00640.655,8.329836626719034,40.567437035,A192,_,00640,655
A192__00630.655,8.33526748109453,40.57292598,A192,_,00630,655
A192__00620.655,8.32375431561504,40.569659125,A192,_,00620,655
A192__00610.655,8.318016267094237,40.579754415,A192,_,00610,655
A192__00590.655,8.376809584133866,40.5789211,A192,_,00590,655
A192__00550.655,8.320700604650963,40.5898411,A192,_,00550,655
A192__00530.655,8.34264363207834,40.59468592,A192,_,00530,655
A192__00490.655,8.253848012543365,40.58485017,A192,_,00490,655
A192__00450.655,8.166994788875202,40.59430194,A192,_,00450,655
A192__00410.655,8.341899574383271,40.59965647,A192,_,00410,655
A192__00400.655,8.327218312178688,40.60721832,A192,_,00400,655
A192__00390.655,8.31805512610483,40.59823534,A192,_,00390,655
A192__00360.655,8.308498300064441,40.6081102,A192,_,00360,655
A192__00270.655,8.340007448626586,40.608764269999995,A192,_,00270,655
A192__00260.655,8.292235278700884,40.61918466,A192,_,00260,655
A192__00210.655,8.352164621160979,40.62358797,A192,_,00210,655
A192__00190.655,8.18862846253112,40.629255735,A192,_,00190,655
A192__00030.656,8.234781251820685,40.64883545,A192,_,00030,656
A192__00970.656,8.31313224249272,40.558612005,A192,_,00970,656
A192__00930.656,8.338854609880599,40.5181754,A192,_,00930,656
A192__00900.656,8.358919643378092,40.532463230000005,A192,_,00900,656
A192__00890.656,8.35256114165396,40.53364615,A192,_,00890,656
A192__00810.656,8.369730748287875,40.545697579999995,A192,_,00810,656
A192__00740.656,8.355769984359247,40.55299352,A192,_,00740,656
A192__00720.656,8.341497307862209,40.559793944999996,A192,_,00720,656
A192__00660.656,8.33785522393287,40.56714785,A192,_,00660,656
A192__00630.656,8.33551158678617,40.573116694999996,A192,_,00630,656
A192__00620.656,8.323747109166824,40.569632874999996,A192,_,00620,656
A192__00610.656,8.31809084054574,40.579465299999995,A192,_,00610,656
A192__00600.656,8.347194058574544,40.579010145,A192,_,00600,656
A192__00590.656,8.376005654483308,40.57887388,A192,_,00590,656
A192__00490.656,8.252813658739948,40.591497755,A192,_,00490,656
A192__00480.656,8.24040759261436,40.584565839999996,A192,_,00480,656
A192__00410.656,8.335116296785223,40.60375941,A192,_,00410,656
A192__00400.656,8.330009394649526,40.60155771,A192,_,00400,656
A192__00390.656,8.316334589755671,40.603141795,A192,_,00390,656
A192__00360.656,8.306215581641412,40.60841685,A192,_,00360,656
A192__00270.656,8.337927128280928,40.608247765,A192,_,00270,656
A192__00260.656,8.291778724371976,40.61944312,A192,_,00260,656
A192__00210.656,8.351992817355185,40.623065159999996,A192,_,00210,656
A192__00190.656,8.189933616208716,40.628212669999996,A192,_,00190,656
A192__00120.656,8.298380128621563,40.635366649999995,A192,_,00120,656
A192__00030.657,8.23452289067681,40.648784750000004,A192,_,00030,657
A192__00970.657,8.31326719803686,40.55865011,A192,_,00970,657
A192__00940.657,8.36023367287174,40.515515425000004,A192,_,00940,657
A192__00930.657,8.33907905462142,40.5183849,A192,_,00930,657
A192__00900.657,8.35854675388531,40.532228365,A192,_,00900,657
A192__00810.657,8.367323599292238,40.546498084999996,A192,_,00810,657
A192__00780.657,8.335610943461308,40.54513765,A192,_,00780,657
A192__00740.657,8.355910395162635,40.553028435,A192,_,00740,657
A192__0071.657,8.315819315518716,40.554798335,A192,_,0071,657
A192__00670.657,8.345113336865332,40.565221120000004,A192,_,00670,657
A192__00630.657,8.335467337948103,40.573091565,A192,_,00630,657
A192__00620.657,8.32375877568672,40.569545184999996,A192,_,00620,657
A192__00600.657,8.335977748769643,40.58741781,A192,_,00600,657
A192__00590.657,8.376343896710654,40.578868584999995,A192,_,00590,657
A192__00560.657,8.326005279036544,40.58840628,A192,_,00560,657
A192__00530.657,8.3418090397868,40.59314081,A192,_,00530,657
A192__00490.657,8.252713528768428,40.590800560000005,A192,_,00490,657
A192__00480.657,8.241678624148012,40.584242575000005,A192,_,00480,657
A192__00450.657,8.166909623100281,40.59073938,A192,_,00450,657
A192__00410.657,8.334564554766718,40.603769305,A192,_,00410,657
A192__00400.657,8.324831087132921,40.600126705,A192,_,00400,657
A192__00390.657,8.316689203279523,40.602941795,A192,_,00390,657
A192__00360.657,8.307493006958202,40.60841034,A192,_,00360,657
A192__00270.657,8.33769464085691,40.60895994,A192,_,00270,657
A192__00250.657,8.280365188772546,40.628410525,A192,_,00250,657
A192__00210.657,8.351846272474987,40.62253561,A192,_,00210,657
A192__00190.657,8.19005322109548,40.62823117,A192,_,00190,657
A192__00120.657,8.298281868385004,40.634931815,A192,_,00120,657
A192__00190.658,8.200800106496494,40.63494455,A192,_,00190,658
A192__00970.658,8.313121094827052,40.55863793,A192,_,00970,658
A192__00900.658,8.358111278595185,40.531918160000004,A192,_,00900,658
A192__00890.658,8.352329351615008,40.531474020000005,A192,_,00890,658
A192__00780.658,8.335492567557898,40.54527639,A192,_,00780,658
A192__00670.658,8.345311846492326,40.56538435,A192,_,00670,658
A192__00660.658,8.337895116533554,40.56692602,A192,_,00660,658
A192__00640.658,8.330120356378444,40.56695024,A192,_,00640,658
A192__00630.658,8.335142973531283,40.57316948,A192,_,00630,658
A192__00620.658,8.323756041514024,40.569615924999994,A192,_,00620,658
A192__00610.658,8.31838687942804,40.57935929,A192,_,00610,658
A192__00600.658,8.336332463903503,40.587736095,A192,_,00600,658
A192__00530.658,8.341523452931845,40.593017015,A192,_,00530,658
A192__00480.658,8.224938741752897,40.59085134,A192,_,00480,658
A192__00410.658,8.332537661105928,40.598292485,A192,_,00410,658
A192__00400.658,8.329147592900538,40.602425435,A192,_,00400,658
A192__00390.658,8.323142264855196,40.609635624999996,A192,_,00390,658
A192__00260.658,8.296085871308682,40.621840055,A192,_,00260,658
A192__00250.658,8.280893352466137,40.628330015,A192,_,00250,658
A192__00210.658,8.353144484257015,40.623435029999996,A192,_,00210,658
A192__00030.659,8.24433441507814,40.64789443,A192,_,00030,659
A192__00970.659,8.3131371577157,40.55867475,A192,_,00970,659
A192__00900.659,8.357659837980716,40.531510485,A192,_,00900,659
A192__00890.659,8.35254361066313,40.531681505,A192,_,00890,659
A192__00810.659,8.367452662954367,40.545357554999995,A192,_,00810,659
A192__00780.659,8.335407139001386,40.54542169,A192,_,00780,659
A192__00740.659,8.356988770088584,40.56391223,A192,_,00740,659
A192__00670.659,8.344541838343503,40.565180495,A192,_,00670,659
A192__00660.659,8.337497606515013,40.56668258,A192,_,00660,659
A192__00640.659,8.33068180664371,40.566102075,A192,_,00640,659
A192__00620.659,8.323399274821764,40.569393195,A192,_,00620,659
A192__00560.659,8.32280096636262,40.579938185,A192,_,00560,659
A192__00530.659,8.336873214693803,40.59674951,A192,_,00530,659
A192__00480.659,8.225212178769805,40.59077289,A192,_,00480,659
A192__00410.659,8.332879610339099,40.598130765,A192,_,00410,659
A192__00400.659,8.32899443298269,40.60245895,A192,_,00400,659
A192__00390.659,8.32326072468474,40.609601295000004,A192,_,00390,659
A192__00270.659,8.33898617587269,40.608596094999996,A192,_,00270,659
A192__00260.659,8.31959207243916,40.621524365,A192,_,00260,659
A192__00250.659,8.280399422462146,40.628140259999995,A192,_,00250,659
A192__00210.659,8.352949125335279,40.62280127,A192,_,00210,659
A192__00120.659,8.30566979421112,40.63286821,A192,_,00120,659
A192__00020.66,8.2070886000852,40.65590981,A192,_,00020,66
A192__00970.66,8.314981967981268,40.55888892,A192,_,00970,66
A192__00950.66,8.352701390303015,40.517210320000004,A192,_,00950,66
A192__00940.66,8.354140789501411,40.51131763,A192,_,00940,66
A192__00930.66,8.3376138599609,40.519053595,A192,_,00930,66
A192__00860.66,8.366635733967339,40.542843355,A192,_,00860,66
A192__00820.66,8.388760219382462,40.5505448,A192,_,00820,66
A192__00810.66,8.364210160680692,40.54803952,A192,_,00810,66
A192__00790.66,8.338367975002495,40.544110075000006,A192,_,00790,66
A192__00740.66,8.359626675041302,40.55668453,A192,_,00740,66
A192__00720.66,8.345731581301186,40.55800069,A192,_,00720,66
A192__0071.66,8.319344138863737,40.557669025,A192,_,0071,66
A192__00690.66,8.36166061044121,40.574722460000004,A192,_,00690,66
A192__00680.66,8.34978838283358,40.572183435,A192,_,00680,66
A192__0065.66,8.31777848182945,40.561145295,A192,_,0065,66
A192__00630.66,8.337174522303968,40.57137356,A192,_,00630,66
A192__00620.66,8.324211881716444,40.57196407,A192,_,00620,66
A192__00610.66,8.321756140718511,40.574631780000004,A192,_,00610,66
A192__00600.66,8.339304285431066,40.586474055,A192,_,00600,66
A192__00570.66,8.345202910805943,40.584749885,A192,_,00570,66
A192__00560.66,8.322839626255693,40.576804935,A192,_,00560,66
A192__00530.66,8.335981113200004,40.59572452,A192,_,00530,66
A192__00520.66,8.328925475469791,40.593359324999994,A192,_,00520,66
A192__00510.66,8.32183420924747,40.59570468,A192,_,00510,66
A192__00450.66,8.165615042168758,40.585267455,A192,_,00450,66
A192__00420.66,8.346346495714258,40.598674735,A192,_,00420,66
A192__00390.66,8.3172544321333,40.606840315,A192,_,00390,66
A192__00360.66,8.293089266659141,40.611180704999995,A192,_,00360,66
A192__00350.66,8.268294894943107,40.605085485000004,A192,_,00350,66
A192__00280.66,8.373295267683663,40.625201305000004,A192,_,00280,66
A192__00240.66,8.211021266649567,40.619102895,A192,_,00240,66
A192__00230.66,8.169503624015817,40.594411015,A192,_,00230,66
A192__00220.66,8.14708759524076,40.60971145,A192,_,00220,66
A192__00210.66,8.335754829091659,40.62136868,A192,_,00210,66
A192__00200.66,8.25948701053872,40.62438057,A192,_,00200,66
A192__00190.66,8.19780981347376,40.621889365,A192,_,00190,66
A192__00160.66,8.271873460678915,40.636219819999994,A192,_,00160,66
A192__00150.66,8.221154108910827,40.632280735,A192,_,00150,66
A192__00140.66,8.190056018554364,40.653814515,A192,_,00140,66
A192__00130.66,8.326881163775848,40.649785025,A192,_,00130,66
A192__00110.66,8.29689670150109,40.64756545,A192,_,00110,66
A192__00100.66,8.266397266213676,40.657343095,A192,_,00100,66
A192__00090.66,8.206343950846309,40.64514688,A192,_,00090,66
A192__00060.66,8.280273994857028,40.65586929,A192,_,00060,66
A192__00030.66,8.237564866350223,40.656387805,A192,_,00030,66
A192__00030.660,8.232760322922344,40.65064838,A192,_,00030,660
A192__00970.660,8.313070257271757,40.5586909,A192,_,00970,660
A192__00940.660,8.35545442873159,40.51274926,A192,_,00940,660
A192__00900.660,8.357200460416902,40.53114232,A192,_,00900,660
A192__00890.660,8.351432439351381,40.530819019999996,A192,_,00890,660
A192__00780.660,8.335672675795923,40.545262525,A192,_,00780,660
A192__00740.660,8.357105829577144,40.563817885000006,A192,_,00740,660
A192__00670.660,8.345229535155102,40.565406415,A192,_,00670,660
A192__00600.660,8.336679913579285,40.587678030000006,A192,_,00600,660
A192__00590.660,8.373501456575966,40.581221565,A192,_,00590,660
A192__00550.660,8.32218138664459,40.58201834,A192,_,00550,660
A192__00480.660,8.224805896935749,40.590462945,A192,_,00480,660
A192__00410.660,8.33338931668894,40.59811646,A192,_,00410,660
A192__00400.660,8.32876625768409,40.60169725,A192,_,00400,660
A192__00390.660,8.323243940845696,40.61081829,A192,_,00390,660
A192__00270.660,8.350044898144386,40.605820545,A192,_,00270,660
A192__00260.660,8.320040579431868,40.621394865,A192,_,00260,660
A192__00250.660,8.280490121604346,40.62811987,A192,_,00250,660
A192__00210.660,8.352812657648819,40.622319985,A192,_,00210,660
A192__00190.660,8.207091747742549,40.633044395,A192,_,00190,660
A192__00120.660,8.305807184089876,40.633967305,A192,_,00120,660
A192__00120.661,8.30029775234937,40.633875575000005,A192,_,00120,661
A192__00970.661,8.313060181597768,40.55873065,A192,_,00970,661
A192__00940.661,8.355820678281763,40.512665244999994,A192,_,00940,661
A192__00930.661,8.33797073246162,40.52392379,A192,_,00930,661
A192__00900.661,8.35748904099178,40.530870985,A192,_,00900,661
A192__00890.661,8.351219194986909,40.53091432,A192,_,00890,661
A192__00810.661,8.36729351273254,40.5459707,A192,_,00810,661
A192__00780.661,8.33623373997659,40.54525736,A192,_,00780,661
A192__00740.661,8.356936024759317,40.563796620000005,A192,_,00740,661
A192__00670.661,8.345545468531572,40.564265585,A192,_,00670,661
A192__00660.661,8.338160560602667,40.567025865000005,A192,_,00660,661
A192__00630.661,8.335193597419655,40.572997735,A192,_,00630,661
A192__00610.661,8.317939520194594,40.57983722,A192,_,00610,661
A192__00600.661,8.336141224612632,40.587416845,A192,_,00600,661
A192__00590.661,8.373873935476697,40.581456965,A192,_,00590,661
A192__00560.661,8.324547719837682,40.57904067,A192,_,00560,661
A192__00480.661,8.225098413502296,40.59041658,A192,_,00480,661
A192__00410.661,8.333063740133886,40.59808503,A192,_,00410,661
A192__00400.661,8.328599140644666,40.601717539999996,A192,_,00400,661
A192__00390.661,8.323064228980098,40.610434405,A192,_,00390,661
A192__00270.661,8.344975553509649,40.612988935000004,A192,_,00270,661
A192__00260.661,8.320361453219226,40.621482209999996,A192,_,00260,661
A192__00250.661,8.280642287200045,40.62805309,A192,_,00250,661
A192__00190.661,8.200787138819582,40.635090735,A192,_,00190,661
A192__00120.662,8.301834291887003,40.63386504,A192,_,00120,662
A192__00970.662,8.3130135442596,40.558769964999996,A192,_,00970,662
A192__00940.662,8.359331927704948,40.50889171,A192,_,00940,662
A192__00900.662,8.358475925354842,40.531249295,A192,_,00900,662
A192__00890.662,8.34677515076207,40.53480321,A192,_,00890,662
A192__00780.662,8.33616285112447,40.54509826,A192,_,00780,662
A192__00740.662,8.359593392261392,40.552536814999996,A192,_,00740,662
A192__00670.662,8.344687806584234,40.564875915,A192,_,00670,662
A192__00660.662,8.338174760386103,40.567021055,A192,_,00660,662
A192__00630.662,8.33502382391825,40.573007985000004,A192,_,00630,662
A192__00620.662,8.32410866915092,40.56994053,A192,_,00620,662
A192__00600.662,8.352200469307306,40.575133269999995,A192,_,00600,662
A192__00560.662,8.324536083217637,40.578937350000004,A192,_,00560,662
A192__00550.662,8.323191283854497,40.583423455,A192,_,00550,662
A192__00390.662,8.322675652261893,40.609708,A192,_,00390,662
A192__00270.662,8.341820414398128,40.609982474999995,A192,_,00270,662
A192__00260.662,8.320475914606522,40.62068294,A192,_,00260,662
A192__00250.662,8.28065295030212,40.62812041,A192,_,00250,662
A192__00190.662,8.200905036135197,40.635216435000004,A192,_,00190,662
A192__00120.663,8.298825089365657,40.63340934,A192,_,00120,663
A192__00970.663,8.313018945298593,40.55882276,A192,_,00970,663
A192__00940.663,8.359086074889358,40.50890176,A192,_,00940,663
A192__00900.663,8.358026397834479,40.531258405,A192,_,00900,663
A192__00890.663,8.34694311008533,40.534876795,A192,_,00890,663
A192__00780.663,8.336411388222288,40.545207475,A192,_,00780,663
A192__00740.663,8.359819263409385,40.55242492,A192,_,00740,663
A192__00720.663,8.333954301678855,40.559259815000004,A192,_,00720,663
A192__00660.663,8.338262919487345,40.566974654999996,A192,_,00660,663
A192__00620.663,8.324125472765468,40.569933225,A192,_,00620,663
A192__00600.663,8.351624532397702,40.575077975,A192,_,00600,663
A192__00570.663,8.346639120026243,40.58794385,A192,_,00570,663
A192__00560.663,8.324915883714448,40.580976385,A192,_,00560,663
A192__00550.663,8.3194308778378,40.583761964999994,A192,_,00550,663
A192__00480.663,8.238352730344076,40.577936875,A192,_,00480,663
A192__00410.663,8.332615064710346,40.59747312499999,A192,_,00410,663
A192__00390.663,8.322841865112999,40.61005542,A192,_,00390,663
A192__00270.663,8.35307019957287,40.612427645,A192,_,00270,663
A192__00260.663,8.32003642000862,40.621064295,A192,_,00260,663
A192__00250.663,8.280561660720178,40.628111475,A192,_,00250,663
A192__00210.663,8.343031663221943,40.62274189,A192,_,00210,663
A192__00190.663,8.211335949076954,40.633040824999995,A192,_,00190,663
A192__00120.664,8.301552449200607,40.631915434999996,A192,_,00120,664
A192__00970.664,8.31314853781393,40.55880283,A192,_,00970,664
A192__00900.664,8.358515052280406,40.531520740000005,A192,_,00900,664
A192__00890.664,8.353644487295652,40.53315886,A192,_,00890,664
A192__00810.664,8.369802450000005,40.546020264999996,A192,_,00810,664
A192__00780.664,8.336069669034924,40.54570973,A192,_,00780,664
A192__00740.664,8.3610403657913,40.561234479999996,A192,_,00740,664
A192__00670.664,8.344780082882632,40.56555953,A192,_,00670,664
A192__00590.664,8.369735933855349,40.576578780000006,A192,_,00590,664
A192__00560.664,8.325009369778575,40.580930210000005,A192,_,00560,664
A192__00530.664,8.336142539029183,40.594949150000005,A192,_,00530,664
A192__00400.664,8.325862520392471,40.599933715,A192,_,00400,664
A192__00390.664,8.323019229555515,40.610011145,A192,_,00390,664
A192__00270.664,8.328467376019383,40.622779475,A192,_,00270,664
A192__00250.664,8.2805498811912,40.62808479,A192,_,00250,664
A192__00210.664,8.342794511494464,40.622685905,A192,_,00210,664
A192__00120.665,8.301897715311322,40.632269120000004,A192,_,00120,665
A192__00970.665,8.313212395515063,40.55874229,A192,_,00970,665
A192__00900.665,8.358938587470261,40.531840285,A192,_,00900,665
A192__00810.665,8.370543994918187,40.54593809,A192,_,00810,665
A192__00780.665,8.335960730271285,40.54540971,A192,_,00780,665
A192__00670.665,8.344664692140249,40.57092016,A192,_,00670,665
A192__00630.665,8.335831528339767,40.569225814999996,A192,_,00630,665
A192__00560.665,8.325116053204567,40.58088756,A192,_,00560,665
A192__00530.665,8.336115247838524,40.594865569999996,A192,_,00530,665
A192__0049.665,8.283611430197688,40.593044719999995,A192,_,0049,665
A192__00450.665,8.168800763196572,40.591159680000004,A192,_,00450,665
A192__00410.665,8.333079951484528,40.597609935,A192,_,00410,665
A192__00390.665,8.32252288190124,40.596939265,A192,_,00390,665
A192__00270.665,8.329752490293057,40.623485380000005,A192,_,00270,665
A192__00260.665,8.319426724794777,40.620723035,A192,_,00260,665
A192__00250.665,8.28055077553318,40.628053144999996,A192,_,00250,665
A192__00190.665,8.20127109248752,40.633538009999995,A192,_,00190,665
A192__00190.666,8.200933023257551,40.63425461,A192,_,00190,666
A192__00970.666,8.313427828635824,40.55879359,A192,_,00970,666
A192__00940.666,8.354500554206055,40.517295075,A192,_,00940,666
A192__00900.666,8.359433499399188,40.532236005,A192,_,00900,666
A192__00780.666,8.324983689117266,40.545931235,A192,_,00780,666
A192__00670.666,8.34456272489381,40.57117504,A192,_,00670,666
A192__0064.666,8.320993116715577,40.564038870000005,A192,_,0064,666
A192__00630.666,8.33012063515451,40.574436989999995,A192,_,00630,666
A192__00620.666,8.32474550556607,40.571136124999995,A192,_,00620,666
A192__00610.666,8.315800483400007,40.578556125000006,A192,_,00610,666
A192__00590.666,8.370413648578193,40.57631247,A192,_,00590,666
A192__00570.666,8.349088711989767,40.589283234999996,A192,_,00570,666
A192__00530.666,8.337131126201843,40.595362865,A192,_,00530,666
A192__00410.666,8.332967111083143,40.598009340000004,A192,_,00410,666
A192__00400.666,8.328045695333664,40.60043368,A192,_,00400,666
A192__00270.666,8.349253393086082,40.612727504999995,A192,_,00270,666
A192__00260.666,8.319778166433778,40.620586165000006,A192,_,00260,666
A192__00250.666,8.280536648286414,40.628616565,A192,_,00250,666
A192__00030.667,8.243909096320486,40.647897905,A192,_,00030,667
A192__00970.667,8.313442230307164,40.558740459999996,A192,_,00970,667
A192__00940.667,8.35285942925691,40.50922621,A192,_,00940,667
A192__00900.667,8.356567474582551,40.533919525,A192,_,00900,667
A192__00890.667,8.355264509048355,40.534068735000005,A192,_,00890,667
A192__00810.667,8.367922628510641,40.54691265,A192,_,00810,667
A192__00670.667,8.344257739192546,40.5710153,A192,_,00670,667
A192__00660.667,8.336422667353172,40.56671154,A192,_,00660,667
A192__0064.667,8.320101243777652,40.565892165,A192,_,0064,667
A192__00630.667,8.330365996484534,40.5744054,A192,_,00630,667
A192__0061.667,8.319033435425819,40.57101026,A192,_,0061,667
A192__00600.667,8.352229924702037,40.577364485000004,A192,_,00600,667
A192__00570.667,8.349645360077588,40.58916259,A192,_,00570,667
A192__00530.667,8.3370001141795,40.59547683,A192,_,00530,667
A192__00480.667,8.222180883934087,40.588844535,A192,_,00480,667
A192__00410.667,8.333170042552878,40.596914170000005,A192,_,00410,667
A192__00400.667,8.327860709372176,40.600104275,A192,_,00400,667
A192__00390.667,8.320029585718931,40.60558966,A192,_,00390,667
A192__00270.667,8.349458469309095,40.61271181,A192,_,00270,667
A192__00250.667,8.280584787085962,40.628370925,A192,_,00250,667
A192__00210.667,8.331037931836168,40.62376587,A192,_,00210,667
A192__00190.667,8.20071977602207,40.633947065,A192,_,00190,667
A192__00030.668,8.244205440745692,40.64787877,A192,_,00030,668
A192__00970.668,8.313487275303636,40.55870481,A192,_,00970,668
A192__00940.668,8.356222866057042,40.509371275,A192,_,00940,668
A192__00930.668,8.33931978088478,40.51861889,A192,_,00930,668
A192__00900.668,8.35748776769327,40.534049805,A192,_,00900,668
A192__00890.668,8.355090492198594,40.534087485,A192,_,00890,668
A192__00810.668,8.368090219530238,40.546955280000006,A192,_,00810,668
A192__00740.668,8.360998609148591,40.563964805,A192,_,00740,668
A192__00670.668,8.344086202889494,40.571275465,A192,_,00670,668
A192__00660.668,8.336646642140058,40.566654760000006,A192,_,00660,668
A192__0064.668,8.319942470843209,40.565676159999995,A192,_,0064,668
A192__00630.668,8.330568495393601,40.574566415,A192,_,00630,668
A192__0061.668,8.316215793248027,40.577217860000005,A192,_,0061,668
A192__00600.668,8.353939289743558,40.575714399999995,A192,_,00600,668
A192__00590.668,8.37408217255991,40.581257615,A192,_,00590,668
A192__00560.668,8.32375356147448,40.577688609999996,A192,_,00560,668
A192__00530.668,8.336933210885022,40.59549419,A192,_,00530,668
A192__00490.668,8.253523174932177,40.590044855,A192,_,00490,668
A192__00410.668,8.33236375643363,40.5971552,A192,_,00410,668
A192__00390.668,8.320231732713676,40.60558651,A192,_,00390,668
A192__00270.668,8.325081339744159,40.616719855,A192,_,00270,668
A192__00260.668,8.319953704701934,40.620705775000005,A192,_,00260,668
A192__00250.668,8.276531829258904,40.61350411,A192,_,00250,668
A192__00210.668,8.331490469998684,40.623818395,A192,_,00210,668
A192__00190.668,8.202227086935524,40.634073645,A192,_,00190,668
A192__00120.668,8.305415245616611,40.6522791,A192,_,00120,668
A192__00030.669,8.244039089403222,40.64778729,A192,_,00030,669
A192__00970.669,8.313457694653838,40.55867975,A192,_,00970,669
A192__00930.669,8.336531205501402,40.5238425,A192,_,00930,669
A192__00900.669,8.367805775742466,40.53355324,A192,_,00900,669
A192__00890.669,8.35529066852305,40.5342506,A192,_,00890,669
A192__00810.669,8.368115019501596,40.546565325,A192,_,00810,669
A192__00780.669,8.33018071041835,40.5427953,A192,_,00780,669
A192__00720.669,8.33362935887832,40.55967356,A192,_,00720,669
A192__00660.669,8.336893472737113,40.566783400000006,A192,_,00660,669
A192__0064.669,8.320335082774736,40.565531995,A192,_,0064,669
A192__00630.669,8.332242207263592,40.574392880000005,A192,_,00630,669
A192__0061.669,8.320620980607286,40.570484304999994,A192,_,0061,669
A192__00600.669,8.353355085710037,40.575762260000005,A192,_,00600,669
A192__00590.669,8.375179206370557,40.580226585,A192,_,00590,669
A192__00570.669,8.350275081476532,40.58972291,A192,_,00570,669
A192__00560.669,8.32360191520084,40.577815834999996,A192,_,00560,669
A192__00550.669,8.319172923234628,40.588239779999995,A192,_,00550,669
A192__00410.669,8.332499968885942,40.596736019999994,A192,_,00410,669
A192__00400.669,8.327915583710789,40.600558684999996,A192,_,00400,669
A192__00390.669,8.315972931349215,40.59907706,A192,_,00390,669
A192__00270.669,8.325262927425303,40.616727104999995,A192,_,00270,669
A192__00250.669,8.276381902301125,40.61371254,A192,_,00250,669
A192__00210.669,8.33112494133908,40.624009845,A192,_,00210,669
A192__00190.669,8.207663534813197,40.631665455000004,A192,_,00190,669
A192__00120.669,8.3063711880164,40.652276035,A192,_,00120,669
A192__00020.67,8.205996130347575,40.65616172,A192,_,00020,67
A192__00960.67,8.365809202226748,40.506366175,A192,_,00960,67
A192__00930.67,8.33746686763882,40.518502229999996,A192,_,00930,67
A192__00920.67,8.377806328641974,40.52287612,A192,_,00920,67
A192__00880.67,8.346244162191063,40.51893827,A192,_,00880,67
A192__00840.67,8.33694348461217,40.534812305,A192,_,00840,67
A192__00820.67,8.388857031457633,40.550293784999994,A192,_,00820,67
A192__00810.67,8.37650128078907,40.546524545,A192,_,00810,67
A192__00790.67,8.33879982760361,40.544121965,A192,_,00790,67
A192__0077.67,8.327878018589,40.55610383,A192,_,0077,67
A192__00750.67,8.37568023907436,40.557469845,A192,_,00750,67
A192__00740.67,8.359036179869744,40.55634014,A192,_,00740,67
A192__00690.67,8.360362586579887,40.574721735,A192,_,00690,67
A192__00680.67,8.35058293797632,40.571718329999996,A192,_,00680,67
A192__0065.67,8.317270618107607,40.56098991,A192,_,0065,67
A192__00630.67,8.33724741118371,40.571344305,A192,_,00630,67
A192__00620.67,8.324181495793463,40.57242111,A192,_,00620,67
A192__00610.67,8.322303320370942,40.575128955,A192,_,00610,67
A192__00600.67,8.33899344512808,40.5862397,A192,_,00600,67
A192__00580.67,8.361446261322982,40.575606949999994,A192,_,00580,67
A192__00570.67,8.345732951808188,40.586007609999996,A192,_,00570,67
A192__00560.67,8.323896493131993,40.57636686,A192,_,00560,67
A192__00540.67,8.352003275472388,40.595148159999994,A192,_,00540,67
A192__00510.67,8.316932984883081,40.596635355000004,A192,_,00510,67
A192__00480.67,8.224254706942233,40.591378495,A192,_,00480,67
A192__00390.67,8.318518073716223,40.607117384999995,A192,_,00390,67
A192__00380.67,8.311106066377851,40.597948515,A192,_,00380,67
A192__00360.67,8.293335201359213,40.611291845,A192,_,00360,67
A192__00350.67,8.268936513583936,40.60429311,A192,_,00350,67
A192__00320.67,8.208146669867638,40.593373334999995,A192,_,00320,67
A192__00240.67,8.209026617070577,40.623360575,A192,_,00240,67
A192__00230.67,8.169702632399439,40.594517315000004,A192,_,00230,67
A192__00220.67,8.147424714726553,40.609250175,A192,_,00220,67
A192__00160.67,8.27188941052636,40.634392559999995,A192,_,00160,67
A192__00150.67,8.221717253794093,40.63101417,A192,_,00150,67
A192__00140.67,8.190112935723665,40.652063425,A192,_,00140,67
A192__00130.67,8.350705828742743,40.63774167,A192,_,00130,67
A192__00120.67,8.297081475688458,40.631738375,A192,_,00120,67
A192__00110.67,8.296161520519842,40.634826919999995,A192,_,00110,67
A192__00100.67,8.266372469899302,40.657540155,A192,_,00100,67
A192__00090.67,8.20829047598625,40.64479797,A192,_,00090,67
A192__00060.67,8.282728662387441,40.6602648,A192,_,00060,67
A192__00030.670,8.24405074793143,40.64791174,A192,_,00030,670
A192__00970.670,8.313488393500531,40.55857305,A192,_,00970,670
A192__00900.670,8.368052756020912,40.533420559999996,A192,_,00900,670
A192__00890.670,8.35540768986826,40.534062415,A192,_,00890,670
A192__00810.670,8.368355399586338,40.546578280000006,A192,_,00810,670
A192__00740.670,8.359571771468485,40.56007932999999,A192,_,00740,670
A192__00720.670,8.333472344122717,40.559770795,A192,_,00720,670
A192__00670.670,8.34262811104104,40.568607639999996,A192,_,00670,670
A192__0064.670,8.320234821696424,40.565182955,A192,_,0064,670
A192__00630.670,8.336976734585196,40.571879315000004,A192,_,00630,670
A192__00620.670,8.324649138974882,40.575067025,A192,_,00620,670
A192__00570.670,8.350491318131162,40.5897619,A192,_,00570,670
A192__00560.670,8.32666140097622,40.57921537,A192,_,00560,670
A192__00550.670,8.319055802329204,40.58318185,A192,_,00550,670
A192__00490.670,8.25234990828599,40.589420835,A192,_,00490,670
A192__00400.670,8.327698733593465,40.600473210000004,A192,_,00400,670
A192__00390.670,8.318671074383044,40.60181841,A192,_,00390,670
A192__00270.670,8.325428360901931,40.616729075,A192,_,00270,670
A192__00260.670,8.320058093483878,40.620318659999995,A192,_,00260,670
A192__00250.670,8.276677700395073,40.61374323,A192,_,00250,670
A192__00210.670,8.331100535231016,40.623818395,A192,_,00210,670
A192__00120.670,8.306389321788373,40.651590585,A192,_,00120,670
A192__00120.671,8.30554505237595,40.651656079999995,A192,_,00120,671
A192__00970.671,8.313527247560875,40.558438185,A192,_,00970,671
A192__00940.671,8.35943228432725,40.514466835,A192,_,00940,671
A192__00930.671,8.34055692921637,40.51946803,A192,_,00930,671
A192__00890.671,8.348869109985195,40.533829964999995,A192,_,00890,671
A192__00740.671,8.362291504520524,40.56119023,A192,_,00740,671
A192__00720.671,8.333589011921116,40.559638545,A192,_,00720,671
A192__00670.671,8.341548071370989,40.569843825,A192,_,00670,671
A192__00640.671,8.330717530838252,40.568744955,A192,_,00640,671
A192__00630.671,8.336588707311606,40.572168149999996,A192,_,00630,671
A192__00610.671,8.313291644553484,40.57979851499999,A192,_,00610,671
A192__00570.671,8.35066326295803,40.589522215,A192,_,00570,671
A192__00560.671,8.326976286218404,40.579442675,A192,_,00560,671
A192__00490.671,8.251883121202956,40.59051392,A192,_,00490,671
A192__00410.671,8.33615106215847,40.60080592,A192,_,00410,671
A192__00400.671,8.330530403815471,40.601434805,A192,_,00400,671
A192__00270.671,8.325578987910596,40.616726935,A192,_,00270,671
A192__00260.671,8.291700781452704,40.62086477,A192,_,00260,671
A192__00250.671,8.276646478199691,40.613923865,A192,_,00250,671
A192__00210.671,8.341693320011018,40.62302424,A192,_,00210,671
A192__00190.671,8.200609419969759,40.635211244999994,A192,_,00190,671
A192__00120.672,8.297162854203274,40.63130065,A192,_,00120,672
A192__00970.672,8.313649977535189,40.558747955,A192,_,00970,672
A192__00930.672,8.34056110004628,40.519045465,A192,_,00930,672
A192__00900.672,8.357553284323245,40.531851935,A192,_,00900,672
A192__00740.672,8.361864480653667,40.561137085,A192,_,00740,672
A192__00720.672,8.333439990529245,40.55973907,A192,_,00720,672
A192__00670.672,8.342835035676337,40.56303466,A192,_,00670,672
A192__00640.672,8.330711573611953,40.56855539,A192,_,00640,672
A192__00630.672,8.333412179035808,40.57448103,A192,_,00630,672
A192__00600.672,8.335887602219668,40.587061255,A192,_,00600,672
A192__00590.672,8.396450142414498,40.578215825,A192,_,00590,672
A192__00570.672,8.350317324456844,40.58930237,A192,_,00570,672
A192__00530.672,8.338170170806041,40.590716105,A192,_,00530,672
A192__00490.672,8.250614547012436,40.5908765,A192,_,00490,672
A192__00410.672,8.335798469455959,40.60090635,A192,_,00410,672
A192__00400.672,8.32584859758315,40.600141525,A192,_,00400,672
A192__00390.672,8.317936320649292,40.60198879,A192,_,00390,672
A192__00270.672,8.328531891210899,40.619347925,A192,_,00270,672
A192__00260.672,8.292391138708867,40.62116596,A192,_,00260,672
A192__00210.672,8.341061135923965,40.622571995,A192,_,00210,672
A192__00190.672,8.200696436242737,40.635515215,A192,_,00190,672
A192__00120.673,8.297675058090139,40.631140345,A192,_,00120,673
A192__00970.673,8.313765903555735,40.558727935,A192,_,00970,673
A192__00930.673,8.340755674587086,40.519404034999994,A192,_,00930,673
A192__00890.673,8.348606406302302,40.534177375,A192,_,00890,673
A192__00810.673,8.374922474733808,40.54471364,A192,_,00810,673
A192__00780.673,8.331916612117151,40.54776293,A192,_,00780,673
A192__00740.673,8.36170355999519,40.56126374,A192,_,00740,673
A192__00720.673,8.333361992927841,40.559663145,A192,_,00720,673
A192__00660.673,8.337228949372552,40.56657126,A192,_,00660,673
A192__00630.673,8.33547951253788,40.570065255,A192,_,00630,673
A192__0061.673,8.32074109835243,40.570783355,A192,_,0061,673
A192__00600.673,8.352694769147572,40.57718004,A192,_,00600,673
A192__00590.673,8.396440804500475,40.57845152,A192,_,00590,673
A192__00570.673,8.351215983216456,40.58946014,A192,_,00570,673
A192__00560.673,8.32455161002486,40.58064344,A192,_,00560,673
A192__00530.673,8.33775989209375,40.59072109,A192,_,00530,673
A192__00400.673,8.324865898726195,40.600218755,A192,_,00400,673
A192__00260.673,8.31995331962919,40.620880985,A192,_,00260,673
A192__00210.673,8.353094449580219,40.619294749999995,A192,_,00210,673
A192__00190.673,8.20112793456866,40.635160139999996,A192,_,00190,673
A192__00120.674,8.297204581011655,40.630967295000005,A192,_,00120,674
A192__00970.674,8.3138201181312,40.558717775000005,A192,_,00970,674
A192__00930.674,8.340757095167056,40.51905614,A192,_,00930,674
A192__00810.674,8.37449736295445,40.54521704,A192,_,00810,674
A192__00780.674,8.332607111037344,40.547839025,A192,_,00780,674
A192__00740.674,8.360111429708725,40.56423438,A192,_,00740,674
A192__00720.674,8.333444835561554,40.55955342,A192,_,00720,674
A192__00630.674,8.335358362816958,40.569883285,A192,_,00630,674
A192__00620.674,8.331450458578933,40.5782253,A192,_,00620,674
A192__00590.674,8.373052248565156,40.581696625000006,A192,_,00590,674
A192__00570.674,8.351450259609162,40.58941995,A192,_,00570,674
A192__00560.674,8.324436099011805,40.580441665,A192,_,00560,674
A192__00530.674,8.337531342375428,40.59077267,A192,_,00530,674
A192__00490.674,8.251047000297717,40.590796565000005,A192,_,00490,674
A192__00410.674,8.335666251354072,40.60115671,A192,_,00410,674
A192__00400.674,8.32740808949425,40.597580230000005,A192,_,00400,674
A192__00390.674,8.318168694940061,40.60222186,A192,_,00390,674
A192__00270.674,8.323031955392313,40.618361345,A192,_,00270,674
A192__00260.674,8.320239204986656,40.620618355000005,A192,_,00260,674
A192__00210.674,8.342878982631142,40.624926295,A192,_,00210,674
A192__00190.674,8.201135825441153,40.635197415,A192,_,00190,674
A192__00120.675,8.297142847194275,40.631049715,A192,_,00120,675
A192__00970.675,8.313865980704989,40.55871071,A192,_,00970,675
A192__00930.675,8.340963234562855,40.519445024999996,A192,_,00930,675
A192__00900.675,8.36735565825965,40.53039775,A192,_,00900,675
A192__00890.675,8.349799978794707,40.536051654999994,A192,_,00890,675
A192__00810.675,8.372102945413832,40.547856530000004,A192,_,00810,675
A192__00740.675,8.36063499962993,40.563379534999996,A192,_,00740,675
A192__00720.675,8.333219138116114,40.559764085,A192,_,00720,675
A192__00660.675,8.337211921604268,40.5663983,A192,_,00660,675
A192__0061.675,8.32088581674336,40.571035295,A192,_,0061,675
A192__00600.675,8.33530627825603,40.587216600000005,A192,_,00600,675
A192__00590.675,8.373532158171187,40.581934435,A192,_,00590,675
A192__00550.675,8.318711982483483,40.582663440000005,A192,_,00550,675
A192__00490.675,8.25352678255975,40.58942904,A192,_,00490,675
A192__00410.675,8.33683677418787,40.602847935,A192,_,00410,675
A192__00400.675,8.327605441121964,40.598421235,A192,_,00400,675
A192__00270.675,8.334641164530275,40.619903875,A192,_,00270,675
A192__00260.675,8.31984435702751,40.620671494999996,A192,_,00260,675
A192__00210.675,8.344180513424774,40.623541655,A192,_,00210,675
A192__00190.675,8.20083838874406,40.635211244999994,A192,_,00190,675
A192__00120.676,8.297083736340781,40.631045740000005,A192,_,00120,676
A192__00970.676,8.313917722271931,40.558700475,A192,_,00970,676
A192__00890.676,8.349331306697863,40.535863275,A192,_,00890,676
A192__00780.676,8.332037236083673,40.547766285,A192,_,00780,676
A192__00740.676,8.36033494560772,40.559066924999996,A192,_,00740,676
A192__00720.676,8.333143849100379,40.559689225,A192,_,00720,676
A192__00660.676,8.337147184922479,40.566701,A192,_,00660,676
A192__00640.676,8.331097809371162,40.56850217,A192,_,00640,676
A192__00630.676,8.332805142220394,40.575425815,A192,_,00630,676
A192__00620.676,8.324232865498214,40.57479937,A192,_,00620,676
A192__00600.676,8.35057710234985,40.576571385,A192,_,00600,676
A192__00590.676,8.373102925849068,40.5745923,A192,_,00590,676
A192__00570.676,8.338875407651887,40.588653705,A192,_,00570,676
A192__00560.676,8.32423793143152,40.5802435,A192,_,00560,676
A192__00530.676,8.341356442724846,40.59250549,A192,_,00530,676
A192__0049.676,8.279785235252225,40.593097075,A192,_,0049,676
A192__00410.676,8.337109141462506,40.60269705,A192,_,00410,676
A192__00260.676,8.295074200123297,40.624217345,A192,_,00260,676
A192__00210.676,8.35297793086845,40.619151805,A192,_,00210,676
A192__00190.676,8.197206570006081,40.635582604999996,A192,_,00190,676
A192__00120.677,8.297082160719981,40.630875669999995,A192,_,00120,677
A192__00930.677,8.338044039548176,40.51831155,A192,_,00930,677
A192__00900.677,8.376213616346867,40.54269018,A192,_,00900,677
A192__00810.677,8.36686558359644,40.550063195,A192,_,00810,677
A192__00740.677,8.36051193030175,40.55901103,A192,_,00740,677
A192__00720.677,8.332993489823613,40.559841305000006,A192,_,00720,677
A192__00670.677,8.342146661876779,40.56293025,A192,_,00670,677
A192__00640.677,8.330917430215589,40.56869422,A192,_,00640,677
A192__00630.677,8.332577456100815,40.57320465,A192,_,00630,677
A192__00600.677,8.351018953659763,40.576839565,A192,_,00600,677
A192__00590.677,8.373206636418834,40.57498353,A192,_,00590,677
A192__00570.677,8.33892008115944,40.588690279999994,A192,_,00570,677
A192__00560.677,8.324466790267088,40.580873235,A192,_,00560,677
A192__00550.677,8.320396833062022,40.584101985000004,A192,_,00550,677
A192__00530.677,8.337296839977725,40.594962,A192,_,00530,677
A192__00410.677,8.337268390110655,40.602873835,A192,_,00410,677
A192__00400.677,8.325159751211629,40.60166117,A192,_,00400,677
A192__00390.677,8.321988255893952,40.60682242,A192,_,00390,677
A192__00270.677,8.326791329184982,40.61502113,A192,_,00270,677
A192__00260.677,8.29534657,40.624270315000004,A192,_,00260,677
A192__00190.677,8.197202454437425,40.636030860000005,A192,_,00190,677
A192__00120.678,8.297005312705483,40.62752856,A192,_,00120,678
A192__00930.678,8.33803541357681,40.518226185,A192,_,00930,678
A192__00780.678,8.33182850328297,40.547664655,A192,_,00780,678
A192__00720.678,8.333012324704596,40.55979728,A192,_,00720,678
A192__00670.678,8.342482738654766,40.563431754999996,A192,_,00670,678
A192__00660.678,8.33605871295449,40.56705721,A192,_,00660,678
A192__00630.678,8.332858861536815,40.573010655000004,A192,_,00630,678
A192__0061.678,8.320678989123085,40.570620704999996,A192,_,0061,678
A192__00600.678,8.348130940653853,40.578720845,A192,_,00600,678
A192__00590.678,8.37317268837065,40.575556055,A192,_,00590,678
A192__00570.678,8.339400322840241,40.588603285000005,A192,_,00570,678
A192__00560.678,8.323922843599187,40.58173165,A192,_,00560,678
A192__00530.678,8.337549971638357,40.594874555,A192,_,00530,678
A192__00490.678,8.257524171638561,40.590720605,A192,_,00490,678
A192__00410.678,8.340546385696014,40.603086815,A192,_,00410,678
A192__00400.678,8.325296738016615,40.601993225,A192,_,00400,678
A192__00390.678,8.32257064945719,40.606082815,A192,_,00390,678
A192__00270.678,8.327449143449298,40.61366777,A192,_,00270,678
A192__00120.679,8.29698802813698,40.63103512,A192,_,00120,679
A192__00930.679,8.341430861416939,40.522201055,A192,_,00930,679
A192__00900.679,8.357524393004775,40.531785445,A192,_,00900,679
A192__00890.679,8.347040372527964,40.53075153,A192,_,00890,679
A192__00810.679,8.3738996825723,40.546005105,A192,_,00810,679
A192__00740.679,8.352046970216069,40.56051244,A192,_,00740,679
A192__0072.679,8.329790619395897,40.55802449,A192,_,0072,679
A192__00670.679,8.342431312280924,40.563331625000004,A192,_,00670,679
A192__00660.679,8.335995157589746,40.56707765,A192,_,00660,679
A192__00640.679,8.331104054613284,40.569075850000004,A192,_,00640,679
A192__00630.679,8.332791691927756,40.573326715,A192,_,00630,679
A192__00600.679,8.347741118983654,40.578720845,A192,_,00600,679
A192__00590.679,8.37310927631882,40.575247285,A192,_,00590,679
A192__00560.679,8.324051754736946,40.582066510000004,A192,_,00560,679
A192__00550.679,8.324614117602362,40.591580050000005,A192,_,00550,679
A192__00530.679,8.337739305422247,40.595002685,A192,_,00530,679
A192__00490.679,8.25783198706235,40.589675675,A192,_,00490,679
A192__00410.679,8.33973202910043,40.601222585,A192,_,00410,679
A192__00400.679,8.325731754510917,40.601833119999995,A192,_,00400,679
A192__00260.679,8.29622299598999,40.624054855,A192,_,00260,679
A192__00250.679,8.276024023878332,40.61526134,A192,_,00250,679
A192__00210.679,8.354357203168274,40.62701587,A192,_,00210,679
A192__00020.68,8.205071585662866,40.65622109,A192,_,00020,68
A192__00940.68,8.354703056798346,40.511395949999994,A192,_,00940,68
A192__00930.68,8.339240563324093,40.519134335000004,A192,_,00930,68
A192__00920.68,8.386906268585214,40.529764424999996,A192,_,00920,68
A192__00890.68,8.34892029917464,40.52812496,A192,_,00890,68
A192__00880.68,8.346992888604081,40.51956788,A192,_,00880,68
A192__00870.68,8.341199671828697,40.52635212,A192,_,00870,68
A192__00840.68,8.336532510269048,40.53544332,A192,_,00840,68
A192__00820.68,8.377034094660754,40.541870700000004,A192,_,00820,68
A192__00810.68,8.375656961009469,40.54608338,A192,_,00810,68
A192__00800.68,8.361593138214808,40.546963475,A192,_,00800,68
A192__00790.68,8.33904940483228,40.544218785,A192,_,00790,68
A192__00780.68,8.332109574466603,40.541389089999996,A192,_,00780,68
A192__0077.68,8.32794179762235,40.556065745,A192,_,0077,68
A192__00750.68,8.365702229300702,40.55440753,A192,_,00750,68
A192__00740.68,8.35849759341097,40.557058095,A192,_,00740,68
A192__00720.68,8.346308284009464,40.559071365,A192,_,00720,68
A192__00690.68,8.363691922189053,40.57576489,A192,_,00690,68
A192__0065.68,8.317885534520084,40.56141876,A192,_,0065,68
A192__00620.68,8.323839628964034,40.572074945,A192,_,00620,68
A192__00610.68,8.322584399680949,40.574641299999996,A192,_,00610,68
A192__00590.68,8.37470690119244,40.57593205,A192,_,00590,68
A192__00580.68,8.363240192684227,40.576143185,A192,_,00580,68
A192__00570.68,8.346295514906506,40.585900085,A192,_,00570,68
A192__00560.68,8.324621181399067,40.57674084,A192,_,00560,68
A192__00540.68,8.352144457488874,40.594678465,A192,_,00540,68
A192__00510.68,8.319585741231062,40.594728425,A192,_,00510,68
A192__00450.68,8.16547122688899,40.58489059,A192,_,00450,68
A192__00420.68,8.34652049660513,40.59999927,A192,_,00420,68
A192__00350.68,8.26870920583838,40.604342235000004,A192,_,00350,68
A192__00340.68,8.260726419931576,40.61717196,A192,_,00340,68
A192__00320.68,8.209573420395607,40.592802025,A192,_,00320,68
A192__00280.68,8.370006606508497,40.620652469999996,A192,_,00280,68
A192__00250.68,8.274843465714795,40.62153873,A192,_,00250,68
A192__00240.68,8.214019252434078,40.617100255,A192,_,00240,68
A192__00230.68,8.169804729499408,40.594545215,A192,_,00230,68
A192__00220.68,8.145429633988392,40.61861702,A192,_,00220,68
A192__00210.68,8.355600443848926,40.62624946,A192,_,00210,68
A192__00200.68,8.259837297005554,40.625239435,A192,_,00200,68
A192__00160.68,8.267104207111416,40.625861935,A192,_,00160,68
A192__00150.68,8.221013769486174,40.63002254,A192,_,00150,68
A192__00140.68,8.189401916382987,40.6501084,A192,_,00140,68
A192__00130.68,8.350744754223516,40.63783787,A192,_,00130,68
A192__00120.68,8.297516359586199,40.63156348,A192,_,00120,68
A192__00100.68,8.265831372799195,40.655412145,A192,_,00100,68
A192__00090.68,8.207221262508593,40.644938644999996,A192,_,00090,68
A192__00080.68,8.325182239659473,40.659997735000005,A192,_,00080,68
A192__00040.68,8.251341186559044,40.665349015000004,A192,_,00040,68
A192__00120.680,8.296997098414531,40.633588204999995,A192,_,00120,680
A192__00970.680,8.314333999221965,40.55859906,A192,_,00970,680
A192__00930.680,8.341629204800409,40.522385305,A192,_,00930,680
A192__00900.680,8.357453477114234,40.532051785,A192,_,00900,680
A192__00780.680,8.331945321146158,40.547719810000004,A192,_,00780,680
A192__00740.680,8.359567377201103,40.55423437,A192,_,00740,680
A192__00720.680,8.347455357905776,40.559234565,A192,_,00720,680
A192__00670.680,8.342286245574236,40.5633024,A192,_,00670,680
A192__00640.680,8.331254157310287,40.568984805,A192,_,00640,680
A192__00630.680,8.333037879803818,40.57313988,A192,_,00630,680
A192__00590.680,8.373174811265688,40.575092354999995,A192,_,00590,680
A192__00560.680,8.324512992622992,40.5815678,A192,_,00560,680
A192__00530.680,8.34148057901579,40.597656865,A192,_,00530,680
A192__00480.680,8.236201615814357,40.586516195,A192,_,00480,680
A192__00450.680,8.160055590410357,40.597806344999995,A192,_,00450,680
A192__00410.680,8.340624800473158,40.601198280000006,A192,_,00410,680
A192__00400.680,8.329844949464853,40.59676315,A192,_,00400,680
A192__00390.680,8.322144262448123,40.606217115,A192,_,00390,680
A192__00260.680,8.320335386496094,40.618574705,A192,_,00260,680
A192__00120.681,8.296989951136208,40.632221200000004,A192,_,00120,681
A192__00970.681,8.314529934743803,40.558552899999995,A192,_,00970,681
A192__00890.681,8.347358441319955,40.530212235,A192,_,00890,681
A192__00810.681,8.369593928152533,40.546030955,A192,_,00810,681
A192__00780.681,8.324740387404683,40.54402576,A192,_,00780,681
A192__00740.681,8.359571150428714,40.554407784999995,A192,_,00740,681
A192__00720.681,8.338575313233566,40.556245685,A192,_,00720,681
A192__00660.681,8.335882556967844,40.56697899,A192,_,00660,681
A192__00610.681,8.317769956587984,40.5793058,A192,_,00610,681
A192__00590.681,8.39646110676988,40.57886685,A192,_,00590,681
A192__00570.681,8.3382066324398,40.58898872,A192,_,00570,681
A192__00560.681,8.324935840323331,40.581423925,A192,_,00560,681
A192__00550.681,8.325053452546182,40.59083051,A192,_,00550,681
A192__00530.681,8.341655957434668,40.597782089999995,A192,_,00530,681
A192__00490.681,8.257609670530734,40.589122509999996,A192,_,00490,681
A192__00480.681,8.237097051566458,40.58620272,A192,_,00480,681
A192__00450.681,8.165368181448535,40.592955985,A192,_,00450,681
A192__00410.681,8.3341441600678,40.60418422,A192,_,00410,681
A192__00400.681,8.329682030154935,40.59713089500001,A192,_,00400,681
A192__00270.681,8.3484148885608,40.613160855000004,A192,_,00270,681
A192__00260.681,8.319873810335523,40.618572965,A192,_,00260,681
A192__00250.681,8.274413107128042,40.618772195000005,A192,_,00250,681
A192__00210.681,8.356685237036004,40.628556265,A192,_,00210,681
A192__00190.681,8.197187281039097,40.635667215,A192,_,00190,681
A192__00120.682,8.29848112443969,40.63149589,A192,_,00120,682
A192__00970.682,8.314732842532539,40.55845414,A192,_,00970,682
A192__00780.682,8.333303081024319,40.547889495,A192,_,00780,682
A192__00740.682,8.3587351459998,40.554289205,A192,_,00740,682
A192__0072.682,8.33038088033559,40.555744515,A192,_,0072,682
A192__00670.682,8.344910837376514,40.565295770000006,A192,_,00670,682
A192__00660.682,8.33584654432515,40.56699659,A192,_,00660,682
A192__0064.682,8.321215969248545,40.561729905,A192,_,0064,682
A192__00610.682,8.31871170130318,40.577757739999996,A192,_,00610,682
A192__00590.682,8.396528587216217,40.579131305000004,A192,_,00590,682
A192__00570.682,8.338983159375271,40.588647265,A192,_,00570,682
A192__00560.682,8.323058885105567,40.580800645,A192,_,00560,682
A192__00530.682,8.341597956016242,40.59826647,A192,_,00530,682
A192__00480.682,8.237740839745218,40.586342515,A192,_,00480,682
A192__00410.682,8.333641009108007,40.60447792,A192,_,00410,682
A192__00400.682,8.329903318521142,40.59740219,A192,_,00400,682
A192__00390.682,8.317628235014368,40.60170501,A192,_,00390,682
A192__00260.682,8.314675282867736,40.62133918,A192,_,00260,682
A192__00210.682,8.358070820896241,40.62874559,A192,_,00210,682
A192__00190.682,8.19646781556072,40.63708814,A192,_,00190,682
A192__00120.683,8.299294604130345,40.63137047,A192,_,00120,683
A192__00970.683,8.314572531775063,40.558416915,A192,_,00970,683
A192__00900.683,8.367948887089623,40.527997865,A192,_,00900,683
A192__00890.683,8.347378505435898,40.530523005000006,A192,_,00890,683
A192__00810.683,8.371246817117537,40.5445922,A192,_,00810,683
A192__00780.683,8.332880022276008,40.54809709,A192,_,00780,683
A192__00740.683,8.35867879083714,40.553860295,A192,_,00740,683
A192__00720.683,8.341450284799091,40.553173855,A192,_,00720,683
A192__00670.683,8.34459928291435,40.56536665,A192,_,00670,683
A192__00660.683,8.336814921778345,40.56607033,A192,_,00660,683
A192__00630.683,8.333678398749829,40.57323586,A192,_,00630,683
A192__00620.683,8.322624935417545,40.57246728,A192,_,00620,683
A192__00570.683,8.345683857756358,40.58687411,A192,_,00570,683
A192__00560.683,8.32323385647771,40.580718165,A192,_,00560,683
A192__00530.683,8.341360327955961,40.598209694999994,A192,_,00530,683
A192__00480.683,8.237180752731673,40.58668979,A192,_,00480,683
A192__00410.683,8.334126251469094,40.604381575,A192,_,00410,683
A192__00400.683,8.330253687627508,40.597458405,A192,_,00400,683
A192__00270.683,8.350503381080651,40.60447748,A192,_,00270,683
A192__00260.683,8.314729477736218,40.620776129999996,A192,_,00260,683
A192__00250.683,8.283492505543304,40.61352585,A192,_,00250,683
A192__00210.683,8.357333114716955,40.629224295,A192,_,00210,683
A192__00190.683,8.196915183928539,40.63482132,A192,_,00190,683
A192__00120.684,8.299732643707976,40.631391165,A192,_,00120,684
A192__00970.684,8.314672925852713,40.5583608,A192,_,00970,684
A192__00890.684,8.34719403250779,40.53054317,A192,_,00890,684
A192__00780.684,8.321213116429776,40.54637633,A192,_,00780,684
A192__00720.684,8.340216392872016,40.55348685,A192,_,00720,684
A192__0064.684,8.320799308415728,40.56466891,A192,_,0064,684
A192__00620.684,8.332532094369691,40.57678033,A192,_,00620,684
A192__00610.684,8.317856652158003,40.577293295000004,A192,_,00610,684
A192__00570.684,8.34579006656114,40.58669646,A192,_,00570,684
A192__00560.684,8.32335831617263,40.58081438000001,A192,_,00560,684
A192__00410.684,8.33476842362264,40.604539700000004,A192,_,00410,684
A192__00390.684,8.319443570839663,40.60470135,A192,_,00390,684
A192__00270.684,8.351003348508497,40.60471793,A192,_,00270,684
A192__00260.684,8.314261080598909,40.621451235,A192,_,00260,684
A192__00250.684,8.283448919256188,40.6135999,A192,_,00250,684
A192__00210.684,8.358283967533696,40.629594319999995,A192,_,00210,684
A192__00190.684,8.200220307085612,40.632826605,A192,_,00190,684
A192__00120.685,8.297503530161162,40.632468,A192,_,00120,685
A192__00970.685,8.314638349871636,40.558284885,A192,_,00970,685
A192__00940.685,8.359241330320842,40.515243055,A192,_,00940,685
A192__00890.685,8.34617282419114,40.53608754,A192,_,00890,685
A192__00810.685,8.36800973972706,40.545552555,A192,_,00810,685
A192__00780.685,8.33201243834609,40.541476515,A192,_,00780,685
A192__00740.685,8.358925694427416,40.554095085,A192,_,00740,685
A192__00720.685,8.340800376851604,40.55365725,A192,_,00720,685
A192__0071.685,8.317319932464954,40.55269903,A192,_,0071,685
A192__00660.685,8.33506480063053,40.567406375000004,A192,_,00660,685
A192__0064.685,8.32056427097616,40.565870265,A192,_,0064,685
A192__00620.685,8.331066133238853,40.57543597,A192,_,00620,685
A192__00610.685,8.317022782818146,40.578659905,A192,_,00610,685
A192__00560.685,8.323296961356672,40.58064359,A192,_,00560,685
A192__00550.685,8.324008887683945,40.590529239999995,A192,_,00550,685
A192__00410.685,8.334571393631073,40.604513315,A192,_,00410,685
A192__00400.685,8.329454675005845,40.59703357,A192,_,00400,685
A192__00390.685,8.319619180547223,40.60457169,A192,_,00390,685
A192__00270.685,8.350124792267085,40.60452867,A192,_,00270,685
A192__00250.685,8.283361960964307,40.613474679999996,A192,_,00250,685
A192__00210.685,8.357997672132592,40.629881955,A192,_,00210,685
A192__00190.685,8.199142103868883,40.634427485,A192,_,00190,685
A192__00120.686,8.297303033930493,40.632387550000004,A192,_,00120,686
A192__00970.686,8.314577895753745,40.558174915,A192,_,00970,686
A192__00940.686,8.358947655000003,40.515452825,A192,_,00940,686
A192__00890.686,8.346418978460601,40.53606412,A192,_,00890,686
A192__00780.686,8.331068655967528,40.544878940000004,A192,_,00780,686
A192__00740.686,8.359317287155823,40.554110975,A192,_,00740,686
A192__0071.686,8.317371677722203,40.552628345,A192,_,0071,686
A192__00660.686,8.335221846959364,40.567324255,A192,_,00660,686
A192__0064.686,8.319883253880661,40.565913085,A192,_,0064,686
A192__00630.686,8.333892347773897,40.573408795000006,A192,_,00630,686
A192__0061.686,8.320049190605822,40.57437874,A192,_,0061,686
A192__00600.686,8.35146992979623,40.577843905,A192,_,00600,686
A192__00590.686,8.390952068011426,40.580630979999995,A192,_,00590,686
A192__00560.686,8.323468694723235,40.580733685,A192,_,00560,686
A192__00490.686,8.26504737508062,40.5915551,A192,_,00490,686
A192__00400.686,8.329268311461941,40.596812215,A192,_,00400,686
A192__00270.686,8.350766551961211,40.604881215000006,A192,_,00270,686
A192__00250.686,8.283366796971865,40.613282305,A192,_,00250,686
A192__00210.686,8.358940282052087,40.63030457,A192,_,00210,686
A192__00120.687,8.297971339579584,40.632040285,A192,_,00120,687
A192__00970.687,8.314567846594196,40.5580987,A192,_,00970,687
A192__00940.687,8.360323960783731,40.51715409,A192,_,00940,687
A192__00930.687,8.341351777794042,40.518431375,A192,_,00930,687
A192__00900.687,8.356885758991385,40.535105525000006,A192,_,00900,687
A192__00810.687,8.371052907430332,40.548544199999995,A192,_,00810,687
A192__00780.687,8.33188563436756,40.54419951,A192,_,00780,687
A192__00740.687,8.359219352263278,40.554004025,A192,_,00740,687
A192__00670.687,8.346179122405124,40.566433615,A192,_,00670,687
A192__0064.687,8.319662771601214,40.56559366,A192,_,0064,687
A192__00630.687,8.33381742811892,40.573131245,A192,_,00630,687
A192__00590.687,8.391121864717704,40.58101934,A192,_,00590,687
A192__00570.687,8.346138258236646,40.58663968,A192,_,00570,687
A192__00560.687,8.323543245466286,40.580988149999996,A192,_,00560,687
A192__00550.687,8.323704287381668,40.590245135,A192,_,00550,687
A192__00530.687,8.33612044675236,40.596159310000004,A192,_,00530,687
A192__00490.687,8.265697389273722,40.591665340000006,A192,_,00490,687
A192__00480.687,8.222720216949448,40.586709345,A192,_,00480,687
A192__00400.687,8.329070605220245,40.5970707,A192,_,00400,687
A192__00270.687,8.349458049580415,40.610835815,A192,_,00270,687
A192__00260.687,8.315302049485183,40.620666529999994,A192,_,00260,687
A192__00250.687,8.275743073566733,40.622109095,A192,_,00250,687
A192__00210.687,8.358655701698925,40.63051308,A192,_,00210,687
A192__00190.687,8.20689847001027,40.6350565,A192,_,00190,687
A192__00120.688,8.300034177963436,40.63137014,A192,_,00120,688
A192__00970.688,8.314273474088116,40.558193825000004,A192,_,00970,688
A192__00940.688,8.359946333166278,40.51713855,A192,_,00940,688
A192__00930.688,8.34127740693053,40.51813638,A192,_,00930,688
A192__00890.688,8.357235571704656,40.530652950000004,A192,_,00890,688
A192__00780.688,8.33044931762405,40.543877345,A192,_,00780,688
A192__00720.688,8.340886136536401,40.55402829,A192,_,00720,688
A192__0064.688,8.32105787746478,40.564637590000004,A192,_,0064,688
A192__00630.688,8.334110990371688,40.573086079999996,A192,_,00630,688
A192__00610.688,8.318150685070243,40.578182915,A192,_,00610,688
A192__00600.688,8.35305073715651,40.576726315,A192,_,00600,688
A192__00590.688,8.397088658013164,40.57900277,A192,_,00590,688
A192__00570.688,8.346221623109184,40.586705949999995,A192,_,00570,688
A192__00560.688,8.323293438960878,40.580971425,A192,_,00560,688
A192__00530.688,8.335861599738504,40.596059235,A192,_,00530,688
A192__00490.688,8.266199694334894,40.59174906,A192,_,00490,688
A192__00480.688,8.222993786123663,40.586711005,A192,_,00480,688
A192__00400.688,8.325477714561067,40.597940845,A192,_,00400,688
A192__00390.688,8.318356785977763,40.605411794999995,A192,_,00390,688
A192__00270.688,8.350398787541053,40.6095397,A192,_,00270,688
A192__00250.688,8.27550451246201,40.622235849999996,A192,_,00250,688
A192__00190.688,8.206543397455524,40.63497547,A192,_,00190,688
A192__00120.689,8.29980715248383,40.63125004,A192,_,00120,689
A192__00970.689,8.314092389939447,40.558273760000006,A192,_,00970,689
A192__00940.689,8.355390999668561,40.510097095000006,A192,_,00940,689
A192__00930.689,8.34143705934814,40.517786375,A192,_,00930,689
A192__00900.689,8.368448103157075,40.53262137,A192,_,00900,689
A192__00890.689,8.357734685684054,40.53027061,A192,_,00890,689
A192__00780.689,8.324721504318163,40.544117064999995,A192,_,00780,689
A192__00740.689,8.361858189121428,40.56152669,A192,_,00740,689
A192__0071.689,8.31709273387829,40.55265526,A192,_,0071,689
A192__00670.689,8.346133023197664,40.56663013,A192,_,00670,689
A192__00640.689,8.320251659909655,40.56821228,A192,_,00640,689
A192__00630.689,8.334034393436728,40.57330823,A192,_,00630,689
A192__00610.689,8.317966416569616,40.57805347,A192,_,00610,689
A192__00600.689,8.352667219871641,40.57653334,A192,_,00600,689
A192__00590.689,8.39740463627526,40.578905385,A192,_,00590,689
A192__00570.689,8.3496137243906,40.586955695,A192,_,00570,689
A192__00560.689,8.32375827133422,40.58073185,A192,_,00560,689
A192__00530.689,8.33572446059519,40.595956285,A192,_,00530,689
A192__00480.689,8.237504475656994,40.587386710000004,A192,_,00480,689
A192__00450.689,8.169363104318833,40.592182345,A192,_,00450,689
A192__00410.689,8.335877773504,40.606289345,A192,_,00410,689
A192__00390.689,8.318455662512655,40.6052969,A192,_,00390,689
A192__00270.689,8.351959878119317,40.61062119,A192,_,00270,689
A192__00250.689,8.27586266985606,40.6222659,A192,_,00250,689
A192__00210.689,8.35926469636939,40.631083305000004,A192,_,00210,689
A192__00190.689,8.207306249186141,40.63442283,A192,_,00190,689
A192__00020.69,8.205659314734113,40.658046,A192,_,00020,69
A192__00970.69,8.315508081509467,40.558235194999995,A192,_,00970,69
A192__00960.69,8.362729044330873,40.505304195,A192,_,00960,69
A192__00950.69,8.35191351018891,40.51580535,A192,_,00950,69
A192__00930.69,8.339122253908199,40.51802224,A192,_,00930,69
A192__00890.69,8.346089467919889,40.52985907,A192,_,00890,69
A192__00880.69,8.345710958955333,40.52414109,A192,_,00880,69
A192__00870.69,8.341442055290205,40.52643544,A192,_,00870,69
A192__00860.69,8.360234240459093,40.538326275,A192,_,00860,69
A192__00840.69,8.324263448731699,40.54058408,A192,_,00840,69
A192__00820.69,8.376960786666022,40.547514705,A192,_,00820,69
A192__00810.69,8.364848222759873,40.548334005,A192,_,00810,69
A192__00800.69,8.360930370594595,40.547223564999996,A192,_,00800,69
A192__00790.69,8.339539885249451,40.544158695,A192,_,00790,69
A192__00740.69,8.359133049675044,40.557067939999996,A192,_,00740,69
A192__00690.69,8.363610128280234,40.57578896,A192,_,00690,69
A192__00670.69,8.342321581277469,40.561900214999994,A192,_,00670,69
A192__00600.69,8.34857272810672,40.573399735,A192,_,00600,69
A192__00590.69,8.374690550645191,40.57569859,A192,_,00590,69
A192__00570.69,8.346798797812273,40.584778565,A192,_,00570,69
A192__00540.69,8.352346997371104,40.593909749999995,A192,_,00540,69
A192__00520.69,8.329201056151183,40.594686805,A192,_,00520,69
A192__00510.69,8.319344655787125,40.594400015000005,A192,_,00510,69
A192__0050.69,8.313561864629728,40.58097621,A192,_,0050,69
A192__00450.69,8.164765713156825,40.584672174999994,A192,_,00450,69
A192__00420.69,8.347403099191805,40.59908734,A192,_,00420,69
A192__00390.69,8.318356853180845,40.60641869,A192,_,00390,69
A192__00360.69,8.294380276899977,40.611626665,A192,_,00360,69
A192__00340.69,8.26089209176084,40.617520325,A192,_,00340,69
A192__00320.69,8.209298873231221,40.59290856,A192,_,00320,69
A192__00310.69,8.368283721651169,40.615541449999995,A192,_,00310,69
A192__00290.69,8.378644830169701,40.61686665,A192,_,00290,69
A192__00280.69,8.373715632292605,40.62417403,A192,_,00280,69
A192__00270.69,8.342634040108601,40.61747602,A192,_,00270,69
A192__00250.69,8.274904352194099,40.620988885,A192,_,00250,69
A192__00240.69,8.215874185632558,40.616089305,A192,_,00240,69
A192__00230.69,8.170298203703084,40.5946096,A192,_,00230,69
A192__00220.69,8.145939048535222,40.61332668,A192,_,00220,69
A192__00200.69,8.258734739024355,40.625210385,A192,_,00200,69
A192__00190.69,8.204009616980134,40.623620725,A192,_,00190,69
A192__00160.69,8.267109764815414,40.62532383,A192,_,00160,69
A192__00150.69,8.222918218358615,40.631249705,A192,_,00150,69
A192__00140.69,8.18972437950729,40.648569505,A192,_,00140,69
A192__00130.69,8.327599059231837,40.651215625,A192,_,00130,69
A192__00100.69,8.266003886985667,40.655312679999994,A192,_,00100,69
A192__00090.69,8.206265057761378,40.645063175000004,A192,_,00090,69
A192__00080.69,8.325491382157834,40.659767155,A192,_,00080,69
A192__00060.69,8.284874306509593,40.660636205,A192,_,00060,69
A192__00040.69,8.250143579337783,40.648564640000004,A192,_,00040,69
A192__00120.690,8.299415294697107,40.631665964999996,A192,_,00120,690
A192__00970.690,8.31430253706813,40.558329545,A192,_,00970,690
A192__00940.690,8.356120417241545,40.510214975,A192,_,00940,690
A192__00890.690,8.357732588266185,40.53035674,A192,_,00890,690
A192__00740.690,8.358830376395124,40.56265325,A192,_,00740,690
A192__00670.690,8.346255068783371,40.566536835,A192,_,00670,690
A192__00660.690,8.335782813574752,40.56703093,A192,_,00660,690
A192__0064.690,8.320468218102985,40.56489339,A192,_,0064,690
A192__00630.690,8.334365969956938,40.573072795,A192,_,00630,690
A192__00610.690,8.31797957024229,40.577907205,A192,_,00610,690
A192__00590.690,8.39717754081598,40.578848525,A192,_,00590,690
A192__00560.690,8.324095358593766,40.580738714999995,A192,_,00560,690
A192__00490.690,8.247255847700334,40.5855205,A192,_,00490,690
A192__00480.690,8.236810230643465,40.587103825,A192,_,00480,690
A192__00450.690,8.16867708979587,40.59240395,A192,_,00450,690
A192__00410.690,8.340487674139435,40.604792079999996,A192,_,00410,690
A192__00400.690,8.328572190756205,40.607145705,A192,_,00400,690
A192__00250.690,8.275611598637772,40.62200315,A192,_,00250,690
A192__00210.690,8.357209054152705,40.63082008,A192,_,00210,690
A192__00190.690,8.206921140191401,40.63450056,A192,_,00190,690
A192__00120.691,8.29925153629321,40.63166579,A192,_,00120,691
A192__00970.691,8.313983862598672,40.558393845,A192,_,00970,691
A192__00940.691,8.359113858102772,40.515905020000005,A192,_,00940,691
A192__00890.691,8.349730354655803,40.52690441,A192,_,00890,691
A192__00780.691,8.325086144771024,40.544155505000006,A192,_,00780,691
A192__00740.691,8.35874098932727,40.562434804999995,A192,_,00740,691
A192__00720.691,8.34044764838319,40.55392751,A192,_,00720,691
A192__0064.691,8.32025934560913,40.56494406,A192,_,0064,691
A192__00630.691,8.334706987148742,40.57234699,A192,_,00630,691
A192__00610.691,8.317852837472142,40.57771789,A192,_,00610,691
A192__00600.691,8.337876801639762,40.587458549999994,A192,_,00600,691
A192__00590.691,8.36579285294718,40.576173190000006,A192,_,00590,691
A192__00560.691,8.323629328376239,40.580551615000005,A192,_,00560,691
A192__00550.691,8.32327978408144,40.589464635,A192,_,00550,691
A192__00530.691,8.333284902416832,40.590510075,A192,_,00530,691
A192__00490.691,8.248692824475373,40.585206830000004,A192,_,00490,691
A192__00410.691,8.340087471471332,40.604792474999996,A192,_,00410,691
A192__00400.691,8.328397637930031,40.607237940000005,A192,_,00400,691
A192__00390.691,8.32211909235858,40.596625405,A192,_,00390,691
A192__00260.691,8.31543254502947,40.621072205000004,A192,_,00260,691
A192__00250.691,8.273142656063525,40.618896275,A192,_,00250,691
A192__00210.691,8.358588190898637,40.631764704999995,A192,_,00210,691
A192__00190.691,8.206689273006734,40.634520295,A192,_,00190,691
A192__00120.692,8.299605250715981,40.63206583,A192,_,00120,692
A192__00970.692,8.313910649310053,40.558406605,A192,_,00970,692
A192__00940.692,8.3539106892406,40.508195545,A192,_,00940,692
A192__00900.692,8.37629654937669,40.542111375000005,A192,_,00900,692
A192__00740.692,8.359113129789009,40.562415965,A192,_,00740,692
A192__00720.692,8.34040774083163,40.554239460000005,A192,_,00720,692
A192__00670.692,8.339413308225808,40.56513156,A192,_,00670,692
A192__0064.692,8.321238050577303,40.564258725,A192,_,0064,692
A192__00600.692,8.353777998910653,40.57469096,A192,_,00600,692
A192__00590.692,8.365059877186354,40.575656325,A192,_,00590,692
A192__00570.692,8.346275418174077,40.588956385,A192,_,00570,692
A192__00560.692,8.323849064429265,40.58042941,A192,_,00560,692
A192__00530.692,8.333559667057042,40.590772560000005,A192,_,00530,692
A192__00490.692,8.250253046161074,40.585355719999995,A192,_,00490,692
A192__00450.692,8.166244272899114,40.594355105000005,A192,_,00450,692
A192__00410.692,8.340233807210193,40.605279945,A192,_,00410,692
A192__00400.692,8.328480133673748,40.607318745,A192,_,00400,692
A192__00390.692,8.321903490638384,40.59667972,A192,_,00390,692
A192__00260.692,8.31375708779754,40.61730044,A192,_,00260,692
A192__00210.692,8.358742936405719,40.631791559999996,A192,_,00210,692
A192__00190.692,8.20644684741346,40.63436695,A192,_,00190,692
A192__00120.693,8.29930860319201,40.63199705,A192,_,00120,693
A192__00970.693,8.313758438793794,40.558424744999996,A192,_,00970,693
A192__00940.693,8.352901718854783,40.508048065,A192,_,00940,693
A192__00930.693,8.339406136320195,40.520764424999996,A192,_,00930,693
A192__00740.693,8.358788604514658,40.56245719499999,A192,_,00740,693
A192__00670.693,8.339404192622368,40.56523276,A192,_,00670,693
A192__00660.693,8.336895037778472,40.56643401,A192,_,00660,693
A192__0064.693,8.32261498281774,40.56416796,A192,_,0064,693
A192__00630.693,8.333444126724544,40.572820665,A192,_,00630,693
A192__00600.693,8.353239444987594,40.57507073,A192,_,00600,693
A192__00590.693,8.397194001497496,40.57814885,A192,_,00590,693
A192__00570.693,8.336770568593558,40.58890091,A192,_,00570,693
A192__00560.693,8.329432096721998,40.58606974,A192,_,00560,693
A192__00530.693,8.333296962296808,40.5905382,A192,_,00530,693
A192__00450.693,8.168958341494939,40.587861475,A192,_,00450,693
A192__00400.693,8.328739855857922,40.60727507,A192,_,00400,693
A192__00390.693,8.321168517686981,40.607573815,A192,_,00390,693
A192__00210.693,8.354840217106663,40.631222335,A192,_,00210,693
A192__00190.693,8.20633437444287,40.634574515,A192,_,00190,693
A192__00030.694,8.243010283998288,40.655544230000004,A192,_,00030,694
A192__00970.694,8.313753516678855,40.558507680000005,A192,_,00970,694
A192__00930.694,8.339463219758949,40.520546265,A192,_,00930,694
A192__00900.694,8.354013422911088,40.532147390000006,A192,_,00900,694
A192__00780.694,8.325347796131247,40.54601647,A192,_,00780,694
A192__00670.694,8.34134786631939,40.5622939,A192,_,00670,694
A192__00660.694,8.336492180702937,40.566266975,A192,_,00660,694
A192__0064.694,8.322964490995064,40.564011155,A192,_,0064,694
A192__00630.694,8.336845496595203,40.570995960000005,A192,_,00630,694
A192__00610.694,8.317562997421156,40.577371240000005,A192,_,00610,694
A192__00600.694,8.347992866331488,40.57943034,A192,_,00600,694
A192__00590.694,8.397147351356644,40.578391554999996,A192,_,00590,694
A192__00530.694,8.33282094126001,40.58968164,A192,_,00530,694
A192__00450.694,8.167145557518918,40.587896040000004,A192,_,00450,694
A192__00410.694,8.340311902364864,40.604734015000005,A192,_,00410,694
A192__00400.694,8.32865610400825,40.60746013,A192,_,00400,694
A192__00390.694,8.320996645444946,40.607432939999995,A192,_,00390,694
A192__00260.694,8.313851494273102,40.61950695,A192,_,00260,694
A192__00210.694,8.357397023061754,40.632882155000004,A192,_,00210,694
A192__00190.694,8.206247893467454,40.63447185,A192,_,00190,694
A192__00120.694,8.299131845705869,40.631880925000004,A192,_,00120,694
A192__00030.695,8.243439901214277,40.655957055,A192,_,00030,695
A192__00970.695,8.313716844242848,40.558617925,A192,_,00970,695
A192__00940.695,8.355706890258418,40.51072697,A192,_,00940,695
A192__00930.695,8.34173125102935,40.520265285,A192,_,00930,695
A192__00900.695,8.354382680418382,40.53226624,A192,_,00900,695
A192__00670.695,8.341645210533926,40.562530015,A192,_,00670,695
A192__00630.695,8.336718236406746,40.571058845,A192,_,00630,695
A192__00600.695,8.333339081767715,40.585685424999994,A192,_,00600,695
A192__00560.695,8.329664775342177,40.58606243,A192,_,00560,695
A192__00550.695,8.32007117039753,40.583558955,A192,_,00550,695
A192__00530.695,8.333063190072451,40.589572675,A192,_,00530,695
A192__00480.695,8.230944064913093,40.58383839,A192,_,00480,695
A192__00450.695,8.169374450457168,40.586395005,A192,_,00450,695
A192__00410.695,8.340457610578152,40.60527168,A192,_,00410,695
A192__00400.695,8.328810623578603,40.60818843,A192,_,00400,695
A192__00390.695,8.323531488862276,40.606898525000005,A192,_,00390,695
A192__00250.695,8.274736618338725,40.618794050000005,A192,_,00250,695
A192__00210.695,8.357467395979942,40.63293267,A192,_,00210,695
A192__00190.695,8.20615547571525,40.634354575,A192,_,00190,695
A192__00120.695,8.297084565886818,40.633518165,A192,_,00120,695
A192__00030.696,8.244494945139447,40.655862885,A192,_,00030,696
A192__00970.696,8.313886487144796,40.558580750000004,A192,_,00970,696
A192__00940.696,8.358881811184126,40.520369555,A192,_,00940,696
A192__00930.696,8.341939347581665,40.520132925,A192,_,00930,696
A192__00900.696,8.35428339859177,40.53199095,A192,_,00900,696
A192__00890.696,8.357482742790546,40.53002993,A192,_,00890,696
A192__00780.696,8.328786687836939,40.54836351,A192,_,00780,696
A192__00740.696,8.357803340148855,40.554785100000004,A192,_,00740,696
A192__00670.696,8.341556539893354,40.562518635,A192,_,00670,696
A192__0064.696,8.32396937498785,40.562887610000004,A192,_,0064,696
A192__00600.696,8.333955245695996,40.585782955,A192,_,00600,696
A192__00550.696,8.323741545707488,40.585275485,A192,_,00550,696
A192__00530.696,8.336604494666311,40.59038596,A192,_,00530,696
A192__00480.696,8.232535259838727,40.584917805,A192,_,00480,696
A192__00450.696,8.16798286337933,40.593794065,A192,_,00450,696
A192__00410.696,8.340529799899976,40.60378482,A192,_,00410,696
A192__00400.696,8.325467728280351,40.5991863,A192,_,00400,696
A192__00390.696,8.32326196227394,40.60693712,A192,_,00390,696
A192__00260.696,8.317693450161837,40.61953779,A192,_,00260,696
A192__00250.696,8.274264521677186,40.61893455,A192,_,00250,696
A192__00210.696,8.354348197435987,40.63181352,A192,_,00210,696
A192__00120.696,8.297080344267968,40.63220512,A192,_,00120,696
A192__00030.697,8.244779362293096,40.656121135,A192,_,00030,697
A192__00930.697,8.342881483982488,40.51830185,A192,_,00930,697
A192__00890.697,8.348775439930176,40.528908185000006,A192,_,00890,697
A192__00780.697,8.33407268470097,40.54694961,A192,_,00780,697
A192__00740.697,8.357208111284022,40.554538975,A192,_,00740,697
A192__0072.697,8.32786076498764,40.557049925,A192,_,0072,697
A192__00670.697,8.344434734241322,40.5682736,A192,_,00670,697
A192__0064.697,8.319991238002087,40.565146305,A192,_,0064,697
A192__00630.697,8.336840741743497,40.571102025,A192,_,00630,697
A192__00600.697,8.336441953193562,40.58606552,A192,_,00600,697
A192__00590.697,8.396360973716913,40.579564525,A192,_,00590,697
A192__00570.697,8.340552819257416,40.590178705,A192,_,00570,697
A192__00530.697,8.336713926495378,40.590676189999996,A192,_,00530,697
A192__00480.697,8.231574222268438,40.584835514999995,A192,_,00480,697
A192__00410.697,8.340282958018786,40.603457305,A192,_,00410,697
A192__00400.697,8.325988952579246,40.59877616,A192,_,00400,697
A192__00390.697,8.321685822547117,40.604375265,A192,_,00390,697
A192__00260.697,8.317873852507972,40.61953779,A192,_,00260,697
A192__00250.697,8.27051418147036,40.615047184999995,A192,_,00250,697
A192__00210.697,8.35691948077302,40.63347157,A192,_,00210,697
A192__00190.697,8.203624910654622,40.618938755,A192,_,00190,697
A192__00120.697,8.29795173500401,40.63797275,A192,_,00120,697
A192__00030.698,8.245212427441393,40.656356035,A192,_,00030,698
A192__00940.698,8.358953845235957,40.520151285,A192,_,00940,698
A192__00930.698,8.342796120338324,40.518209025,A192,_,00930,698
A192__00900.698,8.357270783218645,40.535512,A192,_,00900,698
A192__00890.698,8.348499769052534,40.5289712,A192,_,00890,698
A192__00780.698,8.334176485040878,40.546871655000004,A192,_,00780,698
A192__00740.698,8.357036562126343,40.554498280000004,A192,_,00740,698
A192__00670.698,8.344394887944048,40.568398255000005,A192,_,00670,698
A192__00660.698,8.336721075756476,40.5665254,A192,_,00660,698
A192__0064.698,8.3198316071601,40.565180615,A192,_,0064,698
A192__00630.698,8.337059489110121,40.571201395,A192,_,00630,698
A192__00600.698,8.335588163789112,40.58611365,A192,_,00600,698
A192__00590.698,8.396803882106987,40.579564525,A192,_,00590,698
A192__00490.698,8.251392813465332,40.586969499999995,A192,_,00490,698
A192__00410.698,8.336139648541305,40.606289345,A192,_,00410,698
A192__00400.698,8.326731584443767,40.59890964,A192,_,00400,698
A192__00390.698,8.321548227636946,40.60432797,A192,_,00390,698
A192__00250.698,8.270965116160014,40.61472766999999,A192,_,00250,698
A192__00210.698,8.356984371990102,40.633526515,A192,_,00210,698
A192__00120.698,8.29809349191855,40.638376715,A192,_,00120,698
A192__00030.699,8.244525547009118,40.65480857,A192,_,00030,699
A192__00930.699,8.340403069010378,40.51829676,A192,_,00930,699
A192__00890.699,8.354932836089933,40.526754075,A192,_,00890,699
A192__0072.699,8.331804374261097,40.555755785,A192,_,0072,699
A192__00670.699,8.342603007301138,40.566914505,A192,_,00670,699
A192__00660.699,8.336558310812126,40.566526625,A192,_,00660,699
A192__00640.699,8.331816514163378,40.567927135000005,A192,_,00640,699
A192__00630.699,8.336914458463113,40.571257255000006,A192,_,00630,699
A192__00600.699,8.337843772486222,40.584997755,A192,_,00600,699
A192__00490.699,8.252020234697884,40.586492985,A192,_,00490,699
A192__00400.699,8.325182100578822,40.5985601,A192,_,00400,699
A192__00260.699,8.2975697472404,40.623501755,A192,_,00260,699
A192__00250.699,8.277202466433716,40.622962485,A192,_,00250,699
A192__00210.699,8.354130317958237,40.63492244,A192,_,00210,699
A192__00190.699,8.203089316093076,40.61901084,A192,_,00190,699
A192__00120.699,8.298184765243619,40.63817889,A192,_,00120,699
A192__00050.7,8.260485824045594,40.66924693,A192,_,00050,7
A192__00960.7,8.364983927209206,40.5097149,A192,_,00960,7
A192__00940.7,8.353857800176415,40.521333205000005,A192,_,00940,7
A192__00920.7,8.403396154648304,40.52391371,A192,_,00920,7
A192__00910.7,8.401316813971281,40.539888094999995,A192,_,00910,7
A192__00900.7,8.371779563968618,40.54200607,A192,_,00900,7
A192__00890.7,8.349330012823183,40.53613842,A192,_,00890,7
A192__00880.7,8.342718895293519,40.52732055,A192,_,00880,7
A192__00850.7,8.334824686822891,40.538164105,A192,_,00850,7
A192__00840.7,8.32486538263037,40.54172426,A192,_,00840,7
A192__00820.7,8.377875362109275,40.548189385,A192,_,00820,7
A192__00810.7,8.37162164298271,40.549932600000005,A192,_,00810,7
A192__00760.7,8.408305596582725,40.56566705,A192,_,00760,7
A192__00700.7,8.409068188266769,40.578828545,A192,_,00700,7
A192__00680.7,8.354516052299502,40.572761395,A192,_,00680,7
A192__00650.7,8.317039046350384,40.56421881,A192,_,00650,7
A192__00630.7,8.331719660489115,40.574734065,A192,_,00630,7
A192__00620.7,8.327379696249983,40.579053935,A192,_,00620,7
A192__0061.7,8.316545674402342,40.57720568,A192,_,0061,7
A192__00600.7,8.33910938871626,40.586827305,A192,_,00600,7
A192__00590.7,8.393381773385157,40.58994167,A192,_,00590,7
A192__00580.7,8.375936927284364,40.593118845000006,A192,_,00580,7
A192__00570.7,8.341115990866726,40.588996215,A192,_,00570,7
A192__00540.7,8.348743771968303,40.595924010000005,A192,_,00540,7
A192__00530.7,8.337813684436394,40.59711829,A192,_,00530,7
A192__00510.7,8.319855687242704,40.59336936,A192,_,00510,7
A192__00500.7,8.306782232282131,40.58586397,A192,_,00500,7
A192__00470.7,8.216573866549648,40.570953645,A192,_,00470,7
A192__00460.7,8.163470346985335,40.56374176,A192,_,00460,7
A192__00440.7,8.39399336496063,40.607998265,A192,_,00440,7
A192__00430.7,8.36978592251376,40.60253049,A192,_,00430,7
A192__00420.7,8.342019162274857,40.604786435,A192,_,00420,7
A192__00410.7,8.32928798958078,40.6086154,A192,_,00410,7
A192__00380.7,8.313382268141115,40.60427901,A192,_,00380,7
A192__00370.7,8.289342681268469,40.595004635,A192,_,00370,7
A192__00320.7,8.219097483897748,40.59847676,A192,_,00320,7
A192__00200.7,8.261598869286264,40.62465176,A192,_,00200,7
A192__00140.7,8.186222176006211,40.640012095,A192,_,00140,7
A192__00080.7,8.312294149743543,40.652554255,A192,_,00080,7
A192__00070.7,8.338200397339078,40.66216835,A192,_,00070,7
A192__00060.7,8.302767383229048,40.65584946,A192,_,00060,7
A192__00020.70,8.207141556987015,40.65742154,A192,_,00020,70
A192__00970.70,8.312122779985337,40.557905775,A192,_,00970,70
A192__00950.70,8.351757870264322,40.514704710000004,A192,_,00950,70
A192__00880.70,8.347307808556796,40.519388095,A192,_,00880,70
A192__00870.70,8.341626222131122,40.526627489999996,A192,_,00870,70
A192__00840.70,8.331139333047043,40.539541255,A192,_,00840,70
A192__00820.70,8.37723167852884,40.54732185,A192,_,00820,70
A192__00810.70,8.365096081434704,40.548004175,A192,_,00810,70
A192__00800.70,8.360678234875213,40.546626355,A192,_,00800,70
A192__0077.70,8.327521839165609,40.55594583,A192,_,0077,70
A192__00740.70,8.359009742699506,40.557711330000004,A192,_,00740,70
A192__00730.70,8.35057953297759,40.553860895,A192,_,00730,70
A192__0071.70,8.319104011403144,40.555687345,A192,_,0071,70
A192__00690.70,8.362953177478797,40.56731636,A192,_,00690,70
A192__00680.70,8.352290519763102,40.57214246,A192,_,00680,70
A192__0065.70,8.318054137753391,40.561332055,A192,_,0065,70
A192__00620.70,8.324661965671158,40.570100014999994,A192,_,00620,70
A192__0061.70,8.32193032465955,40.572932895,A192,_,0061,70
A192__00590.70,8.374661393645079,40.575363089999996,A192,_,00590,70
A192__00580.70,8.361722153774597,40.577732215,A192,_,00580,70
A192__00570.70,8.347446560079918,40.585201395,A192,_,00570,70
A192__00560.70,8.324270525111853,40.579300165,A192,_,00560,70
A192__00540.70,8.352553528150581,40.59414874,A192,_,00540,70
A192__00530.70,8.335568324805976,40.590556135,A192,_,00530,70
A192__00520.70,8.330314444749757,40.59473208,A192,_,00520,70
A192__0050.70,8.313762663346505,40.58100843,A192,_,0050,70
A192__00490.70,8.261716502481985,40.59173639,A192,_,00490,70
A192__00450.70,8.165549341864681,40.584784084999995,A192,_,00450,70
A192__00420.70,8.347778713528921,40.600929754999996,A192,_,00420,70
A192__00400.70,8.330227481915532,40.60168302,A192,_,00400,70
A192__00380.70,8.311054054350311,40.59706032,A192,_,00380,70
A192__00360.70,8.307626412219905,40.60254218,A192,_,00360,70
A192__00340.70,8.259324540459133,40.616990220000005,A192,_,00340,70
A192__00320.70,8.208983160865078,40.593060205,A192,_,00320,70
A192__00310.70,8.368170504795664,40.615245915,A192,_,00310,70
A192__00260.70,8.306798919724,40.61756965,A192,_,00260,70
A192__00240.70,8.212501317370641,40.624347735,A192,_,00240,70
A192__00230.70,8.170426864691699,40.59460077,A192,_,00230,70
A192__00220.70,8.14398748504267,40.614827684999995,A192,_,00220,70
A192__00210.70,8.351148411522777,40.625272054999996,A192,_,00210,70
A192__00200.70,8.257665372019455,40.625092710000004,A192,_,00200,70
A192__00190.70,8.204556962183123,40.621173209999995,A192,_,00190,70
A192__00160.70,8.26711885667557,40.624073455,A192,_,00160,70
A192__00140.70,8.18870868530563,40.647085215000004,A192,_,00140,70
A192__00130.70,8.328381200993075,40.652930925,A192,_,00130,70
A192__00100.70,8.278241956061532,40.647785035,A192,_,00100,70
A192__00090.70,8.20814368621421,40.64468978,A192,_,00090,70
A192__00070.70,8.328679032690616,40.660638605,A192,_,00070,70
A192__00060.70,8.296723907113233,40.655933645,A192,_,00060,70
A192__00030.700,8.245120235056893,40.655485305,A192,_,00030,700
A192__00930.700,8.340492727384031,40.518374355,A192,_,00930,700
A192__00900.700,8.363173634360535,40.534617975,A192,_,00900,700
A192__00890.700,8.351953347255327,40.53514524,A192,_,00890,700
A192__00670.700,8.342792351072278,40.566891155,A192,_,00670,700
A192__00640.700,8.330895066597694,40.5675827,A192,_,00640,700
A192__00630.700,8.336973901181228,40.57133887,A192,_,00630,700
A192__00610.700,8.318603989334282,40.579880625,A192,_,00610,700
A192__00600.700,8.338166123927218,40.585693735,A192,_,00600,700
A192__00550.700,8.322537930783263,40.585621745,A192,_,00550,700
A192__00490.700,8.25076901957501,40.586473955,A192,_,00490,700
A192__00480.700,8.242152866850407,40.593500614999996,A192,_,00480,700
A192__00450.700,8.168836531099338,40.585008544999994,A192,_,00450,700
A192__00410.700,8.336114880405841,40.60611983,A192,_,00410,700
A192__00400.700,8.32489172799848,40.602962775,A192,_,00400,700
A192__00260.700,8.31829074347418,40.61927456,A192,_,00260,700
A192__00250.700,8.275627246101887,40.62248265,A192,_,00250,700
A192__00210.700,8.355338612093602,40.635428180000005,A192,_,00210,700
A192__00120.700,8.299629541876811,40.63864979,A192,_,00120,700
A192__00030.701,8.23007130370666,40.651059860000004,A192,_,00030,701
A192__00970.701,8.314295935177352,40.558481665,A192,_,00970,701
A192__00900.701,8.367374644150312,40.526330834999996,A192,_,00900,701
A192__00890.701,8.348589269539431,40.5365896,A192,_,00890,701
A192__00740.701,8.36106508878963,40.56330808,A192,_,00740,701
A192__0072.701,8.33293663866199,40.5554726,A192,_,0072,701
A192__00670.701,8.344289372126191,40.56622153,A192,_,00670,701
A192__00660.701,8.336232233098265,40.56628393,A192,_,00660,701
A192__00640.701,8.330860494464252,40.56746513,A192,_,00640,701
A192__00630.701,8.337343860135604,40.57119161,A192,_,00630,701
A192__00610.701,8.318314363713409,40.57968128,A192,_,00610,701
A192__00600.701,8.338874675011224,40.585787265,A192,_,00600,701
A192__00590.701,8.39151093558159,40.58099744,A192,_,00590,701
A192__00490.701,8.251713587600646,40.585978600000004,A192,_,00490,701
A192__00480.701,8.241422805618065,40.593500614999996,A192,_,00480,701
A192__00410.701,8.335644931246954,40.60669069,A192,_,00410,701
A192__00400.701,8.324855443196572,40.60304965,A192,_,00400,701
A192__00260.701,8.31831190285271,40.619677225000004,A192,_,00260,701
A192__00210.701,8.355769610096758,40.635004635,A192,_,00210,701
A192__00190.701,8.203932493573229,40.619374235,A192,_,00190,701
A192__00120.701,8.29862800092534,40.63796395,A192,_,00120,701
A192__00030.702,8.22976544412344,40.651062095,A192,_,00030,702
A192__00930.702,8.344815308925213,40.519897165,A192,_,00930,702
A192__00900.702,8.367386406109922,40.526187925,A192,_,00900,702
A192__00670.702,8.344690415564585,40.566211095,A192,_,00670,702
A192__00640.702,8.331260932383785,40.567684585,A192,_,00640,702
A192__00610.702,8.318360402545549,40.579402689999995,A192,_,00610,702
A192__00600.702,8.338318103788524,40.58572957,A192,_,00600,702
A192__00590.702,8.39153698134724,40.58062232,A192,_,00590,702
A192__00570.702,8.350022560281946,40.58618874,A192,_,00570,702
A192__00490.702,8.251664682495989,40.58553146,A192,_,00490,702
A192__00450.702,8.167284268543899,40.586086449999996,A192,_,00450,702
A192__00410.702,8.336175137508235,40.604963605,A192,_,00410,702
A192__00400.702,8.324724033083786,40.603040594999996,A192,_,00400,702
A192__00260.702,8.311078783980914,40.62193499999999,A192,_,00260,702
A192__00210.702,8.340572058374878,40.617328560000004,A192,_,00210,702
A192__00190.702,8.203974007857735,40.61891339,A192,_,00190,702
A192__00120.702,8.298276335600288,40.637969084999995,A192,_,00120,702
A192__00120.703,8.298293898335428,40.63830596,A192,_,00120,703
A192__00900.703,8.362073181688688,40.531218695,A192,_,00900,703
A192__00890.703,8.347459453483609,40.53265064,A192,_,00890,703
A192__00780.703,8.332033372454337,40.543767175,A192,_,00780,703
A192__00660.703,8.336107336034978,40.56671616,A192,_,00660,703
A192__00630.703,8.337647741806457,40.574266269999995,A192,_,00630,703
A192__00610.703,8.318279778487451,40.579369150000005,A192,_,00610,703
A192__00600.703,8.338459155388872,40.586246765,A192,_,00600,703
A192__00590.703,8.391906011193813,40.579822750000005,A192,_,00590,703
A192__00550.703,8.322802669842591,40.585307915,A192,_,00550,703
A192__00490.703,8.253220162745443,40.591418705,A192,_,00490,703
A192__00410.703,8.336565106765926,40.6052975,A192,_,00410,703
A192__00260.703,8.311385703046987,40.621897285,A192,_,00260,703
A192__00250.703,8.286028335257146,40.623003055,A192,_,00250,703
A192__00210.703,8.342329838543623,40.618146124999996,A192,_,00210,703
A192__00190.703,8.205748613959166,40.61697966,A192,_,00190,703
A192__00030.704,8.237127230242315,40.64845824,A192,_,00030,704
A192__00970.704,8.315181559159623,40.558131384999996,A192,_,00970,704
A192__00940.704,8.358297156257343,40.520364945,A192,_,00940,704
A192__00930.704,8.340829160728438,40.518034015,A192,_,00930,704
A192__00900.704,8.363109893294734,40.532370525,A192,_,00900,704
A192__00890.704,8.349585890725425,40.536559095,A192,_,00890,704
A192__00740.704,8.35769756715586,40.56352273500001,A192,_,00740,704
A192__00660.704,8.336437860914117,40.56659578,A192,_,00660,704
A192__00630.704,8.33772262221463,40.574354174999996,A192,_,00630,704
A192__00600.704,8.337876615020834,40.586020045,A192,_,00600,704
A192__00590.704,8.391944221694104,40.58046754,A192,_,00590,704
A192__00570.704,8.348229846021015,40.58640359,A192,_,00570,704
A192__00490.704,8.253670943862243,40.591484324999996,A192,_,00490,704
A192__00450.704,8.164335369768352,40.584006015,A192,_,00450,704
A192__00410.704,8.336484981382236,40.60506272,A192,_,00410,704
A192__00260.704,8.288985748441974,40.615007145,A192,_,00260,704
A192__00250.704,8.286622908162702,40.611846295,A192,_,00250,704
A192__00210.704,8.342782513341522,40.61823727,A192,_,00210,704
A192__00190.704,8.208318509341158,40.628787035,A192,_,00190,704
A192__00120.704,8.298120440082814,40.63828809,A192,_,00120,704
A192__00030.705,8.23733898375362,40.64835468,A192,_,00030,705
A192__00970.705,8.314462942007719,40.558166265,A192,_,00970,705
A192__00940.705,8.360409211826827,40.51090758,A192,_,00940,705
A192__00930.705,8.339461998212016,40.51807755,A192,_,00930,705
A192__00900.705,8.371060565576514,40.53628319,A192,_,00900,705
A192__00890.705,8.349051092350091,40.536151495,A192,_,00890,705
A192__00740.705,8.356429256983507,40.55523129,A192,_,00740,705
A192__0072.705,8.332643265085256,40.555025185,A192,_,0072,705
A192__00640.705,8.330840375942875,40.568035105,A192,_,00640,705
A192__00610.705,8.317395649456332,40.579162839999995,A192,_,00610,705
A192__00590.705,8.39188494780461,40.580417485,A192,_,00590,705
A192__00550.705,8.319980466065779,40.588092395000004,A192,_,00550,705
A192__00410.705,8.336313101044436,40.604629925,A192,_,00410,705
A192__00250.705,8.287240693642701,40.611194495,A192,_,00250,705
A192__00190.705,8.209980532730373,40.62817081,A192,_,00190,705
A192__00030.706,8.23710462001501,40.648281444999995,A192,_,00030,706
A192__00970.706,8.312480160220819,40.557915875,A192,_,00970,706
A192__00940.706,8.360466737567439,40.510798185,A192,_,00940,706
A192__00930.706,8.339408174945316,40.517848875,A192,_,00930,706
A192__00900.706,8.37056819776761,40.536291985,A192,_,00900,706
A192__00890.706,8.350409688309608,40.537752499999996,A192,_,00890,706
A192__00780.706,8.331065674682806,40.543008915,A192,_,00780,706
A192__00740.706,8.354796434523479,40.559206950000004,A192,_,00740,706
A192__00670.706,8.341344593168571,40.564935180000006,A192,_,00670,706
A192__00610.706,8.317277681411463,40.578962770000004,A192,_,00610,706
A192__00600.706,8.337505019210255,40.5861716,A192,_,00600,706
A192__00590.706,8.391879896779372,40.58008721,A192,_,00590,706
A192__00550.706,8.319981905288678,40.58821413,A192,_,00550,706
A192__00400.706,8.32342034480412,40.603317355,A192,_,00400,706
A192__00260.706,8.288746139246872,40.61450956,A192,_,00260,706
A192__00250.706,8.287481832772965,40.611141125,A192,_,00250,706
A192__00210.706,8.343157278010594,40.6193212,A192,_,00210,706
A192__00190.706,8.206216957981772,40.6285414,A192,_,00190,706
A192__00190.707,8.206531756055725,40.627575435,A192,_,00190,707
A192__00970.707,8.314403251778046,40.559918385,A192,_,00970,707
A192__00940.707,8.360546158688944,40.5110167,A192,_,00940,707
A192__00930.707,8.339339536454334,40.517998985000006,A192,_,00930,707
A192__00900.707,8.37065653686497,40.53684242,A192,_,00900,707
A192__00890.707,8.350012280894148,40.537813955,A192,_,00890,707
A192__00780.707,8.330268699601568,40.542646655,A192,_,00780,707
A192__00740.707,8.359052932583632,40.553815755,A192,_,00740,707
A192__00670.707,8.341013386819242,40.5649139,A192,_,00670,707
A192__00660.707,8.336134253788897,40.566213315,A192,_,00660,707
A192__00640.707,8.3312122524882,40.56777815,A192,_,00640,707
A192__00610.707,8.317251631003654,40.57852133,A192,_,00610,707
A192__00600.707,8.33750734288639,40.5867717,A192,_,00600,707
A192__00590.707,8.39192774788793,40.58107618,A192,_,00590,707
A192__00410.707,8.3366857426802,40.60568003,A192,_,00410,707
A192__00390.707,8.322260394115336,40.60832895,A192,_,00390,707
A192__00260.707,8.28909486923774,40.61450956,A192,_,00260,707
A192__00250.707,8.285768489670518,40.610203795000004,A192,_,00250,707
A192__00210.707,8.343848534782204,40.620967795,A192,_,00210,707
A192__00030.708,8.239328900390454,40.664346185,A192,_,00030,708
A192__00970.708,8.313995663567711,40.55611687,A192,_,00970,708
A192__00940.708,8.360526874706917,40.510894594999996,A192,_,00940,708
A192__00930.708,8.339272481087527,40.51798314,A192,_,00930,708
A192__00900.708,8.356655771347935,40.523211655,A192,_,00900,708
A192__00780.708,8.330537745637724,40.54905926,A192,_,00780,708
A192__0072.708,8.331914178171898,40.55601598,A192,_,0072,708
A192__00670.708,8.34110455838686,40.56469095,A192,_,00670,708
A192__00640.708,8.331357551776247,40.567663350000004,A192,_,00640,708
A192__00630.708,8.338212581032998,40.5699913,A192,_,00630,708
A192__00610.708,8.31842622112475,40.57846308,A192,_,00610,708
A192__00600.708,8.337249275290837,40.586234770000004,A192,_,00600,708
A192__00590.708,8.391952576282916,40.580611105,A192,_,00590,708
A192__00570.708,8.349161313597241,40.58325151,A192,_,00570,708
A192__00550.708,8.319986076427963,40.58852701,A192,_,00550,708
A192__00400.708,8.324987088084676,40.599065585,A192,_,00400,708
A192__00390.708,8.321892500955862,40.607942394999995,A192,_,00390,708
A192__00250.708,8.272804452574205,40.61027383,A192,_,00250,708
A192__00210.708,8.343465195055856,40.620750865000005,A192,_,00210,708
A192__00190.708,8.19640684542302,40.637689065,A192,_,00190,708
A192__00030.709,8.239089679433718,40.663322699999995,A192,_,00030,709
A192__00940.709,8.360290208657993,40.51092149,A192,_,00940,709
A192__00930.709,8.342028884722048,40.519226630000006,A192,_,00930,709
A192__00890.709,8.34831264133495,40.536727965,A192,_,00890,709
A192__00780.709,8.331706789805477,40.5435769,A192,_,00780,709
A192__00740.709,8.357397432614787,40.563485505,A192,_,00740,709
A192__00670.709,8.340934310699758,40.565273245,A192,_,00670,709
A192__00610.709,8.318645367138467,40.57821096,A192,_,00610,709
A192__00600.709,8.337058322367493,40.587282475,A192,_,00600,709
A192__00590.709,8.391887798890831,40.580613905,A192,_,00590,709
A192__00570.709,8.348725954968273,40.583629404999996,A192,_,00570,709
A192__00550.709,8.320222073797835,40.588647455,A192,_,00550,709
A192__0049.709,8.281268509039897,40.592417870000006,A192,_,0049,709
A192__00410.709,8.341161358036324,40.599140704999996,A192,_,00410,709
A192__00400.709,8.324309309720952,40.599218245,A192,_,00400,709
A192__00260.709,8.290269581027257,40.614579094999996,A192,_,00260,709
A192__00250.709,8.272995442370064,40.610085815000005,A192,_,00250,709
A192__00210.709,8.343471872474595,40.62139639,A192,_,00210,709
A192__00190.709,8.195729136536666,40.637784045,A192,_,00190,709
A192__00010.71,8.22800082140481,40.66212492,A192,_,00010,71
A192__00970.71,8.315150634056842,40.5587036,A192,_,00970,71
A192__00960.71,8.361953946926317,40.504520819999996,A192,_,00960,71
A192__00930.71,8.340440555733526,40.51878405,A192,_,00930,71
A192__00890.71,8.35058216036407,40.524521225,A192,_,00890,71
A192__00880.71,8.347232407620108,40.51905712,A192,_,00880,71
A192__00870.71,8.341899558138552,40.52663552,A192,_,00870,71
A192__00860.71,8.3664486172293,40.544782895,A192,_,00860,71
A192__00820.71,8.377080293587284,40.547070415,A192,_,00820,71
A192__00810.71,8.36401569941702,40.547407485,A192,_,00810,71
A192__00790.71,8.34783942395774,40.543140324999996,A192,_,00790,71
A192__0077.71,8.327504090927718,40.555885995,A192,_,0077,71
A192__00730.71,8.343482453587104,40.55685126,A192,_,00730,71
A192__00690.71,8.362423347707285,40.567237535000004,A192,_,00690,71
A192__00680.71,8.351838983007212,40.572949054999995,A192,_,00680,71
A192__00670.71,8.341799058553008,40.56335186,A192,_,00670,71
A192__0064.71,8.320610001090184,40.565778710000004,A192,_,0064,71
A192__00620.71,8.324970539044735,40.57042994,A192,_,00620,71
A192__00600.71,8.347969588884268,40.573327344999996,A192,_,00600,71
A192__00590.71,8.374639014894703,40.5751317,A192,_,00590,71
A192__00560.71,8.322490545303285,40.57841774,A192,_,00560,71
A192__00550.71,8.320308314889374,40.580375785,A192,_,00550,71
A192__00540.71,8.352767472948418,40.594155295,A192,_,00540,71
A192__00530.71,8.339332378098067,40.596760599999996,A192,_,00530,71
A192__00520.71,8.328971797266846,40.59444857,A192,_,00520,71
A192__00510.71,8.31971310374294,40.596746565000004,A192,_,00510,71
A192__0050.71,8.313784868903321,40.58110383,A192,_,0050,71
A192__00490.71,8.255424289558956,40.586004335,A192,_,00490,71
A192__00410.71,8.339054319459091,40.601816645,A192,_,00410,71
A192__00400.71,8.328669790498756,40.60280695,A192,_,00400,71
A192__00390.71,8.320508571379555,40.6053436,A192,_,00390,71
A192__00380.71,8.311228872761667,40.597312895,A192,_,00380,71
A192__00340.71,8.26062563368763,40.615914454999995,A192,_,00340,71
A192__00330.71,8.255587074521312,40.59262807,A192,_,00330,71
A192__00320.71,8.208915494577763,40.59292915,A192,_,00320,71
A192__00310.71,8.379253022886951,40.614678635000004,A192,_,00310,71
A192__00250.71,8.280184853990596,40.615058274999996,A192,_,00250,71
A192__00230.71,8.17064743927401,40.594590955,A192,_,00230,71
A192__00220.71,8.14684916737216,40.608044545,A192,_,00220,71
A192__00140.71,8.188491234876865,40.646814575,A192,_,00140,71
A192__00130.71,8.332495770094495,40.64169348,A192,_,00130,71
A192__00100.71,8.278325384582967,40.647526275000004,A192,_,00100,71
A192__00090.71,8.207192120173563,40.644811585,A192,_,00090,71
A192__00080.71,8.325831224860941,40.65935958,A192,_,00080,71
A192__00070.71,8.328122501355551,40.659101664999994,A192,_,00070,71
A192__00060.71,8.296811576530757,40.655877149999995,A192,_,00060,71
A192__00040.71,8.256951839139294,40.64795302,A192,_,00040,71
A192__00190.710,8.206508975750282,40.618973405,A192,_,00190,710
A192__00940.710,8.354463758652813,40.517115195,A192,_,00940,710
A192__00930.710,8.341850242305213,40.51864229,A192,_,00930,710
A192__00900.710,8.367241094694016,40.526720825,A192,_,00900,710
A192__00890.710,8.352117012666282,40.527993144999996,A192,_,00890,710
A192__00740.710,8.357955527719742,40.56354418,A192,_,00740,710
A192__0072.710,8.333039922123005,40.555565235,A192,_,0072,710
A192__0071.710,8.321644564423556,40.552131775,A192,_,0071,710
A192__00670.710,8.34387660756261,40.56316717,A192,_,00670,710
A192__00660.710,8.335499175720603,40.566562094999995,A192,_,00660,710
A192__00640.710,8.330658743417619,40.568246035,A192,_,00640,710
A192__00630.710,8.335774255638857,40.57073531,A192,_,00630,710
A192__00610.710,8.319070672769762,40.57803427499999,A192,_,00610,710
A192__00600.710,8.336358630471402,40.58638398,A192,_,00600,710
A192__00590.710,8.391521020546705,40.580034115000004,A192,_,00590,710
A192__00570.710,8.34942976753286,40.58339271,A192,_,00570,710
A192__00550.710,8.32310704984765,40.589049079999995,A192,_,00550,710
A192__00400.710,8.323934785432822,40.603229365000004,A192,_,00400,710
A192__00260.710,8.309037058218104,40.617020885,A192,_,00260,710
A192__00210.710,8.34305811256774,40.62121026,A192,_,00210,710
A192__00030.711,8.244418241523954,40.65721043,A192,_,00030,711
A192__00930.711,8.341938047283886,40.51801562,A192,_,00930,711
A192__00890.711,8.352972145036505,40.52739592499999,A192,_,00890,711
A192__00780.711,8.336915143944125,40.544891414999995,A192,_,00780,711
A192__00740.711,8.354603194359711,40.559511240000006,A192,_,00740,711
A192__00670.711,8.343527750038426,40.562859435,A192,_,00670,711
A192__00660.711,8.335717740191164,40.566895465,A192,_,00660,711
A192__00640.711,8.330780233413307,40.568088365,A192,_,00640,711
A192__00610.711,8.319216471856743,40.577882305,A192,_,00610,711
A192__00600.711,8.33581756645037,40.58674671,A192,_,00600,711
A192__00590.711,8.391532693274213,40.580432455,A192,_,00590,711
A192__00550.711,8.322990608652043,40.589049079999995,A192,_,00550,711
A192__00490.711,8.277364314908715,40.59357502,A192,_,00490,711
A192__00410.711,8.333739849463925,40.597609935,A192,_,00410,711
A192__00390.711,8.320627193113515,40.6069188,A192,_,00390,711
A192__00260.711,8.308778964363329,40.61696395,A192,_,00260,711
A192__00250.711,8.282161555430887,40.615530414999995,A192,_,00250,711
A192__00210.711,8.343215895965734,40.621653445,A192,_,00210,711
A192__00210.712,8.342702996304599,40.621475985000004,A192,_,00210,712
A192__00970.712,8.315062776541783,40.556670170000004,A192,_,00970,712
A192__00900.712,8.359404458815884,40.53622057,A192,_,00900,712
A192__00890.712,8.352899221526712,40.527579675,A192,_,00890,712
A192__00780.712,8.336786387768678,40.545086624999996,A192,_,00780,712
A192__00740.712,8.353578833496236,40.560939364999996,A192,_,00740,712
A192__00660.712,8.335800034760563,40.56697116,A192,_,00660,712
A192__00640.712,8.331187800384328,40.56804644,A192,_,00640,712
A192__00630.712,8.340738833413305,40.571703275,A192,_,00630,712
A192__00610.712,8.317054354315196,40.58021823,A192,_,00610,712
A192__00600.712,8.335283604421559,40.58611229,A192,_,00600,712
A192__00590.712,8.391871847800003,40.579590365,A192,_,00590,712
A192__00570.712,8.350097465162122,40.583708195,A192,_,00570,712
A192__0049.712,8.27843054583668,40.59209662,A192,_,0049,712
A192__00410.712,8.331138011396686,40.596558445,A192,_,00410,712
A192__00400.712,8.32412590319602,40.603105015,A192,_,00400,712
A192__00390.712,8.321064634528227,40.60692116,A192,_,00390,712
A192__00250.712,8.277708118398326,40.613913319999995,A192,_,00250,712
A192__00190.713,8.20926892026732,40.637901695,A192,_,00190,713
A192__00930.713,8.334270856213926,40.52163738,A192,_,00930,713
A192__00890.713,8.353266051791444,40.527930465,A192,_,00890,713
A192__00670.713,8.343551979692954,40.563082265,A192,_,00670,713
A192__00630.713,8.332499121571914,40.56915139,A192,_,00630,713
A192__00610.713,8.317025262205908,40.580602979999995,A192,_,00610,713
A192__00600.713,8.334600862326667,40.58667921,A192,_,00600,713
A192__00590.713,8.386800523815296,40.579675225,A192,_,00590,713
A192__00570.713,8.35078125254564,40.584672284999996,A192,_,00570,713
A192__00480.713,8.22398387229016,40.58549348,A192,_,00480,713
A192__00410.713,8.331699908719662,40.59655033,A192,_,00410,713
A192__00260.713,8.296407980120332,40.613220119999994,A192,_,00260,713
A192__00250.713,8.277078264385176,40.614168515,A192,_,00250,713
A192__00210.713,8.34440601930412,40.62184936,A192,_,00210,713
A192__00190.714,8.20564090528777,40.617817275,A192,_,00190,714
A192__00900.714,8.359983121076992,40.536052225,A192,_,00900,714
A192__00890.714,8.35313895305909,40.527478314999996,A192,_,00890,714
A192__00780.714,8.334893915144423,40.544679645,A192,_,00780,714
A192__0072.714,8.330784935391883,40.556268925,A192,_,0072,714
A192__00630.714,8.332797669849839,40.569270395000004,A192,_,00630,714
A192__00610.714,8.31770345793528,40.580130284999996,A192,_,00610,714
A192__00600.714,8.334621866297617,40.58591025,A192,_,00600,714
A192__00570.714,8.351436185631954,40.584307575,A192,_,00570,714
A192__00550.714,8.321157225964168,40.586096335,A192,_,00550,714
A192__0049.714,8.278840259656295,40.59485515,A192,_,0049,714
A192__00480.714,8.223952436637163,40.585743644999994,A192,_,00480,714
A192__00410.714,8.332017858299444,40.59646204,A192,_,00410,714
A192__00400.714,8.324804972967268,40.60277756000001,A192,_,00400,714
A192__00390.714,8.316283510454495,40.597799820000006,A192,_,00390,714
A192__00260.714,8.296392474788263,40.61345238,A192,_,00260,714
A192__00210.714,8.342527572258149,40.62156931,A192,_,00210,714
A192__00190.715,8.205522910615478,40.63330569,A192,_,00190,715
A192__00930.715,8.333873267527117,40.52152366,A192,_,00930,715
A192__00900.715,8.359716890850244,40.535823775,A192,_,00900,715
A192__00890.715,8.352934331284036,40.527074835,A192,_,00890,715
A192__00740.715,8.361131250120899,40.561835645,A192,_,00740,715
A192__00660.715,8.335665278563138,40.566451605,A192,_,00660,715
A192__00630.715,8.338383960773445,40.57001735,A192,_,00630,715
A192__00600.715,8.333608097673697,40.585846939999996,A192,_,00600,715
A192__00550.715,8.321496219790399,40.58507043,A192,_,00550,715
A192__0049.715,8.278409292376516,40.594627169999995,A192,_,0049,715
A192__00480.715,8.224204615046542,40.585644015,A192,_,00480,715
A192__00410.715,8.34082133535016,40.599190815,A192,_,00410,715
A192__00400.715,8.324843762747097,40.602876445,A192,_,00400,715
A192__00390.715,8.321965653597125,40.608863435,A192,_,00390,715
A192__00260.715,8.296018499950925,40.613521045,A192,_,00260,715
A192__00210.715,8.342557488970186,40.622057575,A192,_,00210,715
A192__00190.716,8.20530302668417,40.633863770000005,A192,_,00190,716
A192__00900.716,8.35837141474584,40.53292804,A192,_,00900,716
A192__00890.716,8.353367640295101,40.52732996,A192,_,00890,716
A192__00780.716,8.337171511519745,40.54522749,A192,_,00780,716
A192__00740.716,8.358213752343051,40.563285625,A192,_,00740,716
A192__00720.716,8.333946300279552,40.555717395,A192,_,00720,716
A192__00670.716,8.343496048554599,40.569650295,A192,_,00670,716
A192__00660.716,8.336138555652813,40.566189980000004,A192,_,00660,716
A192__00640.716,8.331490189777071,40.567717165000005,A192,_,00640,716
A192__00630.716,8.3353231374044,40.570433495,A192,_,00630,716
A192__00610.716,8.317884041909348,40.580195745,A192,_,00610,716
A192__00600.716,8.3335418291205,40.58124612,A192,_,00600,716
A192__00570.716,8.352996679326445,40.58499747,A192,_,00570,716
A192__00550.716,8.321310576292925,40.585069285,A192,_,00550,716
A192__0049.716,8.278904918662217,40.594228695,A192,_,0049,716
A192__00480.716,8.224317641922653,40.585934545,A192,_,00480,716
A192__00400.716,8.324425584020805,40.60287169,A192,_,00400,716
A192__00260.716,8.295145600782767,40.61781524,A192,_,00260,716
A192__00210.716,8.34215047214729,40.622016895,A192,_,00210,716
A192__00260.717,8.295121388383363,40.617453245,A192,_,00260,717
A192__00930.717,8.333336665037425,40.520862455,A192,_,00930,717
A192__00890.717,8.353507007098498,40.526887705,A192,_,00890,717
A192__00780.717,8.33722706345693,40.54530452,A192,_,00780,717
A192__00720.717,8.333720546660683,40.555445745,A192,_,00720,717
A192__00670.717,8.343128942611347,40.570401695,A192,_,00670,717
A192__00630.717,8.333580613078741,40.57571819,A192,_,00630,717
A192__00610.717,8.31786156340296,40.579830775,A192,_,00610,717
A192__00600.717,8.347278311410285,40.57379194,A192,_,00600,717
A192__00550.717,8.320537787696745,40.58387254,A192,_,00550,717
A192__0049.717,8.278169676242744,40.59357083,A192,_,0049,717
A192__00400.717,8.32445414729533,40.602976819999995,A192,_,00400,717
A192__00210.718,8.342978846013969,40.62213626,A192,_,00210,718
A192__00900.718,8.359788392705054,40.533191335,A192,_,00900,718
A192__00890.718,8.353676471329056,40.527135435,A192,_,00890,718
A192__00780.718,8.334967078775735,40.544811605,A192,_,00780,718
A192__00740.718,8.361402612095826,40.55189376,A192,_,00740,718
A192__00720.718,8.333948413415943,40.55541428,A192,_,00720,718
A192__00660.718,8.336213609820604,40.566156135,A192,_,00660,718
A192__00640.718,8.331425999718537,40.568123639999996,A192,_,00640,718
A192__00610.718,8.31789623464488,40.579830709999996,A192,_,00610,718
A192__00600.718,8.353364698895078,40.576347685,A192,_,00600,718
A192__0049.718,8.277800542895665,40.593320625000004,A192,_,0049,718
A192__00400.718,8.323812304104742,40.603053355,A192,_,00400,718
A192__00390.718,8.31845531168019,40.60793296,A192,_,00390,718
A192__00030.719,8.244308536327267,40.659453715,A192,_,00030,719
A192__00930.719,8.334340133752523,40.521884485,A192,_,00930,719
A192__00900.719,8.360120664903615,40.533059385,A192,_,00900,719
A192__00890.719,8.353771481138972,40.526765395,A192,_,00890,719
A192__00780.719,8.335227918024465,40.544806465,A192,_,00780,719
A192__00740.719,8.361225799253695,40.552213885,A192,_,00740,719
A192__00670.719,8.343027757289988,40.570490865,A192,_,00670,719
A192__00660.719,8.336320239688412,40.5660964,A192,_,00660,719
A192__00640.719,8.331694590851068,40.568052879999996,A192,_,00640,719
A192__0061.719,8.316691895219826,40.57784044500001,A192,_,0061,719
A192__00600.719,8.352942098575816,40.576182125,A192,_,00600,719
A192__00550.719,8.320544458488069,40.590093525,A192,_,00550,719
A192__0049.719,8.280405004568674,40.595095235,A192,_,0049,719
A192__00400.719,8.324145892593073,40.60304703,A192,_,00400,719
A192__00260.719,8.28811522212943,40.62078921,A192,_,00260,719
A192__00210.719,8.342823832165225,40.622539095,A192,_,00210,719
A192__00030.72,8.230423103659744,40.652318699999995,A192,_,00030,72
A192__00970.72,8.31514579375267,40.558577510000006,A192,_,00970,72
A192__00960.72,8.360957703752792,40.519590635,A192,_,00960,72
A192__00950.72,8.352630201692861,40.51397153,A192,_,00950,72
A192__00930.72,8.340916965082123,40.51799139,A192,_,00930,72
A192__00900.72,8.36098260214666,40.525757389999995,A192,_,00900,72
A192__00890.72,8.350976361581672,40.5244699,A192,_,00890,72
A192__00880.72,8.347788469777893,40.519225465000005,A192,_,00880,72
A192__00870.72,8.342061308281359,40.52682042,A192,_,00870,72
A192__00840.72,8.322911542063117,40.54198125,A192,_,00840,72
A192__00810.72,8.365408265298734,40.547547855000005,A192,_,00810,72
A192__00800.72,8.362099365634148,40.546248755,A192,_,00800,72
A192__00790.72,8.347438099654457,40.542395965,A192,_,00790,72
A192__0077.72,8.3276859295,40.555922034999995,A192,_,0077,72
A192__00750.72,8.370577065989497,40.55630329,A192,_,00750,72
A192__00730.72,8.351314596503432,40.556908594999996,A192,_,00730,72
A192__00720.72,8.340958167803754,40.556314005,A192,_,00720,72
A192__00690.72,8.362470862513057,40.56688364,A192,_,00690,72
A192__00680.72,8.350915217065896,40.57262798,A192,_,00680,72
A192__00670.72,8.342554870760141,40.56363894,A192,_,00670,72
A192__00660.72,8.333738015983682,40.565456850000004,A192,_,00660,72
A192__0064.72,8.321371602143664,40.565451515,A192,_,0064,72
A192__00620.72,8.324843967284417,40.570560494999995,A192,_,00620,72
A192__00560.72,8.323083797274226,40.57812792,A192,_,00560,72
A192__00540.72,8.353161718665188,40.594792375,A192,_,00540,72
A192__00530.72,8.343250927647425,40.59555129,A192,_,00530,72
A192__00520.72,8.32958659352203,40.59430451,A192,_,00520,72
A192__00510.72,8.316797970188546,40.589610535000006,A192,_,00510,72
A192__0049.72,8.284935841488586,40.593191555000004,A192,_,0049,72
A192__00450.72,8.165443511714596,40.584469155,A192,_,00450,72
A192__00390.72,8.321301441355441,40.605240315,A192,_,00390,72
A192__00360.72,8.305246904406982,40.604033895,A192,_,00360,72
A192__00320.72,8.208602491779498,40.592978335,A192,_,00320,72
A192__00310.72,8.380966078106608,40.611688619999995,A192,_,00310,72
A192__00280.72,8.360908217657418,40.615955854999996,A192,_,00280,72
A192__00240.72,8.214422515504388,40.62130498,A192,_,00240,72
A192__00230.72,8.170910539421374,40.594610895,A192,_,00230,72
A192__00220.72,8.147109921352854,40.611435505,A192,_,00220,72
A192__00210.72,8.34086775744314,40.622021995,A192,_,00210,72
A192__00190.72,8.205595519278702,40.61973555,A192,_,00190,72
A192__00120.72,8.307293631276643,40.63052477,A192,_,00120,72
A192__00100.72,8.27858204844231,40.659536515,A192,_,00100,72
A192__00090.72,8.206211172617712,40.644931265,A192,_,00090,72
A192__00070.72,8.329385295571388,40.658108995,A192,_,00070,72
A192__00060.72,8.296688835355937,40.653959555,A192,_,00060,72
A192__00030.720,8.244223546994519,40.65704325,A192,_,00030,720
A192__00900.720,8.360211573675166,40.532953430000006,A192,_,00900,720
A192__00890.720,8.353817595497967,40.52684609,A192,_,00890,720
A192__00780.720,8.335369130970467,40.544735585,A192,_,00780,720
A192__00740.720,8.356454798522389,40.559781955,A192,_,00740,720
A192__00720.720,8.3474365429462,40.559593995,A192,_,00720,720
A192__00670.720,8.344155803232832,40.56948787,A192,_,00670,720
A192__00640.720,8.331704119678417,40.56780313,A192,_,00640,720
A192__00620.720,8.327830409379029,40.57348562,A192,_,00620,720
A192__0061.720,8.316448784341713,40.57765131,A192,_,0061,720
A192__00600.720,8.353482479553469,40.57648825,A192,_,00600,720
A192__00570.720,8.349681148331333,40.587730395,A192,_,00570,720
A192__0049.720,8.281009248269918,40.594805655,A192,_,0049,720
A192__00400.720,8.323719038971767,40.603304465,A192,_,00400,720
A192__00390.720,8.321692676959021,40.609437979999996,A192,_,00390,720
A192__00260.720,8.289769190590306,40.62088314499999,A192,_,00260,720
A192__00030.721,8.242992789421152,40.656012329999996,A192,_,00030,721
A192__00970.721,8.315538807479454,40.557484220000006,A192,_,00970,721
A192__00890.721,8.354020003192504,40.52685767,A192,_,00890,721
A192__0071.721,8.321701514043685,40.55410395,A192,_,0071,721
A192__00620.721,8.327396707172348,40.573058705,A192,_,00620,721
A192__00600.721,8.347601926509162,40.58287192,A192,_,00600,721
A192__00570.721,8.35118733425508,40.585782820000006,A192,_,00570,721
A192__00490.721,8.262541040446731,40.589559405,A192,_,00490,721
A192__00400.721,8.32579990895263,40.60134701,A192,_,00400,721
A192__00390.721,8.324534785523,40.60813057,A192,_,00390,721
A192__00210.721,8.343092563413059,40.622614845,A192,_,00210,721
A192__00190.721,8.20133915060795,40.61788461,A192,_,00190,721
A192__00190.722,8.201885282323106,40.61788126,A192,_,00190,722
A192__00970.722,8.315660944219884,40.55826406,A192,_,00970,722
A192__00930.722,8.335294769152904,40.521808985,A192,_,00930,722
A192__00900.722,8.361403278800775,40.53207534,A192,_,00900,722
A192__00890.722,8.35453208930345,40.527421065,A192,_,00890,722
A192__00780.722,8.3357726422678,40.544882814999994,A192,_,00780,722
A192__00670.722,8.344143933387649,40.569675355,A192,_,00670,722
A192__00660.722,8.335483441476061,40.56653014,A192,_,00660,722
A192__00640.722,8.331559396791196,40.56819509,A192,_,00640,722
A192__00620.722,8.323557289229488,40.571841535000004,A192,_,00620,722
A192__0061.722,8.316793145120798,40.577085265,A192,_,0061,722
A192__00600.722,8.34789367726617,40.58287192,A192,_,00600,722
A192__00570.722,8.350970069315746,40.585840090000005,A192,_,00570,722
A192__00550.722,8.320775809509518,40.58875037,A192,_,00550,722
A192__00490.722,8.263298307329876,40.589505564999996,A192,_,00490,722
A192__00480.722,8.238949017129295,40.57757061,A192,_,00480,722
A192__00390.722,8.32456306148563,40.60840153,A192,_,00390,722
A192__00260.722,8.287847005903828,40.6195721,A192,_,00260,722
A192__00030.723,8.242955473313181,40.656356634999995,A192,_,00030,723
A192__00900.723,8.360883598569192,40.532441085,A192,_,00900,723
A192__00890.723,8.354007616717137,40.527216255,A192,_,00890,723
A192__00780.723,8.335678953479231,40.544933885,A192,_,00780,723
A192__00670.723,8.343299603595824,40.570304455,A192,_,00670,723
A192__00660.723,8.335667425599688,40.56643104,A192,_,00660,723
A192__00640.723,8.320207410338188,40.568004105,A192,_,00640,723
A192__0061.723,8.317172198722517,40.57712885,A192,_,0061,723
A192__00600.723,8.34768427318766,40.582656035,A192,_,00600,723
A192__00550.723,8.320157405465096,40.583752184999994,A192,_,00550,723
A192__00480.723,8.221309849836219,40.594904365,A192,_,00480,723
A192__00410.723,8.33964529200079,40.60506746,A192,_,00410,723
A192__00400.723,8.32568728245937,40.59787033,A192,_,00400,723
A192__00390.723,8.32467268464038,40.607754055,A192,_,00390,723
A192__00260.723,8.288075607341378,40.619777875,A192,_,00260,723
A192__00210.723,8.343720715816923,40.622819065,A192,_,00210,723
A192__00190.723,8.201196848031046,40.61822904,A192,_,00190,723
A192__00030.724,8.242999349287135,40.6561771,A192,_,00030,724
A192__00970.724,8.312639382441994,40.55975209,A192,_,00970,724
A192__00930.724,8.334853962531128,40.521679,A192,_,00930,724
A192__00900.724,8.361045057423059,40.533102045,A192,_,00900,724
A192__00780.724,8.336250873155702,40.54480384,A192,_,00780,724
A192__00640.724,8.33007705639314,40.56873263,A192,_,00640,724
A192__0061.724,8.316974902167182,40.57735434,A192,_,0061,724
A192__00600.724,8.348596946661626,40.582117755,A192,_,00600,724
A192__00570.724,8.345069731381633,40.586192915,A192,_,00570,724
A192__00390.724,8.321620473950468,40.609268685,A192,_,00390,724
A192__00260.724,8.288218897396732,40.619738014999996,A192,_,00260,724
A192__00210.724,8.344968215633449,40.62280604,A192,_,00210,724
A192__00190.724,8.201497158322447,40.618202825,A192,_,00190,724
A192__00190.725,8.202011450644449,40.6181333,A192,_,00190,725
A192__00970.725,8.31470362245922,40.559347155,A192,_,00970,725
A192__00940.725,8.354591582084279,40.51685854,A192,_,00940,725
A192__00900.725,8.36173499825581,40.53252534,A192,_,00900,725
A192__00890.725,8.355469962295885,40.52722814,A192,_,00890,725
A192__00780.725,8.336181476397687,40.544975625,A192,_,00780,725
A192__00740.725,8.356122687053798,40.55528669,A192,_,00740,725
A192__00720.725,8.33333693117798,40.55820634,A192,_,00720,725
A192__00670.725,8.344707807971671,40.5696013,A192,_,00670,725
A192__00640.725,8.32972534820231,40.568379965000005,A192,_,00640,725
A192__0061.725,8.316133624375741,40.577417365,A192,_,0061,725
A192__00600.725,8.348120414619054,40.58207025,A192,_,00600,725
A192__00550.725,8.319711626445473,40.58163198,A192,_,00550,725
A192__00480.725,8.22111328772467,40.59501384,A192,_,00480,725
A192__00410.725,8.332704914795674,40.596961855,A192,_,00410,725
A192__00210.725,8.344776902833832,40.62315838,A192,_,00210,725
A192__00190.726,8.200555266956107,40.618088830000005,A192,_,00190,726
A192__00970.726,8.314630915641754,40.559437285,A192,_,00970,726
A192__00940.726,8.354261681379997,40.516757014999996,A192,_,00940,726
A192__00900.726,8.361524345914283,40.53333446,A192,_,00900,726
A192__00890.726,8.356438679762373,40.527925659999994,A192,_,00890,726
A192__00740.726,8.356741054784923,40.55560547499999,A192,_,00740,726
A192__00720.726,8.333191136002954,40.557859629999996,A192,_,00720,726
A192__00670.726,8.343656191774539,40.57065227,A192,_,00670,726
A192__00660.726,8.336299680519424,40.56608946,A192,_,00660,726
A192__00640.726,8.331157218199067,40.56870377,A192,_,00640,726
A192__00600.726,8.348457514325382,40.58205667,A192,_,00600,726
A192__00570.726,8.344730114500923,40.5853341,A192,_,00570,726
A192__00550.726,8.319543216273768,40.581903100000005,A192,_,00550,726
A192__00480.726,8.221166520447639,40.594988040000004,A192,_,00480,726
A192__00410.726,8.339220148423419,40.60317072,A192,_,00410,726
A192__00390.726,8.32124859115049,40.604100735,A192,_,00390,726
A192__00210.726,8.34552405214979,40.622973255,A192,_,00210,726
A192__00030.727,8.235054126308285,40.648892155,A192,_,00030,727
A192__00940.727,8.360432436105649,40.515615135000004,A192,_,00940,727
A192__00900.727,8.361425943743036,40.53400725,A192,_,00900,727
A192__00780.727,8.329793518868502,40.541827805,A192,_,00780,727
A192__00670.727,8.343550907000958,40.57056926,A192,_,00670,727
A192__00620.727,8.33133466646843,40.578615585,A192,_,00620,727
A192__0061.727,8.31636679314955,40.57700914,A192,_,0061,727
A192__00600.727,8.34841575975964,40.581975705,A192,_,00600,727
A192__00570.727,8.350569120904503,40.58700087,A192,_,00570,727
A192__00550.727,8.323519344160282,40.586175215,A192,_,00550,727
A192__00480.727,8.221225135869464,40.594858025,A192,_,00480,727
A192__00400.727,8.329587831384558,40.60247927,A192,_,00400,727
A192__00390.727,8.322496458204789,40.606628605,A192,_,00390,727
A192__00210.727,8.345386254272778,40.623353005,A192,_,00210,727
A192__00190.727,8.20144470402604,40.618857274999996,A192,_,00190,727
A192__00030.728,8.235497825002756,40.648361925,A192,_,00030,728
A192__00970.728,8.314935909093876,40.559113325,A192,_,00970,728
A192__00900.728,8.362685739859764,40.53491629,A192,_,00900,728
A192__00890.728,8.354772125670387,40.526442555,A192,_,00890,728
A192__00780.728,8.329612082719208,40.542091665,A192,_,00780,728
A192__00670.728,8.34341222916108,40.57074505,A192,_,00670,728
A192__00660.728,8.33621491748135,40.566135315,A192,_,00660,728
A192__00640.728,8.321181053673175,40.56819534,A192,_,00640,728
A192__00600.728,8.347911088560219,40.581719469999996,A192,_,00600,728
A192__00570.728,8.35057058888126,40.58672964,A192,_,00570,728
A192__00410.728,8.338990789935544,40.60340175,A192,_,00410,728
A192__00400.728,8.325955100550507,40.60897256,A192,_,00400,728
A192__00390.728,8.322627385348131,40.606857985,A192,_,00390,728
A192__00210.728,8.346189684316514,40.623175835,A192,_,00210,728
A192__00190.728,8.20163498946497,40.61850538,A192,_,00190,728
A192__00030.729,8.23637631319891,40.64807587,A192,_,00030,729
A192__00970.729,8.314836430003322,40.559155515,A192,_,00970,729
A192__00900.729,8.362048371399696,40.534024005000006,A192,_,00900,729
A192__00890.729,8.35472167775023,40.526613685,A192,_,00890,729
A192__00740.729,8.354918042460543,40.55857219,A192,_,00740,729
A192__00670.729,8.347216258958948,40.56646136,A192,_,00670,729
A192__00620.729,8.331602411268182,40.578889805,A192,_,00620,729
A192__00600.729,8.34762200535538,40.581665810000004,A192,_,00600,729
A192__00570.729,8.35082770942828,40.586856705,A192,_,00570,729
A192__00550.729,8.322226810094392,40.58490405,A192,_,00550,729
A192__00490.729,8.261700151205721,40.59128811,A192,_,00490,729
A192__00400.729,8.33125471114359,40.60478116,A192,_,00400,729
A192__00390.729,8.322936218106616,40.606781455,A192,_,00390,729
A192__00210.729,8.346080595292786,40.623571260000006,A192,_,00210,729
A192__00190.729,8.202097610118038,40.61832999,A192,_,00190,729
A192__00030.73,8.231479947958318,40.652401694999995,A192,_,00030,73
A192__00970.73,8.31510346681005,40.55857961,A192,_,00970,73
A192__00960.73,8.361175020256386,40.52196089,A192,_,00960,73
A192__00950.73,8.3531745605641,40.518772775,A192,_,00950,73
A192__00920.73,8.381619029185039,40.525046585,A192,_,00920,73
A192__00900.73,8.359469798593496,40.525010045,A192,_,00900,73
A192__00880.73,8.348190765936401,40.519541245,A192,_,00880,73
A192__00870.73,8.341588466028526,40.52557729,A192,_,00870,73
A192__00850.73,8.346399980841635,40.533752765,A192,_,00850,73
A192__00840.73,8.323142987256713,40.540689495,A192,_,00840,73
A192__00820.73,8.377455929805574,40.54713222,A192,_,00820,73
A192__00810.73,8.363543484341996,40.54678246,A192,_,00810,73
A192__00790.73,8.344641616329184,40.537631045,A192,_,00790,73
A192__00780.73,8.331208346298922,40.54837834,A192,_,00780,73
A192__0077.73,8.327812120842907,40.55589613,A192,_,0077,73
A192__00750.73,8.368590910336476,40.55434688,A192,_,00750,73
A192__00730.73,8.352329033694456,40.557230905,A192,_,00730,73
A192__00720.73,8.338290791003775,40.55622227,A192,_,00720,73
A192__0071.73,8.321620674736202,40.554404000000005,A192,_,0071,73
A192__00700.73,8.403936281889322,40.577674915,A192,_,00700,73
A192__00690.73,8.362538581245326,40.56659538,A192,_,00690,73
A192__00670.73,8.343182499817825,40.56278099,A192,_,00670,73
A192__0065.73,8.317382145927755,40.56133255,A192,_,0065,73
A192__0064.73,8.321016270043955,40.565366455,A192,_,0064,73
A192__00630.73,8.335226833242718,40.569266415,A192,_,00630,73
A192__00620.73,8.324787080854367,40.570798960000005,A192,_,00620,73
A192__00600.73,8.348454538748285,40.573275505,A192,_,00600,73
A192__00580.73,8.35437277715156,40.586773815,A192,_,00580,73
A192__00560.73,8.325239372493577,40.58128476,A192,_,00560,73
A192__00520.73,8.329982273621365,40.594240635000006,A192,_,00520,73
A192__00510.73,8.316695428335162,40.585886224999996,A192,_,00510,73
A192__0049.73,8.28502079219502,40.59236064,A192,_,0049,73
A192__00450.73,8.164344209668897,40.584425045,A192,_,00450,73
A192__00390.73,8.321830723717767,40.605077545,A192,_,00390,73
A192__00380.73,8.311726344036195,40.597077510000005,A192,_,00380,73
A192__00360.73,8.305217916188592,40.603966060000005,A192,_,00360,73
A192__00340.73,8.266969227749335,40.610319665,A192,_,00340,73
A192__00330.73,8.261115854350104,40.592694425,A192,_,00330,73
A192__00320.73,8.2087188449057,40.593150075,A192,_,00320,73
A192__00310.73,8.381505584875018,40.610706585,A192,_,00310,73
A192__00290.73,8.39548012289627,40.618889445,A192,_,00290,73
A192__00280.73,8.36247218288554,40.618505819999996,A192,_,00280,73
A192__00260.73,8.289698392769015,40.61308541,A192,_,00260,73
A192__00250.73,8.280360452233193,40.615131455,A192,_,00250,73
A192__00240.73,8.219047160954577,40.619253615,A192,_,00240,73
A192__00230.73,8.172053496574929,40.594445965,A192,_,00230,73
A192__00210.73,8.343407190994125,40.622792634999996,A192,_,00210,73
A192__00190.73,8.20494750191101,40.619722755,A192,_,00190,73
A192__00160.73,8.271091745911864,40.63482798,A192,_,00160,73
A192__00150.73,8.227432755162663,40.64271848,A192,_,00150,73
A192__00100.73,8.278569337545683,40.65957064,A192,_,00100,73
A192__00090.73,8.202221960360124,40.643303509999996,A192,_,00090,73
A192__00080.73,8.325061213280124,40.660141245,A192,_,00080,73
A192__00070.73,8.328565952804404,40.655863225,A192,_,00070,73
A192__00050.73,8.271344730226296,40.66281406,A192,_,00050,73
A192__00040.73,8.262718296224449,40.647972575,A192,_,00040,73
A192__00210.730,8.346726736066486,40.62335125,A192,_,00210,730
A192__00970.730,8.311857152100657,40.55914262,A192,_,00970,730
A192__00930.730,8.335424891584198,40.521693244999994,A192,_,00930,730
A192__00900.730,8.373212726938876,40.531599415,A192,_,00900,730
A192__00890.730,8.355945259535826,40.526026685,A192,_,00890,730
A192__00780.730,8.330630646466059,40.5421277,A192,_,00780,730
A192__0072.730,8.328026276646273,40.556982475,A192,_,0072,730
A192__0071.730,8.320274428514974,40.55322013,A192,_,0071,730
A192__00670.730,8.346952782170623,40.56646496,A192,_,00670,730
A192__00600.730,8.347721345897915,40.581806185000005,A192,_,00600,730
A192__00550.730,8.319529986683724,40.583476535,A192,_,00550,730
A192__00490.730,8.261886506131367,40.590510615,A192,_,00490,730
A192__00410.730,8.332719123776045,40.607454745,A192,_,00410,730
A192__00400.730,8.330629410127232,40.60489075,A192,_,00400,730
A192__00390.730,8.322876153265348,40.60662432,A192,_,00390,730
A192__00260.730,8.296456980006543,40.621381545000006,A192,_,00260,730
A192__00030.731,8.229401910604167,40.65115847,A192,_,00030,731
A192__00970.731,8.311627396790477,40.55906347,A192,_,00970,731
A192__00900.731,8.376034378300641,40.52421416,A192,_,00900,731
A192__00890.731,8.355884300359621,40.52627493,A192,_,00890,731
A192__00780.731,8.330493613337095,40.540940395,A192,_,00780,731
A192__00740.731,8.356962845590793,40.564124035,A192,_,00740,731
A192__00670.731,8.342065121598479,40.563875365,A192,_,00670,731
A192__00660.731,8.335664146172977,40.566284315000004,A192,_,00660,731
A192__00600.731,8.347338005377102,40.58168194,A192,_,00600,731
A192__00570.731,8.346141340141735,40.58903751,A192,_,00570,731
A192__00550.731,8.325986671871188,40.589548085,A192,_,00550,731
A192__0049.731,8.282335502631131,40.591460104999996,A192,_,0049,731
A192__00410.731,8.332660565693182,40.60720632,A192,_,00410,731
A192__00400.731,8.326504662690205,40.603728415,A192,_,00400,731
A192__00390.731,8.318160981256955,40.606366765000004,A192,_,00390,731
A192__00260.731,8.296455830878603,40.62156529,A192,_,00260,731
A192__00210.731,8.34661545497681,40.623746535,A192,_,00210,731
A192__00190.731,8.211538728729906,40.634034365000005,A192,_,00190,731
A192__00190.732,8.211222574344724,40.63387521,A192,_,00190,732
A192__00970.732,8.311745908310984,40.55900432,A192,_,00970,732
A192__00940.732,8.3612542046974,40.51042674,A192,_,00940,732
A192__00930.732,8.334165024518839,40.52145336,A192,_,00930,732
A192__00900.732,8.359613091276657,40.531256795000004,A192,_,00900,732
A192__00890.732,8.355237495987561,40.52651067,A192,_,00890,732
A192__00780.732,8.329015417950927,40.541487355,A192,_,00780,732
A192__00720.732,8.347962490256702,40.560923419999995,A192,_,00720,732
A192__00670.732,8.34171402558722,40.563831640000004,A192,_,00670,732
A192__00660.732,8.336213188149449,40.56613497,A192,_,00660,732
A192__00620.732,8.331815794392222,40.57850076,A192,_,00620,732
A192__00600.732,8.347875781942685,40.581593055,A192,_,00600,732
A192__00410.732,8.332614146512004,40.607117849999995,A192,_,00410,732
A192__00400.732,8.32671361806853,40.604051999999996,A192,_,00400,732
A192__00390.732,8.319772951397155,40.604009815,A192,_,00390,732
A192__00260.732,8.295878367026463,40.621658675000006,A192,_,00260,732
A192__00210.732,8.347265074506861,40.62353381,A192,_,00210,732
A192__00210.733,8.34721643631736,40.623942920000005,A192,_,00210,733
A192__00970.733,8.311704250270456,40.5590837,A192,_,00970,733
A192__00900.733,8.359275811792406,40.531050449999995,A192,_,00900,733
A192__00890.733,8.356466782304889,40.525866640000004,A192,_,00890,733
A192__00780.733,8.328388449272907,40.54139762,A192,_,00780,733
A192__00740.733,8.362227990696633,40.555693149999996,A192,_,00740,733
A192__00720.733,8.345970381986998,40.55843781,A192,_,00720,733
A192__00670.733,8.341133925497756,40.561828365,A192,_,00670,733
A192__00660.733,8.335999262947741,40.56607192,A192,_,00660,733
A192__00640.733,8.32029688903672,40.56781426,A192,_,00640,733
A192__00600.733,8.347622719838043,40.581488975,A192,_,00600,733
A192__00550.733,8.32573285343576,40.589378249999996,A192,_,00550,733
A192__00410.733,8.33315128033326,40.6058818,A192,_,00410,733
A192__00400.733,8.330395397846349,40.59733904,A192,_,00400,733
A192__00390.733,8.319988412772432,40.603881810000004,A192,_,00390,733
A192__00260.733,8.288089317471664,40.620300875,A192,_,00260,733
A192__00030.734,8.237566828777087,40.650108875,A192,_,00030,734
A192__00970.734,8.314499996927934,40.55809498,A192,_,00970,734
A192__00900.734,8.359912964291514,40.530924325,A192,_,00900,734
A192__00890.734,8.356595454586875,40.526131344999996,A192,_,00890,734
A192__00780.734,8.333916753051925,40.544267195,A192,_,00780,734
A192__00740.734,8.36213354010216,40.554572095,A192,_,00740,734
A192__00720.734,8.346137245643249,40.558598525,A192,_,00720,734
A192__00670.734,8.341146179228417,40.561981805,A192,_,00670,734
A192__00660.734,8.335680552825238,40.56609503,A192,_,00660,734
A192__00640.734,8.320896960516594,40.56864310500001,A192,_,00640,734
A192__00600.734,8.350982053426833,40.57608822,A192,_,00600,734
A192__00570.734,8.354918317491476,40.58871868,A192,_,00570,734
A192__00400.734,8.330755789929354,40.597327765,A192,_,00400,734
A192__00390.734,8.315526668667589,40.604713425,A192,_,00390,734
A192__00260.734,8.288004364899303,40.62041458,A192,_,00260,734
A192__00190.734,8.207038452157807,40.635834535,A192,_,00190,734
A192__00030.735,8.237283134305805,40.650062184999996,A192,_,00030,735
A192__00970.735,8.314147627091291,40.55913853,A192,_,00970,735
A192__00930.735,8.340127615445217,40.524179535,A192,_,00930,735
A192__00900.735,8.360036686175915,40.530453155000004,A192,_,00900,735
A192__00890.735,8.357460175836982,40.525833065,A192,_,00890,735
A192__00780.735,8.333887273019123,40.544061944999996,A192,_,00780,735
A192__00740.735,8.361309738865005,40.555501254999996,A192,_,00740,735
A192__00720.735,8.346257876999104,40.55850217,A192,_,00720,735
A192__00620.735,8.331482435599355,40.578798500000005,A192,_,00620,735
A192__00600.735,8.351362321900412,40.57628196,A192,_,00600,735
A192__00410.735,8.332840386572016,40.60589951,A192,_,00410,735
A192__00400.735,8.330736597153827,40.596942335,A192,_,00400,735
A192__00390.735,8.319605002210311,40.59824273,A192,_,00390,735
A192__00260.735,8.287772577666985,40.620473180000005,A192,_,00260,735
A192__00210.735,8.347712266001487,40.624101769999996,A192,_,00210,735
A192__00190.735,8.207476717916839,40.634196845000005,A192,_,00190,735
A192__00030.736,8.239922657408563,40.648219659999995,A192,_,00030,736
A192__00930.736,8.339867309414476,40.52444889,A192,_,00930,736
A192__00890.736,8.354336663192784,40.52676781,A192,_,00890,736
A192__00780.736,8.333962909474781,40.544001115,A192,_,00780,736
A192__00720.736,8.34584282715089,40.55872094,A192,_,00720,736
A192__00670.736,8.342212905731643,40.56609077,A192,_,00670,736
A192__00660.736,8.335754019724483,40.566317045,A192,_,00660,736
A192__0061.736,8.319355482095531,40.57230995,A192,_,0061,736
A192__00600.736,8.352986937475412,40.576984679999995,A192,_,00600,736
A192__00570.736,8.35682624091,40.589147069999996,A192,_,00570,736
A192__00550.736,8.324735360662192,40.589898000000005,A192,_,00550,736
A192__00490.736,8.257441284935267,40.58850644,A192,_,00490,736
A192__00480.736,8.226088117534195,40.59094582,A192,_,00480,736
A192__00410.736,8.333300155104272,40.60616998,A192,_,00410,736
A192__00400.736,8.330537451932042,40.599327294999995,A192,_,00400,736
A192__00390.736,8.32038954376009,40.598319945,A192,_,00390,736
A192__00260.736,8.287634325120951,40.620477485,A192,_,00260,736
A192__00030.737,8.239674346680804,40.64802842,A192,_,00030,737
A192__00900.737,8.366273650989376,40.53419871,A192,_,00900,737
A192__00890.737,8.353346116826,40.524856740000004,A192,_,00890,737
A192__00740.737,8.361044360632159,40.561819435000004,A192,_,00740,737
A192__00670.737,8.346779272598916,40.5648161,A192,_,00670,737
A192__00660.737,8.33547334728403,40.566295785,A192,_,00660,737
A192__0061.737,8.31974288208039,40.57235788,A192,_,0061,737
A192__00600.737,8.352656643907553,40.577000944999995,A192,_,00600,737
A192__00570.737,8.35142398982665,40.588787569999994,A192,_,00570,737
A192__00490.737,8.25647772251681,40.58909907,A192,_,00490,737
A192__00400.737,8.329922813144128,40.59975782,A192,_,00400,737
A192__00260.737,8.296515706962442,40.617026824999996,A192,_,00260,737
A192__00210.737,8.348261039280858,40.624277500000005,A192,_,00210,737
A192__00030.738,8.243306513848882,40.663306500000004,A192,_,00030,738
A192__00970.738,8.3149893080686,40.556061545000006,A192,_,00970,738
A192__00940.738,8.356954837586386,40.519179115,A192,_,00940,738
A192__00900.738,8.36598767594224,40.532302470000005,A192,_,00900,738
A192__00890.738,8.35375793685588,40.52577262,A192,_,00890,738
A192__00780.738,8.334535198445238,40.54450699,A192,_,00780,738
A192__00740.738,8.361112330000001,40.561889545,A192,_,00740,738
A192__00720.738,8.346317353151946,40.558567870000005,A192,_,00720,738
A192__00670.738,8.347696752025332,40.564990875,A192,_,00670,738
A192__00660.738,8.335390824331132,40.566481925000005,A192,_,00660,738
A192__0064.738,8.319530610154173,40.56466729500001,A192,_,0064,738
A192__00620.738,8.327531392119383,40.57968452,A192,_,00620,738
A192__00600.738,8.346854444962794,40.57911491,A192,_,00600,738
A192__00570.738,8.351199640926533,40.588464255,A192,_,00570,738
A192__00490.738,8.256389661992873,40.588665225,A192,_,00490,738
A192__00410.738,8.33272063352015,40.60617209,A192,_,00410,738
A192__00260.738,8.296285113411882,40.616679469999994,A192,_,00260,738
A192__00190.738,8.197742528422724,40.63733135,A192,_,00190,738
A192__00190.739,8.196956702341925,40.63777879,A192,_,00190,739
A192__00890.739,8.352440843297355,40.52602431,A192,_,00890,739
A192__00780.739,8.334262680009168,40.54401874,A192,_,00780,739
A192__00740.739,8.361412735084755,40.561760320000005,A192,_,00740,739
A192__00720.739,8.34659421626066,40.55848618,A192,_,00720,739
A192__00670.739,8.347328256623802,40.56474238,A192,_,00670,739
A192__00620.739,8.328746729500939,40.579143375,A192,_,00620,739
A192__0061.739,8.319138492963614,40.572123985,A192,_,0061,739
A192__00600.739,8.346585172099584,40.57911491,A192,_,00600,739
A192__00570.739,8.351272056835493,40.588601705,A192,_,00570,739
A192__00490.739,8.25622148703692,40.58824551,A192,_,00490,739
A192__00400.739,8.329700344447511,40.599550685,A192,_,00400,739
A192__00260.739,8.295053110130208,40.61671303,A192,_,00260,739
A192__00210.739,8.348795081365296,40.624451685,A192,_,00210,739
A192__00010.74,8.22866412528154,40.663609835,A192,_,00010,74
A192__00970.74,8.314923502534327,40.55858319,A192,_,00970,74
A192__00960.74,8.370157238041564,40.508623334999996,A192,_,00960,74
A192__00950.74,8.353223525640946,40.519059525,A192,_,00950,74
A192__00940.74,8.353230954169089,40.51052301,A192,_,00940,74
A192__00930.74,8.336391336149333,40.517295225,A192,_,00930,74
A192__00920.74,8.380400827988545,40.52909584,A192,_,00920,74
A192__00890.74,8.350447362571337,40.52905187,A192,_,00890,74
A192__00880.74,8.348175297461413,40.519672545,A192,_,00880,74
A192__00870.74,8.341880506346968,40.525610805,A192,_,00870,74
A192__00860.74,8.367614858208258,40.54420756,A192,_,00860,74
A192__00850.74,8.345942484163366,40.53429477,A192,_,00850,74
A192__00840.74,8.324087951802161,40.53936916,A192,_,00840,74
A192__00820.74,8.377396747920567,40.5469427,A192,_,00820,74
A192__0077.74,8.32740700412673,40.555696495,A192,_,0077,74
A192__00750.74,8.368774121823453,40.554836905,A192,_,00750,74
A192__00730.74,8.34931413730136,40.55624503,A192,_,00730,74
A192__00720.74,8.339346218050743,40.55242489,A192,_,00720,74
A192__0071.74,8.32095145064266,40.55790981,A192,_,0071,74
A192__00680.74,8.351191165661195,40.572035385,A192,_,00680,74
A192__00670.74,8.344630023062066,40.563082539999996,A192,_,00670,74
A192__0065.74,8.318060845019174,40.56157326,A192,_,0065,74
A192__00640.74,8.322508685495695,40.56528935,A192,_,00640,74
A192__00630.74,8.33531135844379,40.56968564,A192,_,00630,74
A192__00600.74,8.348240557640278,40.57304545,A192,_,00600,74
A192__00590.74,8.373836991166794,40.575147415,A192,_,00590,74
A192__00580.74,8.362820775981408,40.57697004,A192,_,00580,74
A192__00560.74,8.323264062438499,40.581090895,A192,_,00560,74
A192__00520.74,8.330369113765569,40.594009404999994,A192,_,00520,74
A192__00510.74,8.315416633608073,40.59736238,A192,_,00510,74
A192__0050.74,8.31389926978107,40.581280525,A192,_,0050,74
A192__0049.74,8.285482624507374,40.59264648,A192,_,0049,74
A192__00450.74,8.165073980861763,40.584304020000005,A192,_,00450,74
A192__00380.74,8.312418923549533,40.596386394999996,A192,_,00380,74
A192__00360.74,8.306979319499384,40.6032254,A192,_,00360,74
A192__00340.74,8.267592144112466,40.608826175,A192,_,00340,74
A192__00330.74,8.260652413610618,40.592946415,A192,_,00330,74
A192__00320.74,8.20831863297118,40.593080584999996,A192,_,00320,74
A192__00310.74,8.381397891926127,40.61079477,A192,_,00310,74
A192__00290.74,8.394872386157429,40.618710435,A192,_,00290,74
A192__00270.74,8.352405241785661,40.607556195,A192,_,00270,74
A192__00260.74,8.289076676839915,40.613058375,A192,_,00260,74
A192__00250.74,8.287485345868731,40.61075718,A192,_,00250,74
A192__00240.74,8.219469710877586,40.61896608,A192,_,00240,74
A192__00230.74,8.172864148083942,40.594195815,A192,_,00230,74
A192__00190.74,8.206125495368598,40.620186454999995,A192,_,00190,74
A192__00170.74,8.325540504932164,40.630749755,A192,_,00170,74
A192__00160.74,8.263092370767406,40.628250405,A192,_,00160,74
A192__00150.74,8.227872044633841,40.642282800000004,A192,_,00150,74
A192__00100.74,8.27457662461665,40.658318050000005,A192,_,00100,74
A192__00080.74,8.325575316441977,40.659663945000005,A192,_,00080,74
A192__00060.74,8.296656530901032,40.652009805,A192,_,00060,74
A192__00050.74,8.270335093968104,40.662971835,A192,_,00050,74
A192__00490.740,8.25612845218268,40.587474555,A192,_,00490,740
A192__00970.740,8.31285792109431,40.556606365,A192,_,00970,740
A192__00900.740,8.360532812798757,40.529537340000005,A192,_,00900,740
A192__00890.740,8.353250499797294,40.52651028,A192,_,00890,740
A192__00780.740,8.3341485601443,40.544234270000004,A192,_,00780,740
A192__00740.740,8.361179625038064,40.561633485,A192,_,00740,740
A192__00720.740,8.346542741149495,40.55856948,A192,_,00720,740
A192__00670.740,8.347080036005938,40.564717755,A192,_,00670,740
A192__00660.740,8.335018176647708,40.566374265,A192,_,00660,740
A192__00620.740,8.329873712803137,40.57860225,A192,_,00620,740
A192__0061.740,8.319331870957699,40.57187287,A192,_,0061,740
A192__00600.740,8.347703437949937,40.58044351,A192,_,00600,740
A192__00570.740,8.351407505808425,40.58846287,A192,_,00570,740
A192__00550.740,8.325116345533964,40.590546225,A192,_,00550,740
A192__00030.741,8.239999428897189,40.656778994999996,A192,_,00030,741
A192__00970.741,8.314234536812545,40.55862639,A192,_,00970,741
A192__00940.741,8.358908528247172,40.509732985,A192,_,00940,741
A192__00930.741,8.343621544291299,40.518564749999996,A192,_,00930,741
A192__00890.741,8.3529715247568,40.52606444,A192,_,00890,741
A192__00780.741,8.334181484986555,40.544377335,A192,_,00780,741
A192__00740.741,8.361494840785063,40.561199695,A192,_,00740,741
A192__00720.741,8.346157686501396,40.558823579999995,A192,_,00720,741
A192__00670.741,8.346909289091055,40.564758409999996,A192,_,00670,741
A192__00660.741,8.334747014746311,40.566265805,A192,_,00660,741
A192__00620.741,8.32469999609688,40.573837925,A192,_,00620,741
A192__0061.741,8.319527745781803,40.57174094,A192,_,0061,741
A192__00600.741,8.347350254273104,40.58002429,A192,_,00600,741
A192__00550.741,8.325179475927012,40.590856845000005,A192,_,00550,741
A192__00400.741,8.329298058754206,40.60557647,A192,_,00400,741
A192__00390.741,8.325299718536783,40.607293465,A192,_,00390,741
A192__00210.741,8.349283416938,40.624606605,A192,_,00210,741
A192__00030.742,8.240017855193305,40.65695644,A192,_,00030,742
A192__00940.742,8.35937018683002,40.50943564,A192,_,00940,742
A192__00890.742,8.353986698836952,40.526146534999995,A192,_,00890,742
A192__00780.742,8.33195826587778,40.54261472,A192,_,00780,742
A192__00740.742,8.36098419168995,40.561607730000006,A192,_,00740,742
A192__00720.742,8.346073401405526,40.558760705,A192,_,00720,742
A192__0071.742,8.319335918062233,40.551207985000005,A192,_,0071,742
A192__00670.742,8.34392466187007,40.567064035,A192,_,00670,742
A192__00620.742,8.324292714755966,40.575589480000005,A192,_,00620,742
A192__00600.742,8.347050193942735,40.580469425000004,A192,_,00600,742
A192__00570.742,8.350811860229932,40.588628265,A192,_,00570,742
A192__00550.742,8.32527188900728,40.591161830000004,A192,_,00550,742
A192__00490.742,8.256751145978278,40.58740444,A192,_,00490,742
A192__00410.742,8.336531320317814,40.599325205,A192,_,00410,742
A192__00260.742,8.293018287280344,40.61660635,A192,_,00260,742
A192__00210.742,8.34927254199432,40.624767395,A192,_,00210,742
A192__00190.742,8.203947394150891,40.62019529,A192,_,00190,742
A192__00030.743,8.24022414129188,40.656964275,A192,_,00030,743
A192__00940.743,8.35896643837739,40.509473635,A192,_,00940,743
A192__00930.743,8.343829286279256,40.51845626,A192,_,00930,743
A192__00890.743,8.354727341029886,40.52522976,A192,_,00890,743
A192__00780.743,8.331758609637857,40.542868755,A192,_,00780,743
A192__00740.743,8.361697581575656,40.5614992,A192,_,00740,743
A192__00720.743,8.346158075255737,40.55890243,A192,_,00720,743
A192__00670.743,8.34410031017612,40.56706,A192,_,00670,743
A192__00660.743,8.334651257598244,40.567199224999996,A192,_,00660,743
A192__00640.743,8.320130798894358,40.567847445,A192,_,00640,743
A192__00620.743,8.324595069899928,40.57444367,A192,_,00620,743
A192__00600.743,8.346930130649053,40.580214085,A192,_,00600,743
A192__00570.743,8.351142145094048,40.588644165000005,A192,_,00570,743
A192__00550.743,8.325352002516523,40.591345294999996,A192,_,00550,743
A192__00400.743,8.328417602808631,40.60572644,A192,_,00400,743
A192__00390.743,8.32593437493239,40.607173245,A192,_,00390,743
A192__00260.743,8.306400641373784,40.616667344999996,A192,_,00260,743
A192__00210.743,8.34954944845791,40.62480941,A192,_,00210,743
A192__00030.744,8.224288847066969,40.655066895,A192,_,00030,744
A192__00930.744,8.343712769782755,40.518370415,A192,_,00930,744
A192__00890.744,8.354656856037115,40.525370435,A192,_,00890,744
A192__00740.744,8.362089973532285,40.56157827,A192,_,00740,744
A192__00670.744,8.344113119829855,40.56877119,A192,_,00670,744
A192__00660.744,8.334359286171205,40.56711079,A192,_,00660,744
A192__00620.744,8.321706977356268,40.568697095000005,A192,_,00620,744
A192__00610.744,8.315967867095718,40.580286325,A192,_,00610,744
A192__00600.744,8.34597108512826,40.573199585,A192,_,00600,744
A192__00570.744,8.349699682934565,40.58872205,A192,_,00570,744
A192__0049.744,8.28180053150654,40.59367186,A192,_,0049,744
A192__00480.744,8.225750211345979,40.591258034999996,A192,_,00480,744
A192__00410.744,8.334842752361165,40.609652335,A192,_,00410,744
A192__00210.744,8.349695045899498,40.62493416,A192,_,00210,744
A192__00030.745,8.224323466452597,40.654821205,A192,_,00030,745
A192__00940.745,8.355704605267254,40.516721795,A192,_,00940,745
A192__00890.745,8.354565395536092,40.52493441,A192,_,00890,745
A192__00780.745,8.333159810645396,40.54367076,A192,_,00780,745
A192__00740.745,8.362089096978618,40.56140497,A192,_,00740,745
A192__00720.745,8.346728997177669,40.55863514,A192,_,00720,745
A192__00670.745,8.343933256191242,40.56869539,A192,_,00670,745
A192__00660.745,8.334784685674313,40.56701758,A192,_,00660,745
A192__00610.745,8.317450722318977,40.580522849999994,A192,_,00610,745
A192__00600.745,8.346009618456614,40.573056165,A192,_,00600,745
A192__00570.745,8.34938983502324,40.588692370000004,A192,_,00570,745
A192__00480.745,8.225697934474008,40.59139119,A192,_,00480,745
A192__00410.745,8.335254726893432,40.60951159,A192,_,00410,745
A192__00400.745,8.329434806530841,40.59984675,A192,_,00400,745
A192__00260.745,8.304413601062588,40.61667452499999,A192,_,00260,745
A192__00210.745,8.349833231030267,40.624914704999995,A192,_,00210,745
A192__00190.745,8.209392310630886,40.639556485,A192,_,00190,745
A192__00030.746,8.242219421972763,40.656089265,A192,_,00030,746
A192__00940.746,8.355303588905414,40.516721895,A192,_,00940,746
A192__00900.746,8.360941958177094,40.536034785,A192,_,00900,746
A192__00890.746,8.35421868246983,40.525606635,A192,_,00890,746
A192__00780.746,8.333160583272711,40.54346811,A192,_,00780,746
A192__00740.746,8.36180866068644,40.56130259,A192,_,00740,746
A192__00660.746,8.334983160534534,40.567010005,A192,_,00660,746
A192__00630.746,8.336114248878973,40.573177765,A192,_,00630,746
A192__00620.746,8.322173817695584,40.56888722,A192,_,00620,746
A192__00600.746,8.353123600964684,40.574264595,A192,_,00600,746
A192__00570.746,8.345124063524452,40.585744145,A192,_,00570,746
A192__00490.746,8.274324495486567,40.593460875,A192,_,00490,746
A192__00410.746,8.334931003563163,40.608901925,A192,_,00410,746
A192__00260.746,8.306395852330258,40.617569700000004,A192,_,00260,746
A192__00210.746,8.35032094456339,40.625134005,A192,_,00210,746
A192__00190.746,8.208810001840394,40.639166095,A192,_,00190,746
A192__00030.747,8.241976323615997,40.656070565,A192,_,00030,747
A192__00930.747,8.344059928401801,40.518423755,A192,_,00930,747
A192__00890.747,8.353615054086589,40.52348405,A192,_,00890,747
A192__00740.747,8.360596639799994,40.56222132,A192,_,00740,747
A192__00720.747,8.341227322354023,40.560038539999994,A192,_,00720,747
A192__00660.747,8.335508672164952,40.566899945,A192,_,00660,747
A192__00640.747,8.32020490048058,40.567699524999995,A192,_,00640,747
A192__00630.747,8.33613705416192,40.572968355,A192,_,00630,747
A192__00620.747,8.325651944319986,40.572351085,A192,_,00620,747
A192__00570.747,8.345403637751884,40.586272955,A192,_,00570,747
A192__00550.747,8.324294011519886,40.58979734,A192,_,00550,747
A192__00490.747,8.27612959692635,40.594069445,A192,_,00490,747
A192__00410.747,8.335547664372378,40.61006963,A192,_,00410,747
A192__00400.747,8.33080430844101,40.599635985,A192,_,00400,747
A192__00250.747,8.282137582787461,40.627090365,A192,_,00250,747
A192__00210.747,8.350335352940347,40.625073584999996,A192,_,00210,747
A192__00030.748,8.241771191769327,40.655957755,A192,_,00030,748
A192__00940.748,8.35773738829456,40.519027985,A192,_,00940,748
A192__00900.748,8.35666584223011,40.52414476,A192,_,00900,748
A192__00890.748,8.355997200340713,40.524704845,A192,_,00890,748
A192__00740.748,8.36026160362273,40.562118855,A192,_,00740,748
A192__00720.748,8.34167256921498,40.560584735,A192,_,00720,748
A192__00670.748,8.34356094146461,40.568164769999996,A192,_,00670,748
A192__00640.748,8.335064899281067,40.567767855,A192,_,00640,748
A192__00630.748,8.337109993787816,40.571285365,A192,_,00630,748
A192__00620.748,8.325733947048612,40.57226594,A192,_,00620,748
A192__00610.748,8.316348319474496,40.579871075,A192,_,00610,748
A192__00600.748,8.35201596206318,40.574037715,A192,_,00600,748
A192__00570.748,8.345443481333543,40.58632418,A192,_,00570,748
A192__00410.748,8.3334642634645,40.60686186,A192,_,00410,748
A192__00400.748,8.329857279417354,40.599880115000005,A192,_,00400,748
A192__00390.748,8.325577951920932,40.606367815,A192,_,00390,748
A192__00260.748,8.304404238835488,40.61801717,A192,_,00260,748
A192__00250.748,8.282139533524461,40.62696724,A192,_,00250,748
A192__00210.748,8.351650568420983,40.625557365,A192,_,00210,748
A192__00190.748,8.208289424796689,40.63987944,A192,_,00190,748
A192__00030.749,8.241399391496595,40.655054145,A192,_,00030,749
A192__00940.749,8.357756300932042,40.51642384,A192,_,00940,749
A192__00930.749,8.343677482039647,40.518054930000005,A192,_,00930,749
A192__00900.749,8.356567177735734,40.523969324999996,A192,_,00900,749
A192__00890.749,8.351203391717362,40.534924845,A192,_,00890,749
A192__00740.749,8.360301896826765,40.56219924,A192,_,00740,749
A192__00720.749,8.342184914996285,40.56059684,A192,_,00720,749
A192__00670.749,8.343452409218006,40.569052165,A192,_,00670,749
A192__00640.749,8.335135356547196,40.567742275,A192,_,00640,749
A192__00630.749,8.337244530072063,40.573390790000005,A192,_,00630,749
A192__00620.749,8.324809909211748,40.5742614,A192,_,00620,749
A192__00610.749,8.316835295896038,40.578966304999994,A192,_,00610,749
A192__00600.749,8.35224943286844,40.574200855,A192,_,00600,749
A192__00570.749,8.345232973427583,40.585761794999996,A192,_,00570,749
A192__00550.749,8.324049167799028,40.589655045,A192,_,00550,749
A192__00410.749,8.336661539183225,40.599003755,A192,_,00410,749
A192__00260.749,8.304300122140003,40.619374585,A192,_,00260,749
A192__00250.749,8.26755872136654,40.624531335,A192,_,00250,749
A192__00210.749,8.351602466617758,40.625476680000006,A192,_,00210,749
A192__00010.75,8.229133810201564,40.659021245000005,A192,_,00010,75
A192__00970.75,8.314812172840572,40.558639580000005,A192,_,00970,75
A192__00960.75,8.37023787792716,40.508946075,A192,_,00960,75
A192__00950.75,8.353447594071179,40.5195258,A192,_,00950,75
A192__00930.75,8.337190837953486,40.517703925,A192,_,00930,75
A192__00890.75,8.346901440193019,40.52944743,A192,_,00890,75
A192__00880.75,8.348171029775276,40.51905042,A192,_,00880,75
A192__00870.75,8.342184725646348,40.52559923,A192,_,00870,75
A192__00850.75,8.346137809349688,40.533666295,A192,_,00850,75
A192__00840.75,8.323860918303481,40.539791765,A192,_,00840,75
A192__00820.75,8.380887941725103,40.547301829999995,A192,_,00820,75
A192__00810.75,8.364151262849978,40.546595675,A192,_,00810,75
A192__00800.75,8.36287583211248,40.545637240000005,A192,_,00800,75
A192__0077.75,8.327560591821818,40.555696495,A192,_,0077,75
A192__00750.75,8.36909594268529,40.55513946,A192,_,00750,75
A192__00740.75,8.35836760774938,40.55371205,A192,_,00740,75
A192__00730.75,8.347107715555346,40.551298825,A192,_,00730,75
A192__00720.75,8.337741255747298,40.555944415,A192,_,00720,75
A192__00690.75,8.361776576796657,40.566323725000004,A192,_,00690,75
A192__00680.75,8.351294156016365,40.571788725000005,A192,_,00680,75
A192__00670.75,8.347173705759792,40.56270979,A192,_,00670,75
A192__0064.75,8.322598852520972,40.564561365,A192,_,0064,75
A192__00630.75,8.334518090726293,40.569609035,A192,_,00630,75
A192__00620.75,8.32557775103609,40.57106186,A192,_,00620,75
A192__00590.75,8.373882554102451,40.575709925,A192,_,00590,75
A192__00580.75,8.362089684543172,40.577119585,A192,_,00580,75
A192__00570.75,8.349001872653666,40.585268985,A192,_,00570,75
A192__00560.75,8.323691617755772,40.578811975,A192,_,00560,75
A192__00530.75,8.338548473826211,40.59321468,A192,_,00530,75
A192__00520.75,8.330845279950323,40.59400317,A192,_,00520,75
A192__00510.75,8.31789394991318,40.597261835,A192,_,00510,75
A192__0050.75,8.314065150655088,40.58130607,A192,_,0050,75
A192__00420.75,8.344459182531615,40.599523525,A192,_,00420,75
A192__00390.75,8.321058806406445,40.604817804999996,A192,_,00390,75
A192__00360.75,8.306436440812227,40.60328526,A192,_,00360,75
A192__00340.75,8.267092283158572,40.608757765,A192,_,00340,75
A192__00320.75,8.208008807358025,40.593145565,A192,_,00320,75
A192__00310.75,8.381390004605555,40.61090389,A192,_,00310,75
A192__00260.75,8.29100880579302,40.612446629999994,A192,_,00260,75
A192__00250.75,8.276936292731175,40.61123437,A192,_,00250,75
A192__00240.75,8.218574072810767,40.61662528,A192,_,00240,75
A192__00230.75,8.173623275646786,40.59404665,A192,_,00230,75
A192__00210.75,8.347420219232188,40.624078165,A192,_,00210,75
A192__00190.75,8.206554195232957,40.620289025000005,A192,_,00190,75
A192__00170.75,8.327115180303256,40.63049274,A192,_,00170,75
A192__00160.75,8.263639829221486,40.628255765000006,A192,_,00160,75
A192__00150.75,8.228701737075856,40.641647115,A192,_,00150,75
A192__00140.75,8.192236871152726,40.64449969,A192,_,00140,75
A192__00040.75,8.265493660473322,40.64796156,A192,_,00040,75
A192__00030.75,8.244648921312894,40.664093414999996,A192,_,00030,75
A192__00020.75,8.198890105450516,40.65407812,A192,_,00020,75
A192__00190.750,8.2080208141372,40.638889915,A192,_,00190,750
A192__00940.750,8.357690131631243,40.516639645,A192,_,00940,750
A192__00930.750,8.340003770160045,40.516895025,A192,_,00930,750
A192__00900.750,8.365580134428384,40.533072945,A192,_,00900,750
A192__00890.750,8.351219350714855,40.535263235,A192,_,00890,750
A192__00740.750,8.360555794906666,40.561723920000006,A192,_,00740,750
A192__00720.750,8.342735101608497,40.560315155,A192,_,00720,750
A192__00670.750,8.343748302970173,40.568931855,A192,_,00670,750
A192__00640.750,8.334913059426974,40.567705265,A192,_,00640,750
A192__00630.750,8.33786328200525,40.573440105,A192,_,00630,750
A192__00620.750,8.323875570098055,40.57524848,A192,_,00620,750
A192__00610.750,8.316541820546238,40.57869918,A192,_,00610,750
A192__00600.750,8.352817801028584,40.5741352,A192,_,00600,750
A192__00570.750,8.345027573638077,40.585680355,A192,_,00570,750
A192__00490.750,8.274029674878445,40.59329394,A192,_,00490,750
A192__00410.750,8.331908395522348,40.61134384,A192,_,00410,750
A192__00400.750,8.329597475848596,40.599828385,A192,_,00400,750
A192__00260.750,8.304898188524366,40.619346745,A192,_,00260,750
A192__00250.750,8.267490835044299,40.62434403,A192,_,00250,750
A192__00210.751,8.349592622925488,40.624723875,A192,_,00210,751
A192__00940.751,8.357408727809318,40.51701409,A192,_,00940,751
A192__00930.751,8.340191827584924,40.516610385,A192,_,00930,751
A192__00900.751,8.365987111884886,40.533314020000006,A192,_,00900,751
A192__00890.751,8.351642703408988,40.535124775,A192,_,00890,751
A192__00740.751,8.360646510264964,40.561763675,A192,_,00740,751
A192__00720.751,8.333719121503568,40.555635575,A192,_,00720,751
A192__00670.751,8.343612591774155,40.56872934,A192,_,00670,751
A192__00660.751,8.335152734493443,40.566734055,A192,_,00660,751
A192__00640.751,8.334951565162932,40.5676605,A192,_,00640,751
A192__00630.751,8.338068188930196,40.57358345,A192,_,00630,751
A192__00620.751,8.324194002929552,40.573765775,A192,_,00620,751
A192__00610.751,8.31591535327165,40.579680455,A192,_,00610,751
A192__00600.751,8.352695369354155,40.574305095,A192,_,00600,751
A192__00550.751,8.324298943984179,40.589313595,A192,_,00550,751
A192__00480.751,8.22218643689356,40.593535044999996,A192,_,00480,751
A192__00410.751,8.331652440501097,40.61073031,A192,_,00410,751
A192__00400.751,8.32968466678754,40.599872775,A192,_,00400,751
A192__00390.751,8.321823696911697,40.606383455,A192,_,00390,751
A192__00260.751,8.305506597204978,40.619339625,A192,_,00260,751
A192__00250.751,8.267714715948138,40.62430039,A192,_,00250,751
A192__00190.752,8.208785108727016,40.63987944,A192,_,00190,752
A192__00930.752,8.337345363660035,40.523927560000004,A192,_,00930,752
A192__00900.752,8.357348095081301,40.53369989,A192,_,00900,752
A192__00890.752,8.352265119027152,40.535555020000004,A192,_,00890,752
A192__00780.752,8.327358547997454,40.543902904999996,A192,_,00780,752
A192__00740.752,8.36092758522197,40.563361525000005,A192,_,00740,752
A192__00720.752,8.334551515175793,40.557582015,A192,_,00720,752
A192__00670.752,8.34328670082726,40.568833735,A192,_,00670,752
A192__00640.752,8.334761366545415,40.56764274,A192,_,00640,752
A192__00630.752,8.340042888297699,40.57264667,A192,_,00630,752
A192__00620.752,8.325032993393764,40.574764035,A192,_,00620,752
A192__00610.752,8.316213489674418,40.579375475,A192,_,00610,752
A192__00600.752,8.352721556720038,40.574341945,A192,_,00600,752
A192__00570.752,8.345469242724878,40.586321405,A192,_,00570,752
A192__00410.752,8.331398614219136,40.61018568,A192,_,00410,752
A192__00400.752,8.327017602932743,40.597242050000006,A192,_,00400,752
A192__00260.752,8.30611233723161,40.619332514999996,A192,_,00260,752
A192__00250.752,8.268207320529914,40.62050707,A192,_,00250,752
A192__00210.752,8.353486498130428,40.63183353,A192,_,00210,752
A192__00190.753,8.208557859177699,40.638934445000004,A192,_,00190,753
A192__00930.753,8.337040673134517,40.52432286,A192,_,00930,753
A192__0077.753,8.330458867631183,40.555446625,A192,_,0077,753
A192__00740.753,8.3583534987896,40.56227268,A192,_,00740,753
A192__00720.753,8.334405457643733,40.557395115,A192,_,00720,753
A192__00670.753,8.343461439357904,40.56855136,A192,_,00670,753
A192__00640.753,8.3347079953323,40.56755608,A192,_,00640,753
A192__00610.753,8.31644765098542,40.578853190000004,A192,_,00610,753
A192__00600.753,8.35274716320258,40.574373565,A192,_,00600,753
A192__00550.753,8.32385853680083,40.58947475,A192,_,00550,753
A192__00490.753,8.245541111159845,40.580903465,A192,_,00490,753
A192__00410.753,8.332121483418018,40.610695995,A192,_,00410,753
A192__00400.753,8.326837901775907,40.59672109,A192,_,00400,753
A192__00390.753,8.322347654108,40.60719004,A192,_,00390,753
A192__00260.753,8.306725028212218,40.619323574999996,A192,_,00260,753
A192__00250.753,8.268502490373834,40.620545254999996,A192,_,00250,753
A192__00190.754,8.208646884279458,40.63781555,A192,_,00190,754
A192__00940.754,8.353513297946211,40.50977974,A192,_,00940,754
A192__00930.754,8.34034507629724,40.51678703,A192,_,00930,754
A192__00900.754,8.35749227338286,40.53354864,A192,_,00900,754
A192__00890.754,8.351287135580087,40.526594364999994,A192,_,00890,754
A192__0077.754,8.330607111078024,40.555208675,A192,_,0077,754
A192__00740.754,8.356082334102751,40.554118275,A192,_,00740,754
A192__0072.754,8.330242637966474,40.55756357,A192,_,0072,754
A192__00660.754,8.335698133172023,40.56691584,A192,_,00660,754
A192__00640.754,8.334174026047094,40.567393805,A192,_,00640,754
A192__00630.754,8.33843561540449,40.57361172,A192,_,00630,754
A192__00610.754,8.316212536070847,40.579156585,A192,_,00610,754
A192__00600.754,8.330963741485157,40.58295885,A192,_,00600,754
A192__00570.754,8.350217141940204,40.59117766,A192,_,00570,754
A192__00480.754,8.24499474702322,40.588408965,A192,_,00480,754
A192__00400.754,8.32877193509454,40.597166145,A192,_,00400,754
A192__00390.754,8.32046241732811,40.60267494,A192,_,00390,754
A192__00260.754,8.300831463779698,40.62167652,A192,_,00260,754
A192__00250.754,8.268357501280263,40.62036355,A192,_,00250,754
A192__00190.755,8.208780576555881,40.640232375,A192,_,00190,755
A192__00940.755,8.356283566104441,40.51593988,A192,_,00940,755
A192__00930.755,8.33952018477764,40.518777605,A192,_,00930,755
A192__00890.755,8.351079128638702,40.533849875,A192,_,00890,755
A192__0077.755,8.330821834482396,40.55528715,A192,_,0077,755
A192__0072.755,8.329975080484022,40.557481710000005,A192,_,0072,755
A192__00660.755,8.33507252857008,40.567256205,A192,_,00660,755
A192__00640.755,8.334186206960858,40.567329465,A192,_,00640,755
A192__00630.755,8.334839141307288,40.572950645,A192,_,00630,755
A192__00610.755,8.316603298429825,40.57979222,A192,_,00610,755
A192__00600.755,8.330478508451112,40.582983755,A192,_,00600,755
A192__00570.755,8.350163337139001,40.590942465,A192,_,00570,755
A192__00550.755,8.32424908030939,40.589237194999995,A192,_,00550,755
A192__00490.755,8.263579115478517,40.590807395,A192,_,00490,755
A192__00480.755,8.244880004069989,40.58795385,A192,_,00480,755
A192__00410.755,8.332058486906917,40.60360654,A192,_,00410,755
A192__00400.755,8.3280442217288,40.59687414,A192,_,00400,755
A192__00390.755,8.320648071124332,40.60313437,A192,_,00390,755
A192__00260.755,8.298931590985763,40.622136075,A192,_,00260,755
A192__00250.756,8.267977179729922,40.624464745,A192,_,00250,756
A192__00970.756,8.312415929588012,40.558277245,A192,_,00970,756
A192__00940.756,8.358918475827762,40.51144689,A192,_,00940,756
A192__00900.756,8.354959382483138,40.532792154999996,A192,_,00900,756
A192__00890.756,8.347401750186032,40.532898425,A192,_,00890,756
A192__0077.756,8.330580650263578,40.554458714999996,A192,_,0077,756
A192__00670.756,8.34325929949392,40.568602835,A192,_,00670,756
A192__00640.756,8.333868626812713,40.56726668,A192,_,00640,756
A192__00620.756,8.325436612354306,40.57484796999999,A192,_,00620,756
A192__00610.756,8.316885596482596,40.579580684999996,A192,_,00610,756
A192__00570.756,8.349260626279383,40.590561475,A192,_,00570,756
A192__00550.756,8.324583540864985,40.589430875,A192,_,00550,756
A192__00400.756,8.328326634805705,40.597206465,A192,_,00400,756
A192__00390.756,8.322990551097346,40.609041985000005,A192,_,00390,756
A192__00260.756,8.3004056732297,40.621662525000005,A192,_,00260,756
A192__00190.757,8.204339040760551,40.631233089999995,A192,_,00190,757
A192__00940.757,8.35879201359064,40.511556055,A192,_,00940,757
A192__00900.757,8.355688258451034,40.533357575,A192,_,00900,757
A192__00890.757,8.350510140859845,40.536020050000005,A192,_,00890,757
A192__0077.757,8.331085697239516,40.554371335,A192,_,0077,757
A192__00740.757,8.361652233263928,40.56334429,A192,_,00740,757
A192__00670.757,8.340375452552667,40.56257637,A192,_,00670,757
A192__00640.757,8.333920728292185,40.567212925,A192,_,00640,757
A192__00620.757,8.324717276318754,40.57519356,A192,_,00620,757
A192__00610.757,8.316921336948106,40.579693935,A192,_,00610,757
A192__00570.757,8.349588057981993,40.59048577,A192,_,00570,757
A192__00550.757,8.324708223670562,40.589488955,A192,_,00550,757
A192__00410.757,8.332163254248318,40.596950765,A192,_,00410,757
A192__00400.757,8.327986432624495,40.5968637,A192,_,00400,757
A192__00250.757,8.271561544012114,40.619753035,A192,_,00250,757
A192__00260.758,8.296376991231352,40.628300295,A192,_,00260,758
A192__00930.758,8.34366168416329,40.51861767,A192,_,00930,758
A192__00900.758,8.365307482441793,40.5337976,A192,_,00900,758
A192__00890.758,8.35275714189422,40.523140944999994,A192,_,00890,758
A192__0077.758,8.33035158125303,40.553262405,A192,_,0077,758
A192__00740.758,8.361458740857582,40.563667135,A192,_,00740,758
A192__00660.758,8.334478248912896,40.566638805,A192,_,00660,758
A192__00640.758,8.33383337611816,40.567253625000006,A192,_,00640,758
A192__00620.758,8.324414547271239,40.57461884,A192,_,00620,758
A192__00610.758,8.317004776459742,40.57960287,A192,_,00610,758
A192__00570.758,8.346593064645857,40.589537140000004,A192,_,00570,758
A192__00550.758,8.324860349186924,40.58930478,A192,_,00550,758
A192__0049.758,8.279195174372227,40.593979345,A192,_,0049,758
A192__00410.758,8.332069436764717,40.59655532,A192,_,00410,758
A192__00400.758,8.32826706722225,40.59686614,A192,_,00400,758
A192__00390.758,8.32027165968599,40.600241025,A192,_,00390,758
A192__00030.759,8.242425033655136,40.663402165,A192,_,00030,759
A192__00930.759,8.345197777792546,40.519204654999996,A192,_,00930,759
A192__00900.759,8.36479509147025,40.532640435000005,A192,_,00900,759
A192__00890.759,8.352816803200739,40.523006665,A192,_,00890,759
A192__0077.759,8.330808522416763,40.55314803,A192,_,0077,759
A192__00740.759,8.359178635019571,40.56111325,A192,_,00740,759
A192__00660.759,8.334463708411008,40.567032499999996,A192,_,00660,759
A192__00640.759,8.333886332975947,40.56719992,A192,_,00640,759
A192__00620.759,8.329697097902741,40.576331014999994,A192,_,00620,759
A192__00610.759,8.316622227658787,40.578568605,A192,_,00610,759
A192__00570.759,8.346792517831439,40.5895958,A192,_,00570,759
A192__00400.759,8.328579757867926,40.597687945000004,A192,_,00400,759
A192__00210.759,8.34308877372527,40.623369909999994,A192,_,00210,759
A192__00020.76,8.198852762401785,40.653586385,A192,_,00020,76
A192__00970.76,8.314801941625422,40.55875384,A192,_,00970,76
A192__00960.76,8.368467201810281,40.5081467,A192,_,00960,76
A192__00930.76,8.338177757525214,40.517869375,A192,_,00930,76
A192__00890.76,8.347181355722283,40.528089855,A192,_,00890,76
A192__00880.76,8.34776433281165,40.518446145,A192,_,00880,76
A192__00870.76,8.34244027420858,40.525682015,A192,_,00870,76
A192__00860.76,8.367059934776501,40.543920869999994,A192,_,00860,76
A192__00850.76,8.345626564280138,40.533623614999996,A192,_,00850,76
A192__00840.76,8.323592461362367,40.537484004999996,A192,_,00840,76
A192__00820.76,8.384382365007188,40.542817955000004,A192,_,00820,76
A192__00810.76,8.375933385331884,40.545775045,A192,_,00810,76
A192__00790.76,8.344065330585895,40.539274129999995,A192,_,00790,76
A192__00780.76,8.327262132861001,40.5472284,A192,_,00780,76
A192__0077.76,8.327726999026744,40.55567241,A192,_,0077,76
A192__00740.76,8.363154008156332,40.552028725,A192,_,00740,76
A192__00730.76,8.34838081473307,40.55125803,A192,_,00730,76
A192__00720.76,8.33726665374714,40.556098739999996,A192,_,00720,76
A192__00690.76,8.361999114148794,40.56660363,A192,_,00690,76
A192__00670.76,8.343888174753388,40.56400481,A192,_,00670,76
A192__0065.76,8.315897893348016,40.56030302,A192,_,0065,76
A192__00630.76,8.334550398073855,40.570140820000006,A192,_,00630,76
A192__00620.76,8.32419909937809,40.57166846,A192,_,00620,76
A192__00560.76,8.324733067633215,40.581195705,A192,_,00560,76
A192__00520.76,8.331094886380388,40.593868945,A192,_,00520,76
A192__0049.76,8.2849377809708,40.59427517,A192,_,0049,76
A192__00450.76,8.163956147827925,40.583872585,A192,_,00450,76
A192__00380.76,8.314575589946022,40.594840325,A192,_,00380,76
A192__00360.76,8.306456180435276,40.603225210000005,A192,_,00360,76
A192__00350.76,8.26170568280356,40.60169621,A192,_,00350,76
A192__00330.76,8.257783925724658,40.593790999999996,A192,_,00330,76
A192__00310.76,8.381424134471047,40.610647395,A192,_,00310,76
A192__00260.76,8.290885804783933,40.612307635,A192,_,00260,76
A192__00240.76,8.22099463273113,40.616257625,A192,_,00240,76
A192__00230.76,8.173769950765003,40.594017245,A192,_,00230,76
A192__00170.76,8.327894545659152,40.630569165,A192,_,00170,76
A192__00140.76,8.190116277560595,40.643637755,A192,_,00140,76
A192__00100.76,8.272671445194987,40.657375055,A192,_,00100,76
A192__00080.76,8.326022484826076,40.659160545,A192,_,00080,76
A192__00060.76,8.296744861911971,40.658323605,A192,_,00060,76
A192__00040.76,8.254467714297022,40.66130534,A192,_,00040,76
A192__00030.76,8.245370443615837,40.650013005000005,A192,_,00030,76
A192__00030.760,8.242045012293918,40.66335612,A192,_,00030,760
A192__00940.760,8.355987337989056,40.507980880000005,A192,_,00940,760
A192__00930.760,8.345034690792023,40.518984995,A192,_,00930,760
A192__00900.760,8.363130792782357,40.531505585,A192,_,00900,760
A192__00890.760,8.352870196251926,40.522863535,A192,_,00890,760
A192__0077.760,8.330720120138345,40.552623595,A192,_,0077,760
A192__00640.760,8.333799403429662,40.567238685,A192,_,00640,760
A192__00620.760,8.330402094470127,40.575799275,A192,_,00620,760
A192__00610.760,8.316737621822387,40.578340170000004,A192,_,00610,760
A192__00600.760,8.349273506943398,40.578806895,A192,_,00600,760
A192__00550.760,8.325167398540165,40.588888385000004,A192,_,00550,760
A192__00490.760,8.258423558380949,40.588869380000006,A192,_,00490,760
A192__00410.760,8.339422591617438,40.605365934999995,A192,_,00410,760
A192__00400.760,8.32794037315016,40.597879115,A192,_,00400,760
A192__00390.760,8.320524081209452,40.600566255000004,A192,_,00390,760
A192__00260.760,8.296058421473226,40.628344645,A192,_,00260,760
A192__00190.760,8.205998770055078,40.63326798,A192,_,00190,760
A192__00030.761,8.229797092436748,40.649542440000005,A192,_,00030,761
A192__00970.761,8.313208143834915,40.557046415,A192,_,00970,761
A192__00940.761,8.355806840659838,40.50835575,A192,_,00940,761
A192__00930.761,8.33777003285212,40.52082324,A192,_,00930,761
A192__00890.761,8.352979374983423,40.522718325,A192,_,00890,761
A192__0077.761,8.330381540805078,40.55255091,A192,_,0077,761
A192__00720.761,8.336874840307903,40.55990467,A192,_,00720,761
A192__00670.761,8.343577935819653,40.561847244999996,A192,_,00670,761
A192__00640.761,8.333864610456367,40.567193384999996,A192,_,00640,761
A192__00630.761,8.335570773948408,40.573413015,A192,_,00630,761
A192__00620.761,8.331010050535749,40.575371595,A192,_,00620,761
A192__00600.761,8.349672373751158,40.578975395,A192,_,00600,761
A192__00400.761,8.32803255431967,40.59820745,A192,_,00400,761
A192__00390.761,8.321773433165518,40.600002024999995,A192,_,00390,761
A192__00190.761,8.205826203117955,40.632809089999995,A192,_,00190,761
A192__00030.762,8.229514436976588,40.649475075,A192,_,00030,762
A192__00940.762,8.360548962607801,40.50895489,A192,_,00940,762
A192__00890.762,8.35101177748303,40.527083615,A192,_,00890,762
A192__00780.762,8.338288587285613,40.541766385,A192,_,00780,762
A192__0077.762,8.331135590669383,40.553731915,A192,_,0077,762
A192__00720.762,8.336854456403854,40.55976811,A192,_,00720,762
A192__00660.762,8.334756404210937,40.566714899999994,A192,_,00660,762
A192__00640.762,8.333528303195116,40.56711722,A192,_,00640,762
A192__00630.762,8.33572271321544,40.57339494,A192,_,00630,762
A192__00620.762,8.330805749339714,40.57575935,A192,_,00620,762
A192__00570.762,8.354790040298635,40.587771005,A192,_,00570,762
A192__00550.762,8.324539064983158,40.58909524,A192,_,00550,762
A192__00490.762,8.254081535075748,40.58846378,A192,_,00490,762
A192__00410.762,8.339729314099019,40.604794075,A192,_,00410,762
A192__00400.762,8.328639371382861,40.598121985000006,A192,_,00400,762
A192__00390.762,8.32155316555762,40.599972095,A192,_,00390,762
A192__00260.762,8.28963028485712,40.617718190000005,A192,_,00260,762
A192__00210.762,8.339432224127126,40.625406174999995,A192,_,00210,762
A192__00190.762,8.2011980189993,40.634872475,A192,_,00190,762
A192__00030.763,8.229473448929667,40.649304275,A192,_,00030,763
A192__00940.763,8.36054417295719,40.508753580000004,A192,_,00940,763
A192__00930.763,8.343506676381974,40.518449020000006,A192,_,00930,763
A192__00890.763,8.350191849073148,40.52813961,A192,_,00890,763
A192__0077.763,8.33136645582556,40.55365184,A192,_,0077,763
A192__00660.763,8.33854529290479,40.567464925,A192,_,00660,763
A192__00640.763,8.33367567559591,40.567103215,A192,_,00640,763
A192__00630.763,8.340172822769048,40.571366479999995,A192,_,00630,763
A192__00620.763,8.324458686053902,40.57407723,A192,_,00620,763
A192__0061.763,8.319578858120192,40.573716309999995,A192,_,0061,763
A192__00600.763,8.350424111896121,40.57981628,A192,_,00600,763
A192__00570.763,8.354863281190529,40.58786738,A192,_,00570,763
A192__0049.763,8.281351927835734,40.59354964,A192,_,0049,763
A192__00480.763,8.23425338582874,40.586127700000006,A192,_,00480,763
A192__00400.763,8.326858547092783,40.59778499,A192,_,00400,763
A192__00390.763,8.321590249262538,40.600746645,A192,_,00390,763
A192__00210.763,8.338166373818767,40.624774425,A192,_,00210,763
A192__00190.763,8.200853948804648,40.6348289,A192,_,00190,763
A192__00030.764,8.237831190798648,40.653873045,A192,_,00030,764
A192__00940.764,8.360557568276068,40.50852569,A192,_,00940,764
A192__00930.764,8.343510726743554,40.518627605,A192,_,00930,764
A192__00780.764,8.338160358102677,40.54250298,A192,_,00780,764
A192__0077.764,8.331341690835286,40.553537585,A192,_,0077,764
A192__00720.764,8.336967826724003,40.560189205,A192,_,00720,764
A192__00660.764,8.338394765813998,40.56745163,A192,_,00660,764
A192__00640.764,8.333327668629176,40.567023385,A192,_,00640,764
A192__00630.764,8.33147588580243,40.574354850000006,A192,_,00630,764
A192__00610.764,8.317495043294485,40.582316344999995,A192,_,00610,764
A192__0049.764,8.281465997745588,40.593359835,A192,_,0049,764
A192__00480.764,8.23357476326666,40.586127700000006,A192,_,00480,764
A192__00400.764,8.327089472688806,40.598018265,A192,_,00400,764
A192__00390.764,8.321656789754837,40.60094914,A192,_,00390,764
A192__00260.764,8.295744504476392,40.617856724999996,A192,_,00260,764
A192__00210.764,8.332495937375583,40.623351795000005,A192,_,00210,764
A192__00190.764,8.204219152252634,40.633297595,A192,_,00190,764
A192__00030.765,8.23714437734063,40.65319241500001,A192,_,00030,765
A192__00970.765,8.315266748074933,40.557128075,A192,_,00970,765
A192__00930.765,8.343383975705496,40.518769955,A192,_,00930,765
A192__00890.765,8.347749493430662,40.536251684999996,A192,_,00890,765
A192__0077.765,8.331097590074643,40.5535704,A192,_,0077,765
A192__0072.765,8.326876389370174,40.55784181,A192,_,0072,765
A192__0071.765,8.321332317050176,40.552370525,A192,_,0071,765
A192__00660.765,8.335182472428414,40.56471778,A192,_,00660,765
A192__00640.765,8.333408021679308,40.566980445,A192,_,00640,765
A192__00630.765,8.338207211646164,40.569869855,A192,_,00630,765
A192__0061.765,8.319011887707283,40.575931780000005,A192,_,0061,765
A192__00600.765,8.34943361466547,40.578608195,A192,_,00600,765
A192__00410.765,8.331648597397459,40.602912895,A192,_,00410,765
A192__00400.765,8.323701429516893,40.597865569999996,A192,_,00400,765
A192__00390.765,8.321850486265422,40.60126126,A192,_,00390,765
A192__00260.765,8.295558198317114,40.617497755,A192,_,00260,765
A192__00250.765,8.282534894922154,40.609861405000004,A192,_,00250,765
A192__00210.765,8.332272289557082,40.623540655,A192,_,00210,765
A192__00250.766,8.28341233196452,40.609128205000005,A192,_,00250,766
A192__00940.766,8.361655772550128,40.51577105,A192,_,00940,766
A192__00930.766,8.343574340095898,40.518674485,A192,_,00930,766
A192__00780.766,8.328955858424756,40.547329895000004,A192,_,00780,766
A192__0077.766,8.330635778492224,40.552288024999996,A192,_,0077,766
A192__0072.766,8.327345648552084,40.556930815,A192,_,0072,766
A192__0071.766,8.321253728223233,40.552235275,A192,_,0071,766
A192__00660.766,8.335999983199368,40.564772145,A192,_,00660,766
A192__00640.766,8.333235507681731,40.5669814,A192,_,00640,766
A192__00630.766,8.33732303261818,40.57015147,A192,_,00630,766
A192__00620.766,8.325456871422267,40.573814455,A192,_,00620,766
A192__00610.766,8.317425677949684,40.58161559,A192,_,00610,766
A192__00600.766,8.347693584225784,40.57295476,A192,_,00600,766
A192__00490.766,8.264165298145798,40.59113885,A192,_,00490,766
A192__00400.766,8.323850640754129,40.598145265,A192,_,00400,766
A192__00390.766,8.322095068761595,40.601216945000004,A192,_,00390,766
A192__00260.766,8.295933764760875,40.61750843,A192,_,00260,766
A192__00250.767,8.283090792311345,40.60867077,A192,_,00250,767
A192__00930.767,8.340606801509718,40.52304212,A192,_,00930,767
A192__0077.767,8.330492156761299,40.55235663,A192,_,0077,767
A192__0072.767,8.32643290200691,40.557473064999996,A192,_,0072,767
A192__00660.767,8.33465632411541,40.564387565000004,A192,_,00660,767
A192__00640.767,8.332966768831014,40.566856529999995,A192,_,00640,767
A192__00630.767,8.337462552643835,40.570030239999994,A192,_,00630,767
A192__00620.767,8.324348556733051,40.57296429,A192,_,00620,767
A192__00610.767,8.317692021906538,40.581564060000005,A192,_,00610,767
A192__00570.767,8.354558588182538,40.590607645,A192,_,00570,767
A192__00550.767,8.324591625769028,40.589936905,A192,_,00550,767
A192__00400.767,8.324957579884806,40.59770006,A192,_,00400,767
A192__00390.767,8.321785261441146,40.60110412,A192,_,00390,767
A192__00260.767,8.307534513001917,40.621566085,A192,_,00260,767
A192__00190.768,8.205407194898136,40.633368365,A192,_,00190,768
A192__00970.768,8.314130761775619,40.55780602,A192,_,00970,768
A192__00930.768,8.335659011180969,40.518374505,A192,_,00930,768
A192__00890.768,8.347944720912459,40.532822485,A192,_,00890,768
A192__00780.768,8.32890163369062,40.547276455,A192,_,00780,768
A192__0077.768,8.331530283885352,40.553416055,A192,_,0077,768
A192__00720.768,8.339409446638687,40.560649175,A192,_,00720,768
A192__0071.768,8.320406986238178,40.553184525,A192,_,0071,768
A192__00660.768,8.33485457855264,40.56425018,A192,_,00660,768
A192__00640.768,8.333127719607408,40.56685317,A192,_,00640,768
A192__00620.768,8.331259496167114,40.577739865,A192,_,00620,768
A192__00570.768,8.346614492735782,40.58379135,A192,_,00570,768
A192__00550.768,8.324085564241358,40.590062265,A192,_,00550,768
A192__00490.768,8.264301834685774,40.591169195,A192,_,00490,768
A192__00410.768,8.337017798201842,40.599123410000004,A192,_,00410,768
A192__00400.768,8.32475303887195,40.59770006,A192,_,00400,768
A192__00390.768,8.321615291913718,40.601088705,A192,_,00390,768
A192__00260.768,8.309902542515108,40.621341445,A192,_,00260,768
A192__00250.768,8.279981488477349,40.620905565,A192,_,00250,768
A192__00210.768,8.352620567466847,40.62021872,A192,_,00210,768
A192__00190.769,8.208264965294518,40.640696935,A192,_,00190,769
A192__00930.769,8.335766318078635,40.517521755,A192,_,00930,769
A192__0077.769,8.331083340240266,40.553507429999996,A192,_,0077,769
A192__00720.769,8.339511078316196,40.560380375,A192,_,00720,769
A192__00660.769,8.33415762209596,40.564534725,A192,_,00660,769
A192__00640.769,8.332716656001605,40.56673995,A192,_,00640,769
A192__00570.769,8.346436034028255,40.584265544999994,A192,_,00570,769
A192__00550.769,8.324324518809895,40.5899026,A192,_,00550,769
A192__00490.769,8.261242064913787,40.591283149999995,A192,_,00490,769
A192__00390.769,8.32188908826377,40.600979949999996,A192,_,00390,769
A192__00260.769,8.309971706463692,40.620702245000004,A192,_,00260,769
A192__00210.769,8.351909375720535,40.619854835,A192,_,00210,769
A192__00010.77,8.23131115117928,40.659131505000005,A192,_,00010,77
A192__00970.77,8.314676334067471,40.5586519,A192,_,00970,77
A192__00960.77,8.372146894340275,40.50996341,A192,_,00960,77
A192__00880.77,8.34842728779808,40.518829335,A192,_,00880,77
A192__00870.77,8.342735807939423,40.52573244,A192,_,00870,77
A192__00850.77,8.344965413398509,40.534088,A192,_,00850,77
A192__00840.77,8.325708795522752,40.53480278,A192,_,00840,77
A192__00820.77,8.394387877231189,40.54171569499999,A192,_,00820,77
A192__00810.77,8.364378480686057,40.546387875,A192,_,00810,77
A192__00800.77,8.363605561409827,40.54510327,A192,_,00800,77
A192__0077.77,8.327443160453722,40.555159384999996,A192,_,0077,77
A192__00730.77,8.348152628789528,40.552338805,A192,_,00730,77
A192__00690.77,8.361748214078684,40.56718219,A192,_,00690,77
A192__00670.77,8.342051324389889,40.56536754,A192,_,00670,77
A192__0065.77,8.318183958547158,40.560864429999995,A192,_,0065,77
A192__00600.77,8.347562577819817,40.576144985,A192,_,00600,77
A192__00590.77,8.373758472759832,40.57652437,A192,_,00590,77
A192__00560.77,8.323492650015933,40.58140744000001,A192,_,00560,77
A192__00550.77,8.319878935169385,40.58112269,A192,_,00550,77
A192__00540.77,8.355122383286961,40.594786545000005,A192,_,00540,77
A192__00520.77,8.331663135570587,40.593679370000004,A192,_,00520,77
A192__00510.77,8.31662602116233,40.59617891,A192,_,00510,77
A192__00450.77,8.164664167810713,40.584119720000004,A192,_,00450,77
A192__00420.77,8.345983132670192,40.599871750000005,A192,_,00420,77
A192__00410.77,8.339332746774563,40.598500064999996,A192,_,00410,77
A192__00380.77,8.314233521086962,40.594851105000004,A192,_,00380,77
A192__00360.77,8.306527560661198,40.603798905000005,A192,_,00360,77
A192__00350.77,8.261609926343802,40.601689545,A192,_,00350,77
A192__00320.77,8.207706550417088,40.593256155000006,A192,_,00320,77
A192__00310.77,8.38150639244186,40.610470655,A192,_,00310,77
A192__00290.77,8.379929954923574,40.614562320000005,A192,_,00290,77
A192__00280.77,8.35669358206879,40.609217055,A192,_,00280,77
A192__00270.77,8.32221962497078,40.618377345,A192,_,00270,77
A192__00260.77,8.291995441957848,40.61183766,A192,_,00260,77
A192__00250.77,8.275966771470376,40.613861619999994,A192,_,00250,77
A192__00240.77,8.220301819295258,40.6159094,A192,_,00240,77
A192__00230.77,8.17422644021201,40.593866605,A192,_,00230,77
A192__00190.77,8.201405383169238,40.62235307,A192,_,00190,77
A192__00170.77,8.321543120899786,40.630628494999996,A192,_,00170,77
A192__00150.77,8.227200510328295,40.64151986,A192,_,00150,77
A192__00100.77,8.272730165353321,40.656753415,A192,_,00100,77
A192__00090.77,8.201034593467982,40.64200116,A192,_,00090,77
A192__00040.77,8.257082789704764,40.661459195,A192,_,00040,77
A192__00030.77,8.244484500185965,40.646828625,A192,_,00030,77
A192__00020.77,8.19776661012551,40.652840874999995,A192,_,00020,77
A192__00190.770,8.208489081717971,40.640512349999995,A192,_,00190,770
A192__00930.770,8.335977739500397,40.51775809,A192,_,00930,770
A192__00890.770,8.348174938129493,40.532443040000004,A192,_,00890,770
A192__00780.770,8.329113292661837,40.547767574999995,A192,_,00780,770
A192__0077.770,8.330564593428939,40.552664085,A192,_,0077,770
A192__00720.770,8.3401505226478,40.55877896,A192,_,00720,770
A192__0071.770,8.320670555819268,40.554468005000004,A192,_,0071,770
A192__00660.770,8.333741571446303,40.564243295,A192,_,00660,770
A192__00640.770,8.33278533176372,40.566694999999996,A192,_,00640,770
A192__00620.770,8.331862047209047,40.579130039999995,A192,_,00620,770
A192__00490.770,8.261663972544518,40.591298605,A192,_,00490,770
A192__00410.770,8.331972262615956,40.599280155,A192,_,00410,770
A192__00390.770,8.321531585445138,40.601011205000006,A192,_,00390,770
A192__00250.770,8.281321441706721,40.619975984999996,A192,_,00250,770
A192__00210.770,8.35200790901613,40.61982945,A192,_,00210,770
A192__00190.771,8.208674292834097,40.64068634,A192,_,00190,771
A192__00940.771,8.355231924767699,40.514045665,A192,_,00940,771
A192__00930.771,8.336309982130341,40.518451375,A192,_,00930,771
A192__0077.771,8.33114253643496,40.55507924,A192,_,0077,771
A192__00720.771,8.343089637682853,40.56059861,A192,_,00720,771
A192__00640.771,8.332650914990792,40.5667075,A192,_,00640,771
A192__00610.771,8.316285922392197,40.57823874,A192,_,00610,771
A192__00600.771,8.346452134560415,40.573888725,A192,_,00600,771
A192__00570.771,8.347145210268948,40.58416374,A192,_,00570,771
A192__00550.771,8.32452912389476,40.5897963,A192,_,00550,771
A192__00490.771,8.26150206225854,40.59045023,A192,_,00490,771
A192__00410.771,8.331541415220178,40.599117445000005,A192,_,00410,771
A192__00400.771,8.329298194311882,40.597395614999996,A192,_,00400,771
A192__00390.771,8.321540487688907,40.600931,A192,_,00390,771
A192__00210.771,8.35271637741609,40.62013969,A192,_,00210,771
A192__00190.772,8.208747991152489,40.640419955,A192,_,00190,772
A192__00940.772,8.360682325861113,40.507512945,A192,_,00940,772
A192__00930.772,8.336368748515719,40.51847375,A192,_,00930,772
A192__00890.772,8.34793129974688,40.532354534999996,A192,_,00890,772
A192__0077.772,8.33084011340733,40.555053005000005,A192,_,0077,772
A192__00720.772,8.343200188232643,40.559618990000004,A192,_,00720,772
A192__00630.772,8.33840697577604,40.569606910000005,A192,_,00630,772
A192__00620.772,8.331644334289791,40.57837072,A192,_,00620,772
A192__00610.772,8.315047192941973,40.579808525000004,A192,_,00610,772
A192__00570.772,8.347181193201454,40.58413768,A192,_,00570,772
A192__00550.772,8.325164632331994,40.591415665,A192,_,00550,772
A192__00490.772,8.261397080046557,40.590803550000004,A192,_,00490,772
A192__00480.772,8.226844573450464,40.58975832,A192,_,00480,772
A192__00410.772,8.331608315238082,40.598884145,A192,_,00410,772
A192__00390.772,8.324690348480328,40.609705735,A192,_,00390,772
A192__00260.772,8.315134897814541,40.62330903,A192,_,00260,772
A192__00250.772,8.280479315849126,40.619303375,A192,_,00250,772
A192__00190.773,8.208182096349237,40.640223199999994,A192,_,00190,773
A192__00940.773,8.360727841067394,40.507707440000004,A192,_,00940,773
A192__00930.773,8.3356389556529,40.518437175,A192,_,00930,773
A192__00780.773,8.329634679773825,40.548156629999994,A192,_,00780,773
A192__0077.773,8.331070201387876,40.55269206,A192,_,0077,773
A192__00720.773,8.343334423965004,40.55876863,A192,_,00720,773
A192__00640.773,8.332065885218526,40.56643376,A192,_,00640,773
A192__00630.773,8.337655999489801,40.569785165,A192,_,00630,773
A192__00620.773,8.331220440966018,40.576564515,A192,_,00620,773
A192__00610.773,8.314186753678577,40.579750175,A192,_,00610,773
A192__00600.773,8.352415963358705,40.57761369,A192,_,00600,773
A192__00570.773,8.348053251812487,40.58428225,A192,_,00570,773
A192__00550.773,8.325173705952924,40.591163625,A192,_,00550,773
A192__00490.773,8.261768724757204,40.590862599999994,A192,_,00490,773
A192__00400.773,8.328956149879673,40.59933011,A192,_,00400,773
A192__00390.773,8.323665805000001,40.605028415,A192,_,00390,773
A192__00260.773,8.315341668744715,40.62455382,A192,_,00260,773
A192__00250.773,8.280716186680884,40.61799197,A192,_,00250,773
A192__00190.774,8.20804598092117,40.6405356,A192,_,00190,774
A192__00940.774,8.356760484132744,40.512511375,A192,_,00940,774
A192__00930.774,8.33551580943212,40.52098712,A192,_,00930,774
A192__00890.774,8.352994438546087,40.528470655,A192,_,00890,774
A192__0077.774,8.330922055549543,40.552757865000004,A192,_,0077,774
A192__00720.774,8.343655540820345,40.558893005,A192,_,00720,774
A192__0071.774,8.320249693232453,40.554151655,A192,_,0071,774
A192__00660.774,8.338027655844975,40.568782365000004,A192,_,00660,774
A192__00630.774,8.337809462562053,40.569649935,A192,_,00630,774
A192__00620.774,8.331431189752898,40.57641586,A192,_,00620,774
A192__00600.774,8.352267868968305,40.57770173,A192,_,00600,774
A192__00570.774,8.347884237387762,40.58419535,A192,_,00570,774
A192__00550.774,8.325120643371486,40.591010905000005,A192,_,00550,774
A192__00410.774,8.333644659819672,40.600840364999996,A192,_,00410,774
A192__00390.774,8.323908631787015,40.609412410000004,A192,_,00390,774
A192__00260.774,8.31479265033703,40.62092851,A192,_,00260,774
A192__00250.774,8.281351883205563,40.61774389,A192,_,00250,774
A192__00210.774,8.349876559563445,40.61993459999999,A192,_,00210,774
A192__00190.775,8.208400131348128,40.6403849,A192,_,00190,775
A192__00940.775,8.356344704170194,40.512651469999994,A192,_,00940,775
A192__00890.775,8.351381486781559,40.529316835,A192,_,00890,775
A192__00780.775,8.328955977399168,40.547359275,A192,_,00780,775
A192__0077.775,8.331365683591544,40.552828765,A192,_,0077,775
A192__00720.775,8.343360177882444,40.558466165,A192,_,00720,775
A192__0071.775,8.320431295614949,40.554068335,A192,_,0071,775
A192__00660.775,8.338169862033341,40.568623224999996,A192,_,00660,775
A192__00640.775,8.331630747906335,40.566245574999996,A192,_,00640,775
A192__00620.775,8.332086884931297,40.57965912,A192,_,00620,775
A192__00600.775,8.352557787474804,40.577446495000004,A192,_,00600,775
A192__00570.775,8.34790078597306,40.584163565,A192,_,00570,775
A192__00550.775,8.325770301568499,40.58883307,A192,_,00550,775
A192__00490.775,8.260663385084076,40.59068884,A192,_,00490,775
A192__00410.775,8.333526010743656,40.600564625000004,A192,_,00410,775
A192__00400.775,8.328505943815086,40.599559845,A192,_,00400,775
A192__00390.775,8.322189379816074,40.596815085,A192,_,00390,775
A192__00260.775,8.305821888351584,40.616669515,A192,_,00260,775
A192__00250.775,8.281141995569417,40.618030285,A192,_,00250,775
A192__00210.775,8.352427145009752,40.620073525,A192,_,00210,775
A192__00190.776,8.209815001905616,40.635834535,A192,_,00190,776
A192__00930.776,8.33538891470048,40.520802044999996,A192,_,00930,776
A192__00890.776,8.351619833361234,40.529324475,A192,_,00890,776
A192__0077.776,8.330944719239778,40.552865499999996,A192,_,0077,776
A192__00720.776,8.343605363361345,40.55838181,A192,_,00720,776
A192__00670.776,8.345181882213158,40.571668509999995,A192,_,00670,776
A192__00640.776,8.331524412170452,40.566153735,A192,_,00640,776
A192__00570.776,8.347980262009102,40.58525516,A192,_,00570,776
A192__00490.776,8.26047500129237,40.59120948,A192,_,00490,776
A192__00410.776,8.333415260403017,40.600308014999996,A192,_,00410,776
A192__00390.776,8.324017787113345,40.602218070000006,A192,_,00390,776
A192__00260.776,8.30529490057651,40.616670639999995,A192,_,00260,776
A192__00250.776,8.281184784148252,40.618024004999995,A192,_,00250,776
A192__00190.777,8.211366099910155,40.63472501,A192,_,00190,777
A192__00940.777,8.358032216046638,40.50825922,A192,_,00940,777
A192__00780.777,8.328926126792034,40.547263904999994,A192,_,00780,777
A192__0077.777,8.331642001144564,40.55500092,A192,_,0077,777
A192__00720.777,8.344013461727053,40.560718109999996,A192,_,00720,777
A192__00660.777,8.338306317683863,40.568450425,A192,_,00660,777
A192__00630.777,8.33807698891412,40.56939026,A192,_,00630,777
A192__00620.777,8.332133146901771,40.579485585,A192,_,00620,777
A192__00600.777,8.351660116639469,40.573716005,A192,_,00600,777
A192__00550.777,8.321711169270312,40.57932162,A192,_,00550,777
A192__00490.777,8.260815736308306,40.591267925,A192,_,00490,777
A192__00410.777,8.33397151646734,40.600348479999994,A192,_,00410,777
A192__00400.777,8.33008302841894,40.600124205,A192,_,00400,777
A192__00260.777,8.305000802999768,40.616671905000004,A192,_,00260,777
A192__00210.777,8.33100217045089,40.624033705,A192,_,00210,777
A192__00190.778,8.211991815365522,40.634698674999996,A192,_,00190,778
A192__00940.778,8.358581275670858,40.50810154,A192,_,00940,778
A192__00930.778,8.33473935884873,40.52093618,A192,_,00930,778
A192__00890.778,8.355227402849195,40.53539896,A192,_,00890,778
A192__0077.778,8.331311886569088,40.554518875,A192,_,0077,778
A192__00720.778,8.344129109178066,40.55968672,A192,_,00720,778
A192__00630.778,8.33829934962915,40.56944869,A192,_,00630,778
A192__00620.778,8.332123609981256,40.579269354999994,A192,_,00620,778
A192__00610.778,8.31426439244754,40.580091284999995,A192,_,00610,778
A192__00570.778,8.347658400119052,40.58470283,A192,_,00570,778
A192__00550.778,8.321961443774452,40.579590339999996,A192,_,00550,778
A192__00410.778,8.332453546867923,40.601085575,A192,_,00410,778
A192__00400.778,8.329523016315678,40.599975525000005,A192,_,00400,778
A192__00390.778,8.321960536242296,40.5989024,A192,_,00390,778
A192__00260.778,8.305817524342793,40.61757217,A192,_,00260,778
A192__00250.778,8.2832809730739,40.6174991,A192,_,00250,778
A192__00260.779,8.305289290218088,40.61801156,A192,_,00260,779
A192__00940.779,8.35862278774707,40.508205995,A192,_,00940,779
A192__00930.779,8.3348055740313,40.52063252,A192,_,00930,779
A192__00890.779,8.35536316179371,40.535234224999996,A192,_,00890,779
A192__0077.779,8.331380412618419,40.55484089,A192,_,0077,779
A192__00720.779,8.344180920912041,40.55834193,A192,_,00720,779
A192__00640.779,8.330958264007705,40.565923409999996,A192,_,00640,779
A192__00630.779,8.338471396575716,40.569532295,A192,_,00630,779
A192__00620.779,8.33228799991144,40.57936913,A192,_,00620,779
A192__00610.779,8.31475014335214,40.579912555,A192,_,00610,779
A192__00550.779,8.321743542827823,40.580019925,A192,_,00550,779
A192__00490.779,8.254680492325548,40.58475651,A192,_,00490,779
A192__00480.779,8.233392977040204,40.584439364999994,A192,_,00480,779
A192__00410.779,8.332334887212358,40.600814005000004,A192,_,00410,779
A192__00400.779,8.329693618757533,40.599922590000006,A192,_,00400,779
A192__00390.779,8.318540090353604,40.60119107,A192,_,00390,779
A192__00020.78,8.198723991259447,40.652649155,A192,_,00020,78
A192__00970.78,8.314663620627615,40.558778175,A192,_,00970,78
A192__00960.78,8.372009984377437,40.510043225000004,A192,_,00960,78
A192__00940.78,8.35679425671458,40.51053832,A192,_,00940,78
A192__00930.78,8.338716423795997,40.517591825,A192,_,00930,78
A192__00900.78,8.358627339961606,40.528719644999995,A192,_,00900,78
A192__00890.78,8.347811999743886,40.529727515,A192,_,00890,78
A192__00880.78,8.34443300045671,40.524412815000005,A192,_,00880,78
A192__00860.78,8.367195036110154,40.543398145,A192,_,00860,78
A192__00850.78,8.34509152448079,40.53350449,A192,_,00850,78
A192__00840.78,8.323350028309374,40.540257985,A192,_,00840,78
A192__00820.78,8.394404475418739,40.541805675,A192,_,00820,78
A192__00810.78,8.376339530233802,40.546021195,A192,_,00810,78
A192__00800.78,8.364644874131237,40.543971275000004,A192,_,00800,78
A192__00740.78,8.363753982289174,40.55191019,A192,_,00740,78
A192__00720.78,8.336039536367835,40.55579835,A192,_,00720,78
A192__00690.78,8.361155083678316,40.56607282,A192,_,00690,78
A192__00670.78,8.343383760410898,40.565369110000006,A192,_,00670,78
A192__0065.78,8.318034051593504,40.560688584999994,A192,_,0065,78
A192__00630.78,8.335516717316374,40.56938266,A192,_,00630,78
A192__00620.78,8.324464235352576,40.57143078,A192,_,00620,78
A192__00600.78,8.333557434290226,40.585275425000006,A192,_,00600,78
A192__00590.78,8.373785496314829,40.576583315,A192,_,00590,78
A192__00580.78,8.362150856392192,40.57627788,A192,_,00580,78
A192__00570.78,8.353937560930742,40.586775375,A192,_,00570,78
A192__00560.78,8.323373805549526,40.581217385,A192,_,00560,78
A192__00550.78,8.319581774704638,40.581218925,A192,_,00550,78
A192__00530.78,8.336447701969998,40.592161445,A192,_,00530,78
A192__00520.78,8.32960842794493,40.594666135,A192,_,00520,78
A192__00510.78,8.316885682356215,40.59629916,A192,_,00510,78
A192__00450.78,8.160482319784304,40.585476875,A192,_,00450,78
A192__00420.78,8.346734839682231,40.60010665,A192,_,00420,78
A192__00410.78,8.339118406300498,40.60459685,A192,_,00410,78
A192__00390.78,8.322953720917795,40.604329155,A192,_,00390,78
A192__00360.78,8.305631342639959,40.60379514,A192,_,00360,78
A192__00350.78,8.261189936073112,40.603133615000004,A192,_,00350,78
A192__00310.78,8.380948703209459,40.610171785,A192,_,00310,78
A192__00290.78,8.39322989351458,40.617713855000005,A192,_,00290,78
A192__00280.78,8.354879787659879,40.60689697,A192,_,00280,78
A192__00260.78,8.292316954496101,40.611834425,A192,_,00260,78
A192__00240.78,8.219839578492529,40.6156079,A192,_,00240,78
A192__00230.78,8.176996286717046,40.59535553,A192,_,00230,78
A192__00210.78,8.351548363840106,40.629938975,A192,_,00210,78
A192__00190.78,8.201593314036241,40.622203465,A192,_,00190,78
A192__00180.78,8.18283063795265,40.637281895,A192,_,00180,78
A192__00170.78,8.317914438779194,40.630628924999996,A192,_,00170,78
A192__00150.78,8.225697931314542,40.642274965,A192,_,00150,78
A192__00140.78,8.19085126020936,40.64532768,A192,_,00140,78
A192__00120.78,8.297080583978925,40.62962271,A192,_,00120,78
A192__00100.78,8.272296599549007,40.64424787,A192,_,00100,78
A192__00060.78,8.296763314221888,40.661278275,A192,_,00060,78
A192__00040.78,8.255513643606434,40.657699135,A192,_,00040,78
A192__00030.780,8.237491288267517,40.655820649999995,A192,_,00030,780
A192__00890.780,8.355172671028342,40.53526019,A192,_,00890,780
A192__00780.780,8.328993624148314,40.54748126,A192,_,00780,780
A192__0077.780,8.331893850870912,40.554912035,A192,_,0077,780
A192__00720.780,8.343805839507501,40.558377730000004,A192,_,00720,780
A192__00670.780,8.347150863992123,40.570567205,A192,_,00670,780
A192__00640.780,8.330908270845898,40.565968805,A192,_,00640,780
A192__00620.780,8.32316424654903,40.572633995000004,A192,_,00620,780
A192__00610.780,8.314544816834875,40.58022123000001,A192,_,00610,780
A192__00570.780,8.354540120424476,40.58850423,A192,_,00570,780
A192__00490.780,8.254247226335764,40.584268550000004,A192,_,00490,780
A192__00480.780,8.23254978495012,40.584051065,A192,_,00480,780
A192__00410.780,8.332114472002456,40.600622705,A192,_,00410,780
A192__00260.780,8.30499436671139,40.618014785,A192,_,00260,780
A192__00210.780,8.343269085874207,40.62225075,A192,_,00210,780
A192__00190.780,8.21229762744569,40.635413220000004,A192,_,00190,780
A192__00030.781,8.243324477128143,40.655223129999996,A192,_,00030,781
A192__00930.781,8.340291114403357,40.52320265,A192,_,00930,781
A192__00890.781,8.349613936324362,40.531627040000004,A192,_,00890,781
A192__0077.781,8.33049878718738,40.554023154999996,A192,_,0077,781
A192__00720.781,8.344107620704882,40.55907018,A192,_,00720,781
A192__00670.781,8.347048997372271,40.570732835,A192,_,00670,781
A192__00640.781,8.330875421306734,40.5658839,A192,_,00640,781
A192__00620.781,8.323064735051048,40.569620185,A192,_,00620,781
A192__00610.781,8.31504302783422,40.580021985,A192,_,00610,781
A192__00600.781,8.352928343659585,40.57420045,A192,_,00600,781
A192__00410.781,8.334066800619164,40.60282189,A192,_,00410,781
A192__00260.781,8.304998731818927,40.61712656,A192,_,00260,781
A192__00210.781,8.343213789611173,40.622362545,A192,_,00210,781
A192__00190.782,8.211707576749305,40.635573735,A192,_,00190,782
A192__00940.782,8.355076036298762,40.518298145,A192,_,00940,782
A192__00780.782,8.3268839270241,40.546455545,A192,_,00780,782
A192__0077.782,8.330996343611897,40.55398688,A192,_,0077,782
A192__00720.782,8.343855777073394,40.558893005,A192,_,00720,782
A192__00640.782,8.330916826790846,40.56582415,A192,_,00640,782
A192__00610.782,8.314808320126222,40.580352575,A192,_,00610,782
A192__00600.782,8.35270642336728,40.574227,A192,_,00600,782
A192__00570.782,8.34977215712571,40.589466195,A192,_,00570,782
A192__00550.782,8.321602065628353,40.57956284,A192,_,00550,782
A192__00410.782,8.333885389987003,40.602883895,A192,_,00410,782
A192__00390.782,8.32384276582592,40.606519215000006,A192,_,00390,782
A192__00260.782,8.314985477951083,40.621169995,A192,_,00260,782
A192__00250.782,8.28410713387279,40.617133460000005,A192,_,00250,782
A192__00210.782,8.341572940041011,40.62203672,A192,_,00210,782
A192__00190.783,8.210644580015453,40.638205150000005,A192,_,00190,783
A192__00890.783,8.34988076612404,40.525885439999996,A192,_,00890,783
A192__0077.783,8.330940617772423,40.553746055,A192,_,0077,783
A192__00720.783,8.34357910551919,40.56056673,A192,_,00720,783
A192__0071.783,8.320145076158717,40.554375495,A192,_,0071,783
A192__00660.783,8.330030980568694,40.56235923,A192,_,00660,783
A192__00600.783,8.352140674571837,40.573899865,A192,_,00600,783
A192__00570.783,8.349405602071108,40.58954412,A192,_,00570,783
A192__00550.783,8.322567505882077,40.584986285,A192,_,00550,783
A192__00400.783,8.326081152625187,40.60741424,A192,_,00400,783
A192__00390.783,8.318391553485995,40.608229625,A192,_,00390,783
A192__00260.783,8.312492346515107,40.62237852,A192,_,00260,783
A192__00250.783,8.283830478588449,40.616837430000004,A192,_,00250,783
A192__00210.783,8.341976270234987,40.622113115,A192,_,00210,783
A192__00030.784,8.243726519828048,40.65295557,A192,_,00030,784
A192__00940.784,8.356414856902155,40.508874684999995,A192,_,00940,784
A192__00930.784,8.338599928664495,40.521759085,A192,_,00930,784
A192__00780.784,8.326983287526687,40.546836334999995,A192,_,00780,784
A192__0077.784,8.33045029469659,40.55383426,A192,_,0077,784
A192__00720.784,8.343289964171927,40.560627355,A192,_,00720,784
A192__00630.784,8.338253514032827,40.569493789999996,A192,_,00630,784
A192__00620.784,8.323332753216564,40.569436464999995,A192,_,00620,784
A192__00610.784,8.315091701831623,40.580508345,A192,_,00610,784
A192__00600.784,8.353296499032052,40.574179325,A192,_,00600,784
A192__00570.784,8.349105917940939,40.589549255,A192,_,00570,784
A192__00550.784,8.322638150769873,40.584730234999995,A192,_,00550,784
A192__00480.784,8.224431624936223,40.589362574999996,A192,_,00480,784
A192__00410.784,8.335559685552361,40.602517375000005,A192,_,00410,784
A192__00260.784,8.312036019321852,40.622244255,A192,_,00260,784
A192__00250.784,8.284190771035227,40.61744915,A192,_,00250,784
A192__00210.784,8.358482740385963,40.624595955000004,A192,_,00210,784
A192__00190.784,8.211214344450056,40.638926795,A192,_,00190,784
A192__00030.785,8.245338530621417,40.652890764999995,A192,_,00030,785
A192__00890.785,8.35050323866012,40.525357150000005,A192,_,00890,785
A192__0077.785,8.330418263970724,40.55365136,A192,_,0077,785
A192__00720.785,8.34366674041405,40.55959045,A192,_,00720,785
A192__00630.785,8.338298012341236,40.569396845,A192,_,00630,785
A192__00610.785,8.314549815995752,40.58050442,A192,_,00610,785
A192__00550.785,8.322333441023575,40.58468209,A192,_,00550,785
A192__00480.785,8.226374043895046,40.58728575,A192,_,00480,785
A192__00390.785,8.32370221423112,40.609365870000005,A192,_,00390,785
A192__00260.785,8.29392308519023,40.617299065,A192,_,00260,785
A192__00250.785,8.286457500493146,40.61774937,A192,_,00250,785
A192__00210.785,8.35866231893673,40.62346557,A192,_,00210,785
A192__00030.786,8.240056152157509,40.664129245,A192,_,00030,786
A192__00940.786,8.356353826772525,40.508749015,A192,_,00940,786
A192__00930.786,8.338598489837189,40.519722985,A192,_,00930,786
A192__00890.786,8.35219109995045,40.52665509,A192,_,00890,786
A192__00780.786,8.327294577666652,40.546299770000005,A192,_,00780,786
A192__0077.786,8.330902183116617,40.553574305,A192,_,0077,786
A192__00720.786,8.343828156838292,40.560718109999996,A192,_,00720,786
A192__00670.786,8.345222033132599,40.57142409,A192,_,00670,786
A192__00660.786,8.330773506913635,40.562632320000006,A192,_,00660,786
A192__00630.786,8.338482996073754,40.56949541,A192,_,00630,786
A192__00600.786,8.331608954586947,40.5824016,A192,_,00600,786
A192__00570.786,8.351730811850153,40.586555405,A192,_,00570,786
A192__00480.786,8.225206379683899,40.591571795,A192,_,00480,786
A192__00410.786,8.336597051173488,40.60250913,A192,_,00410,786
A192__00390.786,8.324404286394167,40.602196015000004,A192,_,00390,786
A192__00260.786,8.293048563841559,40.6202193,A192,_,00260,786
A192__00210.786,8.352345544932106,40.619771905,A192,_,00210,786
A192__00210.787,8.353711724660206,40.621576535,A192,_,00210,787
A192__00940.787,8.356264675820324,40.508631,A192,_,00940,787
A192__00930.787,8.33794221290733,40.519516460000006,A192,_,00930,787
A192__00890.787,8.352456189096486,40.52689844,A192,_,00890,787
A192__00780.787,8.327207059137518,40.54662625,A192,_,00780,787
A192__0077.787,8.331266913006056,40.55205728,A192,_,0077,787
A192__00720.787,8.343924905938966,40.559511925,A192,_,00720,787
A192__0071.787,8.319527369214818,40.554252315,A192,_,0071,787
A192__00670.787,8.347345480327272,40.570790295,A192,_,00670,787
A192__00640.787,8.329660100859508,40.565319345,A192,_,00640,787
A192__00630.787,8.338578548728943,40.569609060000005,A192,_,00630,787
A192__0061.787,8.321240252490345,40.572959955,A192,_,0061,787
A192__00570.787,8.343857159384006,40.58535191,A192,_,00570,787
A192__00550.787,8.323072334811586,40.584306874999996,A192,_,00550,787
A192__00480.787,8.22821060244085,40.596973829999996,A192,_,00480,787
A192__00260.787,8.293164185049845,40.620370575,A192,_,00260,787
A192__00250.787,8.283450878948948,40.617451085,A192,_,00250,787
A192__00030.788,8.242818588927364,40.656852385,A192,_,00030,788
A192__00930.788,8.33621328323987,40.52268243,A192,_,00930,788
A192__00890.788,8.350179510257068,40.533245410000006,A192,_,00890,788
A192__00780.788,8.327109052513919,40.546620705,A192,_,00780,788
A192__0077.788,8.3307882998857,40.552192395,A192,_,0077,788
A192__00740.788,8.35943738041869,40.562700575,A192,_,00740,788
A192__00720.788,8.343406107453621,40.559618990000004,A192,_,00720,788
A192__00660.788,8.330088237184334,40.56300157,A192,_,00660,788
A192__00630.788,8.338461016330644,40.569559215,A192,_,00630,788
A192__00620.788,8.331830715301162,40.579543365,A192,_,00620,788
A192__0061.788,8.321051170309607,40.572966875,A192,_,0061,788
A192__00570.788,8.34404523427436,40.585957345,A192,_,00570,788
A192__00550.788,8.323128285694445,40.584405865,A192,_,00550,788
A192__00480.788,8.222197585200586,40.598022255000004,A192,_,00480,788
A192__00410.788,8.337124825336247,40.60309785,A192,_,00410,788
A192__00390.788,8.319247735981278,40.602095405,A192,_,00390,788
A192__00250.788,8.28359731658736,40.617334265,A192,_,00250,788
A192__00210.788,8.353614709672923,40.621576535,A192,_,00210,788
A192__00030.789,8.232341403167023,40.655713395,A192,_,00030,789
A192__00930.789,8.336090013692115,40.522601609999995,A192,_,00930,789
A192__00890.789,8.349991078291277,40.53334689,A192,_,00890,789
A192__00780.789,8.333985033966691,40.545015045,A192,_,00780,789
A192__00740.789,8.359479472429646,40.562628125,A192,_,00740,789
A192__0071.789,8.319899361989783,40.55408175,A192,_,0071,789
A192__00670.789,8.343694385405561,40.561564335,A192,_,00670,789
A192__00660.789,8.327718050477142,40.56316115,A192,_,00660,789
A192__00640.789,8.328303312951823,40.56469731999999,A192,_,00640,789
A192__00630.789,8.328277151142888,40.571873415,A192,_,00630,789
A192__00570.789,8.35252410045724,40.589683914999995,A192,_,00570,789
A192__00480.789,8.225552157714672,40.595482305000004,A192,_,00480,789
A192__00390.789,8.319304464500288,40.602269305,A192,_,00390,789
A192__00250.789,8.283747051944884,40.61706058,A192,_,00250,789
A192__00210.789,8.353805105596383,40.621539715,A192,_,00210,789
A192__00050.79,8.271636796003962,40.66257391,A192,_,00050,79
A192__00970.79,8.314626123033626,40.558661905,A192,_,00970,79
A192__00960.79,8.365600077353538,40.505302485,A192,_,00960,79
A192__00950.79,8.339678383801747,40.510109925,A192,_,00950,79
A192__00890.79,8.348783387810602,40.530063085,A192,_,00890,79
A192__00880.79,8.348636666191977,40.51844329,A192,_,00880,79
A192__00870.79,8.33617935890954,40.53162915,A192,_,00870,79
A192__00860.79,8.36809162048293,40.544436045,A192,_,00860,79
A192__00850.79,8.345403219270423,40.533215095,A192,_,00850,79
A192__00820.79,8.394774305420931,40.541824105,A192,_,00820,79
A192__00810.79,8.365869555536918,40.547175405000004,A192,_,00810,79
A192__00790.79,8.343259611422148,40.545363905,A192,_,00790,79
A192__00730.79,8.34900657317646,40.55785633,A192,_,00730,79
A192__00720.79,8.3357966419572,40.555544375,A192,_,00720,79
A192__00690.79,8.360970832439993,40.566654345,A192,_,00690,79
A192__00660.79,8.335275180434012,40.560899625000005,A192,_,00660,79
A192__0065.79,8.318538668237501,40.560672464999996,A192,_,0065,79
A192__00630.79,8.335614262496993,40.569580925,A192,_,00630,79
A192__00620.79,8.324607920112868,40.57128012,A192,_,00620,79
A192__0061.79,8.321074055263221,40.569738505000004,A192,_,0061,79
A192__00600.79,8.346086344110496,40.572869035,A192,_,00600,79
A192__00590.79,8.373497765064485,40.57525135,A192,_,00590,79
A192__00570.79,8.35170168792178,40.58668224,A192,_,00570,79
A192__00540.79,8.356159496072202,40.59499443,A192,_,00540,79
A192__00510.79,8.316949445687497,40.59667378,A192,_,00510,79
A192__00480.79,8.226367799626022,40.590184640000004,A192,_,00480,79
A192__00450.79,8.160518301168718,40.57914088,A192,_,00450,79
A192__00410.79,8.33424817867476,40.604849625,A192,_,00410,79
A192__00390.79,8.322718820662011,40.60390045,A192,_,00390,79
A192__00380.79,8.312159882574942,40.595109255,A192,_,00380,79
A192__00360.79,8.305389869881669,40.603790895,A192,_,00360,79
A192__00350.79,8.26119928428927,40.60277044,A192,_,00350,79
A192__00330.79,8.240094639645857,40.59555908,A192,_,00330,79
A192__00320.79,8.207396199184782,40.593386554999995,A192,_,00320,79
A192__00280.79,8.354031333808187,40.60575145,A192,_,00280,79
A192__00260.79,8.302434462284989,40.617984745,A192,_,00260,79
A192__00250.79,8.275115615933572,40.6162779,A192,_,00250,79
A192__00240.79,8.219460643156056,40.617633885000004,A192,_,00240,79
A192__00230.79,8.182344779767181,40.59969414,A192,_,00230,79
A192__00190.79,8.201083573365322,40.622426340000004,A192,_,00190,79
A192__00180.79,8.17689473100841,40.63709343,A192,_,00180,79
A192__00170.79,8.317206614988459,40.6306859,A192,_,00170,79
A192__00150.79,8.226408184625644,40.640855705,A192,_,00150,79
A192__00140.79,8.188746378045684,40.6437591,A192,_,00140,79
A192__00120.79,8.297081955103682,40.626683635,A192,_,00120,79
A192__00030.790,8.232479183481143,40.655717155000005,A192,_,00030,790
A192__00940.790,8.356015275386236,40.52103552,A192,_,00940,790
A192__00930.790,8.339631594037225,40.52339805,A192,_,00930,790
A192__0077.790,8.33023381518656,40.551127975,A192,_,0077,790
A192__00740.790,8.359665677231,40.56253395,A192,_,00740,790
A192__00720.790,8.334709566122369,40.559355714999995,A192,_,00720,790
A192__0071.790,8.319911465592703,40.554704494999996,A192,_,0071,790
A192__00660.790,8.328342010728733,40.56256693,A192,_,00660,790
A192__00640.790,8.328352074018259,40.56467237,A192,_,00640,790
A192__00630.790,8.33036703024348,40.571206645000004,A192,_,00630,790
A192__0061.790,8.32133570394323,40.572686739999995,A192,_,0061,790
A192__00600.790,8.34993034477523,40.57999075,A192,_,00600,790
A192__00570.790,8.35374823787579,40.588908110000006,A192,_,00570,790
A192__00550.790,8.323507790353371,40.58485274,A192,_,00550,790
A192__00490.790,8.260770797411528,40.59028037,A192,_,00490,790
A192__00480.790,8.22586335922533,40.595421665,A192,_,00480,790
A192__00390.790,8.318346512025212,40.602453225,A192,_,00390,790
A192__00250.790,8.272372367918804,40.628327385,A192,_,00250,790
A192__00210.790,8.353759464558596,40.621539715,A192,_,00210,790
A192__00030.791,8.232732921657131,40.65571772,A192,_,00030,791
A192__00940.791,8.35445478478734,40.519503755,A192,_,00940,791
A192__00930.791,8.339694331684923,40.52342131,A192,_,00930,791
A192__00890.791,8.351632403649525,40.53009747,A192,_,00890,791
A192__0077.791,8.33066802355355,40.550989630000004,A192,_,0077,791
A192__00740.791,8.3603732371982,40.5624303,A192,_,00740,791
A192__00670.791,8.34370909689424,40.562064165,A192,_,00670,791
A192__00660.791,8.327505738652249,40.56309167,A192,_,00660,791
A192__00640.791,8.32118969340755,40.567673485,A192,_,00640,791
A192__00630.791,8.330576741781524,40.570917234999996,A192,_,00630,791
A192__00620.791,8.331915734729957,40.577873874999995,A192,_,00620,791
A192__0061.791,8.321087451041805,40.572598935,A192,_,0061,791
A192__00600.791,8.349459744527342,40.579667715,A192,_,00600,791
A192__00570.791,8.34933772419722,40.587212775,A192,_,00570,791
A192__00550.791,8.323721017245674,40.585072205,A192,_,00550,791
A192__00490.791,8.261005746246504,40.59043394,A192,_,00490,791
A192__00480.791,8.240683780056736,40.580395535,A192,_,00480,791
A192__00410.791,8.337120299889573,40.59812563,A192,_,00410,791
A192__00260.791,8.31547786085821,40.621385925,A192,_,00260,791
A192__00250.791,8.272973876233477,40.628327385,A192,_,00250,791
A192__00210.791,8.353735532202558,40.62137732,A192,_,00210,791
A192__00210.792,8.353588072894476,40.62137732,A192,_,00210,792
A192__00940.792,8.354441136429074,40.51975165,A192,_,00940,792
A192__00930.792,8.333872225063544,40.520260414999996,A192,_,00930,792
A192__00890.792,8.349166130522343,40.534114450000004,A192,_,00890,792
A192__00780.792,8.330288157933197,40.54915983,A192,_,00780,792
A192__0077.792,8.330885723688608,40.55078455,A192,_,0077,792
A192__00740.792,8.359686542246642,40.562306750000005,A192,_,00740,792
A192__00720.792,8.343475895668128,40.55629983,A192,_,00720,792
A192__00660.792,8.327746590795464,40.56225227,A192,_,00660,792
A192__00640.792,8.321165633521748,40.567747015,A192,_,00640,792
A192__00630.792,8.330576323318352,40.57088159,A192,_,00630,792
A192__00620.792,8.328071650624366,40.57479172,A192,_,00620,792
A192__0061.792,8.320940025063734,40.57251289,A192,_,0061,792
A192__00600.792,8.33190199925027,40.58219956,A192,_,00600,792
A192__00550.792,8.323153855942856,40.58642969,A192,_,00550,792
A192__00490.792,8.260983569010651,40.58948943,A192,_,00490,792
A192__00480.792,8.241180599156802,40.578884020000004,A192,_,00480,792
A192__00390.792,8.315805350337545,40.59838576,A192,_,00390,792
A192__00260.792,8.296313190918005,40.62766483,A192,_,00260,792
A192__00250.792,8.273259828091094,40.61394727,A192,_,00250,792
A192__00030.793,8.243359917388537,40.663263220000005,A192,_,00030,793
A192__00940.793,8.355968309229606,40.518182485,A192,_,00940,793
A192__00930.793,8.334501069332422,40.520441039999994,A192,_,00930,793
A192__00890.793,8.348113371392149,40.533841385,A192,_,00890,793
A192__00780.793,8.3344876014685,40.541869245,A192,_,00780,793
A192__0077.793,8.329751471089264,40.550035675,A192,_,0077,793
A192__00720.793,8.343767594038178,40.556149315,A192,_,00720,793
A192__00660.793,8.327699080682427,40.561590370000005,A192,_,00660,793
A192__00640.793,8.321011380399383,40.567446285,A192,_,00640,793
A192__00630.793,8.330680900578102,40.570780604999996,A192,_,00630,793
A192__00620.793,8.328338595412784,40.574821135,A192,_,00620,793
A192__0061.793,8.320787667430618,40.572400285,A192,_,0061,793
A192__00570.793,8.349279063374063,40.590160845,A192,_,00570,793
A192__00490.793,8.26105674303413,40.589869795,A192,_,00490,793
A192__00480.793,8.241531437819418,40.577584295,A192,_,00480,793
A192__00410.793,8.336808070289603,40.597856300000004,A192,_,00410,793
A192__00390.793,8.316510474989443,40.59838576,A192,_,00390,793
A192__00260.793,8.295133070888248,40.626562234999994,A192,_,00260,793
A192__00250.793,8.274758731233135,40.6147165,A192,_,00250,793
A192__00030.794,8.243421542492648,40.663263220000005,A192,_,00030,794
A192__00940.794,8.35604340837639,40.518149285,A192,_,00940,794
A192__00930.794,8.34015732552075,40.518135994999994,A192,_,00930,794
A192__00780.794,8.332195983789719,40.547654050000006,A192,_,00780,794
A192__0077.794,8.331004814948022,40.55314463,A192,_,0077,794
A192__00740.794,8.359650991321981,40.56257857,A192,_,00740,794
A192__00720.794,8.34327128019072,40.55606907,A192,_,00720,794
A192__00640.794,8.321248344679674,40.56774206,A192,_,00640,794
A192__00630.794,8.329899171513823,40.571332595,A192,_,00630,794
A192__00600.794,8.34630563061411,40.57403599,A192,_,00600,794
A192__00570.794,8.34923131459328,40.589920605,A192,_,00570,794
A192__0049.794,8.2820220141746,40.5927012,A192,_,0049,794
A192__00480.794,8.2410161068517,40.576243395,A192,_,00480,794
A192__00390.794,8.32367719139946,40.604863305,A192,_,00390,794
A192__00260.794,8.289951396381646,40.61597089,A192,_,00260,794
A192__00250.794,8.273263597487045,40.61213,A192,_,00250,794
A192__00030.795,8.243476266298359,40.66346945,A192,_,00030,795
A192__00940.795,8.35856877955856,40.518997764999995,A192,_,00940,795
A192__00930.795,8.33892768901638,40.518139545,A192,_,00930,795
A192__0077.795,8.330967204655359,40.552970040000005,A192,_,0077,795
A192__00740.795,8.35919365423541,40.559993445,A192,_,00740,795
A192__00720.795,8.343574440963438,40.55591249,A192,_,00720,795
A192__00660.795,8.329397581257915,40.562989155,A192,_,00660,795
A192__00630.795,8.330116614818543,40.57114756,A192,_,00630,795
A192__0061.795,8.320267541993076,40.572339775,A192,_,0061,795
A192__00570.795,8.349875629099397,40.59008009,A192,_,00570,795
A192__0049.795,8.282106251164173,40.592788075,A192,_,0049,795
A192__00480.795,8.223064409992515,40.587067915,A192,_,00480,795
A192__00410.795,8.337358374112014,40.598918780000005,A192,_,00410,795
A192__00390.795,8.3250733910845,40.60942506,A192,_,00390,795
A192__00260.795,8.288946265514944,40.615945565000004,A192,_,00260,795
A192__00250.795,8.272632167701023,40.61202127,A192,_,00250,795
A192__00210.795,8.352718963766442,40.63290635,A192,_,00210,795
A192__00030.796,8.243492827402768,40.66322656,A192,_,00030,796
A192__00940.796,8.357408306089942,40.519017680000005,A192,_,00940,796
A192__00930.796,8.335198603787063,40.522994265,A192,_,00930,796
A192__00890.796,8.35115565179873,40.52731377,A192,_,00890,796
A192__00780.796,8.331687457811501,40.547799745000006,A192,_,00780,796
A192__0077.796,8.33104110057852,40.553311910000005,A192,_,0077,796
A192__00740.796,8.359547159679384,40.560322535,A192,_,00740,796
A192__00720.796,8.343697928783474,40.555379110000004,A192,_,00720,796
A192__00670.796,8.339174216317122,40.564446895,A192,_,00670,796
A192__00640.796,8.329252076209768,40.565314459999996,A192,_,00640,796
A192__00630.796,8.329847040950803,40.57113751,A192,_,00630,796
A192__00620.796,8.324978104982431,40.57339973,A192,_,00620,796
A192__0061.796,8.320519441674069,40.5726266,A192,_,0061,796
A192__00600.796,8.338085944204629,40.586805749999996,A192,_,00600,796
A192__00570.796,8.349795624270968,40.58975097,A192,_,00570,796
A192__0049.796,8.282181438540444,40.592634090000004,A192,_,0049,796
A192__00480.796,8.222624456714865,40.586919280000004,A192,_,00480,796
A192__00410.796,8.337164628520153,40.598835605000005,A192,_,00410,796
A192__00390.796,8.325038469940802,40.60954477,A192,_,00390,796
A192__00260.796,8.29563125728643,40.61662072,A192,_,00260,796
A192__00250.796,8.281499769534578,40.608392565,A192,_,00250,796
A192__00210.796,8.352768271458363,40.63280637,A192,_,00210,796
A192__00030.797,8.244085013392946,40.663343170000005,A192,_,00030,797
A192__00940.797,8.354983606974265,40.52049572,A192,_,00940,797
A192__00930.797,8.335788427487575,40.522936990000005,A192,_,00930,797
A192__00780.797,8.329992854671293,40.549220245,A192,_,00780,797
A192__0077.797,8.331700634962798,40.554154525,A192,_,0077,797
A192__00720.797,8.34385121875247,40.555218405,A192,_,00720,797
A192__00670.797,8.339493542829441,40.56392061,A192,_,00670,797
A192__00640.797,8.330473595627748,40.569014644999996,A192,_,00640,797
A192__00630.797,8.330213911282549,40.57094581,A192,_,00630,797
A192__00620.797,8.331726799336602,40.576441525,A192,_,00620,797
A192__0061.797,8.32062852779018,40.572758885,A192,_,0061,797
A192__00570.797,8.354000539866037,40.588173960000006,A192,_,00570,797
A192__00490.797,8.249498982369659,40.585334735,A192,_,00490,797
A192__00480.797,8.223020280105594,40.58691006,A192,_,00480,797
A192__00410.797,8.33711606817131,40.59885748,A192,_,00410,797
A192__00390.797,8.324069221254593,40.606668885,A192,_,00390,797
A192__00260.797,8.29659011690461,40.616382044999995,A192,_,00260,797
A192__00250.797,8.281299028128085,40.60833975,A192,_,00250,797
A192__00030.798,8.244244024944027,40.66347034,A192,_,00030,798
A192__00940.798,8.354569790278152,40.520158965,A192,_,00940,798
A192__00930.798,8.33875153352594,40.52321718,A192,_,00930,798
A192__00890.798,8.347800501642748,40.536758449999994,A192,_,00890,798
A192__00780.798,8.335189425591857,40.54507999,A192,_,00780,798
A192__0077.798,8.331249677827595,40.554221715,A192,_,0077,798
A192__00740.798,8.35978781607759,40.560065945000005,A192,_,00740,798
A192__00670.798,8.343463681377298,40.566556950000006,A192,_,00670,798
A192__00660.798,8.328172446747843,40.562737305,A192,_,00660,798
A192__00640.798,8.330615199692865,40.568736305,A192,_,00640,798
A192__00630.798,8.328788162504253,40.570884765,A192,_,00630,798
A192__00620.798,8.33129336545376,40.577130915,A192,_,00620,798
A192__0061.798,8.3207570975,40.57289574,A192,_,0061,798
A192__00600.798,8.348077558955715,40.580069685,A192,_,00600,798
A192__00490.798,8.249586913202421,40.58530528,A192,_,00490,798
A192__00480.798,8.222665793196722,40.586801715,A192,_,00480,798
A192__00410.798,8.332373281960527,40.60187902,A192,_,00410,798
A192__00260.798,8.318257319003568,40.617775554999994,A192,_,00260,798
A192__00250.798,8.283070333621426,40.609861405000004,A192,_,00250,798
A192__00030.799,8.244204999475393,40.664631935,A192,_,00030,799
A192__00940.799,8.352768907716138,40.50981796,A192,_,00940,799
A192__00930.799,8.338297584860147,40.523323085,A192,_,00930,799
A192__00780.799,8.335418309323988,40.544943865,A192,_,00780,799
A192__0077.799,8.33162090182415,40.55382349,A192,_,0077,799
A192__00740.799,8.359697788546322,40.560075705,A192,_,00740,799
A192__00720.799,8.344182704960975,40.555376949999996,A192,_,00720,799
A192__00670.799,8.34367246670247,40.566592775000004,A192,_,00670,799
A192__00640.799,8.330287109396913,40.56926136,A192,_,00640,799
A192__00630.799,8.329075616390917,40.57069222,A192,_,00630,799
A192__00620.799,8.32186490582136,40.570051930000005,A192,_,00620,799
A192__00600.799,8.34756484721381,40.579640985,A192,_,00600,799
A192__00480.799,8.223222888869572,40.586847035000005,A192,_,00480,799
A192__00390.799,8.32476850741623,40.60741204,A192,_,00390,799
A192__00210.799,8.359757293359632,40.63096605,A192,_,00210,799
A192__00080.8,8.316939370373108,40.650599310000004,A192,_,00080,8
A192__00950.8,8.345845246368505,40.51478705,A192,_,00950,8
A192__00930.8,8.340048279738177,40.52485568,A192,_,00930,8
A192__00920.8,8.404063337514724,40.523920465,A192,_,00920,8
A192__00900.8,8.37307765782948,40.541884625,A192,_,00900,8
A192__00880.8,8.343541486382449,40.52834537,A192,_,00880,8
A192__00860.8,8.352957495120398,40.54190351,A192,_,00860,8
A192__00820.8,8.378780432712997,40.54823422,A192,_,00820,8
A192__00790.8,8.342074057164504,40.549699925,A192,_,00790,8
A192__00780.8,8.322724086064005,40.54563546,A192,_,00780,8
A192__00760.8,8.410070755781813,40.554545024999996,A192,_,00760,8
A192__00750.8,8.363554512414542,40.559693005,A192,_,00750,8
A192__00740.8,8.356847526802046,40.559765639999995,A192,_,00740,8
A192__00730.8,8.352513348182683,40.55868907999999,A192,_,00730,8
A192__0072.8,8.3326911383872,40.55750252,A192,_,0072,8
A192__00700.8,8.392887255924373,40.569051225,A192,_,00700,8
A192__00680.8,8.354577324228595,40.572841835,A192,_,00680,8
A192__00650.8,8.315953282741084,40.562366925,A192,_,00650,8
A192__00620.8,8.328602950593313,40.578412905,A192,_,00620,8
A192__00610.8,8.31376890839314,40.579460775,A192,_,00610,8
A192__00600.8,8.339595824913264,40.58674311,A192,_,00600,8
A192__00580.8,8.371120984666357,40.59038491,A192,_,00580,8
A192__00570.8,8.341408439301548,40.589304655,A192,_,00570,8
A192__00560.8,8.331708085584458,40.587837985,A192,_,00560,8
A192__00550.8,8.32301780079207,40.591446275,A192,_,00550,8
A192__00540.8,8.351742075754789,40.59850335,A192,_,00540,8
A192__00530.8,8.338142030798515,40.597120385,A192,_,00530,8
A192__00520.8,8.331002351912794,40.594896745,A192,_,00520,8
A192__00500.8,8.30787346936382,40.585798374999996,A192,_,00500,8
A192__00490.8,8.24636895013694,40.578744674999996,A192,_,00490,8
A192__00470.8,8.199419712709911,40.572028695,A192,_,00470,8
A192__00460.8,8.160812454842798,40.575992815,A192,_,00460,8
A192__00440.8,8.39124264346037,40.60618086,A192,_,00440,8
A192__00420.8,8.34143946368222,40.60126113,A192,_,00420,8
A192__00410.8,8.330526404502924,40.60824101,A192,_,00410,8
A192__00380.8,8.311733503434535,40.60454544,A192,_,00380,8
A192__00370.8,8.292814529707325,40.59411869,A192,_,00370,8
A192__00340.8,8.239865777770852,40.614192185,A192,_,00340,8
A192__00330.8,8.23413133487956,40.597046675,A192,_,00330,8
A192__00310.8,8.364709234412874,40.60273058,A192,_,00310,8
A192__00300.8,8.3844862584637,40.611627485,A192,_,00300,8
A192__00290.8,8.38826070168113,40.61913732,A192,_,00290,8
A192__00280.8,8.363158424545405,40.61965261,A192,_,00280,8
A192__00220.8,8.146318178057951,40.614633555,A192,_,00220,8
A192__00210.8,8.328035880210683,40.629277445,A192,_,00210,8
A192__00200.8,8.257379281087303,40.63031348,A192,_,00200,8
A192__00110.8,8.281372198524696,40.637716735,A192,_,00110,8
A192__00020.80,8.202106560109849,40.65436226,A192,_,00020,80
A192__00970.80,8.314584704018955,40.558687254999995,A192,_,00970,80
A192__00950.80,8.353566134795642,40.516826800000004,A192,_,00950,80
A192__00940.80,8.353667557635143,40.50988284,A192,_,00940,80
A192__00930.80,8.33990736760934,40.516466155,A192,_,00930,80
A192__00890.80,8.349606014096167,40.53009389,A192,_,00890,80
A192__00870.80,8.337625738112475,40.53042095,A192,_,00870,80
A192__00860.80,8.36849298504661,40.544777034999996,A192,_,00860,80
A192__00850.80,8.34499651366114,40.533071005,A192,_,00850,80
A192__00820.80,8.395165649461521,40.54171429,A192,_,00820,80
A192__00810.80,8.36551722426216,40.54685069,A192,_,00810,80
A192__00720.80,8.33309039028033,40.554906735,A192,_,00720,80
A192__00690.80,8.361030020519994,40.567037735,A192,_,00690,80
A192__00670.80,8.343809223027975,40.56516678,A192,_,00670,80
A192__00600.80,8.34715094934445,40.573016179999996,A192,_,00600,80
A192__00590.80,8.36499451172968,40.576427045,A192,_,00590,80
A192__00580.80,8.355730392004848,40.57471933,A192,_,00580,80
A192__00560.80,8.323976528025007,40.58133249,A192,_,00560,80
A192__00480.80,8.226787950674023,40.58999081,A192,_,00480,80
A192__00450.80,8.15960772895558,40.576549215,A192,_,00450,80
A192__00420.80,8.347127468590228,40.600627525,A192,_,00420,80
A192__00410.80,8.339137464907381,40.59899043,A192,_,00410,80
A192__00400.80,8.328109474345766,40.602888925,A192,_,00400,80
A192__00390.80,8.322918196907716,40.602828165000005,A192,_,00390,80
A192__00360.80,8.30508223728668,40.604128175,A192,_,00360,80
A192__00320.80,8.20715774235736,40.593695515,A192,_,00320,80
A192__00310.80,8.380624046313457,40.60903124,A192,_,00310,80
A192__00290.80,8.385356561571276,40.61308512,A192,_,00290,80
A192__00280.80,8.353906436074375,40.605798175,A192,_,00280,80
A192__00260.80,8.301315849751138,40.61691161,A192,_,00260,80
A192__00250.80,8.275676016294861,40.614632865000004,A192,_,00250,80
A192__00240.80,8.213065884949241,40.621480045,A192,_,00240,80
A192__00230.80,8.189470156146353,40.60646069,A192,_,00230,80
A192__00190.80,8.201962686819922,40.62348036,A192,_,00190,80
A192__00180.80,8.14584050634722,40.62480861,A192,_,00180,80
A192__00160.80,8.266637743822006,40.627296305,A192,_,00160,80
A192__00140.80,8.188969730583327,40.638831255,A192,_,00140,80
A192__00110.80,8.29645298662499,40.6489239,A192,_,00110,80
A192__00100.80,8.27309301755271,40.65253948,A192,_,00100,80
A192__00060.80,8.2920923428249,40.661861630000004,A192,_,00060,80
A192__00030.80,8.233236094725882,40.65295994,A192,_,00030,80
A192__00030.800,8.236986979823469,40.65975857,A192,_,00030,800
A192__00940.800,8.35379709947804,40.510077105,A192,_,00940,800
A192__00930.800,8.338465709661154,40.523064815,A192,_,00930,800
A192__00890.800,8.349911605054174,40.531037229999995,A192,_,00890,800
A192__00780.800,8.331609273500423,40.548622449999996,A192,_,00780,800
A192__0077.800,8.331175224177365,40.55390047,A192,_,0077,800
A192__00740.800,8.360121225538284,40.559838615000004,A192,_,00740,800
A192__00720.800,8.347339909074755,40.55973747,A192,_,00720,800
A192__00670.800,8.344037851458076,40.566572980000004,A192,_,00670,800
A192__0064.800,8.323512729456455,40.563461079999996,A192,_,0064,800
A192__00630.800,8.329620578996856,40.5708689,A192,_,00630,800
A192__00620.800,8.323088280601233,40.570787075,A192,_,00620,800
A192__00600.800,8.350422044375952,40.573837960000006,A192,_,00600,800
A192__00570.800,8.353767539042071,40.587853145,A192,_,00570,800
A192__00490.800,8.276730196152982,40.59412751,A192,_,00490,800
A192__00480.800,8.222897836418511,40.586671214999996,A192,_,00480,800
A192__00410.800,8.338650968761542,40.602480944999996,A192,_,00410,800
A192__00390.800,8.315735355396537,40.598970415,A192,_,00390,800
A192__00260.800,8.298402381108122,40.622770994999996,A192,_,00260,800
A192__00250.800,8.281742329870385,40.610261845,A192,_,00250,800
A192__00210.800,8.3594895631143,40.63099501,A192,_,00210,800
A192__00030.801,8.236787438036497,40.656634235,A192,_,00030,801
A192__00940.801,8.354904611195916,40.518898085000004,A192,_,00940,801
A192__00890.801,8.353370527213183,40.53292084,A192,_,00890,801
A192__0077.801,8.330852721217934,40.554853455,A192,_,0077,801
A192__00740.801,8.359652451054625,40.559895905000005,A192,_,00740,801
A192__0071.801,8.319312738312195,40.552668345,A192,_,0071,801
A192__00670.801,8.34473203505512,40.571488785,A192,_,00670,801
A192__00660.801,8.328250077181934,40.56264241,A192,_,00660,801
A192__0064.801,8.323091422954846,40.563773375,A192,_,0064,801
A192__00630.801,8.32969505327647,40.5702836,A192,_,00630,801
A192__0061.801,8.321218160425314,40.573210065,A192,_,0061,801
A192__00600.801,8.350973313073455,40.57426845,A192,_,00600,801
A192__00570.801,8.353931277185168,40.587691045,A192,_,00570,801
A192__00490.801,8.277121325195523,40.593908585,A192,_,00490,801
A192__00480.801,8.221710697105445,40.593729644999996,A192,_,00480,801
A192__00410.801,8.338705445657434,40.60243818,A192,_,00410,801
A192__00250.801,8.282195697284795,40.609714735,A192,_,00250,801
A192__00210.801,8.33891337161502,40.62063235,A192,_,00210,801
A192__00030.802,8.245312736149547,40.652039595,A192,_,00030,802
A192__00940.802,8.3546239153434,40.518898085000004,A192,_,00940,802
A192__00780.802,8.334245038947733,40.541869245,A192,_,00780,802
A192__0077.802,8.33130444104776,40.552321365,A192,_,0077,802
A192__00740.802,8.35993227910979,40.559980855000006,A192,_,00740,802
A192__0072.802,8.327646679602243,40.558127275000004,A192,_,0072,802
A192__0071.802,8.318729637457867,40.552932244999994,A192,_,0071,802
A192__00670.802,8.345146457112207,40.571400575,A192,_,00670,802
A192__00660.802,8.335761785222644,40.56649556,A192,_,00660,802
A192__00640.802,8.32996365213911,40.566460445000004,A192,_,00640,802
A192__00630.802,8.329586101162713,40.570589330000004,A192,_,00630,802
A192__00620.802,8.326962375516878,40.573853119999995,A192,_,00620,802
A192__00600.802,8.345587074344436,40.57369334,A192,_,00600,802
A192__00550.802,8.3215868780343,40.582877615,A192,_,00550,802
A192__00260.802,8.317759545723932,40.616897449999996,A192,_,00260,802
A192__00250.802,8.281515188911456,40.6095527,A192,_,00250,802
A192__00030.803,8.245656649905278,40.652122809999995,A192,_,00030,803
A192__00940.803,8.354722946504683,40.51859739,A192,_,00940,803
A192__00930.803,8.33825990491355,40.52285867,A192,_,00930,803
A192__00780.803,8.328624957991293,40.543234745,A192,_,00780,803
A192__0077.803,8.330867721404303,40.55244285,A192,_,0077,803
A192__00740.803,8.36121881393511,40.554521305,A192,_,00740,803
A192__0072.803,8.33103023787545,40.55751965,A192,_,0072,803
A192__00670.803,8.346842376914836,40.562685705,A192,_,00670,803
A192__00660.803,8.337367837454053,40.563062385,A192,_,00660,803
A192__00640.803,8.330131338069556,40.566434584999996,A192,_,00640,803
A192__00630.803,8.329846736252172,40.57046075,A192,_,00630,803
A192__00620.803,8.327060421183575,40.573355035,A192,_,00620,803
A192__00570.803,8.353872706511563,40.588285795000004,A192,_,00570,803
A192__0049.803,8.27749155355148,40.59452226,A192,_,0049,803
A192__00410.803,8.336600388357482,40.601068670000004,A192,_,00410,803
A192__00260.803,8.317628157492141,40.61706261,A192,_,00260,803
A192__00250.803,8.280565151482485,40.60942172,A192,_,00250,803
A192__00210.803,8.338600125464447,40.62046954,A192,_,00210,803
A192__00210.804,8.338756184791944,40.620452215,A192,_,00210,804
A192__00930.804,8.340078456913979,40.520621855,A192,_,00930,804
A192__00890.804,8.346427525625357,40.53170354,A192,_,00890,804
A192__00780.804,8.329491597385925,40.54422032,A192,_,00780,804
A192__0077.804,8.331501863529422,40.555015705,A192,_,0077,804
A192__00740.804,8.360953094380626,40.554840135000006,A192,_,00740,804
A192__00660.804,8.33683457723288,40.563287605,A192,_,00660,804
A192__00630.804,8.330085764007913,40.57014582,A192,_,00630,804
A192__00620.804,8.327512767122371,40.57360194,A192,_,00620,804
A192__00600.804,8.348187581449249,40.573189955000004,A192,_,00600,804
A192__00570.804,8.348296009634197,40.590582760000004,A192,_,00570,804
A192__00550.804,8.322436531445724,40.58328653,A192,_,00550,804
A192__0049.804,8.2820012937719,40.594633885,A192,_,0049,804
A192__00480.804,8.222294843704717,40.594051615,A192,_,00480,804
A192__00410.804,8.336362133382488,40.601128204999995,A192,_,00410,804
A192__00390.804,8.321602570422264,40.598736875,A192,_,00390,804
A192__00260.804,8.320843083012555,40.61694061,A192,_,00260,804
A192__00250.804,8.269699430847982,40.61962273,A192,_,00250,804
A192__00030.805,8.245653799789203,40.652296945,A192,_,00030,805
A192__00780.805,8.328095781569118,40.54447865,A192,_,00780,805
A192__0077.805,8.331482842037808,40.55488253,A192,_,0077,805
A192__00740.805,8.35991866770243,40.560323049999994,A192,_,00740,805
A192__0072.805,8.331035129980508,40.55714022,A192,_,0072,805
A192__00670.805,8.348173572966068,40.56711627,A192,_,00670,805
A192__00640.805,8.32016572869961,40.56745731,A192,_,00640,805
A192__00630.805,8.330105107867405,40.57043575,A192,_,00630,805
A192__00620.805,8.326979718305045,40.57294429,A192,_,00620,805
A192__00570.805,8.348107816869746,40.58962691,A192,_,00570,805
A192__00490.805,8.249252778774185,40.59144681,A192,_,00490,805
A192__00410.805,8.33250757151514,40.598026454999996,A192,_,00410,805
A192__00390.805,8.324386865792137,40.60921121,A192,_,00390,805
A192__00260.805,8.32171968949301,40.616942030000004,A192,_,00260,805
A192__00250.805,8.26876128572129,40.619491855,A192,_,00250,805
A192__00210.805,8.338651681993918,40.62026405,A192,_,00210,805
A192__00210.806,8.357318099944285,40.62784877,A192,_,00210,806
A192__00940.806,8.358495719471435,40.519944304999996,A192,_,00940,806
A192__00930.806,8.343839032127374,40.518720880000004,A192,_,00930,806
A192__00890.806,8.353726308526747,40.53079301,A192,_,00890,806
A192__00770.806,8.3313048724124,40.55115015,A192,_,00770,806
A192__00740.806,8.360006430140006,40.56023672,A192,_,00740,806
A192__00670.806,8.339560764619133,40.56979403,A192,_,00670,806
A192__00660.806,8.336660641951418,40.56322629,A192,_,00660,806
A192__00630.806,8.330072493997832,40.57075087,A192,_,00630,806
A192__00620.806,8.327513306265802,40.57327664,A192,_,00620,806
A192__00570.806,8.348566638354987,40.590502040000004,A192,_,00570,806
A192__00550.806,8.322232916074755,40.58269578,A192,_,00550,806
A192__0049.806,8.277869020022312,40.59430761,A192,_,0049,806
A192__00480.806,8.233273439499005,40.593631525,A192,_,00480,806
A192__00410.806,8.332412127396356,40.597933420000004,A192,_,00410,806
A192__00390.806,8.324711955436534,40.60963986,A192,_,00390,806
A192__00260.806,8.321397969816184,40.617287739999995,A192,_,00260,806
A192__00250.806,8.273353166080568,40.61169712,A192,_,00250,806
A192__00030.807,8.242132068310315,40.663151985,A192,_,00030,807
A192__00940.807,8.361525508744894,40.51130381,A192,_,00940,807
A192__00930.807,8.3440449826353,40.51883253,A192,_,00930,807
A192__00890.807,8.353800122280802,40.530695730000005,A192,_,00890,807
A192__00770.807,8.33567023984159,40.550790615,A192,_,00770,807
A192__00740.807,8.36012565842583,40.560148549999994,A192,_,00740,807
A192__0072.807,8.331071981259871,40.55642752,A192,_,0072,807
A192__0071.807,8.318424164507364,40.552759210000005,A192,_,0071,807
A192__00660.807,8.336157883308653,40.563149255,A192,_,00660,807
A192__0064.807,8.320889792058342,40.56152382,A192,_,0064,807
A192__00630.807,8.330459395587667,40.570895485,A192,_,00630,807
A192__00620.807,8.328013480146964,40.573712279999995,A192,_,00620,807
A192__00550.807,8.321816514605954,40.58253509,A192,_,00550,807
A192__0049.807,8.27750042997036,40.594653905,A192,_,0049,807
A192__00480.807,8.232863501901662,40.593536985,A192,_,00480,807
A192__00410.807,8.334837906432504,40.601327850000004,A192,_,00410,807
A192__00390.807,8.323854132149009,40.60532566,A192,_,00390,807
A192__00260.807,8.321711877145226,40.61893508,A192,_,00260,807
A192__00250.807,8.271888399258861,40.611328095000005,A192,_,00250,807
A192__00210.807,8.357561633566812,40.628098910000006,A192,_,00210,807
A192__00030.808,8.242219171980967,40.663516645,A192,_,00030,808
A192__00940.808,8.361654584102038,40.511412305,A192,_,00940,808
A192__00930.808,8.337789138160431,40.51711689,A192,_,00930,808
A192__00890.808,8.35327206122503,40.530597225,A192,_,00890,808
A192__00770.808,8.33549617060334,40.55071279,A192,_,00770,808
A192__0072.808,8.33116324718942,40.556736265,A192,_,0072,808
A192__0071.808,8.318611108370042,40.552638189999996,A192,_,0071,808
A192__00660.808,8.336299845637653,40.56342694,A192,_,00660,808
A192__00630.808,8.330515471725665,40.570922965,A192,_,00630,808
A192__00570.808,8.3484400942965,40.58965303,A192,_,00570,808
A192__00550.808,8.32313267346132,40.58335804,A192,_,00550,808
A192__00480.808,8.231374389449948,40.591710954999996,A192,_,00480,808
A192__00410.808,8.334797719279461,40.601437725,A192,_,00410,808
A192__00210.808,8.357779003965936,40.628372465,A192,_,00210,808
A192__00030.809,8.241964266093811,40.663699335000004,A192,_,00030,809
A192__00940.809,8.36102537014144,40.510914045,A192,_,00940,809
A192__00890.809,8.353408602372028,40.530597225,A192,_,00890,809
A192__00770.809,8.335841799473794,40.55073952,A192,_,00770,809
A192__00740.809,8.358971870391919,40.56490536,A192,_,00740,809
A192__0072.809,8.330860383043811,40.556819135,A192,_,0072,809
A192__00670.809,8.339916209210006,40.56963753,A192,_,00670,809
A192__00660.809,8.336647496493114,40.56373488,A192,_,00660,809
A192__00640.809,8.32104484167566,40.569331145,A192,_,00640,809
A192__00630.809,8.330601443900749,40.570746475,A192,_,00630,809
A192__00570.809,8.352800720294155,40.58952133,A192,_,00570,809
A192__00490.809,8.276717527913455,40.594525770000004,A192,_,00490,809
A192__00480.809,8.230801834877017,40.591522975000004,A192,_,00480,809
A192__00410.809,8.33520107197645,40.60127105,A192,_,00410,809
A192__00390.809,8.320817056804442,40.598456665,A192,_,00390,809
A192__00260.809,8.31677952489634,40.621713915,A192,_,00260,809
A192__00020.81,8.201910834900701,40.653872789999994,A192,_,00020,81
A192__00930.81,8.34119368211028,40.516440599999996,A192,_,00930,81
A192__00900.81,8.358654818541332,40.527839764999996,A192,_,00900,81
A192__00880.81,8.348839666633314,40.517948555000004,A192,_,00880,81
A192__00840.81,8.324353585247417,40.54126659,A192,_,00840,81
A192__00820.81,8.39368981604925,40.542063215,A192,_,00820,81
A192__00810.81,8.36563442375611,40.546699165,A192,_,00810,81
A192__00800.81,8.357051512903103,40.54269712,A192,_,00800,81
A192__00750.81,8.372667766542392,40.5507566,A192,_,00750,81
A192__00740.81,8.357250610696013,40.552133395,A192,_,00740,81
A192__00720.81,8.335844266503212,40.55453951,A192,_,00720,81
A192__00680.81,8.353418542648749,40.57075882,A192,_,00680,81
A192__00670.81,8.343949947604475,40.564954335,A192,_,00670,81
A192__0065.81,8.317697865050532,40.560359635,A192,_,0065,81
A192__00640.81,8.327932182727581,40.56476865,A192,_,00640,81
A192__00630.81,8.335194179998972,40.56918666,A192,_,00630,81
A192__00620.81,8.324889420134154,40.57098184,A192,_,00620,81
A192__00590.81,8.364728667272336,40.57639655,A192,_,00590,81
A192__00580.81,8.360849483566161,40.57605408,A192,_,00580,81
A192__00570.81,8.350050110065222,40.58514916,A192,_,00570,81
A192__00560.81,8.324162092197593,40.58125973,A192,_,00560,81
A192__00550.81,8.318647808745744,40.586076555000005,A192,_,00550,81
A192__00530.81,8.338893649713498,40.594147344999996,A192,_,00530,81
A192__0050.81,8.313319807708583,40.58143701,A192,_,0050,81
A192__0049.81,8.283899809370025,40.594017185,A192,_,0049,81
A192__00450.81,8.150291420758045,40.593896985,A192,_,00450,81
A192__00410.81,8.33852083110631,40.59949534,A192,_,00410,81
A192__00360.81,8.305083405108455,40.60399937,A192,_,00360,81
A192__00330.81,8.242821580653281,40.598852140000005,A192,_,00330,81
A192__00320.81,8.207082549725882,40.593489345,A192,_,00320,81
A192__00310.81,8.380851272603238,40.60901848,A192,_,00310,81
A192__00290.81,8.38449082793936,40.612472675,A192,_,00290,81
A192__00280.81,8.352924852806213,40.604641285,A192,_,00280,81
A192__00260.81,8.307622657314747,40.614289125,A192,_,00260,81
A192__00250.81,8.28246678132111,40.61118343,A192,_,00250,81
A192__00240.81,8.216045909498943,40.618644345,A192,_,00240,81
A192__00230.81,8.189810816419014,40.60637692,A192,_,00230,81
A192__00210.81,8.360134383610355,40.632059385000005,A192,_,00210,81
A192__00190.81,8.202368677629007,40.623545245,A192,_,00190,81
A192__00180.81,8.184318056674364,40.636521925,A192,_,00180,81
A192__00170.81,8.310104103004466,40.631224599999996,A192,_,00170,81
A192__00140.81,8.189173640961759,40.64385613,A192,_,00140,81
A192__00110.81,8.296449715186231,40.649132089999995,A192,_,00110,81
A192__00060.81,8.292063749348314,40.661879035,A192,_,00060,81
A192__00040.81,8.25150719984541,40.657411205,A192,_,00040,81
A192__00030.81,8.229423075580206,40.654707195,A192,_,00030,81
A192__00030.810,8.242168725882252,40.663615289999996,A192,_,00030,810
A192__00940.810,8.354973516154393,40.509347000000005,A192,_,00940,810
A192__00930.810,8.344766241321652,40.520219420000004,A192,_,00930,810
A192__00890.810,8.353684654152788,40.53081308,A192,_,00890,810
A192__0077.810,8.32777766470948,40.556139079999994,A192,_,0077,810
A192__00740.810,8.359133878792493,40.564664730000004,A192,_,00740,810
A192__00660.810,8.335567230417576,40.56591114,A192,_,00660,810
A192__00630.810,8.330367849001778,40.570324334999995,A192,_,00630,810
A192__00610.810,8.321578527151576,40.57915868,A192,_,00610,810
A192__00570.810,8.352348799316932,40.58610262,A192,_,00570,810
A192__00550.810,8.322819966406676,40.582909805,A192,_,00550,810
A192__00480.810,8.226166142034039,40.591299675,A192,_,00480,810
A192__00410.810,8.335295556348814,40.60139518,A192,_,00410,810
A192__00390.810,8.32148888939033,40.598257195,A192,_,00390,810
A192__00260.810,8.3210758347101,40.619490084999995,A192,_,00260,810
A192__00030.811,8.242284308026651,40.66345055,A192,_,00030,811
A192__00940.811,8.35727084779585,40.519699485000004,A192,_,00940,811
A192__00890.811,8.353617910728843,40.530466829999995,A192,_,00890,811
A192__0077.811,8.328285535170387,40.554062325000004,A192,_,0077,811
A192__00740.811,8.358781497960432,40.564681575,A192,_,00740,811
A192__00720.811,8.334216844881661,40.55566627,A192,_,00720,811
A192__00670.811,8.339567252140663,40.56973371,A192,_,00670,811
A192__00630.811,8.330347998167106,40.570490705,A192,_,00630,811
A192__00620.811,8.328308884583967,40.575235205,A192,_,00620,811
A192__00610.811,8.316395189909151,40.580077669999994,A192,_,00610,811
A192__00550.811,8.322601426702423,40.582817770000005,A192,_,00550,811
A192__00490.811,8.256003589766777,40.586954864999996,A192,_,00490,811
A192__00480.811,8.225104471984924,40.595883665,A192,_,00480,811
A192__00410.811,8.337513730407458,40.59832223,A192,_,00410,811
A192__00390.811,8.322138810851397,40.59817382,A192,_,00390,811
A192__00030.812,8.233337842934336,40.655670564999994,A192,_,00030,812
A192__00940.812,8.353805742159444,40.50767836,A192,_,00940,812
A192__00930.812,8.335574151755464,40.5220808,A192,_,00930,812
A192__00890.812,8.352801082779537,40.530375164999995,A192,_,00890,812
A192__0077.812,8.328264722798199,40.555802065,A192,_,0077,812
A192__00720.812,8.335640568525957,40.55568099,A192,_,00720,812
A192__00660.812,8.337450704100597,40.565948185,A192,_,00660,812
A192__00630.812,8.33030393481133,40.570172185000004,A192,_,00630,812
A192__00620.812,8.332701506785249,40.57822467,A192,_,00620,812
A192__00570.812,8.35422624517787,40.58891084,A192,_,00570,812
A192__00550.812,8.322597291497928,40.582638904999996,A192,_,00550,812
A192__0049.812,8.281648667926303,40.594012845,A192,_,0049,812
A192__00480.812,8.224743419378095,40.595078285,A192,_,00480,812
A192__00410.812,8.33242093950777,40.603677880000006,A192,_,00410,812
A192__00390.812,8.322745945508679,40.597963375,A192,_,00390,812
A192__00260.812,8.316119869518143,40.624081059999995,A192,_,00260,812
A192__00030.813,8.224541283739313,40.649637514999995,A192,_,00030,813
A192__00890.813,8.353347584562432,40.53010558,A192,_,00890,813
A192__0077.813,8.328674492938301,40.551758335,A192,_,0077,813
A192__00740.813,8.36110565848318,40.564403825,A192,_,00740,813
A192__00720.813,8.335435164036337,40.55568099,A192,_,00720,813
A192__00670.813,8.337882564216638,40.561528304999996,A192,_,00670,813
A192__00660.813,8.333319579808666,40.56326224,A192,_,00660,813
A192__00640.813,8.32039494838539,40.56732791,A192,_,00640,813
A192__00630.813,8.330342237182924,40.570004685,A192,_,00630,813
A192__00620.813,8.332860218498666,40.57832603,A192,_,00620,813
A192__00610.813,8.316756790042685,40.579683705,A192,_,00610,813
A192__00570.813,8.353953384295494,40.588745855,A192,_,00570,813
A192__0049.813,8.28235088132958,40.59390529,A192,_,0049,813
A192__00390.813,8.32112987050153,40.598464455,A192,_,00390,813
A192__00260.813,8.316190818875757,40.623964915,A192,_,00260,813
A192__00030.814,8.239941037607949,40.650697304999994,A192,_,00030,814
A192__00890.814,8.350254120021976,40.53447843,A192,_,00890,814
A192__0077.814,8.328731948262753,40.551647335,A192,_,0077,814
A192__00740.814,8.360896891349157,40.56434126,A192,_,00740,814
A192__0064.814,8.322552321030951,40.563103525,A192,_,0064,814
A192__00630.814,8.331502401507642,40.570463655,A192,_,00630,814
A192__00620.814,8.323727884430877,40.570941935,A192,_,00620,814
A192__00570.814,8.352962235585219,40.588086385,A192,_,00570,814
A192__00550.814,8.322271547841686,40.582149564999995,A192,_,00550,814
A192__00480.814,8.23666944913656,40.581240265000005,A192,_,00480,814
A192__00390.814,8.321196589288226,40.598464455,A192,_,00390,814
A192__00260.814,8.293091920305862,40.61938085,A192,_,00260,814
A192__00250.814,8.281508753317706,40.62583554,A192,_,00250,814
A192__00030.815,8.240109637432765,40.650794524999995,A192,_,00030,815
A192__00930.815,8.340973368122619,40.518570940000004,A192,_,00930,815
A192__00890.815,8.34962042569747,40.53438166,A192,_,00890,815
A192__0077.815,8.328696637611879,40.55142712,A192,_,0077,815
A192__00740.815,8.361454846300976,40.564460825,A192,_,00740,815
A192__0072.815,8.332805093684232,40.55552301,A192,_,0072,815
A192__00670.815,8.337925025577768,40.561272985,A192,_,00670,815
A192__00630.815,8.330848585866377,40.570525015,A192,_,00630,815
A192__00620.815,8.32352302181799,40.570958275,A192,_,00620,815
A192__00570.815,8.352813273389987,40.587918715,A192,_,00570,815
A192__00550.815,8.323188274892882,40.583122180000004,A192,_,00550,815
A192__00490.815,8.257432849771902,40.58885418,A192,_,00490,815
A192__00480.815,8.237176567335542,40.58172013,A192,_,00480,815
A192__00390.815,8.321286632156827,40.59845757,A192,_,00390,815
A192__00260.815,8.292867077925363,40.619469265,A192,_,00260,815
A192__00250.815,8.28218752209127,40.625843885,A192,_,00250,815
A192__00210.815,8.351826636400952,40.62027921,A192,_,00210,815
A192__00210.816,8.352502702018057,40.62071076,A192,_,00210,816
A192__0077.816,8.329122277283354,40.55142714,A192,_,0077,816
A192__00740.816,8.361465954724014,40.564287495,A192,_,00740,816
A192__00670.816,8.337463631535462,40.56182915,A192,_,00670,816
A192__00630.816,8.331061535753285,40.570179345,A192,_,00630,816
A192__00620.816,8.328576442947938,40.580931635,A192,_,00620,816
A192__00610.816,8.320307338270627,40.577444619999994,A192,_,00610,816
A192__00570.816,8.35360939125718,40.58819264,A192,_,00570,816
A192__00490.816,8.257937767192402,40.588466530000005,A192,_,00490,816
A192__00480.816,8.237574498424427,40.582233555,A192,_,00480,816
A192__00260.816,8.293004349095476,40.616694405000004,A192,_,00260,816
A192__00250.816,8.283765101638181,40.61235361,A192,_,00250,816
A192__00030.817,8.240687026017913,40.650632025,A192,_,00030,817
A192__00940.817,8.355937859694713,40.520031075000006,A192,_,00940,817
A192__00930.817,8.340468663941166,40.517984225,A192,_,00930,817
A192__0077.817,8.329936225527106,40.55142105,A192,_,0077,817
A192__00740.817,8.361449259839972,40.56464537,A192,_,00740,817
A192__0072.817,8.3328376026888,40.55560853,A192,_,0072,817
A192__00670.817,8.337804195578986,40.561734779999995,A192,_,00670,817
A192__00640.817,8.321194489752589,40.568651145000004,A192,_,00640,817
A192__00630.817,8.331185780714543,40.56998258,A192,_,00630,817
A192__00550.817,8.323025545442787,40.582594025,A192,_,00550,817
A192__00490.817,8.258050344562736,40.58847982,A192,_,00490,817
A192__00480.817,8.23748665572946,40.580751899999996,A192,_,00480,817
A192__00260.817,8.29359092317625,40.617001810000005,A192,_,00260,817
A192__00250.817,8.283744123915266,40.613594295,A192,_,00250,817
A192__00210.817,8.352154760742145,40.621587379999994,A192,_,00210,817
A192__00030.818,8.241012794771756,40.650632025,A192,_,00030,818
A192__00970.818,8.31163990339753,40.560737995,A192,_,00970,818
A192__0077.818,8.32907673420911,40.55191298,A192,_,0077,818
A192__00630.818,8.33125870944438,40.569880305,A192,_,00630,818
A192__00570.818,8.34590610609992,40.586364515,A192,_,00570,818
A192__00550.818,8.322912323498121,40.582524215,A192,_,00550,818
A192__0049.818,8.281616159844994,40.59280771,A192,_,0049,818
A192__00480.818,8.237949799584992,40.581194515,A192,_,00480,818
A192__00260.818,8.293515489738748,40.616734055,A192,_,00260,818
A192__00250.818,8.283714531779253,40.613650855,A192,_,00250,818
A192__00210.818,8.352579265833104,40.62106183,A192,_,00210,818
A192__00210.819,8.352080485056783,40.6211561,A192,_,00210,819
A192__00940.819,8.356028551134713,40.520145595,A192,_,00940,819
A192__0077.819,8.330050856480884,40.55225948499999,A192,_,0077,819
A192__0072.819,8.332967373022438,40.55580343,A192,_,0072,819
A192__00670.819,8.344518984843642,40.562457914999996,A192,_,00670,819
A192__00640.819,8.320670221010854,40.56726401,A192,_,00640,819
A192__00630.819,8.330813386626328,40.570451885,A192,_,00630,819
A192__00570.819,8.345941520789452,40.58634813,A192,_,00570,819
A192__00550.819,8.322874434252316,40.582275190000004,A192,_,00550,819
A192__00480.819,8.238486121327679,40.581706365,A192,_,00480,819
A192__00390.819,8.321114931742121,40.609909585,A192,_,00390,819
A192__00260.819,8.293667476836593,40.616422310000004,A192,_,00260,819
A192__00250.819,8.283893803911987,40.61338786,A192,_,00250,819
A192__00020.82,8.201724147320572,40.653372015,A192,_,00020,82
A192__00960.82,8.368773205104617,40.50846272,A192,_,00960,82
A192__00930.82,8.341824976155461,40.517154805000004,A192,_,00930,82
A192__00900.82,8.360561825462979,40.520870805,A192,_,00900,82
A192__00890.82,8.350089887241172,40.5304483,A192,_,00890,82
A192__00880.82,8.345479098929315,40.522195775,A192,_,00880,82
A192__00870.82,8.338403335763749,40.525505975,A192,_,00870,82
A192__00860.82,8.369269337651982,40.544893585,A192,_,00860,82
A192__00850.82,8.34518410281182,40.532251155,A192,_,00850,82
A192__00840.82,8.333258240527403,40.53502243,A192,_,00840,82
A192__00820.82,8.39448683610853,40.542689515,A192,_,00820,82
A192__00810.82,8.364748149211229,40.546163635,A192,_,00810,82
A192__00800.82,8.36108893433993,40.54429204,A192,_,00800,82
A192__00790.82,8.342146394335753,40.55002582,A192,_,00790,82
A192__0077.82,8.328735799126568,40.55581849,A192,_,0077,82
A192__00750.82,8.372683430953202,40.55077295,A192,_,00750,82
A192__00740.82,8.359064465398376,40.553517155,A192,_,00740,82
A192__00730.82,8.350513217942645,40.56043928,A192,_,00730,82
A192__00720.82,8.337410219288717,40.553803450000004,A192,_,00720,82
A192__0071.82,8.32550609960911,40.55459782,A192,_,0071,82
A192__00680.82,8.353004570528807,40.570807935,A192,_,00680,82
A192__0065.82,8.317633915129433,40.560585585,A192,_,0065,82
A192__0064.82,8.31915695839296,40.564694555,A192,_,0064,82
A192__00630.82,8.335121092326757,40.568985585,A192,_,00630,82
A192__00620.82,8.32498368949786,40.570879935,A192,_,00620,82
A192__0061.82,8.317972210454531,40.573245674999995,A192,_,0061,82
A192__00600.82,8.346899854510816,40.57290792,A192,_,00600,82
A192__00590.82,8.366325897877388,40.577042000000006,A192,_,00590,82
A192__00580.82,8.360627342013558,40.577011065,A192,_,00580,82
A192__00560.82,8.324327634205538,40.581196765,A192,_,00560,82
A192__00550.82,8.319435534630843,40.588577165000004,A192,_,00550,82
A192__00530.82,8.342937637685989,40.593668285,A192,_,00530,82
A192__0049.82,8.284753903373332,40.593849205,A192,_,0049,82
A192__00450.82,8.156617743953888,40.58475337,A192,_,00450,82
A192__00420.82,8.347896679154282,40.60101253,A192,_,00420,82
A192__00410.82,8.333036156738524,40.60177625,A192,_,00410,82
A192__00400.82,8.328452101150958,40.601981845,A192,_,00400,82
A192__00360.82,8.305452770601086,40.60390479,A192,_,00360,82
A192__00350.82,8.275995340367766,40.60423109,A192,_,00350,82
A192__00330.82,8.24205472315554,40.59657928,A192,_,00330,82
A192__00320.82,8.206795685065574,40.593563635,A192,_,00320,82
A192__00310.82,8.379975824018109,40.606809185,A192,_,00310,82
A192__00290.82,8.384393726936011,40.612550264999996,A192,_,00290,82
A192__00280.82,8.365456175955135,40.617791894999996,A192,_,00280,82
A192__00260.82,8.291492016539626,40.619149415,A192,_,00260,82
A192__00250.82,8.282297257289184,40.611630635,A192,_,00250,82
A192__00230.82,8.169968618242615,40.59455897,A192,_,00230,82
A192__00210.82,8.358704833892897,40.63305532,A192,_,00210,82
A192__00190.82,8.20675819812102,40.62205702,A192,_,00190,82
A192__00180.82,8.183681126910248,40.636953545,A192,_,00180,82
A192__00170.82,8.31139911059672,40.63109445,A192,_,00170,82
A192__00140.82,8.189701560702723,40.64499187,A192,_,00140,82
A192__00120.82,8.29709949451007,40.63602598,A192,_,00120,82
A192__00100.82,8.276432349530747,40.65549951,A192,_,00100,82
A192__00060.82,8.289708916338283,40.66145546,A192,_,00060,82
A192__00030.82,8.229645138642862,40.65252152,A192,_,00030,82
A192__00030.820,8.236291871411762,40.66343455,A192,_,00030,820
A192__00970.820,8.311688986429228,40.56049983,A192,_,00970,820
A192__00940.820,8.35575200808032,40.52021527,A192,_,00940,820
A192__0077.820,8.329985702783562,40.552154445,A192,_,0077,820
A192__0072.820,8.333784836019873,40.55600897,A192,_,0072,820
A192__0071.820,8.32094073550665,40.55143468,A192,_,0071,820
A192__0064.820,8.321035899372987,40.56148831,A192,_,0064,820
A192__00630.820,8.330734088397602,40.570225855000004,A192,_,00630,820
A192__00570.820,8.340198484116296,40.587746705,A192,_,00570,820
A192__00480.820,8.237960294762111,40.58239616,A192,_,00480,820
A192__00390.820,8.320938943662332,40.609876805,A192,_,00390,820
A192__00210.820,8.352592334228735,40.621032695,A192,_,00210,820
A192__00030.821,8.23652207696394,40.664750185,A192,_,00030,821
A192__00970.821,8.311602782093715,40.557143800000006,A192,_,00970,821
A192__00940.821,8.356646632913582,40.51637615,A192,_,00940,821
A192__0077.821,8.330028344065884,40.55201883,A192,_,0077,821
A192__0072.821,8.333837650187842,40.55610177,A192,_,0072,821
A192__0064.821,8.321135001312111,40.56141355,A192,_,0064,821
A192__00630.821,8.330867599925803,40.570021955,A192,_,00630,821
A192__00570.821,8.340362227611383,40.587910125,A192,_,00570,821
A192__00490.821,8.261764687685153,40.589559405,A192,_,00490,821
A192__00260.821,8.287603097488986,40.619178919999996,A192,_,00260,821
A192__00210.821,8.352488559684776,40.617887875,A192,_,00210,821
A192__00030.822,8.236892750611261,40.655793605,A192,_,00030,822
A192__00970.822,8.311058571284391,40.55877931,A192,_,00970,822
A192__0077.822,8.329930317798077,40.551988425000005,A192,_,0077,822
A192__0072.822,8.333544455423542,40.55582792,A192,_,0072,822
A192__00670.822,8.343583088393242,40.565241945,A192,_,00670,822
A192__00640.822,8.321271249748172,40.568627745,A192,_,00640,822
A192__00630.822,8.330863719005453,40.569957564999996,A192,_,00630,822
A192__00620.822,8.324261383720131,40.571564805,A192,_,00620,822
A192__00570.822,8.340377366748829,40.587930605,A192,_,00570,822
A192__00550.822,8.322513467760926,40.58191549,A192,_,00550,822
A192__00490.822,8.26144378854633,40.590045915000005,A192,_,00490,822
A192__00480.822,8.225698666141039,40.59017194,A192,_,00480,822
A192__00390.822,8.319768009654293,40.605711105,A192,_,00390,822
A192__00260.822,8.287532397211912,40.61898726,A192,_,00260,822
A192__00250.822,8.272641403266311,40.61075555,A192,_,00250,822
A192__00210.822,8.352134336981926,40.617887875,A192,_,00210,822
A192__00030.823,8.236791207478202,40.655614575,A192,_,00030,823
A192__00970.823,8.31073883370438,40.56046703,A192,_,00970,823
A192__00940.823,8.356495750343417,40.51622062,A192,_,00940,823
A192__0077.823,8.330107623389184,40.551988425000005,A192,_,0077,823
A192__0072.823,8.333374835057192,40.55582792,A192,_,0072,823
A192__00670.823,8.343420111635215,40.566850945,A192,_,00670,823
A192__00640.823,8.321337435591289,40.568685959999996,A192,_,00640,823
A192__00630.823,8.33109290282993,40.56985161,A192,_,00630,823
A192__00610.823,8.321020217630764,40.57773064,A192,_,00610,823
A192__00570.823,8.337549649282614,40.588438775,A192,_,00570,823
A192__00550.823,8.321119717345198,40.58225352,A192,_,00550,823
A192__00490.823,8.256900761252595,40.589169345,A192,_,00490,823
A192__00480.823,8.22588854207317,40.590291824999994,A192,_,00480,823
A192__00210.824,8.352099492573188,40.624945315,A192,_,00210,824
A192__00970.824,8.31420436277468,40.556099735000004,A192,_,00970,824
A192__0077.824,8.329777888235078,40.55217766,A192,_,0077,824
A192__0072.824,8.333529507485242,40.555650035,A192,_,0072,824
A192__00670.824,8.343373240694461,40.567002435,A192,_,00670,824
A192__00630.824,8.330309234554075,40.56996775,A192,_,00630,824
A192__00610.824,8.321395737224787,40.577279055000005,A192,_,00610,824
A192__00570.824,8.336920812488685,40.588271855,A192,_,00570,824
A192__00490.824,8.257115321753012,40.58896412,A192,_,00490,824
A192__00480.824,8.225897577647824,40.59035586500001,A192,_,00480,824
A192__00390.824,8.319579042635137,40.60734154,A192,_,00390,824
A192__00210.825,8.350829870852662,40.624775314999994,A192,_,00210,825
A192__00970.825,8.312402273003016,40.556435675,A192,_,00970,825
A192__0077.825,8.329816801329226,40.552124094999996,A192,_,0077,825
A192__0072.825,8.333328007119103,40.555427785,A192,_,0072,825
A192__00670.825,8.34366163583248,40.568273625,A192,_,00670,825
A192__00630.825,8.330386687437764,40.57004765000001,A192,_,00630,825
A192__00620.825,8.331418755353603,40.581018764999996,A192,_,00620,825
A192__00610.825,8.321652515417917,40.577799515,A192,_,00610,825
A192__00550.825,8.321492403745154,40.58189763,A192,_,00550,825
A192__00490.825,8.25720929498043,40.589225365000004,A192,_,00490,825
A192__00480.825,8.225800851386861,40.590334264999996,A192,_,00480,825
A192__00390.825,8.31950220426111,40.60742385,A192,_,00390,825
A192__00250.825,8.27359799713609,40.62675404,A192,_,00250,825
A192__00030.826,8.233814808608326,40.648574785,A192,_,00030,826
A192__00970.826,8.311699265766824,40.558300915000004,A192,_,00970,826
A192__00940.826,8.358916418231914,40.509932285000005,A192,_,00940,826
A192__0077.826,8.329787537231478,40.552041115,A192,_,0077,826
A192__0072.826,8.33320526738041,40.555455574999996,A192,_,0072,826
A192__00670.826,8.34348027529538,40.568205695,A192,_,00670,826
A192__00640.826,8.32909061590001,40.569315614999994,A192,_,00640,826
A192__00630.826,8.335315653984889,40.573133784999996,A192,_,00630,826
A192__00620.826,8.332092354176282,40.580670745000006,A192,_,00620,826
A192__00610.826,8.321536924000863,40.577799515,A192,_,00610,826
A192__00490.826,8.257254871732934,40.58894686,A192,_,00490,826
A192__00480.826,8.225672802103212,40.59034488,A192,_,00480,826
A192__00390.826,8.319179783409087,40.607538925,A192,_,00390,826
A192__00260.826,8.321504848074179,40.619777889999995,A192,_,00260,826
A192__00250.826,8.273742096593299,40.626617530000004,A192,_,00250,826
A192__00210.826,8.351054919834596,40.624917165,A192,_,00210,826
A192__00030.827,8.233956484103484,40.648989285,A192,_,00030,827
A192__0077.827,8.329768170483938,40.551991965,A192,_,0077,827
A192__0072.827,8.333658852003715,40.55577739,A192,_,0072,827
A192__00670.827,8.343333354371625,40.568358605,A192,_,00670,827
A192__00640.827,8.32969376789314,40.56946358,A192,_,00640,827
A192__00630.827,8.335476946692946,40.57369663,A192,_,00630,827
A192__00620.827,8.328470526721981,40.57976003,A192,_,00620,827
A192__00610.827,8.321325147916077,40.577674110000004,A192,_,00610,827
A192__00550.827,8.321786351655454,40.581411155,A192,_,00550,827
A192__00490.827,8.257364444040721,40.58882208,A192,_,00490,827
A192__00390.827,8.319020371234139,40.607469285,A192,_,00390,827
A192__00250.827,8.273536801826264,40.626498780000006,A192,_,00250,827
A192__00210.827,8.351145233024678,40.624395324999995,A192,_,00210,827
A192__00250.828,8.274069075891664,40.62658241,A192,_,00250,828
A192__00970.828,8.311132136800778,40.5593593,A192,_,00970,828
A192__0077.828,8.327912611117204,40.553557530000006,A192,_,0077,828
A192__00740.828,8.357413379093106,40.56291212,A192,_,00740,828
A192__00630.828,8.335416269949604,40.57372605,A192,_,00630,828
A192__00620.828,8.327675467346243,40.5799926,A192,_,00620,828
A192__00610.828,8.321137877752495,40.577710859999996,A192,_,00610,828
A192__00550.828,8.321286477728144,40.580647729999995,A192,_,00550,828
A192__00390.828,8.319167713657821,40.607444295,A192,_,00390,828
A192__00260.828,8.32179920855445,40.619787715,A192,_,00260,828
A192__00030.829,8.238233794084735,40.64800396,A192,_,00030,829
A192__00970.829,8.310965379151824,40.559309665,A192,_,00970,829
A192__0077.829,8.32828914301449,40.553231124999996,A192,_,0077,829
A192__00720.829,8.332927222530389,40.559259815000004,A192,_,00720,829
A192__00670.829,8.345796810565805,40.565409985,A192,_,00670,829
A192__00640.829,8.322330839722731,40.56818381,A192,_,00640,829
A192__00630.829,8.32827541968639,40.570351145000004,A192,_,00630,829
A192__00620.829,8.32533605543091,40.573644135,A192,_,00620,829
A192__00610.829,8.321523579940477,40.577428645,A192,_,00610,829
A192__00490.829,8.263525161508504,40.586945785,A192,_,00490,829
A192__00390.829,8.32172748898022,40.601604085000005,A192,_,00390,829
A192__00260.829,8.293179360685311,40.614987909999996,A192,_,00260,829
A192__00250.829,8.274186146495875,40.626485200000005,A192,_,00250,829
A192__00210.829,8.350355314683087,40.624778930000005,A192,_,00210,829
A192__00020.83,8.201996920637065,40.65270524,A192,_,00020,83
A192__00960.83,8.37104714201662,40.50856249,A192,_,00960,83
A192__00940.83,8.354050724996767,40.509217475,A192,_,00940,83
A192__00930.83,8.342549578770381,40.51704987,A192,_,00930,83
A192__00900.83,8.3603939008986,40.53643653,A192,_,00900,83
A192__00890.83,8.356658014061786,40.529581955,A192,_,00890,83
A192__00870.83,8.338711968254673,40.525246635,A192,_,00870,83
A192__00820.83,8.388805570337306,40.54623987,A192,_,00820,83
A192__00810.83,8.365287230653543,40.545870545,A192,_,00810,83
A192__00800.83,8.357887357971261,40.54597429499999,A192,_,00800,83
A192__00790.83,8.344267762603778,40.537499365,A192,_,00790,83
A192__00780.83,8.328414742561442,40.547535235,A192,_,00780,83
A192__0077.83,8.328893317552051,40.55578673,A192,_,0077,83
A192__00740.83,8.361888892721907,40.55863276,A192,_,00740,83
A192__00730.83,8.34707850773486,40.558119595,A192,_,00730,83
A192__00720.83,8.33830501283273,40.55442843,A192,_,00720,83
A192__00710.83,8.325841033522519,40.55366057,A192,_,00710,83
A192__00700.83,8.392408975316517,40.577504495,A192,_,00700,83
A192__00690.83,8.36723019293251,40.57033173,A192,_,00690,83
A192__00680.83,8.35378053792765,40.57036702,A192,_,00680,83
A192__00670.83,8.347200259811563,40.561853154999994,A192,_,00670,83
A192__0065.83,8.31844236968292,40.560323495000006,A192,_,0065,83
A192__00620.83,8.324048684959344,40.571648485,A192,_,00620,83
A192__0061.83,8.318505883899448,40.5696078,A192,_,0061,83
A192__00570.83,8.342457301351246,40.587886165,A192,_,00570,83
A192__00560.83,8.324584824208145,40.581094055,A192,_,00560,83
A192__00540.83,8.349968687064617,40.592692365000005,A192,_,00540,83
A192__00530.83,8.33221835386419,40.5887135,A192,_,00530,83
A192__00510.83,8.316051278966489,40.591539085,A192,_,00510,83
A192__0049.83,8.283128091554858,40.593129695,A192,_,0049,83
A192__00420.83,8.347420537977944,40.601245965000004,A192,_,00420,83
A192__00410.83,8.338890874594945,40.60042395,A192,_,00410,83
A192__00380.83,8.310931259991207,40.594102145,A192,_,00380,83
A192__00360.83,8.306439102970419,40.60391224,A192,_,00360,83
A192__00350.83,8.26286941282756,40.598455735,A192,_,00350,83
A192__00330.83,8.241209837441964,40.595315604999996,A192,_,00330,83
A192__00320.83,8.206844882224798,40.593792695000005,A192,_,00320,83
A192__00310.83,8.380156651438725,40.60668719,A192,_,00310,83
A192__00290.83,8.384065844973726,40.61234899,A192,_,00290,83
A192__00230.83,8.171096177356624,40.594584905000005,A192,_,00230,83
A192__00190.83,8.207002418616035,40.621911085,A192,_,00190,83
A192__00180.83,8.1835557840683,40.6371803,A192,_,00180,83
A192__00170.83,8.312328177597403,40.63122834,A192,_,00170,83
A192__00160.83,8.26452008382461,40.626288065,A192,_,00160,83
A192__00150.83,8.224866853362013,40.643246094999995,A192,_,00150,83
A192__00140.83,8.19007387653296,40.64235843,A192,_,00140,83
A192__00100.83,8.2764177229625,40.654110225,A192,_,00100,83
A192__00060.83,8.289537654148107,40.66144793,A192,_,00060,83
A192__00030.83,8.229583459053984,40.651236585,A192,_,00030,83
A192__00030.830,8.237372763828436,40.647691355000006,A192,_,00030,830
A192__00970.830,8.315053879467964,40.55599812,A192,_,00970,830
A192__00770.830,8.334085567046426,40.55099339,A192,_,00770,830
A192__00720.830,8.33204986647684,40.55953881000001,A192,_,00720,830
A192__00670.830,8.344823763658164,40.571022575,A192,_,00670,830
A192__00640.830,8.322283187017272,40.568473885,A192,_,00640,830
A192__00620.830,8.323569234187879,40.573659885,A192,_,00620,830
A192__00610.830,8.32134106962361,40.577403345,A192,_,00610,830
A192__00550.830,8.322028432913587,40.58388189,A192,_,00550,830
A192__00480.830,8.226044345917712,40.59036126,A192,_,00480,830
A192__00390.830,8.320195188968736,40.60869958,A192,_,00390,830
A192__00260.830,8.294031759698232,40.614973355000004,A192,_,00260,830
A192__00250.830,8.273958973960434,40.626318715,A192,_,00250,830
A192__00210.830,8.35045051445482,40.62445143,A192,_,00210,830
A192__00030.831,8.23691490662688,40.647877975,A192,_,00030,831
A192__00780.831,8.331045760150648,40.543251755,A192,_,00780,831
A192__00740.831,8.357092572659958,40.562630569999996,A192,_,00740,831
A192__00720.831,8.332420783094108,40.558819650000004,A192,_,00720,831
A192__0071.831,8.318644434199314,40.551522175,A192,_,0071,831
A192__00670.831,8.344754037543527,40.57114318,A192,_,00670,831
A192__00640.831,8.322068183752599,40.56838791,A192,_,00640,831
A192__00610.831,8.321765335855403,40.577630095,A192,_,00610,831
A192__00550.831,8.322188678512742,40.583951785,A192,_,00550,831
A192__0049.831,8.28397191800407,40.59166979,A192,_,0049,831
A192__00390.831,8.320922911883187,40.608040255000006,A192,_,00390,831
A192__00260.831,8.294787924722023,40.614974110000006,A192,_,00260,831
A192__00250.831,8.274001952524838,40.625836379999996,A192,_,00250,831
A192__00210.831,8.353818267149345,40.618792035,A192,_,00210,831
A192__00030.832,8.237474893137485,40.64832242,A192,_,00030,832
A192__00970.832,8.306309434734786,40.562981745,A192,_,00970,832
A192__00940.832,8.356039933470344,40.51181725,A192,_,00940,832
A192__00740.832,8.356594842098573,40.5629833,A192,_,00740,832
A192__00720.832,8.33154864163047,40.559072529999995,A192,_,00720,832
A192__00670.832,8.344758745044624,40.5710787,A192,_,00670,832
A192__0064.832,8.32125230419826,40.564619945,A192,_,0064,832
A192__00490.832,8.25859567118809,40.588695799999996,A192,_,00490,832
A192__00480.832,8.243378548992776,40.592741595,A192,_,00480,832
A192__00390.832,8.320288160421818,40.599272125,A192,_,00390,832
A192__00260.832,8.295548859697313,40.61497487,A192,_,00260,832
A192__00250.832,8.272713860325162,40.612908665,A192,_,00250,832
A192__00210.832,8.353553215820124,40.61882361,A192,_,00210,832
A192__00030.833,8.237501571071078,40.648529455,A192,_,00030,833
A192__00970.833,8.31220778888311,40.556417374999995,A192,_,00970,833
A192__00940.833,8.35667474200078,40.511768425,A192,_,00940,833
A192__00740.833,8.357040129247936,40.562998844999996,A192,_,00740,833
A192__00720.833,8.331229054160161,40.559191115000004,A192,_,00720,833
A192__00670.833,8.344842689568125,40.571184635,A192,_,00670,833
A192__0064.833,8.32072699051347,40.564473805,A192,_,0064,833
A192__00630.833,8.329582251795998,40.56980696,A192,_,00630,833
A192__0061.833,8.319361576911895,40.57302018,A192,_,0061,833
A192__00550.833,8.322286810519211,40.584051155,A192,_,00550,833
A192__00490.833,8.258644153005157,40.588493764999996,A192,_,00490,833
A192__00480.833,8.223520697443941,40.587998435,A192,_,00480,833
A192__00390.833,8.324808604538175,40.606104455,A192,_,00390,833
A192__00260.833,8.296314632201,40.61497563,A192,_,00260,833
A192__00250.833,8.272844555516524,40.612505354999996,A192,_,00250,833
A192__00210.833,8.353300440865063,40.618806445000004,A192,_,00210,833
A192__00030.834,8.237386273525143,40.64877949,A192,_,00030,834
A192__00970.834,8.312017264755278,40.556765765,A192,_,00970,834
A192__00740.834,8.359970006160765,40.563230430000004,A192,_,00740,834
A192__0072.834,8.330309382574853,40.558924155,A192,_,0072,834
A192__00670.834,8.344677639507452,40.571182934999996,A192,_,00670,834
A192__00640.834,8.3208303958389,40.567462524999996,A192,_,00640,834
A192__00630.834,8.328474091266301,40.570042799999996,A192,_,00630,834
A192__0061.834,8.32017670735317,40.57041951,A192,_,0061,834
A192__00550.834,8.322341280988358,40.58423593,A192,_,00550,834
A192__00490.834,8.262399906315,40.58790204,A192,_,00490,834
A192__00390.834,8.3243765671479,40.60634212,A192,_,00390,834
A192__00260.834,8.294035213809947,40.61380869,A192,_,00260,834
A192__00250.834,8.274563503238106,40.614132495,A192,_,00250,834
A192__00030.835,8.237429903946289,40.648993585,A192,_,00030,835
A192__00970.835,8.312200782045643,40.56003369,A192,_,00970,835
A192__00780.835,8.330326040886046,40.547535644999996,A192,_,00780,835
A192__0072.835,8.330792972827172,40.559013575,A192,_,0072,835
A192__00670.835,8.343816834591378,40.56844142,A192,_,00670,835
A192__0064.835,8.32122230169876,40.561826345,A192,_,0064,835
A192__00630.835,8.328834955889251,40.570094819999994,A192,_,00630,835
A192__00490.835,8.27363693276262,40.593160485,A192,_,00490,835
A192__00480.835,8.223425228877355,40.58777274,A192,_,00480,835
A192__00390.835,8.315513558789462,40.60329084999999,A192,_,00390,835
A192__00260.835,8.296560501004043,40.614342815,A192,_,00260,835
A192__00250.835,8.274767604208716,40.613574725,A192,_,00250,835
A192__00210.835,8.353655628368465,40.619334075,A192,_,00210,835
A192__00030.836,8.238690051064939,40.659012705,A192,_,00030,836
A192__00940.836,8.360562838063046,40.518635265,A192,_,00940,836
A192__00740.836,8.35972531644839,40.5632951,A192,_,00740,836
A192__0072.836,8.331293103802887,40.559048305,A192,_,0072,836
A192__00670.836,8.343855427174335,40.56853304,A192,_,00670,836
A192__0064.836,8.31886136398257,40.564796814999994,A192,_,0064,836
A192__0061.836,8.320275823577894,40.570552995,A192,_,0061,836
A192__00550.836,8.322313940021374,40.583832189999995,A192,_,00550,836
A192__0049.836,8.281203123163067,40.59241475,A192,_,0049,836
A192__00480.836,8.223782521865314,40.587735120000005,A192,_,00480,836
A192__00390.836,8.323560790023379,40.608485255000005,A192,_,00390,836
A192__00260.836,8.29437153692236,40.61326889,A192,_,00260,836
A192__00250.836,8.284602447406284,40.62858319,A192,_,00250,836
A192__00030.837,8.238236525387984,40.65668486,A192,_,00030,837
A192__00940.837,8.360459975198971,40.51882346,A192,_,00940,837
A192__00780.837,8.329578567865477,40.547931680000005,A192,_,00780,837
A192__0072.837,8.331940769682937,40.55818723,A192,_,0072,837
A192__00670.837,8.343914564417398,40.568525375,A192,_,00670,837
A192__00630.837,8.328579645138614,40.569864585,A192,_,00630,837
A192__00480.837,8.223184157324358,40.58653804,A192,_,00480,837
A192__00390.837,8.321652645728204,40.605233150000004,A192,_,00390,837
A192__00260.837,8.296353547173325,40.61330763,A192,_,00260,837
A192__00250.837,8.284521534315914,40.628292465,A192,_,00250,837
A192__00210.837,8.330938123918415,40.624640305,A192,_,00210,837
A192__00030.838,8.238250730635706,40.656850835,A192,_,00030,838
A192__00970.838,8.312265554569997,40.55649267,A192,_,00970,838
A192__00940.838,8.359650758659146,40.519370185,A192,_,00940,838
A192__00780.838,8.329666413096188,40.5479326,A192,_,00780,838
A192__00740.838,8.360504898722148,40.562914095,A192,_,00740,838
A192__0072.838,8.331406213971821,40.558603655,A192,_,0072,838
A192__00670.838,8.339634668481864,40.567864645,A192,_,00670,838
A192__00490.838,8.259992354053079,40.589964980000005,A192,_,00490,838
A192__00260.838,8.293614659325982,40.612435555000005,A192,_,00260,838
A192__00250.838,8.28421463257548,40.62722619,A192,_,00250,838
A192__00210.838,8.33069624815912,40.62397854,A192,_,00210,838
A192__00030.839,8.23831256643895,40.657032005000005,A192,_,00030,839
A192__00940.839,8.360087699465293,40.518977594999996,A192,_,00940,839
A192__00780.839,8.329997266233764,40.548008245000005,A192,_,00780,839
A192__00740.839,8.360660641604671,40.562715035,A192,_,00740,839
A192__0072.839,8.331058198968453,40.558751405,A192,_,0072,839
A192__00670.839,8.347988307542895,40.572569189999996,A192,_,00670,839
A192__00630.839,8.32897462455033,40.569847,A192,_,00630,839
A192__00620.839,8.33359159088111,40.577481184999996,A192,_,00620,839
A192__0061.839,8.318365317508421,40.57226939,A192,_,0061,839
A192__00550.839,8.322413574604397,40.583789625,A192,_,00550,839
A192__00490.839,8.260516582318775,40.5889756,A192,_,00490,839
A192__00480.839,8.22567925584405,40.59650502,A192,_,00480,839
A192__00390.839,8.321223044559702,40.604674865,A192,_,00390,839
A192__00260.839,8.295602731902939,40.612395774999996,A192,_,00260,839
A192__00250.839,8.28409436874497,40.626805415,A192,_,00250,839
A192__00210.839,8.352777308927134,40.62552118,A192,_,00210,839
A192__00050.84,8.27042273653267,40.66457627,A192,_,00050,84
A192__00970.84,8.31444719790418,40.558845579999996,A192,_,00970,84
A192__00960.84,8.367653033498963,40.510316265,A192,_,00960,84
A192__00940.84,8.35328951404184,40.509320725,A192,_,00940,84
A192__00930.84,8.337399585966327,40.518005675,A192,_,00930,84
A192__00900.84,8.364073348478554,40.534560065,A192,_,00900,84
A192__00880.84,8.346093860607027,40.52296372,A192,_,00880,84
A192__00800.84,8.360168445536612,40.544867605,A192,_,00800,84
A192__00790.84,8.34427851504244,40.53744546,A192,_,00790,84
A192__00750.84,8.372852682209427,40.55003904,A192,_,00750,84
A192__00730.84,8.348555766354629,40.557682514999996,A192,_,00730,84
A192__00720.84,8.339011663035468,40.554553354999996,A192,_,00720,84
A192__00690.84,8.366671519379324,40.57070904,A192,_,00690,84
A192__00680.84,8.35351821552317,40.570404485,A192,_,00680,84
A192__0065.84,8.318554223337626,40.56038778,A192,_,0065,84
A192__0064.84,8.319897341986652,40.565148085000004,A192,_,0064,84
A192__00630.84,8.336781100544062,40.569192475,A192,_,00630,84
A192__00620.84,8.324965643563807,40.570730455,A192,_,00620,84
A192__0061.84,8.320813775881444,40.57550558,A192,_,0061,84
A192__00600.84,8.34833197916252,40.573774355,A192,_,00600,84
A192__00590.84,8.367984708979215,40.577875225,A192,_,00590,84
A192__00580.84,8.366990932805159,40.585975059999996,A192,_,00580,84
A192__00570.84,8.342142243583169,40.586760240000004,A192,_,00570,84
A192__00560.84,8.323655370935377,40.581542490000004,A192,_,00560,84
A192__00550.84,8.32016919784348,40.590214525,A192,_,00550,84
A192__00530.84,8.333315966042868,40.5884881,A192,_,00530,84
A192__0049.84,8.283550533736893,40.593362825,A192,_,0049,84
A192__00470.84,8.206884846975402,40.57027549,A192,_,00470,84
A192__00450.84,8.14666736239096,40.602869895,A192,_,00450,84
A192__00420.84,8.348491345255415,40.601258755,A192,_,00420,84
A192__00380.84,8.311138203211485,40.59516036,A192,_,00380,84
A192__00350.84,8.263189041044804,40.5977628,A192,_,00350,84
A192__00330.84,8.24119604531673,40.595001575,A192,_,00330,84
A192__00320.84,8.210271627191554,40.592490585,A192,_,00320,84
A192__00310.84,8.36739876005061,40.61449143,A192,_,00310,84
A192__00290.84,8.380962453869593,40.614916120000004,A192,_,00290,84
A192__00280.84,8.365706502797313,40.618179455,A192,_,00280,84
A192__00240.84,8.216726683713016,40.610487004999996,A192,_,00240,84
A192__00230.84,8.171149345112598,40.594582035,A192,_,00230,84
A192__00210.84,8.357883937665669,40.629846085,A192,_,00210,84
A192__00190.84,8.207434202269045,40.62161115,A192,_,00190,84
A192__00180.84,8.177957132240447,40.636873255,A192,_,00180,84
A192__00170.84,8.31150029418192,40.63119327,A192,_,00170,84
A192__00150.84,8.225461747729504,40.644073315,A192,_,00150,84
A192__00140.84,8.198810784371648,40.642856435,A192,_,00140,84
A192__00060.84,8.286333759699243,40.66086296,A192,_,00060,84
A192__00030.840,8.228076378601212,40.651149669999995,A192,_,00030,840
A192__00970.840,8.314407676728978,40.55872256,A192,_,00970,840
A192__00940.840,8.362341449629913,40.510895995,A192,_,00940,840
A192__0072.840,8.331035909649167,40.559177755,A192,_,0072,840
A192__00670.840,8.348660166567507,40.57265902,A192,_,00670,840
A192__00620.840,8.324641359336534,40.572006134999995,A192,_,00620,840
A192__0061.840,8.318066432269628,40.57373618,A192,_,0061,840
A192__00490.840,8.260153567069814,40.588848595,A192,_,00490,840
A192__00480.840,8.225980337068723,40.59542819,A192,_,00480,840
A192__00260.840,8.295257857262309,40.61210083500001,A192,_,00260,840
A192__00250.840,8.286882393328774,40.615976005,A192,_,00250,840
A192__00210.840,8.347940363013288,40.622643665,A192,_,00210,840
A192__00030.841,8.229219374765272,40.651161545,A192,_,00030,841
A192__00940.841,8.361930500889889,40.511065634999994,A192,_,00940,841
A192__00780.841,8.329362444715004,40.54749053,A192,_,00780,841
A192__0072.841,8.331261364682067,40.559095285,A192,_,0072,841
A192__00670.841,8.349330755994105,40.570690209999995,A192,_,00670,841
A192__00630.841,8.328628624570992,40.569806099999994,A192,_,00630,841
A192__00620.841,8.333368942314275,40.577507165,A192,_,00620,841
A192__0061.841,8.31860916916859,40.57320318,A192,_,0061,841
A192__00250.841,8.287884200043273,40.61596704,A192,_,00250,841
A192__00210.841,8.346902871256452,40.622315435,A192,_,00210,841
A192__00030.842,8.228036053881524,40.650458305,A192,_,00030,842
A192__00970.842,8.31330944709497,40.55748815,A192,_,00970,842
A192__00940.842,8.36020211921133,40.51678824,A192,_,00940,842
A192__0072.842,8.330718567918236,40.55564215,A192,_,0072,842
A192__00670.842,8.341034940706205,40.56204462,A192,_,00670,842
A192__00630.842,8.328279129954936,40.570561319999996,A192,_,00630,842
A192__00620.842,8.327013247816485,40.576913235,A192,_,00620,842
A192__0061.842,8.318601961548893,40.57309858,A192,_,0061,842
A192__00550.842,8.32244708369355,40.583676249999996,A192,_,00550,842
A192__00490.842,8.259146170448606,40.58857268,A192,_,00490,842
A192__00390.842,8.321161689206793,40.60086768,A192,_,00390,842
A192__00250.842,8.287986670392831,40.61564472,A192,_,00250,842
A192__00210.842,8.346473497714875,40.622264224999995,A192,_,00210,842
A192__00030.843,8.230013116760137,40.650236504999995,A192,_,00030,843
A192__00780.843,8.32942374373774,40.54753228,A192,_,00780,843
A192__0072.843,8.330633368192185,40.555530024999996,A192,_,0072,843
A192__00670.843,8.340954038267864,40.561937825,A192,_,00670,843
A192__00640.843,8.321021917063696,40.567676845,A192,_,00640,843
A192__00630.843,8.328392887533713,40.57038331,A192,_,00630,843
A192__00620.843,8.326817947719434,40.576632965,A192,_,00620,843
A192__00550.843,8.319226776098233,40.587971875,A192,_,00550,843
A192__00490.843,8.259501502658011,40.588731075,A192,_,00490,843
A192__00390.843,8.320970005637346,40.60083535,A192,_,00390,843
A192__00260.843,8.288401261454709,40.62239084,A192,_,00260,843
A192__00250.843,8.288178131974824,40.61591192,A192,_,00250,843
A192__00030.844,8.229052945712688,40.65039535,A192,_,00030,844
A192__00940.844,8.360666453156114,40.516781615,A192,_,00940,844
A192__0072.844,8.331259475328087,40.555832685,A192,_,0072,844
A192__00670.844,8.339404144567336,40.563825525,A192,_,00670,844
A192__00630.844,8.328689298713059,40.570420185,A192,_,00630,844
A192__00620.844,8.323412892841489,40.570719545,A192,_,00620,844
A192__00550.844,8.319580151563368,40.5877548,A192,_,00550,844
A192__00490.844,8.257250047652631,40.588106915,A192,_,00490,844
A192__00390.844,8.325149013354334,40.60675185,A192,_,00390,844
A192__00260.844,8.288359091254211,40.622449115,A192,_,00260,844
A192__00250.844,8.288115108877752,40.6153597,A192,_,00250,844
A192__00210.844,8.340321783514486,40.62483901,A192,_,00210,844
A192__00210.845,8.33858364739228,40.62450895,A192,_,00210,845
A192__00940.845,8.356229402797492,40.509052855,A192,_,00940,845
A192__00780.845,8.329433349975123,40.547563035,A192,_,00780,845
A192__00740.845,8.355232179838552,40.559694915,A192,_,00740,845
A192__0072.845,8.330926634763,40.555942125,A192,_,0072,845
A192__00670.845,8.34149066246571,40.562402295,A192,_,00670,845
A192__00620.845,8.323440419889653,40.57339172499999,A192,_,00620,845
A192__0061.845,8.31918032042805,40.575126705,A192,_,0061,845
A192__00550.845,8.324888499186853,40.588863974999995,A192,_,00550,845
A192__00490.845,8.257112718862139,40.58825999,A192,_,00490,845
A192__00250.845,8.288115763590067,40.615177155,A192,_,00250,845
A192__00030.846,8.234942749473174,40.65309205,A192,_,00030,846
A192__00940.846,8.356365626418842,40.50898625,A192,_,00940,846
A192__00740.846,8.355469852971073,40.55984259,A192,_,00740,846
A192__0072.846,8.331469986075872,40.55604131,A192,_,0072,846
A192__00620.846,8.32262473647269,40.569941665,A192,_,00620,846
A192__0061.846,8.318507024927143,40.57428222,A192,_,0061,846
A192__00570.846,8.340317625649892,40.588236435,A192,_,00570,846
A192__00550.846,8.324704897281887,40.58845239,A192,_,00550,846
A192__00490.846,8.257407184165238,40.589822855,A192,_,00490,846
A192__00390.846,8.325949010104093,40.60650036,A192,_,00390,846
A192__00250.846,8.288306340743787,40.615077400000004,A192,_,00250,846
A192__00210.846,8.35159635407995,40.625844924999996,A192,_,00210,846
A192__00030.847,8.234949138016493,40.655863525,A192,_,00030,847
A192__00970.847,8.312035103296664,40.557369300000005,A192,_,00970,847
A192__00940.847,8.356394636754736,40.50862919,A192,_,00940,847
A192__0072.847,8.33196839734747,40.557523255,A192,_,0072,847
A192__00630.847,8.329603968140752,40.569867185,A192,_,00630,847
A192__0061.847,8.31890571334975,40.57419974,A192,_,0061,847
A192__00550.847,8.324685646232577,40.588806665,A192,_,00550,847
A192__00490.847,8.257480804859735,40.58962568,A192,_,00490,847
A192__00250.847,8.280826474615417,40.62614818,A192,_,00250,847
A192__00210.847,8.359920369799692,40.631911020000004,A192,_,00210,847
A192__00030.848,8.234423157807964,40.655727505,A192,_,00030,848
A192__00970.848,8.315587834847674,40.55843694,A192,_,00970,848
A192__00940.848,8.359713759087448,40.513412810000005,A192,_,00940,848
A192__00780.848,8.328362053721705,40.546573875,A192,_,00780,848
A192__0072.848,8.330432981901406,40.55825602,A192,_,0072,848
A192__00630.848,8.329954722628731,40.569911915,A192,_,00630,848
A192__0061.848,8.318746509795933,40.57259173,A192,_,0061,848
A192__00570.848,8.34040310199155,40.58845282,A192,_,00570,848
A192__00550.848,8.320229064563645,40.584644104999995,A192,_,00550,848
A192__0049.848,8.287070976858878,40.593589875000006,A192,_,0049,848
A192__00390.848,8.318153070578116,40.606243320000004,A192,_,00390,848
A192__00250.848,8.280984912560708,40.627596819999994,A192,_,00250,848
A192__00210.848,8.360001814615032,40.633037765,A192,_,00210,848
A192__00210.849,8.359809997191888,40.63213157,A192,_,00210,849
A192__00970.849,8.313402206379266,40.557917035,A192,_,00970,849
A192__00780.849,8.328524497536492,40.54654831,A192,_,00780,849
A192__00740.849,8.361708132371096,40.560097979999995,A192,_,00740,849
A192__0072.849,8.331264839505653,40.55792416,A192,_,0072,849
A192__00630.849,8.328760488598284,40.57003835,A192,_,00630,849
A192__00620.849,8.322728696968499,40.570028115,A192,_,00620,849
A192__0061.849,8.318983636576938,40.57233462000001,A192,_,0061,849
A192__00570.849,8.348113912059453,40.590547775,A192,_,00570,849
A192__00550.849,8.320342787968826,40.58458612,A192,_,00550,849
A192__0049.849,8.287069611767677,40.59347999,A192,_,0049,849
A192__00480.849,8.2461468949197,40.587891694999996,A192,_,00480,849
A192__00260.849,8.308009703556706,40.619310495,A192,_,00260,849
A192__00250.849,8.280921466147195,40.613586745,A192,_,00250,849
A192__00010.85,8.202907311562317,40.66278221,A192,_,00010,85
A192__00970.85,8.314379349403957,40.558851505,A192,_,00970,85
A192__00940.85,8.355495231333794,40.509900959999996,A192,_,00940,85
A192__00870.85,8.338372031871918,40.524715619999995,A192,_,00870,85
A192__00860.85,8.36217727747626,40.53729397,A192,_,00860,85
A192__00810.85,8.366219841125282,40.546792435,A192,_,00810,85
A192__00800.85,8.363915744947535,40.544882935000004,A192,_,00800,85
A192__00790.85,8.344292245543265,40.53737739,A192,_,00790,85
A192__0077.85,8.326704789215636,40.552073109999995,A192,_,0077,85
A192__00750.85,8.373251219571149,40.550485545,A192,_,00750,85
A192__00720.85,8.33912961056097,40.555060885,A192,_,00720,85
A192__00680.85,8.353852783541665,40.570586725,A192,_,00680,85
A192__0065.85,8.318418345208798,40.560531095,A192,_,0065,85
A192__0064.85,8.320061649182822,40.564702885,A192,_,0064,85
A192__00620.85,8.32357229958169,40.572264000000004,A192,_,00620,85
A192__00590.85,8.368069402826748,40.577950744999995,A192,_,00590,85
A192__00570.85,8.34071465411569,40.586362925,A192,_,00570,85
A192__00560.85,8.32485551938442,40.580991229999995,A192,_,00560,85
A192__00550.85,8.318451294201129,40.589609655000004,A192,_,00550,85
A192__00540.85,8.352128277140253,40.592598005,A192,_,00540,85
A192__00510.85,8.315060633103155,40.59504522,A192,_,00510,85
A192__00470.85,8.207401283131446,40.57107304,A192,_,00470,85
A192__00440.85,8.384472165183634,40.606908355,A192,_,00440,85
A192__00400.85,8.32934420078412,40.597785935000005,A192,_,00400,85
A192__00380.85,8.311374007175944,40.595429785,A192,_,00380,85
A192__00360.85,8.304954999075447,40.604033625,A192,_,00360,85
A192__00350.85,8.262719186315945,40.59838601,A192,_,00350,85
A192__00330.85,8.241847428182492,40.59486657,A192,_,00330,85
A192__00310.85,8.367499712714414,40.614634124999995,A192,_,00310,85
A192__00300.85,8.386238610024021,40.61236315,A192,_,00300,85
A192__00270.85,8.324087830146897,40.613632065000004,A192,_,00270,85
A192__00240.85,8.215952893352814,40.6148842,A192,_,00240,85
A192__00230.85,8.171755627795461,40.594527865,A192,_,00230,85
A192__00210.85,8.35334354844764,40.631706645,A192,_,00210,85
A192__00190.85,8.201149254498844,40.623007215,A192,_,00190,85
A192__00180.85,8.177606243716227,40.636910755,A192,_,00180,85
A192__00170.85,8.31944117490356,40.631204679999996,A192,_,00170,85
A192__00160.85,8.267576401735905,40.62554294,A192,_,00160,85
A192__00060.85,8.286299670504716,40.660884625,A192,_,00060,85
A192__00040.85,8.247016449077353,40.65679293,A192,_,00040,85
A192__00020.85,8.212718208859735,40.654576649999996,A192,_,00020,85
A192__00210.850,8.360726486751545,40.63167805,A192,_,00210,850
A192__00970.850,8.314606749779115,40.559191275,A192,_,00970,850
A192__00940.850,8.35665094059837,40.51584158,A192,_,00940,850
A192__0072.850,8.330879658176023,40.557281259999996,A192,_,0072,850
A192__00670.850,8.345340983467555,40.565679025,A192,_,00670,850
A192__00620.850,8.322656830459934,40.56996848,A192,_,00620,850
A192__0061.850,8.318648516542297,40.572258555000005,A192,_,0061,850
A192__00480.850,8.245825573962207,40.588236425,A192,_,00480,850
A192__00390.850,8.323648649451213,40.60103698499999,A192,_,00390,850
A192__00260.850,8.309490994871972,40.61929069,A192,_,00260,850
A192__00250.850,8.278001043236413,40.612818649999994,A192,_,00250,850
A192__00030.851,8.244176840182663,40.647621060000006,A192,_,00030,851
A192__00970.851,8.313837350350623,40.556667645000005,A192,_,00970,851
A192__00780.851,8.329006233620763,40.547327374999995,A192,_,00780,851
A192__00740.851,8.355223921058673,40.56106371,A192,_,00740,851
A192__0072.851,8.331099323017241,40.5573708,A192,_,0072,851
A192__00670.851,8.346117148597175,40.56559697,A192,_,00670,851
A192__00630.851,8.328504401430745,40.57042327,A192,_,00630,851
A192__00620.851,8.328790080025936,40.57544936,A192,_,00620,851
A192__0061.851,8.321762234157916,40.573309415,A192,_,0061,851
A192__00570.851,8.34793416257909,40.59021225,A192,_,00570,851
A192__00550.851,8.318151786096216,40.582711415,A192,_,00550,851
A192__0049.851,8.28690473459933,40.59438325,A192,_,0049,851
A192__00390.851,8.322813640564014,40.60142521,A192,_,00390,851
A192__00250.851,8.276968044806008,40.61239198,A192,_,00250,851
A192__00210.851,8.360022444174868,40.631885185,A192,_,00210,851
A192__00030.852,8.244274504250486,40.650370845,A192,_,00030,852
A192__00940.852,8.355727023816897,40.51850326,A192,_,00940,852
A192__00780.852,8.329081009845115,40.54734039,A192,_,00780,852
A192__00740.852,8.355441559122745,40.561285944999995,A192,_,00740,852
A192__0072.852,8.331607833950935,40.55576291,A192,_,0072,852
A192__00670.852,8.339518528424609,40.562499880000004,A192,_,00670,852
A192__0064.852,8.321339528374223,40.562411115,A192,_,0064,852
A192__00630.852,8.329049995647145,40.569853300000005,A192,_,00630,852
A192__00620.852,8.330754209947637,40.57633095,A192,_,00620,852
A192__00550.852,8.318183494800948,40.582867865,A192,_,00550,852
A192__00480.852,8.22321759371898,40.59308174,A192,_,00480,852
A192__00390.852,8.32324861946535,40.601392745,A192,_,00390,852
A192__00250.852,8.27721060603912,40.62155414,A192,_,00250,852
A192__00210.852,8.360131080430492,40.631843995,A192,_,00210,852
A192__00210.853,8.360268033524605,40.631227585,A192,_,00210,853
A192__00940.853,8.355577899974756,40.518721975,A192,_,00940,853
A192__00740.853,8.355591796000379,40.560788725,A192,_,00740,853
A192__0072.853,8.331427805263218,40.555682805000004,A192,_,0072,853
A192__00660.853,8.33720384934543,40.56401562,A192,_,00660,853
A192__00630.853,8.329022792552724,40.56994282,A192,_,00630,853
A192__00570.853,8.347927710129042,40.589631205,A192,_,00570,853
A192__00550.853,8.318117031951925,40.58291797,A192,_,00550,853
A192__00490.853,8.260505994208064,40.58394667,A192,_,00490,853
A192__00030.854,8.245151578443743,40.650358784999995,A192,_,00030,854
A192__00970.854,8.313782519280348,40.557770145,A192,_,00970,854
A192__00740.854,8.358763002231711,40.563987755,A192,_,00740,854
A192__0071.854,8.31999977901241,40.55745385,A192,_,0071,854
A192__00670.854,8.344080339629656,40.56753407,A192,_,00670,854
A192__00660.854,8.33726522829544,40.564585609999995,A192,_,00660,854
A192__00630.854,8.328841766962785,40.569929945,A192,_,00630,854
A192__00620.854,8.331356786131497,40.576107265000005,A192,_,00620,854
A192__00570.854,8.34247866265278,40.586077700000004,A192,_,00570,854
A192__00490.854,8.260242013793103,40.58406333,A192,_,00490,854
A192__00480.854,8.246655758273743,40.592458175000004,A192,_,00480,854
A192__00210.854,8.359822885917191,40.63135187,A192,_,00210,854
A192__00030.855,8.24534729312817,40.65033171,A192,_,00030,855
A192__00970.855,8.314456796468386,40.558444795,A192,_,00970,855
A192__00740.855,8.3589864074575,40.564175895000005,A192,_,00740,855
A192__0072.855,8.331669782577077,40.555153770000004,A192,_,0072,855
A192__00670.855,8.343904425139325,40.56756192,A192,_,00670,855
A192__00660.855,8.337433228739371,40.564374799999996,A192,_,00660,855
A192__0064.855,8.31900973781056,40.56372655,A192,_,0064,855
A192__00620.855,8.331612952686722,40.57593284,A192,_,00620,855
A192__0061.855,8.321265520200688,40.574302610000004,A192,_,0061,855
A192__00490.855,8.259997475239535,40.58410617,A192,_,00490,855
A192__00480.855,8.245859044262676,40.59314964,A192,_,00480,855
A192__00210.855,8.325692569498393,40.622761075,A192,_,00210,855
A192__00030.856,8.236168067318125,40.655660175,A192,_,00030,856
A192__00970.856,8.314039853162464,40.55849806,A192,_,00970,856
A192__00940.856,8.355997031598164,40.512353465000004,A192,_,00940,856
A192__00740.856,8.36321197563622,40.55214883,A192,_,00740,856
A192__0072.856,8.331390866354663,40.555519585,A192,_,0072,856
A192__00670.856,8.337404184639222,40.561068645000006,A192,_,00670,856
A192__00640.856,8.320320916829942,40.56760883,A192,_,00640,856
A192__00630.856,8.33127113597977,40.573948155,A192,_,00630,856
A192__00620.856,8.331659359068112,40.57586148,A192,_,00620,856
A192__0061.856,8.321129070048588,40.57433086499999,A192,_,0061,856
A192__00570.856,8.35016007921923,40.587792515000004,A192,_,00570,856
A192__00490.856,8.259406931045362,40.584189894999994,A192,_,00490,856
A192__00480.856,8.24576553251445,40.593007295,A192,_,00480,856
A192__00250.856,8.283210496977631,40.62453411,A192,_,00250,856
A192__00210.856,8.325794859843892,40.622843215,A192,_,00210,856
A192__00030.857,8.237783534520357,40.649892555,A192,_,00030,857
A192__00970.857,8.313194619983454,40.557104295,A192,_,00970,857
A192__00780.857,8.32879746312788,40.547028575,A192,_,00780,857
A192__0072.857,8.331770271592685,40.55595169,A192,_,0072,857
A192__00630.857,8.331083142108717,40.573889980000004,A192,_,00630,857
A192__00620.857,8.331846408971241,40.57573625,A192,_,00620,857
A192__0061.857,8.320933756551923,40.57388367,A192,_,0061,857
A192__00570.857,8.35630600205879,40.588907115,A192,_,00570,857
A192__00490.857,8.255332624187064,40.58391569,A192,_,00490,857
A192__00480.857,8.221799408349362,40.59332399,A192,_,00480,857
A192__00250.857,8.281564810038706,40.623571915,A192,_,00250,857
A192__00210.857,8.352960648720638,40.618924559999996,A192,_,00210,857
A192__00210.858,8.353119599796894,40.618944705000004,A192,_,00210,858
A192__00970.858,8.313100432974013,40.559420285,A192,_,00970,858
A192__00780.858,8.328712837933741,40.546820075,A192,_,00780,858
A192__0072.858,8.331646018924967,40.55558287,A192,_,0072,858
A192__00670.858,8.341694617997744,40.564330925,A192,_,00670,858
A192__00660.858,8.337379175043491,40.56738087,A192,_,00660,858
A192__00630.858,8.340805658947817,40.571166775,A192,_,00630,858
A192__00620.858,8.331713403375584,40.57793616,A192,_,00620,858
A192__0061.858,8.32083319714986,40.57375335,A192,_,0061,858
A192__00550.858,8.32609217394904,40.589265174999994,A192,_,00550,858
A192__00490.858,8.26747130745989,40.58501948999999,A192,_,00490,858
A192__00480.858,8.222025162309365,40.593513915,A192,_,00480,858
A192__00390.858,8.322552409105707,40.601767929999994,A192,_,00390,858
A192__00250.858,8.281746145166021,40.621807235,A192,_,00250,858
A192__00210.859,8.35617568004816,40.628823905,A192,_,00210,859
A192__00970.859,8.31382015543295,40.55969093,A192,_,00970,859
A192__00780.859,8.328922251601938,40.54667641,A192,_,00780,859
A192__0072.859,8.331704581842265,40.555518775,A192,_,0072,859
A192__00670.859,8.342261252880135,40.564215135,A192,_,00670,859
A192__0061.859,8.320745772363745,40.573650535,A192,_,0061,859
A192__00570.859,8.347499235812215,40.586205105,A192,_,00570,859
A192__00550.859,8.319063770827283,40.58360341,A192,_,00550,859
A192__00490.859,8.26721893883142,40.58485983,A192,_,00490,859
A192__00390.859,8.323222846654474,40.60121048,A192,_,00390,859
A192__00020.86,8.190387574200036,40.655772245,A192,_,00020,86
A192__00960.86,8.36417340842998,40.50528833,A192,_,00960,86
A192__00950.86,8.340048996298577,40.515960975,A192,_,00950,86
A192__00940.86,8.355655072077877,40.509454555,A192,_,00940,86
A192__00900.86,8.357108143551063,40.532635735,A192,_,00900,86
A192__00890.86,8.34949449090659,40.532083654999994,A192,_,00890,86
A192__00870.86,8.338805944497736,40.524949635,A192,_,00870,86
A192__00810.86,8.366878983641211,40.546885405,A192,_,00810,86
A192__00800.86,8.364289975913586,40.544620945,A192,_,00800,86
A192__00780.86,8.328095831299173,40.54699549,A192,_,00780,86
A192__00750.86,8.373268760350262,40.55050078,A192,_,00750,86
A192__00720.86,8.339205522142098,40.555806794999995,A192,_,00720,86
A192__0071.86,8.324267521202486,40.553572720000005,A192,_,0071,86
A192__00690.86,8.361080021667147,40.569923965,A192,_,00690,86
A192__00680.86,8.35391801491122,40.57046025,A192,_,00680,86
A192__0064.86,8.320298742237284,40.56470908,A192,_,0064,86
A192__00620.86,8.323722994969948,40.57212438,A192,_,00620,86
A192__0061.86,8.317922309507303,40.572795095000004,A192,_,0061,86
A192__00600.86,8.32995066681599,40.582942079999995,A192,_,00600,86
A192__00590.86,8.367764009169623,40.577825605,A192,_,00590,86
A192__00580.86,8.361008040139904,40.589926285000004,A192,_,00580,86
A192__00570.86,8.340681843666369,40.587242505,A192,_,00570,86
A192__00560.86,8.324736182051389,40.58057561,A192,_,00560,86
A192__00550.86,8.3242334523697,40.587321025,A192,_,00550,86
A192__00540.86,8.352970427147563,40.59175931,A192,_,00540,86
A192__00530.86,8.342094292157249,40.597118325,A192,_,00530,86
A192__00510.86,8.315904181832522,40.589825305000005,A192,_,00510,86
A192__0049.86,8.284024033462337,40.593032055,A192,_,0049,86
A192__00470.86,8.20763742965001,40.571060305,A192,_,00470,86
A192__00440.86,8.384509102986506,40.606094125,A192,_,00440,86
A192__00400.86,8.329141551733802,40.59986418,A192,_,00400,86
A192__00380.86,8.310849431057326,40.595210480000006,A192,_,00380,86
A192__00360.86,8.304954899827322,40.604195919999995,A192,_,00360,86
A192__00350.86,8.262281716594355,40.59829722,A192,_,00350,86
A192__00330.86,8.242153217834423,40.59488245,A192,_,00330,86
A192__00300.86,8.38635762700428,40.612471365000005,A192,_,00300,86
A192__00290.86,8.38359465872938,40.614375725,A192,_,00290,86
A192__00280.86,8.366881365783,40.618340235000005,A192,_,00280,86
A192__00270.86,8.315566337709384,40.615328285000004,A192,_,00270,86
A192__00240.86,8.216165865513013,40.614730105,A192,_,00240,86
A192__00230.86,8.171975190204833,40.59444673,A192,_,00230,86
A192__00210.86,8.351886427200906,40.63073056,A192,_,00210,86
A192__00190.86,8.20150438571687,40.623253785,A192,_,00190,86
A192__00180.86,8.17688281715435,40.635786805,A192,_,00180,86
A192__00160.86,8.268347978286837,40.625555345,A192,_,00160,86
A192__00150.86,8.223226103545251,40.638122960000004,A192,_,00150,86
A192__00140.86,8.198406630748693,40.6405552,A192,_,00140,86
A192__00060.86,8.283479051192751,40.66036906,A192,_,00060,86
A192__00050.86,8.27234771852433,40.662673645,A192,_,00050,86
A192__00040.86,8.244986808693133,40.663724505000005,A192,_,00040,86
A192__00030.86,8.224247118848439,40.6496195,A192,_,00030,86
A192__00030.860,8.23464459905098,40.65559621,A192,_,00030,860
A192__00970.860,8.31527638582579,40.55690978,A192,_,00970,860
A192__00780.860,8.329172040094015,40.547731125,A192,_,00780,860
A192__0072.860,8.331581983902845,40.555237115,A192,_,0072,860
A192__00670.860,8.345974866270346,40.564707850000005,A192,_,00670,860
A192__00640.860,8.328365994579606,40.56620337,A192,_,00640,860
A192__00620.860,8.331382606005329,40.577632635,A192,_,00620,860
A192__00570.860,8.347548405720495,40.58638628,A192,_,00570,860
A192__00550.860,8.318291384464139,40.583057385000004,A192,_,00550,860
A192__00480.860,8.222079850765368,40.59440103,A192,_,00480,860
A192__00250.860,8.281622593258177,40.613623704999995,A192,_,00250,860
A192__00210.860,8.35627131536748,40.629265970000006,A192,_,00210,860
A192__00030.861,8.239007657405608,40.647851814999996,A192,_,00030,861
A192__00970.861,8.314362516237626,40.5564983,A192,_,00970,861
A192__00780.861,8.329399194598587,40.54781483,A192,_,00780,861
A192__0072.861,8.331223605123068,40.55721631,A192,_,0072,861
A192__00670.861,8.346850177269697,40.564579325,A192,_,00670,861
A192__00640.861,8.328367450428601,40.56598436,A192,_,00640,861
A192__00620.861,8.331611387234126,40.577530865,A192,_,00620,861
A192__0061.861,8.320294418020332,40.57421409,A192,_,0061,861
A192__00570.861,8.347577572890332,40.586908985,A192,_,00570,861
A192__00550.861,8.318340725913856,40.58301131,A192,_,00550,861
A192__00490.861,8.267670270644498,40.5862642,A192,_,00490,861
A192__00480.861,8.239134742756178,40.584869525,A192,_,00480,861
A192__00390.861,8.323447057866556,40.601269959999996,A192,_,00390,861
A192__00250.861,8.281150465965444,40.61378761,A192,_,00250,861
A192__00210.861,8.346788520879567,40.621423515000004,A192,_,00210,861
A192__00030.862,8.23899548422072,40.648722155,A192,_,00030,862
A192__00970.862,8.31306552794477,40.55737648,A192,_,00970,862
A192__00940.862,8.354670971602584,40.506259670000006,A192,_,00940,862
A192__00780.862,8.329373316324666,40.547691705,A192,_,00780,862
A192__0072.862,8.331462797582626,40.557216575,A192,_,0072,862
A192__00640.862,8.328476878292847,40.566011135,A192,_,00640,862
A192__00620.862,8.329497874572033,40.581657125,A192,_,00620,862
A192__00570.862,8.347686432538797,40.587498350000004,A192,_,00570,862
A192__00550.862,8.325612290267701,40.58891667,A192,_,00550,862
A192__00490.862,8.277499369618653,40.593250125,A192,_,00490,862
A192__00480.862,8.2387723101059,40.58478755,A192,_,00480,862
A192__00390.862,8.323643098944416,40.60213032,A192,_,00390,862
A192__00250.862,8.272511809354114,40.61358426,A192,_,00250,862
A192__00210.862,8.346107492409676,40.625934545,A192,_,00210,862
A192__00030.863,8.23092067299823,40.651078870000006,A192,_,00030,863
A192__0072.863,8.331595407612685,40.556588395000006,A192,_,0072,863
A192__00640.863,8.328703472413725,40.565876965,A192,_,00640,863
A192__00620.863,8.329989147258244,40.581553944999996,A192,_,00620,863
A192__0061.863,8.31987289773651,40.574248415,A192,_,0061,863
A192__00550.863,8.318632487838045,40.583011045,A192,_,00550,863
A192__00490.863,8.27733673751111,40.59329298,A192,_,00490,863
A192__00480.863,8.223842196544126,40.58597609,A192,_,00480,863
A192__00390.863,8.32416201457255,40.602064125,A192,_,00390,863
A192__00250.863,8.272041978510872,40.614424485,A192,_,00250,863
A192__00210.863,8.346885659508565,40.624621575000006,A192,_,00210,863
A192__00210.864,8.349952494069129,40.618365745000006,A192,_,00210,864
A192__00970.864,8.314515618947269,40.558753554999996,A192,_,00970,864
A192__00940.864,8.35763337737652,40.516938034999995,A192,_,00940,864
A192__00780.864,8.329195565023596,40.54795376,A192,_,00780,864
A192__0072.864,8.331318353853652,40.55673104,A192,_,0072,864
A192__00620.864,8.332093026828865,40.577922775000005,A192,_,00620,864
A192__00490.864,8.277162384458219,40.593358005,A192,_,00490,864
A192__00480.864,8.224128332386002,40.586000545000005,A192,_,00480,864
A192__00390.864,8.320222838844643,40.604815475,A192,_,00390,864
A192__00250.864,8.268020158151383,40.624541175000005,A192,_,00250,864
A192__00210.865,8.349743740444435,40.619321855,A192,_,00210,865
A192__00970.865,8.312725369783973,40.55704574,A192,_,00970,865
A192__00940.865,8.357462678277297,40.517184185000005,A192,_,00940,865
A192__00780.865,8.32922583449885,40.547946839999994,A192,_,00780,865
A192__00720.865,8.337223936891656,40.559479955,A192,_,00720,865
A192__00670.865,8.3452705208735,40.5659404,A192,_,00670,865
A192__00490.865,8.276019948616728,40.593432390000004,A192,_,00490,865
A192__00480.865,8.223948889294732,40.586209569999994,A192,_,00480,865
A192__00030.866,8.234075282539248,40.654625145,A192,_,00030,866
A192__00970.866,8.311675062104644,40.559383935,A192,_,00970,866
A192__00940.866,8.357711042622732,40.517036755,A192,_,00940,866
A192__00780.866,8.329427518902172,40.548193155,A192,_,00780,866
A192__00720.866,8.337250898750128,40.559761249999994,A192,_,00720,866
A192__00670.866,8.3448231080524,40.56562049,A192,_,00670,866
A192__00570.866,8.347814980678562,40.586288014999994,A192,_,00570,866
A192__00550.866,8.320994455884396,40.580021845000005,A192,_,00550,866
A192__00490.866,8.248504665687577,40.587269295,A192,_,00490,866
A192__00480.866,8.226773096541464,40.589025625,A192,_,00480,866
A192__00250.866,8.287444272345095,40.6178014,A192,_,00250,866
A192__00030.867,8.234036526946134,40.655751235,A192,_,00030,867
A192__00970.867,8.314155753784156,40.556757735000005,A192,_,00970,867
A192__00780.867,8.329511815845386,40.548106884999996,A192,_,00780,867
A192__00720.867,8.3372463329306,40.560189205,A192,_,00720,867
A192__00670.867,8.345778425039459,40.565844415,A192,_,00670,867
A192__00660.867,8.329948678095437,40.563240085000004,A192,_,00660,867
A192__00640.867,8.321025303071545,40.568432689999995,A192,_,00640,867
A192__00630.867,8.325869278523898,40.570834555000005,A192,_,00630,867
A192__00620.867,8.324387785060964,40.57160569,A192,_,00620,867
A192__00570.867,8.339657793507872,40.588121965,A192,_,00570,867
A192__00550.867,8.318047337219424,40.584823115,A192,_,00550,867
A192__00480.867,8.242783223871474,40.57021202,A192,_,00480,867
A192__00390.867,8.321852115615954,40.60582653,A192,_,00390,867
A192__00250.867,8.288060409259025,40.617869645,A192,_,00250,867
A192__00030.868,8.239981865738006,40.660428644999996,A192,_,00030,868
A192__00970.868,8.314278497208566,40.556803245,A192,_,00970,868
A192__00780.868,8.329736111381319,40.548150344999996,A192,_,00780,868
A192__00670.868,8.345283815551666,40.565450505,A192,_,00670,868
A192__00640.868,8.329594491567072,40.56743274,A192,_,00640,868
A192__00620.868,8.323645807263418,40.57381785,A192,_,00620,868
A192__00550.868,8.317840552848512,40.58455428,A192,_,00550,868
A192__00480.868,8.242672163522418,40.569744755,A192,_,00480,868
A192__00390.868,8.322068761020684,40.606022465,A192,_,00390,868
A192__00260.868,8.298656713959774,40.619473395,A192,_,00260,868
A192__00250.868,8.2796292742084,40.612890975,A192,_,00250,868
A192__00030.869,8.240588010165474,40.658208155,A192,_,00030,869
A192__00970.869,8.313557740696186,40.556990875,A192,_,00970,869
A192__00780.869,8.329632612648059,40.548054515000004,A192,_,00780,869
A192__00720.869,8.336765050485372,40.55989323,A192,_,00720,869
A192__00670.869,8.344591310872808,40.565728715000006,A192,_,00670,869
A192__00660.869,8.328602695480889,40.561995885,A192,_,00660,869
A192__00640.869,8.329786044496394,40.56738161,A192,_,00640,869
A192__00630.869,8.332566688428308,40.57559502,A192,_,00630,869
A192__00550.869,8.319892317475485,40.58830831,A192,_,00550,869
A192__00480.869,8.222692722716477,40.59288435,A192,_,00480,869
A192__00390.869,8.322083096123265,40.605580235,A192,_,00390,869
A192__00260.869,8.297964486663712,40.617905615,A192,_,00260,869
A192__00250.869,8.279980554502998,40.6124996,A192,_,00250,869
A192__00210.869,8.352718740052318,40.62642143,A192,_,00210,869
A192__00010.87,8.20141838247623,40.661251539999995,A192,_,00010,87
A192__00970.87,8.314331736860659,40.55874444,A192,_,00970,87
A192__00960.87,8.36471365124432,40.50764743,A192,_,00960,87
A192__00950.87,8.340115800071505,40.51584047,A192,_,00950,87
A192__00940.87,8.356337331386769,40.509604495000005,A192,_,00940,87
A192__00930.87,8.335691198315544,40.522452455,A192,_,00930,87
A192__00890.87,8.348725430907393,40.53256149,A192,_,00890,87
A192__00880.87,8.349004918923697,40.525347440000004,A192,_,00880,87
A192__00850.87,8.344428151340082,40.533077754999994,A192,_,00850,87
A192__00810.87,8.366264338550433,40.545788865000006,A192,_,00810,87
A192__00800.87,8.347515634428088,40.546922914999996,A192,_,00800,87
A192__00780.87,8.32814087536959,40.546980405,A192,_,00780,87
A192__00740.87,8.360834015655062,40.551585384999996,A192,_,00740,87
A192__00730.87,8.344083130802709,40.553461909999996,A192,_,00730,87
A192__00720.87,8.341099525351167,40.55572912,A192,_,00720,87
A192__0071.87,8.324123021034712,40.55119511,A192,_,0071,87
A192__00670.87,8.346663770460859,40.564367035000004,A192,_,00670,87
A192__0065.87,8.318333994670947,40.56067161,A192,_,0065,87
A192__0064.87,8.321819133535872,40.563727459999996,A192,_,0064,87
A192__00630.87,8.335333788431845,40.568436875,A192,_,00630,87
A192__00620.87,8.324058182927704,40.572812055,A192,_,00620,87
A192__00590.87,8.368768587716383,40.578456970000005,A192,_,00590,87
A192__00570.87,8.343110575869591,40.586820419999995,A192,_,00570,87
A192__0049.87,8.284232720467111,40.592895105,A192,_,0049,87
A192__00470.87,8.202723689268826,40.570443235,A192,_,00470,87
A192__00440.87,8.388205918725138,40.6073528,A192,_,00440,87
A192__00420.87,8.347533515940789,40.59925977,A192,_,00420,87
A192__00400.87,8.329235326615313,40.603673875,A192,_,00400,87
A192__00390.87,8.320227677287008,40.59695102,A192,_,00390,87
A192__00380.87,8.308249605682022,40.595522155,A192,_,00380,87
A192__00360.87,8.296898369331696,40.60897167,A192,_,00360,87
A192__00350.87,8.261604707668685,40.59819375,A192,_,00350,87
A192__00330.87,8.243356761971448,40.59576844,A192,_,00330,87
A192__00320.87,8.209218309426296,40.592559455,A192,_,00320,87
A192__00300.87,8.386480998569823,40.61246224,A192,_,00300,87
A192__00290.87,8.380630836555323,40.6135987,A192,_,00290,87
A192__00280.87,8.367533613454935,40.61904424,A192,_,00280,87
A192__00260.87,8.321389055510672,40.620047685,A192,_,00260,87
A192__00240.87,8.217843507498149,40.614944855000005,A192,_,00240,87
A192__00230.87,8.170195722332211,40.594558664999994,A192,_,00230,87
A192__00210.87,8.330606538478687,40.62547702,A192,_,00210,87
A192__00190.87,8.202599808037709,40.61805187,A192,_,00190,87
A192__00180.87,8.174921609770177,40.6340376,A192,_,00180,87
A192__00160.87,8.26888567208444,40.625566175,A192,_,00160,87
A192__00140.87,8.198235739271052,40.639677324999994,A192,_,00140,87
A192__00100.87,8.272615457694684,40.64424787,A192,_,00100,87
A192__00090.87,8.21368909153039,40.65154745,A192,_,00090,87
A192__00060.87,8.280528037807223,40.659861885,A192,_,00060,87
A192__00040.87,8.244853974823746,40.665177695,A192,_,00040,87
A192__00030.87,8.224614367588337,40.650360205,A192,_,00030,87
A192__00020.87,8.190282060356765,40.65583425,A192,_,00020,87
A192__00030.870,8.239790239524014,40.659035540000005,A192,_,00030,870
A192__00970.870,8.313534690790082,40.557270685,A192,_,00970,870
A192__00940.870,8.360110199917454,40.51504343,A192,_,00940,870
A192__00780.870,8.329488397049643,40.547946644999996,A192,_,00780,870
A192__00720.870,8.347453541090532,40.560093035,A192,_,00720,870
A192__00670.870,8.344716821190762,40.56564111,A192,_,00670,870
A192__00550.870,8.320168395260762,40.58830831,A192,_,00550,870
A192__00480.870,8.226472043021612,40.588898979999996,A192,_,00480,870
A192__00390.870,8.322683647411157,40.605792515000005,A192,_,00390,870
A192__00260.870,8.297411735291185,40.618711945,A192,_,00260,870
A192__00250.870,8.279197949322953,40.612988525000006,A192,_,00250,870
A192__00210.870,8.353143745383182,40.626475665,A192,_,00210,870
A192__00030.871,8.239869532909648,40.65822835,A192,_,00030,871
A192__00970.871,8.31227751063323,40.558472249999994,A192,_,00970,871
A192__00940.871,8.356901248685244,40.508486305,A192,_,00940,871
A192__00780.871,8.329026705286179,40.547378015,A192,_,00780,871
A192__00720.871,8.347669799783858,40.560157665000006,A192,_,00720,871
A192__00670.871,8.342903681730398,40.568101485,A192,_,00670,871
A192__00630.871,8.328130369668827,40.570565465,A192,_,00630,871
A192__00570.871,8.3425132218776,40.58968202,A192,_,00570,871
A192__00550.871,8.320160481232397,40.584313455,A192,_,00550,871
A192__00480.871,8.226471831769729,40.588543785,A192,_,00480,871
A192__00390.871,8.322372068134777,40.605733560000004,A192,_,00390,871
A192__00250.871,8.27964349929601,40.612196765,A192,_,00250,871
A192__00030.872,8.239941739512181,40.657533505,A192,_,00030,872
A192__00940.872,8.356982573392706,40.508052405,A192,_,00940,872
A192__00780.872,8.329102589335786,40.54740171,A192,_,00780,872
A192__00720.872,8.346952021549814,40.560751165,A192,_,00720,872
A192__00670.872,8.343363072376599,40.56811852,A192,_,00670,872
A192__00640.872,8.330270994307527,40.566472059999995,A192,_,00640,872
A192__00630.872,8.32827627930463,40.57068072,A192,_,00630,872
A192__00570.872,8.342330572756886,40.589008,A192,_,00570,872
A192__00480.872,8.226614780227123,40.588697225000004,A192,_,00480,872
A192__00390.872,8.322663134371481,40.60560907,A192,_,00390,872
A192__00260.872,8.297388641633276,40.619066845,A192,_,00260,872
A192__00250.872,8.28135514663378,40.620969555,A192,_,00250,872
A192__00210.872,8.35532603470556,40.62923782,A192,_,00210,872
A192__00030.873,8.24014873161107,40.65681232,A192,_,00030,873
A192__00970.873,8.314074886732417,40.558665785,A192,_,00970,873
A192__00940.873,8.358326824123328,40.51248073,A192,_,00940,873
A192__00720.873,8.347272004130243,40.56063863,A192,_,00720,873
A192__00670.873,8.342250863197348,40.562524385,A192,_,00670,873
A192__00660.873,8.3341399359273,40.564880275,A192,_,00660,873
A192__00640.873,8.33032935728618,40.566563810000005,A192,_,00640,873
A192__00620.873,8.330582291783564,40.57618948,A192,_,00620,873
A192__0061.873,8.319245609294644,40.57278779,A192,_,0061,873
A192__00570.873,8.341958213270843,40.588903654999996,A192,_,00570,873
A192__00550.873,8.322319616088652,40.585757205,A192,_,00550,873
A192__00480.873,8.226430777471787,40.58885379,A192,_,00480,873
A192__00390.873,8.32225405703051,40.60546354,A192,_,00390,873
A192__00250.873,8.280940002367295,40.62127145,A192,_,00250,873
A192__00250.874,8.280886998219966,40.62015993,A192,_,00250,874
A192__00940.874,8.356078431547743,40.51266008,A192,_,00940,874
A192__00780.874,8.329006910582876,40.546934275,A192,_,00780,874
A192__00720.874,8.347502125252742,40.560838165,A192,_,00720,874
A192__00670.874,8.343476017779881,40.565639945,A192,_,00670,874
A192__00660.874,8.33413060811074,40.56500402,A192,_,00660,874
A192__00630.874,8.327170044406909,40.57079159,A192,_,00630,874
A192__00620.874,8.330888240750502,40.57606155,A192,_,00620,874
A192__00550.874,8.321867795488117,40.58269553,A192,_,00550,874
A192__00490.874,8.267565498319309,40.592415105,A192,_,00490,874
A192__00480.874,8.231264797692603,40.59100925,A192,_,00480,874
A192__00390.874,8.321377984802638,40.60589574,A192,_,00390,874
A192__00030.875,8.225116633251677,40.648823545,A192,_,00030,875
A192__00780.875,8.328850194867638,40.54686809,A192,_,00780,875
A192__00720.875,8.347718669830593,40.560999015,A192,_,00720,875
A192__00660.875,8.333439753799336,40.564726255,A192,_,00660,875
A192__00630.875,8.340164477875454,40.57081889,A192,_,00630,875
A192__00550.875,8.321605406021204,40.582804175,A192,_,00550,875
A192__00490.875,8.268584716462948,40.592540985,A192,_,00490,875
A192__00480.875,8.23132612714161,40.591016955,A192,_,00480,875
A192__00390.875,8.321594238284028,40.60620033,A192,_,00390,875
A192__00260.875,8.28756996309147,40.619320205,A192,_,00260,875
A192__00250.875,8.280312610491231,40.620383465,A192,_,00250,875
A192__00030.876,8.225138907940917,40.648499535,A192,_,00030,876
A192__00780.876,8.328873455086544,40.547033060000004,A192,_,00780,876
A192__00720.876,8.34789434166301,40.56113469,A192,_,00720,876
A192__00670.876,8.34198898921845,40.566261999999995,A192,_,00670,876
A192__00660.876,8.335976178298433,40.565140985,A192,_,00660,876
A192__00630.876,8.339758119177212,40.570714995,A192,_,00630,876
A192__0061.876,8.322693022736487,40.573596365,A192,_,0061,876
A192__00570.876,8.342494414514992,40.58888644,A192,_,00570,876
A192__00490.876,8.265039981775562,40.59095274,A192,_,00490,876
A192__00480.876,8.23120801628062,40.591099475,A192,_,00480,876
A192__00390.876,8.32173160311591,40.60519953,A192,_,00390,876
A192__00250.876,8.280622096839341,40.619603515,A192,_,00250,876
A192__00030.877,8.24015882520499,40.65662955,A192,_,00030,877
A192__00780.877,8.328978907836252,40.54725792,A192,_,00780,877
A192__00720.877,8.346998067405414,40.56043023,A192,_,00720,877
A192__00660.877,8.33537868057169,40.565568185000004,A192,_,00660,877
A192__00640.877,8.330633339963939,40.566102075,A192,_,00640,877
A192__0061.877,8.31759831246392,40.572207309999996,A192,_,0061,877
A192__00570.877,8.350293850664745,40.585912035,A192,_,00570,877
A192__00490.877,8.265566665824899,40.591063255,A192,_,00490,877
A192__00480.877,8.231307591867639,40.591163815,A192,_,00480,877
A192__00390.877,8.321850208733625,40.60526468,A192,_,00390,877
A192__00250.877,8.28016154837282,40.612829930000004,A192,_,00250,877
A192__00030.878,8.240316152327843,40.65674586,A192,_,00030,878
A192__00940.878,8.355554618653766,40.51311145,A192,_,00940,878
A192__00780.878,8.329051291240292,40.547216625000004,A192,_,00780,878
A192__00720.878,8.347673106657814,40.56027323,A192,_,00720,878
A192__00670.878,8.342034052619404,40.568445105,A192,_,00670,878
A192__00660.878,8.335348090047667,40.565608315,A192,_,00660,878
A192__00640.878,8.330773569844867,40.565836015,A192,_,00640,878
A192__00630.878,8.335574321915825,40.57519552,A192,_,00630,878
A192__0061.878,8.318896984411367,40.569081940000004,A192,_,0061,878
A192__00570.878,8.350465541345157,40.58621751,A192,_,00570,878
A192__00550.878,8.322008535168415,40.582866280000005,A192,_,00550,878
A192__00490.878,8.266261668108857,40.59116517,A192,_,00490,878
A192__00480.878,8.231131600078573,40.59108318,A192,_,00480,878
A192__00390.878,8.32134396714615,40.604740085,A192,_,00390,878
A192__00260.878,8.294296038203429,40.621628805,A192,_,00260,878
A192__00030.879,8.230638959030195,40.65549834,A192,_,00030,879
A192__00940.879,8.356656054621249,40.519003174999995,A192,_,00940,879
A192__00720.879,8.348031828046498,40.561053595000004,A192,_,00720,879
A192__00670.879,8.341983046693446,40.56835913,A192,_,00670,879
A192__00660.879,8.335363752579031,40.565064844999995,A192,_,00660,879
A192__00640.879,8.330802027510325,40.565850080000004,A192,_,00640,879
A192__0061.879,8.31992321500363,40.57227595,A192,_,0061,879
A192__00570.879,8.349564843848942,40.58597613,A192,_,00570,879
A192__00480.879,8.231310213157064,40.591084429999995,A192,_,00480,879
A192__00250.879,8.282779320899063,40.61761175,A192,_,00250,879
A192__00020.88,8.190846301028404,40.65539802,A192,_,00020,88
A192__00970.88,8.314192869524588,40.558771315,A192,_,00970,88
A192__00960.88,8.364252242454874,40.507956910000004,A192,_,00960,88
A192__00950.88,8.340186842406133,40.51569546,A192,_,00950,88
A192__00940.88,8.3533329740115,40.508854924999994,A192,_,00940,88
A192__00890.88,8.349000831885906,40.53255736,A192,_,00890,88
A192__00880.88,8.349464373395698,40.52534978,A192,_,00880,88
A192__00850.88,8.343663617364644,40.53269958,A192,_,00850,88
A192__00840.88,8.327817374815135,40.535662525,A192,_,00840,88
A192__00810.88,8.365852746420167,40.545379645,A192,_,00810,88
A192__00800.88,8.35845707798418,40.541317375,A192,_,00800,88
A192__00780.88,8.328182951614245,40.546963655,A192,_,00780,88
A192__00750.88,8.372136398714872,40.551004385,A192,_,00750,88
A192__00740.88,8.360599185952019,40.551622855,A192,_,00740,88
A192__00720.88,8.342332193784028,40.555059740000004,A192,_,00720,88
A192__0065.88,8.318079166610282,40.561001265,A192,_,0065,88
A192__00630.88,8.331845986924522,40.5734267,A192,_,00630,88
A192__00620.88,8.322817678621767,40.573024270000005,A192,_,00620,88
A192__00600.88,8.334539716211466,40.57789574,A192,_,00600,88
A192__00590.88,8.366242878274381,40.577134945,A192,_,00590,88
A192__00580.88,8.360890545164068,40.58874963,A192,_,00580,88
A192__00570.88,8.347563171761735,40.58848711,A192,_,00570,88
A192__00560.88,8.323129004988875,40.580996465,A192,_,00560,88
A192__00510.88,8.31446797114455,40.59041743,A192,_,00510,88
A192__0049.88,8.284964841087099,40.59351373,A192,_,0049,88
A192__00470.88,8.198451076972919,40.573038295,A192,_,00470,88
A192__00450.88,8.168593563654682,40.587225745,A192,_,00450,88
A192__00400.88,8.329695304382204,40.60366185,A192,_,00400,88
A192__00380.88,8.310412390272411,40.594999245,A192,_,00380,88
A192__00360.88,8.296952701001118,40.607436344999996,A192,_,00360,88
A192__00350.88,8.261047554267623,40.597730569999996,A192,_,00350,88
A192__00330.88,8.247774857825263,40.59383201,A192,_,00330,88
A192__00320.88,8.20886986474594,40.592580985,A192,_,00320,88
A192__00300.88,8.386642596857344,40.612350975,A192,_,00300,88
A192__00290.88,8.382313913420427,40.614576979999995,A192,_,00290,88
A192__00260.88,8.320032514590046,40.620056755,A192,_,00260,88
A192__00250.88,8.26942746500647,40.615494135,A192,_,00250,88
A192__00240.88,8.219565830398999,40.614764475,A192,_,00240,88
A192__00230.88,8.174085913282953,40.59386585,A192,_,00230,88
A192__00210.88,8.353424702542561,40.620705575,A192,_,00210,88
A192__00190.88,8.198583566929463,40.618706125,A192,_,00190,88
A192__00180.88,8.174732609995425,40.63404336,A192,_,00180,88
A192__00170.88,8.318937515768477,40.631112985,A192,_,00170,88
A192__00160.88,8.26895083580693,40.626926325,A192,_,00160,88
A192__00150.88,8.2237183553036,40.639301235,A192,_,00150,88
A192__00140.88,8.197725623229172,40.63915976,A192,_,00140,88
A192__00090.88,8.215157177940668,40.646816685,A192,_,00090,88
A192__00060.88,8.280940167037453,40.660011870000005,A192,_,00060,88
A192__00040.88,8.244722740576032,40.66538957,A192,_,00040,88
A192__00030.880,8.230303558517527,40.65563168,A192,_,00030,880
A192__00940.880,8.3568504871414,40.51932,A192,_,00940,880
A192__00720.880,8.347846515968513,40.560959444999995,A192,_,00720,880
A192__00660.880,8.335019888561463,40.56538931,A192,_,00660,880
A192__00640.880,8.330827611278877,40.56578034499999,A192,_,00640,880
A192__00620.880,8.328373968607513,40.57554656,A192,_,00620,880
A192__00570.880,8.349858394786814,40.586307555,A192,_,00570,880
A192__00550.880,8.321002832903972,40.58846236,A192,_,00550,880
A192__00480.880,8.231380630655837,40.59106456,A192,_,00480,880
A192__00390.880,8.322384081470187,40.59680575,A192,_,00390,880
A192__00250.880,8.283522856768847,40.616914715,A192,_,00250,880
A192__00210.880,8.351198343281046,40.62394595,A192,_,00210,880
A192__00030.881,8.230418244646533,40.648563835000004,A192,_,00030,881
A192__00940.881,8.35957373853677,40.515770355,A192,_,00940,881
A192__00780.881,8.329095491557627,40.54755096,A192,_,00780,881
A192__00720.881,8.34805903657847,40.56075735,A192,_,00720,881
A192__00660.881,8.335166673922474,40.565502284999994,A192,_,00660,881
A192__00640.881,8.330840500666437,40.5657939,A192,_,00640,881
A192__00630.881,8.335136394218512,40.574980235,A192,_,00630,881
A192__00620.881,8.32807236679046,40.57520519,A192,_,00620,881
A192__00570.881,8.347064948634163,40.5842765,A192,_,00570,881
A192__00550.881,8.321001165956503,40.588627625,A192,_,00550,881
A192__00490.881,8.245306419770142,40.578618895,A192,_,00490,881
A192__00480.881,8.226352438272253,40.589807155,A192,_,00480,881
A192__00390.881,8.322550942151857,40.5968319,A192,_,00390,881
A192__00260.881,8.298650250143918,40.619751255,A192,_,00260,881
A192__00250.881,8.26948695745872,40.61770348,A192,_,00250,881
A192__00030.882,8.22952462579259,40.649580220000004,A192,_,00030,882
A192__00720.882,8.347955960888111,40.56056143,A192,_,00720,882
A192__00660.882,8.333470862158896,40.564521834999994,A192,_,00660,882
A192__00630.882,8.33539190154604,40.575119395,A192,_,00630,882
A192__00620.882,8.3280028732235,40.575414035,A192,_,00620,882
A192__00570.882,8.34695276034514,40.5842765,A192,_,00570,882
A192__00490.882,8.245236946427344,40.57776572,A192,_,00490,882
A192__00480.882,8.226538774292855,40.589748334999996,A192,_,00480,882
A192__00390.882,8.317193471929365,40.598058120000005,A192,_,00390,882
A192__00210.883,8.350900906671509,40.624917165,A192,_,00210,883
A192__00780.883,8.329111933266642,40.54743296,A192,_,00780,883
A192__00720.883,8.347687054886912,40.560392425,A192,_,00720,883
A192__00630.883,8.335350810806204,40.575001605,A192,_,00630,883
A192__00620.883,8.327768982030243,40.575700565,A192,_,00620,883
A192__00570.883,8.352319289813241,40.585011275,A192,_,00570,883
A192__00480.883,8.226442662641606,40.589999500000005,A192,_,00480,883
A192__00390.883,8.317445441316409,40.5980579,A192,_,00390,883
A192__00260.883,8.291032533864115,40.614793635,A192,_,00260,883
A192__00250.883,8.27098944198639,40.6180238,A192,_,00250,883
A192__00250.884,8.27059728843415,40.617513055,A192,_,00250,884
A192__00780.884,8.324155161748937,40.544583685,A192,_,00780,884
A192__0072.884,8.328658624664744,40.558625995,A192,_,0072,884
A192__00630.884,8.335251440209163,40.575031620000004,A192,_,00630,884
A192__00620.884,8.328157030498815,40.575861939999996,A192,_,00620,884
A192__00550.884,8.322694652382044,40.590499315,A192,_,00550,884
A192__0049.884,8.286483830822387,40.591414889999996,A192,_,0049,884
A192__00480.884,8.226534758246519,40.58997497,A192,_,00480,884
A192__00260.884,8.29225196439986,40.61944931,A192,_,00260,884
A192__00250.885,8.271207166860025,40.617663840000006,A192,_,00250,885
A192__00780.885,8.32419143112513,40.544591315000005,A192,_,00780,885
A192__00720.885,8.347276504003938,40.559039415,A192,_,00720,885
A192__00660.885,8.334696565386029,40.565203825,A192,_,00660,885
A192__00640.885,8.320425896569162,40.568054345,A192,_,00640,885
A192__00570.885,8.351501985178837,40.587640449999995,A192,_,00570,885
A192__00550.885,8.32328927600754,40.59017147,A192,_,00550,885
A192__0049.885,8.281627629684307,40.59242164,A192,_,0049,885
A192__00480.885,8.226620819639237,40.590047240000004,A192,_,00480,885
A192__00390.885,8.322208106370823,40.597861484999996,A192,_,00390,885
A192__00210.886,8.347612717498386,40.625312135,A192,_,00210,886
A192__00970.886,8.310997059353255,40.56065146,A192,_,00970,886
A192__00780.886,8.323893668815389,40.54417954,A192,_,00780,886
A192__00720.886,8.344278290497956,40.555391885,A192,_,00720,886
A192__00660.886,8.334616163117623,40.56523249,A192,_,00660,886
A192__00550.886,8.322514359995871,40.59031401,A192,_,00550,886
A192__0049.886,8.28174236356796,40.59258739,A192,_,0049,886
A192__00480.886,8.226825625021167,40.59010564,A192,_,00480,886
A192__00390.886,8.322569449669212,40.597765304999996,A192,_,00390,886
A192__00260.886,8.29437506032271,40.617773805,A192,_,00260,886
A192__00250.886,8.271909794478026,40.617802964999996,A192,_,00250,886
A192__00250.887,8.271460725053121,40.61690709,A192,_,00250,887
A192__00940.887,8.355290806515654,40.51818462999999,A192,_,00940,887
A192__00780.887,8.324277198613007,40.544449845,A192,_,00780,887
A192__00720.887,8.34417768638319,40.555249720000006,A192,_,00720,887
A192__00660.887,8.33408163803564,40.565020575000005,A192,_,00660,887
A192__00640.887,8.331319443243789,40.565968545000004,A192,_,00640,887
A192__00630.887,8.326050647103635,40.571166295,A192,_,00630,887
A192__00570.887,8.34591363805427,40.58672315,A192,_,00570,887
A192__00550.887,8.32302742667227,40.590013825,A192,_,00550,887
A192__0049.887,8.281525624803013,40.5925716,A192,_,0049,887
A192__00480.887,8.224170499230546,40.591537985,A192,_,00480,887
A192__00390.887,8.321585312733752,40.59781222,A192,_,00390,887
A192__00260.887,8.313400203722598,40.62308032,A192,_,00260,887
A192__00210.888,8.334085472336355,40.621280445,A192,_,00210,888
A192__00940.888,8.355305484277931,40.5183679,A192,_,00940,888
A192__00720.888,8.334774697473613,40.556293635,A192,_,00720,888
A192__00660.888,8.33405239482176,40.565020575000005,A192,_,00660,888
A192__00640.888,8.332712927942918,40.566661405000005,A192,_,00640,888
A192__00630.888,8.339648521027613,40.572483610000006,A192,_,00630,888
A192__00570.888,8.346032842139412,40.58671473,A192,_,00570,888
A192__00550.888,8.322091777008215,40.588689025,A192,_,00550,888
A192__00480.888,8.223997205406963,40.591395365,A192,_,00480,888
A192__00390.888,8.322603692101936,40.597592434999996,A192,_,00390,888
A192__00260.888,8.31442803921265,40.623652805,A192,_,00260,888
A192__00210.889,8.35403086668618,40.632455449999995,A192,_,00210,889
A192__00940.889,8.35565222835443,40.51079818,A192,_,00940,889
A192__00780.889,8.324129941514048,40.54495224,A192,_,00780,889
A192__00720.889,8.334524174195888,40.555617850000004,A192,_,00720,889
A192__00660.889,8.33498063183333,40.56540552,A192,_,00660,889
A192__00640.889,8.332761504065893,40.566619755000005,A192,_,00640,889
A192__00630.889,8.33202035198801,40.575464804999996,A192,_,00630,889
A192__0061.889,8.317281672720828,40.57595650499999,A192,_,0061,889
A192__00570.889,8.353126755347557,40.587821655,A192,_,00570,889
A192__00550.889,8.321979905431878,40.588583119999996,A192,_,00550,889
A192__00490.889,8.257088911359274,40.590986470000004,A192,_,00490,889
A192__00480.889,8.224006514890243,40.591331225000005,A192,_,00480,889
A192__00390.889,8.317357984208208,40.60021235000001,A192,_,00390,889
A192__00020.89,8.190199146188746,40.65591107,A192,_,00020,89
A192__00970.89,8.314243459844487,40.558865729999994,A192,_,00970,89
A192__00960.89,8.3655535617536,40.507971815000005,A192,_,00960,89
A192__00950.89,8.340172399825644,40.515555344999996,A192,_,00950,89
A192__00940.89,8.35341744907425,40.50862273,A192,_,00940,89
A192__00930.89,8.340424884192918,40.520455095,A192,_,00930,89
A192__00890.89,8.349317187158071,40.532572875,A192,_,00890,89
A192__00850.89,8.342383127754424,40.53273792,A192,_,00850,89
A192__00840.89,8.327773421730626,40.535296795,A192,_,00840,89
A192__00800.89,8.358828083582775,40.541604050000004,A192,_,00800,89
A192__0077.89,8.327295890343306,40.5515902,A192,_,0077,89
A192__00750.89,8.372151506785254,40.55102077,A192,_,00750,89
A192__00740.89,8.360659670579626,40.551656895,A192,_,00740,89
A192__00720.89,8.340271076763063,40.55501996,A192,_,00720,89
A192__0071.89,8.32578665610391,40.548953749999995,A192,_,0071,89
A192__00680.89,8.3541653384294,40.572056355,A192,_,00680,89
A192__0065.89,8.318073453513865,40.56035617,A192,_,0065,89
A192__0064.89,8.323149058300443,40.562586515,A192,_,0064,89
A192__00620.89,8.323324022725876,40.572730965,A192,_,00620,89
A192__00600.89,8.33727623659804,40.5801213,A192,_,00600,89
A192__00590.89,8.364417323331674,40.576363595000004,A192,_,00590,89
A192__00560.89,8.325165070576467,40.58103223,A192,_,00560,89
A192__00550.89,8.321038150132845,40.58006892,A192,_,00550,89
A192__00510.89,8.31482129177096,40.590544455,A192,_,00510,89
A192__0050.89,8.313023599969473,40.58028764,A192,_,0050,89
A192__0049.89,8.284971578965166,40.59339693,A192,_,0049,89
A192__00470.89,8.198383285628623,40.57392211,A192,_,00470,89
A192__00450.89,8.170233242911511,40.58610804,A192,_,00450,89
A192__00420.89,8.347945886982384,40.59959967,A192,_,00420,89
A192__00360.89,8.303235664162333,40.605158585,A192,_,00360,89
A192__00350.89,8.261940560141024,40.597518255,A192,_,00350,89
A192__00340.89,8.263067291456448,40.60531022000001,A192,_,00340,89
A192__00330.89,8.241207675293907,40.59481154,A192,_,00330,89
A192__00320.89,8.208539763698788,40.59261956,A192,_,00320,89
A192__00300.89,8.386899060572794,40.612654635,A192,_,00300,89
A192__00290.89,8.38471435292243,40.615263715,A192,_,00290,89
A192__00260.89,8.318247531192469,40.62007649,A192,_,00260,89
A192__00240.89,8.220792658440661,40.61517365,A192,_,00240,89
A192__00230.89,8.174656555939912,40.59374641,A192,_,00230,89
A192__00190.89,8.199519887626279,40.61855023,A192,_,00190,89
A192__00180.89,8.174013490138632,40.63401499,A192,_,00180,89
A192__00150.89,8.251174615269257,40.633283475,A192,_,00150,89
A192__00140.89,8.202997473570573,40.65128629,A192,_,00140,89
A192__00060.89,8.304992863608515,40.655229235,A192,_,00060,89
A192__00030.89,8.224349644120611,40.64870562,A192,_,00030,89
A192__00260.890,8.292423528593421,40.619922575000004,A192,_,00260,890
A192__00780.890,8.323473065954303,40.543579875,A192,_,00780,890
A192__00670.890,8.341480784276165,40.566183435,A192,_,00670,890
A192__00660.890,8.33490996212992,40.565327685,A192,_,00660,890
A192__00630.890,8.33205280831174,40.5753634,A192,_,00630,890
A192__00620.890,8.331197399635471,40.578174000000004,A192,_,00620,890
A192__00490.890,8.257326046613061,40.59056291,A192,_,00490,890
A192__00480.890,8.229321609674308,40.592107580000004,A192,_,00480,890
A192__00390.890,8.319478527789197,40.59741326,A192,_,00390,890
A192__00260.891,8.292365219159786,40.61958986,A192,_,00260,891
A192__00970.891,8.311282255329244,40.560232045,A192,_,00970,891
A192__00940.891,8.355492604139407,40.51051653,A192,_,00940,891
A192__00780.891,8.324486269286334,40.543947865,A192,_,00780,891
A192__00670.891,8.339801103288341,40.564863005,A192,_,00670,891
A192__00630.891,8.33222347421243,40.575332044999996,A192,_,00630,891
A192__0061.891,8.31573236269143,40.576743640000004,A192,_,0061,891
A192__00570.891,8.349777381397306,40.587867395,A192,_,00570,891
A192__00550.891,8.326320359369623,40.58967117,A192,_,00550,891
A192__00390.891,8.318975276341686,40.598049204999995,A192,_,00390,891
A192__00480.892,8.228666080445196,40.59278416,A192,_,00480,892
A192__00970.892,8.311128447333335,40.560321040000005,A192,_,00970,892
A192__00780.892,8.321387011931645,40.5440197,A192,_,00780,892
A192__00670.892,8.34004914953304,40.56482287,A192,_,00670,892
A192__00660.892,8.332639971801626,40.56434424,A192,_,00660,892
A192__00640.892,8.320602220019651,40.567642105000004,A192,_,00640,892
A192__00630.892,8.338583312145431,40.572047615,A192,_,00630,892
A192__00620.892,8.331819805834039,40.57830416,A192,_,00620,892
A192__0061.892,8.31551019378296,40.577037575,A192,_,0061,892
A192__00570.892,8.349501070906644,40.58780962,A192,_,00570,892
A192__00550.892,8.325428980224327,40.589428175,A192,_,00550,892
A192__00210.893,8.346463318352423,40.622635285,A192,_,00210,893
A192__00970.893,8.311490009988288,40.560401765,A192,_,00970,893
A192__00780.893,8.321047881279366,40.546469345,A192,_,00780,893
A192__0072.893,8.332742641071862,40.555640714999996,A192,_,0072,893
A192__00670.893,8.340081634946642,40.564814,A192,_,00670,893
A192__0064.893,8.320248891929747,40.563774855000005,A192,_,0064,893
A192__00620.893,8.325720362774618,40.573961115,A192,_,00620,893
A192__00570.893,8.343176449285078,40.58673597,A192,_,00570,893
A192__00550.893,8.31830681377361,40.582750745,A192,_,00550,893
A192__00480.893,8.22996882877511,40.59253823,A192,_,00480,893
A192__00250.893,8.273024421657631,40.627730299999996,A192,_,00250,893
A192__00210.894,8.346653966380387,40.622705635,A192,_,00210,894
A192__00970.894,8.311354972984603,40.55984081,A192,_,00970,894
A192__00780.894,8.323069432425772,40.542998845,A192,_,00780,894
A192__0072.894,8.33250324837115,40.555692665,A192,_,0072,894
A192__00670.894,8.34011332281854,40.56480537,A192,_,00670,894
A192__00630.894,8.332543206291934,40.572902275000004,A192,_,00630,894
A192__00620.894,8.325493689825786,40.57438922,A192,_,00620,894
A192__00570.894,8.343136086455349,40.58672827,A192,_,00570,894
A192__00550.894,8.319693102125672,40.581415390000004,A192,_,00550,894
A192__00390.894,8.322197765577258,40.59650162,A192,_,00390,894
A192__00260.894,8.320384887584998,40.619566755,A192,_,00260,894
A192__00250.894,8.275296558731318,40.628005959999996,A192,_,00250,894
A192__00480.895,8.233726563017106,40.58075106,A192,_,00480,895
A192__00780.895,8.322965148326244,40.543162124999995,A192,_,00780,895
A192__00670.895,8.34022880298567,40.564696025,A192,_,00670,895
A192__00660.895,8.332299731691574,40.564188975,A192,_,00660,895
A192__00630.895,8.33224917114548,40.572852170000004,A192,_,00630,895
A192__00620.895,8.325190284720072,40.574351140000005,A192,_,00620,895
A192__00570.895,8.343082641827248,40.586721855,A192,_,00570,895
A192__00550.895,8.323663045696476,40.58980854,A192,_,00550,895
A192__00210.896,8.348924134401088,40.623376255,A192,_,00210,896
A192__00970.896,8.31102014351379,40.560354364999995,A192,_,00970,896
A192__00780.896,8.331131873972728,40.548669005,A192,_,00780,896
A192__0072.896,8.332683585097348,40.556045805,A192,_,0072,896
A192__00670.896,8.340538938081576,40.56453967,A192,_,00670,896
A192__00630.896,8.332340930960875,40.5729343,A192,_,00630,896
A192__0061.896,8.317989755658896,40.574589974999995,A192,_,0061,896
A192__00570.896,8.339607939594048,40.589430375,A192,_,00570,896
A192__00550.896,8.324281508278082,40.58951785,A192,_,00550,896
A192__00490.896,8.25439305763919,40.585414369999995,A192,_,00490,896
A192__00480.896,8.23427939325921,40.58046221,A192,_,00480,896
A192__00390.896,8.317383608546633,40.60025618,A192,_,00390,896
A192__00260.896,8.295400585236898,40.62130601,A192,_,00260,896
A192__00260.897,8.292087335437316,40.61500486,A192,_,00260,897
A192__00970.897,8.315426588066622,40.55720972,A192,_,00970,897
A192__00940.897,8.356836621776726,40.521789104999996,A192,_,00940,897
A192__0072.897,8.332604748115289,40.555733794999995,A192,_,0072,897
A192__00670.897,8.340721096931539,40.56443715,A192,_,00670,897
A192__0064.897,8.317265616265253,40.563435229999996,A192,_,0064,897
A192__0061.897,8.317806820776305,40.574394095,A192,_,0061,897
A192__00570.897,8.33959143335416,40.589182949999994,A192,_,00570,897
A192__00390.897,8.316994345589677,40.60064603,A192,_,00390,897
A192__00260.898,8.291085525302869,40.613454255,A192,_,00260,898
A192__00970.898,8.311874518685382,40.560507725,A192,_,00970,898
A192__00940.898,8.358698736692862,40.51764155,A192,_,00940,898
A192__00780.898,8.332277119791573,40.54099114,A192,_,00780,898
A192__00670.898,8.340751082385498,40.564421565,A192,_,00670,898
A192__00630.898,8.332878265096662,40.574002594999996,A192,_,00630,898
A192__0061.898,8.314029156190239,40.57653891,A192,_,0061,898
A192__00570.898,8.349172983712428,40.58441482,A192,_,00570,898
A192__00550.898,8.323044174708082,40.58522949,A192,_,00550,898
A192__00480.898,8.223301581271757,40.59233414,A192,_,00480,898
A192__00390.898,8.316667068102992,40.600594575,A192,_,00390,898
A192__00210.899,8.349484982463057,40.62414235,A192,_,00210,899
A192__00970.899,8.311754668533524,40.560453785,A192,_,00970,899
A192__00940.899,8.358475276157439,40.51769175,A192,_,00940,899
A192__00780.899,8.332913503098002,40.54091307,A192,_,00780,899
A192__00670.899,8.340934469103605,40.564327225,A192,_,00670,899
A192__00630.899,8.33517084495287,40.570935215,A192,_,00630,899
A192__0061.899,8.313678587127198,40.577225205000005,A192,_,0061,899
A192__0049.899,8.284778374607424,40.59251644,A192,_,0049,899
A192__00390.899,8.316321559083947,40.600302755,A192,_,00390,899
A192__00260.899,8.290038596584505,40.61503202,A192,_,00260,899
A192__00250.899,8.281459026965274,40.61606458,A192,_,00250,899
A192__00030.9,8.241296619965446,40.64929333,A192,_,00030,9
A192__00950.9,8.346325927424797,40.51319029,A192,_,00950,9
A192__00940.9,8.35463079131678,40.51014441,A192,_,00940,9
A192__00920.9,8.40545428687798,40.523871955000004,A192,_,00920,9
A192__00910.9,8.39493518491625,40.537178885,A192,_,00910,9
A192__00900.9,8.375117744793204,40.542878645,A192,_,00900,9
A192__00850.9,8.336247859473941,40.537020964999996,A192,_,00850,9
A192__00830.9,8.41638558668048,40.535358744999996,A192,_,00830,9
A192__00820.9,8.379918495065443,40.54201614,A192,_,00820,9
A192__00780.9,8.323314087585405,40.546192070000004,A192,_,00780,9
A192__00760.9,8.412770539917771,40.553916560000005,A192,_,00760,9
A192__00750.9,8.363618901351453,40.558882104999995,A192,_,00750,9
A192__0071.9,8.325127052569199,40.548932969999996,A192,_,0071,9
A192__00700.9,8.39658528447173,40.57091086,A192,_,00700,9
A192__00680.9,8.355604677398986,40.565718925,A192,_,00680,9
A192__00650.9,8.31658909529655,40.562937425,A192,_,00650,9
A192__00630.9,8.332277079404772,40.574076774999995,A192,_,00630,9
A192__00620.9,8.32885002118376,40.5770344,A192,_,00620,9
A192__00580.9,8.373262264406401,40.590377445,A192,_,00580,9
A192__00560.9,8.33195066050665,40.58749976,A192,_,00560,9
A192__00540.9,8.351039818384937,40.597608435,A192,_,00540,9
A192__00510.9,8.32172834732469,40.59524321,A192,_,00510,9
A192__00500.9,8.310071157822446,40.586242845,A192,_,00500,9
A192__00490.9,8.24712411780543,40.576900054999996,A192,_,00490,9
A192__00480.9,8.235920256205063,40.594657035,A192,_,00480,9
A192__00450.9,8.168841002948396,40.587371285,A192,_,00450,9
A192__00440.9,8.389765876389369,40.603714385,A192,_,00440,9
A192__00430.9,8.376896998292114,40.599986255000005,A192,_,00430,9
A192__00390.9,8.32458570492354,40.61123921,A192,_,00390,9
A192__00380.9,8.311530120982262,40.604265285,A192,_,00380,9
A192__00320.9,8.219287154222169,40.595967585,A192,_,00320,9
A192__00310.9,8.369821510768446,40.60292966,A192,_,00310,9
A192__00280.9,8.353931842910296,40.614214974999996,A192,_,00280,9
A192__00260.9,8.310960990046839,40.623604744999994,A192,_,00260,9
A192__00230.9,8.180987383043888,40.59873772,A192,_,00230,9
A192__00220.9,8.146697246917553,40.61337988,A192,_,00220,9
A192__00210.9,8.327793899050866,40.628267495,A192,_,00210,9
A192__00200.9,8.24916692107427,40.630986379999996,A192,_,00200,9
A192__00140.9,8.186495873276701,40.64165047,A192,_,00140,9
A192__00080.9,8.313126895953829,40.648482224999995,A192,_,00080,9
A192__00070.9,8.344599605552002,40.664589655,A192,_,00070,9
A192__00060.9,8.297124780840457,40.654507725,A192,_,00060,9
A192__00020.90,8.19024025635262,40.65599591,A192,_,00020,90
A192__00970.90,8.314144826983055,40.55887963,A192,_,00970,90
A192__00960.90,8.365316368390747,40.508469805,A192,_,00960,90
A192__00950.90,8.340074279851532,40.515417585,A192,_,00950,90
A192__00940.90,8.353520334783784,40.50822607,A192,_,00940,90
A192__00890.90,8.350763350326357,40.532289899999995,A192,_,00890,90
A192__00870.90,8.341155183933132,40.52776368,A192,_,00870,90
A192__00850.90,8.34356138739404,40.532046765000004,A192,_,00850,90
A192__00840.90,8.328098313843924,40.53522918,A192,_,00840,90
A192__00810.90,8.366690772842304,40.547555605,A192,_,00810,90
A192__00800.90,8.357776087016394,40.541947785,A192,_,00800,90
A192__00750.90,8.37235007503877,40.551279105,A192,_,00750,90
A192__00730.90,8.344085096320114,40.553969445,A192,_,00730,90
A192__00720.90,8.340392924273452,40.554562315,A192,_,00720,90
A192__0071.90,8.325581317874542,40.549066845,A192,_,0071,90
A192__00700.90,8.400521832344523,40.577666205,A192,_,00700,90
A192__00680.90,8.352876388919963,40.571376195,A192,_,00680,90
A192__0064.90,8.324034349603924,40.563110975,A192,_,0064,90
A192__0061.90,8.31932623704447,40.57522974,A192,_,0061,90
A192__00600.90,8.342692278058777,40.574599405,A192,_,00600,90
A192__00560.90,8.3248752605353,40.580751379999995,A192,_,00560,90
A192__00540.90,8.355842236237603,40.5935924,A192,_,00540,90
A192__00510.90,8.315194463511503,40.590680035000005,A192,_,00510,90
A192__0050.90,8.31289735709537,40.58027217,A192,_,0050,90
A192__0049.90,8.284916751028401,40.593324675000005,A192,_,0049,90
A192__00470.90,8.198106082599045,40.57401233,A192,_,00470,90
A192__00450.90,8.169485558612852,40.58681441,A192,_,00450,90
A192__00440.90,8.378635184984473,40.600190174999994,A192,_,00440,90
A192__00390.90,8.31818777488607,40.60598564,A192,_,00390,90
A192__00380.90,8.30936421646799,40.595115495,A192,_,00380,90
A192__00330.90,8.245713989608618,40.599184754999996,A192,_,00330,90
A192__00320.90,8.208259214967066,40.59265166,A192,_,00320,90
A192__00310.90,8.366484858252417,40.61420055,A192,_,00310,90
A192__00300.90,8.38729600463828,40.6127846,A192,_,00300,90
A192__00290.90,8.384456129528113,40.615635395,A192,_,00290,90
A192__00280.90,8.367641869612672,40.619751205,A192,_,00280,90
A192__00270.90,8.349853185783656,40.612288910000004,A192,_,00270,90
A192__00260.90,8.315912706665959,40.62009088,A192,_,00260,90
A192__00240.90,8.221606884401242,40.61517365,A192,_,00240,90
A192__00230.90,8.1761000824416,40.593637220000005,A192,_,00230,90
A192__00210.90,8.354048112301827,40.63204357,A192,_,00210,90
A192__00190.90,8.199784164531831,40.61853273,A192,_,00190,90
A192__00180.90,8.173603106959082,40.634016325000005,A192,_,00180,90
A192__00170.90,8.323691293419081,40.63111207,A192,_,00170,90
A192__00150.90,8.248842408958737,40.634663450000005,A192,_,00150,90
A192__00140.90,8.202803851810241,40.65114769,A192,_,00140,90
A192__00100.90,8.263480043230206,40.656329985,A192,_,00100,90
A192__00060.90,8.295483128232483,40.66847084,A192,_,00060,90
A192__00030.90,8.224520787563623,40.647174155,A192,_,00030,90
A192__00250.900,8.273610979055146,40.62738368,A192,_,00250,900
A192__00970.900,8.306540573144197,40.562719654999995,A192,_,00970,900
A192__00940.900,8.362136654539231,40.512721639999995,A192,_,00940,900
A192__00780.900,8.332694896519953,40.540801615,A192,_,00780,900
A192__0072.900,8.33191197938979,40.555764445,A192,_,0072,900
A192__00670.900,8.341268109598186,40.564151805,A192,_,00670,900
A192__00660.900,8.333340537757618,40.56437429,A192,_,00660,900
A192__00630.900,8.335384413342732,40.570944589999996,A192,_,00630,900
A192__0061.900,8.313821939050147,40.577065425,A192,_,0061,900
A192__00570.900,8.349652851172145,40.584036569999995,A192,_,00570,900
A192__00390.900,8.317136846024315,40.600335615000006,A192,_,00390,900
A192__00250.901,8.273953478698475,40.627488580000005,A192,_,00250,901
A192__00970.901,8.311545986051332,40.56069622,A192,_,00970,901
A192__00780.901,8.332814287029532,40.540602275,A192,_,00780,901
A192__0072.901,8.332104245374161,40.55565023,A192,_,0072,901
A192__00670.901,8.339764958411225,40.569116574999995,A192,_,00670,901
A192__00630.901,8.335421941561844,40.571142995,A192,_,00630,901
A192__00570.901,8.349744709839772,40.583868805,A192,_,00570,901
A192__0049.901,8.284598804403428,40.592380160000005,A192,_,0049,901
A192__00480.901,8.223977293184301,40.592095025,A192,_,00480,901
A192__00390.901,8.317606467862735,40.60017481,A192,_,00390,901
A192__00260.901,8.314134501992559,40.621418465000005,A192,_,00260,901
A192__00210.902,8.349978857707612,40.624401625000004,A192,_,00210,902
A192__0072.902,8.33205635443856,40.5555488,A192,_,0072,902
A192__00670.902,8.340173325159956,40.568961064999996,A192,_,00670,902
A192__00660.902,8.333039569548767,40.564576775,A192,_,00660,902
A192__00630.902,8.335652659125365,40.57096269,A192,_,00630,902
A192__00570.902,8.355735937156123,40.58826217,A192,_,00570,902
A192__00550.902,8.323004352329248,40.58524089,A192,_,00550,902
A192__0049.902,8.284327731377537,40.59231916,A192,_,0049,902
A192__00390.902,8.321270057853058,40.604355435,A192,_,00390,902
A192__00250.902,8.27449987008282,40.62723358,A192,_,00250,902
A192__00250.903,8.275016156152194,40.627339555000006,A192,_,00250,903
A192__00940.903,8.357678154014566,40.509816855,A192,_,00940,903
A192__00780.903,8.339405954997154,40.542074245,A192,_,00780,903
A192__0072.903,8.332455742808246,40.555557795,A192,_,0072,903
A192__00670.903,8.340771167286661,40.568653455,A192,_,00670,903
A192__00660.903,8.33337227750258,40.564474655,A192,_,00660,903
A192__00630.903,8.332057823511114,40.574884710000006,A192,_,00630,903
A192__00570.903,8.345363592383055,40.585487029999996,A192,_,00570,903
A192__00490.903,8.259533351916826,40.590581674999996,A192,_,00490,903
A192__00260.903,8.320979641217072,40.6215241,A192,_,00260,903
A192__00250.904,8.273410459712778,40.6264422,A192,_,00250,904
A192__00940.904,8.357257050762023,40.509853975,A192,_,00940,904
A192__00780.904,8.338340908052693,40.541888105,A192,_,00780,904
A192__0072.904,8.332405525571364,40.555444205,A192,_,0072,904
A192__00670.904,8.341127573869661,40.568789429999995,A192,_,00670,904
A192__00660.904,8.333219909242924,40.56461921,A192,_,00660,904
A192__00640.904,8.329187018357159,40.568549535,A192,_,00640,904
A192__00570.904,8.346298334585413,40.586304694999995,A192,_,00570,904
A192__00260.904,8.321713997315381,40.621496449999995,A192,_,00260,904
A192__00210.905,8.349640505237126,40.623277959999996,A192,_,00210,905
A192__00940.905,8.35752273902719,40.509276735,A192,_,00940,905
A192__00780.905,8.325658838740342,40.545518615,A192,_,00780,905
A192__0072.905,8.331959171810457,40.55588281,A192,_,0072,905
A192__00660.905,8.333194210160197,40.56464359,A192,_,00660,905
A192__00640.905,8.329084033511638,40.568555765,A192,_,00640,905
A192__00610.905,8.314361446201936,40.579947250000004,A192,_,00610,905
A192__00570.905,8.3543413067935,40.59105081,A192,_,00570,905
A192__00550.905,8.324801303563135,40.590237994999995,A192,_,00550,905
A192__00390.905,8.321217836180207,40.604552444999996,A192,_,00390,905
A192__00260.905,8.321723216037448,40.620884724999996,A192,_,00260,905
A192__00250.905,8.273352804608155,40.626536035,A192,_,00250,905
A192__00250.906,8.2736152182319,40.62654052,A192,_,00250,906
A192__00780.906,8.338895158832951,40.539946900000004,A192,_,00780,906
A192__0072.906,8.332168166123509,40.555810765000004,A192,_,0072,906
A192__00670.906,8.348026573580007,40.566443765,A192,_,00670,906
A192__00660.906,8.338612006301243,40.566969245,A192,_,00660,906
A192__00640.906,8.328929354042902,40.568639635,A192,_,00640,906
A192__00630.906,8.3355225459232,40.57585925,A192,_,00630,906
A192__00610.906,8.314145432334001,40.580260905,A192,_,00610,906
A192__00550.906,8.31807948351217,40.58319129,A192,_,00550,906
A192__0049.906,8.286928640379964,40.59390106,A192,_,0049,906
A192__00480.906,8.223705179632109,40.59215563,A192,_,00480,906
A192__00260.906,8.322279823301134,40.621302475,A192,_,00260,906
A192__00250.907,8.274774649897706,40.626621375,A192,_,00250,907
A192__00780.907,8.338949026363547,40.539546975,A192,_,00780,907
A192__0072.907,8.332865336971436,40.55641871,A192,_,0072,907
A192__00670.907,8.347854639319287,40.566274185,A192,_,00670,907
A192__00660.907,8.338519911562127,40.56696804,A192,_,00660,907
A192__00640.907,8.328442225151003,40.56809561,A192,_,00640,907
A192__0049.907,8.286944690005036,40.593909014999994,A192,_,0049,907
A192__00480.907,8.223547822097949,40.592010075000005,A192,_,00480,907
A192__00260.907,8.321004906507284,40.620730775,A192,_,00260,907
A192__00210.908,8.350245739781322,40.62320495,A192,_,00210,908
A192__00970.908,8.313986369165054,40.560119075,A192,_,00970,908
A192__00940.908,8.354245834917187,40.51260345,A192,_,00940,908
A192__0072.908,8.33229392011215,40.55615319,A192,_,0072,908
A192__00670.908,8.347670080497466,40.56608968,A192,_,00670,908
A192__00660.908,8.338051383826457,40.566834415,A192,_,00660,908
A192__0064.908,8.318209401618972,40.56447654,A192,_,0064,908
A192__00630.908,8.333233690990246,40.571803885,A192,_,00630,908
A192__00570.908,8.348094774289844,40.588774105,A192,_,00570,908
A192__0049.908,8.286908530105983,40.593874299999996,A192,_,0049,908
A192__00480.908,8.223888822566703,40.592443535,A192,_,00480,908
A192__00390.908,8.323490152050955,40.60873539,A192,_,00390,908
A192__00260.908,8.321359215065176,40.62057972,A192,_,00260,908
A192__00250.908,8.275468207298102,40.62701351,A192,_,00250,908
A192__00250.909,8.274001313530395,40.626285005,A192,_,00250,909
A192__00940.909,8.35371335038465,40.509808485,A192,_,00940,909
A192__00780.909,8.341339576215354,40.53975715,A192,_,00780,909
A192__0072.909,8.331879902987549,40.555345235000004,A192,_,0072,909
A192__00670.909,8.343676544355207,40.56246058,A192,_,00670,909
A192__00660.909,8.337801586922005,40.56666895,A192,_,00660,909
A192__0064.909,8.318128870098608,40.56442367,A192,_,0064,909
A192__00630.909,8.338574164649728,40.573731375,A192,_,00630,909
A192__0049.909,8.287024652055425,40.593585274999995,A192,_,0049,909
A192__00260.909,8.315310250576239,40.621156425,A192,_,00260,909
A192__00020.91,8.190137164504804,40.656252765,A192,_,00020,91
A192__00970.91,8.313865801443923,40.55892675,A192,_,00970,91
A192__00960.91,8.366277047638683,40.508196705,A192,_,00960,91
A192__00950.91,8.340372224178218,40.515279930000005,A192,_,00950,91
A192__00940.91,8.353346336270489,40.50766222,A192,_,00940,91
A192__00860.91,8.360601206732127,40.536983840000005,A192,_,00860,91
A192__00850.91,8.341838487357245,40.53153507,A192,_,00850,91
A192__00840.91,8.328233555105006,40.535578645,A192,_,00840,91
A192__00800.91,8.365669479256757,40.54415168,A192,_,00800,91
A192__0077.91,8.327380984452073,40.55172282,A192,_,0077,91
A192__00750.91,8.371961602098766,40.550501755,A192,_,00750,91
A192__00740.91,8.355847781344265,40.56010191,A192,_,00740,91
A192__00730.91,8.344383088157265,40.554007395,A192,_,00730,91
A192__0071.91,8.325632176935148,40.548908265,A192,_,0071,91
A192__00700.91,8.392256030581361,40.577259145,A192,_,00700,91
A192__00680.91,8.353852540645072,40.571427445,A192,_,00680,91
A192__0065.91,8.318246741873459,40.560786245,A192,_,0065,91
A192__00570.91,8.353422391668213,40.588377179999995,A192,_,00570,91
A192__00560.91,8.324710738698993,40.580801045,A192,_,00560,91
A192__00540.91,8.357339262332934,40.593592835,A192,_,00540,91
A192__0050.91,8.312815422989814,40.58035675,A192,_,0050,91
A192__00470.91,8.197967110005665,40.57426428,A192,_,00470,91
A192__00450.91,8.165926177695237,40.584814925,A192,_,00450,91
A192__00440.91,8.378093931518428,40.59855063,A192,_,00440,91
A192__00400.91,8.330469994849187,40.606887235,A192,_,00400,91
A192__00390.91,8.317268481747522,40.606254140000004,A192,_,00390,91
A192__00380.91,8.309430587697634,40.595921005,A192,_,00380,91
A192__00360.91,8.301304038664298,40.60634777,A192,_,00360,91
A192__00330.91,8.247872870541741,40.596875690000005,A192,_,00330,91
A192__00320.91,8.207999969884977,40.5927641,A192,_,00320,91
A192__00310.91,8.358752561178658,40.6085285,A192,_,00310,91
A192__00300.91,8.387397940981884,40.6126065,A192,_,00300,91
A192__00290.91,8.37458607132354,40.62785637,A192,_,00290,91
A192__00260.91,8.296654912956178,40.619472810000005,A192,_,00260,91
A192__00240.91,8.2179848313149,40.613640614999994,A192,_,00240,91
A192__00230.91,8.176210423506935,40.5936538,A192,_,00230,91
A192__00210.91,8.329035745855755,40.63048515,A192,_,00210,91
A192__00190.91,8.199177049294974,40.61861879,A192,_,00190,91
A192__00180.91,8.173404649301052,40.63402053,A192,_,00180,91
A192__00170.91,8.32492977642984,40.631206735,A192,_,00170,91
A192__00160.91,8.271944284797245,40.638675895,A192,_,00160,91
A192__00150.91,8.248862791877698,40.63454964,A192,_,00150,91
A192__00140.91,8.198352964437976,40.644933515,A192,_,00140,91
A192__00100.91,8.261921388407625,40.65630949,A192,_,00100,91
A192__00060.91,8.295367932480563,40.66883186,A192,_,00060,91
A192__00050.91,8.28432669291155,40.66099767,A192,_,00050,91
A192__00030.91,8.244962554245776,40.659955975,A192,_,00030,91
A192__00210.910,8.354295141289498,40.61901927,A192,_,00210,910
A192__00940.910,8.35343763220099,40.509778510000004,A192,_,00940,910
A192__0072.910,8.332045960044944,40.555521735,A192,_,0072,910
A192__00660.910,8.337147349550515,40.566463345,A192,_,00660,910
A192__0064.910,8.319721034086928,40.564741845,A192,_,0064,910
A192__00570.910,8.347580756664334,40.583839475000005,A192,_,00570,910
A192__0049.910,8.28691505411219,40.593677505,A192,_,0049,910
A192__00260.910,8.31552837172045,40.62116236,A192,_,00260,910
A192__00250.910,8.275549926644597,40.626004295,A192,_,00250,910
A192__00210.911,8.354197481997005,40.619331205,A192,_,00210,911
A192__00970.911,8.315584725540852,40.557925084999994,A192,_,00970,911
A192__00940.911,8.354843615751944,40.52203885,A192,_,00940,911
A192__00780.911,8.339531615376037,40.53962557,A192,_,00780,911
A192__0072.911,8.332766523295446,40.555411855,A192,_,0072,911
A192__00670.911,8.340707124645247,40.569026555,A192,_,00670,911
A192__00660.911,8.337279008513795,40.56644779,A192,_,00660,911
A192__0064.911,8.31984648124029,40.56473406,A192,_,0064,911
A192__00570.911,8.347428088308831,40.58366648,A192,_,00570,911
A192__00550.911,8.320518262008246,40.590741644999994,A192,_,00550,911
A192__00480.911,8.223547748154576,40.592417839999996,A192,_,00480,911
A192__00390.911,8.323085419590974,40.608380095,A192,_,00390,911
A192__00390.912,8.32145411706319,40.60658966,A192,_,00390,912
A192__00970.912,8.313763030507292,40.557002159999996,A192,_,00970,912
A192__00940.912,8.355121860520434,40.52241289,A192,_,00940,912
A192__0072.912,8.33233620623389,40.55518065,A192,_,0072,912
A192__00670.912,8.339509441403239,40.569118515,A192,_,00670,912
A192__00660.912,8.336908388592342,40.56631702,A192,_,00660,912
A192__0064.912,8.320019240626111,40.564741784999995,A192,_,0064,912
A192__00630.912,8.345917500704042,40.57252168,A192,_,00630,912
A192__00610.912,8.315029806233733,40.580605,A192,_,00610,912
A192__00550.912,8.319889492909793,40.59078272,A192,_,00550,912
A192__0049.912,8.286894569919223,40.59327269,A192,_,0049,912
A192__00480.912,8.243705022900816,40.592757864999996,A192,_,00480,912
A192__00250.913,8.271594247198882,40.611774335,A192,_,00250,913
A192__00970.913,8.313748226762042,40.55707737,A192,_,00970,913
A192__00940.913,8.355778968940978,40.522266505000005,A192,_,00940,913
A192__0072.913,8.329476857167641,40.55854602,A192,_,0072,913
A192__00670.913,8.339160212176804,40.569201809999996,A192,_,00670,913
A192__00660.913,8.336956979667615,40.566306545,A192,_,00660,913
A192__0064.913,8.319641718424236,40.56478351,A192,_,0064,913
A192__00630.913,8.345338857679899,40.57197791,A192,_,00630,913
A192__00610.913,8.314759561458036,40.579492404999996,A192,_,00610,913
A192__00570.913,8.348225875462969,40.5833957,A192,_,00570,913
A192__0049.913,8.2870143274745,40.593477660000005,A192,_,0049,913
A192__00480.913,8.243117936100312,40.592912955,A192,_,00480,913
A192__00390.913,8.321597123600913,40.60688687,A192,_,00390,913
A192__00260.913,8.292131705665621,40.61918466,A192,_,00260,913
A192__00250.914,8.27143267150333,40.611718845,A192,_,00250,914
A192__00940.914,8.356148119652694,40.52202061,A192,_,00940,914
A192__00670.914,8.33934126055803,40.569424355,A192,_,00670,914
A192__00660.914,8.336648293599211,40.56611213,A192,_,00660,914
A192__00630.914,8.345967286913115,40.572166655000004,A192,_,00630,914
A192__00610.914,8.31512951749232,40.579627065,A192,_,00610,914
A192__00570.914,8.348146566598864,40.5890012,A192,_,00570,914
A192__00550.914,8.325157066960916,40.590142985,A192,_,00550,914
A192__0049.914,8.286847569868844,40.5936441,A192,_,0049,914
A192__00480.914,8.242725195087264,40.59292335,A192,_,00480,914
A192__00390.914,8.321523084078162,40.6072336,A192,_,00390,914
A192__00210.915,8.340621501209569,40.621310324999996,A192,_,00210,915
A192__00940.915,8.355261462287107,40.52176216,A192,_,00940,915
A192__00670.915,8.339564344999385,40.56936468,A192,_,00670,915
A192__00660.915,8.33659572968105,40.56611824,A192,_,00660,915
A192__00640.915,8.3242477499268,40.568302835,A192,_,00640,915
A192__00630.915,8.34535096638593,40.571943090000005,A192,_,00630,915
A192__00610.915,8.315479850636057,40.5797546,A192,_,00610,915
A192__00550.915,8.324409433388468,40.590044414999994,A192,_,00550,915
A192__0049.915,8.286863939878414,40.593791955,A192,_,0049,915
A192__00480.915,8.220838357660643,40.589796995,A192,_,00480,915
A192__00390.915,8.321985422055716,40.607215775,A192,_,00390,915
A192__00250.915,8.269477801557244,40.617663115,A192,_,00250,915
A192__00210.916,8.34076111924076,40.621295225,A192,_,00210,916
A192__00940.916,8.355636589980271,40.522092369999996,A192,_,00940,916
A192__00670.916,8.342980928834482,40.568501170000005,A192,_,00670,916
A192__00660.916,8.336584285804213,40.566128175,A192,_,00660,916
A192__00630.916,8.345989294015311,40.57213522,A192,_,00630,916
A192__0061.916,8.318297377688047,40.5747798,A192,_,0061,916
A192__00570.916,8.35407825079932,40.590892714999995,A192,_,00570,916
A192__00550.916,8.324906921741182,40.59120985,A192,_,00550,916
A192__00480.916,8.22070131426327,40.589664335,A192,_,00480,916
A192__00250.916,8.269570559319849,40.617663115,A192,_,00250,916
A192__00210.917,8.340758168135501,40.621020685000005,A192,_,00210,917
A192__00940.917,8.355191639586538,40.521447065000004,A192,_,00940,917
A192__00670.917,8.343165301802397,40.568768625,A192,_,00670,917
A192__00660.917,8.336606628357561,40.566224945,A192,_,00660,917
A192__00640.917,8.32489040082435,40.5682039,A192,_,00640,917
A192__00570.917,8.35401358588767,40.591261935,A192,_,00570,917
A192__00550.917,8.324528396479614,40.5907115,A192,_,00550,917
A192__00480.917,8.227505526056778,40.58858562,A192,_,00480,917
A192__00260.917,8.288148684208103,40.621058239999996,A192,_,00260,917
A192__00250.917,8.269970422875346,40.61736185,A192,_,00250,917
A192__00210.918,8.340752536708903,40.620831795,A192,_,00210,918
A192__00940.918,8.355644474256575,40.521504605000004,A192,_,00940,918
A192__00670.918,8.347554467881078,40.570446805,A192,_,00670,918
A192__00660.918,8.336787871232351,40.566234300000005,A192,_,00660,918
A192__00630.918,8.342426293825318,40.57316279,A192,_,00630,918
A192__00570.918,8.35410714377386,40.590643400000005,A192,_,00570,918
A192__00550.918,8.32404220436469,40.591288075,A192,_,00550,918
A192__00480.918,8.227265817819635,40.588412860000005,A192,_,00480,918
A192__00390.918,8.325550834631184,40.60603538,A192,_,00390,918
A192__00260.918,8.288878057080215,40.620718260000004,A192,_,00260,918
A192__00250.918,8.26926899848665,40.617207905,A192,_,00250,918
A192__00210.919,8.341358440303972,40.620444365,A192,_,00210,919
A192__00670.919,8.347299885681899,40.570530565,A192,_,00670,919
A192__00660.919,8.336759270501528,40.565866299999996,A192,_,00660,919
A192__00640.919,8.325135405279529,40.567595600000004,A192,_,00640,919
A192__00610.919,8.315207641817873,40.580426285,A192,_,00610,919
A192__00570.919,8.349167902788498,40.586208400000004,A192,_,00570,919
A192__00550.919,8.323669721339325,40.591016605,A192,_,00550,919
A192__00480.919,8.228629586931847,40.5877502,A192,_,00480,919
A192__00260.919,8.292596587118972,40.619533785,A192,_,00260,919
A192__00250.919,8.27167090398483,40.616031945,A192,_,00250,919
A192__00020.92,8.189211108482537,40.65744849,A192,_,00020,92
A192__00960.92,8.366089108735197,40.508705285000005,A192,_,00960,92
A192__00950.92,8.340644393011303,40.51565985,A192,_,00950,92
A192__00900.92,8.361582249302362,40.52652687,A192,_,00900,92
A192__00890.92,8.352754529022615,40.53081688,A192,_,00890,92
A192__00880.92,8.348796561195325,40.523464184999995,A192,_,00880,92
A192__00870.92,8.341519317017035,40.527331175,A192,_,00870,92
A192__00860.92,8.367368970195846,40.54114081,A192,_,00860,92
A192__00800.92,8.355788218620965,40.542501715,A192,_,00800,92
A192__00790.92,8.344669718448909,40.53853983,A192,_,00790,92
A192__0077.92,8.327619556858306,40.552082330000005,A192,_,0077,92
A192__00750.92,8.372277110576354,40.55093763,A192,_,00750,92
A192__00730.92,8.3451150191868,40.556076515,A192,_,00730,92
A192__0071.92,8.316059901937743,40.557694979999994,A192,_,0071,92
A192__00700.92,8.396863109600122,40.573157585000004,A192,_,00700,92
A192__00680.92,8.354096199933839,40.570957895,A192,_,00680,92
A192__00670.92,8.348590322470967,40.56574741,A192,_,00670,92
A192__0065.92,8.316664212719976,40.56157313,A192,_,0065,92
A192__0064.92,8.318680702992959,40.564608,A192,_,0064,92
A192__00600.92,8.344244421936239,40.575124395,A192,_,00600,92
A192__00570.92,8.355691589365636,40.589212675,A192,_,00570,92
A192__00560.92,8.324794758037841,40.58064498,A192,_,00560,92
A192__00550.92,8.31969285316416,40.589707905,A192,_,00550,92
A192__00540.92,8.357694730664036,40.59414333,A192,_,00540,92
A192__00520.92,8.327116359410283,40.591649525,A192,_,00520,92
A192__00510.92,8.315865543390325,40.590918515,A192,_,00510,92
A192__0050.92,8.312853232727594,40.580375024999995,A192,_,0050,92
A192__0049.92,8.285236905554981,40.593320160000005,A192,_,0049,92
A192__00470.92,8.198562150698924,40.573622365000006,A192,_,00470,92
A192__00450.92,8.165665354127732,40.58463117,A192,_,00450,92
A192__00440.92,8.37774471684546,40.59740252,A192,_,00440,92
A192__00420.92,8.348410456362684,40.600134499999996,A192,_,00420,92
A192__00390.92,8.317791744104538,40.605771165,A192,_,00390,92
A192__00380.92,8.309890700855298,40.59602678500001,A192,_,00380,92
A192__00360.92,8.301473727100287,40.606372390000004,A192,_,00360,92
A192__00350.92,8.264972573778856,40.59900115,A192,_,00350,92
A192__00330.92,8.249028321339292,40.596699035,A192,_,00330,92
A192__00320.92,8.207661398449298,40.59276563,A192,_,00320,92
A192__00310.92,8.361241277817388,40.60851341,A192,_,00310,92
A192__00300.92,8.387243902903911,40.612362645000005,A192,_,00300,92
A192__00290.92,8.382187264860317,40.613881345,A192,_,00290,92
A192__00280.92,8.368343088228873,40.619818955,A192,_,00280,92
A192__00260.92,8.308117281281941,40.62020979,A192,_,00260,92
A192__00240.92,8.225285285517348,40.609280510000005,A192,_,00240,92
A192__00230.92,8.178884919716612,40.596303500000005,A192,_,00230,92
A192__00190.92,8.191633751359566,40.617573035,A192,_,00190,92
A192__00180.92,8.18306986910967,40.637014625,A192,_,00180,92
A192__00170.92,8.324198236735402,40.631107865000004,A192,_,00170,92
A192__00150.92,8.224682098998414,40.645309940000004,A192,_,00150,92
A192__00140.92,8.198786885445383,40.644662679999996,A192,_,00140,92
A192__00050.92,8.26930939651848,40.662757670000005,A192,_,00050,92
A192__00040.92,8.24878545600468,40.656909635000005,A192,_,00040,92
A192__00030.92,8.244545545806535,40.6643531,A192,_,00030,92
A192__00210.920,8.341557068958931,40.620233835,A192,_,00210,920
A192__0071.920,8.321632626657376,40.556250770000005,A192,_,0071,920
A192__00660.920,8.336429999057767,40.566039020000005,A192,_,00660,920
A192__00570.920,8.348699576503977,40.58646454,A192,_,00570,920
A192__00550.920,8.323271684608654,40.590830249999996,A192,_,00550,920
A192__00480.920,8.228363615556141,40.58743322,A192,_,00480,920
A192__00390.920,8.325084027599996,40.60601126,A192,_,00390,920
A192__00260.920,8.292523547012843,40.61939389,A192,_,00260,920
A192__00250.920,8.272374991348237,40.615304875,A192,_,00250,920
A192__00210.921,8.341755772522085,40.620206870000004,A192,_,00210,921
A192__00940.921,8.355887160878268,40.521410885,A192,_,00940,921
A192__0071.921,8.321501350420407,40.55622511,A192,_,0071,921
A192__00660.921,8.336409173867107,40.56605005,A192,_,00660,921
A192__00640.921,8.325390287510807,40.567719685,A192,_,00640,921
A192__00630.921,8.33492141822792,40.57134481,A192,_,00630,921
A192__00570.921,8.349415356396293,40.588262115,A192,_,00570,921
A192__00550.921,8.322993229010866,40.591275745000004,A192,_,00550,921
A192__00490.921,8.25480530755717,40.590277955000005,A192,_,00490,921
A192__00480.921,8.228185823949623,40.58754534,A192,_,00480,921
A192__00390.921,8.320179480569575,40.60058969,A192,_,00390,921
A192__00260.921,8.292350270758911,40.619236625,A192,_,00260,921
A192__00250.922,8.271063248383967,40.612016775,A192,_,00250,922
A192__00940.922,8.356105519922266,40.52181497,A192,_,00940,922
A192__0071.922,8.32146840959312,40.55623035,A192,_,0071,922
A192__00660.922,8.336668362300141,40.565889080000005,A192,_,00660,922
A192__00640.922,8.321618495773883,40.56846322,A192,_,00640,922
A192__00630.922,8.334709875599469,40.57130003,A192,_,00630,922
A192__00570.922,8.349229335342672,40.587664215000004,A192,_,00570,922
A192__00490.922,8.25503149025835,40.590126075,A192,_,00490,922
A192__00480.922,8.228465951215263,40.58789121,A192,_,00480,922
A192__00390.922,8.32071190063568,40.600148739999995,A192,_,00390,922
A192__00260.922,8.292295614224273,40.619112175,A192,_,00260,922
A192__00260.923,8.293017819487499,40.618523845,A192,_,00260,923
A192__0071.923,8.321443082676558,40.556197,A192,_,0071,923
A192__00660.923,8.336409914646463,40.566029545,A192,_,00660,923
A192__00630.923,8.337912812897738,40.56983853,A192,_,00630,923
A192__00610.923,8.320247538444441,40.579089145,A192,_,00610,923
A192__00490.923,8.254945043998664,40.58989493,A192,_,00490,923
A192__00390.923,8.320863249027335,40.60050042,A192,_,00390,923
A192__00250.924,8.270866201646179,40.61206853,A192,_,00250,924
A192__00940.924,8.361915849639612,40.5094754,A192,_,00940,924
A192__0071.924,8.321415167240403,40.556184404999996,A192,_,0071,924
A192__00660.924,8.336388921007188,40.566040955000005,A192,_,00660,924
A192__00640.924,8.32532782707905,40.570281460000004,A192,_,00640,924
A192__00630.924,8.34257468646318,40.57169539,A192,_,00630,924
A192__00610.924,8.319306843202568,40.580429175,A192,_,00610,924
A192__00570.924,8.341478070466326,40.59083602,A192,_,00570,924
A192__00390.924,8.321399658604381,40.600330895,A192,_,00390,924
A192__00260.924,8.293733552630407,40.61854119,A192,_,00260,924
A192__00250.925,8.271206047059113,40.61193113,A192,_,00250,925
A192__00940.925,8.36199193845659,40.50959856,A192,_,00940,925
A192__0071.925,8.32150605612189,40.556161904999996,A192,_,0071,925
A192__00670.925,8.347210640973456,40.570607100000004,A192,_,00670,925
A192__00660.925,8.336138431922391,40.56561395,A192,_,00660,925
A192__00640.925,8.322065682491402,40.566019284999996,A192,_,00640,925
A192__00630.925,8.345059385255182,40.572419025,A192,_,00630,925
A192__0049.925,8.286436095377322,40.591655610000004,A192,_,0049,925
A192__00390.925,8.325433289715223,40.607918525,A192,_,00390,925
A192__00260.925,8.293015739976202,40.61761022,A192,_,00260,925
A192__00250.926,8.270920002838984,40.611890985,A192,_,00250,926
A192__00940.926,8.353925238542956,40.518861855,A192,_,00940,926
A192__0071.926,8.321575568731252,40.55614561,A192,_,0071,926
A192__00670.926,8.347255318313033,40.57070545,A192,_,00670,926
A192__00660.926,8.33594274304982,40.56581794,A192,_,00660,926
A192__00630.926,8.344022771606085,40.572756425,A192,_,00630,926
A192__00570.926,8.348007347567982,40.5833957,A192,_,00570,926
A192__0049.926,8.2866545574886,40.59165718,A192,_,0049,926
A192__00390.926,8.325222407476588,40.60796173,A192,_,00390,926
A192__00260.926,8.293572946671745,40.617772990000006,A192,_,00260,926
A192__00570.927,8.348144316702601,40.583846815,A192,_,00570,927
A192__00940.927,8.353584513741673,40.519007105,A192,_,00940,927
A192__0071.927,8.321660703936939,40.55614561,A192,_,0071,927
A192__00670.927,8.347125550945936,40.570680375,A192,_,00670,927
A192__00660.927,8.33586796987037,40.56581378,A192,_,00660,927
A192__00630.927,8.340276445224653,40.571574695,A192,_,00630,927
A192__00250.928,8.271417913432026,40.61198474,A192,_,00250,928
A192__00940.928,8.354805436079502,40.513986865,A192,_,00940,928
A192__00780.928,8.33235471095583,40.54139788,A192,_,00780,928
A192__0071.928,8.321693733233962,40.55613668,A192,_,0071,928
A192__00670.928,8.348240032202312,40.566810239999995,A192,_,00670,928
A192__00660.928,8.33591591555951,40.56669239,A192,_,00660,928
A192__00570.928,8.348631312984367,40.583428345,A192,_,00570,928
A192__00210.929,8.354672079911206,40.629227135,A192,_,00210,929
A192__00780.929,8.332510158331415,40.541459445,A192,_,00780,929
A192__00660.929,8.331838437687555,40.562367185,A192,_,00660,929
A192__00640.929,8.320437628150774,40.566558945,A192,_,00640,929
A192__00630.929,8.333645788210696,40.57201479,A192,_,00630,929
A192__00570.929,8.348836462038175,40.58337497,A192,_,00570,929
A192__00480.929,8.223914660668939,40.587271345000005,A192,_,00480,929
A192__00260.929,8.311770215984055,40.616229055,A192,_,00260,929
A192__00250.929,8.268593878598576,40.620480334999996,A192,_,00250,929
A192__00020.93,8.189094679943327,40.657813565,A192,_,00020,93
A192__00960.93,8.367002662148469,40.50845459,A192,_,00960,93
A192__00950.93,8.340663461732806,40.51552099,A192,_,00950,93
A192__00940.93,8.353984395396857,40.50738996,A192,_,00940,93
A192__00930.93,8.336850935885355,40.51721534,A192,_,00930,93
A192__00900.93,8.357885789151979,40.534620395000005,A192,_,00900,93
A192__00890.93,8.353856242790364,40.530037405,A192,_,00890,93
A192__00880.93,8.348351549776563,40.523299449999996,A192,_,00880,93
A192__00870.93,8.332732792253742,40.524245585,A192,_,00870,93
A192__00860.93,8.367076203631115,40.541040685,A192,_,00860,93
A192__00850.93,8.341385761649363,40.531245665,A192,_,00850,93
A192__00840.93,8.328516565650698,40.53517625,A192,_,00840,93
A192__00790.93,8.342869250211228,40.54457428,A192,_,00790,93
A192__00780.93,8.334771757076432,40.546151280000004,A192,_,00780,93
A192__0077.93,8.32750081406434,40.551906945,A192,_,0077,93
A192__00750.93,8.36237280038495,40.56163597,A192,_,00750,93
A192__00740.93,8.358616916813416,40.55220874,A192,_,00740,93
A192__00730.93,8.345995648771705,40.555708115,A192,_,00730,93
A192__00700.93,8.40310694766808,40.577676615,A192,_,00700,93
A192__00680.93,8.35441481715263,40.571476015,A192,_,00680,93
A192__00670.93,8.34861005552719,40.56259112,A192,_,00670,93
A192__0065.93,8.316344846741366,40.561130809999995,A192,_,0065,93
A192__00620.93,8.322493407362241,40.57180903,A192,_,00620,93
A192__0061.93,8.319747627907859,40.575074835,A192,_,0061,93
A192__00600.93,8.345301225337403,40.575654395,A192,_,00600,93
A192__00540.93,8.358481912913739,40.59449827,A192,_,00540,93
A192__00530.93,8.33531032715155,40.59587988,A192,_,00530,93
A192__00520.93,8.32717722048953,40.592662395000005,A192,_,00520,93
A192__00510.93,8.316051411275978,40.590984289999994,A192,_,00510,93
A192__00480.93,8.22885569939073,40.587477070000006,A192,_,00480,93
A192__00470.93,8.198451647366179,40.573381749999996,A192,_,00470,93
A192__00450.93,8.167750361636744,40.585974875,A192,_,00450,93
A192__00440.93,8.376894040636941,40.59421029,A192,_,00440,93
A192__00420.93,8.3485797724428,40.600497695,A192,_,00420,93
A192__00400.93,8.32570911135953,40.60395504,A192,_,00400,93
A192__00390.93,8.318025807761426,40.605772185,A192,_,00390,93
A192__00380.93,8.31050083725141,40.59601371,A192,_,00380,93
A192__00360.93,8.300490759930824,40.606849915,A192,_,00360,93
A192__00300.93,8.387016774918177,40.61232392,A192,_,00300,93
A192__00290.93,8.38285872291926,40.61406312,A192,_,00290,93
A192__00280.93,8.368544756776313,40.61999799,A192,_,00280,93
A192__00270.93,8.351172256098755,40.61213273,A192,_,00270,93
A192__00260.93,8.313781919460844,40.62011473,A192,_,00260,93
A192__00240.93,8.221433767605651,40.612604895000004,A192,_,00240,93
A192__00230.93,8.179080050855578,40.59644743,A192,_,00230,93
A192__00210.93,8.351807217054374,40.63294722,A192,_,00210,93
A192__00190.93,8.18989649363337,40.61659658,A192,_,00190,93
A192__00180.93,8.183236524522552,40.637337079999995,A192,_,00180,93
A192__00170.93,8.326427447530174,40.631036085000005,A192,_,00170,93
A192__00150.93,8.224959229944274,40.64448141,A192,_,00150,93
A192__00100.93,8.271283044458379,40.651787764999995,A192,_,00100,93
A192__00060.93,8.283287929200561,40.66015184,A192,_,00060,93
A192__00040.93,8.250749818731704,40.65863176,A192,_,00040,93
A192__00030.93,8.245482124192396,40.65507723,A192,_,00030,93
A192__00210.930,8.34973624118508,40.62429753,A192,_,00210,930
A192__00940.930,8.355900187400723,40.515349889999996,A192,_,00940,930
A192__0071.930,8.321546903555028,40.5560589,A192,_,0071,930
A192__00670.930,8.346218484646876,40.571810435,A192,_,00670,930
A192__00630.930,8.34128277980701,40.57122525,A192,_,00630,930
A192__00570.930,8.348835086281628,40.58704878,A192,_,00570,930
A192__00480.930,8.231956332507277,40.593857305,A192,_,00480,930
A192__00260.930,8.310736623303868,40.614853855,A192,_,00260,930
A192__00250.930,8.268060933136717,40.62060123,A192,_,00250,930
A192__00260.931,8.311977016008026,40.616210210000006,A192,_,00260,931
A192__00940.931,8.355090679103114,40.515266875,A192,_,00940,931
A192__00780.931,8.332651292382717,40.54146783,A192,_,00780,931
A192__0071.931,8.321576544891121,40.55595694,A192,_,0071,931
A192__00670.931,8.346320121274143,40.571955665000004,A192,_,00670,931
A192__00630.931,8.340915194186861,40.57097487,A192,_,00630,931
A192__00570.931,8.348830771438013,40.587172115,A192,_,00570,931
A192__00480.931,8.232486452909903,40.593582555,A192,_,00480,931
A192__00250.932,8.268179333671544,40.620473634999996,A192,_,00250,932
A192__00940.932,8.354108165115193,40.512299565000006,A192,_,00940,932
A192__00780.932,8.33245677762156,40.540917050000004,A192,_,00780,932
A192__0071.932,8.321464199389228,40.555990335000004,A192,_,0071,932
A192__00670.932,8.347410167393916,40.57192738,A192,_,00670,932
A192__00640.932,8.318827609728668,40.566092350000005,A192,_,00640,932
A192__00630.932,8.333651876812542,40.57193376,A192,_,00630,932
A192__0049.932,8.286712582950669,40.59172596,A192,_,0049,932
A192__00260.932,8.28914140332466,40.620517125,A192,_,00260,932
A192__00210.933,8.34958420940802,40.623838675,A192,_,00210,933
A192__00940.933,8.354357535570903,40.51217956,A192,_,00940,933
A192__0071.933,8.321384510100074,40.555944175,A192,_,0071,933
A192__00670.933,8.34786615992519,40.572197435,A192,_,00670,933
A192__00640.933,8.32596701456437,40.570093310000004,A192,_,00640,933
A192__00630.933,8.33767722283596,40.57377655,A192,_,00630,933
A192__0061.933,8.320482252465446,40.57495272,A192,_,0061,933
A192__00260.933,8.289147986687144,40.62062553,A192,_,00260,933
A192__00250.933,8.281630358194818,40.615499795,A192,_,00250,933
A192__00210.934,8.34868349345275,40.622435455,A192,_,00210,934
A192__00940.934,8.354379103666016,40.51265911,A192,_,00940,934
A192__00780.934,8.332377314493442,40.54067745,A192,_,00780,934
A192__0071.934,8.321371387500726,40.55589426,A192,_,0071,934
A192__00670.934,8.348123940056098,40.57247305,A192,_,00670,934
A192__00630.934,8.337735546097782,40.573667175,A192,_,00630,934
A192__00480.934,8.224715338732963,40.59071523,A192,_,00480,934
A192__00260.934,8.304799235365337,40.615210919999996,A192,_,00260,934
A192__00210.935,8.346887060952252,40.621755245,A192,_,00210,935
A192__00940.935,8.354555376913368,40.51256969000001,A192,_,00940,935
A192__00780.935,8.331932591218834,40.541000545,A192,_,00780,935
A192__00670.935,8.348385564459882,40.57206225,A192,_,00670,935
A192__00630.935,8.337583321728076,40.573768635,A192,_,00630,935
A192__00480.935,8.224578616725879,40.590682235,A192,_,00480,935
A192__00250.935,8.276815516611963,40.62734056,A192,_,00250,935
A192__00210.936,8.353893764999235,40.629483525,A192,_,00210,936
A192__00940.936,8.35620843226334,40.51217704,A192,_,00940,936
A192__00670.936,8.348856987127036,40.572210945,A192,_,00670,936
A192__00660.936,8.328647252948967,40.563503784999995,A192,_,00660,936
A192__0061.936,8.317548072928648,40.57375616,A192,_,0061,936
A192__00480.936,8.237719807724517,40.578322205,A192,_,00480,936
A192__00250.936,8.275817459082411,40.627957609999996,A192,_,00250,936
A192__00210.937,8.35424807041366,40.629537334999995,A192,_,00210,937
A192__00940.937,8.356369004027421,40.51233836,A192,_,00940,937
A192__00780.937,8.33218662489848,40.54130432,A192,_,00780,937
A192__00670.937,8.348655880855322,40.57104778,A192,_,00670,937
A192__00660.937,8.32902002210696,40.5630112,A192,_,00660,937
A192__00640.937,8.327355408029998,40.56973266,A192,_,00640,937
A192__0061.937,8.317422994205003,40.57368006,A192,_,0061,937
A192__00480.937,8.237826549335438,40.578708315,A192,_,00480,937
A192__00260.937,8.297536177968002,40.62276352,A192,_,00260,937
A192__00250.937,8.279027365479582,40.610266115,A192,_,00250,937
A192__00210.938,8.354079688131867,40.628598440000005,A192,_,00210,938
A192__00940.938,8.356883326671012,40.512182435,A192,_,00940,938
A192__00780.938,8.332452236933502,40.54128204,A192,_,00780,938
A192__00670.938,8.34898251725032,40.57131212,A192,_,00670,938
A192__00640.938,8.3195277122635,40.566433345,A192,_,00640,938
A192__00630.938,8.334901843028451,40.572568785,A192,_,00630,938
A192__00480.938,8.237577663948606,40.578513494999996,A192,_,00480,938
A192__00260.938,8.297608275136339,40.62291279,A192,_,00260,938
A192__00250.938,8.279114068853573,40.61009931,A192,_,00250,938
A192__00250.939,8.277493083779856,40.609960689999994,A192,_,00250,939
A192__00670.939,8.349376171172558,40.571515815,A192,_,00670,939
A192__00660.939,8.328747849021767,40.5642576,A192,_,00660,939
A192__00640.939,8.320012394321461,40.56887451,A192,_,00640,939
A192__00630.939,8.335139381438804,40.57233101,A192,_,00630,939
A192__00480.939,8.228077869910514,40.587871975,A192,_,00480,939
A192__00260.939,8.319054055886927,40.62358327,A192,_,00260,939
A192__00020.94,8.190318397027076,40.6574251,A192,_,00020,94
A192__00960.94,8.366037889658735,40.507358769999996,A192,_,00960,94
A192__00950.94,8.34066922201377,40.515927465,A192,_,00950,94
A192__00940.94,8.35412388198119,40.50699973,A192,_,00940,94
A192__00930.94,8.337043322332189,40.51748479,A192,_,00930,94
A192__00880.94,8.34973291479848,40.52449122,A192,_,00880,94
A192__00870.94,8.326430718169528,40.532216305000006,A192,_,00870,94
A192__00860.94,8.366603205988596,40.54072545,A192,_,00860,94
A192__00850.94,8.342751515710738,40.531002975,A192,_,00850,94
A192__00790.94,8.339918160780215,40.545113619999995,A192,_,00790,94
A192__00780.94,8.329242411925879,40.5449882,A192,_,00780,94
A192__00750.94,8.362937358129575,40.560717495,A192,_,00750,94
A192__00740.94,8.359234627881385,40.552987875,A192,_,00740,94
A192__00730.94,8.347950909958382,40.555610535,A192,_,00730,94
A192__00680.94,8.354572414997591,40.571058449999995,A192,_,00680,94
A192__00670.94,8.348199400211335,40.565396835,A192,_,00670,94
A192__0065.94,8.316381444774596,40.561096235,A192,_,0065,94
A192__0064.94,8.318113278863159,40.563178390000004,A192,_,0064,94
A192__00630.94,8.333425364780169,40.56883943,A192,_,00630,94
A192__00620.94,8.322482900907588,40.572036855,A192,_,00620,94
A192__00600.94,8.346140404086718,40.57362217,A192,_,00600,94
A192__00530.94,8.334588621894081,40.594457685,A192,_,00530,94
A192__00520.94,8.32760916786284,40.591528035,A192,_,00520,94
A192__00510.94,8.316236817377636,40.591051755,A192,_,00510,94
A192__0049.94,8.285436362314503,40.593420449999996,A192,_,0049,94
A192__00470.94,8.197978243954259,40.574793740000004,A192,_,00470,94
A192__00450.94,8.171433196328712,40.586814079999996,A192,_,00450,94
A192__00440.94,8.380244585955925,40.59972602,A192,_,00440,94
A192__00420.94,8.346510549968741,40.59932254,A192,_,00420,94
A192__00400.94,8.325031921454324,40.6044892,A192,_,00400,94
A192__00380.94,8.310172586770232,40.596455945,A192,_,00380,94
A192__00360.94,8.30027614824499,40.606832365,A192,_,00360,94
A192__00350.94,8.265554625362071,40.598853954999996,A192,_,00350,94
A192__00330.94,8.239837719861828,40.595450625,A192,_,00330,94
A192__00320.94,8.20658758508321,40.593792695000005,A192,_,00320,94
A192__00300.94,8.387601975986087,40.612562735,A192,_,00300,94
A192__00280.94,8.367619577228883,40.620439995,A192,_,00280,94
A192__00270.94,8.35100764753682,40.612660815,A192,_,00270,94
A192__00260.94,8.313783842195736,40.620168045,A192,_,00260,94
A192__00240.94,8.21651743650946,40.61234028,A192,_,00240,94
A192__00230.94,8.179303281037168,40.59657853,A192,_,00230,94
A192__00210.94,8.352014385719755,40.633348705,A192,_,00210,94
A192__00180.94,8.176545892995051,40.63566145,A192,_,00180,94
A192__00170.94,8.32801565647937,40.63153259,A192,_,00170,94
A192__00070.94,8.326141885421258,40.659130590000004,A192,_,00070,94
A192__00060.94,8.287791470665544,40.666063664999996,A192,_,00060,94
A192__00030.94,8.24561623650014,40.65366084,A192,_,00030,94
A192__00250.940,8.27433165097182,40.62467373,A192,_,00250,940
A192__00940.940,8.355990487928505,40.50941731,A192,_,00940,940
A192__00670.940,8.349446438325652,40.571113615,A192,_,00670,940
A192__00660.940,8.332672873967937,40.565191780000006,A192,_,00660,940
A192__00640.940,8.32536323114482,40.57005168,A192,_,00640,940
A192__00630.940,8.334999898258507,40.572075260000005,A192,_,00630,940
A192__00260.940,8.319753840592638,40.623561925000004,A192,_,00260,940
A192__00210.941,8.352081095538793,40.627485730000004,A192,_,00210,941
A192__00670.941,8.3489055357417,40.57072881,A192,_,00670,941
A192__00660.941,8.332634577774439,40.565144735000004,A192,_,00660,941
A192__00640.941,8.324927351583995,40.57015974,A192,_,00640,941
A192__00490.941,8.26673509317629,40.591189325,A192,_,00490,941
A192__00480.941,8.235426096954473,40.58182406,A192,_,00480,941
A192__00260.941,8.320313898552616,40.623049495000004,A192,_,00260,941
A192__00250.941,8.274633157823182,40.623649285,A192,_,00250,941
A192__00250.942,8.274766136124377,40.622810215,A192,_,00250,942
A192__00940.942,8.356107125917386,40.509541105,A192,_,00940,942
A192__00670.942,8.349441171229062,40.57026613,A192,_,00670,942
A192__00660.942,8.333006919344804,40.56497344500001,A192,_,00660,942
A192__00640.942,8.320929539895562,40.566379225,A192,_,00640,942
A192__00630.942,8.333244449421061,40.56918594,A192,_,00630,942
A192__0061.942,8.318788353123328,40.575467689999996,A192,_,0061,942
A192__00550.942,8.322535665381341,40.582272685,A192,_,00550,942
A192__00490.942,8.266591118150567,40.591611555,A192,_,00490,942
A192__00480.942,8.222260933185279,40.591798685,A192,_,00480,942
A192__00260.942,8.321567013221028,40.62223836,A192,_,00260,942
A192__00210.943,8.34810043141773,40.618808345000005,A192,_,00210,943
A192__00780.943,8.325333343994014,40.544668285,A192,_,00780,943
A192__0071.943,8.32195588979492,40.55605242,A192,_,0071,943
A192__00670.943,8.349947510398238,40.57042422,A192,_,00670,943
A192__00660.943,8.33293819452949,40.564933960000005,A192,_,00660,943
A192__00550.943,8.32316211110782,40.585307165,A192,_,00550,943
A192__00490.943,8.267105246885174,40.591788359999995,A192,_,00490,943
A192__00480.943,8.221998187223058,40.592379055,A192,_,00480,943
A192__00260.943,8.321552423356083,40.623271915000004,A192,_,00260,943
A192__00210.944,8.348614177091452,40.620159845,A192,_,00210,944
A192__00940.944,8.355872412507088,40.509982449999995,A192,_,00940,944
A192__0071.944,8.321866057974164,40.55595289,A192,_,0071,944
A192__00670.944,8.348704374757984,40.56980559,A192,_,00670,944
A192__00660.944,8.332681977261732,40.565091245000005,A192,_,00660,944
A192__0064.944,8.317498119334436,40.564044374999995,A192,_,0064,944
A192__00550.944,8.323142270775875,40.585249065,A192,_,00550,944
A192__0049.944,8.281615708618656,40.593105155,A192,_,0049,944
A192__00260.944,8.320596309981932,40.62407766,A192,_,00260,944
A192__00250.944,8.275375083002782,40.61230995,A192,_,00250,944
A192__00210.945,8.344052611384452,40.62254018,A192,_,00210,945
A192__00670.945,8.34890904865642,40.570071135,A192,_,00670,945
A192__00660.945,8.33280697221731,40.564876805,A192,_,00660,945
A192__0064.945,8.317383720308701,40.56370931,A192,_,0064,945
A192__0061.945,8.31876425120804,40.575575985,A192,_,0061,945
A192__00550.945,8.323037200528399,40.58534459,A192,_,00550,945
A192__00480.945,8.220667287159433,40.59223477,A192,_,00480,945
A192__00260.945,8.290545418692853,40.620425205000004,A192,_,00260,945
A192__00250.945,8.280513389563176,40.61580517,A192,_,00250,945
A192__00210.946,8.34413189855103,40.62239676,A192,_,00210,946
A192__00940.946,8.355699582660073,40.509950435,A192,_,00940,946
A192__0071.946,8.321950037520955,40.555661584999996,A192,_,0071,946
A192__00670.946,8.35038082118104,40.569905855,A192,_,00670,946
A192__00660.946,8.33281877834252,40.564967710000005,A192,_,00660,946
A192__00550.946,8.32302715301736,40.58529457,A192,_,00550,946
A192__00260.946,8.289935457400532,40.620611405,A192,_,00260,946
A192__00250.946,8.281171437930915,40.616041515000006,A192,_,00250,946
A192__00260.947,8.290123801643436,40.620440959999996,A192,_,00260,947
A192__00670.947,8.345939810920282,40.571772145,A192,_,00670,947
A192__00640.947,8.324748067800236,40.56840486,A192,_,00640,947
A192__00630.947,8.338578744611794,40.570868515,A192,_,00630,947
A192__0061.947,8.317696193867452,40.574936844999996,A192,_,0061,947
A192__00550.947,8.322959330575223,40.58522913,A192,_,00550,947
A192__00210.948,8.33300673220103,40.62222781,A192,_,00210,948
A192__00940.948,8.356237489463435,40.52138893,A192,_,00940,948
A192__00670.948,8.3461185883837,40.571966599999996,A192,_,00670,948
A192__00640.948,8.323526542272035,40.56724036,A192,_,00640,948
A192__00630.948,8.333008865426489,40.575648220000005,A192,_,00630,948
A192__00550.948,8.321803723861215,40.590766595,A192,_,00550,948
A192__00480.948,8.220452232693628,40.591065195,A192,_,00480,948
A192__00260.948,8.289774901626235,40.62041354,A192,_,00260,948
A192__00250.948,8.27516355206809,40.61287814,A192,_,00250,948
A192__00250.949,8.275423320000002,40.61306816,A192,_,00250,949
A192__00780.949,8.326261833980235,40.54534764,A192,_,00780,949
A192__00670.949,8.346841188248288,40.571074185,A192,_,00670,949
A192__00630.949,8.332944518289018,40.575798475,A192,_,00630,949
A192__0061.949,8.319144563007944,40.572690370000004,A192,_,0061,949
A192__00550.949,8.321983512832883,40.590545255,A192,_,00550,949
A192__00480.949,8.219688137743775,40.59168097,A192,_,00480,949
A192__00260.949,8.294750202223028,40.622795205,A192,_,00260,949
A192__00020.95,8.191336999759912,40.6571879,A192,_,00020,95
A192__00970.95,8.313984260678613,40.55918447,A192,_,00970,95
A192__00960.95,8.366584609376527,40.5075446,A192,_,00960,95
A192__00950.95,8.353048012457453,40.51482718,A192,_,00950,95
A192__00940.95,8.354539149935462,40.50710352,A192,_,00940,95
A192__00900.95,8.358727842226465,40.533757785,A192,_,00900,95
A192__00880.95,8.346349982914402,40.521471680000005,A192,_,00880,95
A192__00870.95,8.32748009187676,40.530261585000005,A192,_,00870,95
A192__00860.95,8.365041090636414,40.541302560000005,A192,_,00860,95
A192__00850.95,8.34291322609365,40.531703485,A192,_,00850,95
A192__00840.95,8.330116821331245,40.53497802,A192,_,00840,95
A192__00780.95,8.330282291729333,40.54584999,A192,_,00780,95
A192__00750.95,8.363070563934114,40.560390025000004,A192,_,00750,95
A192__00700.95,8.4016429487931,40.578154485,A192,_,00700,95
A192__00680.95,8.35468426394372,40.570854964999995,A192,_,00680,95
A192__00670.95,8.337065671915653,40.56205497,A192,_,00670,95
A192__0065.95,8.316685823560404,40.561120875,A192,_,0065,95
A192__0064.95,8.317829132218392,40.56318643,A192,_,0064,95
A192__00620.95,8.322834573296007,40.57180318,A192,_,00620,95
A192__00600.95,8.346724138971211,40.573634354999996,A192,_,00600,95
A192__00580.95,8.361122465040712,40.587653795,A192,_,00580,95
A192__00560.95,8.32231747700188,40.5766616,A192,_,00560,95
A192__00540.95,8.348190368898198,40.598308925,A192,_,00540,95
A192__00530.95,8.333746751432269,40.594833635,A192,_,00530,95
A192__00520.95,8.326885246135856,40.59022021,A192,_,00520,95
A192__0049.95,8.285592133433196,40.593714274999996,A192,_,0049,95
A192__00470.95,8.197657657117098,40.574897135,A192,_,00470,95
A192__00450.95,8.17103855197779,40.58268182,A192,_,00450,95
A192__00440.95,8.378672580645201,40.59951355,A192,_,00440,95
A192__00420.95,8.346999143152935,40.59870411,A192,_,00420,95
A192__00400.95,8.324059256649573,40.604116625,A192,_,00400,95
A192__00390.95,8.31898996269573,40.604681709999994,A192,_,00390,95
A192__00380.95,8.305398356113992,40.597023629999995,A192,_,00380,95
A192__00340.95,8.268635302268946,40.616204515,A192,_,00340,95
A192__00320.95,8.206249934571051,40.593557974999996,A192,_,00320,95
A192__00310.95,8.370077075184895,40.61221596,A192,_,00310,95
A192__00300.95,8.387704280598129,40.61251537,A192,_,00300,95
A192__00260.95,8.311605970926427,40.62014737,A192,_,00260,95
A192__00250.95,8.281553632236959,40.618308170000006,A192,_,00250,95
A192__00240.95,8.215746704947371,40.612333115,A192,_,00240,95
A192__00230.95,8.179781631758463,40.59662949,A192,_,00230,95
A192__00190.95,8.196324600512963,40.62257932,A192,_,00190,95
A192__00180.95,8.176370449268624,40.63508062,A192,_,00180,95
A192__00150.95,8.224914703127506,40.644332755,A192,_,00150,95
A192__00140.95,8.196963671474734,40.639292530000006,A192,_,00140,95
A192__00100.95,8.27586896906523,40.65885711,A192,_,00100,95
A192__00060.95,8.288426131708558,40.666172875,A192,_,00060,95
A192__00040.95,8.251900452648183,40.65850551,A192,_,00040,95
A192__00030.95,8.245767392900891,40.652114225000005,A192,_,00030,95
A192__00250.950,8.276694113534148,40.61879065,A192,_,00250,950
A192__00780.950,8.326621622764744,40.545468315,A192,_,00780,950
A192__00670.950,8.347494617861681,40.57082529,A192,_,00670,950
A192__00660.950,8.336503561633526,40.56368639,A192,_,00660,950
A192__00630.950,8.334722009870983,40.575966855000004,A192,_,00630,950
A192__0061.950,8.319223897494641,40.57265607,A192,_,0061,950
A192__00550.950,8.321829567287313,40.59028243,A192,_,00550,950
A192__00480.950,8.219025518950495,40.59201725,A192,_,00480,950
A192__00260.950,8.296311260039758,40.62294573,A192,_,00260,950
A192__00250.951,8.275613743197647,40.618210155,A192,_,00250,951
A192__00780.951,8.326496494283312,40.544956299999996,A192,_,00780,951
A192__00670.951,8.347261384149064,40.57134576,A192,_,00670,951
A192__00660.951,8.336300474450024,40.5638247,A192,_,00660,951
A192__0061.951,8.317945751391552,40.576744295,A192,_,0061,951
A192__00260.951,8.288696208224763,40.622773875,A192,_,00260,951
A192__00210.952,8.356553454959025,40.618725735,A192,_,00210,952
A192__00670.952,8.348189117367031,40.571276205000004,A192,_,00670,952
A192__0061.952,8.318202031684917,40.57639259,A192,_,0061,952
A192__00550.952,8.322155358053537,40.5857162,A192,_,00550,952
A192__00480.952,8.240386517480466,40.576845629999994,A192,_,00480,952
A192__00260.952,8.288562550227846,40.62220805,A192,_,00260,952
A192__00250.952,8.271755735574118,40.612096015,A192,_,00250,952
A192__00210.953,8.355968905637155,40.619375085,A192,_,00210,953
A192__00780.953,8.326149485412866,40.545409989999996,A192,_,00780,953
A192__00670.953,8.348648554451522,40.571578790000004,A192,_,00670,953
A192__00660.953,8.334462234716279,40.56351918,A192,_,00660,953
A192__00640.953,8.323713820572916,40.568464085,A192,_,00640,953
A192__00480.953,8.236611631933254,40.57892604,A192,_,00480,953
A192__00260.953,8.294811888024343,40.615736615,A192,_,00260,953
A192__00250.953,8.271499927657578,40.61216488,A192,_,00250,953
A192__00210.954,8.347860265136186,40.624334945,A192,_,00210,954
A192__00780.954,8.326602580236806,40.545558385,A192,_,00780,954
A192__00670.954,8.349220483559801,40.571783515,A192,_,00670,954
A192__00660.954,8.337756793065697,40.56767353,A192,_,00660,954
A192__00640.954,8.324529032936937,40.568309785,A192,_,00640,954
A192__00550.954,8.322291730184574,40.58368196,A192,_,00550,954
A192__00480.954,8.237077024192061,40.578962515,A192,_,00480,954
A192__00260.954,8.291773904953216,40.61761022,A192,_,00260,954
A192__00250.954,8.278666070109441,40.607647965,A192,_,00250,954
A192__00210.955,8.347514275745093,40.62419236,A192,_,00210,955
A192__00780.955,8.327205882257456,40.54391524,A192,_,00780,955
A192__00670.955,8.348024506199113,40.570466255,A192,_,00670,955
A192__00660.955,8.337888146249426,40.56766354,A192,_,00660,955
A192__00630.955,8.33363847875169,40.570145905000004,A192,_,00630,955
A192__00610.955,8.313755069572537,40.580007255,A192,_,00610,955
A192__00550.955,8.318514512711264,40.5817387,A192,_,00550,955
A192__00480.955,8.236819492670762,40.57899632,A192,_,00480,955
A192__00260.955,8.292320386468386,40.618422960000004,A192,_,00260,955
A192__00250.955,8.27931985982891,40.607746545,A192,_,00250,955
A192__00210.956,8.347926151286632,40.623744419999994,A192,_,00210,956
A192__00940.956,8.357317882435835,40.519571445,A192,_,00940,956
A192__00780.956,8.33806352734091,40.54171217,A192,_,00780,956
A192__00670.956,8.348329695607159,40.570574175000004,A192,_,00670,956
A192__00660.956,8.337895232828952,40.567671559999994,A192,_,00660,956
A192__00640.956,8.325135276119042,40.568140705000005,A192,_,00640,956
A192__00630.956,8.333500681357105,40.570402165,A192,_,00630,956
A192__00550.956,8.322214267655724,40.58361523000001,A192,_,00550,956
A192__00480.956,8.236788097091246,40.579160099999996,A192,_,00480,956
A192__00260.956,8.299269966212231,40.61889559,A192,_,00260,956
A192__00210.957,8.347654570852548,40.62365842,A192,_,00210,957
A192__00940.957,8.356929602161035,40.519765719999995,A192,_,00940,957
A192__00780.957,8.337773523080589,40.54167426,A192,_,00780,957
A192__00670.957,8.345608474247824,40.571677865,A192,_,00670,957
A192__00660.957,8.33781640936656,40.567762935000005,A192,_,00660,957
A192__00640.957,8.324075889251452,40.568052050000006,A192,_,00640,957
A192__00630.957,8.33359220728652,40.570337914999996,A192,_,00630,957
A192__00610.957,8.317180650462438,40.581642155,A192,_,00610,957
A192__00550.957,8.322607429836166,40.582119675,A192,_,00550,957
A192__00480.957,8.22715194717907,40.58880458,A192,_,00480,957
A192__00260.957,8.300818183474304,40.617984905,A192,_,00260,957
A192__00260.958,8.302712629413993,40.616103645,A192,_,00260,958
A192__00940.958,8.357325437435659,40.519824305,A192,_,00940,958
A192__00780.958,8.331875964195131,40.547519675000004,A192,_,00780,958
A192__00670.958,8.345404800314183,40.571541159999995,A192,_,00670,958
A192__00660.958,8.3379081554781,40.567769645,A192,_,00660,958
A192__00640.958,8.324999303882272,40.56712286,A192,_,00640,958
A192__00630.958,8.33315907065847,40.570099170000006,A192,_,00630,958
A192__0061.958,8.318222967938535,40.57459281,A192,_,0061,958
A192__00550.958,8.326003821439068,40.589810205000006,A192,_,00550,958
A192__00490.958,8.262618282212737,40.590529520000004,A192,_,00490,958
A192__00260.959,8.303255617798413,40.615980275,A192,_,00260,959
A192__00940.959,8.357365079000871,40.51981629,A192,_,00940,959
A192__00780.959,8.328567588730666,40.546950205,A192,_,00780,959
A192__00670.959,8.345583879052247,40.57063405,A192,_,00670,959
A192__00660.959,8.337863628243635,40.567614015000004,A192,_,00660,959
A192__00640.959,8.324116566685571,40.566855434999994,A192,_,00640,959
A192__00630.959,8.334047499581784,40.57633072,A192,_,00630,959
A192__00550.959,8.31998434607554,40.588920380000005,A192,_,00550,959
A192__00490.959,8.262696320906983,40.590082505,A192,_,00490,959
A192__00480.959,8.238064883896147,40.58521825,A192,_,00480,959
A192__00020.96,8.190519486741557,40.65920912,A192,_,00020,96
A192__00970.96,8.314163692884502,40.559047975,A192,_,00970,96
A192__00960.96,8.367002680480406,40.50765237,A192,_,00960,96
A192__00950.96,8.352460309337342,40.51505698,A192,_,00950,96
A192__00940.96,8.355482547588283,40.50721323,A192,_,00940,96
A192__00930.96,8.338042779437869,40.517601495,A192,_,00930,96
A192__00900.96,8.35732000336796,40.532342925,A192,_,00900,96
A192__00880.96,8.346497930281865,40.521151995,A192,_,00880,96
A192__00870.96,8.330657003947461,40.5257894,A192,_,00870,96
A192__00860.96,8.364331847092558,40.54093468,A192,_,00860,96
A192__00850.96,8.343898908008647,40.53100601,A192,_,00850,96
A192__00840.96,8.328673384391912,40.535017265,A192,_,00840,96
A192__00790.96,8.345233876496732,40.543466255,A192,_,00790,96
A192__00780.96,8.331340935781895,40.54622743,A192,_,00780,96
A192__00750.96,8.36916950614038,40.554814675,A192,_,00750,96
A192__00700.96,8.403282000001493,40.576856840000005,A192,_,00700,96
A192__00680.96,8.35256340118838,40.571532434999995,A192,_,00680,96
A192__00670.96,8.34330698851196,40.567758165,A192,_,00670,96
A192__00660.96,8.328631251183044,40.561150455,A192,_,00660,96
A192__00620.96,8.323614665651814,40.572522315,A192,_,00620,96
A192__00600.96,8.347359814499251,40.57357587,A192,_,00600,96
A192__00580.96,8.361365153640104,40.5870489,A192,_,00580,96
A192__00560.96,8.32202948906059,40.57703086,A192,_,00560,96
A192__00550.96,8.323178955265423,40.58872373,A192,_,00550,96
A192__00540.96,8.347425627506796,40.597440629999994,A192,_,00540,96
A192__00530.96,8.333761335698899,40.594668995,A192,_,00530,96
A192__00520.96,8.327483310817662,40.593034995,A192,_,00520,96
A192__0049.96,8.286044250888102,40.593699215,A192,_,0049,96
A192__00470.96,8.197769900402017,40.57571824,A192,_,00470,96
A192__00450.96,8.168698738885103,40.584119584999996,A192,_,00450,96
A192__00440.96,8.37872461973739,40.599247035,A192,_,00440,96
A192__00420.96,8.347021578307857,40.598916325,A192,_,00420,96
A192__00380.96,8.304369581567546,40.59680565,A192,_,00380,96
A192__00360.96,8.290405216253813,40.60508882,A192,_,00360,96
A192__00350.96,8.264786847791662,40.59873577,A192,_,00350,96
A192__00340.96,8.265207304998476,40.616591119999995,A192,_,00340,96
A192__00320.96,8.206253752222267,40.593779335,A192,_,00320,96
A192__00310.96,8.37352097847251,40.60901559,A192,_,00310,96
A192__00300.96,8.387878800918035,40.612428754999996,A192,_,00300,96
A192__00290.96,8.380630542392865,40.615683395,A192,_,00290,96
A192__00280.96,8.368590540891443,40.620675555000005,A192,_,00280,96
A192__00270.96,8.351115669333911,40.613144055,A192,_,00270,96
A192__00260.96,8.304770674239109,40.620277204999994,A192,_,00260,96
A192__00240.96,8.215900857079951,40.611735915,A192,_,00240,96
A192__00230.96,8.181197945628838,40.59747264,A192,_,00230,96
A192__00180.96,8.176229459598227,40.634797315,A192,_,00180,96
A192__00170.96,8.309223920075679,40.632693329999995,A192,_,00170,96
A192__00150.96,8.22448091157396,40.64382479,A192,_,00150,96
A192__00140.96,8.196204664224446,40.639821905000005,A192,_,00140,96
A192__00100.96,8.276597612159886,40.659018540000005,A192,_,00100,96
A192__00070.96,8.327202415327687,40.659057204999996,A192,_,00070,96
A192__00060.96,8.289074864776786,40.666288905,A192,_,00060,96
A192__00030.96,8.245073130828413,40.649762565,A192,_,00030,96
A192__00210.960,8.35663560185355,40.62566011,A192,_,00210,960
A192__00940.960,8.35763514708281,40.520286315,A192,_,00940,960
A192__00670.960,8.346100464636852,40.57096717,A192,_,00670,960
A192__00660.960,8.337935931219592,40.567632265,A192,_,00660,960
A192__00640.960,8.325766512047991,40.56761064,A192,_,00640,960
A192__00630.960,8.334002653441999,40.57682302,A192,_,00630,960
A192__00550.960,8.31998312302768,40.58875816,A192,_,00550,960
A192__00480.960,8.237972116623677,40.585348435,A192,_,00480,960
A192__00260.960,8.321950028705798,40.619837755,A192,_,00260,960
A192__00210.961,8.357162312869708,40.626155945,A192,_,00210,961
A192__00940.961,8.357730211289258,40.51995542,A192,_,00940,961
A192__00670.961,8.343096247387038,40.566199095,A192,_,00670,961
A192__00640.961,8.325432271437698,40.567710805,A192,_,00640,961
A192__00630.961,8.334216293916736,40.576629615,A192,_,00630,961
A192__00550.961,8.321994398724277,40.58368431,A192,_,00550,961
A192__0049.961,8.281940134542145,40.5915078,A192,_,0049,961
A192__00480.961,8.2273192700184,40.58880458,A192,_,00480,961
A192__00210.962,8.358224966170035,40.626429425,A192,_,00210,962
A192__00940.962,8.35639306604827,40.512933849999996,A192,_,00940,962
A192__00660.962,8.328964622225161,40.56432976,A192,_,00660,962
A192__00640.962,8.331804478085823,40.568177735,A192,_,00640,962
A192__00490.962,8.255833862953857,40.58607437,A192,_,00490,962
A192__00480.962,8.226963365825135,40.58837264,A192,_,00480,962
A192__00260.962,8.315904801710118,40.61737307,A192,_,00260,962
A192__00210.963,8.354569874118589,40.626283205,A192,_,00210,963
A192__00670.963,8.341834629095594,40.567510215,A192,_,00670,963
A192__00640.963,8.331701152280687,40.56813703,A192,_,00640,963
A192__00630.963,8.334560500709005,40.576258370000005,A192,_,00630,963
A192__00490.963,8.256142934804808,40.58631826,A192,_,00490,963
A192__00260.963,8.315910247276868,40.618382375,A192,_,00260,963
A192__00210.964,8.355581375505547,40.626846445,A192,_,00210,964
A192__00940.964,8.354298935428762,40.50772873,A192,_,00940,964
A192__00780.964,8.328570412842339,40.546878535000005,A192,_,00780,964
A192__00670.964,8.34241642230634,40.567515045,A192,_,00670,964
A192__00660.964,8.330634750751244,40.559802495,A192,_,00660,964
A192__00640.964,8.33176253880576,40.568542035,A192,_,00640,964
A192__00630.964,8.334842694431678,40.576311525,A192,_,00630,964
A192__0061.964,8.318489031596442,40.571413925,A192,_,0061,964
A192__00550.964,8.322551898211156,40.583893489999994,A192,_,00550,964
A192__00490.964,8.255750909600192,40.585723375,A192,_,00490,964
A192__00260.964,8.29713020653579,40.62268521,A192,_,00260,964
A192__00210.965,8.356871091490701,40.62737468,A192,_,00210,965
A192__00940.965,8.354025619079778,40.507892815000005,A192,_,00940,965
A192__00780.965,8.330963930909636,40.547358805,A192,_,00780,965
A192__00660.965,8.330279384683767,40.559955685,A192,_,00660,965
A192__00640.965,8.331509264452894,40.56842643,A192,_,00640,965
A192__00610.965,8.314471232719978,40.580106665,A192,_,00610,965
A192__00550.965,8.320558237356948,40.58044063,A192,_,00550,965
A192__00480.965,8.240119064999998,40.592028875,A192,_,00480,965
A192__00210.966,8.339532640489573,40.624961955,A192,_,00210,966
A192__00940.966,8.358129985772102,40.50818439,A192,_,00940,966
A192__00780.966,8.33129917314513,40.54732388,A192,_,00780,966
A192__00660.966,8.330453982095769,40.56006357,A192,_,00660,966
A192__00640.966,8.33162807741644,40.568645430000004,A192,_,00640,966
A192__00630.966,8.33499372577976,40.57615423,A192,_,00630,966
A192__00610.966,8.315014830908252,40.580287275,A192,_,00610,966
A192__00550.966,8.320540282107864,40.58021912,A192,_,00550,966
A192__00490.966,8.253670390000003,40.589378915,A192,_,00490,966
A192__00480.966,8.241191084999999,40.591883714999994,A192,_,00480,966
A192__00210.967,8.339649643562339,40.62492844,A192,_,00210,967
A192__00780.967,8.329624066374766,40.548914545,A192,_,00780,967
A192__00640.967,8.331377006837693,40.56845791,A192,_,00640,967
A192__00630.967,8.334850112335262,40.576088045,A192,_,00630,967
A192__00610.967,8.31465623272781,40.580026895,A192,_,00610,967
A192__00550.967,8.32027253652403,40.58095804,A192,_,00550,967
A192__00480.967,8.224168195277663,40.59070474,A192,_,00480,967
A192__00260.967,8.298358488211932,40.623493365,A192,_,00260,967
A192__00490.968,8.255994409172848,40.589880445,A192,_,00490,968
A192__00940.968,8.359792020192657,40.51693593500001,A192,_,00940,968
A192__00780.968,8.3324407328887,40.54727516,A192,_,00780,968
A192__00640.968,8.33148854912685,40.568725279999995,A192,_,00640,968
A192__00610.968,8.314988033169875,40.580153725,A192,_,00610,968
A192__00550.968,8.320738374855242,40.581668730000004,A192,_,00550,968
A192__00260.969,8.288021206091496,40.621018055,A192,_,00260,969
A192__00940.969,8.35457822615421,40.517460325,A192,_,00940,969
A192__00780.969,8.332011916410297,40.54701614,A192,_,00780,969
A192__00640.969,8.331409202470333,40.568848895,A192,_,00640,969
A192__00630.969,8.338163405313303,40.56963631,A192,_,00630,969
A192__00610.969,8.316694319895472,40.5805347,A192,_,00610,969
A192__00550.969,8.32098119917913,40.580599925,A192,_,00550,969
A192__00490.969,8.25612285109304,40.58996876,A192,_,00490,969
A192__00480.969,8.224143338227362,40.59055668,A192,_,00480,969
A192__00020.97,8.191048351257125,40.65949516,A192,_,00020,97
A192__00950.97,8.353269462813898,40.515847480000005,A192,_,00950,97
A192__00930.97,8.339870522958652,40.523055555,A192,_,00930,97
A192__00900.97,8.357744006379056,40.533439815,A192,_,00900,97
A192__00890.97,8.352827045548775,40.528961255,A192,_,00890,97
A192__00880.97,8.346963053689503,40.52070459,A192,_,00880,97
A192__00860.97,8.365471561886947,40.54056899,A192,_,00860,97
A192__00840.97,8.329862999610256,40.53451169,A192,_,00840,97
A192__00790.97,8.344691053845121,40.543520889999996,A192,_,00790,97
A192__00780.97,8.33963410577191,40.540901375000004,A192,_,00780,97
A192__0077.97,8.327858963506873,40.55200325,A192,_,0077,97
A192__00750.97,8.362731886437746,40.561151715,A192,_,00750,97
A192__00740.97,8.356315423899172,40.55357793,A192,_,00740,97
A192__00730.97,8.347335612205296,40.55516417,A192,_,00730,97
A192__00720.97,8.337722173350077,40.56031435,A192,_,00720,97
A192__00700.97,8.40288537734784,40.576455675,A192,_,00700,97
A192__00680.97,8.355286614993428,40.57069506,A192,_,00680,97
A192__00670.97,8.336856752565414,40.561765230000006,A192,_,00670,97
A192__00620.97,8.323881361159867,40.572696735,A192,_,00620,97
A192__00600.97,8.344815026765158,40.57349833,A192,_,00600,97
A192__00580.97,8.361000594868756,40.5866989,A192,_,00580,97
A192__00570.97,8.354300912620847,40.589970015,A192,_,00570,97
A192__00560.97,8.323309156085017,40.57951602999999,A192,_,00560,97
A192__00540.97,8.348434886739128,40.597545955,A192,_,00540,97
A192__00530.97,8.333786886268417,40.594416005,A192,_,00530,97
A192__00520.97,8.32728768798857,40.59303932,A192,_,00520,97
A192__00510.97,8.316600028497717,40.59765657,A192,_,00510,97
A192__0049.97,8.284079076336658,40.592000205000005,A192,_,0049,97
A192__00480.97,8.22187465280495,40.5891174,A192,_,00480,97
A192__00470.97,8.197870334082202,40.576143814999995,A192,_,00470,97
A192__00450.97,8.170104419915598,40.585185179999996,A192,_,00450,97
A192__00440.97,8.37846209475535,40.598709674999995,A192,_,00440,97
A192__00420.97,8.345369983781511,40.59855157,A192,_,00420,97
A192__00390.97,8.317287197876716,40.60559356,A192,_,00390,97
A192__00380.97,8.30486475692646,40.597379950000004,A192,_,00380,97
A192__00360.97,8.29436225524649,40.605278865,A192,_,00360,97
A192__00350.97,8.264545941585649,40.598725605,A192,_,00350,97
A192__00320.97,8.205909974898454,40.59350445,A192,_,00320,97
A192__00310.97,8.378680722340295,40.60931884,A192,_,00310,97
A192__00300.97,8.387032655000006,40.612027545000004,A192,_,00300,97
A192__00290.97,8.388979809582885,40.61516674,A192,_,00290,97
A192__00280.97,8.36793364447922,40.62102147,A192,_,00280,97
A192__00270.97,8.352528355962708,40.6122841,A192,_,00270,97
A192__00260.97,8.302436185672839,40.620341185,A192,_,00260,97
A192__00240.97,8.223019897328289,40.612604895000004,A192,_,00240,97
A192__00230.97,8.181564136921724,40.597736525,A192,_,00230,97
A192__00190.97,8.208186618894096,40.62075368,A192,_,00190,97
A192__00180.97,8.173159324572072,40.63395894,A192,_,00180,97
A192__00170.97,8.310981980714715,40.633015285,A192,_,00170,97
A192__00150.97,8.224859272380879,40.643962495,A192,_,00150,97
A192__00140.97,8.195575497220569,40.63993668,A192,_,00140,97
A192__00100.97,8.269222461515145,40.65776434,A192,_,00100,97
A192__00060.97,8.289834217696676,40.66585268,A192,_,00060,97
A192__00030.97,8.240754882222419,40.648954270000004,A192,_,00030,97
A192__00210.970,8.33906059334122,40.61953793,A192,_,00210,970
A192__00780.970,8.334263313502667,40.54755444,A192,_,00780,970
A192__00660.970,8.329938111735817,40.56007718,A192,_,00660,970
A192__00640.970,8.331689474662921,40.56885267,A192,_,00640,970
A192__00630.970,8.334168051891098,40.575780089999995,A192,_,00630,970
A192__00610.970,8.31603911757895,40.57995522,A192,_,00610,970
A192__00550.970,8.320741094495737,40.58071681,A192,_,00550,970
A192__00490.970,8.256009001216576,40.590026585000004,A192,_,00490,970
A192__00480.970,8.22431676780361,40.59075396,A192,_,00480,970
A192__00210.971,8.339157024860743,40.619629814999996,A192,_,00210,971
A192__00940.971,8.354811064598142,40.517578920000005,A192,_,00940,971
A192__00780.971,8.33414085701476,40.547253285,A192,_,00780,971
A192__00660.971,8.3303506596728,40.5602115,A192,_,00660,971
A192__00640.971,8.331695874834008,40.56908251,A192,_,00640,971
A192__00630.971,8.333700754810199,40.576123865,A192,_,00630,971
A192__00610.971,8.31666874456881,40.580137685,A192,_,00610,971
A192__0049.971,8.284402349360747,40.5910573,A192,_,0049,971
A192__00260.971,8.295364697592042,40.623819355,A192,_,00260,971
A192__00210.972,8.33939349298845,40.619629814999996,A192,_,00210,972
A192__00940.972,8.35430232252412,40.517289145,A192,_,00940,972
A192__00780.972,8.333950269642001,40.54758979,A192,_,00780,972
A192__00640.972,8.33193011457276,40.5689248,A192,_,00640,972
A192__00630.972,8.340831401961381,40.57281336,A192,_,00630,972
A192__00610.972,8.317093809829702,40.58043397,A192,_,00610,972
A192__00550.972,8.322859303350082,40.583429105,A192,_,00550,972
A192__0049.972,8.284552316636365,40.591135019999996,A192,_,0049,972
A192__00260.972,8.295977516572835,40.62384438,A192,_,00260,972
A192__00210.973,8.33993643743593,40.619505585,A192,_,00210,973
A192__00940.973,8.357187777061469,40.521958275,A192,_,00940,973
A192__00780.973,8.334086435007709,40.547254165,A192,_,00780,973
A192__00660.973,8.32999051497641,40.55999123,A192,_,00660,973
A192__00640.973,8.33195881314175,40.569090105,A192,_,00640,973
A192__00630.973,8.329569083090433,40.572036495000006,A192,_,00630,973
A192__00490.973,8.263330781828738,40.591596915,A192,_,00490,973
A192__00480.973,8.226961394709129,40.58969759,A192,_,00480,973
A192__00260.973,8.29663476681994,40.623898715,A192,_,00260,973
A192__00260.974,8.29640234809348,40.624238735,A192,_,00260,974
A192__00940.974,8.357188305165458,40.52157264,A192,_,00940,974
A192__00780.974,8.330786914682701,40.548936685,A192,_,00780,974
A192__00640.974,8.332103209617042,40.56888113,A192,_,00640,974
A192__00630.974,8.333991737992841,40.56917756,A192,_,00630,974
A192__00490.974,8.263876531569743,40.589695500000005,A192,_,00490,974
A192__00210.975,8.338414371266001,40.61940372,A192,_,00210,975
A192__00940.975,8.35758529936849,40.521662725,A192,_,00940,975
A192__00780.975,8.331163359893143,40.548936685,A192,_,00780,975
A192__00640.975,8.3321332696437,40.56905641,A192,_,00640,975
A192__00630.975,8.333087842771278,40.5695887,A192,_,00630,975
A192__00550.975,8.322852189220917,40.58333044,A192,_,00550,975
A192__00490.975,8.25055055548499,40.590622100000004,A192,_,00490,975
A192__00480.975,8.22255988664004,40.58746849,A192,_,00480,975
A192__00260.975,8.295829666656315,40.624285795,A192,_,00260,975
A192__00210.976,8.33869673614667,40.61950949,A192,_,00210,976
A192__00940.976,8.35726630956259,40.521521925,A192,_,00940,976
A192__00780.976,8.335783065986043,40.544731299999995,A192,_,00780,976
A192__00640.976,8.33191770352981,40.56803205,A192,_,00640,976
A192__00630.976,8.334281403479334,40.57068148,A192,_,00630,976
A192__00610.976,8.31722689045628,40.58046908,A192,_,00610,976
A192__00550.976,8.32331261469789,40.58538441,A192,_,00550,976
A192__00490.976,8.264239761333831,40.590381485,A192,_,00490,976
A192__00260.976,8.312514372975656,40.617305634999994,A192,_,00260,976
A192__00260.977,8.312790042732772,40.61730109,A192,_,00260,977
A192__00940.977,8.356303773123557,40.515785285,A192,_,00940,977
A192__00780.977,8.335727483613198,40.544322005,A192,_,00780,977
A192__00640.977,8.331875117751157,40.567950780000004,A192,_,00640,977
A192__00630.977,8.3349017232952,40.57066573,A192,_,00630,977
A192__00490.977,8.246759979180862,40.577100720000004,A192,_,00490,977
A192__00480.977,8.240554694870815,40.587666555,A192,_,00480,977
A192__00480.978,8.239910545204136,40.58767152,A192,_,00480,978
A192__00640.978,8.33148579892812,40.568620214999996,A192,_,00640,978
A192__00630.978,8.334773620021693,40.570491945,A192,_,00630,978
A192__00550.978,8.324969106366893,40.589813795,A192,_,00550,978
A192__00210.979,8.35572661224987,40.63308867,A192,_,00210,979
A192__00940.979,8.35593733173459,40.521853985,A192,_,00940,979
A192__00640.979,8.331442939890536,40.568580964999995,A192,_,00640,979
A192__00630.979,8.335553624169712,40.572469285,A192,_,00630,979
A192__00550.979,8.322763217409257,40.585499705000004,A192,_,00550,979
A192__00490.979,8.246572760805783,40.577117799999996,A192,_,00490,979
A192__00480.979,8.226587209728528,40.59084652,A192,_,00480,979
A192__00020.98,8.190839021545965,40.659467065,A192,_,00020,98
A192__00970.98,8.31429909118619,40.55898354,A192,_,00970,98
A192__00960.98,8.376204694082936,40.518127885,A192,_,00960,98
A192__00950.98,8.35341770745201,40.51592524,A192,_,00950,98
A192__00940.98,8.356672882329008,40.509161774999995,A192,_,00940,98
A192__00930.98,8.339763042470498,40.522620175,A192,_,00930,98
A192__00900.98,8.35711556621278,40.532456395,A192,_,00900,98
A192__00880.98,8.347116254178665,40.522245555,A192,_,00880,98
A192__00870.98,8.333070406493906,40.52443128,A192,_,00870,98
A192__00860.98,8.365856444255613,40.5397955,A192,_,00860,98
A192__00790.98,8.344979284045547,40.543518860000006,A192,_,00790,98
A192__00780.98,8.330828829520303,40.54613626,A192,_,00780,98
A192__0077.98,8.327849693676178,40.551320759999996,A192,_,0077,98
A192__00750.98,8.36639771676893,40.55518844,A192,_,00750,98
A192__00740.98,8.356218533327041,40.553393334999996,A192,_,00740,98
A192__00730.98,8.348168634085056,40.55485046,A192,_,00730,98
A192__00700.98,8.402627947528405,40.57698071,A192,_,00700,98
A192__00680.98,8.355434029780477,40.57045617,A192,_,00680,98
A192__00670.98,8.34193844454175,40.563060525,A192,_,00670,98
A192__0064.98,8.320498160359051,40.564185765000005,A192,_,0064,98
A192__00630.98,8.338139146710596,40.57120302,A192,_,00630,98
A192__00600.98,8.343975084066068,40.574019515,A192,_,00600,98
A192__00580.98,8.362253036271262,40.586841675,A192,_,00580,98
A192__00570.98,8.354805265304382,40.590279929999994,A192,_,00570,98
A192__00540.98,8.34808673364235,40.596429889999996,A192,_,00540,98
A192__00530.98,8.334628390790158,40.59384411,A192,_,00530,98
A192__00520.98,8.327701740851984,40.59346438,A192,_,00520,98
A192__00510.98,8.320334940011477,40.595055895,A192,_,00510,98
A192__0049.98,8.284372490411307,40.591921084999996,A192,_,0049,98
A192__00470.98,8.198035746753067,40.575386795,A192,_,00470,98
A192__00450.98,8.169078600781948,40.586780344999994,A192,_,00450,98
A192__00440.98,8.378258409033986,40.598476585,A192,_,00440,98
A192__00420.98,8.345559382698038,40.598566495,A192,_,00420,98
A192__00400.98,8.32827333928978,40.60844503,A192,_,00400,98
A192__00390.98,8.316515285901556,40.60609013,A192,_,00390,98
A192__00380.98,8.305834404293876,40.59574945,A192,_,00380,98
A192__00360.98,8.296951410402043,40.60537796,A192,_,00360,98
A192__00350.98,8.264317654187082,40.598679045,A192,_,00350,98
A192__00340.98,8.265235148844141,40.616484615000005,A192,_,00340,98
A192__00320.98,8.205868135573205,40.593724295,A192,_,00320,98
A192__00310.98,8.37687015903085,40.60957243,A192,_,00310,98
A192__00300.98,8.387199656007013,40.612129805,A192,_,00300,98
A192__00290.98,8.388768826853273,40.62128318,A192,_,00290,98
A192__00280.98,8.368999268975095,40.620892035,A192,_,00280,98
A192__00270.98,8.352469089203991,40.61261613,A192,_,00270,98
A192__00240.98,8.226654985675754,40.60941735,A192,_,00240,98
A192__00230.98,8.181942609351644,40.59830453,A192,_,00230,98
A192__00190.98,8.205147668517492,40.61807209,A192,_,00190,98
A192__00180.98,8.172970964609107,40.63393672,A192,_,00180,98
A192__00150.98,8.224354390215284,40.643047765,A192,_,00150,98
A192__00140.98,8.196421215810503,40.640313969999994,A192,_,00140,98
A192__00040.98,8.24901687542153,40.659174185,A192,_,00040,98
A192__00030.98,8.238326648845849,40.649258114999995,A192,_,00030,98
A192__00210.980,8.355729130736389,40.633196025000004,A192,_,00210,980
A192__00660.980,8.32985603778469,40.560211710000004,A192,_,00660,980
A192__00640.980,8.331419117494793,40.568710055,A192,_,00640,980
A192__00630.980,8.335338554498609,40.57260674,A192,_,00630,980
A192__00490.981,8.24655703693382,40.577174875,A192,_,00490,981
A192__00940.981,8.360045419136092,40.51386627,A192,_,00940,981
A192__00660.981,8.330256214367264,40.56034717,A192,_,00660,981
A192__00640.981,8.331362028549142,40.568760435,A192,_,00640,981
A192__00630.981,8.335404981319543,40.572352914999996,A192,_,00630,981
A192__00610.981,8.316227801080993,40.579794175,A192,_,00610,981
A192__00550.981,8.322957891808521,40.585456545,A192,_,00550,981
A192__00210.982,8.338356365710712,40.621884385,A192,_,00210,982
A192__0071.982,8.322939384862376,40.55636753,A192,_,0071,982
A192__00640.982,8.332105970925454,40.56868153,A192,_,00640,982
A192__00490.982,8.24664682967881,40.577328120000004,A192,_,00490,982
A192__00480.982,8.229658978019415,40.593093095,A192,_,00480,982
A192__00210.983,8.33982730605057,40.62117773,A192,_,00210,983
A192__00660.983,8.330404510895601,40.560137194999996,A192,_,00660,983
A192__00640.983,8.331412787576195,40.568896795,A192,_,00640,983
A192__00630.983,8.333379420177796,40.572029,A192,_,00630,983
A192__00610.983,8.316294793825989,40.57975524,A192,_,00610,983
A192__00550.983,8.320936403222298,40.589710575,A192,_,00550,983
A192__00490.983,8.246099254854524,40.57731716,A192,_,00490,983
A192__00480.983,8.229964657046203,40.593988535,A192,_,00480,983
A192__00480.984,8.245005832329124,40.58596514,A192,_,00480,984
A192__0064.984,8.321449170253288,40.562509899999995,A192,_,0064,984
A192__00630.984,8.33364748657803,40.572138905,A192,_,00630,984
A192__00610.984,8.316602373221476,40.579349305,A192,_,00610,984
A192__00490.984,8.246719489536952,40.577304805,A192,_,00490,984
A192__00480.985,8.245121628732303,40.586418705,A192,_,00480,985
A192__00660.985,8.329690711394562,40.56402490000001,A192,_,00660,985
A192__00630.985,8.33260950962077,40.575043664999995,A192,_,00630,985
A192__00490.985,8.246720966107484,40.577371055,A192,_,00490,985
A192__00210.986,8.353679503980182,40.62078802,A192,_,00210,986
A192__00660.986,8.330298450863243,40.563394525,A192,_,00660,986
A192__00630.986,8.332451916348864,40.574992305,A192,_,00630,986
A192__00550.986,8.320956671005874,40.580135049999996,A192,_,00550,986
A192__00490.986,8.246794027979952,40.57736988,A192,_,00490,986
A192__00480.986,8.245238491501727,40.586870160000004,A192,_,00480,986
A192__00480.987,8.245356005931061,40.587323305,A192,_,00480,987
A192__00660.987,8.330449180585482,40.56317799999999,A192,_,00660,987
A192__00630.987,8.332682266851396,40.574765405,A192,_,00630,987
A192__00550.987,8.320928854886638,40.580231935,A192,_,00550,987
A192__00490.987,8.246589079523222,40.57749688,A192,_,00490,987
A192__00480.988,8.240959934054207,40.58951294,A192,_,00480,988
A192__00780.988,8.336945062218014,40.541624885000004,A192,_,00780,988
A192__00630.988,8.332594518091987,40.57462402,A192,_,00630,988
A192__00610.988,8.317921983788516,40.57918439,A192,_,00610,988
A192__00550.988,8.32264049387755,40.58304032,A192,_,00550,988
A192__00490.988,8.246295990320746,40.57759362,A192,_,00490,988
A192__00210.989,8.3265066819847,40.624230874999995,A192,_,00210,989
A192__00780.989,8.3369603225904,40.541491934999996,A192,_,00780,989
A192__00660.989,8.333845440911624,40.5664189,A192,_,00660,989
A192__00550.989,8.324190989353331,40.585382705,A192,_,00550,989
A192__00490.989,8.253117910527438,40.589434215,A192,_,00490,989
A192__00480.989,8.241639271810113,40.58977243,A192,_,00480,989
A192__00020.99,8.19129600124683,40.659718444999996,A192,_,00020,99
A192__00970.99,8.314275065147068,40.559023625,A192,_,00970,99
A192__00950.99,8.352977081859724,40.518055935,A192,_,00950,99
A192__00940.99,8.356019286973599,40.508945745,A192,_,00940,99
A192__00930.99,8.342720995225346,40.519510679999996,A192,_,00930,99
A192__00900.99,8.363563419403837,40.534223159999996,A192,_,00900,99
A192__00870.99,8.33661933909435,40.526184470000004,A192,_,00870,99
A192__00860.99,8.365643955316331,40.539166245000004,A192,_,00860,99
A192__00800.99,8.358849317175679,40.543562385,A192,_,00800,99
A192__00750.99,8.368431477823197,40.55434688,A192,_,00750,99
A192__0071.99,8.321236601247904,40.554368715,A192,_,0071,99
A192__00700.99,8.40221681619812,40.57756015,A192,_,00700,99
A192__00660.99,8.33100228345549,40.560936935,A192,_,00660,99
A192__00630.99,8.332185301994343,40.569971894999995,A192,_,00630,99
A192__00620.99,8.322509876519124,40.57226284,A192,_,00620,99
A192__0061.99,8.320220534790804,40.57333742,A192,_,0061,99
A192__00600.99,8.342638600645394,40.573405955,A192,_,00600,99
A192__00570.99,8.347527985647336,40.588918075,A192,_,00570,99
A192__00550.99,8.31786288528227,40.583155794999996,A192,_,00550,99
A192__00510.99,8.31699995135286,40.59704114,A192,_,00510,99
A192__00470.99,8.19812996743374,40.57643559,A192,_,00470,99
A192__00400.99,8.326359919813768,40.60693671,A192,_,00400,99
A192__00390.99,8.316406373771592,40.605698485,A192,_,00390,99
A192__00350.99,8.264080078298676,40.59864846,A192,_,00350,99
A192__00340.99,8.268133514525417,40.61617204,A192,_,00340,99
A192__00320.99,8.207575786984005,40.593069565,A192,_,00320,99
A192__00310.99,8.376301383060218,40.609758445,A192,_,00310,99
A192__00300.99,8.387354819720308,40.611959495,A192,_,00300,99
A192__00290.99,8.38931053212293,40.62194899,A192,_,00290,99
A192__00280.99,8.369561914187738,40.620872765,A192,_,00280,99
A192__00270.99,8.352405035804384,40.61293748,A192,_,00270,99
A192__00240.99,8.213817401383022,40.61544338,A192,_,00240,99
A192__00230.99,8.183054886124143,40.60215315,A192,_,00230,99
A192__00180.99,8.172836187600911,40.633939295,A192,_,00180,99
A192__00160.99,8.271681064607726,40.626522335000004,A192,_,00160,99
A192__00150.99,8.224509182442706,40.64308955,A192,_,00150,99
A192__00140.99,8.196207553766616,40.64037981,A192,_,00140,99
A192__00080.99,8.319901651959132,40.654349554999996,A192,_,00080,99
A192__00070.99,8.32617284051138,40.65940343,A192,_,00070,99
A192__00040.99,8.251882486261865,40.660031785,A192,_,00040,99
A192__00030.99,8.235209848479801,40.649668735,A192,_,00030,99
A192__00210.990,8.353147645608217,40.619527309999995,A192,_,00210,990
A192__00780.990,8.324951114461662,40.544576515,A192,_,00780,990
A192__00660.990,8.334122796222257,40.5664189,A192,_,00660,990
A192__00630.990,8.331573080135993,40.575312870000005,A192,_,00630,990
A192__00550.990,8.324097899053413,40.58549711,A192,_,00550,990
A192__00490.990,8.253854755621942,40.589260620000005,A192,_,00490,990
A192__00210.991,8.352170592498323,40.618551335,A192,_,00210,991
A192__00630.991,8.331691760895293,40.575133065,A192,_,00630,991
A192__00550.991,8.323977925414162,40.585557985,A192,_,00550,991
A192__0049.991,8.285338148318285,40.59323045,A192,_,0049,991
A192__00480.991,8.23633319417159,40.58471561,A192,_,00480,991
A192__00210.992,8.352544045801828,40.61853068,A192,_,00210,992
A192__00780.992,8.324451071956569,40.543164860000005,A192,_,00780,992
A192__00550.992,8.323860976472734,40.58561606,A192,_,00550,992
A192__00480.992,8.236182322385986,40.584788085,A192,_,00480,992
A192__00480.993,8.236086377434335,40.584859449999996,A192,_,00480,993
A192__00780.993,8.323467273126337,40.54479542,A192,_,00780,993
A192__00660.993,8.327185688685965,40.561657295,A192,_,00660,993
A192__00550.993,8.323747339713169,40.58567289,A192,_,00550,993
A192__00210.994,8.34907482226243,40.6215756,A192,_,00210,994
A192__00630.994,8.333347641137141,40.573485125000005,A192,_,00630,994
A192__00610.994,8.318426337880993,40.578772650000005,A192,_,00610,994
A192__00550.994,8.323636896518728,40.58572555,A192,_,00550,994
A192__00480.994,8.223593008090038,40.596265545,A192,_,00480,994
A192__00210.995,8.349298231978192,40.621613104999994,A192,_,00210,995
A192__00780.995,8.325098080818176,40.544580010000004,A192,_,00780,995
A192__00630.995,8.333471152029372,40.57371051,A192,_,00630,995
A192__00550.995,8.32285554288267,40.58317703,A192,_,00550,995
A192__00480.995,8.223545029573998,40.59575923,A192,_,00480,995
A192__00210.996,8.35542687460111,40.623328955,A192,_,00210,996
A192__00780.996,8.32864853852318,40.54746584,A192,_,00780,996
A192__00630.996,8.333240910292924,40.572879465,A192,_,00630,996
A192__00610.996,8.318605749174399,40.57959762,A192,_,00610,996
A192__00550.996,8.321770726941361,40.58919436,A192,_,00550,996
A192__00480.996,8.231143579496425,40.5909684,A192,_,00480,996
A192__00210.997,8.356549037250907,40.622975015,A192,_,00210,997
A192__00610.997,8.31851299634219,40.579503515,A192,_,00610,997
A192__00550.997,8.321411023754845,40.589361705,A192,_,00550,997
A192__00480.997,8.228692920859539,40.59162605,A192,_,00480,997
A192__00210.998,8.357889282323772,40.622934485,A192,_,00210,998
A192__00630.998,8.332182299007295,40.575687155,A192,_,00630,998
A192__00610.998,8.318423211128806,40.579373849999996,A192,_,00610,998
A192__00550.998,8.321309433120575,40.58881618,A192,_,00550,998
A192__00480.998,8.222454310211653,40.59430757,A192,_,00480,998
A192__00210.999,8.357048108405802,40.621880239999996,A192,_,00210,999
A192__00630.999,8.328478445569056,40.569821725,A192,_,00630,999
A192__00550.999,8.321002035965991,40.58903751,A192,_,00550,999
A192__00480.999,8.222451368592738,40.594446505,A192,_,00480,999
