nome_particella,lon,lat,BELFIORE,SEZIONE,FOGLIO,PARTICELLA
B722__00010.1,13.965692555642057,42.207457254999994,B722,_,00010,1
B722__00610.1,13.989877681412732,42.121208015,B722,_,00610,1
B722__00600.1,14.005036790973655,42.13084107,B722,_,00600,1
B722__00590.1,13.986637955129389,42.12386637,B722,_,00590,1
B722__00580.1,13.972063802362847,42.11431692,B722,_,00580,1
B722__00570.1,14.095663528956898,42.11895741,B722,_,00570,1
B722__00560.1,14.073748674560175,42.122638245,B722,_,00560,1
B722__00550.1,14.052760436307175,42.13874688,B722,_,00550,1
B722__00540.1,14.038459568075854,42.14809047,B722,_,00540,1
B722__00520.1,14.006949449707703,42.14212545,B722,_,00520,1
B722__0051.1,14.004003247569969,42.14358789,B722,_,0051,1
B722__00500.1,13.987794022449494,42.137476045,B722,_,00500,1
B722__00490.1,13.982096256830046,42.132515104999996,B722,_,00490,1
B722__00480.1,13.968548396740125,42.139398075,B722,_,00480,1
B722__00470.1,13.96712588739495,42.13131280499999,B722,_,00470,1
B722__00460.1,14.080131123628345,42.133155505000005,B722,_,00460,1
B722__00450.1,14.05110230549534,42.145671625,B722,_,00450,1
B722__00440.1,14.039346803281507,42.155147255,B722,_,00440,1
B722__00430.1,14.018752657613815,42.158932254999996,B722,_,00430,1
B722__00410.1,14.003784496934443,42.1579107,B722,_,00410,1
B722__00400.1,13.997785397091935,42.154717135,B722,_,00400,1
B722__00390.1,14.000899411447831,42.146540285,B722,_,00390,1
B722__00380.1,13.998268020059813,42.142527294999994,B722,_,00380,1
B722__00370.1,13.987889205955454,42.147389065,B722,_,00370,1
B722__00360.1,13.996180797812173,42.155527425,B722,_,00360,1
B722__00340.1,13.970286307902715,42.152064975,B722,_,00340,1
B722__00330.1,13.97127043985385,42.156551754999995,B722,_,00330,1
B722__00320.1,14.090801124384384,42.15279447,B722,_,00320,1
B722__00310.1,14.036399850599219,42.16214988,B722,_,00310,1
B722__00300.1,14.021677280351826,42.164442775,B722,_,00300,1
B722__00290.1,14.000635531625534,42.161694929999996,B722,_,00290,1
B722__00270.1,13.991343516182942,42.16195666,B722,_,00270,1
B722__00260.1,13.983190021218483,42.166405229999995,B722,_,00260,1
B722__00250.1,13.977294262741083,42.168872775,B722,_,00250,1
B722__00240.1,14.075296133195186,42.163627355,B722,_,00240,1
B722__00230.1,14.065236781682787,42.17108225,B722,_,00230,1
B722__00220.1,14.042600363618238,42.171573390000006,B722,_,00220,1
B722__00210.1,14.033532615447541,42.173115464999995,B722,_,00210,1
B722__00200.1,14.01609538870918,42.1708894,B722,_,00200,1
B722__00180.1,14.017836809983251,42.1792827,B722,_,00180,1
B722__00170.1,14.012118844882874,42.183096175,B722,_,00170,1
B722__00160.1,14.005091790875895,42.178667995,B722,_,00160,1
B722__00150.1,13.992721990400828,42.177772004999994,B722,_,00150,1
B722__00140.1,13.98460913741586,42.174256385,B722,_,00140,1
B722__00120.1,14.004338655717262,42.195153059999996,B722,_,00120,1
B722__00110.1,13.991945842368267,42.184890295,B722,_,00110,1
B722__0009.1,13.971337065942523,42.187825315,B722,_,0009,1
B722__00080.1,13.960136480763621,42.189773945,B722,_,00080,1
B722__00060.1,13.988492060225,42.20100069,B722,_,00060,1
B722__00050.1,13.980021950495447,42.195509755,B722,_,00050,1
B722__00040.1,13.972953494060835,42.203044930000004,B722,_,00040,1
B722__00030.1,13.960583800879771,42.198935135,B722,_,00030,1
B722__00020.1,13.973841592228847,42.207097815,B722,_,00020,1
B722__00010.10,13.96831680727474,42.21093242,B722,_,00010,10
B722__00610.10,13.992757758942876,42.12161451,B722,_,00610,10
B722__00600.10,14.008083315780013,42.130097045,B722,_,00600,10
B722__00590.10,13.98903150713884,42.126149925,B722,_,00590,10
B722__00580.10,13.995906322466872,42.113675845,B722,_,00580,10
B722__00540.10,14.045824379109327,42.147495,B722,_,00540,10
B722__00520.10,14.008439343140417,42.142918125,B722,_,00520,10
B722__0051.10,14.00411790704816,42.14300661,B722,_,0051,10
B722__00500.10,13.98582529124548,42.13616173,B722,_,00500,10
B722__00490.10,13.98530698220478,42.132685120000005,B722,_,00490,10
B722__00480.10,13.974540386390409,42.13973081,B722,_,00480,10
B722__00460.10,14.105022088448687,42.14062056,B722,_,00460,10
B722__00450.10,14.059740684298022,42.144980155,B722,_,00450,10
B722__00440.10,14.043232360189872,42.15404024,B722,_,00440,10
B722__00430.10,14.01986012914435,42.158001205,B722,_,00430,10
B722__00420.10,14.00512349616664,42.150400989999994,B722,_,00420,10
B722__00400.10,14.003071337948992,42.15420714,B722,_,00400,10
B722__00390.10,14.000688055102113,42.145730685000004,B722,_,00390,10
B722__00380.10,13.99945896842547,42.14274502000001,B722,_,00380,10
B722__00370.10,13.986858276103407,42.146678185,B722,_,00370,10
B722__00360.10,13.996789828170968,42.1544157,B722,_,00360,10
B722__00350.10,13.981225975057331,42.148127235,B722,_,00350,10
B722__00340.10,13.973828654767182,42.148656990000006,B722,_,00340,10
B722__00330.10,13.972687652099253,42.155277755,B722,_,00330,10
B722__00320.10,14.091924678502739,42.144815255,B722,_,00320,10
B722__00310.10,14.064883336505838,42.15892419,B722,_,00310,10
B722__00300.10,14.025685272463917,42.164565485,B722,_,00300,10
B722__00290.10,14.002615436234084,42.16230621,B722,_,00290,10
B722__0028.10,14.002669562091128,42.156922305,B722,_,0028,10
B722__00270.10,13.991621259957064,42.161341465,B722,_,00270,10
B722__00260.10,13.985187299668345,42.165563219999996,B722,_,00260,10
B722__00250.10,13.980545513730986,42.167414755,B722,_,00250,10
B722__00240.10,14.100548861549514,42.153025805,B722,_,00240,10
B722__00230.10,14.069192636223317,42.17104636,B722,_,00230,10
B722__00220.10,14.044718604114909,42.170831195000005,B722,_,00220,10
B722__00210.10,14.036666151437801,42.173876415,B722,_,00210,10
B722__00200.10,14.017526468533983,42.169857809999996,B722,_,00200,10
B722__00180.10,14.019634520954408,42.179647595000006,B722,_,00180,10
B722__00170.10,14.01409969115473,42.181652005,B722,_,00170,10
B722__00160.10,14.00509760228345,42.17682667,B722,_,00160,10
B722__00150.10,13.995702236257099,42.178295875,B722,_,00150,10
B722__00130.10,13.97913575887635,42.1791473,B722,_,00130,10
B722__00120.10,14.00487323892553,42.19462179,B722,_,00120,10
B722__00110.10,13.996024683725407,42.184764220000005,B722,_,00110,10
B722__00100.10,13.981222815479496,42.188441145,B722,_,00100,10
B722__00080.10,13.959961290018018,42.19059403,B722,_,00080,10
B722__00070.10,13.997615465969492,42.197617245,B722,_,00070,10
B722__00060.10,13.987710158679526,42.200333285,B722,_,00060,10
B722__00050.10,13.98196156239784,42.195049845,B722,_,00050,10
B722__00040.10,13.97461678717583,42.2030944,B722,_,00040,10
B722__00030.10,13.967867398449506,42.200498960000004,B722,_,00030,10
B722__00020.10,13.974386027307514,42.208614045000004,B722,_,00020,10
B722__00010.100,13.971419354928582,42.207860159999996,B722,_,00010,100
B722__00610.100,13.997122312768578,42.11620458,B722,_,00610,100
B722__00590.100,14.000169962693828,42.12726453,B722,_,00590,100
B722__00540.100,14.042425072361095,42.14388923,B722,_,00540,100
B722__00530.100,14.029928667073767,42.1448318,B722,_,00530,100
B722__00520.100,14.008837397027424,42.141846470000004,B722,_,00520,100
B722__0051.100,14.003835798551844,42.141469515,B722,_,0051,100
B722__00500.100,13.993927896445584,42.13390706,B722,_,00500,100
B722__00490.100,13.988717129560019,42.12868043,B722,_,00490,100
B722__00480.100,13.984615985953521,42.137399365,B722,_,00480,100
B722__00440.100,14.038701084580019,42.14876506,B722,_,00440,100
B722__00430.100,14.022845234997511,42.15655514,B722,_,00430,100
B722__00420.100,14.02465928190838,42.149059655,B722,_,00420,100
B722__00410.100,14.004174331566212,42.155822785,B722,_,00410,100
B722__00400.100,14.003746470982833,42.15162956,B722,_,00400,100
B722__00390.100,14.000483786135568,42.143954205,B722,_,00390,100
B722__00380.100,14.002526029136956,42.140533739999995,B722,_,00380,100
B722__00360.100,13.997209327122981,42.150968245,B722,_,00360,100
B722__00350.100,13.987232864776576,42.147320955,B722,_,00350,100
B722__00340.100,13.967867585415835,42.14203884,B722,_,00340,100
B722__00330.100,13.977889814891693,42.148767755,B722,_,00330,100
B722__00300.100,14.025600860987751,42.164249775,B722,_,00300,100
B722__00290.100,14.002397066931634,42.161578065,B722,_,00290,100
B722__0028.100,13.997737150826936,42.159069814999995,B722,_,0028,100
B722__00270.100,13.988184915215115,42.156404855000005,B722,_,00270,100
B722__00260.100,13.986616652106264,42.164105629999995,B722,_,00260,100
B722__00250.100,13.981472836662817,42.16462171,B722,_,00250,100
B722__00230.100,14.058931220153694,42.165905894999995,B722,_,00230,100
B722__00220.100,14.057163510177796,42.17049292,B722,_,00220,100
B722__00210.100,14.03271142874819,42.170797070000006,B722,_,00210,100
B722__00200.100,14.017828299385613,42.16717407,B722,_,00200,100
B722__00190.100,13.99792031573891,42.167011145000004,B722,_,00190,100
B722__00180.100,14.020070243305858,42.17842118,B722,_,00180,100
B722__00170.100,14.011698570433197,42.176785995,B722,_,00170,100
B722__00160.100,14.013177779043165,42.17235986,B722,_,00160,100
B722__00150.100,13.98947593902092,42.174619594999996,B722,_,00150,100
B722__00130.100,13.975819771277497,42.172955735,B722,_,00130,100
B722__00120.100,14.010160400413806,42.190419675,B722,_,00120,100
B722__00110.100,13.989806238071436,42.182365495,B722,_,00110,100
B722__00100.100,13.985562308818096,42.187098615,B722,_,00100,100
B722__0009.100,13.96801781400884,42.18668027,B722,_,0009,100
B722__00080.100,13.958814550920437,42.188169810000005,B722,_,00080,100
B722__00050.100,13.981730632787087,42.19369197,B722,_,00050,100
B722__00040.100,13.971183689951785,42.199293505,B722,_,00040,100
B722__00020.100,13.977540219180131,42.20787943,B722,_,00020,100
B722__00050.1000,13.970056138987577,42.19203823,B722,_,00050,1000
B722__00520.1000,14.016096591185992,42.142327975,B722,_,00520,1000
B722__0051.1000,14.007604027086257,42.13459864,B722,_,0051,1000
B722__00420.1000,14.012765864523908,42.149345215,B722,_,00420,1000
B722__00410.1000,14.007706215970037,42.157671660000005,B722,_,00410,1000
B722__00290.1000,14.008631864333053,42.159473545,B722,_,00290,1000
B722__00280.1000,13.996299639080295,42.157956885000004,B722,_,00280,1000
B722__00090.1000,13.974768300131625,42.18571137,B722,_,00090,1000
B722__00060.1000,13.990600335101293,42.19744248000001,B722,_,00060,1000
B722__00050.1001,13.972559302185566,42.189077355,B722,_,00050,1001
B722__00520.1001,14.016599198381336,42.142070685,B722,_,00520,1001
B722__0051.1001,14.00704369220659,42.13430239,B722,_,0051,1001
B722__00420.1001,14.013144643237483,42.14908346,B722,_,00420,1001
B722__00410.1001,14.007762601368665,42.157575475,B722,_,00410,1001
B722__00280.1001,13.997229332046402,42.157737185,B722,_,00280,1001
B722__0009.1001,13.968004637789036,42.186228075,B722,_,0009,1001
B722__00060.1001,13.990485174700478,42.1970538,B722,_,00060,1001
B722__00050.1002,13.972887630527921,42.18830226,B722,_,00050,1002
B722__00520.1002,14.016730488797457,42.14229453,B722,_,00520,1002
B722__0051.1002,14.006979008333111,42.134265005,B722,_,0051,1002
B722__00410.1002,14.007750976357435,42.15780829,B722,_,00410,1002
B722__00280.1002,13.996278360564926,42.156254575,B722,_,00280,1002
B722__0009.1002,13.968342638513779,42.18626395,B722,_,0009,1002
B722__00060.1002,13.990796534879392,42.1968505,B722,_,00060,1002
B722__00050.1003,13.97344065611755,42.187645635,B722,_,00050,1003
B722__0051.1003,14.007017342725828,42.134244085,B722,_,0051,1003
B722__00410.1003,14.007845222371941,42.15764208,B722,_,00410,1003
B722__0028.1003,13.999719870441664,42.15764225,B722,_,0028,1003
B722__0009.1003,13.967839613710836,42.185964150000004,B722,_,0009,1003
B722__00060.1003,13.990518797204334,42.196716815,B722,_,00060,1003
B722__00050.1004,13.979449829279103,42.18760004,B722,_,00050,1004
B722__0051.1004,14.007056545310025,42.134225645,B722,_,0051,1004
B722__00420.1004,14.016319929359941,42.148746065,B722,_,00420,1004
B722__00410.1004,14.00786245367898,42.15784036,B722,_,00410,1004
B722__0028.1004,13.998293945862498,42.159086079999994,B722,_,0028,1004
B722__0009.1004,13.967794203263116,42.18583277,B722,_,0009,1004
B722__00060.1004,13.990580565495321,42.19667996,B722,_,00060,1004
B722__00050.1005,13.970103945328667,42.191864135,B722,_,00050,1005
B722__0051.1005,14.006745924202125,42.133865175,B722,_,0051,1005
B722__00420.1005,14.006739007660187,42.148186885,B722,_,00420,1005
B722__00410.1005,14.00796549190002,42.157697865,B722,_,00410,1005
B722__0028.1005,13.999029330735105,42.159046329999995,B722,_,0028,1005
B722__00060.1005,13.991243300518208,42.197350755,B722,_,00060,1005
B722__00050.1006,13.970115499608502,42.191735335,B722,_,00050,1006
B722__0051.1006,14.00699556451721,42.13418991,B722,_,0051,1006
B722__00420.1006,14.006759795104795,42.147925535,B722,_,00420,1006
B722__00410.1006,14.007029270668578,42.157604545,B722,_,00410,1006
B722__0028.1006,14.000999318247587,42.15857303,B722,_,0028,1006
B722__0009.1006,13.970666828101841,42.1874957,B722,_,0009,1006
B722__00060.1006,13.99154679321316,42.196970765,B722,_,00060,1006
B722__00050.1007,13.97286215092819,42.19071103,B722,_,00050,1007
B722__0051.1007,14.007388713997953,42.134199045,B722,_,0051,1007
B722__00420.1007,14.006936449569338,42.147925535,B722,_,00420,1007
B722__00410.1007,14.007350872841855,42.157488575,B722,_,00410,1007
B722__00290.1007,14.004307552831825,42.161522770000005,B722,_,00290,1007
B722__00280.1007,14.003313378950264,42.15528191,B722,_,00280,1007
B722__0009.1007,13.970798259064859,42.187481375000004,B722,_,0009,1007
B722__00060.1007,13.991286984392033,42.196727409999994,B722,_,00060,1007
B722__00050.1008,13.972951238010685,42.19086693,B722,_,00050,1008
B722__0051.1008,14.007548711392662,42.13422858,B722,_,0051,1008
B722__00290.1008,14.004443003501336,42.159865065000005,B722,_,00290,1008
B722__00280.1008,14.003280770230077,42.155195015000004,B722,_,00280,1008
B722__0009.1008,13.970893572023208,42.187486625000005,B722,_,0009,1008
B722__00050.1009,13.97974951309872,42.187764279999996,B722,_,00050,1009
B722__0051.1009,14.007959303522181,42.134187819999994,B722,_,0051,1009
B722__00420.1009,14.007265833730715,42.14763821,B722,_,00420,1009
B722__00290.1009,14.006366135994533,42.160068005,B722,_,00290,1009
B722__00060.1009,13.99081394745795,42.19655966,B722,_,00060,1009
B722__00010.101,13.971915346017903,42.207966865,B722,_,00010,101
B722__00610.101,13.99786051451207,42.116849075000005,B722,_,00610,101
B722__00600.101,14.009951498809503,42.128061215,B722,_,00600,101
B722__00590.101,13.999001555248928,42.128279754999994,B722,_,00590,101
B722__00540.101,14.042712824674382,42.143595945,B722,_,00540,101
B722__00530.101,14.029672190519543,42.145100279999994,B722,_,00530,101
B722__00520.101,14.008602347046978,42.141482874999994,B722,_,00520,101
B722__0051.101,14.003738194308223,42.141590394999994,B722,_,0051,101
B722__00500.101,13.994269056644667,42.133418344999995,B722,_,00500,101
B722__00490.101,13.98823373457515,42.128468165,B722,_,00490,101
B722__00480.101,13.985017681147006,42.137188775,B722,_,00480,101
B722__00440.101,14.038968455507808,42.148569824999996,B722,_,00440,101
B722__00430.101,14.023315808831951,42.156916075,B722,_,00430,101
B722__00410.101,14.00425247599437,42.155743215,B722,_,00410,101
B722__00400.101,14.003138091933756,42.151721280000004,B722,_,00400,101
B722__00390.101,14.000637068685084,42.14385146,B722,_,00390,101
B722__00370.101,13.993846326770676,42.143395319999996,B722,_,00370,101
B722__00360.101,13.997561002512002,42.151175175,B722,_,00360,101
B722__00350.101,13.987120890712355,42.147191685,B722,_,00350,101
B722__00340.101,13.967930703852973,42.141604009999995,B722,_,00340,101
B722__00330.101,13.978111513768358,42.148499744999995,B722,_,00330,101
B722__00300.101,14.027055666350648,42.164760675,B722,_,00300,101
B722__00290.101,14.00288654917328,42.16154927,B722,_,00290,101
B722__00270.101,13.98894958711811,42.155895494999996,B722,_,00270,101
B722__00260.101,13.98656727052783,42.163881435,B722,_,00260,101
B722__00250.101,13.975365031627751,42.163989425,B722,_,00250,101
B722__00230.101,14.058990759085402,42.16585811,B722,_,00230,101
B722__00220.101,14.056728029912493,42.169889055,B722,_,00220,101
B722__00210.101,14.033203444113354,42.17064141,B722,_,00210,101
B722__00200.101,14.018020241134383,42.167308614999996,B722,_,00200,101
B722__00190.101,13.995806427336625,42.167206660000005,B722,_,00190,101
B722__00180.101,14.020389642236811,42.178876724999995,B722,_,00180,101
B722__00170.101,14.012054664068437,42.177547055,B722,_,00170,101
B722__00160.101,14.013197903917664,42.17288051,B722,_,00160,101
B722__00150.101,13.98962397991006,42.17423931,B722,_,00150,101
B722__00140.101,13.98686271245939,42.173595585,B722,_,00140,101
B722__00130.101,13.9751775582364,42.173042595,B722,_,00130,101
B722__00120.101,14.010494307228427,42.183965505,B722,_,00120,101
B722__00110.101,13.989965183463259,42.182512134999996,B722,_,00110,101
B722__00100.101,13.9860593416616,42.187635705,B722,_,00100,101
B722__0009.101,13.968510007783737,42.186656635,B722,_,0009,101
B722__00080.101,13.963416557815876,42.188350035,B722,_,00080,101
B722__00050.101,13.982911192777372,42.19421775,B722,_,00050,101
B722__00040.101,13.971645534501874,42.19931504,B722,_,00040,101
B722__00030.101,13.961139923879788,42.197319435,B722,_,00030,101
B722__00020.101,13.982471347678441,42.20651743,B722,_,00020,101
B722__00050.1010,13.978924526875002,42.188741115,B722,_,00050,1010
B722__00510.1010,14.00808193118505,42.134424345,B722,_,00510,1010
B722__00420.1010,14.00743169435912,42.14749512,B722,_,00420,1010
B722__0028.1010,14.003346553275016,42.15600747,B722,_,0028,1010
B722__00060.1010,13.990874962575889,42.1964991,B722,_,00060,1010
B722__00050.1011,13.981881783738746,42.1915306,B722,_,00050,1011
B722__0051.1011,14.007703522189807,42.133855425,B722,_,0051,1011
B722__00420.1011,14.007608994610948,42.14735738,B722,_,00420,1011
B722__00290.1011,14.006602772489149,42.160121215000004,B722,_,00290,1011
B722__0028.1011,14.003403613190823,42.156022164999996,B722,_,0028,1011
B722__00060.1011,13.99110655484907,42.196508205,B722,_,00060,1011
B722__00050.1012,13.982085995429232,42.191870025,B722,_,00050,1012
B722__0051.1012,14.007637249585818,42.13372277,B722,_,0051,1012
B722__00420.1012,14.00755323014915,42.148610535,B722,_,00420,1012
B722__00290.1012,14.006860696597844,42.160076895,B722,_,00290,1012
B722__0028.1012,14.00344860373565,42.156030885,B722,_,0028,1012
B722__00060.1012,13.99118409648812,42.197175915,B722,_,00060,1012
B722__00050.1013,13.975989197042013,42.18973798,B722,_,00050,1013
B722__0051.1013,14.007745919116559,42.133777030000005,B722,_,0051,1013
B722__00420.1013,14.007641232610368,42.14853515,B722,_,00420,1013
B722__0028.1013,14.002586915901507,42.156490895,B722,_,0028,1013
B722__00090.1013,13.970129437781049,42.18517831,B722,_,00090,1013
B722__00060.1013,13.988974668144202,42.195019779999996,B722,_,00060,1013
B722__00050.1014,13.975448096413654,42.18978677,B722,_,00050,1014
B722__0051.1014,14.00785059185548,42.133825105,B722,_,0051,1014
B722__00290.1014,14.00679263245883,42.16056017,B722,_,00290,1014
B722__0028.1014,14.002522070116349,42.156459985,B722,_,0028,1014
B722__00090.1014,13.976778560253114,42.182499975,B722,_,00090,1014
B722__00060.1014,13.988860322263658,42.19498571,B722,_,00060,1014
B722__00050.1015,13.981170872170459,42.193072025,B722,_,00050,1015
B722__0051.1015,14.007976496504607,42.13386772,B722,_,0051,1015
B722__00290.1015,14.005785566139036,42.160317055,B722,_,00290,1015
B722__00090.1015,13.97646162708929,42.184584924999996,B722,_,00090,1015
B722__00060.1015,13.98880035548861,42.196004495,B722,_,00060,1015
B722__00050.1016,13.983922422107133,42.190473190000006,B722,_,00050,1016
B722__0051.1016,14.006891122549806,42.133747889999995,B722,_,0051,1016
B722__00420.1016,14.007587167332366,42.14876908,B722,_,00420,1016
B722__00290.1016,14.005706558456321,42.1601681,B722,_,00290,1016
B722__00090.1016,13.97554203214386,42.18315318,B722,_,00090,1016
B722__00050.1017,13.977064085165818,42.187191940000005,B722,_,00050,1017
B722__0051.1017,14.007041780550228,42.13382386,B722,_,0051,1017
B722__00420.1017,14.007357797167323,42.14827192,B722,_,00420,1017
B722__00290.1017,14.005752699718713,42.16017687,B722,_,00290,1017
B722__00090.1017,13.974427367204235,42.183070215,B722,_,00090,1017
B722__00050.1018,13.9717857185599,42.192189985,B722,_,00050,1018
B722__0051.1018,14.007116610853148,42.13369668,B722,_,0051,1018
B722__00420.1018,14.007652499492545,42.14816834,B722,_,00420,1018
B722__00290.1018,14.005798026244321,42.160181165,B722,_,00290,1018
B722__00280.1018,13.995929784116488,42.15802172,B722,_,00280,1018
B722__00090.1018,13.97582261322146,42.185862865000004,B722,_,00090,1018
B722__00060.1018,13.989086444663737,42.19545352,B722,_,00060,1018
B722__00050.1019,13.97193495749653,42.192168415,B722,_,00050,1019
B722__0051.1019,14.007143007166164,42.13368412,B722,_,0051,1019
B722__00420.1019,14.00715629121122,42.14804895,B722,_,00420,1019
B722__00290.1019,14.005841615923512,42.160185299999995,B722,_,00290,1019
B722__00280.1019,13.996857472695213,42.15798606,B722,_,00280,1019
B722__00090.1019,13.978532984202797,42.186315385,B722,_,00090,1019
B722__00010.102,13.971728601653105,42.207955600000005,B722,_,00010,102
B722__00610.102,13.99806159648464,42.116581034999996,B722,_,00610,102
B722__00600.102,14.011442707220553,42.128635015,B722,_,00600,102
B722__00590.102,14.000577654723553,42.12829694,B722,_,00590,102
B722__00540.102,14.043226214767618,42.143736114999996,B722,_,00540,102
B722__00530.102,14.03019277213961,42.14513232,B722,_,00530,102
B722__00500.102,13.993374926922609,42.133480205,B722,_,00500,102
B722__00490.102,13.989147386793505,42.12831591,B722,_,00490,102
B722__00480.102,13.985253838778469,42.1374026,B722,_,00480,102
B722__00440.102,14.04123237074193,42.14961601,B722,_,00440,102
B722__00430.102,14.023572299063101,42.156773185000006,B722,_,00430,102
B722__00420.102,14.026324402372378,42.14943544,B722,_,00420,102
B722__00410.102,14.004365637024199,42.155636525,B722,_,00410,102
B722__00400.102,14.003055507543607,42.151776795,B722,_,00400,102
B722__00390.102,14.000741254826242,42.143897100000004,B722,_,00390,102
B722__00370.102,13.9938213844,42.14335001,B722,_,00370,102
B722__00360.102,13.99783749459145,42.151324155,B722,_,00360,102
B722__00340.102,13.96833359300687,42.141114875,B722,_,00340,102
B722__00330.102,13.978505570215352,42.148251814999995,B722,_,00330,102
B722__00300.102,14.027276829622338,42.164753489999995,B722,_,00300,102
B722__00290.102,14.003008628614506,42.16164292,B722,_,00290,102
B722__0028.102,13.997768548333696,42.158973285,B722,_,0028,102
B722__00270.102,13.991419884406152,42.158220265,B722,_,00270,102
B722__00260.102,13.986966071747126,42.16383717,B722,_,00260,102
B722__00250.102,13.976127573140536,42.16430606,B722,_,00250,102
B722__00230.102,14.059190456309228,42.16530608,B722,_,00230,102
B722__00220.102,14.056377566175062,42.169708979999996,B722,_,00220,102
B722__00210.102,14.033472930835464,42.17051049,B722,_,00210,102
B722__00200.102,14.018583732211175,42.16717577,B722,_,00200,102
B722__00190.102,13.998698495126552,42.166838025,B722,_,00190,102
B722__00180.102,14.02065694918706,42.178137315,B722,_,00180,102
B722__00170.102,14.012125146777048,42.1778526,B722,_,00170,102
B722__00160.102,14.013342619832795,42.17262812,B722,_,00160,102
B722__00150.102,13.989383282746061,42.174509,B722,_,00150,102
B722__00140.102,13.986851472111665,42.17342803,B722,_,00140,102
B722__00130.102,13.975606228499982,42.1731942,B722,_,00130,102
B722__00120.102,14.010515390519497,42.190748225,B722,_,00120,102
B722__00110.102,13.990215052323945,42.182512134999996,B722,_,00110,102
B722__00100.102,13.986708477029982,42.187747575,B722,_,00100,102
B722__0009.102,13.968693011241221,42.18665475,B722,_,0009,102
B722__00080.102,13.959451790843971,42.188251685,B722,_,00080,102
B722__00070.102,13.997162154738515,42.19549183,B722,_,00070,102
B722__00050.102,13.982964130956182,42.193956635,B722,_,00050,102
B722__00040.102,13.9721297716033,42.199106895,B722,_,00040,102
B722__00030.102,13.961856352393443,42.19722335,B722,_,00030,102
B722__00020.102,13.983147418579748,42.206672875,B722,_,00020,102
B722__00050.1020,13.977982823228388,42.192629845,B722,_,00050,1020
B722__0051.1020,14.007137029751075,42.133657549999995,B722,_,0051,1020
B722__00420.1020,14.00743299032562,42.148039465,B722,_,00420,1020
B722__00290.1020,14.005886731593565,42.160189445,B722,_,00290,1020
B722__0028.1020,14.002883492324909,42.157792165000004,B722,_,0028,1020
B722__00090.1020,13.974258384183596,42.178067955,B722,_,00090,1020
B722__00060.1020,13.989816464146866,42.19536514,B722,_,00060,1020
B722__00050.1021,13.978396824263662,42.19218295,B722,_,00050,1021
B722__0051.1021,14.007187980252722,42.133658839999995,B722,_,0051,1021
B722__00420.1021,14.007173563728564,42.147749239999996,B722,_,00420,1021
B722__00290.1021,14.005931414408728,42.16019374,B722,_,00290,1021
B722__0028.1021,14.004008865734528,42.1568499,B722,_,0028,1021
B722__00090.1021,13.976131755202939,42.18046624,B722,_,00090,1021
B722__00050.1022,13.978381933916559,42.191389720000004,B722,_,00050,1022
B722__0051.1022,14.007199695896583,42.133629729999996,B722,_,0051,1022
B722__00420.1022,14.00741129010532,42.147685975,B722,_,00420,1022
B722__0028.1022,14.004071327585198,42.15688285,B722,_,0028,1022
B722__00090.1022,13.975985337431561,42.179880215,B722,_,00090,1022
B722__00060.1022,13.989833707294999,42.19515178,B722,_,00060,1022
B722__00050.1023,13.979775599212553,42.190879595,B722,_,00050,1023
B722__0051.1023,14.00721422864698,42.133594130000006,B722,_,0051,1023
B722__00420.1023,14.007500910086268,42.147627355,B722,_,00420,1023
B722__00290.1023,14.009682263786257,42.1596217,B722,_,00290,1023
B722__0028.1023,14.004110314176184,42.15665062,B722,_,0028,1023
B722__00090.1023,13.977032365949185,42.18588394,B722,_,00090,1023
B722__00050.1024,13.980476590307347,42.190908945000004,B722,_,00050,1024
B722__0051.1024,14.006405639865772,42.133602735,B722,_,0051,1024
B722__00420.1024,14.007574769776829,42.14758082,B722,_,00420,1024
B722__00290.1024,14.006962226737937,42.161489235,B722,_,00290,1024
B722__00280.1024,14.00002966230164,42.155085575,B722,_,00280,1024
B722__00090.1024,13.97735218260594,42.185630474999996,B722,_,00090,1024
B722__00050.1025,13.980220974678602,42.190483755,B722,_,00050,1025
B722__0051.1025,14.00655672419169,42.1335276,B722,_,0051,1025
B722__00420.1025,14.007610696824159,42.147926735,B722,_,00420,1025
B722__00290.1025,14.003127683398816,42.158411655,B722,_,00290,1025
B722__0028.1025,14.000862429466721,42.157912985,B722,_,0028,1025
B722__00090.1025,13.9776843185466,42.18580832,B722,_,00090,1025
B722__00050.1026,13.971760566028493,42.19456056,B722,_,00050,1026
B722__0051.1026,14.00644972067496,42.13351815,B722,_,0051,1026
B722__00420.1026,14.00770470460888,42.147884475,B722,_,00420,1026
B722__00050.1027,13.971605945206013,42.194224649999995,B722,_,00050,1027
B722__0051.1027,14.006507256846806,42.13345812,B722,_,0051,1027
B722__00420.1027,14.007903277401944,42.147790650000005,B722,_,00420,1027
B722__00290.1027,14.003515859754962,42.158262835,B722,_,00290,1027
B722__00090.1027,13.977747418002838,42.186297775,B722,_,00090,1027
B722__00060.1027,13.989492255626171,42.19514127,B722,_,00060,1027
B722__00050.1028,13.979560103951147,42.18791593,B722,_,00050,1028
B722__0051.1028,14.006613740708488,42.133478075,B722,_,0051,1028
B722__00420.1028,14.008189534487752,42.148119925,B722,_,00420,1028
B722__0028.1028,14.00377802317573,42.156782525,B722,_,0028,1028
B722__00090.1028,13.971177006261781,42.18311844,B722,_,00090,1028
B722__00060.1028,13.989450313189035,42.195203635,B722,_,00060,1028
B722__00050.1029,13.983843994109709,42.19259117,B722,_,00050,1029
B722__0051.1029,14.007776759498153,42.133390399999996,B722,_,0051,1029
B722__00420.1029,14.008235480852338,42.14819921,B722,_,00420,1029
B722__00290.1029,14.003415606907886,42.15821014,B722,_,00290,1029
B722__0028.1029,14.002750293828436,42.156020194999996,B722,_,0028,1029
B722__00090.1029,13.971219366092965,42.182949,B722,_,00090,1029
B722__00060.1029,13.989416333722248,42.195241765000006,B722,_,00060,1029
B722__00010.103,13.97139241357656,42.207591125,B722,_,00010,103
B722__00610.103,13.998177398965112,42.11608131,B722,_,00610,103
B722__00600.103,14.011534065691919,42.128408945000004,B722,_,00600,103
B722__00590.103,14.000278636344499,42.12851268,B722,_,00590,103
B722__00540.103,14.043282163632298,42.143402464999994,B722,_,00540,103
B722__00530.103,14.029878199142017,42.145326505,B722,_,00530,103
B722__00520.103,14.009282680013687,42.14190671,B722,_,00520,103
B722__0051.103,14.004128302043906,42.141540575,B722,_,0051,103
B722__00500.103,13.991104972815556,42.132171735,B722,_,00500,103
B722__00490.103,13.989937135790367,42.12875461,B722,_,00490,103
B722__00480.103,13.985503970202423,42.137484955000005,B722,_,00480,103
B722__00440.103,14.043191859557808,42.149505520000005,B722,_,00440,103
B722__00430.103,14.02385815474317,42.1567057,B722,_,00430,103
B722__00420.103,14.025492536829487,42.149059655,B722,_,00420,103
B722__00400.103,14.00034545180586,42.15077651,B722,_,00400,103
B722__00390.103,14.000861632843456,42.143888265,B722,_,00390,103
B722__00370.103,13.993855107931799,42.14333322,B722,_,00370,103
B722__00360.103,13.998004112288992,42.151482035,B722,_,00360,103
B722__00340.103,13.969176399532389,42.141355295,B722,_,00340,103
B722__00330.103,13.978069925318449,42.147818975,B722,_,00330,103
B722__00300.103,14.028223563494432,42.164932269999994,B722,_,00300,103
B722__00270.103,13.988797967288681,42.15540076,B722,_,00270,103
B722__00260.103,13.98408762989374,42.163816714999996,B722,_,00260,103
B722__00250.103,13.976446244917813,42.164087495000004,B722,_,00250,103
B722__00230.103,14.060084228302372,42.165377825,B722,_,00230,103
B722__00220.103,14.057438838756907,42.169670124999996,B722,_,00220,103
B722__00210.103,14.034344847385558,42.170253255000006,B722,_,00210,103
B722__00200.103,14.019389925508232,42.166315174999994,B722,_,00200,103
B722__00190.103,13.99873366888706,42.166577985,B722,_,00190,103
B722__00180.103,14.021496158822988,42.178000555,B722,_,00180,103
B722__00170.103,14.012678866174966,42.177328,B722,_,00170,103
B722__00160.103,14.013461043793313,42.17232519,B722,_,00160,103
B722__00150.103,13.990024104823402,42.17446119,B722,_,00150,103
B722__00140.103,13.986994112156212,42.173453155000004,B722,_,00140,103
B722__00130.103,13.976513966118565,42.173019075,B722,_,00130,103
B722__00120.103,14.010563242911175,42.190234695,B722,_,00120,103
B722__00110.103,13.99030615215828,42.18274144,B722,_,00110,103
B722__00100.103,13.987436673783893,42.18750235,B722,_,00100,103
B722__0009.103,13.969042366572369,42.186776234999996,B722,_,0009,103
B722__00080.103,13.959463698735583,42.18839706,B722,_,00080,103
B722__00050.103,13.982693477847047,42.193965025,B722,_,00050,103
B722__00040.103,13.972796730094181,42.199365365,B722,_,00040,103
B722__00030.103,13.96204102558459,42.19765278,B722,_,00030,103
B722__00020.103,13.982958995838946,42.206362025000004,B722,_,00020,103
B722__00050.1030,13.98174219308477,42.19208166,B722,_,00050,1030
B722__0051.1030,14.007979359886145,42.133391745,B722,_,0051,1030
B722__00420.1030,14.00834913282782,42.148174255,B722,_,00420,1030
B722__00290.1030,14.008166214716022,42.160248455,B722,_,00290,1030
B722__00090.1030,13.969800993124256,42.183063235,B722,_,00090,1030
B722__00060.1030,13.989389129074572,42.19526886,B722,_,00060,1030
B722__00050.1031,13.977062572654368,42.191914645,B722,_,00050,1031
B722__0051.1031,14.008094703154349,42.133445800000004,B722,_,0051,1031
B722__00420.1031,14.008287370064037,42.14833395,B722,_,00420,1031
B722__00290.1031,14.008141555963336,42.160243225,B722,_,00290,1031
B722__0028.1031,13.998948545459553,42.1580718,B722,_,0028,1031
B722__00090.1031,13.97053378578335,42.182565605,B722,_,00090,1031
B722__00060.1031,13.989409437567325,42.195324015,B722,_,00060,1031
B722__00050.1032,13.981203380420773,42.19551939,B722,_,00050,1032
B722__0051.1032,14.00796579405181,42.133539275000004,B722,_,0051,1032
B722__00420.1032,14.008478127020265,42.14817102,B722,_,00420,1032
B722__00290.1032,14.008111176444382,42.16023335,B722,_,00290,1032
B722__0028.1032,13.999550616292769,42.158012965,B722,_,0028,1032
B722__00090.1032,13.9700778329236,42.18271678,B722,_,00090,1032
B722__00060.1032,13.992202540927433,42.1933801,B722,_,00060,1032
B722__00050.1033,13.981316449022813,42.19558023,B722,_,00050,1033
B722__0051.1033,14.008023704489371,42.133578915,B722,_,0051,1033
B722__00420.1033,14.007847036927526,42.1469915,B722,_,00420,1033
B722__00290.1033,14.00453743553907,42.159670885,B722,_,00290,1033
B722__00090.1033,13.970091491503764,42.182566109999996,B722,_,00090,1033
B722__00060.1033,13.992872853963094,42.19288392,B722,_,00060,1033
B722__00060.1034,13.992852120853936,42.192819115,B722,_,00060,1034
B722__0051.1034,14.009085487349594,42.134024455,B722,_,0051,1034
B722__00420.1034,14.008093939430605,42.146880715,B722,_,00420,1034
B722__00290.1034,14.006179551991202,42.160250070000004,B722,_,00290,1034
B722__0028.1034,14.003551763092952,42.15733172,B722,_,0028,1034
B722__00090.1034,13.97716249110217,42.18110071,B722,_,00090,1034
B722__00060.1035,13.98736457037148,42.191846745,B722,_,00060,1035
B722__0051.1035,14.009034501072856,42.134057425,B722,_,0051,1035
B722__00290.1035,14.006269875705454,42.160166325,B722,_,00290,1035
B722__00090.1035,13.975855166128152,42.18600682,B722,_,00090,1035
B722__00050.1036,13.981691745793082,42.195702624999996,B722,_,00050,1036
B722__0051.1036,14.008989610571266,42.134074995000006,B722,_,0051,1036
B722__00420.1036,14.007834276040597,42.14629931,B722,_,00420,1036
B722__0028.1036,14.003529937547471,42.1574629,B722,_,0028,1036
B722__00090.1036,13.974709012414575,42.180804255,B722,_,00090,1036
B722__00060.1036,13.991460418786865,42.1930493,B722,_,00060,1036
B722__00050.1037,13.981823354313658,42.195661795,B722,_,00050,1037
B722__0051.1037,14.00867553660404,42.134115355,B722,_,0051,1037
B722__00420.1037,14.007835852530285,42.146163095000006,B722,_,00420,1037
B722__0028.1037,14.00131749834286,42.15823813,B722,_,0028,1037
B722__00090.1037,13.97464668138192,42.180702705,B722,_,00090,1037
B722__00060.1037,13.991359547091632,42.192932389999996,B722,_,00060,1037
B722__00050.1038,13.981900152886865,42.195611785,B722,_,00050,1038
B722__0051.1038,14.008832311694329,42.134097534999995,B722,_,0051,1038
B722__00420.1038,14.007826512721955,42.14596415,B722,_,00420,1038
B722__00090.1038,13.977890053088064,42.186037375,B722,_,00090,1038
B722__00050.1039,13.981986858848467,42.195577224999994,B722,_,00050,1039
B722__0051.1039,14.00897645890575,42.134140645,B722,_,0051,1039
B722__00420.1039,14.007829955527153,42.145797259999995,B722,_,00420,1039
B722__0028.1039,14.003652152918132,42.156756255000005,B722,_,0028,1039
B722__00090.1039,13.977719524135829,42.18599293,B722,_,00090,1039
B722__00010.104,13.965599610390196,42.20855903,B722,_,00010,104
B722__00610.104,13.998844914086874,42.11613885,B722,_,00610,104
B722__00600.104,14.011486196545277,42.1281041,B722,_,00600,104
B722__00590.104,14.000057389749424,42.128746320000005,B722,_,00590,104
B722__00540.104,14.04334161060636,42.14316049,B722,_,00540,104
B722__00530.104,14.030273259188903,42.14522953,B722,_,00530,104
B722__00520.104,14.009697314397403,42.141782115,B722,_,00520,104
B722__00500.104,13.992411798476228,42.13240474,B722,_,00500,104
B722__00490.104,13.990314079968801,42.128670195,B722,_,00490,104
B722__00480.104,13.985601588549667,42.13769533,B722,_,00480,104
B722__00440.104,14.04578404084329,42.149313275,B722,_,00440,104
B722__00430.104,14.024072484045575,42.157253485,B722,_,00430,104
B722__00420.104,14.006105138190005,42.14866135,B722,_,00420,104
B722__00400.104,14.000932663318125,42.15064204,B722,_,00400,104
B722__00390.104,14.000974805659,42.143851014999996,B722,_,00390,104
B722__00380.104,13.997147564036647,42.140813485,B722,_,00380,104
B722__00370.104,13.993885660827923,42.143302755,B722,_,00370,104
B722__00360.104,13.998161206620757,42.15128552,B722,_,00360,104
B722__00340.104,13.969517768836091,42.14118908499999,B722,_,00340,104
B722__00330.104,13.97769174606557,42.14795948,B722,_,00330,104
B722__00300.104,14.01992200992629,42.16009744,B722,_,00300,104
B722__00290.104,14.003156329996134,42.161429045000006,B722,_,00290,104
B722__0028.104,13.997822672762219,42.158916725,B722,_,0028,104
B722__00270.104,13.989902754724602,42.158178719999995,B722,_,00270,104
B722__00260.104,13.987064282007292,42.163678295,B722,_,00260,104
B722__00250.104,13.976929139764568,42.16439678,B722,_,00250,104
B722__00230.104,14.061734999711277,42.16505406,B722,_,00230,104
B722__00220.104,14.057652784229123,42.170428154999996,B722,_,00220,104
B722__00210.104,14.034602519567983,42.170196215,B722,_,00210,104
B722__00200.104,14.018937685524854,42.16746119,B722,_,00200,104
B722__00180.104,14.021111931781686,42.17754538,B722,_,00180,104
B722__00170.104,14.013552784358842,42.17765341,B722,_,00170,104
B722__00160.104,14.012738744107486,42.171842985,B722,_,00160,104
B722__00150.104,13.990115609448493,42.174434085,B722,_,00150,104
B722__00140.104,13.987176293928947,42.173486170000004,B722,_,00140,104
B722__00130.104,13.976997170468152,42.173052025,B722,_,00130,104
B722__00120.104,14.01089171082774,42.190357805000005,B722,_,00120,104
B722__00110.104,13.99052159081807,42.182657885,B722,_,00110,104
B722__00100.104,13.986158862539442,42.186998895,B722,_,00100,104
B722__0009.104,13.96903035558035,42.18688417,B722,_,0009,104
B722__00080.104,13.95927142219184,42.188484265,B722,_,00080,104
B722__00060.104,13.990988251849764,42.199216045,B722,_,00060,104
B722__00050.104,13.98217658729276,42.193728074999996,B722,_,00050,104
B722__00040.104,13.972889773046965,42.199231055,B722,_,00040,104
B722__00030.104,13.962226448737471,42.197521655,B722,_,00030,104
B722__00020.104,13.982788340875292,42.206138745,B722,_,00020,104
B722__00050.1040,13.981595195926653,42.19535225,B722,_,00050,1040
B722__0051.1040,14.008988404144336,42.13421626,B722,_,0051,1040
B722__00290.1040,14.008446374616085,42.160216725,B722,_,00290,1040
B722__0028.1040,14.003537605868665,42.156738555000004,B722,_,0028,1040
B722__00090.1040,13.970088836608717,42.1850935,B722,_,00090,1040
B722__00060.1040,13.99053611941821,42.189395155,B722,_,00060,1040
B722__00050.1041,13.981610384920398,42.195326285,B722,_,00050,1041
B722__0051.1041,14.008617982616473,42.134018745,B722,_,0051,1041
B722__00090.1041,13.970281131476767,42.18496826,B722,_,00090,1041
B722__00060.1041,13.990382399136898,42.189278135,B722,_,00060,1041
B722__00050.1042,13.981655183430007,42.195316684999995,B722,_,00050,1042
B722__0051.1042,14.008558230759167,42.134095155,B722,_,0051,1042
B722__00420.1042,14.008190907213502,42.14630778,B722,_,00420,1042
B722__00090.1042,13.977501895034443,42.185586494999995,B722,_,00090,1042
B722__00060.1042,13.990407575809144,42.189131935,B722,_,00060,1042
B722__00050.1043,13.98208723461265,42.19550361,B722,_,00050,1043
B722__0051.1043,14.008669454024414,42.13361419,B722,_,0051,1043
B722__00420.1043,14.008405828766687,42.146614575,B722,_,00420,1043
B722__00090.1043,13.977377273028056,42.18677176,B722,_,00090,1043
B722__00060.1043,13.990080990405914,42.18908643,B722,_,00060,1043
B722__00050.1044,13.982097381848622,42.19546921,B722,_,00050,1044
B722__0051.1044,14.008486070715323,42.133514195000004,B722,_,0051,1044
B722__00420.1044,14.008455519294142,42.14645618,B722,_,00420,1044
B722__00290.1044,14.007275743220038,42.160291665,B722,_,00290,1044
B722__00090.1044,13.977230487906022,42.18663904,B722,_,00090,1044
B722__00060.1044,13.99004346697712,42.18948324,B722,_,00060,1044
B722__00050.1045,13.981756949354963,42.194482640000004,B722,_,00050,1045
B722__0051.1045,14.008380661652721,42.133933485,B722,_,0051,1045
B722__00420.1045,14.022419225402935,42.14933362,B722,_,00420,1045
B722__00090.1045,13.977191450038427,42.1865768,B722,_,00090,1045
B722__00060.1045,13.989490231013722,42.18941298,B722,_,00060,1045
B722__00050.1046,13.981677938555467,42.194422205,B722,_,00050,1046
B722__0051.1046,14.00855527311228,42.1337807,B722,_,0051,1046
B722__00420.1046,14.008630874197955,42.14704397,B722,_,00420,1046
B722__00090.1046,13.973237483927011,42.176734655000004,B722,_,00090,1046
B722__00060.1046,13.989262762512395,42.189333755,B722,_,00060,1046
B722__00050.1047,13.981561374622585,42.19436886,B722,_,00050,1047
B722__0051.1047,14.008373085378363,42.133656265,B722,_,0051,1047
B722__00420.1047,14.00887739329998,42.14721482,B722,_,00420,1047
B722__00290.1047,14.00890322418606,42.160076475,B722,_,00290,1047
B722__0009.1047,13.968170095438,42.18776018,B722,_,0009,1047
B722__00050.1048,13.98155217548394,42.19424926,B722,_,00050,1048
B722__0051.1048,14.008295730960718,42.133643539999994,B722,_,0051,1048
B722__00420.1048,14.009060370359869,42.147190285,B722,_,00420,1048
B722__00290.1048,14.008942701899242,42.1601008,B722,_,00290,1048
B722__0028.1048,14.001926959950348,42.157610989999995,B722,_,0028,1048
B722__0009.1048,13.968096854597906,42.187212325000004,B722,_,0009,1048
B722__00060.1048,13.988337705938086,42.195051805,B722,_,00060,1048
B722__00050.1049,13.982332888500002,42.19477046,B722,_,00050,1049
B722__0051.1049,14.00834223899967,42.133410479999995,B722,_,0051,1049
B722__00420.1049,14.00925683109148,42.147197355,B722,_,00420,1049
B722__0009.1049,13.968044422769381,42.18712968,B722,_,0009,1049
B722__00060.1049,13.988388684688246,42.18995771,B722,_,00060,1049
B722__00010.105,13.965884469492517,42.20838242,B722,_,00010,105
B722__00610.105,13.998819878243962,42.116005720000004,B722,_,00610,105
B722__00590.105,13.999635486854661,42.128873795000004,B722,_,00590,105
B722__00540.105,14.043458242969953,42.142879934999996,B722,_,00540,105
B722__00530.105,14.030052100959061,42.14554431,B722,_,00530,105
B722__00520.105,14.009662739918047,42.141897225,B722,_,00520,105
B722__00500.105,13.992389534789307,42.13282592,B722,_,00500,105
B722__00490.105,13.990654814334459,42.128465750000004,B722,_,00490,105
B722__00480.105,13.986357137636656,42.137521289999995,B722,_,00480,105
B722__00440.105,14.046485486447946,42.14919562,B722,_,00440,105
B722__00430.105,14.024523417213167,42.15744885,B722,_,00430,105
B722__00420.105,14.006253468719684,42.148922,B722,_,00420,105
B722__00400.105,14.000958761422847,42.15082199,B722,_,00400,105
B722__00390.105,14.001079307662128,42.143865579999996,B722,_,00390,105
B722__00380.105,13.997895905431685,42.141086435000005,B722,_,00380,105
B722__00370.105,13.9939140013062,42.14327491,B722,_,00370,105
B722__00360.105,13.99759590548704,42.15087208,B722,_,00360,105
B722__00340.105,13.9688426163255,42.140693595,B722,_,00340,105
B722__00330.105,13.977152982824613,42.147374565,B722,_,00330,105
B722__00300.105,14.027874434268583,42.164265900000004,B722,_,00300,105
B722__00290.105,14.00328432971073,42.16136532,B722,_,00290,105
B722__0028.105,13.997851091866025,42.158987065000005,B722,_,0028,105
B722__00270.105,13.989925446470664,42.155903315,B722,_,00270,105
B722__00260.105,13.986621342166934,42.16359984,B722,_,00260,105
B722__00250.105,13.977296751868156,42.164572585,B722,_,00250,105
B722__00230.105,14.061610710305759,42.165637945,B722,_,00230,105
B722__00220.105,14.0585461686049,42.170336410000004,B722,_,00220,105
B722__00210.105,14.034349685308738,42.169810565,B722,_,00210,105
B722__00200.105,14.02032019153491,42.166272065,B722,_,00200,105
B722__00180.105,14.022027523173449,42.177139714999996,B722,_,00180,105
B722__00170.105,14.01417809309292,42.177992360000005,B722,_,00170,105
B722__00160.105,14.002582126403864,42.17133471,B722,_,00160,105
B722__00150.105,13.99030031298248,42.174489305,B722,_,00150,105
B722__00140.105,13.987308175776928,42.173503345,B722,_,00140,105
B722__00130.105,13.977123582621939,42.172830250000004,B722,_,00130,105
B722__00120.105,14.003330376232627,42.189731785,B722,_,00120,105
B722__00110.105,13.990778041760988,42.182578505,B722,_,00110,105
B722__00100.105,13.98552148451086,42.186662909999995,B722,_,00100,105
B722__0009.105,13.968962848764692,42.18694002,B722,_,0009,105
B722__00080.105,13.960258451271653,42.188467655,B722,_,00080,105
B722__00070.105,13.996299009330578,42.195027705,B722,_,00070,105
B722__00060.105,13.989869570838492,42.200838579999996,B722,_,00060,105
B722__00050.105,13.98208540026289,42.193153565,B722,_,00050,105
B722__00040.105,13.972573624123052,42.199000185,B722,_,00040,105
B722__00030.105,13.962036558415537,42.19705698,B722,_,00030,105
B722__00020.105,13.98209453360957,42.206159174999996,B722,_,00020,105
B722__00050.1050,13.98212729822153,42.194805625,B722,_,00050,1050
B722__0051.1050,14.008199342398758,42.133514195000004,B722,_,0051,1050
B722__00290.1050,14.008982564388493,42.159981654999996,B722,_,00290,1050
B722__0028.1050,13.99873547495333,42.158117415,B722,_,0028,1050
B722__0009.1050,13.968594474980318,42.187311019999996,B722,_,0009,1050
B722__00060.1050,13.988535859068163,42.189981169999996,B722,_,00060,1050
B722__00050.1051,13.98197206330774,42.194656120000005,B722,_,00050,1051
B722__0051.1051,14.008215101880888,42.133648089999994,B722,_,0051,1051
B722__00420.1051,14.00944613046607,42.147224795,B722,_,00420,1051
B722__00290.1051,14.008971391037289,42.160074275,B722,_,00290,1051
B722__0028.1051,14.001719020436736,42.15704969,B722,_,0028,1051
B722__0009.1051,13.968651979066184,42.187246325000004,B722,_,0009,1051
B722__00060.1051,13.988070468565216,42.1912339,B722,_,00060,1051
B722__00050.1052,13.981960727760057,42.194557515,B722,_,00050,1052
B722__0051.1052,14.008115640146228,42.133641585,B722,_,0051,1052
B722__00290.1052,14.003389787181991,42.15877963,B722,_,00290,1052
B722__0028.1052,13.999712229238824,42.158786004999996,B722,_,0028,1052
B722__00060.1052,13.988154493187338,42.194210145,B722,_,00060,1052
B722__00050.1053,13.981958390328414,42.194421205,B722,_,00050,1053
B722__0051.1053,14.008097272916084,42.133715249999995,B722,_,0051,1053
B722__00420.1053,14.009398670759879,42.14754332,B722,_,00420,1053
B722__00060.1053,13.988190197157735,42.19430695,B722,_,00060,1053
B722__00050.1054,13.981887179636672,42.194342485,B722,_,00050,1054
B722__0051.1054,14.008029391300564,42.133771995000004,B722,_,0051,1054
B722__00420.1054,14.00948262464966,42.147525115,B722,_,00420,1054
B722__00060.1054,13.98825269995164,42.194310779999995,B722,_,00060,1054
B722__00050.1055,13.981767675317926,42.194321265,B722,_,00050,1055
B722__0051.1055,14.008882334259557,42.13388624,B722,_,0051,1055
B722__00420.1055,14.009533547404615,42.147509725,B722,_,00420,1055
B722__0028.1055,13.99775802106836,42.159054420000004,B722,_,0028,1055
B722__0009.1055,13.968955700734355,42.18677688,B722,_,0009,1055
B722__00060.1055,13.987293104115135,42.193735595,B722,_,00060,1055
B722__00050.1056,13.981716658032276,42.1941712,B722,_,00050,1056
B722__0051.1056,14.008843165265807,42.133896390000004,B722,_,0051,1056
B722__00420.1056,14.019472414051902,42.146168495,B722,_,00420,1056
B722__00290.1056,14.010980762541163,42.159665745,B722,_,00290,1056
B722__0028.1056,14.000134953022945,42.157482005000006,B722,_,0028,1056
B722__00060.1056,13.987178991288783,42.19373375,B722,_,00060,1056
B722__00050.1057,13.981974888773301,42.194200845,B722,_,00050,1057
B722__0051.1057,14.008806830819633,42.13392951,B722,_,0051,1057
B722__00420.1057,14.018568553322144,42.144788375000005,B722,_,00420,1057
B722__0028.1057,14.000139722642665,42.157630635000004,B722,_,0028,1057
B722__0009.1057,13.969424534915182,42.186782585,B722,_,0009,1057
B722__00060.1057,13.987125277217114,42.193716695000006,B722,_,00060,1057
B722__00050.1058,13.982056063871322,42.194271415,B722,_,00050,1058
B722__0051.1058,14.008718894040816,42.13389627,B722,_,0051,1058
B722__00420.1058,14.01537673749945,42.14728848,B722,_,00420,1058
B722__0028.1058,14.003145714861128,42.157685685000004,B722,_,0028,1058
B722__0009.1058,13.969628308507069,42.18685402,B722,_,0009,1058
B722__00050.1059,13.982136117753816,42.19434089000001,B722,_,00050,1059
B722__0051.1059,14.009125119103135,42.133878870000004,B722,_,0051,1059
B722__00420.1059,14.015623878849073,42.14739533,B722,_,00420,1059
B722__00290.1059,14.0086443295311,42.16037547,B722,_,00290,1059
B722__0028.1059,14.002148003231476,42.157922965,B722,_,0028,1059
B722__0009.1059,13.969590228773086,42.186854135000004,B722,_,0009,1059
B722__00060.1059,13.985805565182446,42.197256295,B722,_,00060,1059
B722__00010.106,13.966196954636487,42.208327714999996,B722,_,00010,106
B722__00610.106,13.996412311644361,42.114348965000005,B722,_,00610,106
B722__00590.106,14.000372515213854,42.129422520000006,B722,_,00590,106
B722__00540.106,14.04297457416124,42.142662185,B722,_,00540,106
B722__00530.106,14.030566129819224,42.145409645,B722,_,00530,106
B722__00520.106,14.009949797797667,42.14227276,B722,_,00520,106
B722__0051.106,14.004334364251354,42.141732785,B722,_,0051,106
B722__00500.106,13.992760099872601,42.133047610000006,B722,_,00500,106
B722__00490.106,13.991015906731253,42.128861175,B722,_,00490,106
B722__00480.106,13.986167080231684,42.137250275,B722,_,00480,106
B722__00440.106,14.045406254207766,42.14919079,B722,_,00440,106
B722__00430.106,14.024577054848056,42.15736728,B722,_,00430,106
B722__00420.106,14.00634702370454,42.14887925,B722,_,00420,106
B722__00400.106,14.001343189400359,42.15080528,B722,_,00400,106
B722__00390.106,14.001234881787134,42.144009345,B722,_,00390,106
B722__00380.106,13.9979475891638,42.14082974,B722,_,00380,106
B722__00370.106,13.993947463037744,42.14325771,B722,_,00370,106
B722__00360.106,13.997460176441617,42.150728525,B722,_,00360,106
B722__00350.106,13.986612742963931,42.146878490000006,B722,_,00350,106
B722__00340.106,13.965729842675618,42.142793635,B722,_,00340,106
B722__00330.106,13.977184155035996,42.148446045,B722,_,00330,106
B722__00300.106,14.02778290254405,42.16411742,B722,_,00300,106
B722__00290.106,14.003387062509658,42.161482265000004,B722,_,00290,106
B722__0028.106,13.997898645503003,42.15888782,B722,_,0028,106
B722__00270.106,13.991349979420637,42.15561715,B722,_,00270,106
B722__00260.106,13.986121647069023,42.163262925,B722,_,00260,106
B722__00250.106,13.97769939708251,42.164522475,B722,_,00250,106
B722__00230.106,14.062609927806044,42.16544564,B722,_,00230,106
B722__00220.106,14.058313644254849,42.169946015,B722,_,00220,106
B722__00210.106,14.034301796573654,42.169215185,B722,_,00210,106
B722__00200.106,14.02091383583726,42.165926205000005,B722,_,00200,106
B722__00180.106,14.022634751577,42.177507935,B722,_,00180,106
B722__00170.106,14.013899513706907,42.177323185,B722,_,00170,106
B722__00160.106,14.003082740587175,42.17127158,B722,_,00160,106
B722__00150.106,13.990560215423468,42.174517730000005,B722,_,00150,106
B722__00140.106,13.987341170102425,42.17330446,B722,_,00140,106
B722__00130.106,13.98320999373556,42.173908905000005,B722,_,00130,106
B722__00120.106,14.003218402433376,42.188969695,B722,_,00120,106
B722__00110.106,13.991005673947026,42.183699865,B722,_,00110,106
B722__00100.106,13.985452438135962,42.186358235,B722,_,00100,106
B722__0009.106,13.968961015621662,42.186974585,B722,_,0009,106
B722__00080.106,13.960245455287161,42.18830011,B722,_,00080,106
B722__00060.106,13.99156262454234,42.19959206,B722,_,00060,106
B722__00050.106,13.982377329923807,42.193530725,B722,_,00050,106
B722__00040.106,13.972441073763314,42.198885105,B722,_,00040,106
B722__00030.106,13.962898738835346,42.197528155,B722,_,00030,106
B722__00020.106,13.982064845807475,42.205770744999995,B722,_,00020,106
B722__00050.1060,13.9822215794655,42.194413405,B722,_,00050,1060
B722__0051.1060,14.008841546378722,42.133702834999994,B722,_,0051,1060
B722__00420.1060,14.01591331460676,42.147454055,B722,_,00420,1060
B722__0009.1060,13.967892981465186,42.186503645,B722,_,0009,1060
B722__00050.1061,13.98228970124648,42.194518245,B722,_,00050,1061
B722__00510.1061,14.009078762084968,42.13444506,B722,_,00510,1061
B722__00420.1061,14.016200176246738,42.14770958,B722,_,00420,1061
B722__00290.1061,14.011073863849703,42.159889445000005,B722,_,00290,1061
B722__0009.1061,13.9678099155238,42.186371405,B722,_,0009,1061
B722__00050.1062,13.97782744229885,42.19219434,B722,_,00050,1062
B722__00510.1062,14.008909586938604,42.134391480000005,B722,_,00510,1062
B722__00420.1062,14.017978279585408,42.144275335,B722,_,00420,1062
B722__00290.1062,14.011123146860417,42.158364215000006,B722,_,00290,1062
B722__0028.1062,14.00238701559811,42.15777143,B722,_,0028,1062
B722__0009.1062,13.970400303986487,42.186727545,B722,_,0009,1062
B722__00060.1062,13.988591124888666,42.192153114999996,B722,_,00060,1062
B722__00050.1063,13.978557670384657,42.19323561,B722,_,00050,1063
B722__00510.1063,14.008743793743601,42.134362195,B722,_,00510,1063
B722__00420.1063,14.018137316520665,42.14424654,B722,_,00420,1063
B722__0028.1063,14.002475555961915,42.157747965,B722,_,0028,1063
B722__0009.1063,13.969094013980548,42.186370780000004,B722,_,0009,1063
B722__00060.1063,13.988855407570904,42.19242157,B722,_,00060,1063
B722__00060.1064,13.988512711444434,42.191546275,B722,_,00060,1064
B722__00510.1064,14.008663937719462,42.13436122,B722,_,00510,1064
B722__00420.1064,14.017736497664991,42.14384454,B722,_,00420,1064
B722__00290.1064,14.004533275123814,42.160403259999995,B722,_,00290,1064
B722__00050.1065,13.979784081463219,42.187383265,B722,_,00050,1065
B722__00510.1065,14.008607036934052,42.134359315,B722,_,00510,1065
B722__00420.1065,14.025486323809647,42.147944195,B722,_,00420,1065
B722__00290.1065,14.00464568602246,42.16047023,B722,_,00290,1065
B722__0028.1065,14.004590262398489,42.15634334,B722,_,0028,1065
B722__0009.1065,13.968334774768831,42.1870861,B722,_,0009,1065
B722__00060.1065,13.988783868052462,42.19139759,B722,_,00060,1065
B722__00050.1066,13.982880413902382,42.192832304999996,B722,_,00050,1066
B722__00510.1066,14.009138320358398,42.133093825,B722,_,00510,1066
B722__00420.1066,14.018692758161675,42.143105605,B722,_,00420,1066
B722__00290.1066,14.009950087694165,42.159834489999994,B722,_,00290,1066
B722__0028.1066,14.00452036035248,42.156356345,B722,_,0028,1066
B722__0009.1066,13.968216800198945,42.18702476,B722,_,0009,1066
B722__00060.1066,13.98975078163176,42.192653455,B722,_,00060,1066
B722__00050.1067,13.982377586009516,42.192468680000005,B722,_,00050,1067
B722__00510.1067,14.009402993590074,42.133217525,B722,_,00510,1067
B722__00420.1067,14.01903990062761,42.142860135,B722,_,00420,1067
B722__00290.1067,14.008851889654165,42.160542395,B722,_,00290,1067
B722__0028.1067,14.004602074164747,42.156383465,B722,_,0028,1067
B722__0009.1067,13.96824324949257,42.186971314999994,B722,_,0009,1067
B722__00060.1067,13.989896325142428,42.192508155,B722,_,00060,1067
B722__00050.1068,13.978870990438434,42.18845487,B722,_,00050,1068
B722__00510.1068,14.009553741011123,42.13326187,B722,_,00510,1068
B722__00420.1068,14.019303534936736,42.142590330000004,B722,_,00420,1068
B722__00290.1068,14.004166235955264,42.16023855,B722,_,00290,1068
B722__0009.1068,13.968646737304741,42.187084694999996,B722,_,0009,1068
B722__00060.1068,13.990107062590564,42.192439234999995,B722,_,00060,1068
B722__00050.1069,13.97910844162165,42.188498394999996,B722,_,00050,1069
B722__00510.1069,14.009226146340076,42.133297979999995,B722,_,00510,1069
B722__00420.1069,14.019534885741418,42.14234682,B722,_,00420,1069
B722__0009.1069,13.968690076186235,42.18689834,B722,_,0009,1069
B722__00060.1069,13.990125453849512,42.192235395,B722,_,00060,1069
B722__00010.107,13.968032611533971,42.21083231,B722,_,00010,107
B722__00610.107,13.996700326021003,42.11443093,B722,_,00610,107
B722__00590.107,14.001286563878672,42.12940696,B722,_,00590,107
B722__00540.107,14.039664233736321,42.146684905,B722,_,00540,107
B722__00530.107,14.03087000447886,42.14506514,B722,_,00530,107
B722__00520.107,14.0100119769898,42.142279900000005,B722,_,00520,107
B722__0051.107,14.004444962170487,42.1416702,B722,_,0051,107
B722__00500.107,13.992964291124837,42.133263875,B722,_,00500,107
B722__00490.107,13.991496253289656,42.128224474999996,B722,_,00490,107
B722__00480.107,13.98587297397003,42.13696181,B722,_,00480,107
B722__00440.107,14.048101550048669,42.148919245,B722,_,00440,107
B722__00430.107,14.024708324350573,42.157524034999994,B722,_,00430,107
B722__00420.107,14.006369013759528,42.148843895,B722,_,00420,107
B722__00400.107,14.001829421820473,42.150760045,B722,_,00400,107
B722__00390.107,14.00140033962981,42.14391865,B722,_,00390,107
B722__00380.107,13.998219142345306,42.141030825,B722,_,00380,107
B722__00370.107,13.993898353230893,42.143385640000005,B722,_,00370,107
B722__00360.107,13.997089148106632,42.150486380000004,B722,_,00360,107
B722__00350.107,13.973381417302441,42.143588435,B722,_,00350,107
B722__00340.107,13.9659372940983,42.141802885000004,B722,_,00340,107
B722__00330.107,13.9775185451632,42.14851187,B722,_,00330,107
B722__00300.107,14.029230678232839,42.16140952,B722,_,00300,107
B722__00290.107,14.003404575386828,42.16158723,B722,_,00290,107
B722__0028.107,13.997951972376034,42.158879255,B722,_,0028,107
B722__00270.107,13.990164959480733,42.156942349999994,B722,_,00270,107
B722__00260.107,13.985872992705136,42.163400175,B722,_,00260,107
B722__00250.107,13.9778927201829,42.164476185,B722,_,00250,107
B722__00230.107,14.062951257538181,42.165365745,B722,_,00230,107
B722__00220.107,14.058198174248666,42.169411145,B722,_,00220,107
B722__00210.107,14.034518527638404,42.16910168,B722,_,00210,107
B722__00200.107,14.020585139003142,42.16748269,B722,_,00200,107
B722__00180.107,14.024165959224831,42.176001665,B722,_,00180,107
B722__00170.107,14.015504159468048,42.177688325000005,B722,_,00170,107
B722__00160.107,14.003232274041965,42.17127271,B722,_,00160,107
B722__00150.107,13.989940311048642,42.174294775,B722,_,00150,107
B722__00140.107,13.987418757672103,42.173247085,B722,_,00140,107
B722__00130.107,13.977554043897179,42.173137125,B722,_,00130,107
B722__00120.107,14.00308089187072,42.18875019,B722,_,00120,107
B722__00110.107,13.991381280299084,42.18370224,B722,_,00110,107
B722__00100.107,13.985665370627428,42.186374625,B722,_,00100,107
B722__0009.107,13.968961019601217,42.187000385000005,B722,_,0009,107
B722__00080.107,13.960891147515422,42.18847237,B722,_,00080,107
B722__00070.107,13.99739205404974,42.195071354999996,B722,_,00070,107
B722__00060.107,13.991730470049756,42.199344589999995,B722,_,00060,107
B722__00050.107,13.982552980969169,42.19349151,B722,_,00050,107
B722__00040.107,13.973070826894059,42.19898375,B722,_,00040,107
B722__00030.107,13.962764316454606,42.19735397,B722,_,00030,107
B722__00020.107,13.982527257711169,42.205208825,B722,_,00020,107
B722__00050.1070,13.979145741919398,42.18858744,B722,_,00050,1070
B722__00510.1070,14.009408765088828,42.133399235,B722,_,00510,1070
B722__00420.1070,14.019751461367463,42.142775805,B722,_,00420,1070
B722__00290.1070,14.003772986493374,42.158922985000004,B722,_,00290,1070
B722__0028.1070,14.004613123196275,42.156318795,B722,_,0028,1070
B722__0009.1070,13.970726925484229,42.185416315,B722,_,0009,1070
B722__00060.1070,13.99030005107112,42.19206237,B722,_,00060,1070
B722__00050.1071,13.978886960493199,42.18754783,B722,_,00050,1071
B722__00510.1071,14.004477190364874,42.131148495,B722,_,00510,1071
B722__00420.1071,14.020629214001005,42.142491635,B722,_,00420,1071
B722__0028.1071,14.004569505586872,42.156309065,B722,_,0028,1071
B722__00090.1071,13.973224052174189,42.187412465,B722,_,00090,1071
B722__00060.1071,13.990488638225832,42.19206031,B722,_,00060,1071
B722__00050.1072,13.979026393080307,42.187541015,B722,_,00050,1072
B722__00290.1072,14.011886437548622,42.159278615,B722,_,00290,1072
B722__0028.1072,14.004652930340791,42.156384105,B722,_,0028,1072
B722__00090.1072,13.973373644903054,42.187361855,B722,_,00090,1072
B722__00060.1072,13.990684422329576,42.19206031,B722,_,00060,1072
B722__00060.1073,13.99098445350316,42.19219266,B722,_,00060,1073
B722__0051.1073,14.004218551712146,42.138433575,B722,_,0051,1073
B722__0028.1073,14.00468402357293,42.156331335,B722,_,0028,1073
B722__00090.1073,13.973532179844874,42.18732548,B722,_,00090,1073
B722__00050.1074,13.978892752084011,42.18750129,B722,_,00050,1074
B722__00510.1074,14.004840017519328,42.133693915,B722,_,00510,1074
B722__00290.1074,14.012157721840413,42.15850858,B722,_,00290,1074
B722__00090.1074,13.973757902772505,42.187312344999995,B722,_,00090,1074
B722__00060.1074,13.990986399878098,42.19192803,B722,_,00060,1074
B722__00050.1075,13.979014388232475,42.187470825000005,B722,_,00050,1075
B722__00510.1075,14.004048331253621,42.132110655000005,B722,_,00510,1075
B722__0028.1075,14.004718203505437,42.156332485,B722,_,0028,1075
B722__00090.1075,13.973919233056321,42.187158945,B722,_,00090,1075
B722__00060.1075,13.989326600723016,42.191639280000004,B722,_,00060,1075
B722__00060.1076,13.989474100722607,42.19159011,B722,_,00060,1076
B722__0051.1076,14.00759847288353,42.13395155,B722,_,0051,1076
B722__00090.1076,13.97745051965676,42.186521125,B722,_,00090,1076
B722__00060.1077,13.989572010752273,42.191552349999995,B722,_,00060,1077
B722__0051.1077,14.00753624241625,42.13396696,B722,_,0051,1077
B722__00290.1077,14.011276707742695,42.161590755,B722,_,00290,1077
B722__00090.1077,13.977590651997454,42.1862252,B722,_,00090,1077
B722__00050.1078,13.97931351096851,42.187284795,B722,_,00050,1078
B722__0051.1078,14.00753048970594,42.13399597,B722,_,0051,1078
B722__00290.1078,14.011220723240672,42.16154968,B722,_,00290,1078
B722__00090.1078,13.978142270667721,42.18659469,B722,_,00090,1078
B722__00060.1078,13.98604733034259,42.19452747,B722,_,00060,1078
B722__00060.1079,13.986206456629299,42.1943917,B722,_,00060,1079
B722__0051.1079,14.00753764516459,42.134030045,B722,_,0051,1079
B722__00420.1079,14.021772590770944,42.149593665,B722,_,00420,1079
B722__00290.1079,14.012840185905475,42.160543614999995,B722,_,00290,1079
B722__0028.1079,14.002595545351891,42.157828445,B722,_,0028,1079
B722__00090.1079,13.977213089703472,42.1862218,B722,_,00090,1079
B722__00010.108,13.9666240084575,42.20822131,B722,_,00010,108
B722__00610.108,13.997092048765325,42.11495313,B722,_,00610,108
B722__00590.108,14.001674373281055,42.12972928,B722,_,00590,108
B722__00540.108,14.043924681566843,42.142822769999995,B722,_,00540,108
B722__00530.108,14.031734222967163,42.14535706,B722,_,00530,108
B722__00520.108,14.010041290834014,42.142329180000004,B722,_,00520,108
B722__0051.108,14.004501451275981,42.141634515,B722,_,0051,108
B722__00500.108,13.994285639977425,42.132736210000004,B722,_,00500,108
B722__00490.108,13.99217043676173,42.12807581,B722,_,00490,108
B722__00480.108,13.984887601929216,42.13667831,B722,_,00480,108
B722__00440.108,14.049334622029622,42.14897936,B722,_,00440,108
B722__00430.108,14.024751993092998,42.157376979999995,B722,_,00430,108
B722__00420.108,14.006317620549837,42.14877099,B722,_,00420,108
B722__00400.108,14.002102818869266,42.150819505,B722,_,00400,108
B722__00390.108,14.00121077977235,42.1436997,B722,_,00390,108
B722__00380.108,13.998216843428438,42.140634925,B722,_,00380,108
B722__00360.108,13.998085814350432,42.150967945000005,B722,_,00360,108
B722__00350.108,13.973742228874613,42.144135410000004,B722,_,00350,108
B722__00340.108,13.966658877309868,42.14180255,B722,_,00340,108
B722__00330.108,13.977465077339112,42.148325005000004,B722,_,00330,108
B722__00300.108,14.034731169377977,42.16399762,B722,_,00300,108
B722__0028.108,13.998012171132842,42.158859115,B722,_,0028,108
B722__00270.108,13.99061909396432,42.156103455,B722,_,00270,108
B722__00260.108,13.985748556003411,42.163414435,B722,_,00260,108
B722__00250.108,13.977295008779237,42.164148135000005,B722,_,00250,108
B722__00230.108,14.063453123212248,42.165664910000004,B722,_,00230,108
B722__00220.108,14.058572848247588,42.168906305,B722,_,00220,108
B722__00210.108,14.033580865483891,42.168221735,B722,_,00210,108
B722__00200.108,14.021391962322216,42.168471165,B722,_,00200,108
B722__00190.108,13.989956073809761,42.168309885,B722,_,00190,108
B722__00180.108,14.02602191360318,42.175497385,B722,_,00180,108
B722__00160.108,14.003407293923392,42.171417505,B722,_,00160,108
B722__00140.108,13.987633281193201,42.173339335,B722,_,00140,108
B722__00130.108,13.976422954741182,42.171853575,B722,_,00130,108
B722__00120.108,14.003928249041245,42.188714895000004,B722,_,00120,108
B722__00110.108,13.991221867846296,42.182795255,B722,_,00110,108
B722__00100.108,13.985841586508155,42.18635937,B722,_,00100,108
B722__0009.108,13.969044200157816,42.186966049999995,B722,_,0009,108
B722__00080.108,13.961272626895493,42.18839212,B722,_,00080,108
B722__00070.108,13.99735901071427,42.195346555,B722,_,00070,108
B722__00060.108,13.991956345599199,42.19938451,B722,_,00060,108
B722__00050.108,13.982308009292801,42.19316667,B722,_,00050,108
B722__00040.108,13.973906615334052,42.199009575000005,B722,_,00040,108
B722__00030.108,13.962754405110358,42.197279065000004,B722,_,00030,108
B722__00020.108,13.98288951760263,42.205235205,B722,_,00020,108
B722__00060.1080,13.98553786154029,42.193573,B722,_,00060,1080
B722__0051.1080,14.008109025309755,42.134119605,B722,_,0051,1080
B722__00420.1080,14.026393612171468,42.14953926,B722,_,00420,1080
B722__00290.1080,14.012893030720061,42.160380384999996,B722,_,00290,1080
B722__0028.1080,14.000861571800048,42.158276285,B722,_,0028,1080
B722__00090.1080,13.970317148906325,42.184699345,B722,_,00090,1080
B722__00060.1081,13.985441084937209,42.193640765,B722,_,00060,1081
B722__0051.1081,14.00681998545992,42.14079681,B722,_,0051,1081
B722__0028.1081,14.00187692409067,42.157655919999996,B722,_,0028,1081
B722__00090.1081,13.973242935223578,42.183285760000004,B722,_,00090,1081
B722__00050.1082,13.981921467358163,42.195478545,B722,_,00050,1082
B722__0051.1082,14.006811969954517,42.14086693,B722,_,0051,1082
B722__00420.1082,14.0047262762141,42.151320415,B722,_,00420,1082
B722__0028.1082,14.001859115574998,42.157699519999994,B722,_,0028,1082
B722__00090.1082,13.973347792742146,42.183111315,B722,_,00090,1082
B722__00060.1082,13.985177505346996,42.193684469999994,B722,_,00060,1082
B722__00050.1083,13.98073272887354,42.19510934,B722,_,00050,1083
B722__0051.1083,14.005785565264741,42.141404025,B722,_,0051,1083
B722__00290.1083,14.011772526443616,42.15918483,B722,_,00290,1083
B722__00090.1083,13.97334503261821,42.182823905,B722,_,00090,1083
B722__00060.1083,13.984653367698108,42.19385604,B722,_,00060,1083
B722__00050.1084,13.980632635104076,42.19531301,B722,_,00050,1084
B722__0051.1084,14.00371038565974,42.140088975,B722,_,0051,1084
B722__00290.1084,14.011925256132281,42.158961595,B722,_,00290,1084
B722__0028.1084,13.998555418332515,42.158549574999995,B722,_,0028,1084
B722__00090.1084,13.973249354510013,42.181283355000005,B722,_,00090,1084
B722__00060.1084,13.985382322407913,42.193974165,B722,_,00060,1084
B722__00050.1085,13.980575004472698,42.19531301,B722,_,00050,1085
B722__0051.1085,14.003649943170448,42.140056665,B722,_,0051,1085
B722__00420.1085,14.024400715613885,42.14850661,B722,_,00420,1085
B722__00290.1085,14.011964439126583,42.15887731,B722,_,00290,1085
B722__0028.1085,14.00439916102572,42.15627673,B722,_,0028,1085
B722__00090.1085,13.974587553543202,42.18115929,B722,_,00090,1085
B722__00060.1085,13.98578519330266,42.193605500000004,B722,_,00060,1085
B722__00050.1086,13.980782356390673,42.195131695,B722,_,00050,1086
B722__00420.1086,14.024657844645395,42.14864575,B722,_,00420,1086
B722__00090.1086,13.97378619377088,42.1807087,B722,_,00090,1086
B722__00060.1086,13.986873202575852,42.193141620000006,B722,_,00060,1086
B722__00050.1087,13.9808542995642,42.1952621,B722,_,00050,1087
B722__00420.1087,14.025146074466715,42.148666235,B722,_,00420,1087
B722__00290.1087,14.012145498259493,42.1587964,B722,_,00290,1087
B722__00090.1087,13.974343386740603,42.18107155,B722,_,00090,1087
B722__00060.1087,13.986195158313208,42.192998435,B722,_,00060,1087
B722__00050.1088,13.980990289771562,42.19530632,B722,_,00050,1088
B722__0051.1088,14.005350580892957,42.139142844999995,B722,_,0051,1088
B722__00420.1088,14.02542294280073,42.148622775,B722,_,00420,1088
B722__00290.1088,14.011757060775372,42.15903242,B722,_,00290,1088
B722__0028.1088,13.997759966834252,42.15865044,B722,_,0028,1088
B722__00090.1088,13.974096234485579,42.18120415,B722,_,00090,1088
B722__00060.1088,13.987609912771148,42.191330269999995,B722,_,00060,1088
B722__00050.1089,13.981158247656984,42.194836145,B722,_,00050,1089
B722__00510.1089,14.006281278248114,42.139492735000005,B722,_,00510,1089
B722__00420.1089,14.022191602533859,42.149372755,B722,_,00420,1089
B722__00290.1089,14.011846776048737,42.15904716,B722,_,00290,1089
B722__00090.1089,13.971385824841477,42.17801502499999,B722,_,00090,1089
B722__00060.1089,13.987472418247105,42.191471945,B722,_,00060,1089
B722__00010.109,13.967519310269019,42.208576719999996,B722,_,00010,109
B722__00610.109,13.997823226898152,42.11536066,B722,_,00610,109
B722__00600.109,14.011960350642394,42.12723172,B722,_,00600,109
B722__00590.109,14.002574015613074,42.130305879999995,B722,_,00590,109
B722__00540.109,14.044262291959182,42.14260229,B722,_,00540,109
B722__00530.109,14.032373632030126,42.145201310000004,B722,_,00530,109
B722__00520.109,14.010016094456136,42.142170820000004,B722,_,00520,109
B722__0051.109,14.004574751054452,42.141575245,B722,_,0051,109
B722__00500.109,13.993907117629462,42.132709825,B722,_,00500,109
B722__00490.109,13.99291466975534,42.12816564,B722,_,00490,109
B722__00480.109,13.97298613406,42.135477210000005,B722,_,00480,109
B722__00440.109,14.050754023103195,42.149245515000004,B722,_,00440,109
B722__00430.109,14.024614096848023,42.15726281,B722,_,00430,109
B722__00420.109,14.00635389502696,42.14874986,B722,_,00420,109
B722__00410.109,14.005067763234239,42.15623886,B722,_,00410,109
B722__00400.109,14.002148110999702,42.15071866,B722,_,00400,109
B722__00390.109,14.001626868207994,42.14347612,B722,_,00390,109
B722__00380.109,13.998375404202326,42.14075998,B722,_,00380,109
B722__00360.109,13.998343947292316,42.15123443,B722,_,00360,109
B722__00350.109,13.974719276795668,42.14445385,B722,_,00350,109
B722__00340.109,13.966840422402617,42.14116892,B722,_,00340,109
B722__00330.109,13.97741257942971,42.148223465,B722,_,00330,109
B722__00300.109,14.017839204955674,42.15942029,B722,_,00300,109
B722__00290.109,14.003853878028805,42.161578864999996,B722,_,00290,109
B722__0028.109,13.998176699702512,42.158814995,B722,_,0028,109
B722__00270.109,13.989876009649786,42.156906219999996,B722,_,00270,109
B722__00260.109,13.985364649570526,42.163170935,B722,_,00260,109
B722__00250.109,13.976936477487978,42.16381668,B722,_,00250,109
B722__00230.109,14.063650961957764,42.165523105,B722,_,00230,109
B722__00220.109,14.059054275626135,42.168707080000004,B722,_,00220,109
B722__00210.109,14.034691477974025,42.168949315,B722,_,00210,109
B722__00200.109,14.022614668794118,42.16924272,B722,_,00200,109
B722__00190.109,13.990045942111305,42.168194709999995,B722,_,00190,109
B722__00180.109,14.025265114702542,42.17700129,B722,_,00180,109
B722__00170.109,14.01240072491513,42.17654944,B722,_,00170,109
B722__00160.109,14.003530707629675,42.171364795,B722,_,00160,109
B722__00150.109,13.989798074832235,42.17414935,B722,_,00150,109
B722__00140.109,13.987906672880914,42.173474729999995,B722,_,00140,109
B722__00130.109,13.977308538512016,42.171778544999995,B722,_,00130,109
B722__00120.109,14.004401477875213,42.189205195,B722,_,00120,109
B722__00110.109,13.991864146882563,42.18281443,B722,_,00110,109
B722__00100.109,13.986269113459366,42.18660008,B722,_,00100,109
B722__0009.109,13.969143112127314,42.18699523,B722,_,0009,109
B722__00080.109,13.960902440091472,42.188352345,B722,_,00080,109
B722__00060.109,13.98214621742974,42.19863095,B722,_,00060,109
B722__00050.109,13.983082038931292,42.193750385,B722,_,00050,109
B722__00040.109,13.975564560672286,42.198442299999996,B722,_,00040,109
B722__00030.109,13.962606863155584,42.197246925,B722,_,00030,109
B722__00020.109,13.982396698894076,42.205586245000006,B722,_,00020,109
B722__00050.1090,13.981358326470446,42.195110925,B722,_,00050,1090
B722__00510.1090,14.007745893331894,42.13208838,B722,_,00510,1090
B722__00420.1090,14.015580744432615,42.147023175,B722,_,00420,1090
B722__00290.1090,14.011120179921747,42.15952982,B722,_,00290,1090
B722__00090.1090,13.971302380989298,42.177622055,B722,_,00090,1090
B722__00060.1090,13.988129393514836,42.200742215,B722,_,00060,1090
B722__00050.1091,13.981410486547697,42.19516676,B722,_,00050,1091
B722__00510.1091,14.00793426070209,42.132098420000005,B722,_,00510,1091
B722__00420.1091,14.015743193770234,42.146966135,B722,_,00420,1091
B722__00290.1091,14.011099039933281,42.159569605,B722,_,00290,1091
B722__00050.1092,13.981089335614694,42.195471995000005,B722,_,00050,1092
B722__00420.1092,14.015816877358526,42.146915,B722,_,00420,1092
B722__00290.1092,14.011047832340221,42.15959579,B722,_,00290,1092
B722__0009.1092,13.969859756806414,42.187398205,B722,_,0009,1092
B722__00060.1092,13.988845159915517,42.199409555,B722,_,00060,1092
B722__00060.1093,13.982292733372436,42.19777706,B722,_,00060,1093
B722__00420.1093,14.011667097832618,42.1501143,B722,_,00420,1093
B722__00290.1093,14.011116363265199,42.15961733,B722,_,00290,1093
B722__0009.1093,13.970469965744229,42.18704989,B722,_,0009,1093
B722__00060.1094,13.982361417451195,42.197536715,B722,_,00060,1094
B722__00510.1094,14.000901760685094,42.138598,B722,_,00510,1094
B722__00420.1094,14.011838924574743,42.1509188,B722,_,00420,1094
B722__00090.1094,13.972761531770821,42.185845855,B722,_,00090,1094
B722__00050.1095,13.979202423260645,42.187082535,B722,_,00050,1095
B722__00420.1095,14.01242491612693,42.151131065,B722,_,00420,1095
B722__00290.1095,14.012281498874419,42.15889387,B722,_,00290,1095
B722__00090.1095,13.972767200056648,42.185745275,B722,_,00090,1095
B722__00060.1095,13.983250838214714,42.198180795,B722,_,00060,1095
B722__00050.1096,13.975981133645574,42.191006404999996,B722,_,00050,1096
B722__00420.1096,14.011981740678696,42.151342825,B722,_,00420,1096
B722__00090.1096,13.96959837294048,42.182111094999996,B722,_,00090,1096
B722__00060.1096,13.983073005074534,42.197879895,B722,_,00060,1096
B722__00050.1097,13.978528188486376,42.18729918,B722,_,00050,1097
B722__0051.1097,14.003582445233311,42.14144117,B722,_,0051,1097
B722__00420.1097,14.012361843047396,42.151329090000004,B722,_,00420,1097
B722__00290.1097,14.01226109892102,42.158863185,B722,_,00290,1097
B722__00090.1097,13.973338219498466,42.17744465,B722,_,00090,1097
B722__00060.1097,13.982792363975106,42.19766948,B722,_,00060,1097
B722__00050.1098,13.97869713885481,42.18709652,B722,_,00050,1098
B722__0051.1098,14.003595903220273,42.14107181,B722,_,0051,1098
B722__00420.1098,14.013451671480084,42.151222000000004,B722,_,00420,1098
B722__00090.1098,13.972863688902608,42.17591007,B722,_,00090,1098
B722__00060.1098,13.986619733592722,42.189733540000006,B722,_,00060,1098
B722__00060.1099,13.986392300272279,42.18977188,B722,_,00060,1099
B722__0051.1099,14.003700684562595,42.141061615,B722,_,0051,1099
B722__00420.1099,14.011923654618318,42.149763625000006,B722,_,00420,1099
B722__00090.1099,13.977217911085589,42.182428064999996,B722,_,00090,1099
B722__00010.11,13.968518286257021,42.210594415,B722,_,00010,11
B722__00610.11,13.993289232680619,42.12159456,B722,_,00610,11
B722__00600.11,14.006639535971175,42.13094171,B722,_,00600,11
B722__00590.11,13.98908559557708,42.12596807,B722,_,00590,11
B722__00580.11,13.994481457034862,42.111308484999995,B722,_,00580,11
B722__00540.11,14.046492740442103,42.146506465,B722,_,00540,11
B722__00530.11,14.035542999777347,42.149260165,B722,_,00530,11
B722__00520.11,14.00835638164168,42.143087995,B722,_,00520,11
B722__0051.11,14.004193012965779,42.14282177,B722,_,0051,11
B722__00500.11,13.985970934248117,42.136538185,B722,_,00500,11
B722__00490.11,13.984918072399378,42.132172264999994,B722,_,00490,11
B722__00480.11,13.975948019866149,42.14040616,B722,_,00480,11
B722__00460.11,14.075901650732728,42.140898719999996,B722,_,00460,11
B722__00450.11,14.066476427450315,42.141996430000006,B722,_,00450,11
B722__00440.11,14.04370043740791,42.154088400000006,B722,_,00440,11
B722__00430.11,14.020641645937696,42.158651575,B722,_,00430,11
B722__00420.11,14.005067785961526,42.1502783,B722,_,00420,11
B722__00400.11,14.003305574566824,42.154512185,B722,_,00400,11
B722__00390.11,14.000973193425242,42.145777859999995,B722,_,00390,11
B722__00380.11,13.999265189707897,42.14256829999999,B722,_,00380,11
B722__00370.11,13.986843789426217,42.14640722,B722,_,00370,11
B722__00360.11,13.997110955134406,42.154436295,B722,_,00360,11
B722__00350.11,13.981461753259602,42.14818604,B722,_,00350,11
B722__00340.11,13.973785745972162,42.149386975,B722,_,00340,11
B722__00330.11,13.972816029283724,42.155504215,B722,_,00330,11
B722__00320.11,14.109138308782487,42.14250125,B722,_,00320,11
B722__00310.11,14.036778667953314,42.161152740000006,B722,_,00310,11
B722__00300.11,14.026037310559929,42.16488786,B722,_,00300,11
B722__0028.11,13.997245922115265,42.159326645,B722,_,0028,11
B722__00270.11,13.991802638779328,42.16128678,B722,_,00270,11
B722__00260.11,13.982605860826592,42.166043654999996,B722,_,00260,11
B722__00250.11,13.98084969855216,42.16726957,B722,_,00250,11
B722__00240.11,14.106450323047442,42.15276849,B722,_,00240,11
B722__00230.11,14.069577203942881,42.170934425,B722,_,00230,11
B722__00220.11,14.044655316539323,42.171829675,B722,_,00220,11
B722__00210.11,14.03688870168737,42.173441565000005,B722,_,00210,11
B722__00200.11,14.017680041883999,42.169594290000006,B722,_,00200,11
B722__00190.11,13.993710391695696,42.169041365,B722,_,00190,11
B722__00180.11,14.02007977915423,42.179900995,B722,_,00180,11
B722__00170.11,14.014874396259398,42.18200531,B722,_,00170,11
B722__00160.11,14.006180589518978,42.177243585,B722,_,00160,11
B722__00150.11,13.996165839273537,42.178448790000004,B722,_,00150,11
B722__00130.11,13.97937995612298,42.17919972,B722,_,00130,11
B722__00120.11,14.005265756935998,42.19478704,B722,_,00120,11
B722__00110.11,13.994961075514777,42.187371125,B722,_,00110,11
B722__00100.11,13.981391838926294,42.18843391,B722,_,00100,11
B722__00080.11,13.959297084271652,42.190558585,B722,_,00080,11
B722__00070.11,13.997085793951026,42.197404355,B722,_,00070,11
B722__00040.11,13.9729652565209,42.202241075,B722,_,00040,11
B722__00030.11,13.968042997151443,42.20055734,B722,_,00030,11
B722__00020.11,13.974697582453992,42.208614045000004,B722,_,00020,11
B722__00010.110,13.966862736720348,42.208706205,B722,_,00010,110
B722__00610.110,13.998162506458836,42.115646955,B722,_,00610,110
B722__00600.110,14.0048086412488,42.12471282,B722,_,00600,110
B722__00590.110,14.002877191776742,42.130521845000004,B722,_,00590,110
B722__00540.110,14.045427311459289,42.14304085,B722,_,00540,110
B722__00530.110,14.034001167354491,42.14572645,B722,_,00530,110
B722__00520.110,14.010176904589166,42.14224824,B722,_,00520,110
B722__00500.110,13.99379335653085,42.132116795,B722,_,00500,110
B722__00490.110,13.992610660640226,42.128036755,B722,_,00490,110
B722__00480.110,13.97392202050257,42.135643145,B722,_,00480,110
B722__00440.110,14.051206728443482,42.1493264,B722,_,00440,110
B722__00430.110,14.024984026155591,42.157345095,B722,_,00430,110
B722__00420.110,14.00635020233334,42.148711505,B722,_,00420,110
B722__00410.110,14.004988528894213,42.156359355,B722,_,00410,110
B722__00400.110,14.002407083412702,42.150768935,B722,_,00400,110
B722__00390.110,14.000124677410252,42.143871595,B722,_,00390,110
B722__00380.110,13.99882003314847,42.140843294999996,B722,_,00380,110
B722__00360.110,13.998519104471587,42.151196330000005,B722,_,00360,110
B722__00350.110,13.974447870360528,42.14389165,B722,_,00350,110
B722__00340.110,13.96740349271414,42.141511824999995,B722,_,00340,110
B722__00330.110,13.977376897258726,42.148094255000004,B722,_,00330,110
B722__00300.110,14.017195842099898,42.15908743,B722,_,00300,110
B722__00290.110,14.004029135005416,42.16161601,B722,_,00290,110
B722__0028.110,13.998256621419456,42.158782724999995,B722,_,0028,110
B722__00270.110,13.992070808470025,42.155855735,B722,_,00270,110
B722__00260.110,13.984989986112605,42.163016635,B722,_,00260,110
B722__00250.110,13.977392027729065,42.16392677,B722,_,00250,110
B722__00230.110,14.06353921208709,42.165169665,B722,_,00230,110
B722__00220.110,14.059311577926323,42.16886019499999,B722,_,00220,110
B722__00210.110,14.034947455209462,42.168948085,B722,_,00210,110
B722__00200.110,14.021053974881259,42.167121295,B722,_,00200,110
B722__00190.110,13.990161966721008,42.168081755,B722,_,00190,110
B722__00180.110,14.026686662065313,42.17588747,B722,_,00180,110
B722__00170.110,14.014242067215633,42.17758236,B722,_,00170,110
B722__00160.110,14.003606003133964,42.17133907,B722,_,00160,110
B722__00150.110,13.990188508016033,42.1741969,B722,_,00150,110
B722__00140.110,13.98809633096154,42.17326174,B722,_,00140,110
B722__00120.110,14.004997944130091,42.189372004999996,B722,_,00120,110
B722__00110.110,13.991780035400708,42.18336008,B722,_,00110,110
B722__00100.110,13.98649422067502,42.1859282,B722,_,00100,110
B722__0009.110,13.969140732143245,42.186961965,B722,_,0009,110
B722__00080.110,13.961133162805117,42.18820915,B722,_,00080,110
B722__00060.110,13.982613355129704,42.19891998,B722,_,00060,110
B722__00050.110,13.982548784680016,42.193165324999995,B722,_,00050,110
B722__00040.110,13.976063667551799,42.19891971,B722,_,00040,110
B722__00030.110,13.962404863285453,42.19721441,B722,_,00030,110
B722__00020.110,13.982748675036495,42.20545523,B722,_,00020,110
B722__00060.1100,13.986052951947666,42.189739415000005,B722,_,00060,1100
B722__0009.1100,13.969931779675026,42.18547184,B722,_,0009,1100
B722__00060.1101,13.986699235305434,42.189487215,B722,_,00060,1101
B722__0051.1101,14.003883041959927,42.14177619,B722,_,0051,1101
B722__00420.1101,14.017427435135389,42.149851049999995,B722,_,00420,1101
B722__0028.1101,13.998401927968136,42.158830455,B722,_,0028,1101
B722__0009.1101,13.970051504320622,42.18547988,B722,_,0009,1101
B722__00060.1102,13.986297197697269,42.189380415,B722,_,00060,1102
B722__0051.1102,14.004745525317976,42.140252610000005,B722,_,0051,1102
B722__0028.1102,14.00291872788269,42.15760547,B722,_,0028,1102
B722__0009.1102,13.970453554596904,42.18644774,B722,_,0009,1102
B722__00060.1103,13.986017612800023,42.18944539,B722,_,00060,1103
B722__0051.1103,14.004773949514886,42.140020504999995,B722,_,0051,1103
B722__00420.1103,14.019755145978742,42.15014921,B722,_,00420,1103
B722__0028.1103,13.99898265229694,42.15859837,B722,_,0028,1103
B722__0009.1103,13.970220951107388,42.18652195,B722,_,0009,1103
B722__00060.1104,13.988579618580392,42.18811078,B722,_,00060,1104
B722__0051.1104,14.004568931139781,42.140086999999994,B722,_,0051,1104
B722__00420.1104,14.019628059722773,42.149950775,B722,_,00420,1104
B722__0028.1104,13.99827808470081,42.15859606,B722,_,0028,1104
B722__00060.1105,13.990350171688657,42.187061975,B722,_,00060,1105
B722__0051.1105,14.004586114911417,42.139840660000004,B722,_,0051,1105
B722__00420.1105,14.007770806054253,42.147520395,B722,_,00420,1105
B722__00290.1105,14.012336073459743,42.158978525,B722,_,00290,1105
B722__00090.1105,13.971905139319336,42.180000539999995,B722,_,00090,1105
B722__00060.1106,13.990773721121425,42.18620827,B722,_,00060,1106
B722__0051.1106,14.004356814150668,42.139903544999996,B722,_,0051,1106
B722__00280.1106,14.000243466665623,42.15714575,B722,_,00280,1106
B722__00090.1106,13.97093193942738,42.17702343,B722,_,00090,1106
B722__00060.1107,13.994138808632737,42.198361165,B722,_,00060,1107
B722__0051.1107,14.003648195183942,42.14171304,B722,_,0051,1107
B722__00420.1107,14.019974073538904,42.14930331,B722,_,00420,1107
B722__00290.1107,14.012323077932656,42.158946135,B722,_,00290,1107
B722__00090.1107,13.970986793541563,42.176842879999995,B722,_,00090,1107
B722__00060.1108,13.983365006526972,42.19734783,B722,_,00060,1108
B722__0051.1108,14.003761267583883,42.139724545,B722,_,0051,1108
B722__00420.1108,14.02000103697985,42.149034584999995,B722,_,00420,1108
B722__00290.1108,14.009933748435017,42.159711785,B722,_,00290,1108
B722__00090.1108,13.971397377673451,42.17714551,B722,_,00090,1108
B722__00060.1109,13.992872188480577,42.19758857,B722,_,00060,1109
B722__0051.1109,14.0036118046159,42.139051615,B722,_,0051,1109
B722__00420.1109,14.010167741012573,42.146861485,B722,_,00420,1109
B722__0028.1109,13.997698606430962,42.1590157,B722,_,0028,1109
B722__00090.1109,13.971844703668577,42.177200209999995,B722,_,00090,1109
B722__00010.111,13.967560237551188,42.208356665,B722,_,00010,111
B722__00610.111,13.998632518522975,42.115475180000004,B722,_,00610,111
B722__00600.111,14.004889242528737,42.12326464,B722,_,00600,111
B722__00590.111,13.991076718452456,42.122141045,B722,_,00590,111
B722__00540.111,14.045566316851334,42.142742385,B722,_,00540,111
B722__00530.111,14.033979677264764,42.14599965,B722,_,00530,111
B722__00520.111,14.010073975673635,42.142145195,B722,_,00520,111
B722__00500.111,13.994050383017449,42.1323342,B722,_,00500,111
B722__00490.111,13.992149614232138,42.127712419999995,B722,_,00490,111
B722__00480.111,13.974249965377712,42.136267935,B722,_,00480,111
B722__00440.111,14.051415816063813,42.14941498,B722,_,00440,111
B722__00430.111,14.025885419340838,42.157197229999994,B722,_,00430,111
B722__00420.111,14.006824679821147,42.148959145,B722,_,00420,111
B722__00410.111,14.00520698211444,42.15640562,B722,_,00410,111
B722__00400.111,14.00255988004513,42.15103098,B722,_,00400,111
B722__00390.111,14.000277720704444,42.143797195,B722,_,00390,111
B722__00380.111,13.998736163526097,42.14065498,B722,_,00380,111
B722__00360.111,13.997887617964157,42.150693865,B722,_,00360,111
B722__00350.111,13.974291131967256,42.14371169499999,B722,_,00350,111
B722__00340.111,13.96739111122883,42.140989565,B722,_,00340,111
B722__00330.111,13.977283901481018,42.14798533,B722,_,00330,111
B722__00300.111,14.017368476401519,42.158956204999996,B722,_,00300,111
B722__0028.111,13.998468912755428,42.158725125000004,B722,_,0028,111
B722__00270.111,13.994734051273781,42.156336370000005,B722,_,00270,111
B722__00260.111,13.984736692738736,42.162830745,B722,_,00260,111
B722__00250.111,13.977854387821047,42.164234225,B722,_,00250,111
B722__00230.111,14.063970646950574,42.16547555,B722,_,00230,111
B722__00220.111,14.05920916631598,42.16914887,B722,_,00220,111
B722__00210.111,14.03491317489696,42.168817385,B722,_,00210,111
B722__00200.111,14.021419265178615,42.16758571,B722,_,00200,111
B722__00180.111,14.017960821477029,42.17739257,B722,_,00180,111
B722__00170.111,14.012734306937972,42.17680042,B722,_,00170,111
B722__00160.111,14.00362317274874,42.17114411,B722,_,00160,111
B722__00150.111,13.98966804590081,42.173960085,B722,_,00150,111
B722__00140.111,13.988399443762948,42.17288668,B722,_,00140,111
B722__00130.111,13.977841147002756,42.171602164999996,B722,_,00130,111
B722__00120.111,14.00410000935614,42.189909595,B722,_,00120,111
B722__00110.111,13.991823400224504,42.183777074999995,B722,_,00110,111
B722__00100.111,13.986816122925052,42.186545300000006,B722,_,00100,111
B722__0009.111,13.96913891577538,42.18694224,B722,_,0009,111
B722__00080.111,13.96117471000207,42.18811119,B722,_,00080,111
B722__00070.111,13.997474989297977,42.195282025,B722,_,00070,111
B722__00060.111,13.982294358608108,42.19838305,B722,_,00060,111
B722__00050.111,13.98172400245098,42.19269194,B722,_,00050,111
B722__00040.111,13.975809956381719,42.19956785,B722,_,00040,111
B722__00030.111,13.96239372093957,42.19715594,B722,_,00030,111
B722__00020.111,13.982684606871924,42.20570863499999,B722,_,00020,111
B722__00060.1110,13.982880093766259,42.196316585000005,B722,_,00060,1110
B722__0051.1110,14.003494952815515,42.139028205,B722,_,0051,1110
B722__00420.1110,14.011098970200106,42.147055885,B722,_,00420,1110
B722__00090.1110,13.970374170323435,42.177013294999995,B722,_,00090,1110
B722__00060.1111,13.983156318880702,42.19643252,B722,_,00060,1111
B722__00420.1111,14.011024820617031,42.14686173,B722,_,00420,1111
B722__0028.1111,14.001074114977724,42.158377465,B722,_,0028,1111
B722__00090.1111,13.970378264015967,42.176946725,B722,_,00090,1111
B722__00060.1112,13.985420508231103,42.196844455,B722,_,00060,1112
B722__0051.1112,14.004287610908625,42.1383066,B722,_,0051,1112
B722__00420.1112,14.010774787474187,42.146679465,B722,_,00420,1112
B722__00090.1112,13.970448282067448,42.176815465000004,B722,_,00090,1112
B722__00060.1113,13.987448462561332,42.196287495,B722,_,00060,1113
B722__0051.1113,14.004333561921094,42.138194874999996,B722,_,0051,1113
B722__00420.1113,14.010676712865873,42.14657639,B722,_,00420,1113
B722__00420.1114,14.01753465629547,42.147406454999995,B722,_,00420,1114
B722__0051.1114,14.005966200510294,42.141714215,B722,_,0051,1114
B722__00420.1115,14.017491641152104,42.14712781,B722,_,00420,1115
B722__00060.1116,13.994811093927492,42.197119189999995,B722,_,00060,1116
B722__0051.1116,14.003484187447693,42.14158228,B722,_,0051,1116
B722__00420.1116,14.01801910790061,42.147441889999996,B722,_,00420,1116
B722__0028.1116,14.003405576773035,42.156847670000005,B722,_,0028,1116
B722__00060.1117,13.994841084056283,42.197097154999994,B722,_,00060,1117
B722__0051.1117,14.003363448676136,42.14148333,B722,_,0051,1117
B722__00420.1117,14.019487739721422,42.148635645,B722,_,00420,1117
B722__00060.1118,13.994870323096446,42.197078340000004,B722,_,00060,1118
B722__0051.1118,14.003371532674077,42.14157669,B722,_,0051,1118
B722__00420.1118,14.018842024332264,42.147071755,B722,_,00420,1118
B722__00420.1119,14.019425764516807,42.14973485,B722,_,00420,1119
B722__0051.1119,14.003461053717151,42.141535455,B722,_,0051,1119
B722__00010.112,13.96743653099811,42.208207130000005,B722,_,00010,112
B722__00610.112,13.999091253726721,42.116004305000004,B722,_,00610,112
B722__00600.112,14.005230842180147,42.124230354999995,B722,_,00600,112
B722__00590.112,13.991479588515139,42.122668125,B722,_,00590,112
B722__00540.112,14.045962655946381,42.14262253,B722,_,00540,112
B722__00530.112,14.034480008307677,42.145635424999995,B722,_,00530,112
B722__00520.112,14.010125971701815,42.14212101,B722,_,00520,112
B722__00500.112,13.993393855388696,42.13203807,B722,_,00500,112
B722__00490.112,13.992340164634872,42.127581655,B722,_,00490,112
B722__00480.112,13.975640809631848,42.136218400000004,B722,_,00480,112
B722__00440.112,14.048792155894153,42.148176245,B722,_,00440,112
B722__00430.112,14.025586052257603,42.15720815,B722,_,00430,112
B722__00420.112,14.007238586643961,42.149010204999996,B722,_,00420,112
B722__00410.112,14.005278773718175,42.156399385,B722,_,00410,112
B722__00400.112,14.00301625989174,42.151319920000006,B722,_,00400,112
B722__00390.112,14.000164835604117,42.143631535,B722,_,00390,112
B722__00380.112,13.998813664821267,42.1405443,B722,_,00380,112
B722__00360.112,13.998019926868357,42.15063473,B722,_,00360,112
B722__00350.112,13.975644731224683,42.143833779999994,B722,_,00350,112
B722__00340.112,13.966158695379395,42.140987265,B722,_,00340,112
B722__00330.112,13.977104734413693,42.147775945,B722,_,00330,112
B722__00300.112,14.017610582629576,42.15820244,B722,_,00300,112
B722__00290.112,14.003898285805114,42.16119494,B722,_,00290,112
B722__0028.112,13.996962633744491,42.15880643,B722,_,0028,112
B722__00270.112,13.995051593689926,42.157449584999995,B722,_,00270,112
B722__00260.112,13.985574224766806,42.163038165,B722,_,00260,112
B722__00250.112,13.977841183238496,42.164174560000006,B722,_,00250,112
B722__00230.112,14.064448380422736,42.165448245,B722,_,00230,112
B722__00220.112,14.059019002013308,42.16979169,B722,_,00220,112
B722__00210.112,14.03529663255176,42.168594940000006,B722,_,00210,112
B722__00200.112,14.021661100417198,42.1669919,B722,_,00200,112
B722__00190.112,13.990380776416067,42.16789546,B722,_,00190,112
B722__00180.112,14.01857555047,42.177383855,B722,_,00180,112
B722__00170.112,14.013484351538496,42.176828645,B722,_,00170,112
B722__00160.112,14.003892697059058,42.171076514999996,B722,_,00160,112
B722__00130.112,13.97810055576193,42.172660835,B722,_,00130,112
B722__00120.112,14.0048456571801,42.18990028,B722,_,00120,112
B722__00110.112,13.992179843747124,42.18375319,B722,_,00110,112
B722__00100.112,13.986628088735074,42.18674488,B722,_,00100,112
B722__0009.112,13.96943792146681,42.18695407,B722,_,0009,112
B722__00080.112,13.961460292126532,42.188092275,B722,_,00080,112
B722__00070.112,13.997556352293866,42.195240585,B722,_,00070,112
B722__00060.112,13.98264688036164,42.198579135,B722,_,00060,112
B722__00050.112,13.982305082678693,42.192757854999996,B722,_,00050,112
B722__00040.112,13.976489131842538,42.19965539499999,B722,_,00040,112
B722__00030.112,13.962714562585754,42.197137895,B722,_,00030,112
B722__00020.112,13.982727974342366,42.205802745,B722,_,00020,112
B722__00060.1120,13.985945901141047,42.19402981,B722,_,00060,1120
B722__0051.1120,14.00351188415015,42.14151003,B722,_,0051,1120
B722__00420.1120,14.019272417992308,42.14963383,B722,_,00420,1120
B722__00060.1121,13.9943500775377,42.194077435,B722,_,00060,1121
B722__00420.1121,14.018970114347615,42.149879055,B722,_,00420,1121
B722__00290.1121,14.012667253408175,42.159203415,B722,_,00290,1121
B722__00090.1121,13.969192725292952,42.183578534999995,B722,_,00090,1121
B722__00060.1122,13.995498079708383,42.193902425000005,B722,_,00060,1122
B722__0051.1122,14.004246721044792,42.14093374,B722,_,0051,1122
B722__00420.1122,14.014654074199704,42.15174795,B722,_,00420,1122
B722__00290.1122,14.013039369230414,42.158922535,B722,_,00290,1122
B722__00090.1122,13.969123461240505,42.183798165,B722,_,00090,1122
B722__00060.1123,13.987845555578136,42.19359713,B722,_,00060,1123
B722__0051.1123,14.004595743345515,42.140593135,B722,_,0051,1123
B722__00290.1123,14.013458076624948,42.158848515,B722,_,00290,1123
B722__00090.1123,13.968279806556694,42.183541045,B722,_,00090,1123
B722__00060.1124,13.987880346823466,42.193432040000005,B722,_,00060,1124
B722__0051.1124,14.003309534391924,42.14149777,B722,_,0051,1124
B722__00090.1124,13.968199901030133,42.183796145,B722,_,00090,1124
B722__00060.1125,13.988462620393472,42.193941665,B722,_,00060,1125
B722__0051.1125,14.00469123506906,42.13907994,B722,_,0051,1125
B722__00290.1125,14.012808828106014,42.159177345,B722,_,00290,1125
B722__0009.1125,13.971977767589935,42.188014925,B722,_,0009,1125
B722__00060.1126,13.990418016460662,42.19372312,B722,_,00060,1126
B722__0051.1126,14.004763044947335,42.139103045,B722,_,0051,1126
B722__00290.1126,14.012789723952242,42.159012055,B722,_,00290,1126
B722__0009.1126,13.972174285139243,42.188012525,B722,_,0009,1126
B722__00060.1127,13.986389841215427,42.191652864999995,B722,_,00060,1127
B722__00420.1127,14.009867401132057,42.145091625,B722,_,00420,1127
B722__00290.1127,14.012890679331928,42.159063450000005,B722,_,00290,1127
B722__0009.1127,13.971704404697537,42.188005860000004,B722,_,0009,1127
B722__00060.1128,13.986030645592242,42.191383345,B722,_,00060,1128
B722__00420.1128,14.009981756929957,42.14556607,B722,_,00420,1128
B722__00290.1128,14.013115805275088,42.15871758,B722,_,00290,1128
B722__00060.1129,13.991780025562305,42.190990674999995,B722,_,00060,1129
B722__00420.1129,14.019040227032082,42.14819013,B722,_,00420,1129
B722__00290.1129,14.01314310376214,42.158855265,B722,_,00290,1129
B722__00090.1129,13.972784010564414,42.186591705,B722,_,00090,1129
B722__00010.113,13.968226475782917,42.210895805,B722,_,00010,113
B722__00610.113,13.999122157282224,42.11589877,B722,_,00610,113
B722__00600.113,14.005702657305607,42.12372641,B722,_,00600,113
B722__00590.113,13.992523753347168,42.123164585,B722,_,00590,113
B722__00540.113,14.046077155420232,42.142326265,B722,_,00540,113
B722__00530.113,14.034464197910335,42.145388034999996,B722,_,00530,113
B722__00520.113,14.010172252364221,42.142114559999996,B722,_,00520,113
B722__00500.113,13.992282345953498,42.131734449999996,B722,_,00500,113
B722__00490.113,13.992471110369177,42.127481655,B722,_,00490,113
B722__00480.113,13.97640745069479,42.135773395,B722,_,00480,113
B722__00440.113,14.049462771646635,42.14789234,B722,_,00440,113
B722__00430.113,14.025329928483774,42.156918579999996,B722,_,00430,113
B722__00420.113,14.006611682546868,42.14871324,B722,_,00420,113
B722__00410.113,14.005259108392437,42.156321934999994,B722,_,00410,113
B722__00400.113,14.003649481444171,42.151258425,B722,_,00400,113
B722__00390.113,14.000235722980847,42.14347198,B722,_,00390,113
B722__00380.113,13.998829798725405,42.140429940000004,B722,_,00380,113
B722__00360.113,13.999024361422743,42.150957614999996,B722,_,00360,113
B722__00350.113,13.976537114671586,42.143577734999994,B722,_,00350,113
B722__00340.113,13.96669686024941,42.1405497,B722,_,00340,113
B722__00330.113,13.977215522601913,42.147646975,B722,_,00330,113
B722__00300.113,14.024749690340471,42.164247545,B722,_,00300,113
B722__0028.113,13.99706113087273,42.15874072,B722,_,0028,113
B722__00270.113,13.989770624102864,42.15666175,B722,_,00270,113
B722__00260.113,13.985907790709188,42.162952225,B722,_,00260,113
B722__00250.113,13.978058924718734,42.164233895,B722,_,00250,113
B722__00230.113,14.065533174600645,42.16528925,B722,_,00230,113
B722__00220.113,14.058880027591684,42.17009089,B722,_,00220,113
B722__00210.113,14.036659580692294,42.168663305,B722,_,00210,113
B722__00200.113,14.024068842184851,42.168743465,B722,_,00200,113
B722__00190.113,13.990739255032416,42.167528155,B722,_,00190,113
B722__00180.113,14.019774131159394,42.177975505,B722,_,00180,113
B722__00170.113,14.013638098880858,42.176825390000005,B722,_,00170,113
B722__00160.113,14.004321099572815,42.171623365,B722,_,00160,113
B722__00150.113,13.990442485636951,42.173704744999995,B722,_,00150,113
B722__00130.113,13.978902828298231,42.173464485,B722,_,00130,113
B722__00120.113,14.005441664929926,42.189802979999996,B722,_,00120,113
B722__00110.113,13.992453498912905,42.18368468,B722,_,00110,113
B722__00100.113,13.987079877664094,42.186066589999996,B722,_,00100,113
B722__0009.113,13.969598067002273,42.1870623,B722,_,0009,113
B722__00080.113,13.961179807588701,42.188017905,B722,_,00080,113
B722__00060.113,13.98317903343935,42.198334195,B722,_,00060,113
B722__00050.113,13.983229759584644,42.19352316,B722,_,00050,113
B722__00040.113,13.97713204511382,42.199771295000005,B722,_,00040,113
B722__00030.113,13.962144877140013,42.196879355,B722,_,00030,113
B722__00020.113,13.982971605190336,42.20585157,B722,_,00020,113
B722__00060.1130,13.992155525711139,42.19788783,B722,_,00060,1130
B722__0051.1130,14.004022129763715,42.141560905000006,B722,_,0051,1130
B722__00420.1130,14.018296289348479,42.147319815,B722,_,00420,1130
B722__00290.1130,14.014353121120262,42.1587987,B722,_,00290,1130
B722__00090.1130,13.972277726802648,42.186636254999996,B722,_,00090,1130
B722__00060.1131,13.987653173407558,42.196424545,B722,_,00060,1131
B722__0051.1131,14.004153404391687,42.141684365,B722,_,0051,1131
B722__00290.1131,14.014407552090296,42.158849905,B722,_,00290,1131
B722__00090.1131,13.97365803173398,42.187000365,B722,_,00090,1131
B722__00060.1132,13.989050581735796,42.18788534,B722,_,00060,1132
B722__00290.1132,14.014652264365857,42.158590509999996,B722,_,00290,1132
B722__00090.1132,13.969861895064787,42.1833009,B722,_,00090,1132
B722__00060.1133,13.988632446130943,42.197623414999995,B722,_,00060,1133
B722__0051.1133,14.003845501833275,42.140490735,B722,_,0051,1133
B722__00420.1133,14.010280405739643,42.145199755,B722,_,00420,1133
B722__00290.1133,14.014563276516839,42.15871147,B722,_,00290,1133
B722__00090.1133,13.970512508262443,42.18318001,B722,_,00090,1133
B722__00060.1134,13.98837754450874,42.197315595,B722,_,00060,1134
B722__00420.1134,14.010612906854448,42.145345535000004,B722,_,00420,1134
B722__00290.1134,14.014442690306039,42.15911336,B722,_,00290,1134
B722__0028.1134,14.00097758479544,42.157994095,B722,_,0028,1134
B722__0009.1134,13.971808364985264,42.187880215,B722,_,0009,1134
B722__0009.1135,13.971877951534765,42.187876175,B722,_,0009,1135
B722__0051.1135,14.004836697237074,42.14155858,B722,_,0051,1135
B722__00290.1135,14.014486239260977,42.15916183,B722,_,00290,1135
B722__00060.1136,13.988925133531083,42.196760229999995,B722,_,00060,1136
B722__0051.1136,14.003691122517704,42.14225662,B722,_,0051,1136
B722__00420.1136,14.013915332355175,42.151094615000005,B722,_,00420,1136
B722__00290.1136,14.014412493308747,42.159273125,B722,_,00290,1136
B722__0009.1136,13.97194724648959,42.18787496,B722,_,0009,1136
B722__00060.1137,13.987785507770745,42.195852945,B722,_,00060,1137
B722__0051.1137,14.003745312661874,42.142060855,B722,_,0051,1137
B722__00420.1137,14.019162721583703,42.14478474,B722,_,00420,1137
B722__00290.1137,14.014362512558986,42.159117495000004,B722,_,00290,1137
B722__0009.1138,13.971737374005132,42.187874805,B722,_,0009,1138
B722__0051.1138,14.00427736961564,42.14159858,B722,_,0051,1138
B722__00290.1138,14.014332270919716,42.159276285000004,B722,_,00290,1138
B722__0028.1138,14.003809187129178,42.15759486,B722,_,0028,1138
B722__00060.1139,13.993927220120892,42.19811585,B722,_,00060,1139
B722__0051.1139,14.004156535761247,42.142267364999995,B722,_,0051,1139
B722__00420.1139,14.010111913145732,42.149291015,B722,_,00420,1139
B722__00090.1139,13.976625797185022,42.18138988,B722,_,00090,1139
B722__00010.114,13.967035112233543,42.20800753,B722,_,00010,114
B722__00610.114,13.999162292366117,42.115666315,B722,_,00610,114
B722__00600.114,14.005876772958388,42.123760245,B722,_,00600,114
B722__00590.114,13.992544252604787,42.122763645000006,B722,_,00590,114
B722__00540.114,14.047833448985823,42.142777605,B722,_,00540,114
B722__00530.114,14.035041921504341,42.145097225,B722,_,00530,114
B722__00520.114,14.01022566582213,42.142114315,B722,_,00520,114
B722__00500.114,13.991669975523013,42.131450584999996,B722,_,00500,114
B722__00490.114,13.99235069332293,42.127366365,B722,_,00490,114
B722__00480.114,13.976659591626753,42.136376049999996,B722,_,00480,114
B722__00440.114,14.049778781864832,42.147741354999994,B722,_,00440,114
B722__00430.114,14.025435747404941,42.156846675,B722,_,00430,114
B722__00420.114,14.006916681398781,42.148899475,B722,_,00420,114
B722__00410.114,14.00534731062665,42.15634076,B722,_,00410,114
B722__00390.114,14.000255654206192,42.143364715000004,B722,_,00390,114
B722__00380.114,13.999202065649559,42.14080199,B722,_,00380,114
B722__00360.114,13.99156020125401,42.151181575,B722,_,00360,114
B722__00350.114,13.976978008244632,42.14435132,B722,_,00350,114
B722__00340.114,13.96700895990217,42.140570145,B722,_,00340,114
B722__00330.114,13.977333497681641,42.147643224999996,B722,_,00330,114
B722__00300.114,14.026345555214846,42.16504754,B722,_,00300,114
B722__00270.114,13.989710889827226,42.156661835,B722,_,00270,114
B722__00260.114,13.98647984772873,42.162901735,B722,_,00260,114
B722__00250.114,13.977575726025075,42.163786825,B722,_,00250,114
B722__00230.114,14.064427946983574,42.165321094999996,B722,_,00230,114
B722__00220.114,14.059274265501552,42.16978624,B722,_,00220,114
B722__00210.114,14.036820291561707,42.167938805000006,B722,_,00210,114
B722__00200.114,14.021727875289972,42.16601429,B722,_,00200,114
B722__00190.114,13.990540592939823,42.16831451,B722,_,00190,114
B722__00180.114,14.027079604775288,42.17424028000001,B722,_,00180,114
B722__00170.114,14.013735129702495,42.17680742500001,B722,_,00170,114
B722__00160.114,14.004988219386767,42.171416695,B722,_,00160,114
B722__00150.114,13.990565304781917,42.173966895,B722,_,00150,114
B722__00140.114,13.983332751471629,42.173365115,B722,_,00140,114
B722__00130.114,13.979252902407787,42.173060745,B722,_,00130,114
B722__00120.114,14.005935962037167,42.18978812,B722,_,00120,114
B722__00110.114,13.99238796946105,42.1829704,B722,_,00110,114
B722__00100.114,13.987341073918024,42.18621083,B722,_,00100,114
B722__0009.114,13.969591447046195,42.187016375,B722,_,0009,114
B722__00080.114,13.961200260095714,42.187940565000005,B722,_,00080,114
B722__00060.114,13.983582470444505,42.199058609999994,B722,_,00060,114
B722__00050.114,13.982929491246098,42.193017885,B722,_,00050,114
B722__00040.114,13.976520908268167,42.199011365,B722,_,00040,114
B722__00030.114,13.96230032089664,42.19693436,B722,_,00030,114
B722__00020.114,13.982771554186659,42.206038855,B722,_,00020,114
B722__00060.1140,13.994149329450053,42.198024785,B722,_,00060,1140
B722__0051.1140,14.003609232816693,42.142456285,B722,_,0051,1140
B722__00420.1140,14.010724019054354,42.149205345,B722,_,00420,1140
B722__00290.1140,14.014482386294642,42.159271945,B722,_,00290,1140
B722__00280.1140,14.000498070289286,42.157123999999996,B722,_,00280,1140
B722__0009.1140,13.971886297738696,42.188015785,B722,_,0009,1140
B722__00060.1141,13.99294226266753,42.197341465,B722,_,00060,1141
B722__00510.1141,14.007564694564163,42.1314888,B722,_,00510,1141
B722__00420.1141,14.009666792411327,42.147480040000005,B722,_,00420,1141
B722__0028.1141,13.997208197188922,42.158961455,B722,_,0028,1141
B722__0009.1141,13.971884641749147,42.187975725,B722,_,0009,1141
B722__0028.1142,14.001038442516244,42.158233530000004,B722,_,0028,1142
B722__00510.1142,14.007424042479833,42.131434889999994,B722,_,00510,1142
B722__00420.1142,14.009765401451126,42.1474532,B722,_,00420,1142
B722__00060.1143,13.988218687668684,42.20083159,B722,_,00060,1143
B722__00510.1143,14.007301152401578,42.13125746,B722,_,00510,1143
B722__00420.1143,14.009867496749548,42.147427234999995,B722,_,00420,1143
B722__00290.1143,14.01426323894421,42.159275585,B722,_,00290,1143
B722__00060.1144,13.9893553722114,42.200582075,B722,_,00060,1144
B722__00510.1144,14.00767703399114,42.131603485,B722,_,00510,1144
B722__00420.1144,14.009572912346039,42.14706556,B722,_,00420,1144
B722__00090.1144,13.975100050695065,42.184981535,B722,_,00090,1144
B722__00060.1145,13.989225111981103,42.200463935,B722,_,00060,1145
B722__00510.1145,14.00749493533148,42.131619635,B722,_,00510,1145
B722__00420.1145,14.009620868367644,42.147057759999996,B722,_,00420,1145
B722__00060.1146,13.988764302189047,42.20076745,B722,_,00060,1146
B722__00510.1146,14.007358637910293,42.131731779999996,B722,_,00510,1146
B722__00420.1146,14.015627576882617,42.15106928,B722,_,00420,1146
B722__00090.1146,13.972332188259696,42.186505645,B722,_,00090,1146
B722__00060.1147,13.986448645475447,42.199175784999994,B722,_,00060,1147
B722__00510.1147,14.007622975621326,42.131974775,B722,_,00510,1147
B722__00420.1147,14.01520383623662,42.15114072,B722,_,00420,1147
B722__00090.1147,13.972735126930655,42.18642916,B722,_,00090,1147
B722__00060.1148,13.986642976015737,42.199026075,B722,_,00060,1148
B722__00510.1148,14.007412920858858,42.132028135,B722,_,00510,1148
B722__00420.1148,14.014945140837634,42.15126102000001,B722,_,00420,1148
B722__00290.1148,14.011976068962088,42.158632915,B722,_,00290,1148
B722__00090.1148,13.974142599341219,42.176327869999994,B722,_,00090,1148
B722__00090.1149,13.974180880400985,42.176218715000005,B722,_,00090,1149
B722__00510.1149,14.007301727980813,42.132023575,B722,_,00510,1149
B722__00420.1149,14.014797576020175,42.151453000000004,B722,_,00420,1149
B722__00010.115,13.967370213970113,42.207876795000004,B722,_,00010,115
B722__00610.115,13.999471983919989,42.115841915000004,B722,_,00610,115
B722__00600.115,14.005449304767868,42.1241356,B722,_,00600,115
B722__00590.115,13.9926056948158,42.12216687,B722,_,00590,115
B722__00540.115,14.048041992253953,42.143342225,B722,_,00540,115
B722__00530.115,14.036813745451756,42.14497848,B722,_,00530,115
B722__00520.115,14.010299068589294,42.14225736,B722,_,00520,115
B722__0051.115,14.004262466960668,42.14136669,B722,_,0051,115
B722__00500.115,13.991838627834841,42.131191380000004,B722,_,00500,115
B722__00490.115,13.982119919511051,42.12837911,B722,_,00490,115
B722__00480.115,13.97748584623914,42.136029725,B722,_,00480,115
B722__00440.115,14.050879570246863,42.148063715,B722,_,00440,115
B722__00430.115,14.025583150422044,42.156944374999995,B722,_,00430,115
B722__00420.115,14.006939171287037,42.14878574,B722,_,00420,115
B722__00410.115,14.005377086320056,42.15630834,B722,_,00410,115
B722__00400.115,14.004135161551133,42.151178834999996,B722,_,00400,115
B722__00390.115,14.000372921566239,42.14322425,B722,_,00390,115
B722__00380.115,13.999441741053472,42.140909605000004,B722,_,00380,115
B722__00370.115,13.994531648512444,42.14400788499999,B722,_,00370,115
B722__00360.115,13.991917250974494,42.151359365,B722,_,00360,115
B722__00350.115,13.977310789432913,42.144177555,B722,_,00350,115
B722__00340.115,13.96713166602612,42.140198595,B722,_,00340,115
B722__00330.115,13.977121858568822,42.147657685,B722,_,00330,115
B722__00300.115,14.017855840611286,42.158778975000004,B722,_,00300,115
B722__00290.115,14.005522643505579,42.16142393,B722,_,00290,115
B722__0028.115,13.997404077890316,42.158720505000005,B722,_,0028,115
B722__00270.115,13.989723208100164,42.156615585,B722,_,00270,115
B722__00260.115,13.986778776496923,42.16325918,B722,_,00260,115
B722__00250.115,13.97702844663986,42.163574575,B722,_,00250,115
B722__00230.115,14.064420349651412,42.165024079999995,B722,_,00230,115
B722__00220.115,14.059870262945406,42.169254595,B722,_,00220,115
B722__00210.115,14.037178009551816,42.167675,B722,_,00210,115
B722__00200.115,14.022065336113357,42.166791489999994,B722,_,00200,115
B722__00190.115,13.9909856428242,42.16857503,B722,_,00190,115
B722__00180.115,14.020352658096886,42.177626955,B722,_,00180,115
B722__00170.115,14.013828885908108,42.17667617,B722,_,00170,115
B722__00160.115,14.00421842693102,42.171061345,B722,_,00160,115
B722__00150.115,13.990038697557402,42.173461575000005,B722,_,00150,115
B722__00140.115,13.986362541594072,42.17230543,B722,_,00140,115
B722__00130.115,13.979665513450087,42.173034044999994,B722,_,00130,115
B722__00120.115,14.005949724550181,42.190179865000005,B722,_,00120,115
B722__00110.115,13.992892148122653,42.183190534999994,B722,_,00110,115
B722__00100.115,13.987313364546216,42.186376435,B722,_,00100,115
B722__0009.115,13.969756448552886,42.186969765,B722,_,0009,115
B722__00080.115,13.961108200830349,42.187896225,B722,_,00080,115
B722__00070.115,13.997646092113161,42.195230835000004,B722,_,00070,115
B722__00060.115,13.989756196089045,42.200738975,B722,_,00060,115
B722__00050.115,13.983503067008538,42.193078244999995,B722,_,00050,115
B722__00040.115,13.977970905765282,42.19997901,B722,_,00040,115
B722__00030.115,13.962402577319779,42.196941065000004,B722,_,00030,115
B722__00020.115,13.983901371329235,42.206311895,B722,_,00020,115
B722__00060.1150,13.98817567811409,42.19872273,B722,_,00060,1150
B722__00510.1150,14.00669220199582,42.132200319999995,B722,_,00510,1150
B722__00420.1150,14.014517735863922,42.14566044,B722,_,00420,1150
B722__00290.1150,14.01208894416726,42.15866303,B722,_,00290,1150
B722__00090.1150,13.974344115274203,42.17614392,B722,_,00090,1150
B722__00050.1151,13.978365779976157,42.1867551,B722,_,00050,1151
B722__00510.1151,14.006993644484472,42.13236405,B722,_,00510,1151
B722__00290.1151,14.012217690622998,42.158562075,B722,_,00290,1151
B722__00090.1151,13.974476868646676,42.17607693,B722,_,00090,1151
B722__00060.1151,13.988498883311657,42.198895750000005,B722,_,00060,1151
B722__00060.1152,13.989021657980482,42.198745605,B722,_,00060,1152
B722__00510.1152,14.006377630966366,42.132392015,B722,_,00510,1152
B722__00420.1152,14.014884033296202,42.14629772,B722,_,00420,1152
B722__0028.1152,13.998954478889233,42.15862661,B722,_,0028,1152
B722__00090.1152,13.97464758072805,42.176008894999995,B722,_,00090,1152
B722__00050.1153,13.981209001988383,42.190852254999996,B722,_,00050,1153
B722__00510.1153,14.006549529943905,42.132627145,B722,_,00510,1153
B722__00420.1153,14.004536682114276,42.15135225,B722,_,00420,1153
B722__0028.1153,14.000536387502859,42.15850811999999,B722,_,0028,1153
B722__00090.1153,13.972881775291901,42.18563651,B722,_,00090,1153
B722__00050.1154,13.981100561719309,42.190770535,B722,_,00050,1154
B722__00510.1154,14.007192031202674,42.132900155,B722,_,00510,1154
B722__00290.1154,14.012299579666612,42.158476015,B722,_,00290,1154
B722__0028.1154,14.004592081722713,42.156555325,B722,_,0028,1154
B722__00090.1154,13.972883677595924,42.18545145,B722,_,00090,1154
B722__00050.1155,13.980976713874908,42.19092554,B722,_,00050,1155
B722__00510.1155,14.007119267097089,42.132445625,B722,_,00510,1155
B722__0028.1155,14.004534075662995,42.15650935,B722,_,0028,1155
B722__00090.1155,13.972631623082044,42.18464541,B722,_,00090,1155
B722__00060.1156,13.982783885263707,42.199391585,B722,_,00060,1156
B722__00510.1156,14.00724544873119,42.13213958,B722,_,00510,1156
B722__00420.1156,14.015659914157062,42.149328525,B722,_,00420,1156
B722__00290.1156,14.012287913707222,42.158449375000004,B722,_,00290,1156
B722__0028.1156,14.001730965873417,42.15754079,B722,_,0028,1156
B722__00090.1156,13.974336930232107,42.18091152,B722,_,00090,1156
B722__00050.1157,13.979114232008115,42.187003520000005,B722,_,00050,1157
B722__00510.1157,14.005991592813487,42.13264164,B722,_,00510,1157
B722__00290.1157,14.012300954237787,42.158669085,B722,_,00290,1157
B722__0028.1157,14.002431284302975,42.157887375,B722,_,0028,1157
B722__00090.1157,13.973972309867701,42.187286889999996,B722,_,00090,1157
B722__00060.1157,13.994591461105507,42.196199265,B722,_,00060,1157
B722__00050.1158,13.978714103251725,42.186729225,B722,_,00050,1158
B722__00510.1158,14.006374345225062,42.13278021,B722,_,00510,1158
B722__00420.1158,14.01567711066381,42.149181420000005,B722,_,00420,1158
B722__00290.1158,14.012180409945195,42.158656185,B722,_,00290,1158
B722__0009.1158,13.972029514269218,42.18801756,B722,_,0009,1158
B722__00060.1158,13.994299682738365,42.192279005,B722,_,00060,1158
B722__00050.1159,13.978932157204529,42.186918545,B722,_,00050,1159
B722__00510.1159,14.006438309310571,42.132804019999995,B722,_,00510,1159
B722__00290.1159,14.012219196008374,42.158611234999995,B722,_,00290,1159
B722__0028.1159,14.003932070613224,42.15597769,B722,_,0028,1159
B722__0009.1159,13.972079508577416,42.18801631,B722,_,0009,1159
B722__00060.1159,13.99492684451997,42.192416305,B722,_,00060,1159
B722__00010.116,13.967567085492213,42.20752972,B722,_,00010,116
B722__00610.116,13.996824757102189,42.11424312,B722,_,00610,116
B722__00600.116,14.005466711532172,42.12425357,B722,_,00600,116
B722__00590.116,13.993338725443444,42.122251925,B722,_,00590,116
B722__00540.116,14.039626764256871,42.142667599999996,B722,_,00540,116
B722__00530.116,14.038015280130569,42.145436849999996,B722,_,00530,116
B722__00520.116,14.010420589342875,42.142236395,B722,_,00520,116
B722__0051.116,14.004237830376704,42.14139294,B722,_,0051,116
B722__00500.116,13.992873027277467,42.13156768,B722,_,00500,116
B722__00490.116,13.98281595285697,42.1280274,B722,_,00490,116
B722__00480.116,13.977919332242454,42.13595585,B722,_,00480,116
B722__00440.116,14.051108830225829,42.148545725000005,B722,_,00440,116
B722__00430.116,14.025532370310096,42.156792124999996,B722,_,00430,116
B722__00420.116,14.00660331533566,42.148615425,B722,_,00420,116
B722__00390.116,14.000837896347505,42.143304404999995,B722,_,00390,116
B722__00380.116,13.999350673344473,42.140714435,B722,_,00380,116
B722__00360.116,13.991883684351414,42.15120431,B722,_,00360,116
B722__00350.116,13.977330524721278,42.143827325000004,B722,_,00350,116
B722__00340.116,13.9674806077097,42.140207675,B722,_,00340,116
B722__00330.116,13.974442475166175,42.153610064999995,B722,_,00330,116
B722__00300.116,14.01755337969071,42.158316805,B722,_,00300,116
B722__00290.116,14.005790487124148,42.16145999,B722,_,00290,116
B722__0028.116,13.997217766789534,42.158642865000004,B722,_,0028,116
B722__00270.116,13.99493582831578,42.157403975,B722,_,00270,116
B722__00260.116,13.98718150429751,42.163302959999996,B722,_,00260,116
B722__00250.116,13.977137263634951,42.163397445,B722,_,00250,116
B722__00230.116,14.064846040546927,42.164959980000006,B722,_,00230,116
B722__00220.116,14.059730383297055,42.168854089999996,B722,_,00220,116
B722__00210.116,14.038014827428002,42.168827629999996,B722,_,00210,116
B722__00200.116,14.022837520614978,42.16736152,B722,_,00200,116
B722__00190.116,13.99112536594401,42.168534405,B722,_,00190,116
B722__00180.116,14.019124574583333,42.177542055,B722,_,00180,116
B722__00170.116,14.013952964660398,42.17667596,B722,_,00170,116
B722__00160.116,14.004332207474523,42.17095638,B722,_,00160,116
B722__00150.116,13.990578173552157,42.173681235000004,B722,_,00150,116
B722__00140.116,13.986500397944239,42.17171736,B722,_,00140,116
B722__00130.116,13.980266889094425,42.172949405,B722,_,00130,116
B722__00120.116,14.00645041457513,42.189584249999996,B722,_,00120,116
B722__00110.116,13.99288602823357,42.18358035,B722,_,00110,116
B722__00100.116,13.988507869901557,42.18619836,B722,_,00100,116
B722__0009.116,13.969711933834395,42.18690677,B722,_,0009,116
B722__00080.116,13.961300688499016,42.187801405,B722,_,00080,116
B722__00070.116,13.995933889601645,42.196479929999995,B722,_,00070,116
B722__00060.116,13.983970631120414,42.19893115,B722,_,00060,116
B722__00050.116,13.982974125377513,42.192711515,B722,_,00050,116
B722__00040.116,13.977786147317627,42.19953631,B722,_,00040,116
B722__00030.116,13.96245179347253,42.196857535,B722,_,00030,116
B722__00020.116,13.984554215083316,42.206322709999995,B722,_,00020,116
B722__00050.1160,13.97947619790692,42.18727233,B722,_,00050,1160
B722__00510.1160,14.005852195720772,42.13272888,B722,_,00510,1160
B722__00420.1160,14.015351424910563,42.14876563,B722,_,00420,1160
B722__00290.1160,14.012505488817787,42.158521914999994,B722,_,00290,1160
B722__00280.1160,14.001013274388711,42.15621215,B722,_,00280,1160
B722__0009.1160,13.968364338750714,42.18671198,B722,_,0009,1160
B722__00060.1160,13.985905380681949,42.19169949,B722,_,00060,1160
B722__00050.1161,13.979518041973812,42.186986005,B722,_,00050,1161
B722__00510.1161,14.00625815336796,42.13283148,B722,_,00510,1161
B722__00290.1161,14.012288835823604,42.15852845,B722,_,00290,1161
B722__00280.1161,14.000719879657678,42.156023434999994,B722,_,00280,1161
B722__00060.1161,13.988184696353787,42.190511830000005,B722,_,00060,1161
B722__00050.1162,13.980447277162359,42.18873163,B722,_,00050,1162
B722__00510.1162,14.006344875614115,42.132855594999995,B722,_,00510,1162
B722__00420.1162,14.015408698669145,42.148541965,B722,_,00420,1162
B722__00290.1162,14.01237143296375,42.160034585000005,B722,_,00290,1162
B722__00280.1162,14.001634359322626,42.15521983,B722,_,00280,1162
B722__00090.1162,13.97708884493191,42.181896885,B722,_,00090,1162
B722__00060.1162,13.987949996178326,42.1885791,B722,_,00060,1162
B722__00050.1163,13.980200579577813,42.188770995,B722,_,00050,1163
B722__00510.1163,14.005769823094735,42.13281664,B722,_,00510,1163
B722__00420.1163,14.01573658292636,42.14839033,B722,_,00420,1163
B722__00290.1163,14.012378100324408,42.159949245,B722,_,00290,1163
B722__00280.1163,14.001322948236302,42.15502974499999,B722,_,00280,1163
B722__00090.1163,13.977568002604702,42.181638285000005,B722,_,00090,1163
B722__00060.1163,13.993816686397853,42.196123025000006,B722,_,00060,1163
B722__00050.1164,13.981973226671585,42.195507864999996,B722,_,00050,1164
B722__00510.1164,14.006206257627689,42.13289646,B722,_,00510,1164
B722__00290.1164,14.013331741240815,42.160555155,B722,_,00290,1164
B722__00280.1164,14.002066218665075,42.154918339999995,B722,_,00280,1164
B722__00090.1164,13.977612840515636,42.181259885,B722,_,00090,1164
B722__00060.1164,13.99458625847392,42.196284735000006,B722,_,00060,1164
B722__00060.1165,13.988557218989023,42.192018645000005,B722,_,00060,1165
B722__00510.1165,14.006315350793436,42.132909845,B722,_,00510,1165
B722__00420.1165,14.01584204318721,42.14793591,B722,_,00420,1165
B722__00290.1165,14.013370330302251,42.16042492,B722,_,00290,1165
B722__00280.1165,14.001784413590123,42.15483912,B722,_,00280,1165
B722__00050.1166,13.971990461707978,42.188247155,B722,_,00050,1166
B722__00510.1166,14.006007071026012,42.132974365,B722,_,00510,1166
B722__00420.1166,14.01408363118042,42.14786341,B722,_,00420,1166
B722__00290.1166,14.014568964518016,42.15940888,B722,_,00290,1166
B722__00280.1166,14.002485642219629,42.15467788,B722,_,00280,1166
B722__00060.1166,13.992834402657948,42.192140269999996,B722,_,00060,1166
B722__00050.1167,13.971271597105305,42.18822712,B722,_,00050,1167
B722__00510.1167,14.006168498091395,42.132980294999996,B722,_,00510,1167
B722__00420.1167,14.011620445419062,42.146192740000004,B722,_,00420,1167
B722__00290.1167,14.014492126846958,42.15940888,B722,_,00290,1167
B722__00280.1167,14.002046241403729,42.154715255,B722,_,00280,1167
B722__00060.1167,13.992662818414786,42.1919243,B722,_,00060,1167
B722__00050.1168,13.98152788216061,42.19538704,B722,_,00050,1168
B722__00510.1168,14.00628126955925,42.132967455,B722,_,00510,1168
B722__00420.1168,14.01196185224521,42.146158815,B722,_,00420,1168
B722__00290.1168,14.011304507899712,42.15906126,B722,_,00290,1168
B722__0028.1168,13.998379194524038,42.158100125,B722,_,0028,1168
B722__0009.1168,13.968763100810449,42.18733885,B722,_,0009,1168
B722__00060.1168,13.99107681343136,42.1935093,B722,_,00060,1168
B722__00060.1169,13.99089436144978,42.193535624999996,B722,_,00060,1169
B722__00510.1169,14.006023711465247,42.133051695,B722,_,00510,1169
B722__00420.1169,14.012117489997575,42.146132890000004,B722,_,00420,1169
B722__0028.1169,13.998287119790707,42.158098475,B722,_,0028,1169
B722__00010.117,13.967878121809328,42.2072902,B722,_,00010,117
B722__00610.117,13.997025074963627,42.114055715,B722,_,00610,117
B722__00600.117,14.00603235284725,42.123831625,B722,_,00600,117
B722__00590.117,13.994718242422307,42.122140009999995,B722,_,00590,117
B722__00540.117,14.04004333042382,42.143014095,B722,_,00540,117
B722__00530.117,14.038069496804837,42.144931185000004,B722,_,00530,117
B722__00520.117,14.007084059495707,42.141966755,B722,_,00520,117
B722__00500.117,13.99999714506406,42.13702965,B722,_,00500,117
B722__00490.117,13.983411362412014,42.12848309,B722,_,00490,117
B722__00480.117,13.978463900311212,42.136154365,B722,_,00480,117
B722__00440.117,14.051499847094895,42.14826274,B722,_,00440,117
B722__00430.117,14.02594420903848,42.157058635,B722,_,00430,117
B722__00420.117,14.006844374385967,42.14870062999999,B722,_,00420,117
B722__00410.117,14.005148951821191,42.156085915,B722,_,00410,117
B722__00400.117,14.00446169402484,42.151184665,B722,_,00400,117
B722__00390.117,14.001027146517437,42.143451275000004,B722,_,00390,117
B722__00380.117,13.999555620887147,42.140856819999996,B722,_,00380,117
B722__00360.117,13.99177277371588,42.151134945,B722,_,00360,117
B722__00350.117,13.97770165241036,42.144686915,B722,_,00350,117
B722__00340.117,13.96788503408873,42.140761354999995,B722,_,00340,117
B722__00330.117,13.974313839141168,42.15334809,B722,_,00330,117
B722__00300.117,14.033720047968309,42.16496637,B722,_,00300,117
B722__00290.117,14.005872647238672,42.16152866,B722,_,00290,117
B722__0028.117,13.997125960616073,42.158593984999996,B722,_,0028,117
B722__00270.117,13.989697133086644,42.157129194999996,B722,_,00270,117
B722__00260.117,13.987299634311153,42.163101940000004,B722,_,00260,117
B722__00250.117,13.977773581498756,42.163670139999994,B722,_,00250,117
B722__00230.117,14.06509472238098,42.165072775,B722,_,00230,117
B722__00220.117,14.060286059967758,42.168300345,B722,_,00220,117
B722__00210.117,14.038302313002472,42.168628425,B722,_,00210,117
B722__00200.117,14.024270781677735,42.16850993,B722,_,00200,117
B722__00190.117,13.991086335267772,42.16824999,B722,_,00190,117
B722__00180.117,14.019264399367003,42.177807985,B722,_,00180,117
B722__00170.117,14.014112854261978,42.176779245,B722,_,00170,117
B722__00160.117,14.004351178320825,42.17091811,B722,_,00160,117
B722__00140.117,13.986762661105676,42.1722478,B722,_,00140,117
B722__00130.117,13.9797150072698,42.172856280000005,B722,_,00130,117
B722__00120.117,14.005970529444733,42.189530105,B722,_,00120,117
B722__00110.117,13.993545360166964,42.183473989999996,B722,_,00110,117
B722__00100.117,13.987786868924474,42.186629100000005,B722,_,00100,117
B722__0009.117,13.96953422803357,42.18689254,B722,_,0009,117
B722__00080.117,13.964561089467914,42.188510480000005,B722,_,00080,117
B722__00060.117,13.984003028955541,42.198721524999996,B722,_,00060,117
B722__00050.117,13.981906435806785,42.19325417,B722,_,00050,117
B722__00040.117,13.97803817367572,42.19941512,B722,_,00040,117
B722__00030.117,13.962739457924446,42.19700547,B722,_,00030,117
B722__00020.117,13.983256399709294,42.20534201,B722,_,00020,117
B722__00060.1170,13.990481586021268,42.193661985000006,B722,_,00060,1170
B722__00510.1170,14.006119149799606,42.133093155,B722,_,00510,1170
B722__00420.1170,14.011473132997644,42.14633565,B722,_,00420,1170
B722__00290.1170,14.011352404387894,42.15942928,B722,_,00290,1170
B722__00050.1171,13.981667207549538,42.195466444999994,B722,_,00050,1171
B722__00510.1171,14.006216850002986,42.133071875,B722,_,00510,1171
B722__0028.1171,14.002994130725668,42.15767235,B722,_,0028,1171
B722__0009.1171,13.968757428272877,42.18759731,B722,_,0009,1171
B722__00060.1171,13.99053782201032,42.19359908,B722,_,00060,1171
B722__00050.1172,13.981555128196922,42.195668255,B722,_,00050,1172
B722__00510.1172,14.005995279807399,42.133151495,B722,_,00510,1172
B722__00420.1172,14.01430096344042,42.149202015,B722,_,00420,1172
B722__00290.1172,14.011319047332062,42.159417,B722,_,00290,1172
B722__0009.1172,13.968773174165682,42.187145055,B722,_,0009,1172
B722__00060.1172,13.991648360550109,42.192909375,B722,_,00060,1172
B722__00050.1173,13.978570034652407,42.187612924999996,B722,_,00050,1173
B722__00510.1173,14.006108530382766,42.13315094,B722,_,00510,1173
B722__00420.1173,14.011826886588128,42.145943509999995,B722,_,00420,1173
B722__0028.1173,14.004322026798997,42.156149764999995,B722,_,0028,1173
B722__00060.1173,13.99165498322363,42.19287124,B722,_,00060,1173
B722__00050.1174,13.981540467763756,42.195447470000005,B722,_,00050,1174
B722__00510.1174,14.006177609870965,42.13316588,B722,_,00510,1174
B722__00420.1174,14.011905379322837,42.145967035,B722,_,00420,1174
B722__00290.1174,14.011251617023246,42.15939216,B722,_,00290,1174
B722__0028.1174,14.004545943806377,42.15621233,B722,_,0028,1174
B722__0009.1174,13.968473370880947,42.18613953,B722,_,0009,1174
B722__00060.1174,13.988682076333319,42.20019895,B722,_,00060,1174
B722__00050.1175,13.981436553357915,42.195616599999994,B722,_,00050,1175
B722__00510.1175,14.005943148924349,42.133377089999996,B722,_,00510,1175
B722__00420.1175,14.012019918471106,42.145953625000004,B722,_,00420,1175
B722__00290.1175,14.011110762813608,42.159332825,B722,_,00290,1175
B722__00060.1175,13.988661513838206,42.20001625,B722,_,00060,1175
B722__00050.1176,13.981721626577048,42.19540978,B722,_,00050,1176
B722__00510.1176,14.006068450234048,42.1333863,B722,_,00510,1176
B722__00290.1176,14.011954250579365,42.159392475000004,B722,_,00290,1176
B722__0028.1176,14.004527217243439,42.156269045,B722,_,0028,1176
B722__00050.1177,13.979088979490697,42.187258235,B722,_,00050,1177
B722__00510.1177,14.006165935058021,42.133324630000004,B722,_,00510,1177
B722__00420.1177,14.01678903636074,42.149797395,B722,_,00420,1177
B722__00290.1177,14.011948037754351,42.15936015,B722,_,00290,1177
B722__0028.1177,14.000807476197085,42.158459955,B722,_,0028,1177
B722__00090.1177,13.968619304564193,42.185626785,B722,_,00090,1177
B722__00060.1177,13.987615676830522,42.19586518,B722,_,00060,1177
B722__00050.1178,13.979070850171983,42.187166715000004,B722,_,00050,1178
B722__00510.1178,14.00560861856628,42.133520685,B722,_,00510,1178
B722__00290.1178,14.012086849260843,42.15941985,B722,_,00290,1178
B722__0028.1178,13.998048556552405,42.15848901,B722,_,0028,1178
B722__00060.1178,13.988200958399997,42.19736444,B722,_,00060,1178
B722__00050.1179,13.974051232017512,42.187380309999995,B722,_,00050,1179
B722__00510.1179,14.00602520442612,42.133636185,B722,_,00510,1179
B722__00420.1179,14.016480227933979,42.149820379999994,B722,_,00420,1179
B722__00290.1179,14.012117714183436,42.159359975,B722,_,00290,1179
B722__00060.1179,13.99153432439984,42.194633589999995,B722,_,00060,1179
B722__00010.118,13.968344944225954,42.207932405,B722,_,00010,118
B722__00610.118,13.997725598127001,42.113830480000004,B722,_,00610,118
B722__00600.118,14.00616094877897,42.123935355,B722,_,00600,118
B722__00590.118,13.995239361085403,42.12221858,B722,_,00590,118
B722__00540.118,14.040258127636548,42.14278145,B722,_,00540,118
B722__00530.118,14.026110310764187,42.142946935,B722,_,00530,118
B722__00520.118,14.010513849489797,42.142284540000006,B722,_,00520,118
B722__00500.118,13.99932983737786,42.136800609999995,B722,_,00500,118
B722__00490.118,13.984352022714672,42.1288234,B722,_,00490,118
B722__00480.118,13.978729186773496,42.135655650000004,B722,_,00480,118
B722__00440.118,14.051639299984647,42.14886727,B722,_,00440,118
B722__00430.118,14.02565034447176,42.156721635,B722,_,00430,118
B722__00420.118,14.007073449518256,42.14869898,B722,_,00420,118
B722__00410.118,14.005315194369302,42.15605145,B722,_,00410,118
B722__00390.118,14.001003069691563,42.14323177,B722,_,00390,118
B722__00380.118,13.999682554455482,42.140840895,B722,_,00380,118
B722__00360.118,13.992438879991415,42.151245185,B722,_,00360,118
B722__00350.118,13.978479748807363,42.14434254,B722,_,00350,118
B722__00340.118,13.968312098596318,42.140293725,B722,_,00340,118
B722__00330.118,13.974417074537513,42.152972285000004,B722,_,00330,118
B722__00300.118,14.033881373048075,42.165148385,B722,_,00300,118
B722__0028.118,13.99721613580776,42.158549655,B722,_,0028,118
B722__00270.118,13.990073987553355,42.157146909999994,B722,_,00270,118
B722__00260.118,13.987003920605211,42.162794415,B722,_,00260,118
B722__00250.118,13.978031785827486,42.16406169,B722,_,00250,118
B722__00230.118,14.065479057256947,42.164958999999996,B722,_,00230,118
B722__00220.118,14.040957088617853,42.168573665,B722,_,00220,118
B722__00210.118,14.039512236807928,42.16766099,B722,_,00210,118
B722__00200.118,14.022799117190871,42.165803855,B722,_,00200,118
B722__00190.118,13.990924673328431,42.16821295,B722,_,00190,118
B722__00180.118,14.019409493564776,42.177968575,B722,_,00180,118
B722__00170.118,14.014412010978383,42.176774045,B722,_,00170,118
B722__00160.118,14.004377500560274,42.170853390000005,B722,_,00160,118
B722__00150.118,13.990323689146694,42.173484450000004,B722,_,00150,118
B722__00140.118,13.98683197443348,42.172726475000005,B722,_,00140,118
B722__00130.118,13.979425221983995,42.17264949,B722,_,00130,118
B722__00120.118,14.006260697902722,42.189273400000005,B722,_,00120,118
B722__00110.118,13.993632324471424,42.18298839,B722,_,00110,118
B722__00100.118,13.98796927589517,42.186934109999996,B722,_,00100,118
B722__0009.118,13.969411811563376,42.18683944,B722,_,0009,118
B722__00080.118,13.964903255757527,42.188107205,B722,_,00080,118
B722__00070.118,13.99816462546659,42.195290760000006,B722,_,00070,118
B722__00060.118,13.984090295058413,42.198891630000006,B722,_,00060,118
B722__00040.118,13.976652612460635,42.19847394,B722,_,00040,118
B722__00030.118,13.962644064152716,42.196862275,B722,_,00030,118
B722__00020.118,13.983548831026047,42.205298305,B722,_,00020,118
B722__00050.1180,13.981691876143513,42.19540772,B722,_,00050,1180
B722__00510.1180,14.006088175433714,42.133511955,B722,_,00510,1180
B722__00420.1180,14.016455919196625,42.14979322,B722,_,00420,1180
B722__00290.1180,14.012186807220996,42.159428555,B722,_,00290,1180
B722__0028.1180,13.999112218994934,42.15898456,B722,_,0028,1180
B722__00090.1180,13.967774362338698,42.185164445,B722,_,00090,1180
B722__00060.1180,13.991045076757242,42.198412515,B722,_,00060,1180
B722__00050.1181,13.974129133838215,42.190702585,B722,_,00050,1181
B722__00510.1181,14.006197784553038,42.13368978,B722,_,00510,1181
B722__00420.1181,14.016745537757792,42.14992112,B722,_,00420,1181
B722__00290.1181,14.01222894068317,42.15935542,B722,_,00290,1181
B722__0028.1181,13.999112779197823,42.15908339,B722,_,0028,1181
B722__00090.1181,13.967343528418507,42.184963765,B722,_,00090,1181
B722__00060.1181,13.991010091031562,42.19562017,B722,_,00060,1181
B722__00050.1182,13.979406683109797,42.187366035,B722,_,00050,1182
B722__00510.1182,14.006065648423053,42.133987434999995,B722,_,00510,1182
B722__00290.1182,14.012254303957784,42.15930829,B722,_,00290,1182
B722__00090.1182,13.967590653495233,42.18440015,B722,_,00090,1182
B722__00090.1183,13.97571957729226,42.184004110000004,B722,_,00090,1183
B722__00510.1183,14.00593337401704,42.134131095,B722,_,00510,1183
B722__00420.1183,14.017154118084855,42.149973095,B722,_,00420,1183
B722__00290.1183,14.012342576165715,42.159437865,B722,_,00290,1183
B722__00090.1184,13.97658190713411,42.183973295,B722,_,00090,1184
B722__00510.1184,14.006197409770662,42.13431043,B722,_,00510,1184
B722__00290.1184,14.01239046374178,42.159348230000006,B722,_,00290,1184
B722__00060.1185,13.991291162839923,42.19447928,B722,_,00060,1185
B722__00510.1185,14.00577285552227,42.134466705,B722,_,00510,1185
B722__00290.1185,14.012515067119889,42.159235710000004,B722,_,00290,1185
B722__00090.1185,13.976979220590684,42.183846880000004,B722,_,00090,1185
B722__00060.1186,13.991722873156307,42.194005425,B722,_,00060,1186
B722__00510.1186,14.005695537650343,42.13446294,B722,_,00510,1186
B722__00290.1186,14.012316374363508,42.159301310000004,B722,_,00290,1186
B722__00060.1187,13.99179515844918,42.19405118,B722,_,00060,1187
B722__00290.1187,14.01240626780097,42.159229745000005,B722,_,00290,1187
B722__00090.1187,13.976175672421316,42.18327765,B722,_,00090,1187
B722__00060.1188,13.99188561935118,42.194068445,B722,_,00060,1188
B722__00510.1188,14.005518726490653,42.134768195,B722,_,00510,1188
B722__00290.1188,14.012442755638824,42.159300485,B722,_,00290,1188
B722__00090.1188,13.976832102061593,42.183395195,B722,_,00090,1188
B722__00060.1189,13.99147716310026,42.19428796,B722,_,00060,1189
B722__00510.1189,14.005543797681113,42.134654014999995,B722,_,00510,1189
B722__00420.1189,14.01718735894377,42.150065975000004,B722,_,00420,1189
B722__0009.1189,13.968806422118101,42.18678695,B722,_,0009,1189
B722__00010.119,13.968886425452688,42.207762724999995,B722,_,00010,119
B722__00610.119,13.997392172923758,42.114297725,B722,_,00610,119
B722__00600.119,14.00552662868198,42.124355269999995,B722,_,00600,119
B722__00590.119,13.995649962613191,42.122281275,B722,_,00590,119
B722__00540.119,14.040714576193222,42.142486219999995,B722,_,00540,119
B722__00530.119,14.027324585066495,42.143290324999995,B722,_,00530,119
B722__00520.119,14.010460529525261,42.142161215,B722,_,00520,119
B722__0051.119,14.003167758510244,42.141627715,B722,_,0051,119
B722__00500.119,13.999334298689412,42.13668388,B722,_,00500,119
B722__00490.119,13.9844093576112,42.128381335,B722,_,00490,119
B722__00480.119,13.97918597362504,42.135663725,B722,_,00480,119
B722__00440.119,14.051750401437243,42.14904129,B722,_,00440,119
B722__00430.119,14.02623887632943,42.157127085,B722,_,00430,119
B722__00420.119,14.006512222372304,42.148475405,B722,_,00420,119
B722__00410.119,14.005550920563254,42.156201929999995,B722,_,00410,119
B722__00400.119,14.001811794009548,42.15040408,B722,_,00400,119
B722__00390.119,14.001665406921571,42.14321127,B722,_,00390,119
B722__00380.119,13.999446892500448,42.14062654999999,B722,_,00380,119
B722__00370.119,13.995010982946159,42.14340973,B722,_,00370,119
B722__00360.119,13.992205607287026,42.151052039999996,B722,_,00360,119
B722__00350.119,13.977829842187823,42.14373822,B722,_,00350,119
B722__00340.119,13.967783347322646,42.140059,B722,_,00340,119
B722__00330.119,13.974271120761118,42.15255281,B722,_,00330,119
B722__00300.119,14.018347305344086,42.15921761,B722,_,00300,119
B722__00290.119,14.006735045782964,42.161560890000004,B722,_,00290,119
B722__0028.119,13.996959355020508,42.15847515,B722,_,0028,119
B722__00270.119,13.989846324352385,42.157353325,B722,_,00270,119
B722__00260.119,13.986525025535046,42.16256997000001,B722,_,00260,119
B722__00250.119,13.978237447645803,42.1640548,B722,_,00250,119
B722__00230.119,14.06576888982661,42.164785269999996,B722,_,00230,119
B722__00220.119,14.040462759902468,42.168155690000006,B722,_,00220,119
B722__00210.119,14.038634144280936,42.16847228,B722,_,00210,119
B722__00200.119,14.02354480313608,42.165608285000005,B722,_,00200,119
B722__00190.119,13.991106170175696,42.167974,B722,_,00190,119
B722__00180.119,14.019538181370173,42.17755071,B722,_,00180,119
B722__00170.119,14.014928540077264,42.17693425,B722,_,00170,119
B722__00160.119,14.004482630088013,42.170812975000004,B722,_,00160,119
B722__00150.119,13.989477099955558,42.17291347,B722,_,00150,119
B722__00140.119,13.98692351724438,42.17263002,B722,_,00140,119
B722__00130.119,13.979209639530517,42.172711765,B722,_,00130,119
B722__00120.119,14.00716723851181,42.18952119,B722,_,00120,119
B722__00110.119,13.994229024046433,42.18330126,B722,_,00110,119
B722__00100.119,13.988466760021009,42.1869894,B722,_,00100,119
B722__0009.119,13.969676974645576,42.186852795,B722,_,0009,119
B722__00080.119,13.962094200611892,42.187738575,B722,_,00080,119
B722__00060.119,13.98377753170248,42.19860368,B722,_,00060,119
B722__00050.119,13.983505635441759,42.192449554999996,B722,_,00050,119
B722__00040.119,13.976960022870815,42.19876517,B722,_,00040,119
B722__00030.119,13.960067876409596,42.196793740000004,B722,_,00030,119
B722__00020.119,13.983831667326402,42.20520084,B722,_,00020,119
B722__00060.1190,13.991556331321021,42.194329275,B722,_,00060,1190
B722__00510.1190,14.005011148845982,42.134755330000004,B722,_,00510,1190
B722__00290.1190,14.012580780083168,42.15928297,B722,_,00290,1190
B722__00090.1190,13.972931447773721,42.186318935,B722,_,00090,1190
B722__00060.1191,13.991641004617467,42.194362514999995,B722,_,00060,1191
B722__00510.1191,14.005205698218287,42.135035675,B722,_,00510,1191
B722__00290.1191,14.012575145878948,42.159226329999996,B722,_,00290,1191
B722__00290.1192,14.012716759579222,42.159118065,B722,_,00290,1192
B722__00510.1192,14.00495163971172,42.135270739999996,B722,_,00510,1192
B722__00420.1192,14.017679999371214,42.149313175,B722,_,00420,1192
B722__00060.1193,13.99124558781688,42.19434478,B722,_,00060,1193
B722__00510.1193,14.004590168117673,42.135122124999995,B722,_,00510,1193
B722__00290.1193,14.012623240787395,42.15915894,B722,_,00290,1193
B722__00090.1193,13.97704429740329,42.18279028,B722,_,00090,1193
B722__00090.1194,13.97703883985853,42.182838555000004,B722,_,00090,1194
B722__00510.1194,14.004736042390993,42.135263105,B722,_,00510,1194
B722__00420.1194,14.018291034988959,42.149156649999995,B722,_,00420,1194
B722__00290.1194,14.012544005318514,42.159156395,B722,_,00290,1194
B722__0028.1194,13.999196828053593,42.159072235,B722,_,0028,1194
B722__0028.1195,13.999215342080426,42.15900403,B722,_,0028,1195
B722__00510.1195,14.004749274066006,42.135328375,B722,_,00510,1195
B722__00290.1195,14.011219480612969,42.159270225,B722,_,00290,1195
B722__00090.1196,13.974644409143496,42.186885815,B722,_,00090,1196
B722__00510.1196,14.004503842447864,42.135132485,B722,_,00510,1196
B722__00290.1196,14.011152787505996,42.159304755,B722,_,00290,1196
B722__0028.1196,13.999162317855419,42.158905450000006,B722,_,0028,1196
B722__00090.1197,13.97446351914284,42.186565285,B722,_,00090,1197
B722__00510.1197,14.00455087872357,42.13529569,B722,_,00510,1197
B722__00290.1197,14.011158916090913,42.15934346,B722,_,00290,1197
B722__0028.1197,13.999288868006083,42.158933075,B722,_,0028,1197
B722__00090.1198,13.974838415772282,42.18645593,B722,_,00090,1198
B722__00510.1198,14.004650649166067,42.135363595,B722,_,00510,1198
B722__00290.1198,14.011297761078646,42.159279235,B722,_,00290,1198
B722__00060.1199,13.99023925893062,42.192186785000004,B722,_,00060,1199
B722__00510.1199,14.004294204847467,42.135159305,B722,_,00510,1199
B722__00290.1199,14.011265841848012,42.15935945,B722,_,00290,1199
B722__0028.1199,13.999536767180217,42.158886995,B722,_,0028,1199
B722__00010.12,13.968482599585283,42.210963375,B722,_,00010,12
B722__00610.12,13.99311474391931,42.121252895,B722,_,00610,12
B722__00590.12,13.98901470592934,42.12568213,B722,_,00590,12
B722__00580.12,13.985511519298427,42.111886345,B722,_,00580,12
B722__00540.12,14.047412084657722,42.14675629,B722,_,00540,12
B722__00530.12,14.036107825802961,42.149863695,B722,_,00530,12
B722__00520.12,14.008749537344194,42.14314729,B722,_,00520,12
B722__0051.12,14.004463421993744,42.143026289999995,B722,_,0051,12
B722__00500.12,13.98610353899231,42.136176930000005,B722,_,00500,12
B722__00490.12,13.985669262424743,42.132172264999994,B722,_,00490,12
B722__00480.12,13.975897471890764,42.139490714999994,B722,_,00480,12
B722__00450.12,14.052532920610524,42.14484802,B722,_,00450,12
B722__00440.12,14.044558981318115,42.154232199999996,B722,_,00440,12
B722__00430.12,14.021105371192984,42.157753889999995,B722,_,00430,12
B722__00420.12,14.005178188928337,42.15025876,B722,_,00420,12
B722__00410.12,14.005800335185128,42.15863922,B722,_,00410,12
B722__00400.12,14.003408676431949,42.154330955,B722,_,00400,12
B722__00390.12,14.000875239081367,42.14557414,B722,_,00390,12
B722__00380.12,13.999701156557922,42.142867695,B722,_,00380,12
B722__00370.12,13.986784849505408,42.146186095000004,B722,_,00370,12
B722__00360.12,13.997252762688678,42.154323085,B722,_,00360,12
B722__00350.12,13.981671759192535,42.148167985,B722,_,00350,12
B722__00340.12,13.974021845645826,42.14928146,B722,_,00340,12
B722__00330.12,13.972975620398508,42.155645074999995,B722,_,00330,12
B722__00310.12,14.037683157608129,42.161185985,B722,_,00310,12
B722__00300.12,14.026495124494627,42.16515062,B722,_,00300,12
B722__00290.12,14.003516439684919,42.162587785,B722,_,00290,12
B722__0028.12,13.997323076596924,42.159319785,B722,_,0028,12
B722__00270.12,13.99190919190944,42.16121262,B722,_,00270,12
B722__00260.12,13.982746525856227,42.16590732,B722,_,00260,12
B722__00250.12,13.98103850913161,42.167178455,B722,_,00250,12
B722__00240.12,14.10727555000054,42.155511485000005,B722,_,00240,12
B722__00230.12,14.060351134761223,42.169850365,B722,_,00230,12
B722__00220.12,14.045323503023056,42.17222698,B722,_,00220,12
B722__00210.12,14.0376568275943,42.173080075,B722,_,00210,12
B722__00200.12,14.017388567803858,42.169202205,B722,_,00200,12
B722__00190.12,13.996417693464977,42.16890481,B722,_,00190,12
B722__00180.12,14.019958761747516,42.179647595000006,B722,_,00180,12
B722__00170.12,14.015382980205262,42.18178318,B722,_,00170,12
B722__00160.12,14.008320831282429,42.177406765,B722,_,00160,12
B722__00150.12,13.99614937800046,42.178903145,B722,_,00150,12
B722__00140.12,13.985837472764546,42.1740296,B722,_,00140,12
B722__00130.12,13.979779431658246,42.1795601,B722,_,00130,12
B722__00120.12,14.005258099306351,42.194410024999996,B722,_,00120,12
B722__00110.12,13.995193992738077,42.187763215000004,B722,_,00110,12
B722__00100.12,13.981514567560307,42.188321345,B722,_,00100,12
B722__0009.12,13.971453664369873,42.187705345,B722,_,0009,12
B722__00080.12,13.959857029532891,42.190410375,B722,_,00080,12
B722__00070.12,13.996345789354965,42.197152305,B722,_,00070,12
B722__00060.12,13.988531869084124,42.19082171,B722,_,00060,12
B722__00050.12,13.981286545309526,42.195169385,B722,_,00050,12
B722__00040.12,13.972795885937373,42.20243107,B722,_,00040,12
B722__00030.12,13.96827523818392,42.200638014999996,B722,_,00030,12
B722__00020.12,13.975613239323588,42.20896186,B722,_,00020,12
B722__00010.120,13.969139412865317,42.20745182,B722,_,00010,120
B722__00610.120,13.997341971560159,42.1147044,B722,_,00610,120
B722__00600.120,14.00587119935565,42.124277570000004,B722,_,00600,120
B722__00590.120,13.994662586685953,42.12280108,B722,_,00590,120
B722__00540.120,14.040327353472598,42.1421969,B722,_,00540,120
B722__00530.120,14.02765508737589,42.143704565,B722,_,00530,120
B722__00520.120,14.010507175514466,42.142133985,B722,_,00520,120
B722__0051.120,14.00314067658072,42.14156274,B722,_,0051,120
B722__00500.120,13.997573318305568,42.13599768,B722,_,00500,120
B722__00490.120,13.985201591426591,42.128699839999996,B722,_,00490,120
B722__00480.120,13.979249083214278,42.13581987,B722,_,00480,120
B722__00440.120,14.050233587396022,42.147617125,B722,_,00440,120
B722__00430.120,14.025774179067522,42.15664296,B722,_,00430,120
B722__00420.120,14.00687018136441,42.148511085,B722,_,00420,120
B722__00410.120,14.005635904510086,42.156452465,B722,_,00410,120
B722__00400.120,14.002307170918868,42.150404445,B722,_,00400,120
B722__00390.120,14.002097748962825,42.14345983,B722,_,00390,120
B722__00380.120,13.99952237014029,42.140544680000005,B722,_,00380,120
B722__00370.120,13.994058521632525,42.143224175,B722,_,00370,120
B722__00360.120,13.992314355943293,42.151036855,B722,_,00360,120
B722__00350.120,13.97836117817846,42.143737415000004,B722,_,00350,120
B722__00340.120,13.965153054560705,42.140147275000004,B722,_,00340,120
B722__00330.120,13.974275774389731,42.15200825,B722,_,00330,120
B722__00300.120,14.018331896471066,42.15916658,B722,_,00300,120
B722__00290.120,14.007336759784604,42.16129692,B722,_,00290,120
B722__0028.120,13.997071142414601,42.15831699,B722,_,0028,120
B722__00270.120,13.989936737028298,42.157495055,B722,_,00270,120
B722__00260.120,13.98505812062551,42.16271133,B722,_,00260,120
B722__00250.120,13.97822152521548,42.16375545,B722,_,00250,120
B722__00230.120,14.066204747159208,42.164714105,B722,_,00230,120
B722__00220.120,14.040475011954792,42.167806185,B722,_,00220,120
B722__00210.120,14.039365705662398,42.168374985,B722,_,00210,120
B722__00200.120,14.023233194405766,42.16594101,B722,_,00200,120
B722__00190.120,13.991963943472804,42.167691545,B722,_,00190,120
B722__00180.120,14.019482490028,42.17743356,B722,_,00180,120
B722__00170.120,14.015301660377315,42.177184625,B722,_,00170,120
B722__00160.120,14.000291454103046,42.17119409,B722,_,00160,120
B722__00150.120,13.989394468668547,42.172679314999996,B722,_,00150,120
B722__00140.120,13.986994486029195,42.172567650000005,B722,_,00140,120
B722__00130.120,13.978890670926695,42.172480930000006,B722,_,00130,120
B722__00120.120,14.007239132504878,42.189627485,B722,_,00120,120
B722__00110.120,13.99442350680998,42.183028405,B722,_,00110,120
B722__00100.120,13.988867246338101,42.18701405,B722,_,00100,120
B722__00080.120,13.962109068965255,42.188059745000004,B722,_,00080,120
B722__00070.120,13.99809692585212,42.195875674999996,B722,_,00070,120
B722__00060.120,13.984618889088917,42.198679905,B722,_,00060,120
B722__00050.120,13.983870099859779,42.193102615,B722,_,00050,120
B722__00040.120,13.97718826630135,42.198041145000005,B722,_,00040,120
B722__00030.120,13.960150573796076,42.19669914,B722,_,00030,120
B722__00020.120,13.984226123449846,42.20681457,B722,_,00020,120
B722__00060.1200,13.98855441139439,42.198632335,B722,_,00060,1200
B722__00510.1200,14.004392666780085,42.135307175,B722,_,00510,1200
B722__00290.1200,14.011342518394976,42.1592941,B722,_,00290,1200
B722__0028.1200,13.999670803292801,42.15892971,B722,_,0028,1200
B722__00090.1200,13.97264830202625,42.187167665,B722,_,00090,1200
B722__00090.1201,13.97209478458635,42.18716825,B722,_,00090,1201
B722__00510.1201,14.004068929094153,42.135478085,B722,_,00510,1201
B722__00290.1201,14.011314267198966,42.15937353,B722,_,00290,1201
B722__0028.1201,13.999524543932555,42.15902104,B722,_,0028,1201
B722__00090.1202,13.972523888375745,42.18706872,B722,_,00090,1202
B722__00510.1202,14.004300873680997,42.135554909999996,B722,_,00510,1202
B722__00420.1202,14.01816474202947,42.148939784999996,B722,_,00420,1202
B722__00290.1202,14.011463429885653,42.159338625000004,B722,_,00290,1202
B722__00060.1203,13.99000732117701,42.19009339,B722,_,00060,1203
B722__00510.1203,14.004542049088913,42.1355887,B722,_,00510,1203
B722__00420.1203,14.018145291022453,42.14889432,B722,_,00420,1203
B722__00290.1203,14.011434178793117,42.15940109,B722,_,00290,1203
B722__0028.1203,13.999312500197645,42.158883775,B722,_,0028,1203
B722__00090.1203,13.972852627708335,42.184370470000005,B722,_,00090,1203
B722__00060.1204,13.987390532415837,42.19819885,B722,_,00060,1204
B722__00510.1204,14.003996825223066,42.13580872,B722,_,00510,1204
B722__00420.1204,14.018156177388626,42.14880531,B722,_,00420,1204
B722__00290.1204,14.011714522111015,42.159451950000005,B722,_,00290,1204
B722__0028.1204,13.999320623527362,42.158984575000005,B722,_,0028,1204
B722__00090.1204,13.971907400730865,42.176607505,B722,_,00090,1204
B722__0028.1205,13.99930751929676,42.159063704999994,B722,_,0028,1205
B722__00510.1205,14.004334012773908,42.135835115000006,B722,_,00510,1205
B722__00290.1205,14.01172462040789,42.15938765,B722,_,00290,1205
B722__00060.1206,13.987806177899667,42.19817244,B722,_,00060,1206
B722__00510.1206,14.004600233960542,42.135951975,B722,_,00510,1206
B722__00420.1206,14.018025882175337,42.148639435,B722,_,00420,1206
B722__0028.1206,13.998957246207997,42.15888559,B722,_,0028,1206
B722__00090.1206,13.976514416197379,42.185547875,B722,_,00090,1206
B722__00060.1207,13.983718889671833,42.196290075,B722,_,00060,1207
B722__00510.1207,14.003948818096251,42.13597924,B722,_,00510,1207
B722__00420.1207,14.017809732616787,42.148573215,B722,_,00420,1207
B722__00290.1207,14.011645483139258,42.159427705,B722,_,00290,1207
B722__0028.1207,14.002842142107898,42.15781888,B722,_,0028,1207
B722__00090.1207,13.976331060573319,42.185263245,B722,_,00090,1207
B722__00060.1208,13.984629760357812,42.199443529999996,B722,_,00060,1208
B722__00510.1208,14.004399002606796,42.13618568,B722,_,00510,1208
B722__00420.1208,14.010325833971663,42.1467848,B722,_,00420,1208
B722__0028.1208,13.999257227807469,42.15869962,B722,_,0028,1208
B722__00090.1208,13.974857692253359,42.185503100000005,B722,_,00090,1208
B722__00060.1209,13.984456235892363,42.19952766,B722,_,00060,1209
B722__00510.1209,14.004626125981062,42.136225319999994,B722,_,00510,1209
B722__00290.1209,14.011554968177698,42.15945109,B722,_,00290,1209
B722__00090.1209,13.974774795530305,42.18514889,B722,_,00090,1209
B722__00010.121,13.96939420595756,42.2072007,B722,_,00010,121
B722__00610.121,13.997899984628802,42.11468205,B722,_,00610,121
B722__00600.121,14.006349940946874,42.12399666,B722,_,00600,121
B722__00590.121,13.99335197628196,42.123348115,B722,_,00590,121
B722__00540.121,14.040805998308036,42.14212716,B722,_,00540,121
B722__00530.121,14.027766803508623,42.14373843,B722,_,00530,121
B722__00500.121,13.994678592645645,42.132404210000004,B722,_,00500,121
B722__00490.121,13.985623764122947,42.12860058,B722,_,00490,121
B722__00480.121,13.979398367579382,42.135973565,B722,_,00480,121
B722__00440.121,14.05048995459785,42.147398655,B722,_,00440,121
B722__00430.121,14.02592632968775,42.156765265000004,B722,_,00430,121
B722__00420.121,14.006720822101618,42.148327675000004,B722,_,00420,121
B722__00410.121,14.005882314411398,42.15623884,B722,_,00410,121
B722__00400.121,14.00220295707911,42.15052783,B722,_,00400,121
B722__00390.121,14.002141462890432,42.14342014,B722,_,00390,121
B722__00380.121,13.999687746757814,42.140641065,B722,_,00380,121
B722__00370.121,13.994088226560589,42.143165034999996,B722,_,00370,121
B722__00360.121,13.99229829674842,42.150904275,B722,_,00360,121
B722__00350.121,13.978905124888033,42.143882145,B722,_,00350,121
B722__00340.121,13.966311934360785,42.13972451,B722,_,00340,121
B722__00330.121,13.975237538407452,42.153648715,B722,_,00330,121
B722__00300.121,14.017568019168344,42.158795155,B722,_,00300,121
B722__00290.121,14.008044408522128,42.161499469999995,B722,_,00290,121
B722__0028.121,13.997129722324637,42.158277435,B722,_,0028,121
B722__00270.121,13.990351478001557,42.15716819,B722,_,00270,121
B722__00260.121,13.984960382861676,42.1624859,B722,_,00260,121
B722__00250.121,13.978647951575365,42.163938725,B722,_,00250,121
B722__00230.121,14.067849682766333,42.164646090000005,B722,_,00230,121
B722__00220.121,14.040718072446122,42.16783045,B722,_,00220,121
B722__00210.121,14.039752327895062,42.168825205000005,B722,_,00210,121
B722__00200.121,14.022954433595181,42.16621356,B722,_,00200,121
B722__00180.121,14.019301427357755,42.17736214,B722,_,00180,121
B722__00170.121,14.015910469202147,42.175339179999995,B722,_,00170,121
B722__00160.121,14.000316854283884,42.170225245,B722,_,00160,121
B722__00150.121,13.989638317644523,42.172933505,B722,_,00150,121
B722__00140.121,13.987653832279921,42.172079855,B722,_,00140,121
B722__00130.121,13.978584908191575,42.17210706,B722,_,00130,121
B722__00120.121,14.007332509160163,42.189734145,B722,_,00120,121
B722__00110.121,13.992182750073672,42.178536075,B722,_,00110,121
B722__00100.121,13.989557177566866,42.186939425,B722,_,00100,121
B722__0009.121,13.969845050672136,42.18695076,B722,_,0009,121
B722__00080.121,13.962871338925087,42.188137295000004,B722,_,00080,121
B722__00070.121,13.998538317990917,42.195703165,B722,_,00070,121
B722__00060.121,13.984525414897629,42.19876678,B722,_,00060,121
B722__00050.121,13.968222697780142,42.193536705,B722,_,00050,121
B722__00040.121,13.977479231795257,42.198144565,B722,_,00040,121
B722__00030.121,13.959793220227002,42.196404725,B722,_,00030,121
B722__00020.121,13.983653139062412,42.20685161,B722,_,00020,121
B722__00090.1210,13.973976425838876,42.1854254,B722,_,00090,1210
B722__00510.1210,14.003923302341644,42.136059365,B722,_,00510,1210
B722__00420.1210,14.007780241486504,42.14922311,B722,_,00420,1210
B722__00060.1211,13.988003776843946,42.200104644999996,B722,_,00060,1211
B722__00510.1211,14.004283813608268,42.13622965,B722,_,00510,1211
B722__00420.1211,14.007569932360209,42.14923711,B722,_,00420,1211
B722__00290.1211,14.011483700723009,42.159461160000006,B722,_,00290,1211
B722__00090.1212,13.973371843270392,42.185210479999995,B722,_,00090,1212
B722__00510.1212,14.004650610327829,42.13641538,B722,_,00510,1212
B722__00420.1212,14.007057246845818,42.14884156,B722,_,00420,1212
B722__0028.1212,13.99732413725182,42.15910395,B722,_,0028,1212
B722__00090.1213,13.973855799628666,42.185069424999995,B722,_,00090,1213
B722__00420.1213,14.008002132629677,42.148119925,B722,_,00420,1213
B722__00290.1213,14.011450930519269,42.159458580000006,B722,_,00290,1213
B722__0028.1213,14.004676873360225,42.15636037,B722,_,0028,1213
B722__0028.1214,13.99978336187332,42.158669509999996,B722,_,0028,1214
B722__00510.1214,14.004115292466876,42.136291925,B722,_,00510,1214
B722__00420.1214,14.007768979867402,42.147813944999996,B722,_,00420,1214
B722__00090.1215,13.973886952276107,42.184996264999995,B722,_,00090,1215
B722__00420.1215,14.007810733991178,42.148142750000005,B722,_,00420,1215
B722__00290.1215,14.01141915956551,42.159450025,B722,_,00290,1215
B722__0028.1215,14.000901453925938,42.15833363,B722,_,0028,1215
B722__00060.1216,13.987798800738876,42.199301469999995,B722,_,00060,1216
B722__00510.1216,14.004220594964133,42.136356015000004,B722,_,00510,1216
B722__0028.1216,13.997218512230639,42.15949055,B722,_,0028,1216
B722__00290.1217,14.011393507830881,42.159442425,B722,_,00290,1217
B722__00510.1217,14.003765141464644,42.136286510000005,B722,_,00510,1217
B722__00420.1217,14.007832528205313,42.14646958,B722,_,00420,1217
B722__00060.1218,13.98835830253267,42.200174135,B722,_,00060,1218
B722__00510.1218,14.004018365628795,42.136345950000006,B722,_,00510,1218
B722__00420.1218,14.00783224258398,42.146729715,B722,_,00420,1218
B722__0028.1218,14.002716354842354,42.15760487,B722,_,0028,1218
B722__00060.1219,13.987449230652372,42.195934835,B722,_,00060,1219
B722__00510.1219,14.00419059871001,42.136613010000005,B722,_,00510,1219
B722__00420.1219,14.02292487825813,42.14479093,B722,_,00420,1219
B722__00290.1219,14.011372637525527,42.159435720000005,B722,_,00290,1219
B722__0028.1219,14.002770720138322,42.1575834,B722,_,0028,1219
B722__00010.122,13.969602205164056,42.20729025999999,B722,_,00010,122
B722__00610.122,13.99804506082437,42.1149243,B722,_,00610,122
B722__00600.122,14.006590628605803,42.12406017,B722,_,00600,122
B722__00590.122,13.993789247501976,42.12340538,B722,_,00590,122
B722__00540.122,14.040942518708677,42.14199131,B722,_,00540,122
B722__00530.122,14.027868884298933,42.1436631,B722,_,00530,122
B722__00520.122,14.010941492597665,42.14222722,B722,_,00520,122
B722__0051.122,14.003203949938644,42.141378950000004,B722,_,0051,122
B722__00500.122,14.00000368588511,42.13579508,B722,_,00500,122
B722__00490.122,13.985640268745517,42.128340390000005,B722,_,00490,122
B722__00480.122,13.979599444281115,42.136143895000004,B722,_,00480,122
B722__00440.122,14.050907815123807,42.147196335000004,B722,_,00440,122
B722__00430.122,14.026182402075147,42.156934559999996,B722,_,00430,122
B722__00420.122,14.006933249835805,42.14836907,B722,_,00420,122
B722__00410.122,14.006084654800592,42.15638197,B722,_,00410,122
B722__00400.122,14.002357786849199,42.15066687,B722,_,00400,122
B722__00390.122,14.000341453685483,42.142971365,B722,_,00390,122
B722__00380.122,13.999741443880337,42.14048568,B722,_,00380,122
B722__00360.122,13.993095666416377,42.151022409999996,B722,_,00360,122
B722__00350.122,13.979627253978702,42.14410189,B722,_,00350,122
B722__00340.122,13.97609544375669,42.147085045,B722,_,00340,122
B722__00330.122,13.975207501826315,42.153490645,B722,_,00330,122
B722__00300.122,14.017398652701836,42.158781575,B722,_,00300,122
B722__0028.122,13.997186936472374,42.158277435,B722,_,0028,122
B722__00270.122,13.994829558908759,42.157322855,B722,_,00270,122
B722__00260.122,13.985464549196386,42.16261223,B722,_,00260,122
B722__00250.122,13.978682517190332,42.163612244999996,B722,_,00250,122
B722__00230.122,14.05846823100309,42.16510819,B722,_,00230,122
B722__00220.122,14.040992921615201,42.167651015,B722,_,00220,122
B722__00210.122,14.039364012807212,42.169013750000005,B722,_,00210,122
B722__00200.122,14.0232074391736,42.16642281,B722,_,00200,122
B722__00180.122,14.018954308146604,42.17709852,B722,_,00180,122
B722__00170.122,14.012064434178928,42.175476700000004,B722,_,00170,122
B722__00160.122,14.000702954419314,42.17062265,B722,_,00160,122
B722__00150.122,13.989904428314055,42.17309237,B722,_,00150,122
B722__00140.122,13.987354883892973,42.172988325000006,B722,_,00140,122
B722__00130.122,13.978901989426513,42.171966385,B722,_,00130,122
B722__00120.122,14.007395732533546,42.1898381,B722,_,00120,122
B722__00110.122,13.994777569588322,42.182419025,B722,_,00110,122
B722__00100.122,13.989134279147237,42.186306355,B722,_,00100,122
B722__0009.122,13.969919400258807,42.186989085,B722,_,0009,122
B722__00080.122,13.962966250348764,42.187997069999994,B722,_,00080,122
B722__00070.122,13.998312450094893,42.196281105,B722,_,00070,122
B722__00060.122,13.984712009147136,42.198836135,B722,_,00060,122
B722__00050.122,13.980945681315522,42.194846025000004,B722,_,00050,122
B722__00040.122,13.977445899323634,42.198547435,B722,_,00040,122
B722__00030.122,13.959817212436818,42.196560745,B722,_,00030,122
B722__00020.122,13.984236384429789,42.20745742,B722,_,00020,122
B722__00060.1220,13.98745722223238,42.1957697,B722,_,00060,1220
B722__00510.1220,14.004080034121204,42.136485414999996,B722,_,00510,1220
B722__00420.1220,14.023090666955364,42.14520774499999,B722,_,00420,1220
B722__00290.1220,14.012668961741483,42.15893569,B722,_,00290,1220
B722__00060.1221,13.98742677812938,42.19543485,B722,_,00060,1221
B722__00510.1221,14.003964610290684,42.136477295,B722,_,00510,1221
B722__00420.1221,14.0172239141713,42.146589395,B722,_,00420,1221
B722__00290.1221,14.012563772365402,42.159056425,B722,_,00290,1221
B722__0028.1221,13.998850335153822,42.15812157,B722,_,0028,1221
B722__00060.1222,13.987310247153738,42.19900765,B722,_,00060,1222
B722__00510.1222,14.00367793884843,42.13644859,B722,_,00510,1222
B722__00420.1222,14.017071587996973,42.146584204999996,B722,_,00420,1222
B722__00290.1222,14.012507978333858,42.15911915,B722,_,00290,1222
B722__0028.1222,14.000167880553818,42.15876566,B722,_,0028,1222
B722__00060.1223,13.987727044322426,42.19895986,B722,_,00060,1223
B722__00510.1223,14.003868644324303,42.1366506,B722,_,00510,1223
B722__00420.1223,14.017094211902053,42.146166395,B722,_,00420,1223
B722__00290.1223,14.01258619711288,42.158916745,B722,_,00290,1223
B722__0028.1223,14.000251739165845,42.158823395,B722,_,0028,1223
B722__00090.1223,13.973612654342393,42.18458559,B722,_,00090,1223
B722__00060.1224,13.98525267211905,42.199598755,B722,_,00060,1224
B722__00510.1224,14.003937296969912,42.13669661,B722,_,00510,1224
B722__00420.1224,14.01687875047222,42.146045525,B722,_,00420,1224
B722__00290.1224,14.012508941865256,42.15903401,B722,_,00290,1224
B722__00090.1224,13.973856374837448,42.184560364999996,B722,_,00090,1224
B722__00060.1225,13.985849711159258,42.199523310000004,B722,_,00060,1225
B722__00510.1225,14.004027427109897,42.136986955,B722,_,00510,1225
B722__00420.1225,14.017070493974831,42.14568338,B722,_,00420,1225
B722__0028.1225,13.996869059166,42.159157085000004,B722,_,0028,1225
B722__00090.1225,13.974684214014298,42.18226909,B722,_,00090,1225
B722__00090.1226,13.969746235211534,42.185305445,B722,_,00090,1226
B722__00510.1226,14.003773236543594,42.13681715,B722,_,00510,1226
B722__00420.1226,14.008524735255914,42.147547245,B722,_,00420,1226
B722__00290.1226,14.012591473282779,42.158736045,B722,_,00290,1226
B722__0028.1226,14.002525092498754,42.156598055,B722,_,0028,1226
B722__00060.1227,13.989458814312766,42.199378115,B722,_,00060,1227
B722__00510.1227,14.003697674644103,42.136698895,B722,_,00510,1227
B722__00420.1227,14.017830839418018,42.144453345,B722,_,00420,1227
B722__00290.1227,14.012406394206414,42.158932775,B722,_,00290,1227
B722__0028.1227,14.002585410586033,42.156594014999996,B722,_,0028,1227
B722__00090.1227,13.969930584136225,42.185366895,B722,_,00090,1227
B722__00090.1228,13.968749800252684,42.18432256,B722,_,00090,1228
B722__00510.1228,14.002460692158085,42.136685485,B722,_,00510,1228
B722__00420.1228,14.008942175911178,42.14769584,B722,_,00420,1228
B722__00290.1228,14.012418472643258,42.159022045,B722,_,00290,1228
B722__0028.1228,13.998646653736724,42.15804844,B722,_,0028,1228
B722__00090.1229,13.968586118978934,42.184713654999996,B722,_,00090,1229
B722__00510.1229,14.00364191469822,42.136780040000005,B722,_,00510,1229
B722__00290.1229,14.0122975331746,42.15879491,B722,_,00290,1229
B722__0028.1229,13.998908655454642,42.158903515,B722,_,0028,1229
B722__00010.123,13.969231399932728,42.20695719,B722,_,00010,123
B722__00610.123,13.998135078210659,42.11532822,B722,_,00610,123
B722__00600.123,14.006113596023834,42.124283645000006,B722,_,00600,123
B722__00590.123,13.994578500732182,42.123727605,B722,_,00590,123
B722__00540.123,14.040996686133944,42.141904575,B722,_,00540,123
B722__00530.123,14.028211877403532,42.143701265000004,B722,_,00530,123
B722__00520.123,14.010988473301518,42.142132375,B722,_,00520,123
B722__0051.123,14.003049490867848,42.141151615,B722,_,0051,123
B722__00500.123,13.99991146671259,42.13512113,B722,_,00500,123
B722__00490.123,13.985384276830013,42.127943935000005,B722,_,00490,123
B722__00480.123,13.979996028756233,42.136546505,B722,_,00480,123
B722__00440.123,14.051184470108526,42.147015235,B722,_,00440,123
B722__00430.123,14.026454985065893,42.15699315,B722,_,00430,123
B722__00420.123,14.007049597561476,42.14837862,B722,_,00420,123
B722__00400.123,14.002794531713544,42.150751565,B722,_,00400,123
B722__00390.123,14.00069651129579,42.142921125,B722,_,00390,123
B722__00380.123,13.999948525254474,42.140608365000006,B722,_,00380,123
B722__00370.123,13.994447956675625,42.14323405499999,B722,_,00370,123
B722__00360.123,13.992782231532235,42.150822399999996,B722,_,00360,123
B722__00350.123,13.979874543048213,42.144246455,B722,_,00350,123
B722__00340.123,13.972997117452255,42.143608575,B722,_,00340,123
B722__00330.123,13.975136822155076,42.153176439999996,B722,_,00330,123
B722__0028.123,13.99712618195468,42.15818996,B722,_,0028,123
B722__00270.123,13.991028485835841,42.15616952,B722,_,00270,123
B722__00260.123,13.984909903161553,42.162364780000004,B722,_,00260,123
B722__00250.123,13.9800458196472,42.16360676,B722,_,00250,123
B722__00230.123,14.058878393569497,42.164799365,B722,_,00230,123
B722__00220.123,14.041319859336419,42.167586650000004,B722,_,00220,123
B722__00210.123,14.03911737599135,42.169351365,B722,_,00210,123
B722__00200.123,14.024838084366696,42.165610775000005,B722,_,00200,123
B722__00180.123,14.018674244504718,42.176936375,B722,_,00180,123
B722__00170.123,14.0154936801275,42.176721475,B722,_,00170,123
B722__00160.123,14.001416584782971,42.170654905,B722,_,00160,123
B722__00150.123,13.990158938051911,42.17320119,B722,_,00150,123
B722__00140.123,13.987567996990478,42.172911815000006,B722,_,00140,123
B722__00130.123,13.979116027309807,42.171919545,B722,_,00130,123
B722__00120.123,14.007094533743839,42.190158069999995,B722,_,00120,123
B722__00110.123,13.994794135877463,42.181769425,B722,_,00110,123
B722__00100.123,13.989787665966531,42.18617004,B722,_,00100,123
B722__0009.123,13.970191317201483,42.1870192,B722,_,0009,123
B722__00080.123,13.962835949174146,42.18786622499999,B722,_,00080,123
B722__00070.123,13.99861437997608,42.195840655,B722,_,00070,123
B722__00060.123,13.984950392029981,42.198679195,B722,_,00060,123
B722__00050.123,13.968512550270995,42.193614825,B722,_,00050,123
B722__00040.123,13.977871636691752,42.198300024999995,B722,_,00040,123
B722__00030.123,13.961213472256189,42.196810365,B722,_,00030,123
B722__00020.123,13.982403276940067,42.20492161,B722,_,00020,123
B722__00090.1230,13.968571585370373,42.184792505000004,B722,_,00090,1230
B722__00510.1230,14.003112492906123,42.13727971,B722,_,00510,1230
B722__00290.1230,14.012212757025146,42.158785225,B722,_,00290,1230
B722__00280.1230,13.996092599809103,42.160179154999994,B722,_,00280,1230
B722__00060.1231,13.991225823657,42.190654679999994,B722,_,00060,1231
B722__00510.1231,14.003213223686638,42.137525995000004,B722,_,00510,1231
B722__00420.1231,14.015969133245282,42.150028230000004,B722,_,00420,1231
B722__00290.1231,14.012016690236187,42.158733835,B722,_,00290,1231
B722__0028.1231,14.001716825796457,42.15820206,B722,_,0028,1231
B722__0009.1231,13.969576136412664,42.187135075,B722,_,0009,1231
B722__00060.1232,13.991465125027492,42.1908935,B722,_,00060,1232
B722__00510.1232,14.003658260613403,42.13728564,B722,_,00510,1232
B722__0028.1232,13.999948268294709,42.15856952,B722,_,0028,1232
B722__0009.1232,13.969726506252805,42.187248915,B722,_,0009,1232
B722__00060.1233,13.988588951430163,42.198225120000004,B722,_,00060,1233
B722__00510.1233,14.003524813960993,42.13699602,B722,_,00510,1233
B722__00420.1233,14.01684841574372,42.14726429,B722,_,00420,1233
B722__00290.1233,14.011927966966825,42.158649964999995,B722,_,00290,1233
B722__0028.1233,13.997796111004458,42.159303135,B722,_,0028,1233
B722__0009.1233,13.969165533951532,42.185919755,B722,_,0009,1233
B722__0009.1234,13.969369879562919,42.18592853,B722,_,0009,1234
B722__00510.1234,14.003608934077704,42.13681958,B722,_,00510,1234
B722__00420.1234,14.015868313943312,42.14265677,B722,_,00420,1234
B722__00290.1234,14.011798166875774,42.15851603,B722,_,00290,1234
B722__0028.1234,14.002106818483268,42.15708151,B722,_,0028,1234
B722__00060.1235,13.988097661588156,42.19797404,B722,_,00060,1235
B722__00510.1235,14.003063977152898,42.13784823,B722,_,00510,1235
B722__00290.1235,14.011765036004263,42.15854593500001,B722,_,00290,1235
B722__0028.1235,13.997701109446083,42.159084824999994,B722,_,0028,1235
B722__0028.1236,13.99779029828635,42.159018455,B722,_,0028,1236
B722__00510.1236,14.002795746801482,42.137684539999995,B722,_,00510,1236
B722__00420.1236,14.015750253275051,42.15028685,B722,_,00420,1236
B722__00290.1236,14.01175845938702,42.158586065,B722,_,00290,1236
B722__0009.1237,13.969675167065304,42.18590465,B722,_,0009,1237
B722__00510.1237,14.001929609558799,42.137691645,B722,_,00510,1237
B722__00420.1237,14.015844823423393,42.150202495,B722,_,00420,1237
B722__00290.1237,14.01190411092539,42.158591245,B722,_,00290,1237
B722__0028.1237,13.997509714172848,42.159236905,B722,_,0028,1237
B722__00090.1238,13.97729927456454,42.184290094999994,B722,_,00090,1238
B722__00510.1238,14.002597317227348,42.13780425,B722,_,00510,1238
B722__00420.1238,14.016011331954276,42.15024567,B722,_,00420,1238
B722__00290.1238,14.012208100821749,42.159195780000005,B722,_,00290,1238
B722__00090.1239,13.976901667791676,42.182777630000004,B722,_,00090,1239
B722__00510.1239,14.002721260023094,42.137892815,B722,_,00510,1239
B722__00290.1239,14.012039758586877,42.159332705,B722,_,00290,1239
B722__0028.1239,13.999394655182408,42.158009344999996,B722,_,0028,1239
B722__00010.124,13.969597715571565,42.207070935000004,B722,_,00010,124
B722__00610.124,13.998558035303905,42.114547540000004,B722,_,00610,124
B722__00600.124,14.00632951171318,42.124378390000004,B722,_,00600,124
B722__00590.124,13.995357945239192,42.124233770000004,B722,_,00590,124
B722__00540.124,14.042202265260547,42.14163746,B722,_,00540,124
B722__00530.124,14.028348218045554,42.143771825,B722,_,00530,124
B722__00520.124,14.011079072269379,42.14216735,B722,_,00520,124
B722__0051.124,14.003167391995849,42.14117975,B722,_,0051,124
B722__00500.124,13.994773679398927,42.13378616,B722,_,00500,124
B722__00490.124,13.985747782495016,42.128016314999996,B722,_,00490,124
B722__00480.124,13.980319750846839,42.136384934999995,B722,_,00480,124
B722__00440.124,14.051207036460298,42.1479111,B722,_,00440,124
B722__00430.124,14.027332973017263,42.156343395,B722,_,00430,124
B722__00420.124,14.012977136922071,42.15054368,B722,_,00420,124
B722__00400.124,14.002798207833052,42.151034275,B722,_,00400,124
B722__00390.124,14.000786370944482,42.14267083,B722,_,00390,124
B722__00380.124,13.999996589001757,42.140403135,B722,_,00380,124
B722__00370.124,13.994832515674048,42.14317271,B722,_,00370,124
B722__00360.124,13.992565113824078,42.15101606,B722,_,00360,124
B722__00350.124,13.979566949705895,42.144448865,B722,_,00350,124
B722__00340.124,13.976689751176657,42.149039975,B722,_,00340,124
B722__00330.124,13.975052088922897,42.152694284999995,B722,_,00330,124
B722__00290.124,14.009264876138243,42.161106145000005,B722,_,00290,124
B722__0028.124,13.997270347786177,42.15811569,B722,_,0028,124
B722__00270.124,13.99164307302956,42.156618925000004,B722,_,00270,124
B722__00260.124,13.985528561368689,42.162566755,B722,_,00260,124
B722__00250.124,13.97989008053467,42.16398465,B722,_,00250,124
B722__00230.124,14.059582507300593,42.164789330000005,B722,_,00230,124
B722__00220.124,14.041382432133812,42.16742615,B722,_,00220,124
B722__00210.124,14.039807959802229,42.16928858,B722,_,00210,124
B722__00200.124,14.023221657393329,42.16654434,B722,_,00200,124
B722__00190.124,13.992589352301398,42.168218925000005,B722,_,00190,124
B722__00180.124,14.020249340503423,42.17718863,B722,_,00180,124
B722__00170.124,14.016275486797616,42.176461965,B722,_,00170,124
B722__00160.124,14.00160861730587,42.170456555,B722,_,00160,124
B722__00150.124,13.990196163981082,42.173154455,B722,_,00150,124
B722__00140.124,13.98778293075765,42.172740250000004,B722,_,00140,124
B722__00130.124,13.979365424339175,42.17232871,B722,_,00130,124
B722__00120.124,14.009250104623714,42.19040426,B722,_,00120,124
B722__00110.124,13.99534912625126,42.182549925000004,B722,_,00110,124
B722__00100.124,13.978872951866906,42.186450555,B722,_,00100,124
B722__00080.124,13.96283772813975,42.18772396999999,B722,_,00080,124
B722__00070.124,13.999208797401804,42.19583057,B722,_,00070,124
B722__00060.124,13.984446751238004,42.198947625,B722,_,00060,124
B722__00050.124,13.968189984468404,42.193601005000005,B722,_,00050,124
B722__00040.124,13.97818331775779,42.198231125,B722,_,00040,124
B722__00030.124,13.961507149631554,42.196922845,B722,_,00030,124
B722__00020.124,13.98480643466576,42.206854469999996,B722,_,00020,124
B722__00060.1240,13.988299491575727,42.19953472,B722,_,00060,1240
B722__00510.1240,14.002713958486613,42.1379799,B722,_,00510,1240
B722__00420.1240,14.016149011219403,42.150171625,B722,_,00420,1240
B722__00060.1241,13.989034317956577,42.19976407,B722,_,00060,1241
B722__00510.1241,14.002591142036291,42.13812602,B722,_,00510,1241
B722__00420.1241,14.007710291083061,42.144139145,B722,_,00420,1241
B722__0028.1241,14.00174827488198,42.157130159999994,B722,_,0028,1241
B722__00060.1242,13.985990388863755,42.195672294999994,B722,_,00060,1242
B722__00510.1242,14.002465000414547,42.138034325,B722,_,00510,1242
B722__00420.1242,14.007716400387281,42.144040265,B722,_,00420,1242
B722__0028.1242,14.001824018674498,42.157113355,B722,_,0028,1242
B722__00090.1242,13.97253920775168,42.187292015,B722,_,00090,1242
B722__00090.1243,13.972636076985166,42.187231645,B722,_,00090,1243
B722__00510.1243,14.002032959399795,42.138017555,B722,_,00510,1243
B722__00420.1243,14.008039207734079,42.14417245,B722,_,00420,1243
B722__0028.1243,14.001814639162031,42.15707345,B722,_,0028,1243
B722__00060.1244,13.987212385278957,42.19797187,B722,_,00060,1244
B722__00510.1244,14.002218193517258,42.13810176,B722,_,00510,1244
B722__00420.1244,14.008086740749487,42.14408474,B722,_,00420,1244
B722__0028.1244,13.999735762645196,42.157805855,B722,_,0028,1244
B722__00090.1244,13.972147744403605,42.18733129,B722,_,00090,1244
B722__00060.1245,13.987081003867445,42.195688419999996,B722,_,00060,1245
B722__00510.1245,14.002324620203376,42.1382913,B722,_,00510,1245
B722__00420.1245,14.008591215641083,42.144255855,B722,_,00420,1245
B722__0028.1245,14.000055809090684,42.157699105,B722,_,0028,1245
B722__00090.1245,13.972140113499846,42.18738487,B722,_,00090,1245
B722__00060.1246,13.986406430463692,42.196008975,B722,_,00060,1246
B722__00510.1246,14.002110552875806,42.13840977,B722,_,00510,1246
B722__0028.1246,13.998778447575539,42.157940005,B722,_,0028,1246
B722__00060.1247,13.986146032069467,42.195730435,B722,_,00060,1247
B722__00510.1247,14.001963452306168,42.138311044999995,B722,_,00510,1247
B722__0028.1247,13.998766440302504,42.158030065000005,B722,_,0028,1247
B722__00060.1248,13.985887597368004,42.195631725,B722,_,00060,1248
B722__00510.1248,14.001902971636689,42.13848893,B722,_,00510,1248
B722__00420.1248,14.006731838156046,42.143763965000005,B722,_,00420,1248
B722__0028.1248,13.99833922726074,42.158644195,B722,_,0028,1248
B722__00060.1249,13.986082131099064,42.195149715,B722,_,00060,1249
B722__00510.1249,14.001819445372938,42.138403925,B722,_,00510,1249
B722__00420.1249,14.015896091904722,42.150331505,B722,_,00420,1249
B722__0028.1249,14.001631210754159,42.158256910000006,B722,_,0028,1249
B722__0009.1249,13.969663087411657,42.18624873,B722,_,0009,1249
B722__00010.125,13.969870155571378,42.20670435,B722,_,00010,125
B722__00610.125,13.999429642851014,42.115190655,B722,_,00610,125
B722__00600.125,14.00695928220604,42.124153390000004,B722,_,00600,125
B722__00590.125,13.995712749630009,42.12441683,B722,_,00590,125
B722__00540.125,14.04343762240618,42.141362305,B722,_,00540,125
B722__00530.125,14.0281139369898,42.143985715,B722,_,00530,125
B722__00520.125,14.011156832180427,42.14219559,B722,_,00520,125
B722__0051.125,14.003235898078312,42.14117975,B722,_,0051,125
B722__00500.125,13.994604738705652,42.13334929,B722,_,00500,125
B722__00490.125,13.986043951444532,42.12815651,B722,_,00490,125
B722__00480.125,13.980135843763136,42.135436755,B722,_,00480,125
B722__00440.125,14.051848049291085,42.148234724999995,B722,_,00440,125
B722__00430.125,14.029893650893749,42.156727345,B722,_,00430,125
B722__00420.125,14.007162455999145,42.148468695,B722,_,00420,125
B722__00410.125,14.004360138762618,42.154682625,B722,_,00410,125
B722__00400.125,14.003016639815103,42.151045025,B722,_,00400,125
B722__00390.125,14.00085765436593,42.142921125,B722,_,00390,125
B722__00380.125,14.000392336045614,42.14088995,B722,_,00380,125
B722__00370.125,13.994639449006552,42.142970345,B722,_,00370,125
B722__00360.125,13.99266087552209,42.151241215,B722,_,00360,125
B722__00350.125,13.979601535790223,42.14466291,B722,_,00350,125
B722__00340.125,13.976619844330136,42.14873962,B722,_,00340,125
B722__00330.125,13.974844001921657,42.152016724999996,B722,_,00330,125
B722__00300.125,14.026249389639148,42.16562071,B722,_,00300,125
B722__0028.125,13.997599154692509,42.158418275,B722,_,0028,125
B722__00270.125,13.99118053859419,42.156443995000004,B722,_,00270,125
B722__00260.125,13.98505449022941,42.162289494999996,B722,_,00260,125
B722__00250.125,13.980376998699544,42.164103659999995,B722,_,00250,125
B722__00230.125,14.060429759380952,42.164560825,B722,_,00230,125
B722__00220.125,14.041703741634002,42.16742615,B722,_,00220,125
B722__00210.125,14.040564807398358,42.16900321999999,B722,_,00210,125
B722__00200.125,14.02342871811534,42.1665964,B722,_,00200,125
B722__00190.125,13.992078303318946,42.167420705,B722,_,00190,125
B722__00180.125,14.020072679150779,42.176843129999995,B722,_,00180,125
B722__00170.125,14.012340517097037,42.175981335,B722,_,00170,125
B722__00160.125,14.001711765571772,42.170355735,B722,_,00160,125
B722__00150.125,13.990353761486862,42.173247335,B722,_,00150,125
B722__00140.125,13.987453070457926,42.17263781,B722,_,00140,125
B722__00130.125,13.97968989024543,42.172531895000006,B722,_,00130,125
B722__00120.125,14.010665017949101,42.184320865000004,B722,_,00120,125
B722__00110.125,13.995938038798176,42.182083675,B722,_,00110,125
B722__00100.125,13.978975381185338,42.186234335,B722,_,00100,125
B722__00080.125,13.963485019429093,42.187598879999996,B722,_,00080,125
B722__00070.125,13.998766209953448,42.196325035,B722,_,00070,125
B722__00060.125,13.984914308467008,42.198917675000004,B722,_,00060,125
B722__00050.125,13.968326743404646,42.193632644999994,B722,_,00050,125
B722__00040.125,13.978261789400019,42.19806387,B722,_,00040,125
B722__00030.125,13.961427455158073,42.19678245,B722,_,00030,125
B722__00020.125,13.98510472049698,42.203988605,B722,_,00020,125
B722__00060.1250,13.985602906282711,42.19475306,B722,_,00060,1250
B722__00510.1250,14.00159966812196,42.13794652,B722,_,00510,1250
B722__00420.1250,14.01568720173082,42.150316000000004,B722,_,00420,1250
B722__0028.1250,13.998000271346232,42.15867884,B722,_,0028,1250
B722__00060.1251,13.98461292803581,42.19408742,B722,_,00060,1251
B722__00510.1251,14.001683897563598,42.13827257,B722,_,00510,1251
B722__00420.1251,14.015822425022186,42.15030672,B722,_,00420,1251
B722__00280.1251,13.998132196883146,42.159784994999995,B722,_,00280,1251
B722__00090.1251,13.977969806862376,42.185083455,B722,_,00090,1251
B722__00060.1252,13.98461407627886,42.193770475,B722,_,00060,1252
B722__00510.1252,14.001800386045494,42.13851815,B722,_,00510,1252
B722__00420.1252,14.015725702580427,42.150387895,B722,_,00420,1252
B722__0028.1252,13.998348135423058,42.15885095,B722,_,0028,1252
B722__00090.1252,13.978127549944832,42.18504341,B722,_,00090,1252
B722__00060.1253,13.987491510710452,42.198292005,B722,_,00060,1253
B722__00510.1253,14.00168763726867,42.1384187,B722,_,00510,1253
B722__00280.1253,13.995191400717626,42.160399345,B722,_,00280,1253
B722__00090.1253,13.977995787297036,42.185159084999995,B722,_,00090,1253
B722__00060.1254,13.984595686531756,42.193624325,B722,_,00060,1254
B722__00510.1254,14.001532640876302,42.1383223,B722,_,00510,1254
B722__00420.1254,14.00741160266981,42.14400378,B722,_,00420,1254
B722__00060.1255,13.984588260108733,42.193388455000004,B722,_,00060,1255
B722__00510.1255,14.000886227493096,42.137952185,B722,_,00510,1255
B722__00420.1255,14.007445316697956,42.144254525,B722,_,00420,1255
B722__0028.1255,13.997989033375841,42.158467715,B722,_,0028,1255
B722__00090.1255,13.977997364740009,42.185179864999995,B722,_,00090,1255
B722__00060.1256,13.984594777870885,42.193489465,B722,_,00060,1256
B722__00510.1256,14.001499924410421,42.13844762,B722,_,00510,1256
B722__00420.1256,14.00829395929999,42.144618815,B722,_,00420,1256
B722__0028.1256,13.997953141059241,42.159205045,B722,_,0028,1256
B722__00060.1257,13.984080334236655,42.193154555,B722,_,00060,1257
B722__00510.1257,14.001570629977646,42.13861394,B722,_,00510,1257
B722__0028.1257,13.997924504402263,42.159226270000005,B722,_,0028,1257
B722__00060.1258,13.988378564542202,42.198156819999994,B722,_,00060,1258
B722__00510.1258,14.001595448325979,42.138438505,B722,_,00510,1258
B722__00060.1259,13.985544284373304,42.19747095,B722,_,00060,1259
B722__00510.1259,14.000773051866222,42.138122519999996,B722,_,00510,1259
B722__0028.1259,13.99903004085867,42.157994880000004,B722,_,0028,1259
B722__00090.1259,13.97817810475513,42.18521814,B722,_,00090,1259
B722__00010.126,13.96987650080397,42.206394270000004,B722,_,00010,126
B722__00610.126,14.000153279806149,42.115177884999994,B722,_,00610,126
B722__00600.126,14.007146187458826,42.124370670000005,B722,_,00600,126
B722__00590.126,13.995531032203868,42.124064520000005,B722,_,00590,126
B722__00540.126,14.044464437441853,42.142258715,B722,_,00540,126
B722__00530.126,14.027967377925428,42.145460889999995,B722,_,00530,126
B722__00520.126,14.011246288204376,42.142224305,B722,_,00520,126
B722__0051.126,14.003264063794353,42.141154005000004,B722,_,0051,126
B722__00500.126,13.994722971667283,42.133206935000004,B722,_,00500,126
B722__00490.126,13.985798322202678,42.12789334,B722,_,00490,126
B722__00480.126,13.980839154036044,42.136102355,B722,_,00480,126
B722__00440.126,14.052200438054488,42.14826737,B722,_,00440,126
B722__00430.126,14.030620716015044,42.155952060000004,B722,_,00430,126
B722__00420.126,14.007299188876203,42.148343100000005,B722,_,00420,126
B722__00410.126,14.00470302532365,42.15519593,B722,_,00410,126
B722__00400.126,14.003080764389749,42.150798449999996,B722,_,00400,126
B722__00390.126,14.001029206471173,42.14304089,B722,_,00390,126
B722__00380.126,14.000275137428297,42.14052751,B722,_,00380,126
B722__00370.126,13.995163522936966,42.14334021,B722,_,00370,126
B722__00360.126,13.992776368852336,42.1512,B722,_,00360,126
B722__00350.126,13.980118485729612,42.144359835,B722,_,00350,126
B722__00340.126,13.976542037520872,42.148402575,B722,_,00340,126
B722__00330.126,13.975855514010036,42.154005565,B722,_,00330,126
B722__0028.126,13.99786529322424,42.158722525,B722,_,0028,126
B722__00270.126,13.990630442702386,42.156619785000004,B722,_,00270,126
B722__00260.126,13.985585934070809,42.1624951,B722,_,00260,126
B722__00250.126,13.980404198054426,42.164290065,B722,_,00250,126
B722__00230.126,14.061327749077451,42.164414385,B722,_,00230,126
B722__00220.126,14.042558015261783,42.167806185,B722,_,00220,126
B722__00210.126,14.041159649177082,42.169103045,B722,_,00210,126
B722__00200.126,14.02350193072575,42.16711956,B722,_,00200,126
B722__00190.126,13.993722018393981,42.167977535000006,B722,_,00190,126
B722__00180.126,14.02094875425497,42.176431664999996,B722,_,00180,126
B722__00170.126,14.014442613839778,42.175661070000004,B722,_,00170,126
B722__00160.126,14.001899112023196,42.170272305,B722,_,00160,126
B722__00150.126,13.990430708649829,42.17320796,B722,_,00150,126
B722__00140.126,13.98794259746926,42.17267347000001,B722,_,00140,126
B722__00130.126,13.980586504352637,42.17218752,B722,_,00130,126
B722__00120.126,14.008694606081619,42.188946625,B722,_,00120,126
B722__00110.126,13.996240295112642,42.182889134999996,B722,_,00110,126
B722__00100.126,13.97894036204901,42.185962430000004,B722,_,00100,126
B722__0009.126,13.970140611403165,42.186912434999996,B722,_,0009,126
B722__00080.126,13.963828529630323,42.18756721,B722,_,00080,126
B722__00070.126,13.998909478898238,42.19638992,B722,_,00070,126
B722__00060.126,13.985029301027874,42.198937295,B722,_,00060,126
B722__00050.126,13.968091345362904,42.19367787,B722,_,00050,126
B722__00040.126,13.9783533239609,42.19795867,B722,_,00040,126
B722__00030.126,13.96152584943837,42.19679867,B722,_,00030,126
B722__00020.126,13.985054753596595,42.206413975,B722,_,00020,126
B722__00090.1260,13.978109511742517,42.185256665,B722,_,00090,1260
B722__00510.1260,14.001370964852786,42.13851513,B722,_,00510,1260
B722__00060.1261,13.990311970851074,42.196973655,B722,_,00060,1261
B722__00510.1261,14.001480051466046,42.1386055,B722,_,00510,1261
B722__00060.1262,13.988917922634858,42.198936905,B722,_,00060,1262
B722__00510.1262,14.00111205322602,42.138622125,B722,_,00510,1262
B722__0028.1262,13.997841277560159,42.159276125,B722,_,0028,1262
B722__00060.1263,13.987312475901113,42.199518624999996,B722,_,00060,1263
B722__00510.1263,14.001198840451195,42.13872336,B722,_,00510,1263
B722__0028.1263,13.997881924141742,42.1592557,B722,_,0028,1263
B722__00060.1264,13.987934270815622,42.20016488,B722,_,00060,1264
B722__00510.1264,14.001389352295849,42.1388243,B722,_,00510,1264
B722__0028.1264,13.99879741516158,42.15828399,B722,_,0028,1264
B722__0009.1264,13.971448225110075,42.187182025,B722,_,0009,1264
B722__0009.1265,13.971411196340014,42.187107455,B722,_,0009,1265
B722__00510.1265,14.001282953075277,42.138804570000005,B722,_,00510,1265
B722__0028.1265,13.997498294875845,42.159131040000005,B722,_,0028,1265
B722__00060.1266,13.987970518358859,42.20017211,B722,_,00060,1266
B722__0009.1267,13.971323467682609,42.187167815,B722,_,0009,1267
B722__00420.1267,14.014021960768854,42.14604705000001,B722,_,00420,1267
B722__00060.1268,13.988057443933776,42.195231465,B722,_,00060,1268
B722__0028.1269,14.003610108709807,42.157096339999995,B722,_,0028,1269
B722__00420.1269,14.014694986824246,42.145923765,B722,_,00420,1269
B722__00010.127,13.969872368094244,42.207109575000004,B722,_,00010,127
B722__00610.127,13.998811323401686,42.11754349,B722,_,00610,127
B722__00600.127,14.00630129726219,42.124539420000005,B722,_,00600,127
B722__00590.127,13.995840796122607,42.124132509999995,B722,_,00590,127
B722__00540.127,14.044575231618245,42.142006085000006,B722,_,00540,127
B722__00530.127,14.02833541303335,42.144073405,B722,_,00530,127
B722__00520.127,14.011286158452913,42.142108570000005,B722,_,00520,127
B722__0051.127,14.003309687448173,42.141135795,B722,_,0051,127
B722__00500.127,13.995072368831536,42.13365041,B722,_,00500,127
B722__00490.127,13.98632588039958,42.12781083,B722,_,00490,127
B722__00480.127,13.981376956371658,42.13643647,B722,_,00480,127
B722__00440.127,14.052937513801014,42.148126195,B722,_,00440,127
B722__00430.127,14.030757776275816,42.15634756,B722,_,00430,127
B722__00410.127,14.004611407204676,42.155316299999996,B722,_,00410,127
B722__00400.127,14.003062781420443,42.15068505,B722,_,00400,127
B722__00390.127,14.001538099365025,42.143059300000004,B722,_,00390,127
B722__00380.127,14.000647432027726,42.140829395,B722,_,00380,127
B722__00370.127,13.99551504567867,42.143610645,B722,_,00370,127
B722__00360.127,13.99287151318578,42.151177615,B722,_,00360,127
B722__00350.127,13.980026150085891,42.14479686999999,B722,_,00350,127
B722__00340.127,13.976643757938984,42.148181815,B722,_,00340,127
B722__00330.127,13.975846580285655,42.153276845,B722,_,00330,127
B722__00300.127,14.030797437935334,42.16705947,B722,_,00300,127
B722__0028.127,13.997663137034596,42.158725475,B722,_,0028,127
B722__00270.127,13.994698424068712,42.157099545,B722,_,00270,127
B722__00260.127,13.985177216108749,42.162179710000004,B722,_,00260,127
B722__00250.127,13.98053165314523,42.16428321,B722,_,00250,127
B722__00230.127,14.06106249873178,42.163883685,B722,_,00230,127
B722__00220.127,14.04173805118267,42.168434245,B722,_,00220,127
B722__00210.127,14.029457458357786,42.16897537,B722,_,00210,127
B722__00200.127,14.023819796026519,42.166440955,B722,_,00200,127
B722__00190.127,13.993305957731955,42.167700935,B722,_,00190,127
B722__00180.127,14.021834120150068,42.17681569,B722,_,00180,127
B722__00170.127,14.014790548972755,42.17630799,B722,_,00170,127
B722__00160.127,14.002416684072625,42.17051232,B722,_,00160,127
B722__00150.127,13.990490390609288,42.1734309,B722,_,00150,127
B722__00140.127,13.987902918932672,42.172319,B722,_,00140,127
B722__00130.127,13.98066221188221,42.173158185000005,B722,_,00130,127
B722__00120.127,14.008659272569929,42.189372585,B722,_,00120,127
B722__00110.127,13.99703793227928,42.182697579999996,B722,_,00110,127
B722__00100.127,13.979364229450645,42.18585377,B722,_,00100,127
B722__0009.127,13.970676965090565,42.186839575,B722,_,0009,127
B722__00080.127,13.96388275735223,42.18773738,B722,_,00080,127
B722__00070.127,13.99941096143376,42.195791965,B722,_,00070,127
B722__00060.127,13.985133694618114,42.19899767,B722,_,00060,127
B722__00050.127,13.968352372697545,42.19375971,B722,_,00050,127
B722__00040.127,13.97830514325967,42.199306395,B722,_,00040,127
B722__00030.127,13.959377898137172,42.19613276,B722,_,00030,127
B722__00020.127,13.984359944625778,42.205568595,B722,_,00020,127
B722__0009.1270,13.971145136658311,42.18710964,B722,_,0009,1270
B722__00420.1270,14.014511685305708,42.146051215,B722,_,00420,1270
B722__0028.1270,14.003553066708573,42.15714664,B722,_,0028,1270
B722__0028.1271,14.003577219525546,42.15709872,B722,_,0028,1271
B722__00420.1271,14.01435410227581,42.146178070000005,B722,_,00420,1271
B722__0009.1272,13.97110096548295,42.187287725000004,B722,_,0009,1272
B722__00280.1272,13.999973886681595,42.161295425,B722,_,00280,1272
B722__00060.1273,13.986415614100792,42.1982182,B722,_,00060,1273
B722__00280.1273,14.000139479858433,42.161319115,B722,_,00280,1273
B722__0009.1273,13.970988321633623,42.18735132,B722,_,0009,1273
B722__00060.1274,13.986312156786193,42.19838045,B722,_,00060,1274
B722__00280.1274,14.000222626915336,42.161399465,B722,_,00280,1274
B722__0009.1274,13.971091619105692,42.187332635,B722,_,0009,1274
B722__00060.1275,13.988310201439862,42.192525384999996,B722,_,00060,1275
B722__00420.1275,14.007959501906013,42.145022185,B722,_,00420,1275
B722__00280.1275,14.000313834894163,42.161462580000006,B722,_,00280,1275
B722__0009.1275,13.971079741610447,42.187399315,B722,_,0009,1275
B722__0009.1276,13.970961765977826,42.187424405,B722,_,0009,1276
B722__00060.1277,13.98716255968093,42.192789315,B722,_,00060,1277
B722__0028.1277,14.001992592584603,42.157562729999995,B722,_,0028,1277
B722__00060.1278,13.98477109990991,42.192969205,B722,_,00060,1278
B722__00420.1278,14.009907108059153,42.147195845,B722,_,00420,1278
B722__0028.1278,14.002038231796503,42.157562014999996,B722,_,0028,1278
B722__0009.1278,13.970942335869875,42.187486625000005,B722,_,0009,1278
B722__00060.1279,13.984826722326343,42.192724264999995,B722,_,00060,1279
B722__0028.1279,14.00207953311675,42.15756204,B722,_,0028,1279
B722__0009.1279,13.97116228222312,42.18746519,B722,_,0009,1279
B722__00010.128,13.970295686284103,42.206864705,B722,_,00010,128
B722__00610.128,13.999067749603178,42.11712935,B722,_,00610,128
B722__00600.128,14.006361472474472,42.124698595,B722,_,00600,128
B722__00590.128,13.995552870209462,42.123726735,B722,_,00590,128
B722__00540.128,14.04469766303443,42.141898615,B722,_,00540,128
B722__00530.128,14.028164928573545,42.14428204,B722,_,00530,128
B722__00520.128,14.011458470952821,42.14214908,B722,_,00520,128
B722__0051.128,14.003406656018065,42.141244005000004,B722,_,0051,128
B722__00500.128,13.997899921018487,42.13253839,B722,_,00500,128
B722__00490.128,13.987142724289813,42.127641895,B722,_,00490,128
B722__00480.128,13.98223521064371,42.136615719999995,B722,_,00480,128
B722__00440.128,14.050858840543286,42.146631075,B722,_,00440,128
B722__00430.128,14.031695485465004,42.155976075,B722,_,00430,128
B722__00410.128,14.005021052831133,42.155350645,B722,_,00410,128
B722__00400.128,14.003215654594868,42.15084452,B722,_,00400,128
B722__00390.128,14.001681144368558,42.143061715,B722,_,00390,128
B722__00380.128,14.00045806142765,42.14044678,B722,_,00380,128
B722__00370.128,13.995614539746944,42.143455915000004,B722,_,00370,128
B722__00360.128,13.992017724218961,42.15075813,B722,_,00360,128
B722__00350.128,13.980931404826215,42.14437193,B722,_,00350,128
B722__00340.128,13.976469746241609,42.148070829999995,B722,_,00340,128
B722__00330.128,13.975798014695357,42.152776975,B722,_,00330,128
B722__0028.128,13.99769839949699,42.158746255,B722,_,0028,128
B722__00270.128,13.99149341257182,42.15697958,B722,_,00270,128
B722__00260.128,13.985598956121674,42.162380405,B722,_,00260,128
B722__00250.128,13.980695620699166,42.164656565,B722,_,00250,128
B722__00230.128,14.061768343055654,42.163999385,B722,_,00230,128
B722__00220.128,14.042255089764405,42.16835543,B722,_,00220,128
B722__00210.128,14.029593574456857,42.168917115,B722,_,00210,128
B722__00200.128,14.023972723708365,42.16631989,B722,_,00200,128
B722__00190.128,13.99320680603702,42.167506075000006,B722,_,00190,128
B722__00180.128,14.02247531318098,42.176978675,B722,_,00180,128
B722__00170.128,14.014875239898243,42.175444975,B722,_,00170,128
B722__00160.128,14.002858621384242,42.170430485,B722,_,00160,128
B722__00150.128,13.99052905156529,42.173394,B722,_,00150,128
B722__00140.128,13.98814689619526,42.172121165,B722,_,00140,128
B722__00130.128,13.98304519410786,42.173619475,B722,_,00130,128
B722__00120.128,14.009326704410846,42.189234354999996,B722,_,00120,128
B722__00110.128,13.991643362483813,42.178191915,B722,_,00110,128
B722__00100.128,13.979547267892846,42.18613675,B722,_,00100,128
B722__0009.128,13.970456914805835,42.18699488,B722,_,0009,128
B722__00080.128,13.96377276941275,42.188038309999996,B722,_,00080,128
B722__00070.128,13.999670565315363,42.195449885,B722,_,00070,128
B722__00060.128,13.98544890717001,42.198855800000004,B722,_,00060,128
B722__00050.128,13.968511438726072,42.193857465,B722,_,00050,128
B722__00040.128,13.97841170243677,42.199142635,B722,_,00040,128
B722__00030.128,13.959572167088918,42.196138435,B722,_,00030,128
B722__00020.128,13.984514131451597,42.205163095,B722,_,00020,128
B722__00060.1280,13.98820542688404,42.192925204999995,B722,_,00060,1280
B722__0028.1280,14.002101612057272,42.15755681,B722,_,0028,1280
B722__0009.1280,13.97115300239502,42.187487595,B722,_,0009,1280
B722__00060.1281,13.984524320176867,42.19275227,B722,_,00060,1281
B722__00420.1281,14.008432717813436,42.144614985000004,B722,_,00420,1281
B722__0028.1281,14.00197007038695,42.157561425,B722,_,0028,1281
B722__0009.1281,13.971936828553101,42.185517225,B722,_,0009,1281
B722__00060.1282,13.984596376669973,42.192617455000004,B722,_,00060,1282
B722__0028.1282,14.000655676471887,42.157988055,B722,_,0028,1282
B722__0009.1282,13.97218255285694,42.18556141,B722,_,0009,1282
B722__00060.1283,13.984936609245715,42.19578615,B722,_,00060,1283
B722__00420.1283,14.008380110939974,42.144669,B722,_,00420,1283
B722__0028.1283,13.998813916449732,42.15871482,B722,_,0028,1283
B722__0009.1283,13.971941928662794,42.186325635,B722,_,0009,1283
B722__00060.1284,13.985374701428597,42.195449705,B722,_,00060,1284
B722__0028.1284,13.998425863289071,42.15840876,B722,_,0028,1284
B722__00060.1285,13.985046070458282,42.19512096,B722,_,00060,1285
B722__00420.1285,14.01671150721635,42.150012544999996,B722,_,00420,1285
B722__0028.1285,13.998344121831554,42.1582711,B722,_,0028,1285
B722__00060.1286,13.984533969718672,42.194540055000004,B722,_,00060,1286
B722__00420.1286,14.016629573029366,42.150428149999996,B722,_,00420,1286
B722__0028.1286,13.998300722189803,42.158252565,B722,_,0028,1286
B722__0009.1286,13.971276258703025,42.186620489999996,B722,_,0009,1286
B722__00060.1287,13.984344508674859,42.194282154999996,B722,_,00060,1287
B722__00420.1287,14.01664817007286,42.150372544999996,B722,_,00420,1287
B722__0028.1287,13.99832586133774,42.1583102,B722,_,0028,1287
B722__0009.1287,13.971755049821805,42.186587555,B722,_,0009,1287
B722__00060.1288,13.985896646809719,42.1948583,B722,_,00060,1288
B722__0028.1288,13.998279382896218,42.158284425000005,B722,_,0028,1288
B722__00060.1289,13.985060108781248,42.195422885,B722,_,00060,1289
B722__00280.1289,14.00158717343152,42.156793504999996,B722,_,00280,1289
B722__0009.1289,13.971165237253956,42.18697344,B722,_,0009,1289
B722__00010.129,13.970112710219416,42.20725778,B722,_,00010,129
B722__00610.129,13.999872327981478,42.117316779999996,B722,_,00610,129
B722__00600.129,14.007195641379019,42.124542455,B722,_,00600,129
B722__00590.129,13.995952276622692,42.123845755000005,B722,_,00590,129
B722__00540.129,14.045359633933085,42.14195572,B722,_,00540,129
B722__00530.129,14.028461367631788,42.144226325000005,B722,_,00530,129
B722__0051.129,14.00341571769265,42.141456445,B722,_,0051,129
B722__00500.129,13.991904101551599,42.130885955,B722,_,00500,129
B722__00490.129,13.987893170426897,42.127813745,B722,_,00490,129
B722__00480.129,13.982001555019028,42.135767349999995,B722,_,00480,129
B722__00440.129,14.051742222160406,42.147320300000004,B722,_,00440,129
B722__00430.129,14.033484087977094,42.155874845,B722,_,00430,129
B722__00410.129,14.00538716079982,42.15550676,B722,_,00410,129
B722__00400.129,14.003518155194897,42.150881845,B722,_,00400,129
B722__00380.129,14.000896435181062,42.140700530000004,B722,_,00380,129
B722__00370.129,13.995138517940346,42.143166605000005,B722,_,00370,129
B722__00360.129,13.993406116059553,42.15102169,B722,_,00360,129
B722__00350.129,13.981879810830875,42.14482966,B722,_,00350,129
B722__00340.129,13.976698539133057,42.147846275,B722,_,00340,129
B722__00330.129,13.975856160319768,42.152352269999994,B722,_,00330,129
B722__00300.129,14.031367044245401,42.16733559,B722,_,00300,129
B722__00290.129,14.010127394207412,42.161505039999994,B722,_,00290,129
B722__0028.129,13.997740022189184,42.158766695,B722,_,0028,129
B722__00270.129,13.991809633867131,42.157019704999996,B722,_,00270,129
B722__00260.129,13.987374530144752,42.162717869999994,B722,_,00260,129
B722__00250.129,13.980734086942341,42.164501165000004,B722,_,00250,129
B722__00230.129,14.063099648155227,42.164131275,B722,_,00230,129
B722__00220.129,14.04275490386112,42.168255195,B722,_,00220,129
B722__00210.129,14.030236795779413,42.16909732,B722,_,00210,129
B722__00200.129,14.024430332011153,42.166650625,B722,_,00200,129
B722__00190.129,13.993106507651966,42.16706912,B722,_,00190,129
B722__00180.129,14.022355990162694,42.176850810000005,B722,_,00180,129
B722__00170.129,14.014908888211531,42.176289735,B722,_,00170,129
B722__00160.129,14.003699267266551,42.169561035,B722,_,00160,129
B722__00150.129,13.990643246952768,42.173410340000004,B722,_,00150,129
B722__00140.129,13.988084597129511,42.17244384,B722,_,00140,129
B722__00130.129,13.98071799514453,42.173089505,B722,_,00130,129
B722__00120.129,14.00908691923582,42.18874614,B722,_,00120,129
B722__00110.129,13.997866299290632,42.182773749999996,B722,_,00110,129
B722__0009.129,13.970481890994611,42.18709728,B722,_,0009,129
B722__00080.129,13.96503815598247,42.187352945,B722,_,00080,129
B722__00070.129,14.000103025491269,42.195060229999996,B722,_,00070,129
B722__00050.129,13.968834465035219,42.19398299,B722,_,00050,129
B722__00040.129,13.978882596918133,42.199097545,B722,_,00040,129
B722__00030.129,13.959909693057307,42.19612601,B722,_,00030,129
B722__00020.129,13.98467495325324,42.204757265,B722,_,00020,129
B722__00060.1290,13.984732779446418,42.19616248,B722,_,00060,1290
B722__00420.1290,14.016786242524049,42.15028229,B722,_,00420,1290
B722__0009.1290,13.97129388333467,42.186972605,B722,_,0009,1290
B722__00060.1291,13.984492691006103,42.196546755,B722,_,00060,1291
B722__00420.1291,14.016948452629864,42.150371305,B722,_,00420,1291
B722__0009.1291,13.97152986981729,42.186843725,B722,_,0009,1291
B722__00060.1292,13.987232844164684,42.192140855000005,B722,_,00060,1292
B722__00420.1292,14.016679863854954,42.150321985000005,B722,_,00420,1292
B722__0009.1293,13.97136257300177,42.18679316,B722,_,0009,1293
B722__00060.1294,13.988345538824948,42.198996449999996,B722,_,00060,1294
B722__00420.1294,14.008122784181218,42.1488887,B722,_,00420,1294
B722__0028.1294,13.999526763351202,42.157881020000005,B722,_,0028,1294
B722__0009.1294,13.971266766301001,42.187048165,B722,_,0009,1294
B722__00060.1295,13.98517946622091,42.19851303,B722,_,00060,1295
B722__0028.1295,13.999532286441507,42.157702334999996,B722,_,0028,1295
B722__0009.1295,13.971147688513447,42.18705457,B722,_,0009,1295
B722__00060.1296,13.988398216679235,42.200303274999996,B722,_,00060,1296
B722__0009.1296,13.971023181087418,42.187532579999996,B722,_,0009,1296
B722__0009.1297,13.970928555006445,42.187533095,B722,_,0009,1297
B722__00420.1297,14.008012702581972,42.148839155000005,B722,_,00420,1297
B722__0028.1297,13.997996718589985,42.15837602,B722,_,0028,1297
B722__0009.1298,13.970997834429223,42.18765184,B722,_,0009,1298
B722__00420.1298,14.00796722295857,42.148889695,B722,_,00420,1298
B722__0028.1298,13.998000510546511,42.15842173,B722,_,0028,1298
B722__00060.1299,13.990754312729388,42.195536000000004,B722,_,00060,1299
B722__00420.1299,14.007915648755967,42.148937035,B722,_,00420,1299
B722__0028.1299,13.997636763966884,42.15930521,B722,_,0028,1299
B722__0009.1299,13.970924275488972,42.187607325,B722,_,0009,1299
B722__00010.13,13.968703347223645,42.21098104,B722,_,00010,13
B722__00610.13,13.993896369859435,42.1216523,B722,_,00610,13
B722__00590.13,13.989784095939147,42.12581025,B722,_,00590,13
B722__00540.13,14.048115759625516,42.146771154999996,B722,_,00540,13
B722__00530.13,14.036848878585541,42.149521725,B722,_,00530,13
B722__00520.13,14.008642512763384,42.143063465,B722,_,00520,13
B722__0051.13,14.004513271557816,42.14291032,B722,_,0051,13
B722__00500.13,13.986345616034608,42.13654493,B722,_,00500,13
B722__00490.13,13.98446372261307,42.13153898,B722,_,00490,13
B722__00480.13,13.976384811943635,42.139889135000004,B722,_,00480,13
B722__00450.13,14.052468253229168,42.145270365,B722,_,00450,13
B722__00440.13,14.044141618676885,42.15484718,B722,_,00440,13
B722__00430.13,14.021390290953368,42.157635209999995,B722,_,00430,13
B722__00400.13,14.003644038540042,42.154337255,B722,_,00400,13
B722__00390.13,14.000924569971657,42.145448275,B722,_,00390,13
B722__00380.13,13.999930414875742,42.142972869999994,B722,_,00380,13
B722__00370.13,13.986620352210242,42.145980464999994,B722,_,00370,13
B722__00360.13,13.996878361238753,42.15400091,B722,_,00360,13
B722__00350.13,13.981742059227749,42.148406935,B722,_,00350,13
B722__00340.13,13.975331168270348,42.1494832,B722,_,00340,13
B722__00330.13,13.973098292397234,42.155759270000004,B722,_,00330,13
B722__00310.13,14.037668078133589,42.16106298,B722,_,00310,13
B722__00300.13,14.026926278390754,42.165301405,B722,_,00300,13
B722__00290.13,14.003694380649927,42.16249881,B722,_,00290,13
B722__0028.13,13.997421831471314,42.159353010000004,B722,_,0028,13
B722__00270.13,13.990197136755487,42.160884695,B722,_,00270,13
B722__00260.13,13.982710139265286,42.165698934999995,B722,_,00260,13
B722__00250.13,13.981279511382667,42.16711031,B722,_,00250,13
B722__00240.13,14.072107586330635,42.16317522,B722,_,00240,13
B722__00230.13,14.06069896702785,42.169879105,B722,_,00230,13
B722__00220.13,14.04626604054984,42.171765255,B722,_,00220,13
B722__00210.13,14.031315647909208,42.17245881,B722,_,00210,13
B722__00200.13,14.02668944343768,42.166016375,B722,_,00200,13
B722__00190.13,13.994012477521647,42.168157019999995,B722,_,00190,13
B722__00180.13,14.020311773901781,42.17982146,B722,_,00180,13
B722__00170.13,14.006893138019752,42.18008957,B722,_,00170,13
B722__00160.13,14.010137245698257,42.177144245,B722,_,00160,13
B722__00150.13,13.996245338275763,42.178977535,B722,_,00150,13
B722__00140.13,13.985957536469922,42.173963335,B722,_,00140,13
B722__00130.13,13.980212669498805,42.17953782,B722,_,00130,13
B722__00120.13,14.003893994980217,42.194033415,B722,_,00120,13
B722__00110.13,13.995438707523814,42.18776357,B722,_,00110,13
B722__00100.13,13.98175527827085,42.188340385000004,B722,_,00100,13
B722__00080.13,13.961128493461445,42.189923300000004,B722,_,00080,13
B722__00070.13,13.994971775930132,42.19676904000001,B722,_,00070,13
B722__00060.13,13.985816771293589,42.193855415,B722,_,00060,13
B722__00050.13,13.981108614476437,42.195182585,B722,_,00050,13
B722__00040.13,13.972832210450353,42.202535355,B722,_,00040,13
B722__00030.13,13.967874648409806,42.200062790000004,B722,_,00030,13
B722__00020.13,13.975885797649198,42.20890211,B722,_,00020,13
B722__00010.130,13.970621433430813,42.207144865000004,B722,_,00010,130
B722__00610.130,13.999545607608301,42.11782091,B722,_,00610,130
B722__00600.130,14.006364917905938,42.124865265,B722,_,00600,130
B722__00590.130,13.996149435778491,42.124477174999996,B722,_,00590,130
B722__00540.130,14.046483282170609,42.142261315,B722,_,00540,130
B722__00530.130,14.028735838710126,42.144147239999995,B722,_,00530,130
B722__00520.130,14.011532574467251,42.142148835,B722,_,00520,130
B722__0051.130,14.00363706782425,42.14127025,B722,_,0051,130
B722__00500.130,13.992106965721597,42.130612805,B722,_,00500,130
B722__00490.130,13.989557135959185,42.127746615,B722,_,00490,130
B722__00480.130,13.983441303215857,42.135965445,B722,_,00480,130
B722__00440.130,14.05218833842638,42.14771677,B722,_,00440,130
B722__00430.130,14.033958272614377,42.1557278,B722,_,00430,130
B722__00420.130,14.007458472503117,42.148447615,B722,_,00420,130
B722__00410.130,14.005569003278811,42.155703169999995,B722,_,00410,130
B722__00400.130,14.003650109990591,42.150895989999995,B722,_,00400,130
B722__00390.130,14.000290457181919,42.142787670000004,B722,_,00390,130
B722__00380.130,14.000989331558195,42.140459505,B722,_,00380,130
B722__00370.130,13.995191918377113,42.143081135,B722,_,00370,130
B722__00360.130,13.992797680632673,42.151005815,B722,_,00360,130
B722__00350.130,13.982634270400132,42.14458478,B722,_,00350,130
B722__00340.130,13.976702632984711,42.147643265,B722,_,00340,130
B722__00330.130,13.9787075962956,42.15343622,B722,_,00330,130
B722__00300.130,14.027152144056952,42.16572549,B722,_,00300,130
B722__00290.130,14.011220049054156,42.161404325,B722,_,00290,130
B722__0028.130,13.99779508139068,42.15879208,B722,_,0028,130
B722__00270.130,13.992047690127647,42.157100445,B722,_,00270,130
B722__00260.130,13.987789680556446,42.162459655,B722,_,00260,130
B722__00250.130,13.980820681498173,42.1646162,B722,_,00250,130
B722__00230.130,14.063269266616379,42.164777135,B722,_,00230,130
B722__00220.130,14.042667120670599,42.167427020000005,B722,_,00220,130
B722__00210.130,14.030179373133272,42.169345555,B722,_,00210,130
B722__00200.130,14.024739719144131,42.166710859999995,B722,_,00200,130
B722__00190.130,13.99371022291599,42.166963505,B722,_,00190,130
B722__00180.130,14.022116375616518,42.176597645,B722,_,00180,130
B722__00170.130,14.014970717925397,42.175501575,B722,_,00170,130
B722__00160.130,14.003941453031107,42.170541764999996,B722,_,00160,130
B722__00150.130,13.990988325013085,42.173847335000005,B722,_,00150,130
B722__00130.130,13.980761455400348,42.173081405000005,B722,_,00130,130
B722__00120.130,14.0098568424852,42.189015485,B722,_,00120,130
B722__00110.130,13.997846204191795,42.18302781,B722,_,00110,130
B722__00100.130,13.981092284701033,42.18562801,B722,_,00100,130
B722__0009.130,13.970655947253068,42.187040055,B722,_,0009,130
B722__00080.130,13.965208794401608,42.18739870500001,B722,_,00080,130
B722__00070.130,14.000818544374102,42.194955164999996,B722,_,00070,130
B722__00060.130,13.98603387165636,42.19866899,B722,_,00060,130
B722__00050.130,13.969114415654742,42.19448993,B722,_,00050,130
B722__00040.130,13.978809336060053,42.198719365,B722,_,00040,130
B722__00030.130,13.9594472371416,42.19539608,B722,_,00030,130
B722__00020.130,13.984989183942208,42.204720765,B722,_,00020,130
B722__0009.1300,13.970860497559865,42.18770194,B722,_,0009,1300
B722__00420.1300,14.007866990928383,42.14898202,B722,_,00420,1300
B722__0028.1300,13.997723638949847,42.159316465,B722,_,0028,1300
B722__00060.1301,13.984526825426304,42.198651495,B722,_,00060,1301
B722__00420.1301,14.02515446112038,42.14927773,B722,_,00420,1301
B722__00290.1301,14.003691726113871,42.159634710000006,B722,_,00290,1301
B722__0009.1301,13.970909728170781,42.187697560000004,B722,_,0009,1301
B722__00060.1302,13.984962033681375,42.19854216,B722,_,00060,1302
B722__0051.1302,14.004215485576161,42.14205858,B722,_,0051,1302
B722__00420.1302,14.024234963744487,42.149471635,B722,_,00420,1302
B722__00290.1302,14.004062874707898,42.159802675,B722,_,00290,1302
B722__0028.1302,13.998103248118404,42.158181735,B722,_,0028,1302
B722__0028.1303,13.998198027854256,42.1582068,B722,_,0028,1303
B722__0051.1303,14.004239526559363,42.142125775,B722,_,0051,1303
B722__00420.1303,14.025120349932147,42.14953864,B722,_,00420,1303
B722__00290.1303,14.003771740287856,42.15948415,B722,_,00290,1303
B722__0009.1304,13.971744463124555,42.18579464,B722,_,0009,1304
B722__00420.1304,14.02425193289846,42.149619584999996,B722,_,00420,1304
B722__00290.1304,14.004004283195734,42.160130835000004,B722,_,00290,1304
B722__0028.1304,13.998088815073658,42.15832605,B722,_,0028,1304
B722__0009.1305,13.97214622334499,42.18572427,B722,_,0009,1305
B722__0051.1305,14.003527071106774,42.138939140000005,B722,_,0051,1305
B722__00290.1305,14.003896710098381,42.159619035000006,B722,_,00290,1305
B722__0028.1305,13.998211570964626,42.158222245,B722,_,0028,1305
B722__0009.1306,13.971770805304752,42.18599527,B722,_,0009,1306
B722__0051.1306,14.004522059493826,42.139128105,B722,_,0051,1306
B722__00290.1306,14.0093953752061,42.159689395,B722,_,00290,1306
B722__0028.1306,13.998174415477296,42.15829831,B722,_,0028,1306
B722__0009.1307,13.972118697098054,42.185942065,B722,_,0009,1307
B722__0051.1307,14.003834513451261,42.14203462,B722,_,0051,1307
B722__00420.1307,14.026440550894751,42.149633879999996,B722,_,00420,1307
B722__00290.1307,14.009542498790308,42.159712784999996,B722,_,00290,1307
B722__0028.1307,13.998146311328998,42.15833224,B722,_,0028,1307
B722__0028.1308,13.998130165095386,42.158344235,B722,_,0028,1308
B722__00420.1308,14.026446630951733,42.1497065,B722,_,00420,1308
B722__00290.1308,14.00960843477662,42.15972498,B722,_,00290,1308
B722__0009.1309,13.972096220203884,42.186289695,B722,_,0009,1309
B722__0051.1309,14.004011299294568,42.142064485,B722,_,0051,1309
B722__00420.1309,14.026046788939531,42.149709175,B722,_,00420,1309
B722__00290.1309,14.009570555750757,42.15973337,B722,_,00290,1309
B722__0028.1309,13.998112120603428,42.15836811,B722,_,0028,1309
B722__00010.131,13.969659345262254,42.20434439,B722,_,00010,131
B722__00610.131,13.999741910095512,42.11815009,B722,_,00610,131
B722__00600.131,14.006529201267874,42.125043160000004,B722,_,00600,131
B722__00590.131,13.997901681293369,42.12458366,B722,_,00590,131
B722__00540.131,14.046476425101908,42.141968915,B722,_,00540,131
B722__00530.131,14.02863170015236,42.14434970000001,B722,_,00530,131
B722__0051.131,14.00387927176983,42.14134885,B722,_,0051,131
B722__00500.131,13.992817427555845,42.131048625,B722,_,00500,131
B722__00490.131,13.989972494882625,42.128184505,B722,_,00490,131
B722__00480.131,13.984220646248037,42.136146464999996,B722,_,00480,131
B722__00440.131,14.052846053909203,42.147618769999994,B722,_,00440,131
B722__00430.131,14.034507458502564,42.155693060000004,B722,_,00430,131
B722__00410.131,14.00519627466177,42.155680419999996,B722,_,00410,131
B722__00400.131,14.003556526782917,42.150770120000004,B722,_,00400,131
B722__00390.131,14.000455275662276,42.14249165,B722,_,00390,131
B722__00380.131,14.001010769043383,42.14035384,B722,_,00380,131
B722__00370.131,13.994929886789157,42.14281585,B722,_,00370,131
B722__00360.131,13.992752874121397,42.150963965,B722,_,00360,131
B722__00350.131,13.983352342745164,42.14508983,B722,_,00350,131
B722__00340.131,13.976301782249317,42.147492785,B722,_,00340,131
B722__00330.131,13.97854868827461,42.15296526,B722,_,00330,131
B722__00300.131,14.027651281953661,42.165721785,B722,_,00300,131
B722__00290.131,14.011052982079809,42.161569834999995,B722,_,00290,131
B722__0028.131,13.997844945584598,42.158794924999995,B722,_,0028,131
B722__00270.131,13.992510635207573,42.15749265,B722,_,00270,131
B722__00260.131,13.987863688154253,42.162441404999996,B722,_,00260,131
B722__00250.131,13.980797596156206,42.164345170000004,B722,_,00250,131
B722__00230.131,14.063972676536302,42.164750755,B722,_,00230,131
B722__00220.131,14.044568412706258,42.167104185,B722,_,00220,131
B722__00210.131,14.036081389763956,42.1739475,B722,_,00210,131
B722__00200.131,14.024870292484476,42.166487149999995,B722,_,00200,131
B722__00190.131,13.995486557303003,42.16756246,B722,_,00190,131
B722__00180.131,14.021783890778334,42.176187105,B722,_,00180,131
B722__00170.131,14.015077345274316,42.17628701,B722,_,00170,131
B722__00160.131,14.005516566171575,42.17061248500001,B722,_,00160,131
B722__00150.131,13.992853851823293,42.174744375,B722,_,00150,131
B722__00140.131,13.988656913443872,42.17174756,B722,_,00140,131
B722__00130.131,13.98076040167144,42.173184844999994,B722,_,00130,131
B722__00120.131,14.010010279079145,42.1896976,B722,_,00120,131
B722__00110.131,13.997572265002354,42.183102675,B722,_,00110,131
B722__00100.131,13.980317187107435,42.185564125,B722,_,00100,131
B722__0009.131,13.970744410987997,42.187025320000004,B722,_,0009,131
B722__00080.131,13.965183502157766,42.187582815,B722,_,00080,131
B722__00070.131,14.000824106990386,42.195548900000006,B722,_,00070,131
B722__00060.131,13.986331881900323,42.19850758,B722,_,00060,131
B722__00050.131,13.969254352957513,42.1948272,B722,_,00050,131
B722__00040.131,13.979236621286839,42.198715820000004,B722,_,00040,131
B722__00030.131,13.959526556685308,42.19584084,B722,_,00030,131
B722__00020.131,13.984690660595588,42.205612595000005,B722,_,00020,131
B722__0009.1310,13.97183475368193,42.186481654999994,B722,_,0009,1310
B722__0051.1310,14.00417273700863,42.14233552,B722,_,0051,1310
B722__00420.1310,14.026008036242578,42.149860919999995,B722,_,00420,1310
B722__00290.1310,14.009295103519321,42.15969484,B722,_,00290,1310
B722__0028.1310,13.998045728935136,42.158337595000006,B722,_,0028,1310
B722__00060.1311,13.988164679092804,42.200092015,B722,_,00060,1311
B722__00420.1311,14.025338812857466,42.149749889999995,B722,_,00420,1311
B722__00290.1311,14.0077031447352,42.16064146,B722,_,00290,1311
B722__0028.1311,13.997936609577074,42.15831869,B722,_,0028,1311
B722__00090.1312,13.977486740165665,42.182530990000004,B722,_,00090,1312
B722__0051.1312,14.003843491060286,42.139235235,B722,_,0051,1312
B722__00420.1312,14.025395470988215,42.14993045,B722,_,00420,1312
B722__0028.1312,14.0033690191316,42.156398315,B722,_,0028,1312
B722__00060.1313,13.99195797018508,42.195273764999996,B722,_,00060,1313
B722__0051.1313,14.003282302494341,42.138969165000006,B722,_,0051,1313
B722__00420.1313,14.024433935501303,42.149821509999995,B722,_,00420,1313
B722__00290.1313,14.007609524621731,42.160525455,B722,_,00290,1313
B722__0028.1313,14.003440297682427,42.156434485,B722,_,0028,1313
B722__00090.1313,13.977341662775569,42.182546185,B722,_,00090,1313
B722__00060.1314,13.991274159066947,42.194962265,B722,_,00060,1314
B722__00420.1314,14.024449203468983,42.150003534999996,B722,_,00420,1314
B722__00290.1314,14.004592982901855,42.159128095,B722,_,00290,1314
B722__0009.1314,13.97103283510037,42.18719586,B722,_,0009,1314
B722__00060.1315,13.990940078409112,42.195193005,B722,_,00060,1315
B722__00420.1315,14.023717253351318,42.149630845,B722,_,00420,1315
B722__00290.1315,14.004692833101387,42.159079855,B722,_,00290,1315
B722__0009.1315,13.971121256768459,42.18718498,B722,_,0009,1315
B722__00060.1316,13.990612608476948,42.194789834999995,B722,_,00060,1316
B722__00420.1316,14.023778435521514,42.150013625,B722,_,00420,1316
B722__00290.1316,14.01479141552738,42.159205795,B722,_,00290,1316
B722__0009.1316,13.971844381940178,42.18627673,B722,_,0009,1316
B722__00060.1317,13.990671696892402,42.19476234,B722,_,00060,1317
B722__00420.1317,14.023077357885704,42.14973659499999,B722,_,00420,1317
B722__00290.1317,14.014532116521561,42.159110345,B722,_,00290,1317
B722__0028.1317,13.999392610790919,42.158695645,B722,_,0028,1317
B722__0009.1317,13.971885616687299,42.18626711,B722,_,0009,1317
B722__00060.1318,13.990727415113362,42.19469956499999,B722,_,00060,1318
B722__0051.1318,14.003487946752927,42.139652805,B722,_,0051,1318
B722__00420.1318,14.023208186687814,42.150051115,B722,_,00420,1318
B722__0028.1318,14.001093468326342,42.15855712,B722,_,0028,1318
B722__0009.1318,13.971571623447183,42.18631848,B722,_,0009,1318
B722__00060.1319,13.990498463697717,42.194485555,B722,_,00060,1319
B722__00510.1319,14.003314879235663,42.138378875,B722,_,00510,1319
B722__00420.1319,14.022586181889654,42.15012469,B722,_,00420,1319
B722__00290.1319,14.003234241590505,42.15851325,B722,_,00290,1319
B722__00280.1319,14.001547989688568,42.15681012,B722,_,00280,1319
B722__0009.1319,13.971934138641469,42.186211885,B722,_,0009,1319
B722__00010.132,13.970130639338745,42.207526575,B722,_,00010,132
B722__00610.132,13.998869047727794,42.116743125,B722,_,00610,132
B722__00600.132,14.006242170670458,42.12527839,B722,_,00600,132
B722__00590.132,13.996598273284121,42.123592215,B722,_,00590,132
B722__00540.132,14.04838413029886,42.14195991,B722,_,00540,132
B722__00530.132,14.028975536726378,42.144723645,B722,_,00530,132
B722__00520.132,14.011401277425875,42.14201603,B722,_,00520,132
B722__0051.132,14.003843147227993,42.141188935,B722,_,0051,132
B722__00500.132,13.992679824004458,42.130462875,B722,_,00500,132
B722__00490.132,13.99051472883175,42.128228365,B722,_,00490,132
B722__00480.132,13.983920558312033,42.135578365,B722,_,00480,132
B722__00440.132,14.05363499987142,42.14726852,B722,_,00440,132
B722__00430.132,14.0350815184404,42.15542295,B722,_,00430,132
B722__00410.132,14.005120560678582,42.155731509999995,B722,_,00410,132
B722__00400.132,14.003721557331856,42.15075838,B722,_,00400,132
B722__00390.132,14.000535174475644,42.14258543,B722,_,00390,132
B722__00380.132,14.001431127812362,42.14007314,B722,_,00380,132
B722__00370.132,13.994853491893133,42.142521345000006,B722,_,00370,132
B722__00360.132,13.992922412342018,42.151024955,B722,_,00360,132
B722__00350.132,13.984238885085176,42.14616263,B722,_,00350,132
B722__00340.132,13.9703793138859,42.142132155,B722,_,00340,132
B722__00330.132,13.978421165942851,42.15251993,B722,_,00330,132
B722__00300.132,14.027743601189403,42.16550191,B722,_,00300,132
B722__00290.132,14.01129514740359,42.161470910000006,B722,_,00290,132
B722__0028.132,13.997887877354662,42.158779499999994,B722,_,0028,132
B722__00270.132,13.99262782614407,42.157065474999996,B722,_,00270,132
B722__00260.132,13.988047271334572,42.16245207,B722,_,00260,132
B722__00250.132,13.980747915455197,42.164094414999994,B722,_,00250,132
B722__00230.132,14.064000624530259,42.163922135,B722,_,00230,132
B722__00220.132,14.044111701474144,42.167744235,B722,_,00220,132
B722__00200.132,14.025028885563112,42.166346745,B722,_,00200,132
B722__00190.132,13.993808162403122,42.167687325,B722,_,00190,132
B722__00180.132,14.022391575090747,42.176477285,B722,_,00180,132
B722__00170.132,14.015094992192598,42.175504485000005,B722,_,00170,132
B722__00160.132,14.005636881441871,42.17019881,B722,_,00160,132
B722__00150.132,13.991547138889468,42.17404527,B722,_,00150,132
B722__00140.132,13.989377195027668,42.171760965000004,B722,_,00140,132
B722__00130.132,13.980854011035241,42.17312104,B722,_,00130,132
B722__00120.132,14.010387558440625,42.189726385,B722,_,00120,132
B722__00110.132,13.998090915739493,42.183136075,B722,_,00110,132
B722__00100.132,13.981182057517918,42.1851493,B722,_,00100,132
B722__0009.132,13.970796330343447,42.187018679999994,B722,_,0009,132
B722__00080.132,13.965691971540911,42.187708235,B722,_,00080,132
B722__00070.132,14.000357458004984,42.1955614,B722,_,00070,132
B722__00050.132,13.981771234915414,42.195273015,B722,_,00050,132
B722__00040.132,13.980159048902948,42.19929313,B722,_,00040,132
B722__00030.132,13.959849575371187,42.195560005000004,B722,_,00030,132
B722__00020.132,13.9850098334032,42.205684955,B722,_,00020,132
B722__00060.1320,13.990542980192233,42.194436745000004,B722,_,00060,1320
B722__00420.1320,14.022630829814794,42.150051855,B722,_,00420,1320
B722__00290.1320,14.007950992472134,42.160680615000004,B722,_,00290,1320
B722__00280.1320,14.001752638382946,42.156724975,B722,_,00280,1320
B722__0009.1320,13.971065415476101,42.187465205,B722,_,0009,1320
B722__00060.1321,13.990602257343305,42.194440095000004,B722,_,00060,1321
B722__0051.1321,14.003149150558333,42.139950535,B722,_,0051,1321
B722__00420.1321,14.022542368716197,42.150033635,B722,_,00420,1321
B722__0028.1321,14.004656378953609,42.15632057,B722,_,0028,1321
B722__0009.1321,13.971157050603892,42.187468985,B722,_,0009,1321
B722__00060.1322,13.99034610205954,42.194356705,B722,_,00060,1322
B722__0051.1322,14.00422698625921,42.13825809,B722,_,0051,1322
B722__00420.1322,14.022308218818885,42.150114005,B722,_,00420,1322
B722__0028.1322,14.004272523758345,42.156238439999996,B722,_,0028,1322
B722__0009.1322,13.971206811268537,42.187287725000004,B722,_,0009,1322
B722__00060.1323,13.990264091414538,42.194086780000006,B722,_,00060,1323
B722__00510.1323,14.004610905205833,42.137874265,B722,_,00510,1323
B722__00420.1323,14.02210298050562,42.15000934,B722,_,00420,1323
B722__0028.1323,14.004269725184917,42.15630082,B722,_,0028,1323
B722__00060.1324,13.989960419354675,42.194333834999995,B722,_,00060,1324
B722__00420.1324,14.02225146425733,42.150195405000005,B722,_,00420,1324
B722__00290.1324,14.011817544423318,42.158464394999996,B722,_,00290,1324
B722__0028.1324,14.004343424146452,42.156320640000004,B722,_,0028,1324
B722__00090.1324,13.977339229211282,42.182385995000004,B722,_,00090,1324
B722__00060.1325,13.989744849150172,42.19433271,B722,_,00060,1325
B722__0051.1325,14.004594036069573,42.139687725,B722,_,0051,1325
B722__00420.1325,14.021742566959379,42.149636040000004,B722,_,00420,1325
B722__00090.1325,13.977383379232412,42.182355915,B722,_,00090,1325
B722__00060.1326,13.989500554173912,42.19409157,B722,_,00060,1326
B722__0051.1326,14.004750804505639,42.139600355,B722,_,0051,1326
B722__00420.1326,14.02219902089044,42.150205845,B722,_,00420,1326
B722__00280.1326,13.999963524681029,42.161525645,B722,_,00280,1326
B722__00090.1326,13.977324962540349,42.182475245,B722,_,00090,1326
B722__00060.1327,13.989373719694015,42.194160925,B722,_,00060,1327
B722__0051.1327,14.003241836522978,42.140297255,B722,_,0051,1327
B722__00420.1327,14.021804457440933,42.14977569,B722,_,00420,1327
B722__00280.1327,14.000027840823364,42.16153395,B722,_,00280,1327
B722__00090.1327,13.973342298844788,42.184980565000004,B722,_,00090,1327
B722__00060.1328,13.989597208528163,42.193734864999996,B722,_,00060,1328
B722__00420.1328,14.022151811827698,42.15021659,B722,_,00420,1328
B722__00280.1328,14.0000923240765,42.161594449999996,B722,_,00280,1328
B722__00060.1329,13.989751586112714,42.193676205,B722,_,00060,1329
B722__00420.1329,14.021766435087727,42.149783415,B722,_,00420,1329
B722__00280.1329,14.00020414577659,42.161641939999996,B722,_,00280,1329
B722__00010.133,13.970229157692877,42.207631665,B722,_,00010,133
B722__00610.133,14.000980902974238,42.11791932,B722,_,00610,133
B722__00600.133,14.006932055873992,42.125183265000004,B722,_,00600,133
B722__00590.133,13.996541417258106,42.12330699,B722,_,00590,133
B722__00540.133,14.049042159870389,42.142001910000005,B722,_,00540,133
B722__00530.133,14.030075685017984,42.144989800000005,B722,_,00530,133
B722__00520.133,14.01139518600492,42.142069215,B722,_,00520,133
B722__00500.133,13.993556636058685,42.130241874999996,B722,_,00500,133
B722__00490.133,13.990423647407761,42.127777635,B722,_,00490,133
B722__00480.133,13.982809877252485,42.135060265,B722,_,00480,133
B722__00440.133,14.053622463610077,42.147748615,B722,_,00440,133
B722__00430.133,14.03597310237083,42.15565609,B722,_,00430,133
B722__00410.133,14.0051100381869,42.15576713,B722,_,00410,133
B722__00400.133,14.004229417466284,42.150970279999996,B722,_,00400,133
B722__00390.133,14.000797473337567,42.14239959,B722,_,00390,133
B722__00370.133,13.996059309641211,42.143109715,B722,_,00370,133
B722__00360.133,13.99276622962348,42.150881565000006,B722,_,00360,133
B722__00350.133,13.985555906506558,42.146793200000005,B722,_,00350,133
B722__00340.133,13.97051724563702,42.142046840000006,B722,_,00340,133
B722__00330.133,13.977021366507888,42.15244079,B722,_,00330,133
B722__00300.133,14.026186339168284,42.164956634999996,B722,_,00300,133
B722__00290.133,14.011512318640198,42.1613803,B722,_,00290,133
B722__0028.133,13.998035645828935,42.158753005,B722,_,0028,133
B722__00270.133,13.99229521428604,42.156808725,B722,_,00270,133
B722__00260.133,13.988001052570613,42.16227832,B722,_,00260,133
B722__00250.133,13.980699270298643,42.163977349999996,B722,_,00250,133
B722__00230.133,14.06430270030801,42.16448458,B722,_,00230,133
B722__00220.133,14.044341843135573,42.168118449999994,B722,_,00220,133
B722__00210.133,14.030691085213695,42.16905376,B722,_,00210,133
B722__00200.133,14.025659630982178,42.166108725,B722,_,00200,133
B722__00190.133,13.994354740091516,42.16741444,B722,_,00190,133
B722__00180.133,14.021241959837079,42.17593125,B722,_,00180,133
B722__00170.133,14.015596711374691,42.176062055,B722,_,00170,133
B722__00160.133,14.006228833965611,42.170914444999994,B722,_,00160,133
B722__00150.133,13.991848502118717,42.174218765,B722,_,00150,133
B722__00140.133,13.988978369990665,42.173032995,B722,_,00140,133
B722__00120.133,14.010797272955045,42.189931255000005,B722,_,00120,133
B722__00110.133,13.997626893373672,42.18325557,B722,_,00110,133
B722__00100.133,13.980796892694471,42.18509169,B722,_,00100,133
B722__0009.133,13.970838013793674,42.186988145,B722,_,0009,133
B722__00080.133,13.965811453025246,42.187695184999995,B722,_,00080,133
B722__00070.133,14.000234029090016,42.19576509,B722,_,00070,133
B722__00060.133,13.987164517312362,42.198440675,B722,_,00060,133
B722__00050.133,13.970269509865842,42.194882155,B722,_,00050,133
B722__00040.133,13.980094421387992,42.199619955,B722,_,00040,133
B722__00030.133,13.960587687385747,42.19565488,B722,_,00030,133
B722__00020.133,13.985301427984528,42.205802025,B722,_,00020,133
B722__00060.1330,13.991209881062765,42.192991555000006,B722,_,00060,1330
B722__00420.1330,14.022114815674275,42.15022417,B722,_,00420,1330
B722__00060.1331,13.992128209519766,42.19311564,B722,_,00060,1331
B722__0051.1331,14.004942414361881,42.138877969999996,B722,_,0051,1331
B722__00420.1331,14.02173299570008,42.149791745,B722,_,00420,1331
B722__0028.1331,14.000198961546761,42.157728285000005,B722,_,0028,1331
B722__0009.1331,13.969920276951061,42.186615454999995,B722,_,0009,1331
B722__00060.1332,13.992051391905239,42.193097405,B722,_,00060,1332
B722__0051.1332,14.004301516525764,42.138438225,B722,_,0051,1332
B722__00420.1332,14.022112221275378,42.1502647,B722,_,00420,1332
B722__0028.1332,14.000228227534318,42.15772654,B722,_,0028,1332
B722__0009.1332,13.969754133451577,42.18592074,B722,_,0009,1332
B722__00060.1333,13.98492032636435,42.192365165,B722,_,00060,1333
B722__00510.1333,14.004855073411218,42.138019145,B722,_,00510,1333
B722__00420.1333,14.021707313949792,42.14979711,B722,_,00420,1333
B722__0028.1333,14.000263868543477,42.157718915000004,B722,_,0028,1333
B722__0009.1333,13.970613045885626,42.187689065,B722,_,0009,1333
B722__00060.1334,13.9864181216095,42.19244339,B722,_,00060,1334
B722__00420.1334,14.022087589715786,42.15026984,B722,_,00420,1334
B722__00290.1334,14.011534230538393,42.160733305,B722,_,00290,1334
B722__0028.1334,14.0002999280266,42.157710005,B722,_,0028,1334
B722__0009.1334,13.96971969962074,42.185882785,B722,_,0009,1334
B722__00060.1335,13.992604841485317,42.19408674,B722,_,00060,1335
B722__0051.1335,14.004518333823292,42.14151567,B722,_,0051,1335
B722__00420.1335,14.021679114204463,42.149802859999994,B722,_,00420,1335
B722__00290.1335,14.011305124918216,42.160914559999995,B722,_,00290,1335
B722__0028.1335,14.00307739815197,42.157699315,B722,_,0028,1335
B722__0009.1335,13.971604959555508,42.187995915,B722,_,0009,1335
B722__00090.1336,13.972578430881391,42.18302256,B722,_,00090,1336
B722__0051.1336,14.003840435564339,42.140722085,B722,_,0051,1336
B722__00420.1336,14.022030735695573,42.150241205,B722,_,00420,1336
B722__00290.1336,14.01120211739979,42.161185294999996,B722,_,00290,1336
B722__0028.1336,13.99690868318921,42.159082600000005,B722,_,0028,1336
B722__00060.1337,13.993421962118752,42.19200304,B722,_,00060,1337
B722__0051.1337,14.003651693675074,42.14050753,B722,_,0051,1337
B722__00420.1337,14.021492726699346,42.149634415,B722,_,00420,1337
B722__00290.1337,14.01192164356499,42.159259515,B722,_,00290,1337
B722__00090.1337,13.972916042418301,42.183425695,B722,_,00090,1337
B722__00060.1338,13.994425480971742,42.191822635,B722,_,00060,1338
B722__0051.1338,14.003758203221594,42.140641,B722,_,0051,1338
B722__00420.1338,14.021991323822956,42.150249450000004,B722,_,00420,1338
B722__00060.1339,13.993476913580427,42.19175895,B722,_,00060,1339
B722__0051.1339,14.004062803742107,42.142726765000006,B722,_,0051,1339
B722__00420.1339,14.021625037958895,42.150083120000005,B722,_,00420,1339
B722__00290.1339,14.011955461957436,42.159196460000004,B722,_,00290,1339
B722__0028.1339,14.004310606599471,42.15652777,B722,_,0028,1339
B722__00010.134,13.970815182732869,42.207292089999996,B722,_,00010,134
B722__00610.134,14.001206257922096,42.118321875,B722,_,00610,134
B722__00600.134,14.007573153050659,42.124667055,B722,_,00600,134
B722__00590.134,13.996496827679287,42.123051294999996,B722,_,00590,134
B722__00540.134,14.039362298125742,42.14070305,B722,_,00540,134
B722__00530.134,14.030532798505948,42.144852015,B722,_,00530,134
B722__00520.134,14.011503076571248,42.142015009999994,B722,_,00520,134
B722__00500.134,13.994178311758144,42.131569490000004,B722,_,00500,134
B722__00490.134,13.991051818700857,42.127763130000005,B722,_,00490,134
B722__00480.134,13.974082513517807,42.134974505,B722,_,00480,134
B722__00440.134,14.05532306043841,42.1470595,B722,_,00440,134
B722__00430.134,14.036370789147885,42.15565126,B722,_,00430,134
B722__00420.134,14.007368635206205,42.148803150000006,B722,_,00420,134
B722__00410.134,14.005380196015835,42.15597039,B722,_,00410,134
B722__00400.134,14.001304581865028,42.150155095,B722,_,00400,134
B722__00390.134,14.001003020114325,42.14257363,B722,_,00390,134
B722__00370.134,13.995721583734053,42.142882895,B722,_,00370,134
B722__00360.134,13.992824193559418,42.15105268,B722,_,00360,134
B722__00350.134,13.985710592710026,42.14697727,B722,_,00350,134
B722__00340.134,13.969811877014987,42.14139233,B722,_,00340,134
B722__00330.134,13.974956548943531,42.150461699999994,B722,_,00330,134
B722__0028.134,13.997916925971337,42.15851685,B722,_,0028,134
B722__00270.134,13.992058210059923,42.156568095,B722,_,00270,134
B722__00250.134,13.980805649355855,42.16401994,B722,_,00250,134
B722__00230.134,14.065131793886305,42.164121824999995,B722,_,00230,134
B722__00220.134,14.04519895500393,42.167763054999995,B722,_,00220,134
B722__00210.134,14.0300304454706,42.16862868,B722,_,00210,134
B722__00200.134,14.02575650211945,42.165540809999996,B722,_,00200,134
B722__00190.134,13.994092874053884,42.167381025,B722,_,00190,134
B722__00180.134,14.02241627875809,42.17632201,B722,_,00180,134
B722__00170.134,14.0152707556191,42.176470054999996,B722,_,00170,134
B722__00160.134,14.006466735483958,42.170824275,B722,_,00160,134
B722__00150.134,13.991913792026416,42.174117655,B722,_,00150,134
B722__00140.134,13.988916309703086,42.172415645,B722,_,00140,134
B722__00120.134,14.010815332622517,42.189565224999996,B722,_,00120,134
B722__00110.134,13.997885387354327,42.18341524,B722,_,00110,134
B722__00100.134,13.980630909263965,42.18493316,B722,_,00100,134
B722__0009.134,13.970907191441128,42.187012535,B722,_,0009,134
B722__00080.134,13.965823197699873,42.18744447,B722,_,00080,134
B722__00070.134,14.00076106856158,42.19575241,B722,_,00070,134
B722__00060.134,13.987162545441723,42.198536329999996,B722,_,00060,134
B722__00050.134,13.970190947590712,42.194683420000004,B722,_,00050,134
B722__00040.134,13.980456157505518,42.199675785,B722,_,00040,134
B722__00030.134,13.960135851720247,42.19501117,B722,_,00030,134
B722__00020.134,13.985554120708798,42.20549913,B722,_,00020,134
B722__00060.1340,13.9916060520925,42.195681074999996,B722,_,00060,1340
B722__0051.1340,14.003932114162762,42.14272458,B722,_,0051,1340
B722__00420.1340,14.021795230621652,42.15029762,B722,_,00420,1340
B722__0009.1340,13.968513110523936,42.18742648,B722,_,0009,1340
B722__0009.1341,13.967923864752315,42.18776567,B722,_,0009,1341
B722__0051.1341,14.003677481441938,42.142842015,B722,_,0051,1341
B722__00420.1341,14.02121273557778,42.15012139,B722,_,00420,1341
B722__00290.1341,14.011971233628921,42.159012475,B722,_,00290,1341
B722__0028.1341,14.00146674488684,42.15735016,B722,_,0028,1341
B722__00060.1342,13.994594595803528,42.197066205,B722,_,00060,1342
B722__0051.1342,14.003685536850542,42.140130545,B722,_,0051,1342
B722__00420.1342,14.021318164741215,42.1503812,B722,_,00420,1342
B722__00290.1342,14.00946923115206,42.15965133,B722,_,00290,1342
B722__0028.1342,14.001319650223046,42.15748451,B722,_,0028,1342
B722__0009.1342,13.9680261015255,42.18746605,B722,_,0009,1342
B722__00060.1343,13.99463805676272,42.197104255,B722,_,00060,1343
B722__0051.1343,14.0035707645774,42.14021203,B722,_,0051,1343
B722__00420.1343,14.020751890036133,42.15017117,B722,_,00420,1343
B722__00290.1343,14.002725121287245,42.160471415,B722,_,00290,1343
B722__0028.1343,13.996564489735697,42.159566420000004,B722,_,0028,1343
B722__0009.1343,13.970511587578596,42.187690675,B722,_,0009,1343
B722__0028.1344,14.000764544239585,42.158476925,B722,_,0028,1344
B722__0051.1344,14.003416487378267,42.14018549,B722,_,0051,1344
B722__00420.1344,14.020851772226601,42.15051853,B722,_,00420,1344
B722__00290.1344,14.002722281255076,42.160434914999996,B722,_,00290,1344
B722__0009.1345,13.971245937711963,42.187987065,B722,_,0009,1345
B722__0051.1345,14.003876457767344,42.139477545,B722,_,0051,1345
B722__00420.1345,14.020320617924451,42.150156885,B722,_,00420,1345
B722__0028.1345,14.00054949681629,42.15746605,B722,_,0028,1345
B722__00090.1346,13.974764012494902,42.182433955,B722,_,00090,1346
B722__0051.1346,14.004448845109966,42.139203815,B722,_,0051,1346
B722__00420.1346,14.0205101846426,42.150586075,B722,_,00420,1346
B722__00290.1346,14.002445211606975,42.160134064999994,B722,_,00290,1346
B722__0028.1346,14.000620797026562,42.157450205,B722,_,0028,1346
B722__00060.1347,13.985797228260244,42.192992875,B722,_,00060,1347
B722__0051.1347,14.003304087879433,42.14157755,B722,_,0051,1347
B722__00420.1347,14.020004859008733,42.150277145000004,B722,_,00420,1347
B722__00290.1347,14.002243621927736,42.16055503,B722,_,00290,1347
B722__0028.1347,14.000341272816815,42.158530315,B722,_,0028,1347
B722__0009.1347,13.971991265041726,42.187498595,B722,_,0009,1347
B722__0009.1348,13.969895749933752,42.186517815,B722,_,0009,1348
B722__0051.1348,14.00332224520506,42.14169801,B722,_,0051,1348
B722__00420.1348,14.020278643947844,42.150595214999996,B722,_,00420,1348
B722__00290.1348,14.002596013758938,42.16030685,B722,_,00290,1348
B722__0028.1348,14.00028995637554,42.158489055000004,B722,_,0028,1348
B722__00060.1349,13.993500934681812,42.19709714,B722,_,00060,1349
B722__0051.1349,14.003218846553144,42.141541925,B722,_,0051,1349
B722__00420.1349,14.019598850363526,42.150553439999996,B722,_,00420,1349
B722__00290.1349,14.011198013631692,42.15882421,B722,_,00290,1349
B722__00010.135,13.970268504677225,42.20771162,B722,_,00010,135
B722__00610.135,14.000450684714524,42.11858016,B722,_,00610,135
B722__00600.135,14.007606666346712,42.124488655,B722,_,00600,135
B722__00590.135,13.996560066116349,42.122863665,B722,_,00590,135
B722__00540.135,14.03974867282123,42.141885895,B722,_,00540,135
B722__00530.135,14.02696872072669,42.14328442,B722,_,00530,135
B722__00520.135,14.011560343127307,42.142030815,B722,_,00520,135
B722__0051.135,14.004017548287909,42.14127021,B722,_,0051,135
B722__00500.135,13.994587499230471,42.131964534999994,B722,_,00500,135
B722__00490.135,13.990723400765905,42.12721209,B722,_,00490,135
B722__00480.135,13.97497038796272,42.13542982,B722,_,00480,135
B722__00440.135,14.051500317110763,42.146635270000004,B722,_,00440,135
B722__00430.135,14.03726719570436,42.1551478,B722,_,00430,135
B722__00420.135,14.007879483743054,42.148324695,B722,_,00420,135
B722__00410.135,14.005639513221123,42.156114605,B722,_,00410,135
B722__00400.135,14.003613138299361,42.15058853,B722,_,00400,135
B722__00390.135,14.001254876966248,42.14276323,B722,_,00390,135
B722__00380.135,13.997404593569488,42.14037487,B722,_,00380,135
B722__00370.135,13.995490493254326,42.142295555,B722,_,00370,135
B722__00360.135,13.992861926151232,42.15104522,B722,_,00360,135
B722__00350.135,13.985662852070579,42.147051845,B722,_,00350,135
B722__00340.135,13.970128024365362,42.141738860000004,B722,_,00340,135
B722__00330.135,13.974633767482285,42.150366725,B722,_,00330,135
B722__00300.135,14.027272999533107,42.16427952,B722,_,00300,135
B722__00290.135,14.011351421109374,42.16171927,B722,_,00290,135
B722__0028.135,13.997896318521523,42.158650275,B722,_,0028,135
B722__00270.135,13.992203397759024,42.15638293000001,B722,_,00270,135
B722__00250.135,13.980878904084445,42.164266690000005,B722,_,00250,135
B722__00230.135,14.064684724931006,42.16370877,B722,_,00230,135
B722__00220.135,14.045190456674568,42.167144365,B722,_,00220,135
B722__00190.135,14.001020132105204,42.16585645,B722,_,00190,135
B722__00180.135,14.022117125487002,42.17598506,B722,_,00180,135
B722__00170.135,14.015442058359938,42.176402235,B722,_,00170,135
B722__00160.135,14.006342716121555,42.170121705,B722,_,00160,135
B722__00150.135,13.992094990631811,42.173954715,B722,_,00150,135
B722__00140.135,13.983745459067105,42.171815585000004,B722,_,00140,135
B722__00120.135,14.010750080718475,42.189104595,B722,_,00120,135
B722__00110.135,13.997375680568965,42.18325576,B722,_,00110,135
B722__00100.135,13.98190357196587,42.185369785000006,B722,_,00100,135
B722__0009.135,13.970997085346747,42.18696265,B722,_,0009,135
B722__00080.135,13.965986282180875,42.18775918,B722,_,00080,135
B722__00070.135,14.000482436193733,42.195882235,B722,_,00070,135
B722__00060.135,13.987365489482698,42.198543155,B722,_,00060,135
B722__00050.135,13.970689553893713,42.19463607,B722,_,00050,135
B722__00040.135,13.980436648346913,42.199457120000005,B722,_,00040,135
B722__00030.135,13.959430138696064,42.196373955,B722,_,00030,135
B722__00020.135,13.985078269723704,42.205043090000004,B722,_,00020,135
B722__00060.1350,13.993584162493885,42.197060005,B722,_,00060,1350
B722__0051.1350,14.003208288988745,42.141657275,B722,_,0051,1350
B722__00420.1350,14.019639852979768,42.15075356,B722,_,00420,1350
B722__0028.1350,13.998056492130289,42.159054260000005,B722,_,0028,1350
B722__0009.1350,13.970054380680876,42.187474644999995,B722,_,0009,1350
B722__00060.1351,13.993785329730787,42.197347775,B722,_,00060,1351
B722__0051.1351,14.004822778900987,42.138429040000005,B722,_,0051,1351
B722__00290.1351,14.011427177280769,42.158392845,B722,_,00290,1351
B722__0028.1351,13.998115127112657,42.159121569999996,B722,_,0028,1351
B722__0009.1351,13.970044901421197,42.1874136,B722,_,0009,1351
B722__00060.1352,13.99384972417138,42.197273965,B722,_,00060,1352
B722__0051.1352,14.004650314245058,42.13834001,B722,_,0051,1352
B722__00420.1352,14.019153543939508,42.15087524,B722,_,00420,1352
B722__0009.1353,13.970107495455913,42.187420285,B722,_,0009,1353
B722__0051.1353,14.004344770324685,42.138734985,B722,_,0051,1353
B722__00420.1353,14.018747986373995,42.15098232,B722,_,00420,1353
B722__00290.1353,14.011839203499676,42.15877099,B722,_,00290,1353
B722__0028.1353,14.004383564316655,42.156456829999996,B722,_,0028,1353
B722__00060.1354,13.993752380618323,42.197532495000004,B722,_,00060,1354
B722__0051.1354,14.00435894256444,42.13853538,B722,_,0051,1354
B722__00420.1354,14.018593651013322,42.1509544,B722,_,00420,1354
B722__00290.1354,14.011888253981283,42.15875441,B722,_,00290,1354
B722__0028.1354,14.004284350190751,42.15650927,B722,_,0028,1354
B722__0009.1354,13.970193037383806,42.18756062,B722,_,0009,1354
B722__00060.1355,13.994054183015031,42.197418639999995,B722,_,00060,1355
B722__0051.1355,14.004654153980614,42.138885895,B722,_,0051,1355
B722__00290.1355,14.011281521439333,42.158816585,B722,_,00290,1355
B722__0009.1355,13.970182300372564,42.18744408,B722,_,0009,1355
B722__0009.1356,13.970069004541779,42.187589675,B722,_,0009,1356
B722__0051.1356,14.00471140362493,42.13875701,B722,_,0051,1356
B722__00420.1356,14.01811083040783,42.15109715,B722,_,00420,1356
B722__00290.1356,14.011337957721556,42.15882955,B722,_,00290,1356
B722__00060.1357,13.994268677327454,42.197622325,B722,_,00060,1357
B722__0051.1357,14.004998017711142,42.141710475,B722,_,0051,1357
B722__00290.1357,14.011392745156765,42.158803655,B722,_,00290,1357
B722__0009.1357,13.971127069966933,42.187564019999996,B722,_,0009,1357
B722__00420.1358,14.015046914093125,42.145743800000005,B722,_,00420,1358
B722__0051.1358,14.005257289045918,42.14170727,B722,_,0051,1358
B722__00060.1359,13.994513064608906,42.1974867,B722,_,00060,1359
B722__0051.1359,14.005396411992779,42.14191396,B722,_,0051,1359
B722__00420.1359,14.014890634575256,42.145560395000004,B722,_,00420,1359
B722__00010.136,13.970799142222432,42.207414195,B722,_,00010,136
B722__00610.136,14.000825158711134,42.119254635000004,B722,_,00610,136
B722__00600.136,14.008239689794397,42.124896455,B722,_,00600,136
B722__00590.136,13.996488345403245,42.12276339,B722,_,00590,136
B722__00540.136,14.040375596014572,42.14162552,B722,_,00540,136
B722__00530.136,14.033193933948347,42.144997755,B722,_,00530,136
B722__0051.136,14.003421492744451,42.140846025,B722,_,0051,136
B722__00500.136,13.994164095652998,42.131216045,B722,_,00500,136
B722__00490.136,13.991936939638059,42.12733738,B722,_,00490,136
B722__00480.136,13.97526918180966,42.135218554999994,B722,_,00480,136
B722__00440.136,14.053233267570999,42.14707412,B722,_,00440,136
B722__00430.136,14.037869974018069,42.154926849999995,B722,_,00430,136
B722__00410.136,14.005481462976533,42.155781950000005,B722,_,00410,136
B722__00400.136,14.003105944510018,42.150371785000004,B722,_,00400,136
B722__00380.136,13.997862920081609,42.140405295,B722,_,00380,136
B722__00370.136,13.99587529418043,42.142096295,B722,_,00370,136
B722__00360.136,13.996542580271486,42.153956095,B722,_,00360,136
B722__00350.136,13.985960447651012,42.147181435,B722,_,00350,136
B722__00340.136,13.97074527197482,42.142030489999996,B722,_,00340,136
B722__00330.136,13.975687109333013,42.149577015000006,B722,_,00330,136
B722__00300.136,14.026548993543285,42.16445867,B722,_,00300,136
B722__00290.136,14.01173978776761,42.161676055,B722,_,00290,136
B722__0028.136,13.997950031255323,42.15866416,B722,_,0028,136
B722__00270.136,13.992455559130914,42.156513024999995,B722,_,00270,136
B722__00260.136,13.989924412121644,42.16244906,B722,_,00260,136
B722__00250.136,13.981001732679644,42.164185155,B722,_,00250,136
B722__00230.136,14.06565537124711,42.1646397,B722,_,00230,136
B722__00220.136,14.046070452594334,42.167162835,B722,_,00220,136
B722__00210.136,14.030446971731477,42.16847782,B722,_,00210,136
B722__00200.136,14.025626242181996,42.16632128,B722,_,00200,136
B722__00190.136,13.994286094637255,42.166916029999996,B722,_,00190,136
B722__00180.136,14.02246222759105,42.17614302,B722,_,00180,136
B722__00170.136,14.015672384713831,42.176341755,B722,_,00170,136
B722__00160.136,14.007314558129238,42.170913850000005,B722,_,00160,136
B722__00150.136,13.992498247501235,42.173999965,B722,_,00150,136
B722__00140.136,13.984106269012056,42.17165551,B722,_,00140,136
B722__00130.136,13.980747805027026,42.172956365000005,B722,_,00130,136
B722__00120.136,14.010783736189303,42.188980959999995,B722,_,00120,136
B722__00110.136,14.000280895529158,42.183316919999996,B722,_,00110,136
B722__00100.136,13.982330813380973,42.1852935,B722,_,00100,136
B722__00080.136,13.95943599025097,42.188508909999996,B722,_,00080,136
B722__00070.136,14.000115984069733,42.195876835,B722,_,00070,136
B722__00060.136,13.987450107361632,42.19867811,B722,_,00060,136
B722__00050.136,13.971293295955661,42.194648195,B722,_,00050,136
B722__00040.136,13.980508224862273,42.19943608,B722,_,00040,136
B722__00030.136,13.960524939442797,42.195210355,B722,_,00030,136
B722__00020.136,13.985065864089549,42.20477349,B722,_,00020,136
B722__00420.1360,14.015484751535821,42.14581689,B722,_,00420,1360
B722__0051.1360,14.00554472732155,42.141885814999995,B722,_,0051,1360
B722__00060.1361,13.994607868110599,42.19732987,B722,_,00060,1361
B722__0051.1361,14.004682943780269,42.13963937,B722,_,0051,1361
B722__00290.1361,14.01135329597168,42.15831387,B722,_,00290,1361
B722__00090.1361,13.977407892005814,42.182806400000004,B722,_,00090,1361
B722__00290.1362,14.011264644447762,42.158198595,B722,_,00290,1362
B722__0051.1362,14.003837676709107,42.140571175000005,B722,_,0051,1362
B722__00060.1363,13.994594245579709,42.19720403,B722,_,00060,1363
B722__0051.1363,14.003637632672554,42.140407165,B722,_,0051,1363
B722__00420.1363,14.01504635685432,42.145604495,B722,_,00420,1363
B722__00290.1364,14.011275374396082,42.15835638,B722,_,00290,1364
B722__0051.1364,14.004781609718535,42.13915206,B722,_,0051,1364
B722__00420.1364,14.014977354918496,42.14556234,B722,_,00420,1364
B722__00060.1365,13.994041069849068,42.197207434999996,B722,_,00060,1365
B722__0051.1365,14.004884217916038,42.139203205,B722,_,0051,1365
B722__00420.1365,14.014957592292873,42.145620065,B722,_,00420,1365
B722__00420.1366,14.01505574214513,42.145484929999995,B722,_,00420,1366
B722__0051.1366,14.005027414432076,42.13921267,B722,_,0051,1366
B722__00060.1367,13.994318502652293,42.197189359999996,B722,_,00060,1367
B722__0051.1367,14.004735633117129,42.13970941,B722,_,0051,1367
B722__00420.1367,14.014709190034841,42.14542773,B722,_,00420,1367
B722__00290.1368,14.00904758873693,42.161579745,B722,_,00290,1368
B722__0051.1368,14.004768953741815,42.13968418,B722,_,0051,1368
B722__00420.1368,14.014449371829263,42.145602835,B722,_,00420,1368
B722__00060.1369,13.994494141202832,42.197151335,B722,_,00060,1369
B722__0051.1369,14.003256850794866,42.140174285,B722,_,0051,1369
B722__00420.1369,14.014838885968288,42.145368545,B722,_,00420,1369
B722__00010.137,13.97033799454508,42.207812045,B722,_,00010,137
B722__00610.137,14.001712598797251,42.118752535,B722,_,00610,137
B722__00600.137,14.007537322238274,42.12517653,B722,_,00600,137
B722__00590.137,13.996708287250748,42.122715915,B722,_,00590,137
B722__00540.137,14.040957169634918,42.1415808,B722,_,00540,137
B722__00530.137,14.034380330592466,42.14502605,B722,_,00530,137
B722__00520.137,14.012011379859054,42.14185521,B722,_,00520,137
B722__0051.137,14.003694873560192,42.140989145,B722,_,0051,137
B722__00500.137,13.99482237287918,42.131550605,B722,_,00500,137
B722__00490.137,13.991427324321585,42.127115165,B722,_,00490,137
B722__00480.137,13.975856698981406,42.13517806,B722,_,00480,137
B722__00440.137,14.05365408392333,42.14692506,B722,_,00440,137
B722__00430.137,14.03849814100678,42.154603845,B722,_,00430,137
B722__00420.137,14.007969675314197,42.148570969999994,B722,_,00420,137
B722__00410.137,14.005623839313785,42.15599129500001,B722,_,00410,137
B722__00390.137,14.001405783262218,42.142723939999996,B722,_,00390,137
B722__00380.137,13.99818743603154,42.140308425,B722,_,00380,137
B722__00370.137,13.99596701639011,42.142167799999996,B722,_,00370,137
B722__00360.137,13.992926470548968,42.15069955,B722,_,00360,137
B722__00350.137,13.986230129548325,42.147206600000004,B722,_,00350,137
B722__00330.137,13.975787339088509,42.149533555,B722,_,00330,137
B722__00300.137,14.027325667352866,42.164589815,B722,_,00300,137
B722__00290.137,14.011892646083721,42.161671635,B722,_,00290,137
B722__00270.137,13.992604128844402,42.156563455,B722,_,00270,137
B722__00260.137,13.984137514615465,42.1630983,B722,_,00260,137
B722__00250.137,13.981058183995117,42.164536295,B722,_,00250,137
B722__00230.137,14.066092983265833,42.164276445,B722,_,00230,137
B722__00220.137,14.047136963944268,42.167056155,B722,_,00220,137
B722__00210.137,14.03049470272015,42.168466949999996,B722,_,00210,137
B722__00200.137,14.025811882271464,42.16645749,B722,_,00200,137
B722__00190.137,13.994686669280178,42.16703354,B722,_,00190,137
B722__00180.137,14.01684120018881,42.177460025,B722,_,00180,137
B722__00170.137,14.016147612801827,42.175952035,B722,_,00170,137
B722__00160.137,14.007770254659714,42.171187635,B722,_,00160,137
B722__00150.137,13.993342116995098,42.17424048,B722,_,00150,137
B722__00140.137,13.984474168383088,42.171680945000006,B722,_,00140,137
B722__00120.137,14.010652736961775,42.188784005,B722,_,00120,137
B722__00110.137,13.999380845725796,42.183648680000005,B722,_,00110,137
B722__00100.137,13.98254157480543,42.184960195,B722,_,00100,137
B722__00080.137,13.966439822688713,42.18805068,B722,_,00080,137
B722__00070.137,14.000254909345266,42.195956730000006,B722,_,00070,137
B722__00060.137,13.988052443483882,42.198526775000005,B722,_,00060,137
B722__00050.137,13.971240152692005,42.19447203,B722,_,00050,137
B722__00040.137,13.980683043724753,42.199440190000004,B722,_,00040,137
B722__00030.137,13.959984226487663,42.19581763,B722,_,00030,137
B722__00020.137,13.985190284710637,42.20470268,B722,_,00020,137
B722__00060.1370,13.99453491548016,42.19712223,B722,_,00060,1370
B722__0051.1370,14.003462393601183,42.140097935,B722,_,0051,1370
B722__00420.1370,14.014900362766326,42.145291865000004,B722,_,00420,1370
B722__00060.1371,13.99468925746422,42.197101489999994,B722,_,00060,1371
B722__0051.1371,14.003492843041407,42.14012133,B722,_,0051,1371
B722__00060.1372,13.994564375274734,42.197183100000004,B722,_,00060,1372
B722__0051.1372,14.003423097122441,42.140096575,B722,_,0051,1372
B722__00290.1372,14.008908312817926,42.16166828,B722,_,00290,1372
B722__00060.1373,13.994579842688854,42.19701997,B722,_,00060,1373
B722__0051.1373,14.003414435914138,42.139875544999995,B722,_,0051,1373
B722__00290.1373,14.00900294546997,42.16147109,B722,_,00290,1373
B722__0051.1374,14.003488606019431,42.139839945000006,B722,_,0051,1374
B722__00290.1375,14.008983876036927,42.16154596,B722,_,00290,1375
B722__0051.1375,14.00388452285387,42.142859515,B722,_,0051,1375
B722__00510.1376,14.004488848599959,42.136801915,B722,_,00510,1376
B722__00420.1377,14.015197567042005,42.14549264,B722,_,00420,1377
B722__00510.1377,14.004518307731132,42.136650149999994,B722,_,00510,1377
B722__00290.1378,14.008958419412817,42.16138391,B722,_,00290,1378
B722__00420.1378,14.015142864349482,42.145420720000004,B722,_,00420,1378
B722__00510.1379,14.004599735533564,42.136622634999995,B722,_,00510,1379
B722__00010.138,13.970833870560295,42.207522885,B722,_,00010,138
B722__00610.138,14.002285401471788,42.11889717,B722,_,00610,138
B722__00600.138,14.008386243268454,42.125317605,B722,_,00600,138
B722__00590.138,13.996257061726077,42.12233159,B722,_,00590,138
B722__00540.138,14.041647766000937,42.141235484999996,B722,_,00540,138
B722__00530.138,14.027339221459478,42.14294578,B722,_,00530,138
B722__00520.138,14.007160419195785,42.141196625,B722,_,00520,138
B722__0051.138,14.00389681020193,42.141006435,B722,_,0051,138
B722__00500.138,13.99436946308173,42.130179695,B722,_,00500,138
B722__00490.138,13.983432015711234,42.127403755,B722,_,00490,138
B722__00480.138,13.975264856287215,42.13469097,B722,_,00480,138
B722__00440.138,14.054029434993678,42.146896395,B722,_,00440,138
B722__00430.138,14.018726103141532,42.154940935,B722,_,00430,138
B722__00420.138,14.007912893697203,42.148738820000005,B722,_,00420,138
B722__00400.138,14.003421423871316,42.15078749,B722,_,00400,138
B722__00380.138,13.998104723522683,42.140217129999996,B722,_,00380,138
B722__00370.138,13.99624482112079,42.1421842,B722,_,00370,138
B722__00360.138,13.99277485762671,42.150650825,B722,_,00360,138
B722__00350.138,13.986172953405436,42.147179255,B722,_,00350,138
B722__00340.138,13.967482986944509,42.14465962,B722,_,00340,138
B722__00330.138,13.977862278151143,42.150659475,B722,_,00330,138
B722__00290.138,14.012442443359054,42.16189651,B722,_,00290,138
B722__0028.138,13.998044577724656,42.158690115,B722,_,0028,138
B722__00270.138,13.992947837773942,42.15658114,B722,_,00270,138
B722__00260.138,13.989908840924825,42.162259195000004,B722,_,00260,138
B722__00250.138,13.981130822015686,42.164006404999995,B722,_,00250,138
B722__00230.138,14.066600652267821,42.16406716,B722,_,00230,138
B722__00220.138,14.047680079297969,42.16743332,B722,_,00220,138
B722__00210.138,14.030695468260081,42.168462385,B722,_,00210,138
B722__00200.138,14.026333264183233,42.166266345,B722,_,00200,138
B722__00190.138,13.994943364023328,42.167341275,B722,_,00190,138
B722__00180.138,14.016810876806147,42.177349414999995,B722,_,00180,138
B722__00170.138,14.016156362049108,42.176025300000006,B722,_,00170,138
B722__00160.138,14.007822460824913,42.170934645,B722,_,00160,138
B722__00150.138,13.992935645529665,42.17435281,B722,_,00150,138
B722__00140.138,13.985054928775376,42.17207745,B722,_,00140,138
B722__00130.138,13.98067782020552,42.171500019999996,B722,_,00130,138
B722__00120.138,14.010533936403164,42.188622030000005,B722,_,00120,138
B722__00110.138,13.999713736335607,42.1839862,B722,_,00110,138
B722__00100.138,13.983547207556978,42.184649855,B722,_,00100,138
B722__0009.138,13.971090155083509,42.18686896,B722,_,0009,138
B722__00080.138,13.966036820096733,42.187645630000006,B722,_,00080,138
B722__00070.138,13.995081175450363,42.19664007,B722,_,00070,138
B722__00050.138,13.971503392674641,42.194274525,B722,_,00050,138
B722__00040.138,13.980689672818645,42.199284015,B722,_,00040,138
B722__00030.138,13.960219025186415,42.19590054,B722,_,00030,138
B722__00020.138,13.985371821347385,42.205244664999995,B722,_,00020,138
B722__00060.1380,13.99086319889364,42.195379415000005,B722,_,00060,1380
B722__00510.1380,14.00459251333931,42.136510904999994,B722,_,00510,1380
B722__00060.1381,13.985894242514,42.193014595,B722,_,00060,1381
B722__00510.1381,14.003918423443356,42.13619152,B722,_,00510,1381
B722__00290.1381,14.002922709541938,42.161258575,B722,_,00290,1381
B722__00290.1382,14.003141163073943,42.161322014999996,B722,_,00290,1382
B722__00510.1382,14.003843323079193,42.136080844999995,B722,_,00510,1382
B722__00420.1382,14.015087015258075,42.145503675,B722,_,00420,1382
B722__00060.1383,13.98539261110222,42.19308866,B722,_,00060,1383
B722__0051.1383,14.004422389044015,42.141450605,B722,_,0051,1383
B722__00060.1384,13.986672845757958,42.19238357,B722,_,00060,1384
B722__00510.1384,14.005637271171729,42.135227805,B722,_,00510,1384
B722__00060.1385,13.991189867210345,42.195191449999996,B722,_,00060,1385
B722__00510.1385,14.005859040682871,42.13490217499999,B722,_,00510,1385
B722__00060.1386,13.994217521402806,42.197299169999994,B722,_,00060,1386
B722__00510.1386,14.006070700942233,42.13429071,B722,_,00510,1386
B722__00290.1387,14.01346353304206,42.159428125,B722,_,00290,1387
B722__0051.1387,14.004216456752834,42.14234733,B722,_,0051,1387
B722__00290.1388,14.014409135228968,42.159428125,B722,_,00290,1388
B722__00010.139,13.97106995903076,42.20751314,B722,_,00010,139
B722__00610.139,14.001599702422396,42.11935277,B722,_,00610,139
B722__00600.139,14.008686952877724,42.125253435,B722,_,00600,139
B722__00590.139,13.996734682792347,42.12241355,B722,_,00590,139
B722__00540.139,14.042103179124288,42.141170994999996,B722,_,00540,139
B722__00530.139,14.027767135354853,42.143150335,B722,_,00530,139
B722__00520.139,14.007164331424036,42.141272375,B722,_,00520,139
B722__0051.139,14.004008804754204,42.140864324999995,B722,_,0051,139
B722__00500.139,13.994773021555092,42.13066979,B722,_,00500,139
B722__00490.139,13.984390832633101,42.127555045,B722,_,00490,139
B722__00480.139,13.976231543648176,42.135028649999995,B722,_,00480,139
B722__00440.139,14.053873644962858,42.14672976,B722,_,00440,139
B722__00430.139,14.01863296040366,42.1555789,B722,_,00430,139
B722__00370.139,13.996139939051428,42.14263579,B722,_,00370,139
B722__00360.139,13.993091498616765,42.150654675,B722,_,00360,139
B722__00350.139,13.98614256784089,42.1471623,B722,_,00350,139
B722__00340.139,13.9681031082748,42.144457200000005,B722,_,00340,139
B722__00330.139,13.9825452852211,42.15000724,B722,_,00330,139
B722__00290.139,14.012713096624676,42.162265675,B722,_,00290,139
B722__0028.139,13.99802489771742,42.15863451,B722,_,0028,139
B722__00270.139,13.99314004352111,42.157033395,B722,_,00270,139
B722__00260.139,13.990024706909837,42.162230685,B722,_,00260,139
B722__00250.139,13.981224355492607,42.16422524,B722,_,00250,139
B722__00230.139,14.066689591743012,42.164544525,B722,_,00230,139
B722__00220.139,14.04730119397291,42.16795879,B722,_,00220,139
B722__00200.139,14.025249263268659,42.16701374,B722,_,00200,139
B722__00190.139,13.994713510826486,42.167324995,B722,_,00190,139
B722__00180.139,14.016824282817137,42.177209925,B722,_,00180,139
B722__00170.139,14.016062453331289,42.176230825000005,B722,_,00170,139
B722__00160.139,14.008100221501252,42.170413375,B722,_,00160,139
B722__00150.139,13.99335755173895,42.174404624999994,B722,_,00150,139
B722__00140.139,13.985979263595432,42.17157995,B722,_,00140,139
B722__00130.139,13.979677064785427,42.171740995,B722,_,00130,139
B722__00120.139,14.010456788151995,42.188449405,B722,_,00120,139
B722__00110.139,14.000393785823315,42.184082085,B722,_,00110,139
B722__00100.139,13.983140456513196,42.185033860000004,B722,_,00100,139
B722__0009.139,13.971082018773803,42.186745715,B722,_,0009,139
B722__00080.139,13.96684550265843,42.187879945000006,B722,_,00080,139
B722__00070.139,14.001236573087736,42.195739345,B722,_,00070,139
B722__00060.139,13.989476293449593,42.19881368,B722,_,00060,139
B722__00050.139,13.971050825230165,42.19431404,B722,_,00050,139
B722__00040.139,13.980566579971622,42.199138675,B722,_,00040,139
B722__00030.139,13.960515777622351,42.196038445,B722,_,00030,139
B722__00020.139,13.985464024884376,42.205035824999996,B722,_,00020,139
B722__00290.1390,14.014069143645205,42.159042965,B722,_,00290,1390
B722__0051.1390,14.003458306909913,42.1399763,B722,_,0051,1390
B722__0051.1391,14.003533907368217,42.140011130000005,B722,_,0051,1391
B722__00290.1392,14.014255942558007,42.159332475,B722,_,00290,1392
B722__0051.1392,14.003281323158603,42.140021774999994,B722,_,0051,1392
B722__0051.1393,14.003449628175845,42.140501955,B722,_,0051,1393
B722__00290.1394,14.013474853305567,42.158940285,B722,_,00290,1394
B722__0051.1394,14.00430279035708,42.14230272,B722,_,0051,1394
B722__00510.1395,14.003512021921729,42.13862734,B722,_,00510,1395
B722__00510.1396,14.003527599334507,42.138736245000004,B722,_,00510,1396
B722__00510.1397,14.004324042541779,42.137195235,B722,_,00510,1397
B722__00290.1398,14.011717178851368,42.159811344999994,B722,_,00290,1398
B722__0051.1398,14.00309057789714,42.13961422,B722,_,0051,1398
B722__00290.1399,14.014248745078163,42.161445145,B722,_,00290,1399
B722__0051.1399,14.003159165976736,42.13972435,B722,_,0051,1399
B722__00010.14,13.96904937156582,42.21085237,B722,_,00010,14
B722__00610.14,13.994404498365792,42.12180831,B722,_,00610,14
B722__00590.14,13.990173687358705,42.12623778,B722,_,00590,14
B722__00540.14,14.048236937165154,42.147053295,B722,_,00540,14
B722__00530.14,14.037377579683074,42.14913439,B722,_,00530,14
B722__00520.14,14.009098594433102,42.14300672,B722,_,00520,14
B722__0051.14,14.004600551612516,42.14291032,B722,_,0051,14
B722__00500.14,13.986291701163779,42.136173745,B722,_,00500,14
B722__00490.14,13.98393674394297,42.13120333,B722,_,00490,14
B722__00480.14,13.977151424678688,42.140193715,B722,_,00480,14
B722__00450.14,14.052373589871724,42.145387345,B722,_,00450,14
B722__00440.14,14.044102065525443,42.153887365,B722,_,00440,14
B722__00430.14,14.021515490117235,42.157523245,B722,_,00430,14
B722__00420.14,14.006168231566688,42.150112480000004,B722,_,00420,14
B722__00400.14,14.002536219162137,42.153862294999996,B722,_,00400,14
B722__00390.14,13.99948528120326,42.145230655,B722,_,00390,14
B722__00380.14,14.000119592825165,42.14302041,B722,_,00380,14
B722__00360.14,13.996379757477843,42.153540355000004,B722,_,00360,14
B722__00350.14,13.981406614201433,42.149034895,B722,_,00350,14
B722__00340.14,13.974799338136314,42.149601489999995,B722,_,00340,14
B722__00330.14,13.973171310755223,42.15543701,B722,_,00330,14
B722__00310.14,14.038083149462057,42.161413315000004,B722,_,00310,14
B722__00300.14,14.026921739569676,42.16573806,B722,_,00300,14
B722__00290.14,14.003937888976164,42.162376705,B722,_,00290,14
B722__0028.14,13.997309667511711,42.159416205,B722,_,0028,14
B722__00270.14,13.990833309978541,42.16105642,B722,_,00270,14
B722__00260.14,13.982834566448856,42.16568642,B722,_,00260,14
B722__00250.14,13.981605580343874,42.167014269999996,B722,_,00250,14
B722__00240.14,14.083497604883313,42.161863485,B722,_,00240,14
B722__00230.14,14.06096897993929,42.170182264999994,B722,_,00230,14
B722__00220.14,14.045861680103094,42.171040415,B722,_,00220,14
B722__00210.14,14.03205408372299,42.1726077,B722,_,00210,14
B722__00200.14,14.017620780169992,42.16876385,B722,_,00200,14
B722__00190.14,13.995117775331039,42.16961349,B722,_,00190,14
B722__00180.14,14.01998072473322,42.17937153,B722,_,00180,14
B722__00170.14,14.010307246955932,42.1815427,B722,_,00170,14
B722__00160.14,14.00524490336134,42.177600334999994,B722,_,00160,14
B722__00150.14,13.996328628876107,42.179064945,B722,_,00150,14
B722__00140.14,13.986119353203124,42.1740319,B722,_,00140,14
B722__00130.14,13.98019745141271,42.179293779999995,B722,_,00130,14
B722__00120.14,14.003854161604465,42.193741455,B722,_,00120,14
B722__00110.14,13.995637766913003,42.187683750000005,B722,_,00110,14
B722__00100.14,13.983581032655696,42.188115775,B722,_,00100,14
B722__00080.14,13.961223815933206,42.190113499999995,B722,_,00080,14
B722__00070.14,13.99516764260274,42.19680841,B722,_,00070,14
B722__00060.14,13.989587628538983,42.200635399999996,B722,_,00060,14
B722__00050.14,13.981177135866712,42.195330125,B722,_,00050,14
B722__00040.14,13.972806593866318,42.202665605,B722,_,00040,14
B722__00030.14,13.967773803819288,42.199823955,B722,_,00030,14
B722__00020.14,13.97568773126983,42.208798285,B722,_,00020,14
B722__00010.140,13.971123623858528,42.20758834,B722,_,00010,140
B722__00610.140,14.002278429780159,42.11966004999999,B722,_,00610,140
B722__00600.140,14.00927536736431,42.125657335,B722,_,00600,140
B722__00590.140,13.997114264785115,42.122459719999995,B722,_,00590,140
B722__00540.140,14.04477744548937,42.141612965,B722,_,00540,140
B722__00530.140,14.028125082895858,42.14313862,B722,_,00530,140
B722__00520.140,14.007169174776806,42.141351025000006,B722,_,00520,140
B722__00500.140,13.994918208954346,42.12976399,B722,_,00500,140
B722__00490.140,13.985337973545047,42.12749216,B722,_,00490,140
B722__00480.140,13.977003168455045,42.13516131,B722,_,00480,140
B722__00440.140,14.054495878824287,42.146803625000004,B722,_,00440,140
B722__00430.140,14.019260945519482,42.155233515,B722,_,00430,140
B722__00410.140,14.006347443090355,42.1563639,B722,_,00410,140
B722__00400.140,14.003671504511434,42.150659925,B722,_,00400,140
B722__00370.140,13.996344597432138,42.14255321,B722,_,00370,140
B722__00360.140,13.993447628369385,42.150745625,B722,_,00360,140
B722__00350.140,13.98611090649549,42.147150225000004,B722,_,00350,140
B722__00340.140,13.973243411102509,42.149703645,B722,_,00340,140
B722__00330.140,13.983105712674305,42.15034493,B722,_,00330,140
B722__00290.140,14.012824120278584,42.162199175,B722,_,00290,140
B722__0028.140,13.998088141787784,42.158696899999995,B722,_,0028,140
B722__00270.140,13.993509665623368,42.156980565,B722,_,00270,140
B722__00260.140,13.990100155382578,42.16248365,B722,_,00260,140
B722__00250.140,13.981339910793979,42.164147995,B722,_,00250,140
B722__00230.140,14.06699197828921,42.16442228,B722,_,00230,140
B722__00220.140,14.048132231305038,42.16798763,B722,_,00220,140
B722__00210.140,14.033936700617932,42.173283325,B722,_,00210,140
B722__00200.140,14.024690658087405,42.16759672,B722,_,00200,140
B722__00190.140,13.995003211073223,42.167547845,B722,_,00190,140
B722__00180.140,14.017455787864314,42.177315414999995,B722,_,00180,140
B722__00170.140,14.016389878500007,42.176282439999994,B722,_,00170,140
B722__00160.140,14.008082839178446,42.170191105,B722,_,00160,140
B722__00150.140,13.992978813700875,42.17405645,B722,_,00150,140
B722__00140.140,13.984712825888295,42.171623440000005,B722,_,00140,140
B722__00130.140,13.97986169103453,42.171938595,B722,_,00130,140
B722__00120.140,14.010209311022368,42.188389615000006,B722,_,00120,140
B722__00110.140,14.000091512158468,42.184472485,B722,_,00110,140
B722__00100.140,13.982983103875302,42.185308559999996,B722,_,00100,140
B722__00080.140,13.966506650106924,42.187499065,B722,_,00080,140
B722__00070.140,14.001601846740591,42.195749405,B722,_,00070,140
B722__00060.140,13.989606457296048,42.198593405,B722,_,00060,140
B722__00050.140,13.970262947623137,42.19383404,B722,_,00050,140
B722__00040.140,13.969898216362312,42.198130285000005,B722,_,00040,140
B722__00030.140,13.960879812603357,42.195901765,B722,_,00030,140
B722__00020.140,13.985272265812155,42.20463309,B722,_,00020,140
B722__00290.1400,14.01412421942505,42.161380945,B722,_,00290,1400
B722__00060.1401,13.991574869392256,42.195080845,B722,_,00060,1401
B722__0051.1401,14.004246318713445,42.139378785000005,B722,_,0051,1401
B722__00420.1401,14.010196679962487,42.14741981,B722,_,00420,1401
B722__0009.1401,13.971605886923953,42.187403335,B722,_,0009,1401
B722__00060.1402,13.991020308516932,42.19580374,B722,_,00060,1402
B722__0051.1402,14.003500764304153,42.142485965000006,B722,_,0051,1402
B722__00290.1402,14.014219983091616,42.159301060000004,B722,_,00290,1402
B722__00090.1402,13.973659830634054,42.185090349999996,B722,_,00090,1402
B722__00290.1403,14.012722836269305,42.159233355,B722,_,00290,1403
B722__0051.1403,14.003502493537109,42.142425275,B722,_,0051,1403
B722__00420.1403,14.01737232487322,42.15080871,B722,_,00420,1403
B722__00060.1404,13.991014321378385,42.19540627,B722,_,00060,1404
B722__0051.1404,14.00350680232054,42.14232407,B722,_,0051,1404
B722__00420.1404,14.008787690616625,42.14494234,B722,_,00420,1404
B722__00090.1404,13.973739605620468,42.185169009999996,B722,_,00090,1404
B722__00060.1405,13.983053906161638,42.1971196,B722,_,00060,1405
B722__0051.1405,14.00343585175462,42.142303285,B722,_,0051,1405
B722__00420.1405,14.008116199691763,42.144796665,B722,_,00420,1405
B722__00290.1405,14.00979525600243,42.160300410000005,B722,_,00290,1405
B722__00060.1406,13.991410267468524,42.19519461,B722,_,00060,1406
B722__0051.1406,14.003588910420346,42.142312285,B722,_,0051,1406
B722__00420.1406,14.007925265807128,42.149860655,B722,_,00420,1406
B722__00090.1406,13.973688134352315,42.18499853,B722,_,00090,1406
B722__00290.1407,14.009920564017028,42.160278680000005,B722,_,00290,1407
B722__0051.1407,14.003460129046449,42.142112159999996,B722,_,0051,1407
B722__00420.1407,14.007497033679865,42.14489253,B722,_,00420,1407
B722__00090.1408,13.973450597552535,42.18499932,B722,_,00090,1408
B722__0051.1408,14.003454453999334,42.141995335000004,B722,_,0051,1408
B722__00090.1409,13.973681526522592,42.18484644,B722,_,00090,1409
B722__0051.1409,14.003531173514897,42.142039825,B722,_,0051,1409
B722__00010.141,13.97082256795058,42.207761950000005,B722,_,00010,141
B722__00610.141,14.002624883231778,42.119294645,B722,_,00610,141
B722__00600.141,14.009546679749143,42.12533691,B722,_,00600,141
B722__00590.141,13.997637873165274,42.122966485,B722,_,00590,141
B722__00540.141,14.044569595391344,42.141221245,B722,_,00540,141
B722__00530.141,14.028132761101212,42.143505265,B722,_,00530,141
B722__00520.141,14.007316488989797,42.141377595,B722,_,00520,141
B722__00500.141,13.995095805335975,42.13092308,B722,_,00500,141
B722__00490.141,13.98618924568984,42.127681625,B722,_,00490,141
B722__00480.141,13.977248563289733,42.134859085,B722,_,00480,141
B722__00440.141,14.05457713904152,42.146961415,B722,_,00440,141
B722__00430.141,14.0212624128349,42.15498891,B722,_,00430,141
B722__00420.141,14.0087757386069,42.14886586,B722,_,00420,141
B722__00410.141,14.006503665926276,42.15633521,B722,_,00410,141
B722__00400.141,14.003966695433634,42.15051424,B722,_,00400,141
B722__00370.141,13.996590660172814,42.14262139,B722,_,00370,141
B722__00360.141,13.993524990339878,42.150754715000005,B722,_,00360,141
B722__00350.141,13.986065938292587,42.147125185,B722,_,00350,141
B722__00340.141,13.972836471037839,42.149624259999996,B722,_,00340,141
B722__00330.141,13.981132725298178,42.150861094999996,B722,_,00330,141
B722__00290.141,14.013088244206958,42.162092490000006,B722,_,00290,141
B722__0028.141,13.998138230633241,42.158707055,B722,_,0028,141
B722__00270.141,13.993522849517188,42.1575262,B722,_,00270,141
B722__00260.141,13.990210006939812,42.16248383,B722,_,00260,141
B722__00250.141,13.981201972003104,42.1638576,B722,_,00250,141
B722__00230.141,14.067356334422598,42.16418178,B722,_,00230,141
B722__00220.141,14.048337566841992,42.168378175,B722,_,00220,141
B722__00210.141,14.034517179865642,42.17356388,B722,_,00210,141
B722__00200.141,14.02685108337564,42.166554045,B722,_,00200,141
B722__00190.141,13.994677995845095,42.167623934999995,B722,_,00190,141
B722__00180.141,14.017223546273918,42.177195065,B722,_,00180,141
B722__00160.141,14.007933688450754,42.170009195,B722,_,00160,141
B722__00150.141,13.993217893796377,42.174058130000006,B722,_,00150,141
B722__00140.141,13.98507632216015,42.171186945,B722,_,00140,141
B722__00130.141,13.97925406709307,42.171457375,B722,_,00130,141
B722__00120.141,14.011804573566014,42.18427819,B722,_,00120,141
B722__00110.141,14.000532939665867,42.18381747,B722,_,00110,141
B722__00100.141,13.977852041675135,42.182690395,B722,_,00100,141
B722__0009.141,13.967338467387178,42.186596609999995,B722,_,0009,141
B722__00080.141,13.958408305786435,42.187387085,B722,_,00080,141
B722__00070.141,14.001978648763245,42.195823430000004,B722,_,00070,141
B722__00060.141,13.990164199605045,42.198837565000005,B722,_,00060,141
B722__00050.141,13.96997256867137,42.194130605,B722,_,00050,141
B722__00040.141,13.970580104475077,42.19819541,B722,_,00040,141
B722__00030.141,13.96192702565906,42.196592015,B722,_,00030,141
B722__00020.141,13.985700769654752,42.2051017,B722,_,00020,141
B722__00290.1410,14.011610921232698,42.159988995,B722,_,00290,1410
B722__0051.1410,14.003384717332384,42.142114055,B722,_,0051,1410
B722__00090.1411,13.977124065340547,42.18280136,B722,_,00090,1411
B722__0051.1411,14.003626809706343,42.142334245,B722,_,0051,1411
B722__00060.1412,13.987757034566213,42.199804875,B722,_,00060,1412
B722__0051.1412,14.003611147672489,42.142231285,B722,_,0051,1412
B722__00290.1412,14.003950447394564,42.16015204,B722,_,00290,1412
B722__0009.1412,13.970819566878681,42.187611145000005,B722,_,0009,1412
B722__0009.1413,13.970368364514073,42.186088885000004,B722,_,0009,1413
B722__0051.1413,14.003621428873078,42.14201259,B722,_,0051,1413
B722__00290.1413,14.003456187861548,42.159658820000004,B722,_,00290,1413
B722__00060.1414,13.987981978933608,42.1996092,B722,_,00060,1414
B722__0051.1414,14.003410455711307,42.14204521,B722,_,0051,1414
B722__00420.1414,14.007786871987573,42.144498235,B722,_,00420,1414
B722__00290.1414,14.003375208835797,42.159657929999995,B722,_,00290,1414
B722__0009.1414,13.970288593621211,42.186149709999995,B722,_,0009,1414
B722__00060.1415,13.988551260630029,42.199962299999996,B722,_,00060,1415
B722__0051.1415,14.003391956345046,42.14202458,B722,_,0051,1415
B722__00420.1415,14.007532601468686,42.144588895,B722,_,00420,1415
B722__0009.1415,13.969687904976483,42.18584645999999,B722,_,0009,1415
B722__00060.1416,13.988231832585031,42.199954535,B722,_,00060,1416
B722__0051.1416,14.003359440350762,42.142058324999994,B722,_,0051,1416
B722__00420.1416,14.010968830514939,42.147397979999994,B722,_,00420,1416
B722__0009.1416,13.971639820196,42.18763447,B722,_,0009,1416
B722__0009.1417,13.97180243092242,42.186876729999994,B722,_,0009,1417
B722__0051.1417,14.003349239199663,42.142038845,B722,_,0051,1417
B722__00420.1417,14.008582899055838,42.14538401,B722,_,00420,1417
B722__00290.1417,14.00369132799813,42.159920935,B722,_,00290,1417
B722__0009.1418,13.968521085406755,42.187136034999995,B722,_,0009,1418
B722__0051.1418,14.00349546813981,42.14223228,B722,_,0051,1418
B722__00060.1419,13.98642585466665,42.19206138,B722,_,00060,1419
B722__0051.1419,14.003428952167816,42.142264265,B722,_,0051,1419
B722__00420.1419,14.008664839562176,42.14533629,B722,_,00420,1419
B722__00010.142,13.970892818016544,42.207801135,B722,_,00010,142
B722__00610.142,14.002937004220161,42.118822445,B722,_,00610,142
B722__00600.142,14.003253506476579,42.12094538,B722,_,00600,142
B722__00590.142,13.998566275118545,42.123426265,B722,_,00590,142
B722__00540.142,14.045355849231141,42.141471845,B722,_,00540,142
B722__00530.142,14.028723745000509,42.143623175,B722,_,00530,142
B722__00520.142,14.007385510514073,42.141181515,B722,_,00520,142
B722__0051.142,14.004690896035978,42.141057475,B722,_,0051,142
B722__00500.142,13.995526796952728,42.130757825,B722,_,00500,142
B722__00490.142,13.986443177899613,42.12740401,B722,_,00490,142
B722__00480.142,13.97778321089368,42.1351953,B722,_,00480,142
B722__00440.142,14.044452624644837,42.153270605,B722,_,00440,142
B722__00430.142,14.021905342536312,42.155954825,B722,_,00430,142
B722__00420.142,14.00907354965827,42.14885921,B722,_,00420,142
B722__00410.142,14.006620247632855,42.15617588,B722,_,00410,142
B722__00400.142,14.003837027459134,42.150553314999996,B722,_,00400,142
B722__00380.142,13.999295051126655,42.140414039999996,B722,_,00380,142
B722__00370.142,13.996635825712819,42.142861249999996,B722,_,00370,142
B722__00360.142,13.993276070918908,42.15048366,B722,_,00360,142
B722__00350.142,13.986049982795386,42.14704787,B722,_,00350,142
B722__00340.142,13.97416977256485,42.14917493,B722,_,00340,142
B722__00330.142,13.982267508592457,42.151334745,B722,_,00330,142
B722__00290.142,14.012765143918791,42.161678355,B722,_,00290,142
B722__0028.142,13.998060117700199,42.158566345,B722,_,0028,142
B722__00270.142,13.994356083716236,42.1574106,B722,_,00270,142
B722__00260.142,13.990148719882537,42.162231995,B722,_,00260,142
B722__00250.142,13.980648296411594,42.163706825000006,B722,_,00250,142
B722__00230.142,14.06697774169258,42.163997595,B722,_,00230,142
B722__00220.142,14.049057265816822,42.168264955,B722,_,00220,142
B722__00210.142,14.031620515212508,42.168743805000005,B722,_,00210,142
B722__00200.142,14.027101012000465,42.166686979999994,B722,_,00200,142
B722__00190.142,13.99487541230938,42.167645805,B722,_,00190,142
B722__00180.142,14.017232421762646,42.177038089999996,B722,_,00180,142
B722__00160.142,14.008266045318486,42.17061962,B722,_,00160,142
B722__00150.142,13.993728876550833,42.17476759,B722,_,00150,142
B722__00140.142,13.985558629075111,42.17157995,B722,_,00140,142
B722__00130.142,13.978542214080552,42.171651,B722,_,00130,142
B722__00120.142,14.003808101328683,42.187536295,B722,_,00120,142
B722__00110.142,14.001813704705512,42.1835961,B722,_,00110,142
B722__0009.142,13.967681362121443,42.186572885000004,B722,_,0009,142
B722__00080.142,13.95827979429027,42.18800516,B722,_,00080,142
B722__00070.142,14.002381739777489,42.195926075,B722,_,00070,142
B722__00050.142,13.981885647413522,42.19411939,B722,_,00050,142
B722__00040.142,13.97094490427923,42.19802677,B722,_,00040,142
B722__00030.142,13.962479686141457,42.196594735000005,B722,_,00030,142
B722__00020.142,13.985342616189111,42.204583615000004,B722,_,00020,142
B722__00290.1420,14.010871071888419,42.158478939999995,B722,_,00290,1420
B722__0051.1420,14.00373610852747,42.141762565,B722,_,0051,1420
B722__00090.1421,13.9773161496545,42.179852585000006,B722,_,00090,1421
B722__0051.1421,14.003660112050557,42.141894730000004,B722,_,0051,1421
B722__00290.1421,14.003363184716502,42.15973572,B722,_,00290,1421
B722__00060.1422,13.988748644517964,42.19719383499999,B722,_,00060,1422
B722__0051.1422,14.00347934468466,42.141910085,B722,_,0051,1422
B722__00420.1422,14.008708903181343,42.14524137,B722,_,00420,1422
B722__00290.1422,14.003467462779753,42.159732085,B722,_,00290,1422
B722__00090.1422,13.977512971439914,42.180112865,B722,_,00090,1422
B722__00060.1423,13.98885952108246,42.197044075,B722,_,00060,1423
B722__0051.1423,14.003597418268061,42.141806675,B722,_,0051,1423
B722__00060.1424,13.98854661106158,42.196936455,B722,_,00060,1424
B722__0051.1424,14.003468130436474,42.14183692,B722,_,0051,1424
B722__00420.1424,14.008795483791435,42.145190465,B722,_,00420,1424
B722__00060.1425,13.988392036647424,42.19680484,B722,_,00060,1425
B722__0051.1425,14.003544565298865,42.141782955,B722,_,0051,1425
B722__00420.1425,14.00828451372204,42.14511255,B722,_,00420,1425
B722__0009.1425,13.968485193788506,42.187221405,B722,_,0009,1425
B722__0009.1426,13.97022975944015,42.186969645,B722,_,0009,1426
B722__00420.1426,14.008221494428224,42.14523666,B722,_,00420,1426
B722__00290.1426,14.007260854148932,42.160570109999995,B722,_,00290,1426
B722__00060.1427,13.987464520592116,42.197025365,B722,_,00060,1427
B722__00420.1427,14.01651733475344,42.149932275,B722,_,00420,1427
B722__00290.1427,13.998963548076809,42.15920481,B722,_,00290,1427
B722__00090.1427,13.975011201059363,42.18013492,B722,_,00090,1427
B722__00060.1428,13.987454333437572,42.196970965000006,B722,_,00060,1428
B722__00060.1429,13.987816116914654,42.19692278,B722,_,00060,1429
B722__00420.1429,14.01639515294814,42.150522415,B722,_,00420,1429
B722__0009.1429,13.970253223038302,42.18691344,B722,_,0009,1429
B722__00010.143,13.971169838839042,42.207619165,B722,_,00010,143
B722__00610.143,14.002744487435386,42.120236715,B722,_,00610,143
B722__00600.143,14.003923222003783,42.12012807,B722,_,00600,143
B722__00590.143,13.999224011117827,42.12419717,B722,_,00590,143
B722__00540.143,14.045824989969084,42.141423884999995,B722,_,00540,143
B722__00530.143,14.028824254199758,42.14382888,B722,_,00530,143
B722__00520.143,14.007519620364487,42.14137368,B722,_,00520,143
B722__0051.143,14.00353324481118,42.14048696,B722,_,0051,143
B722__00500.143,13.995881322666484,42.130826920000004,B722,_,00500,143
B722__00490.143,13.986195966156329,42.127069835,B722,_,00490,143
B722__00480.143,13.978833591496706,42.135271685,B722,_,00480,143
B722__00440.143,14.038114429088399,42.153549525,B722,_,00440,143
B722__00430.143,14.02213381808239,42.15589775,B722,_,00430,143
B722__00420.143,14.009287113629448,42.148853055000004,B722,_,00420,143
B722__00400.143,14.003897646090843,42.15076458,B722,_,00400,143
B722__00360.143,13.992637188161208,42.15040195,B722,_,00360,143
B722__00350.143,13.986004253725556,42.146949975,B722,_,00350,143
B722__00340.143,13.974330648219329,42.149057355,B722,_,00340,143
B722__00330.143,13.982455323874149,42.151576575,B722,_,00330,143
B722__00290.143,14.012694892372897,42.161439785,B722,_,00290,143
B722__0028.143,13.998147720625395,42.158598545000004,B722,_,0028,143
B722__00270.143,13.994836639557313,42.157778289999996,B722,_,00270,143
B722__00260.143,13.990307607286269,42.162212105,B722,_,00260,143
B722__00250.143,13.980659682670135,42.163808055,B722,_,00250,143
B722__00230.143,14.067774874110906,42.164262005,B722,_,00230,143
B722__00220.143,14.049742240198414,42.16763971,B722,_,00220,143
B722__00210.143,14.032282319204866,42.168929145,B722,_,00210,143
B722__00190.143,13.994653911631886,42.16771161,B722,_,00190,143
B722__00180.143,14.016938827106358,42.176845355,B722,_,00180,143
B722__00160.143,14.008614907449555,42.170782935000005,B722,_,00160,143
B722__00150.143,13.99385119354794,42.174977354999996,B722,_,00150,143
B722__00140.143,13.987429574988926,42.171168980000004,B722,_,00140,143
B722__00120.143,14.003950400771917,42.185730275,B722,_,00120,143
B722__00110.143,14.003269772568089,42.184391520000005,B722,_,00110,143
B722__00100.143,13.985098794634478,42.186027714999994,B722,_,00100,143
B722__0009.143,13.96756883845872,42.186434195000004,B722,_,0009,143
B722__00080.143,13.958253233416139,42.18796688,B722,_,00080,143
B722__00060.143,13.990454763523232,42.198645055,B722,_,00060,143
B722__00050.143,13.96922053140031,42.193615425000004,B722,_,00050,143
B722__00040.143,13.971796632789506,42.197896475,B722,_,00040,143
B722__00030.143,13.962545623581331,42.196480595,B722,_,00030,143
B722__00020.143,13.985464448400194,42.20452703,B722,_,00020,143
B722__00060.1430,13.987832104876283,42.196849955000005,B722,_,00060,1430
B722__00290.1430,14.009432094021811,42.16092279,B722,_,00290,1430
B722__00290.1431,14.010934736263753,42.1604579,B722,_,00290,1431
B722__00060.1432,13.985447532828843,42.193225095,B722,_,00060,1432
B722__0009.1432,13.972689964388607,42.18749835,B722,_,0009,1432
B722__00060.1433,13.985135380346131,42.19330027,B722,_,00060,1433
B722__0051.1433,14.003418184125305,42.139237275,B722,_,0051,1433
B722__00290.1433,14.01219298436678,42.159046405,B722,_,00290,1433
B722__0009.1433,13.972180308113618,42.187711625,B722,_,0009,1433
B722__00090.1434,13.978110986324072,42.185399515,B722,_,00090,1434
B722__00290.1434,14.010687899336379,42.159032214999996,B722,_,00290,1434
B722__00060.1435,13.98526978957469,42.193295125000006,B722,_,00060,1435
B722__0051.1435,14.003394675556848,42.138995525,B722,_,0051,1435
B722__0009.1435,13.969966658204346,42.18640886,B722,_,0009,1435
B722__00090.1436,13.977989506690246,42.185363825,B722,_,00090,1436
B722__00420.1436,14.012798367717448,42.146421724999996,B722,_,00420,1436
B722__00290.1436,14.0100435245403,42.159587845000004,B722,_,00290,1436
B722__00290.1437,14.010706217085165,42.15881357,B722,_,00290,1437
B722__00420.1437,14.01287973424224,42.146379315000004,B722,_,00420,1437
B722__00420.1438,14.012983279375202,42.146320345,B722,_,00420,1438
B722__00290.1439,14.011825821515846,42.158827869999996,B722,_,00290,1439
B722__00420.1439,14.01164838435544,42.14557503499999,B722,_,00420,1439
B722__00010.144,13.970952295410978,42.207835615,B722,_,00010,144
B722__00610.144,14.003173718648018,42.120446060000006,B722,_,00610,144
B722__00600.144,14.003845002712426,42.120906070000004,B722,_,00600,144
B722__00590.144,13.999609886520068,42.12400945,B722,_,00590,144
B722__00540.144,14.046403588693295,42.141540335,B722,_,00540,144
B722__00530.144,14.02928903299028,42.144028745,B722,_,00530,144
B722__00520.144,14.007669483618624,42.141306924999995,B722,_,00520,144
B722__0051.144,14.003580897432705,42.140501835,B722,_,0051,144
B722__00500.144,13.996374602005137,42.13056358,B722,_,00500,144
B722__00490.144,13.986700642137599,42.12712646,B722,_,00490,144
B722__00480.144,13.978005831989108,42.13466947,B722,_,00480,144
B722__00440.144,14.042155233448643,42.152006075,B722,_,00440,144
B722__00430.144,14.02272694762157,42.15587925,B722,_,00430,144
B722__00420.144,14.009901069177289,42.14893789,B722,_,00420,144
B722__00400.144,14.003983176442166,42.15076105,B722,_,00400,144
B722__00370.144,13.996523461599464,42.14230085,B722,_,00370,144
B722__00360.144,13.993776384126317,42.15051753,B722,_,00360,144
B722__00350.144,13.986131151826376,42.1469563,B722,_,00350,144
B722__00340.144,13.974623503385182,42.149415175,B722,_,00340,144
B722__00290.144,14.012761630858733,42.161570945,B722,_,00290,144
B722__00270.144,13.986939323713358,42.154790465,B722,_,00270,144
B722__00260.144,13.990059464816792,42.161870065,B722,_,00260,144
B722__00250.144,13.98072728661279,42.163802340000004,B722,_,00250,144
B722__00230.144,14.067640431285426,42.163897395,B722,_,00230,144
B722__00220.144,14.049385527048052,42.16787626,B722,_,00220,144
B722__00210.144,14.032816697943215,42.16952826,B722,_,00210,144
B722__00190.144,13.994891440010178,42.16776346,B722,_,00190,144
B722__00180.144,14.016850736031738,42.176488434999996,B722,_,00180,144
B722__00160.144,14.009156674417468,42.170567925,B722,_,00160,144
B722__00150.144,13.993950665017053,42.174990359999995,B722,_,00150,144
B722__00140.144,13.987817520200725,42.171091759999996,B722,_,00140,144
B722__00130.144,13.977478185745927,42.170634545,B722,_,00130,144
B722__00120.144,14.004879213925088,42.18632471,B722,_,00120,144
B722__00110.144,14.003426067103236,42.18262909,B722,_,00110,144
B722__00100.144,13.98684236390129,42.18632205,B722,_,00100,144
B722__0009.144,13.968304090347328,42.186485465000004,B722,_,0009,144
B722__00080.144,13.958403365790868,42.18797009,B722,_,00080,144
B722__00070.144,14.003252561967086,42.19622064,B722,_,00070,144
B722__00060.144,13.991472591770822,42.199065245,B722,_,00060,144
B722__00050.144,13.969047371628818,42.1935649,B722,_,00050,144
B722__00040.144,13.970969778584454,42.198508265,B722,_,00040,144
B722__00030.144,13.962836195941353,42.196430805,B722,_,00030,144
B722__00020.144,13.985886176687883,42.205026895,B722,_,00020,144
B722__00060.1440,13.994060990609299,42.197011675,B722,_,00060,1440
B722__00420.1440,14.011727452334704,42.145532665000005,B722,_,00420,1440
B722__00290.1440,14.011940593693566,42.158737125,B722,_,00290,1440
B722__00060.1441,13.990941642401577,42.196144465,B722,_,00060,1441
B722__00420.1441,14.011640734321222,42.145428595,B722,_,00420,1441
B722__00060.1442,13.987799301730568,42.197535439999996,B722,_,00060,1442
B722__00420.1442,14.01237962783624,42.146011635,B722,_,00420,1442
B722__00290.1442,14.011699786765252,42.158862315,B722,_,00290,1442
B722__00060.1443,13.987925888586751,42.1975489,B722,_,00060,1443
B722__00420.1443,14.012909283848835,42.146024800000006,B722,_,00420,1443
B722__00060.1444,13.987586507765812,42.197362014999996,B722,_,00060,1444
B722__00420.1444,14.012369956603926,42.145804420000005,B722,_,00420,1444
B722__0009.1444,13.972151947953574,42.18756159,B722,_,0009,1444
B722__00290.1445,14.00228682857714,42.158806455000004,B722,_,00290,1445
B722__00420.1445,14.009929689510814,42.145708355,B722,_,00420,1445
B722__00060.1446,13.987563234087162,42.197344224999995,B722,_,00060,1446
B722__0051.1446,14.00421512102931,42.141178645,B722,_,0051,1446
B722__00420.1446,14.01036965719593,42.146088075,B722,_,00420,1446
B722__0009.1446,13.969128550044356,42.185886260000004,B722,_,0009,1446
B722__0009.1447,13.969510363420707,42.185849415,B722,_,0009,1447
B722__0051.1447,14.004228070048578,42.141088535,B722,_,0051,1447
B722__00420.1447,14.017548544916814,42.15097676,B722,_,00420,1447
B722__00060.1448,13.987613577053917,42.19730465,B722,_,00060,1448
B722__0051.1448,14.004457844974944,42.141382645,B722,_,0051,1448
B722__00420.1448,14.017250033268537,42.15077642,B722,_,00420,1448
B722__0009.1448,13.96921205505134,42.18579713,B722,_,0009,1448
B722__0009.1449,13.969617809776667,42.185773795,B722,_,0009,1449
B722__0051.1449,14.004521047738017,42.141300725,B722,_,0051,1449
B722__00420.1449,14.017304054484402,42.150831955,B722,_,00420,1449
B722__00290.1449,14.009587529461161,42.160077435000005,B722,_,00290,1449
B722__00010.145,13.971877383825355,42.207585655,B722,_,00010,145
B722__00610.145,13.999489886818486,42.11654935,B722,_,00610,145
B722__00600.145,14.003735255555206,42.12153366,B722,_,00600,145
B722__00590.145,14.000360648734581,42.12471642,B722,_,00590,145
B722__00540.145,14.040186764041684,42.141085785,B722,_,00540,145
B722__00530.145,14.029294752073195,42.144484515,B722,_,00530,145
B722__00520.145,14.008194414411092,42.14123786,B722,_,00520,145
B722__0051.145,14.003442687559417,42.140605485,B722,_,0051,145
B722__00500.145,13.996228465111944,42.131597905,B722,_,00500,145
B722__00490.145,13.987003238311818,42.126466465,B722,_,00490,145
B722__00480.145,13.978981495086309,42.134580424999996,B722,_,00480,145
B722__00440.145,14.041077171532777,42.151285855,B722,_,00440,145
B722__00430.145,14.023262505544759,42.156184795,B722,_,00430,145
B722__00420.145,14.010458060787652,42.149286180000004,B722,_,00420,145
B722__00410.145,14.007777887879369,42.156058475,B722,_,00410,145
B722__00370.145,13.996938988483276,42.142346520000004,B722,_,00370,145
B722__00360.145,13.99351154669979,42.150270719999995,B722,_,00360,145
B722__00350.145,13.98603307755064,42.146883079999995,B722,_,00350,145
B722__00340.145,13.974688007504614,42.14932369,B722,_,00340,145
B722__00290.145,14.0130750610549,42.161456055,B722,_,00290,145
B722__00270.145,13.98783611625105,42.154954945,B722,_,00270,145
B722__00260.145,13.990235032503639,42.16177019,B722,_,00260,145
B722__00250.145,13.980720679023758,42.163694065,B722,_,00250,145
B722__00230.145,14.06954838318774,42.16396788,B722,_,00230,145
B722__00220.145,14.050352230597408,42.168554735,B722,_,00220,145
B722__00210.145,14.03458445418218,42.169745875000004,B722,_,00210,145
B722__00190.145,13.9946309877989,42.16782589,B722,_,00190,145
B722__00180.145,14.016802588805875,42.176405515,B722,_,00180,145
B722__00170.145,14.012277947726513,42.175490069999995,B722,_,00170,145
B722__00160.145,14.009529809559659,42.170791545,B722,_,00160,145
B722__00150.145,13.993999222444032,42.1750976,B722,_,00150,145
B722__00140.145,13.987861337970905,42.173954945000006,B722,_,00140,145
B722__00130.145,13.979125559855753,42.171101555,B722,_,00130,145
B722__00120.145,14.005254884931016,42.185409265000004,B722,_,00120,145
B722__00110.145,14.004313808711906,42.18290719,B722,_,00110,145
B722__0009.145,13.968637456462853,42.18642734,B722,_,0009,145
B722__00080.145,13.95850201549203,42.187935624999994,B722,_,00080,145
B722__00070.145,14.004387596961667,42.196412980000005,B722,_,00070,145
B722__00060.145,13.991976410009359,42.198976185,B722,_,00060,145
B722__00050.145,13.968983696197126,42.193429415,B722,_,00050,145
B722__00040.145,13.97131854887608,42.198464825,B722,_,00040,145
B722__00030.145,13.962867868449486,42.196263055,B722,_,00030,145
B722__00020.145,13.985528512603985,42.204457715,B722,_,00020,145
B722__00060.1450,13.990055314670883,42.19629437,B722,_,00060,1450
B722__0051.1450,14.00406226323826,42.141092555,B722,_,0051,1450
B722__00420.1450,14.009674885539535,42.145261045,B722,_,00420,1450
B722__00060.1451,13.99028979349695,42.196344175,B722,_,00060,1451
B722__00420.1451,14.010027819877976,42.14537158,B722,_,00420,1451
B722__0009.1452,13.970806262217682,42.187264514999995,B722,_,0009,1452
B722__00420.1452,14.013055030533211,42.146467245,B722,_,00420,1452
B722__00060.1453,13.990327267658689,42.19637774500001,B722,_,00060,1453
B722__00510.1453,14.0025237029759,42.132718695,B722,_,00510,1453
B722__0009.1453,13.970851060228537,42.187308720000004,B722,_,0009,1453
B722__00090.1454,13.975017584659774,42.182453190000004,B722,_,00090,1454
B722__0051.1454,14.004066240361611,42.139092355,B722,_,0051,1454
B722__00090.1455,13.977350522837629,42.18271001,B722,_,00090,1455
B722__0051.1455,14.00404115623219,42.13908904,B722,_,0051,1455
B722__00420.1455,14.01324456459054,42.146573204999996,B722,_,00420,1455
B722__00090.1456,13.977277011142093,42.182714755,B722,_,00090,1456
B722__0051.1456,14.003113858489037,42.141513079999996,B722,_,0051,1456
B722__00420.1456,14.016924241748606,42.150547599999996,B722,_,00420,1456
B722__00060.1457,13.99052787618922,42.195585185,B722,_,00060,1457
B722__0051.1457,14.004508959777041,42.13896578,B722,_,0051,1457
B722__00290.1457,14.009922337278947,42.16004091,B722,_,00290,1457
B722__00090.1457,13.977232009714887,42.18270949,B722,_,00090,1457
B722__0009.1458,13.972055662945934,42.187644785,B722,_,0009,1458
B722__00510.1458,14.005979407552825,42.138734335,B722,_,00510,1458
B722__00420.1458,14.016799707581303,42.15046411,B722,_,00420,1458
B722__00060.1459,13.99054301280329,42.19561537,B722,_,00060,1459
B722__00420.1459,14.01682953591483,42.15046124,B722,_,00420,1459
B722__00290.1459,14.005431667352942,42.160579895,B722,_,00290,1459
B722__00090.1459,13.976872434691643,42.18177722,B722,_,00090,1459
B722__00010.146,13.972072598538618,42.207427499999994,B722,_,00010,146
B722__00610.146,14.000072088853582,42.116663630000005,B722,_,00610,146
B722__00600.146,14.004437956032199,42.12157331,B722,_,00600,146
B722__00590.146,13.999151518324112,42.125103265,B722,_,00590,146
B722__00540.146,14.040712535004118,42.14102545,B722,_,00540,146
B722__00530.146,14.029763233974663,42.144270809999995,B722,_,00530,146
B722__00520.146,14.00872594629497,42.14116394,B722,_,00520,146
B722__0051.146,14.003599540158422,42.140597035,B722,_,0051,146
B722__00500.146,13.996770835334654,42.1309103,B722,_,00500,146
B722__00490.146,13.987763965186614,42.12664317,B722,_,00490,146
B722__00480.146,13.979925220736522,42.134986260000005,B722,_,00480,146
B722__00440.146,14.04104034570543,42.150966929999996,B722,_,00440,146
B722__00430.146,14.023262084899844,42.156350985,B722,_,00430,146
B722__00420.146,14.011105221952889,42.149107029999996,B722,_,00420,146
B722__00410.146,14.008284727258625,42.156317779999995,B722,_,00410,146
B722__00400.146,14.004121317652393,42.150744474999996,B722,_,00400,146
B722__00380.146,13.999818636204392,42.14005899,B722,_,00380,146
B722__00370.146,13.99705240942394,42.142235035,B722,_,00370,146
B722__00360.146,13.993829380055232,42.150879315,B722,_,00360,146
B722__00350.146,13.986099936096638,42.146838425,B722,_,00350,146
B722__00340.146,13.975623024575754,42.149322549999994,B722,_,00340,146
B722__00330.146,13.981037077300877,42.15203748,B722,_,00330,146
B722__00290.146,14.013223044523148,42.161869530000004,B722,_,00290,146
B722__0028.146,13.998103597898254,42.15850991,B722,_,0028,146
B722__00270.146,13.989212919377627,42.154879455,B722,_,00270,146
B722__00260.146,13.990441936493236,42.162113385,B722,_,00260,146
B722__00250.146,13.980720374624635,42.16363808,B722,_,00250,146
B722__00230.146,14.069593190841942,42.164303125,B722,_,00230,146
B722__00220.146,14.050691005501575,42.16838407,B722,_,00220,146
B722__00210.146,14.03030211640324,42.16831448,B722,_,00210,146
B722__00190.146,13.994783383577701,42.1679936,B722,_,00190,146
B722__00180.146,14.016728181281152,42.176312010000004,B722,_,00180,146
B722__00170.146,14.012365329416753,42.17548653,B722,_,00170,146
B722__00160.146,14.009621870634975,42.17101205,B722,_,00160,146
B722__00150.146,13.994166706365164,42.175310995000004,B722,_,00150,146
B722__00140.146,13.988564668185749,42.170160429999996,B722,_,00140,146
B722__00130.146,13.983308924438035,42.17373413,B722,_,00130,146
B722__00120.146,14.005609993468092,42.186220905,B722,_,00120,146
B722__00110.146,13.988244226365982,42.181945975000005,B722,_,00110,146
B722__00100.146,13.98829658827967,42.18527172,B722,_,00100,146
B722__0009.146,13.968838498727475,42.18641061,B722,_,0009,146
B722__00080.146,13.958497835666526,42.187822325,B722,_,00080,146
B722__00070.146,14.00358148938415,42.19615417,B722,_,00070,146
B722__00060.146,13.99218569226582,42.19931565,B722,_,00060,146
B722__00050.146,13.969268475258819,42.193448305000004,B722,_,00050,146
B722__00040.146,13.97168087709468,42.198472525,B722,_,00040,146
B722__00030.146,13.963290393802868,42.19656914,B722,_,00030,146
B722__00020.146,13.986069500126947,42.204740955000005,B722,_,00020,146
B722__00060.1460,13.990582037409792,42.19557915,B722,_,00060,1460
B722__00290.1460,14.005561341482004,42.160269215,B722,_,00290,1460
B722__00090.1460,13.976866762723805,42.181989375,B722,_,00090,1460
B722__00060.1461,13.990616660514817,42.195559835,B722,_,00060,1461
B722__0051.1461,14.004301128866206,42.139210325,B722,_,0051,1461
B722__00290.1461,14.004762231602886,42.16017214,B722,_,00290,1461
B722__00090.1461,13.97472442609335,42.177304050000004,B722,_,00090,1461
B722__00090.1462,13.974740605141871,42.177111245000006,B722,_,00090,1462
B722__0051.1462,14.004464086901134,42.13926061,B722,_,0051,1462
B722__00420.1462,14.016776608313227,42.15044268,B722,_,00420,1462
B722__00290.1462,14.00507090776726,42.159852439999995,B722,_,00290,1462
B722__00060.1463,13.990548518200828,42.195557775,B722,_,00060,1463
B722__0051.1463,14.004291590997248,42.141772785,B722,_,0051,1463
B722__00290.1463,14.00364091180121,42.161375435,B722,_,00290,1463
B722__00090.1463,13.975186045509197,42.177536395000004,B722,_,00090,1463
B722__00060.1464,13.990601436518416,42.195545605,B722,_,00060,1464
B722__0051.1464,14.004657591798273,42.141639525,B722,_,0051,1464
B722__00420.1464,14.016802358265423,42.150426625,B722,_,00420,1464
B722__00290.1464,14.003473498368706,42.161161155,B722,_,00290,1464
B722__00090.1464,13.975099044898155,42.17662008,B722,_,00090,1464
B722__00090.1465,13.97486644726845,42.182409570000004,B722,_,00090,1465
B722__00290.1465,14.003168535745177,42.160864035,B722,_,00290,1465
B722__00290.1466,14.003218743625833,42.1608503,B722,_,00290,1466
B722__0051.1466,14.004664860038648,42.13911952,B722,_,0051,1466
B722__00420.1466,14.018837876562706,42.145987059999996,B722,_,00420,1466
B722__00060.1467,13.990682371425915,42.195527555,B722,_,00060,1467
B722__00510.1467,14.001489482140963,42.138943675,B722,_,00510,1467
B722__00420.1467,14.019197528458449,42.145537535,B722,_,00420,1467
B722__00290.1467,14.00286394423409,42.160978015,B722,_,00290,1467
B722__00060.1468,13.990545498695203,42.195585185,B722,_,00060,1468
B722__00510.1468,14.001726641536033,42.13894567,B722,_,00510,1468
B722__00420.1468,14.020163981663288,42.145833089999996,B722,_,00420,1468
B722__00290.1468,14.00312899312624,42.1607109,B722,_,00290,1468
B722__0009.1468,13.971284377748013,42.188119670000006,B722,_,0009,1468
B722__00060.1469,13.99059679120366,42.195539475000004,B722,_,00060,1469
B722__00510.1469,14.001912457198731,42.138938855,B722,_,00510,1469
B722__00420.1469,14.019185719185874,42.14544711,B722,_,00420,1469
B722__00290.1469,14.002813153892216,42.1606393,B722,_,00290,1469
B722__00010.147,13.97203271423281,42.20723277,B722,_,00010,147
B722__00610.147,13.999627324321837,42.11634359,B722,_,00610,147
B722__00600.147,14.00479134506716,42.121922850000004,B722,_,00600,147
B722__00590.147,13.99970705883809,42.125093315,B722,_,00590,147
B722__00540.147,14.041007142055921,42.141316180000004,B722,_,00540,147
B722__00530.147,14.030610615282853,42.144010655,B722,_,00530,147
B722__00520.147,14.009459756447644,42.14145543,B722,_,00520,147
B722__0051.147,14.003646893874793,42.140807115,B722,_,0051,147
B722__00500.147,13.996962721953293,42.13143807,B722,_,00500,147
B722__00490.147,13.988931714493049,42.126783985,B722,_,00490,147
B722__00480.147,13.98084924874519,42.135016660000005,B722,_,00480,147
B722__00440.147,14.049323509913854,42.148148,B722,_,00440,147
B722__00430.147,14.018254012763048,42.15401834,B722,_,00430,147
B722__00420.147,14.012090439201586,42.14858837,B722,_,00420,147
B722__00400.147,14.00406014347597,42.15077677,B722,_,00400,147
B722__00390.147,14.002615621372101,42.142920939999996,B722,_,00390,147
B722__00380.147,14.000171157316348,42.14018572,B722,_,00380,147
B722__00370.147,13.996568207552933,42.14187258,B722,_,00370,147
B722__00360.147,13.993802122865215,42.15116198,B722,_,00360,147
B722__00350.147,13.985995711220472,42.146781815,B722,_,00350,147
B722__00340.147,13.975741984436889,42.149297465000004,B722,_,00340,147
B722__00330.147,13.98128356383694,42.15224046,B722,_,00330,147
B722__00290.147,14.01332577433816,42.16176765,B722,_,00290,147
B722__0028.147,13.998144820960462,42.158527809999995,B722,_,0028,147
B722__00270.147,13.990588053968157,42.154698499999995,B722,_,00270,147
B722__00260.147,13.990582433936801,42.162428829999996,B722,_,00260,147
B722__00250.147,13.980762829325641,42.16360743,B722,_,00250,147
B722__00230.147,14.070235906288097,42.164191974999994,B722,_,00230,147
B722__00220.147,14.051338027692923,42.168736095,B722,_,00220,147
B722__00190.147,13.991351219814824,42.16673768,B722,_,00190,147
B722__00180.147,14.017861900255017,42.17700899,B722,_,00180,147
B722__00170.147,14.01239447870228,42.175614985,B722,_,00170,147
B722__00160.147,14.00961990727673,42.17139254,B722,_,00160,147
B722__00150.147,13.994468135845448,42.175337105,B722,_,00150,147
B722__00140.147,13.988556670039479,42.171039025,B722,_,00140,147
B722__00130.147,13.979643197658795,42.174702624999995,B722,_,00130,147
B722__00120.147,14.005973603390377,42.18721886,B722,_,00120,147
B722__00110.147,13.988616509271534,42.181875935,B722,_,00110,147
B722__00100.147,13.987474738021696,42.185280815,B722,_,00100,147
B722__0009.147,13.968940880162119,42.186392575,B722,_,0009,147
B722__00080.147,13.958773243597047,42.187876855,B722,_,00080,147
B722__00070.147,13.996136704892095,42.196400295000004,B722,_,00070,147
B722__00060.147,13.992406896619208,42.1988896,B722,_,00060,147
B722__00050.147,13.969574102735066,42.19441958,B722,_,00050,147
B722__00040.147,13.972025949570476,42.198331519999996,B722,_,00040,147
B722__00030.147,13.963329143895795,42.196227965000006,B722,_,00030,147
B722__00020.147,13.974833292074933,42.20742914,B722,_,00020,147
B722__00060.1470,13.990547902704517,42.19555584,B722,_,00060,1470
B722__00420.1470,14.017608681931755,42.145099965,B722,_,00420,1470
B722__00290.1470,14.00297346523567,42.160481085,B722,_,00290,1470
B722__0009.1470,13.968958733188838,42.187184044999995,B722,_,0009,1470
B722__00060.1471,13.990750450158217,42.19561572,B722,_,00060,1471
B722__0051.1471,14.003494339172384,42.140057115,B722,_,0051,1471
B722__00420.1471,14.019087902034427,42.14548221,B722,_,00420,1471
B722__00290.1471,14.002716890929062,42.16030685,B722,_,00290,1471
B722__0009.1472,13.96905002641178,42.187184970000004,B722,_,0009,1472
B722__0051.1472,14.003630174348208,42.13854725,B722,_,0051,1472
B722__00420.1472,14.020542301094736,42.149467465,B722,_,00420,1472
B722__00290.1472,14.002774961753737,42.160222855,B722,_,00290,1472
B722__00290.1473,14.002524870147065,42.160183625,B722,_,00290,1473
B722__0051.1473,14.00356904060666,42.13856294,B722,_,0051,1473
B722__00420.1473,14.02052819888851,42.149260119999994,B722,_,00420,1473
B722__0009.1474,13.969148956683807,42.187186600000004,B722,_,0009,1474
B722__00420.1474,14.021209207922805,42.149000855,B722,_,00420,1474
B722__00290.1474,14.00261493764462,42.160060505000004,B722,_,00290,1474
B722__00090.1475,13.974528776278131,42.18045123,B722,_,00090,1475
B722__0051.1475,14.003656421523944,42.138653515,B722,_,0051,1475
B722__00420.1475,14.020632328147641,42.149183775,B722,_,00420,1475
B722__00290.1475,14.002028848814188,42.1598553,B722,_,00290,1475
B722__0009.1476,13.971625246629106,42.187892325,B722,_,0009,1476
B722__0051.1476,14.003511539085714,42.138489435,B722,_,0051,1476
B722__00290.1476,14.002185672822021,42.15979075,B722,_,00290,1476
B722__0009.1477,13.971239145843501,42.18779381,B722,_,0009,1477
B722__0051.1477,14.00399911129437,42.138507129999994,B722,_,0051,1477
B722__00420.1477,14.004859978657858,42.151124465,B722,_,00420,1477
B722__00290.1477,14.00235164643379,42.15953141,B722,_,00290,1477
B722__0009.1478,13.971849028169204,42.187587655,B722,_,0009,1478
B722__0051.1478,14.003512961582503,42.138424825,B722,_,0051,1478
B722__00290.1478,14.002304568758188,42.159698075,B722,_,00290,1478
B722__00420.1479,14.012182991859085,42.143663865,B722,_,00420,1479
B722__0051.1479,14.003606347074667,42.13841094,B722,_,0051,1479
B722__00010.148,13.972340409505406,42.207246095,B722,_,00010,148
B722__00610.148,13.99979764304197,42.116250955,B722,_,00610,148
B722__00600.148,14.00526539201354,42.122331605,B722,_,00600,148
B722__00590.148,13.999881758291783,42.12542251,B722,_,00590,148
B722__00540.148,14.041694284694781,42.14050425,B722,_,00540,148
B722__00530.148,14.031319488844844,42.143707285,B722,_,00530,148
B722__00520.148,14.009618847321377,42.141416905,B722,_,00520,148
B722__0051.148,14.003700091961996,42.14072621,B722,_,0051,148
B722__00500.148,13.997351459296102,42.13169038,B722,_,00500,148
B722__00490.148,13.989384552032098,42.12704102,B722,_,00490,148
B722__00480.148,13.981354486363365,42.13442269,B722,_,00480,148
B722__00440.148,14.04985072735942,42.148242710000005,B722,_,00440,148
B722__00430.148,14.018346218180298,42.15470092,B722,_,00430,148
B722__00420.148,14.01230503633326,42.14935059,B722,_,00420,148
B722__00400.148,14.004111381455305,42.150815415,B722,_,00400,148
B722__00370.148,13.996299457007513,42.141713265,B722,_,00370,148
B722__00360.148,13.994264150479555,42.150815075,B722,_,00360,148
B722__00350.148,13.986090978574358,42.146780230000005,B722,_,00350,148
B722__00340.148,13.975448571973423,42.14851582,B722,_,00340,148
B722__00330.148,13.979941122058644,42.152827155,B722,_,00330,148
B722__00290.148,14.013461781327468,42.161796775,B722,_,00290,148
B722__0028.148,13.99819555606341,42.158549055,B722,_,0028,148
B722__00270.148,13.991095212168654,42.15604792,B722,_,00270,148
B722__00260.148,13.990766647811974,42.1623696,B722,_,00260,148
B722__00250.148,13.9808198150071,42.16359995,B722,_,00250,148
B722__00230.148,14.070673374275245,42.164113655,B722,_,00230,148
B722__00220.148,14.050891814344158,42.168232985,B722,_,00220,148
B722__00190.148,13.996694052390295,42.167945985,B722,_,00190,148
B722__00180.148,14.017671976926469,42.176738889999996,B722,_,00180,148
B722__00170.148,14.012551384594918,42.175449475,B722,_,00170,148
B722__00160.148,14.0092803276884,42.169693304999996,B722,_,00160,148
B722__00150.148,13.994366372735357,42.175079525,B722,_,00150,148
B722__00140.148,13.98946395313194,42.171365265,B722,_,00140,148
B722__00130.148,13.982949868885033,42.173432475,B722,_,00130,148
B722__00120.148,14.00514531860044,42.187575429999995,B722,_,00120,148
B722__00110.148,13.988780384289509,42.1817559,B722,_,00110,148
B722__00100.148,13.987793409765425,42.18569059,B722,_,00100,148
B722__0009.148,13.96894631207937,42.18658003,B722,_,0009,148
B722__00080.148,13.959352628318186,42.18786691,B722,_,00080,148
B722__00070.148,14.003608196216948,42.19607345,B722,_,00070,148
B722__00060.148,13.992610910248933,42.198924825,B722,_,00060,148
B722__00050.148,13.970594203266115,42.193335355,B722,_,00050,148
B722__00040.148,13.97283251638563,42.19848927,B722,_,00040,148
B722__00030.148,13.963766098713155,42.196234669999996,B722,_,00030,148
B722__00020.148,13.975355121288711,42.207300860000004,B722,_,00020,148
B722__00060.1480,13.990670286011339,42.19566577,B722,_,00060,1480
B722__00420.1480,14.013336396563629,42.142702985,B722,_,00420,1480
B722__00290.1480,14.002496308732251,42.159815449999996,B722,_,00290,1480
B722__0009.1480,13.969293063162361,42.187093535,B722,_,0009,1480
B722__00060.1481,13.99059845477471,42.1956811,B722,_,00060,1481
B722__0051.1481,14.003678435674,42.138368675,B722,_,0051,1481
B722__00420.1481,14.014079046330803,42.144039129999996,B722,_,00420,1481
B722__00290.1481,14.00267397394884,42.159709590000006,B722,_,00290,1481
B722__0009.1481,13.97201437579292,42.1875563,B722,_,0009,1481
B722__00290.1482,14.002634549010303,42.159833455,B722,_,00290,1482
B722__0051.1482,14.003628393331326,42.138384235000004,B722,_,0051,1482
B722__00060.1483,13.990381098466422,42.195550175,B722,_,00060,1483
B722__0051.1483,14.003715230559152,42.138410070000006,B722,_,0051,1483
B722__00290.1484,14.002959903540548,42.15976442,B722,_,00290,1484
B722__0051.1484,14.003084248786378,42.14142863,B722,_,0051,1484
B722__00420.1484,14.014709966506281,42.143479375,B722,_,00420,1484
B722__00420.1485,14.013005285468932,42.14645273,B722,_,00420,1485
B722__00290.1486,14.00326702376457,42.16018982,B722,_,00290,1486
B722__0051.1487,14.00368686199853,42.142877105,B722,_,0051,1487
B722__00290.1488,14.003390595484902,42.15988401,B722,_,00290,1488
B722__0051.1488,14.003683505516547,42.142907019999996,B722,_,0051,1488
B722__00420.1488,14.016141993833436,42.149252645000004,B722,_,00420,1488
B722__00420.1489,14.007627676048632,42.144375585,B722,_,00420,1489
B722__0051.1489,14.00383047535109,42.142878075,B722,_,0051,1489
B722__00010.149,13.972403688848967,42.20703369,B722,_,00010,149
B722__00610.149,14.000256725225896,42.11625643,B722,_,00610,149
B722__00600.149,14.005750478505131,42.122755705,B722,_,00600,149
B722__00590.149,14.000278601856287,42.125612175,B722,_,00590,149
B722__00540.149,14.04235764969583,42.14102906,B722,_,00540,149
B722__00530.149,14.032369822468342,42.1433193,B722,_,00530,149
B722__00520.149,14.009731400181536,42.141448735,B722,_,00520,149
B722__00500.149,13.997638098130551,42.13104938,B722,_,00500,149
B722__00490.149,13.990037280033887,42.12690989,B722,_,00490,149
B722__00480.149,13.974825334820022,42.13437831,B722,_,00480,149
B722__00440.149,14.04995062755664,42.148012845,B722,_,00440,149
B722__00430.149,14.01876985474561,42.154144259999995,B722,_,00430,149
B722__00420.149,14.012400884769548,42.150069345000006,B722,_,00420,149
B722__00410.149,14.008404820216619,42.15694895,B722,_,00410,149
B722__00400.149,14.004209460908278,42.150820214999996,B722,_,00400,149
B722__00380.149,14.000246730514199,42.139959575,B722,_,00380,149
B722__00370.149,13.996695842037143,42.141304919999996,B722,_,00370,149
B722__00360.149,13.994513964864773,42.150870624999996,B722,_,00360,149
B722__00350.149,13.986122550959163,42.146868229999995,B722,_,00350,149
B722__00340.149,13.975023003746987,42.148641865,B722,_,00340,149
B722__00330.149,13.98098396483361,42.152608799999996,B722,_,00330,149
B722__00290.149,14.01356290481414,42.161743715,B722,_,00290,149
B722__00270.149,13.991003827672344,42.15548647,B722,_,00270,149
B722__00260.149,13.990540643562426,42.16212521,B722,_,00260,149
B722__00250.149,13.980831854183858,42.16363587,B722,_,00250,149
B722__00230.149,14.070844766833694,42.163816215,B722,_,00230,149
B722__00220.149,14.051227754913205,42.168162815,B722,_,00220,149
B722__00200.149,14.027205084637043,42.167424875,B722,_,00200,149
B722__00190.149,13.991629683218303,42.166756185,B722,_,00190,149
B722__00180.149,14.017899884674504,42.17646499,B722,_,00180,149
B722__00160.149,14.00956807859355,42.17008945,B722,_,00160,149
B722__00150.149,13.994407072182792,42.174901315,B722,_,00150,149
B722__00140.149,13.98959559869912,42.170925305,B722,_,00140,149
B722__00130.149,13.982794184649538,42.173331770000004,B722,_,00130,149
B722__00120.149,14.00466995264604,42.187735520000004,B722,_,00120,149
B722__00110.149,13.992104870686351,42.17831512,B722,_,00110,149
B722__00100.149,13.988949647419709,42.185388855,B722,_,00100,149
B722__0009.149,13.969049392654895,42.186557425000004,B722,_,0009,149
B722__00080.149,13.959435382372824,42.18793203,B722,_,00080,149
B722__00070.149,14.00280472427892,42.19578659,B722,_,00070,149
B722__00060.149,13.992841528589445,42.19917993,B722,_,00060,149
B722__00050.149,13.970402775291362,42.193102885,B722,_,00050,149
B722__00040.149,13.972962307032475,42.198661965,B722,_,00040,149
B722__00030.149,13.963819490973378,42.196938349999996,B722,_,00030,149
B722__00020.149,13.975808737831699,42.20733601,B722,_,00020,149
B722__0009.1490,13.969638763460926,42.18735754,B722,_,0009,1490
B722__0051.1490,14.003773816417018,42.14292897,B722,_,0051,1490
B722__00420.1490,14.007748001818424,42.144342585000004,B722,_,00420,1490
B722__00290.1490,14.003818747444397,42.160535835,B722,_,00290,1490
B722__00290.1491,14.01030324990042,42.15865205,B722,_,00290,1491
B722__0051.1491,14.003775281154791,42.142882825,B722,_,0051,1491
B722__00420.1491,14.007556718845613,42.144475725,B722,_,00420,1491
B722__00290.1492,14.005895492592652,42.16192422500001,B722,_,00290,1492
B722__0051.1492,14.003740649701275,42.142909065,B722,_,0051,1492
B722__00420.1492,14.016151835114247,42.142682685,B722,_,00420,1492
B722__00290.1493,14.006047754987698,42.161795315000006,B722,_,00290,1493
B722__0051.1493,14.003802743587183,42.139221795,B722,_,0051,1493
B722__00420.1493,14.016638442181106,42.15096812,B722,_,00420,1493
B722__00290.1494,14.005058096085413,42.159659175,B722,_,00290,1494
B722__0051.1494,14.00400233138765,42.139016565000006,B722,_,0051,1494
B722__00290.1495,14.002602134333227,42.161277215,B722,_,00290,1495
B722__0051.1495,14.003854619844207,42.13899929,B722,_,0051,1495
B722__00420.1495,14.01675083260235,42.15076357,B722,_,00420,1495
B722__00290.1496,14.00281984842794,42.161457775,B722,_,00290,1496
B722__0051.1496,14.003943628145617,42.13889889,B722,_,0051,1496
B722__00290.1497,14.006222786570644,42.16062727,B722,_,00290,1497
B722__0051.1497,14.004058840287442,42.13885025,B722,_,0051,1497
B722__00420.1497,14.016830682722986,42.150879405,B722,_,00420,1497
B722__00290.1498,14.006365107596938,42.16062727,B722,_,00290,1498
B722__00420.1498,14.009375147490008,42.147227865000005,B722,_,00420,1498
B722__00060.1499,13.987802256210273,42.19907859,B722,_,00060,1499
B722__0051.1499,14.004008827030301,42.138424965,B722,_,0051,1499
B722__00420.1499,14.009299107434678,42.14687783,B722,_,00420,1499
B722__00290.1499,14.006421987360191,42.16037187,B722,_,00290,1499
B722__00010.15,13.969379598513221,42.210902495,B722,_,00010,15
B722__00610.15,13.990818846792294,42.120534115,B722,_,00610,15
B722__00590.15,13.98973664778859,42.126462255,B722,_,00590,15
B722__00540.15,14.04673469997746,42.147975685,B722,_,00540,15
B722__00530.15,14.036786811430485,42.148916279999995,B722,_,00530,15
B722__0051.15,14.004576925668932,42.14283566,B722,_,0051,15
B722__00500.15,13.98711013244113,42.135324545,B722,_,00500,15
B722__00490.15,13.985022794129337,42.131219654999995,B722,_,00490,15
B722__00480.15,13.977152486342275,42.13940948,B722,_,00480,15
B722__00450.15,14.053096253910983,42.145218525000004,B722,_,00450,15
B722__00440.15,14.04452057335478,42.155831635,B722,_,00440,15
B722__00430.15,14.022332659775874,42.158209325,B722,_,00430,15
B722__00420.15,14.006250685825073,42.150019830000005,B722,_,00420,15
B722__00390.15,13.999008068706079,42.14470112,B722,_,00390,15
B722__00380.15,14.00015994665291,42.142819965,B722,_,00380,15
B722__00360.15,13.995894440311965,42.153470729999995,B722,_,00360,15
B722__00350.15,13.982071633909316,42.14872794,B722,_,00350,15
B722__00340.15,13.974549895952508,42.14954194,B722,_,00340,15
B722__00330.15,13.97346600036407,42.155325635,B722,_,00330,15
B722__00310.15,14.038863353666628,42.16149942,B722,_,00310,15
B722__00300.15,14.028476075186973,42.165784040000005,B722,_,00300,15
B722__00290.15,14.004239282943928,42.162285145,B722,_,00290,15
B722__0028.15,13.99746986464095,42.159453025000005,B722,_,0028,15
B722__00270.15,13.99087889905589,42.160477035,B722,_,00270,15
B722__00260.15,13.983104545461053,42.165902634999995,B722,_,00260,15
B722__00250.15,13.981965967983907,42.16694129,B722,_,00250,15
B722__00230.15,14.060993362410072,42.16970618,B722,_,00230,15
B722__00220.15,14.047092595889946,42.1707514,B722,_,00220,15
B722__00210.15,14.032514529448836,42.17251947,B722,_,00210,15
B722__00200.15,14.017943563766627,42.16813473,B722,_,00200,15
B722__00190.15,13.994890139377006,42.169562045,B722,_,00190,15
B722__00180.15,14.021005862428865,42.179623305,B722,_,00180,15
B722__00170.15,14.011380909732639,42.181373199999996,B722,_,00170,15
B722__00160.15,14.006018793854299,42.176044855,B722,_,00160,15
B722__00150.15,13.99674350673886,42.179092569999995,B722,_,00150,15
B722__00140.15,13.986230776963012,42.17417326,B722,_,00140,15
B722__00130.15,13.980141291853247,42.179051145,B722,_,00130,15
B722__00120.15,14.004551166343827,42.193759235,B722,_,00120,15
B722__00110.15,13.995659829727341,42.187505900000005,B722,_,00110,15
B722__00100.15,13.981661886991441,42.188042145,B722,_,00100,15
B722__0009.15,13.97188277517349,42.187649410000006,B722,_,0009,15
B722__00080.15,13.961360562966565,42.190102769999996,B722,_,00080,15
B722__00070.15,13.995161364327942,42.19670296,B722,_,00070,15
B722__00060.15,13.985720065509069,42.193882605,B722,_,00060,15
B722__00050.15,13.980980526362693,42.195429145,B722,_,00050,15
B722__00040.15,13.973029905563124,42.202709005,B722,_,00040,15
B722__00030.15,13.967420765151576,42.199286279999995,B722,_,00030,15
B722__00020.15,13.974998278992096,42.208439874999996,B722,_,00020,15
B722__00010.150,13.972500477175192,42.20675512,B722,_,00010,150
B722__00610.150,14.000728625470359,42.11703404,B722,_,00610,150
B722__00600.150,14.006235390564555,42.12249019,B722,_,00600,150
B722__00590.150,14.000628469579295,42.12498169,B722,_,00590,150
B722__00540.150,14.042820578916785,42.14060702,B722,_,00540,150
B722__00530.150,14.03357818436595,42.144532255,B722,_,00530,150
B722__00520.150,14.009703886285731,42.14136193,B722,_,00520,150
B722__00500.150,13.997853489494165,42.131159055,B722,_,00500,150
B722__00490.150,13.984227073743948,42.12646914,B722,_,00490,150
B722__00480.150,13.975131170410098,42.133883425,B722,_,00480,150
B722__00440.150,14.051567100825025,42.147516245,B722,_,00440,150
B722__00430.150,14.021847274615826,42.1551209,B722,_,00430,150
B722__00420.150,14.013181501840085,42.149669185,B722,_,00420,150
B722__00410.150,14.009136330219203,42.15690791,B722,_,00410,150
B722__00400.150,14.004633667632177,42.15087031,B722,_,00400,150
B722__00390.150,14.002756123402992,42.142842404999996,B722,_,00390,150
B722__00380.150,13.997683236823729,42.142124815,B722,_,00380,150
B722__00360.150,13.994594981037839,42.150757385000006,B722,_,00360,150
B722__00350.150,13.986288603808372,42.14703994,B722,_,00350,150
B722__00340.150,13.973550927552754,42.148022555,B722,_,00340,150
B722__00330.150,13.981536116309874,42.15244625,B722,_,00330,150
B722__00290.150,14.013718137294353,42.161793945,B722,_,00290,150
B722__00270.150,13.991282812674594,42.155686849999995,B722,_,00270,150
B722__00260.150,13.990545732681976,42.162000885,B722,_,00260,150
B722__00250.150,13.980840602709252,42.163662535,B722,_,00250,150
B722__00230.150,14.06895327685394,42.16380608,B722,_,00230,150
B722__00220.150,14.05164529618643,42.168056385,B722,_,00220,150
B722__00210.150,14.030615670465181,42.1682598,B722,_,00210,150
B722__00200.150,14.02666109487351,42.16755555,B722,_,00200,150
B722__00190.150,13.99174618898919,42.167093140000006,B722,_,00190,150
B722__00180.150,14.018523615928945,42.176742974999996,B722,_,00180,150
B722__00170.150,14.012727990504477,42.17549162,B722,_,00170,150
B722__00160.150,14.011886187027212,42.174922894999995,B722,_,00160,150
B722__00150.150,13.994294442995987,42.174662975000004,B722,_,00150,150
B722__00140.150,13.9897462032827,42.1706802,B722,_,00140,150
B722__00130.150,13.982445765345936,42.173450505,B722,_,00130,150
B722__00120.150,14.004824971522682,42.188072985000005,B722,_,00120,150
B722__00110.150,13.989752039660678,42.181465975,B722,_,00110,150
B722__00100.150,13.989274681775576,42.18514096,B722,_,00100,150
B722__0009.150,13.969207041799331,42.186610265,B722,_,0009,150
B722__00080.150,13.959547560897654,42.187787369999995,B722,_,00080,150
B722__00070.150,14.002301975167537,42.195616615,B722,_,00070,150
B722__00060.150,13.993175614730914,42.19910831999999,B722,_,00060,150
B722__00050.150,13.970486201393879,42.192988275000005,B722,_,00050,150
B722__00040.150,13.97295567095151,42.198258075,B722,_,00040,150
B722__00030.150,13.96399269463387,42.19699183,B722,_,00030,150
B722__00020.150,13.975635486528855,42.20683794,B722,_,00020,150
B722__00060.1500,13.987953424153043,42.199137660000005,B722,_,00060,1500
B722__0051.1500,14.003769047806749,42.13850483,B722,_,0051,1500
B722__00290.1500,14.011039473827125,42.157995115,B722,_,00290,1500
B722__00060.1501,13.987908372759403,42.199181925000005,B722,_,00060,1501
B722__00510.1501,14.003229192426137,42.138585575,B722,_,00510,1501
B722__00290.1501,14.01081885571573,42.15836781,B722,_,00290,1501
B722__00290.1502,14.010704090624776,42.15835139,B722,_,00290,1502
B722__0051.1502,14.003914697820818,42.1428217,B722,_,0051,1502
B722__00420.1502,14.004667955614948,42.151342875,B722,_,00420,1502
B722__00060.1503,13.987611737726263,42.19932509,B722,_,00060,1503
B722__0051.1503,14.00393951739854,42.141614245,B722,_,0051,1503
B722__00420.1503,14.004720859588826,42.151395785000005,B722,_,00420,1503
B722__00290.1503,14.010970663694518,42.158588335,B722,_,00290,1503
B722__00060.1504,13.987794565868551,42.199209225,B722,_,00060,1504
B722__0051.1504,14.00389183391911,42.14165868,B722,_,0051,1504
B722__00420.1504,14.015933975407256,42.148254105,B722,_,00420,1504
B722__00290.1504,14.010934935616316,42.15845635,B722,_,00290,1504
B722__00090.1505,13.97817135568403,42.18514686499999,B722,_,00090,1505
B722__00290.1505,14.0110448966611,42.158462045,B722,_,00290,1505
B722__00060.1506,13.987775934078968,42.1995479,B722,_,00060,1506
B722__0051.1506,14.00413257617548,42.141711695,B722,_,0051,1506
B722__0009.1506,13.969227216398416,42.187411615,B722,_,0009,1506
B722__0009.1507,13.969359416917193,42.187093965,B722,_,0009,1507
B722__0051.1507,14.003392225557267,42.13942926,B722,_,0051,1507
B722__0009.1508,13.969494791053384,42.187348935,B722,_,0009,1508
B722__00420.1508,14.008235365041033,42.1488887,B722,_,00420,1508
B722__00290.1508,14.005159735360458,42.159095805,B722,_,00290,1508
B722__00060.1509,13.987357013435368,42.19957481,B722,_,00060,1509
B722__00420.1509,14.008100991828623,42.14879965,B722,_,00420,1509
B722__00290.1509,14.011777563502392,42.162042080000006,B722,_,00290,1509
B722__00010.151,13.971381558396018,42.207014165000004,B722,_,00010,151
B722__00610.151,14.001788742281523,42.11795211,B722,_,00610,151
B722__00600.151,14.006223000765765,42.123030514999996,B722,_,00600,151
B722__00540.151,14.046054793739724,42.14106867,B722,_,00540,151
B722__00530.151,14.034475002781512,42.144760524999995,B722,_,00530,151
B722__00520.151,14.0097527518325,42.141390025,B722,_,00520,151
B722__0051.151,14.003904747038575,42.140435005,B722,_,0051,151
B722__00500.151,13.99788091648341,42.130794155000004,B722,_,00500,151
B722__00490.151,13.983806285162954,42.126789595,B722,_,00490,151
B722__00480.151,13.97558517202556,42.133986535000005,B722,_,00480,151
B722__00440.151,14.050215113678005,42.147912305000006,B722,_,00440,151
B722__00430.151,14.021954399160329,42.15557381,B722,_,00430,151
B722__00420.151,14.01388123420191,42.149609514999995,B722,_,00420,151
B722__00410.151,14.009372473643735,42.156960604999995,B722,_,00410,151
B722__00400.151,14.000790317368361,42.149808039999996,B722,_,00400,151
B722__00390.151,14.002807483087665,42.142804705,B722,_,00390,151
B722__00370.151,13.997035659848908,42.14190997,B722,_,00370,151
B722__00360.151,13.994485919819969,42.15047666,B722,_,00360,151
B722__00350.151,13.98630192078595,42.14686297,B722,_,00350,151
B722__00340.151,13.97347161967423,42.14776291,B722,_,00340,151
B722__00290.151,14.013843122158576,42.161756945,B722,_,00290,151
B722__0028.151,13.997903320577688,42.158132609999996,B722,_,0028,151
B722__00270.151,13.991386375313368,42.155115,B722,_,00270,151
B722__00260.151,13.990469201103517,42.16189297,B722,_,00260,151
B722__00250.151,13.980858567597489,42.163675195,B722,_,00250,151
B722__00230.151,14.06840746193596,42.163271435,B722,_,00230,151
B722__00220.151,14.051888727137971,42.168342615,B722,_,00220,151
B722__00210.151,14.030742332168266,42.168299145,B722,_,00210,151
B722__00200.151,14.026910428013938,42.16775405,B722,_,00200,151
B722__00190.151,13.992607319128052,42.16693829,B722,_,00190,151
B722__00180.151,14.018317202402795,42.17659983,B722,_,00180,151
B722__00170.151,14.012773535764625,42.17560923,B722,_,00170,151
B722__00160.151,14.010322707590465,42.171896430000004,B722,_,00160,151
B722__00150.151,13.994243287073964,42.174229665,B722,_,00150,151
B722__00140.151,13.98479004148431,42.1706671,B722,_,00140,151
B722__00130.151,13.982134996546343,42.173624399999994,B722,_,00130,151
B722__00120.151,14.00446336753662,42.18809837,B722,_,00120,151
B722__00110.151,13.989261268944464,42.18168837,B722,_,00110,151
B722__00100.151,13.989792029096893,42.184807425,B722,_,00100,151
B722__0009.151,13.969212214578546,42.18648933,B722,_,0009,151
B722__00080.151,13.95909809952629,42.187722545,B722,_,00080,151
B722__00070.151,14.001475109660532,42.195479825,B722,_,00070,151
B722__00060.151,13.99287789681523,42.19906274,B722,_,00060,151
B722__00050.151,13.970893887965449,42.19316395,B722,_,00050,151
B722__00040.151,13.974095874081343,42.198531025,B722,_,00040,151
B722__00030.151,13.964116166570548,42.19652666,B722,_,00030,151
B722__00020.151,13.974977280301704,42.206753695,B722,_,00020,151
B722__00290.1510,14.009010006236425,42.160651279999996,B722,_,00290,1510
B722__0051.1510,14.004070497949893,42.141791375,B722,_,0051,1510
B722__00060.1511,13.98753228153732,42.199440415,B722,_,00060,1511
B722__00420.1511,14.006175411975008,42.15021394,B722,_,00420,1511
B722__00290.1511,14.008167107709395,42.16035943,B722,_,00290,1511
B722__0009.1511,13.971879997240539,42.18753257,B722,_,0009,1511
B722__00060.1512,13.987764718085948,42.199414935,B722,_,00060,1512
B722__0051.1512,14.003914136584875,42.14194057,B722,_,0051,1512
B722__00290.1512,14.008334243397954,42.16040056,B722,_,00290,1512
B722__0009.1512,13.97143000645726,42.18812656,B722,_,0009,1512
B722__0009.1513,13.971250744439232,42.187836485,B722,_,0009,1513
B722__0051.1513,14.002984494146272,42.1407007,B722,_,0051,1513
B722__00420.1513,14.016646627994149,42.14959198,B722,_,00420,1513
B722__00290.1513,14.009131744477486,42.16052908,B722,_,00290,1513
B722__00090.1514,13.977560861019402,42.18576457,B722,_,00090,1514
B722__0051.1514,14.003006492800836,42.140572,B722,_,0051,1514
B722__00290.1514,14.009155830396557,42.16163101,B722,_,00290,1514
B722__00420.1515,14.01105947040835,42.146281880000004,B722,_,00420,1515
B722__0051.1515,14.003155835457859,42.140553510000004,B722,_,0051,1515
B722__00090.1516,13.97737657254329,42.18580611,B722,_,00090,1516
B722__0051.1516,14.003213977115383,42.14073134,B722,_,0051,1516
B722__00420.1516,14.011134234710973,42.147535535,B722,_,00420,1516
B722__00290.1516,14.003932783101524,42.160516709999996,B722,_,00290,1516
B722__00090.1517,13.977431762509815,42.185726745,B722,_,00090,1517
B722__0051.1517,14.002942815825582,42.14037926,B722,_,0051,1517
B722__00420.1517,14.011033076760537,42.147590995,B722,_,00420,1517
B722__00290.1517,14.003804212271692,42.160472495,B722,_,00290,1517
B722__00060.1518,13.990070934913174,42.19612889,B722,_,00060,1518
B722__0051.1518,14.00295199924387,42.140484175,B722,_,0051,1518
B722__00420.1518,14.01586359605841,42.148928795,B722,_,00420,1518
B722__0009.1518,13.972003840265689,42.18655341,B722,_,0009,1518
B722__00090.1519,13.977796134636446,42.18573375,B722,_,00090,1519
B722__0051.1519,14.003092412190018,42.14061549,B722,_,0051,1519
B722__00420.1519,14.015639892314468,42.149021975,B722,_,00420,1519
B722__00290.1519,14.003759271147826,42.16028034,B722,_,00290,1519
B722__00010.152,13.9711805329926,42.2067188,B722,_,00010,152
B722__00610.152,14.001570022567183,42.116829679999995,B722,_,00610,152
B722__00600.152,14.006871725846125,42.123411445,B722,_,00600,152
B722__00590.152,14.001048137905094,42.12566581,B722,_,00590,152
B722__00540.152,14.040399112039697,42.140277275,B722,_,00540,152
B722__00530.152,14.034835388983506,42.14464920499999,B722,_,00530,152
B722__00520.152,14.009822841363338,42.141469349999994,B722,_,00520,152
B722__0051.152,14.005004456252815,42.142161635,B722,_,0051,152
B722__00500.152,13.995044830680378,42.129319475,B722,_,00500,152
B722__00490.152,13.984671317548447,42.126970725,B722,_,00490,152
B722__00480.152,13.975694776100518,42.134189320000004,B722,_,00480,152
B722__00440.152,14.04376748536575,42.152909795,B722,_,00440,152
B722__00430.152,14.022153814947915,42.15578219,B722,_,00430,152
B722__00420.152,14.014137632618235,42.15001824,B722,_,00420,152
B722__00410.152,14.009002505458035,42.157433839999996,B722,_,00410,152
B722__00400.152,14.002528102533343,42.14994844,B722,_,00400,152
B722__00390.152,14.002840770232574,42.142783605000005,B722,_,00390,152
B722__00380.152,13.999980516642102,42.139757265,B722,_,00380,152
B722__00370.152,13.99737724525486,42.141958360000004,B722,_,00370,152
B722__00360.152,13.996451385705216,42.153868285,B722,_,00360,152
B722__00350.152,13.986130586193475,42.146759259999996,B722,_,00350,152
B722__00340.152,13.9718225113779,42.146824675000005,B722,_,00340,152
B722__00290.152,14.013899811579043,42.16168269,B722,_,00290,152
B722__00270.152,13.991409770867305,42.15535277,B722,_,00270,152
B722__00260.152,13.990449889350437,42.161705205000004,B722,_,00260,152
B722__00250.152,13.980853993947699,42.163703215,B722,_,00250,152
B722__00230.152,14.069185554130232,42.163278315,B722,_,00230,152
B722__00220.152,14.052258794482388,42.168464584999995,B722,_,00220,152
B722__00200.152,14.026906954733377,42.168163050000004,B722,_,00200,152
B722__00190.152,13.992681242093528,42.16675032,B722,_,00190,152
B722__00180.152,14.017230087426224,42.176386539999996,B722,_,00180,152
B722__00170.152,14.013131606054333,42.175599025,B722,_,00170,152
B722__00160.152,14.010337774325631,42.170647465,B722,_,00160,152
B722__00150.152,13.994909017941001,42.1738873,B722,_,00150,152
B722__00140.152,13.98526617129089,42.170435714999996,B722,_,00140,152
B722__00130.152,13.981898452357505,42.173650525,B722,_,00130,152
B722__00120.152,14.004175546495478,42.18810688,B722,_,00120,152
B722__00110.152,13.98967009121012,42.18187552,B722,_,00110,152
B722__00100.152,13.989798398726474,42.184628634999996,B722,_,00100,152
B722__0009.152,13.969141564026549,42.186365519999995,B722,_,0009,152
B722__00080.152,13.958565873396003,42.187537655,B722,_,00080,152
B722__00070.152,14.001306933676162,42.195327495,B722,_,00070,152
B722__00060.152,13.992892706582756,42.19891037,B722,_,00060,152
B722__00050.152,13.970833357765272,42.192864760000006,B722,_,00050,152
B722__00040.152,13.974271304232191,42.19869821,B722,_,00040,152
B722__00030.152,13.964273294654618,42.197198325,B722,_,00030,152
B722__00020.152,13.975353335675802,42.205975535,B722,_,00020,152
B722__0009.1520,13.969521304416933,42.185632125,B722,_,0009,1520
B722__0051.1520,14.003144872942615,42.14076158,B722,_,0051,1520
B722__00420.1520,14.016068588017596,42.148838125,B722,_,00420,1520
B722__00290.1520,14.003874577216067,42.160289559999995,B722,_,00290,1520
B722__00060.1521,13.99039327954928,42.195702135,B722,_,00060,1521
B722__0051.1521,14.004266363751782,42.138967789999995,B722,_,0051,1521
B722__00290.1521,14.003711168056334,42.16041283,B722,_,00290,1521
B722__0009.1521,13.969626715666198,42.18555642,B722,_,0009,1521
B722__0009.1522,13.970319575608029,42.1876936,B722,_,0009,1522
B722__0051.1522,14.00369272246855,42.142406640000004,B722,_,0051,1522
B722__00060.1523,13.989915838077444,42.196166605,B722,_,00060,1523
B722__0051.1523,14.004017663349686,42.141784994999995,B722,_,0051,1523
B722__00290.1523,14.003432572824519,42.159924565,B722,_,00290,1523
B722__0009.1523,13.97039702374533,42.187493450000005,B722,_,0009,1523
B722__00090.1524,13.973662246244833,42.185418045,B722,_,00090,1524
B722__0051.1524,14.003960264214822,42.141916484999996,B722,_,0051,1524
B722__00290.1524,14.003424324318747,42.159869115,B722,_,00290,1524
B722__00060.1525,13.990146246429202,42.19559599,B722,_,00060,1525
B722__0051.1525,14.00414389736978,42.14134499,B722,_,0051,1525
B722__00090.1525,13.973390256857254,42.18538512,B722,_,00090,1525
B722__00090.1526,13.973584415075724,42.18549342,B722,_,00090,1526
B722__0051.1526,14.004170687239284,42.141596485,B722,_,0051,1526
B722__00290.1526,14.003795351507215,42.16013026,B722,_,00290,1526
B722__00060.1527,13.987412153023204,42.197207455,B722,_,00060,1527
B722__0051.1527,14.004091144330776,42.141283335,B722,_,0051,1527
B722__00290.1527,14.00389277190164,42.160175965,B722,_,00290,1527
B722__00090.1527,13.973520717008327,42.185282295,B722,_,00090,1527
B722__00090.1528,13.97337922134994,42.185301890000005,B722,_,00090,1528
B722__0051.1528,14.004118282379668,42.141479065,B722,_,0051,1528
B722__00290.1528,14.003926757456247,42.16019329,B722,_,00290,1528
B722__00060.1529,13.990111358832372,42.195590495000005,B722,_,00060,1529
B722__0051.1529,14.00399192776921,42.14137006,B722,_,0051,1529
B722__00290.1529,14.003498450341674,42.15984425,B722,_,00290,1529
B722__00010.153,13.972491555608002,42.205042405,B722,_,00010,153
B722__00610.153,14.000980755617395,42.116649499999994,B722,_,00610,153
B722__00600.153,14.007020962450596,42.12298,B722,_,00600,153
B722__00590.153,14.001345339017416,42.126026825,B722,_,00590,153
B722__00540.153,14.040851118613972,42.140379965,B722,_,00540,153
B722__00530.153,14.035077060916578,42.143832585,B722,_,00530,153
B722__00520.153,14.009703889593098,42.141529215,B722,_,00520,153
B722__0051.153,14.00397139234845,42.140299639999995,B722,_,0051,153
B722__00500.153,13.995189384174513,42.128974755,B722,_,00500,153
B722__00490.153,13.985511916177781,42.126304675,B722,_,00490,153
B722__00480.153,13.976180058753581,42.134500349999996,B722,_,00480,153
B722__00440.153,14.04394203453977,42.152384105,B722,_,00440,153
B722__00430.153,14.022179120397787,42.155263149999996,B722,_,00430,153
B722__00420.153,14.015037545596751,42.15042049,B722,_,00420,153
B722__00410.153,14.009301792207365,42.15752727500001,B722,_,00410,153
B722__00380.153,14.000307856390052,42.139930324999995,B722,_,00380,153
B722__00360.153,13.993866911820529,42.150243915,B722,_,00360,153
B722__00350.153,13.98646057726939,42.14688986,B722,_,00350,153
B722__00340.153,13.971609166572712,42.14694769,B722,_,00340,153
B722__00290.153,14.014072561134393,42.16158093,B722,_,00290,153
B722__00270.153,13.991773320462737,42.15565823,B722,_,00270,153
B722__00260.153,13.991015687312727,42.16196851,B722,_,00260,153
B722__00250.153,13.980906118084004,42.163691455,B722,_,00250,153
B722__00230.153,14.06932925140886,42.16375836,B722,_,00230,153
B722__00220.153,14.052540867891187,42.16861127999999,B722,_,00220,153
B722__00210.153,14.031137782333953,42.168152004999996,B722,_,00210,153
B722__00200.153,14.027216147004024,42.168152885,B722,_,00200,153
B722__00190.153,13.992230970477422,42.166567565,B722,_,00190,153
B722__00180.153,14.016947657246035,42.17636511,B722,_,00180,153
B722__00170.153,14.013306033625756,42.175866705000004,B722,_,00170,153
B722__00160.153,14.011447307081307,42.17057459,B722,_,00160,153
B722__00150.153,13.995351011575059,42.173766855,B722,_,00150,153
B722__00140.153,13.985473153346925,42.170418415,B722,_,00140,153
B722__00130.153,13.981390339232824,42.173640835,B722,_,00130,153
B722__00120.153,14.012257491419751,42.184729024999996,B722,_,00120,153
B722__00110.153,13.99008296161597,42.18189329,B722,_,00110,153
B722__00100.153,13.989222932913997,42.18436299,B722,_,00100,153
B722__0009.153,13.969186135981579,42.186354845,B722,_,0009,153
B722__00080.153,13.95949769645419,42.187141295,B722,_,00080,153
B722__00070.153,14.002379863192681,42.195530675,B722,_,00070,153
B722__00060.153,13.986127726957392,42.199575665,B722,_,00060,153
B722__00050.153,13.971226050607267,42.192873625000004,B722,_,00050,153
B722__00040.153,13.9702340314063,42.197742919999996,B722,_,00040,153
B722__00030.153,13.964532232098204,42.196730939999995,B722,_,00030,153
B722__00020.153,13.975538059129944,42.206055485,B722,_,00020,153
B722__0051.1530,14.00396582777768,42.14142897,B722,_,0051,1530
B722__00290.1531,14.003815252686309,42.16011424,B722,_,00290,1531
B722__0051.1531,14.00398384882103,42.141468255,B722,_,0051,1531
B722__00290.1532,14.003750633659813,42.160018565,B722,_,00290,1532
B722__0051.1532,14.00315232170625,42.139043924999996,B722,_,0051,1532
B722__00090.1533,13.972998660565462,42.185177705,B722,_,00090,1533
B722__00090.1534,13.973096020190573,42.185161844999996,B722,_,00090,1534
B722__0051.1534,14.003045149549944,42.140355205000006,B722,_,0051,1534
B722__00420.1534,14.016317162931486,42.14980167,B722,_,00420,1534
B722__00290.1534,14.003843619975804,42.16038372,B722,_,00290,1534
B722__00420.1535,14.016085018146534,42.14985202,B722,_,00420,1535
B722__00090.1536,13.973279005986203,42.18500358,B722,_,00090,1536
B722__00290.1536,14.004087376480179,42.16028814,B722,_,00290,1536
B722__00090.1537,13.973013432812449,42.185045880000004,B722,_,00090,1537
B722__00420.1537,14.016195400281157,42.14967238,B722,_,00420,1537
B722__00290.1537,14.004104027918057,42.160247625,B722,_,00290,1537
B722__00090.1538,13.976098502152432,42.179098655000004,B722,_,00090,1538
B722__00420.1538,14.01636394659973,42.14969449,B722,_,00420,1538
B722__00290.1538,14.010295426460313,42.159443155,B722,_,00290,1538
B722__00290.1539,14.011803652905172,42.15869889,B722,_,00290,1539
B722__0051.1539,14.003393103837045,42.13913228,B722,_,0051,1539
B722__00420.1539,14.01630856398571,42.149795645,B722,_,00420,1539
B722__00010.154,13.970564303525112,42.20641423,B722,_,00010,154
B722__00610.154,14.000724519683722,42.115882584999994,B722,_,00610,154
B722__00600.154,14.008418798224696,42.124015915,B722,_,00600,154
B722__00590.154,14.001611186056623,42.12631213,B722,_,00590,154
B722__00540.154,14.040358228639192,42.13945837,B722,_,00540,154
B722__00530.154,14.035767232845968,42.144224030000004,B722,_,00530,154
B722__00520.154,14.009739998370772,42.141581285,B722,_,00520,154
B722__0051.154,14.004098332446432,42.140227960000004,B722,_,0051,154
B722__00500.154,13.996297765704554,42.129413529999994,B722,_,00500,154
B722__00490.154,13.985178595748874,42.125410555,B722,_,00490,154
B722__00480.154,13.976917997525524,42.134604985,B722,_,00480,154
B722__00440.154,14.044648622281173,42.152644225,B722,_,00440,154
B722__00430.154,14.02243294725167,42.155234335,B722,_,00430,154
B722__00420.154,14.014936145535353,42.14972783,B722,_,00420,154
B722__00410.154,14.009352211037077,42.15775371,B722,_,00410,154
B722__00380.154,14.000616416150947,42.13992054,B722,_,00380,154
B722__00370.154,13.997414616825607,42.141570200000004,B722,_,00370,154
B722__00360.154,13.995148066071849,42.1499625,B722,_,00360,154
B722__00350.154,13.986517940250641,42.14654691,B722,_,00350,154
B722__00340.154,13.972275508095644,42.147225675,B722,_,00340,154
B722__00300.154,14.027026219220922,42.164670560000005,B722,_,00300,154
B722__00290.154,14.001456946343655,42.16102186,B722,_,00290,154
B722__00270.154,13.992216191306,42.156092689999994,B722,_,00270,154
B722__00260.154,13.990943663253752,42.16237583,B722,_,00260,154
B722__00250.154,13.98089414933954,42.163651295,B722,_,00250,154
B722__00230.154,14.070290948450015,42.16312919000001,B722,_,00230,154
B722__00220.154,14.052852084211828,42.168782905,B722,_,00220,154
B722__00210.154,14.031269963542545,42.168043035,B722,_,00210,154
B722__00200.154,14.027200447512895,42.16844752,B722,_,00200,154
B722__00190.154,13.993554657423324,42.166686365000004,B722,_,00190,154
B722__00180.154,14.017795603956106,42.17613842,B722,_,00180,154
B722__00170.154,14.013760357484504,42.17536055,B722,_,00170,154
B722__00160.154,14.012202498491817,42.1710023,B722,_,00160,154
B722__00150.154,13.995504471241652,42.174100975,B722,_,00150,154
B722__00140.154,13.985543554928551,42.17066896,B722,_,00140,154
B722__00130.154,13.981322886816034,42.172995674999996,B722,_,00130,154
B722__00120.154,14.004000957502946,42.188296539999996,B722,_,00120,154
B722__00110.154,13.990588939826083,42.182041245,B722,_,00110,154
B722__00100.154,13.989256942138685,42.18392797,B722,_,00100,154
B722__0009.154,13.969314298501345,42.186343395,B722,_,0009,154
B722__00080.154,13.959629022638634,42.187481355,B722,_,00080,154
B722__00070.154,14.003054863217328,42.19566115000001,B722,_,00070,154
B722__00060.154,13.992935914853984,42.19882814,B722,_,00060,154
B722__00050.154,13.97140891136294,42.193024285,B722,_,00050,154
B722__00040.154,13.970208837281811,42.197993355,B722,_,00040,154
B722__00030.154,13.965067664719248,42.197189315,B722,_,00030,154
B722__00020.154,13.975621555413529,42.206081315000006,B722,_,00020,154
B722__0009.1540,13.972105996379739,42.18648286,B722,_,0009,1540
B722__0051.1540,14.003498077781682,42.139149329999995,B722,_,0051,1540
B722__00290.1540,14.011695165836977,42.158681575,B722,_,00290,1540
B722__0009.1541,13.9719697884667,42.186481654999994,B722,_,0009,1541
B722__0051.1541,14.003622617589201,42.13916938,B722,_,0051,1541
B722__00420.1541,14.016230048457178,42.149827384999995,B722,_,00420,1541
B722__00290.1541,14.01562226046089,42.15957339,B722,_,00290,1541
B722__00060.1542,13.990076563378278,42.196089549999996,B722,_,00060,1542
B722__0051.1542,14.00332019713462,42.13906137,B722,_,0051,1542
B722__00290.1542,14.015369752416042,42.159571595,B722,_,00290,1542
B722__0009.1543,13.972042003952797,42.186384845,B722,_,0009,1543
B722__00060.1544,13.990038308622786,42.19609054,B722,_,00060,1544
B722__00290.1544,14.00526837175719,42.159686855000004,B722,_,00290,1544
B722__00090.1544,13.977028737326624,42.182428725,B722,_,00090,1544
B722__0009.1545,13.971254937023513,42.18743431,B722,_,0009,1545
B722__00290.1545,14.006496254871845,42.160794935,B722,_,00290,1545
B722__00290.1546,14.006556484085273,42.16071062,B722,_,00290,1546
B722__00090.1547,13.97538896943125,42.179140995,B722,_,00090,1547
B722__00420.1547,14.016300157514216,42.14980769,B722,_,00420,1547
B722__00290.1547,14.00668986367997,42.16075903,B722,_,00290,1547
B722__00060.1548,13.991642237959347,42.195533755,B722,_,00060,1548
B722__00420.1548,14.015989040986172,42.149931175000006,B722,_,00420,1548
B722__00290.1548,14.006636896428983,42.16070647,B722,_,00290,1548
B722__0009.1548,13.970187822125663,42.18679132,B722,_,0009,1548
B722__00060.1549,13.991812539643455,42.19551496,B722,_,00060,1549
B722__00420.1549,14.015916694218998,42.149933015,B722,_,00420,1549
B722__00290.1549,14.006893117452318,42.160751475,B722,_,00290,1549
B722__0009.1549,13.970861109306451,42.187540925,B722,_,0009,1549
B722__00010.155,13.96821439034859,42.207184175,B722,_,00010,155
B722__00610.155,14.001014986417584,42.115768415000005,B722,_,00610,155
B722__00600.155,14.0081000035676,42.12435578,B722,_,00600,155
B722__00590.155,14.00202913843783,42.12739723,B722,_,00590,155
B722__00540.155,14.041128016736277,42.139751465,B722,_,00540,155
B722__00530.155,14.036890176154632,42.143666620000005,B722,_,00530,155
B722__00520.155,14.009756847756073,42.141604775,B722,_,00520,155
B722__0051.155,14.004175231709386,42.14016484,B722,_,0051,155
B722__00500.155,13.99657205150615,42.12965623,B722,_,00500,155
B722__00490.155,13.985638789951828,42.125269995,B722,_,00490,155
B722__00480.155,13.976406037166258,42.133967095,B722,_,00480,155
B722__00440.155,14.04502044713416,42.152740745,B722,_,00440,155
B722__00430.155,14.022728541841268,42.15507935,B722,_,00430,155
B722__00420.155,14.015444762880716,42.14973752,B722,_,00420,155
B722__00410.155,14.009635171805492,42.15784463,B722,_,00410,155
B722__00400.155,14.004696833773501,42.15040516,B722,_,00400,155
B722__00390.155,14.000391286109423,42.14234146,B722,_,00390,155
B722__00380.155,14.000015931082483,42.139715214999995,B722,_,00380,155
B722__00370.155,13.997376263924245,42.14144136,B722,_,00370,155
B722__00360.155,13.995132033140619,42.14976154,B722,_,00360,155
B722__00350.155,13.986244250137345,42.14663224,B722,_,00350,155
B722__00340.155,13.972226372753656,42.145586295,B722,_,00340,155
B722__00290.155,14.00177469438098,42.161105125,B722,_,00290,155
B722__0028.155,13.998219509754948,42.158339685,B722,_,0028,155
B722__00270.155,13.992674820638804,42.15593956,B722,_,00270,155
B722__00260.155,13.990797344431012,42.16217846,B722,_,00260,155
B722__00250.155,13.98088463925803,42.163623085,B722,_,00250,155
B722__00230.155,14.070218871160979,42.163386634999995,B722,_,00230,155
B722__00220.155,14.053648172840061,42.16905582,B722,_,00220,155
B722__00210.155,14.031216672236429,42.167804575,B722,_,00210,155
B722__00200.155,14.027618777847788,42.167972545,B722,_,00200,155
B722__00190.155,13.99448533160093,42.166502455,B722,_,00190,155
B722__00180.155,14.017007822292328,42.176224575,B722,_,00180,155
B722__00170.155,14.013805495513907,42.175669235,B722,_,00170,155
B722__00160.155,14.013039775669611,42.171703515,B722,_,00160,155
B722__00150.155,13.995305937916978,42.175411435,B722,_,00150,155
B722__00140.155,13.985922414712647,42.170417735,B722,_,00140,155
B722__00130.155,13.982525446309545,42.173114549999994,B722,_,00130,155
B722__00120.155,14.00498664332839,42.188815070000004,B722,_,00120,155
B722__00110.155,13.990862559620322,42.181879645,B722,_,00110,155
B722__00100.155,13.989677629789163,42.183947184999994,B722,_,00100,155
B722__0009.155,13.96933433023846,42.186388025,B722,_,0009,155
B722__00080.155,13.959910420244288,42.18777312,B722,_,00080,155
B722__00070.155,14.003924655364758,42.196012905,B722,_,00070,155
B722__00060.155,13.986455536324542,42.199348325,B722,_,00060,155
B722__00050.155,13.971325384840044,42.193664725,B722,_,00050,155
B722__00040.155,13.970523435527198,42.19754023,B722,_,00040,155
B722__00030.155,13.965557351401241,42.197021525,B722,_,00030,155
B722__00020.155,13.975784917617563,42.206044595,B722,_,00020,155
B722__00060.1550,13.993076560788277,42.19560398,B722,_,00060,1550
B722__00420.1550,14.015851905361025,42.149944375000004,B722,_,00420,1550
B722__00290.1550,14.006917423905753,42.16072412,B722,_,00290,1550
B722__00060.1551,13.993291938208063,42.1957931,B722,_,00060,1551
B722__00420.1551,14.016376509195421,42.149731509999995,B722,_,00420,1551
B722__00290.1551,14.004017865336522,42.16039454,B722,_,00290,1551
B722__0009.1551,13.971202315765545,42.187730515,B722,_,0009,1551
B722__00060.1552,13.993198766093693,42.195843255,B722,_,00060,1552
B722__00290.1552,14.004857312552039,42.16147158,B722,_,00290,1552
B722__0009.1553,13.971217026378769,42.18769449,B722,_,0009,1553
B722__00420.1553,14.015836223259392,42.149878875,B722,_,00420,1553
B722__00290.1553,14.012046127439167,42.15844079,B722,_,00290,1553
B722__00290.1554,14.003251382084223,42.15876312,B722,_,00290,1554
B722__00420.1554,14.017436182439262,42.15106977,B722,_,00420,1554
B722__00060.1555,13.992895663817922,42.19544866,B722,_,00060,1555
B722__00420.1555,14.016469488343063,42.15045873,B722,_,00420,1555
B722__00290.1555,14.003126026904674,42.158590155,B722,_,00290,1555
B722__0009.1555,13.971232426560737,42.187669755,B722,_,0009,1555
B722__00060.1556,13.993059840851187,42.1959471,B722,_,00060,1556
B722__00420.1556,14.016503028274448,42.150492885,B722,_,00420,1556
B722__00290.1556,14.00331050205735,42.15866322,B722,_,00290,1556
B722__00060.1557,13.99310758844527,42.195801035,B722,_,00060,1557
B722__00420.1557,14.016554304061811,42.15054515,B722,_,00420,1557
B722__00290.1557,14.003735501869912,42.158962085,B722,_,00290,1557
B722__0009.1557,13.97130818632661,42.187621725,B722,_,0009,1557
B722__00060.1558,13.991284391812986,42.195696240000004,B722,_,00060,1558
B722__00420.1558,14.016719086125498,42.15069504,B722,_,00420,1558
B722__00290.1558,14.010879497568741,42.158897124999996,B722,_,00290,1558
B722__00060.1559,13.99170999991927,42.195574574999995,B722,_,00060,1559
B722__00420.1559,14.0166618983514,42.150673555,B722,_,00420,1559
B722__00290.1559,14.011662215743264,42.16021332,B722,_,00290,1559
B722__0009.1559,13.971298715765462,42.187688625,B722,_,0009,1559
B722__00010.156,13.968441666522798,42.206631265,B722,_,00010,156
B722__00610.156,13.997902910756022,42.113254780000005,B722,_,00610,156
B722__00600.156,14.008427488486351,42.12440927,B722,_,00600,156
B722__00590.156,14.00121559992963,42.128312475,B722,_,00590,156
B722__00540.156,14.041240220855588,42.14613755,B722,_,00540,156
B722__00530.156,14.037475872233264,42.14374871,B722,_,00530,156
B722__00520.156,14.009785435312248,42.14165102,B722,_,00520,156
B722__0051.156,14.004237345472797,42.140083125000004,B722,_,0051,156
B722__00500.156,13.996883623735812,42.12979665,B722,_,00500,156
B722__00490.156,13.986106070683618,42.125398055000005,B722,_,00490,156
B722__00480.156,13.977169169682224,42.134002595,B722,_,00480,156
B722__00440.156,14.040831738640094,42.154184335,B722,_,00440,156
B722__00430.156,14.022963138672491,42.154783695000006,B722,_,00430,156
B722__00410.156,14.00986589467559,42.157999565,B722,_,00410,156
B722__00400.156,14.00483500711708,42.150472234999995,B722,_,00400,156
B722__00390.156,14.00050876246114,42.142329995,B722,_,00390,156
B722__00380.156,14.00067712115636,42.140324975,B722,_,00380,156
B722__00370.156,13.99706849731976,42.141124489999996,B722,_,00370,156
B722__00360.156,13.995559406262462,42.14989953,B722,_,00360,156
B722__00350.156,13.986130719035497,42.14655878,B722,_,00350,156
B722__00340.156,13.972017347363636,42.14540999,B722,_,00340,156
B722__00290.156,14.002188140075969,42.16104756,B722,_,00290,156
B722__0028.156,13.998084563398475,42.15840386,B722,_,0028,156
B722__00270.156,13.993504092532417,42.15612262,B722,_,00270,156
B722__00260.156,13.990841447342834,42.162170655,B722,_,00260,156
B722__00250.156,13.980872469110896,42.163588000000004,B722,_,00250,156
B722__00230.156,14.071276380353275,42.163081680000005,B722,_,00230,156
B722__00220.156,14.053915572001898,42.168266245,B722,_,00220,156
B722__00210.156,14.031772916257632,42.168402955000005,B722,_,00210,156
B722__00200.156,14.02790707112862,42.167981185,B722,_,00200,156
B722__00190.156,13.991226832338729,42.16612885,B722,_,00190,156
B722__00180.156,14.017652476094678,42.176019030000006,B722,_,00180,156
B722__00170.156,14.013928333148797,42.175837685000005,B722,_,00170,156
B722__00160.156,14.013519403500466,42.171607195,B722,_,00160,156
B722__00150.156,13.995826734479987,42.174463405,B722,_,00150,156
B722__00140.156,13.985701944829442,42.170390225,B722,_,00140,156
B722__00130.156,13.982228323667673,42.173055535,B722,_,00130,156
B722__00120.156,14.005347928420939,42.188364465,B722,_,00120,156
B722__00110.156,13.99030121173842,42.181605245,B722,_,00110,156
B722__00100.156,13.989974391397372,42.183754685,B722,_,00100,156
B722__0009.156,13.969382054802935,42.186470209999996,B722,_,0009,156
B722__00080.156,13.960141077135603,42.18767287,B722,_,00080,156
B722__00070.156,14.004187721933304,42.195976095,B722,_,00070,156
B722__00060.156,13.993325899305493,42.198954189999995,B722,_,00060,156
B722__00050.156,13.97168295502225,42.193796065,B722,_,00050,156
B722__00040.156,13.970658049120228,42.197545225,B722,_,00040,156
B722__00030.156,13.965615124326781,42.196619845,B722,_,00030,156
B722__00020.156,13.975712565522056,42.206208555,B722,_,00020,156
B722__00060.1560,13.992400780726328,42.194423945,B722,_,00060,1560
B722__00420.1560,14.016819940985451,42.150634825,B722,_,00420,1560
B722__00290.1560,14.011751109187571,42.15981758,B722,_,00290,1560
B722__00090.1560,13.97784061030077,42.184694295,B722,_,00090,1560
B722__00060.1561,13.992568644263596,42.194447595,B722,_,00060,1561
B722__00420.1561,14.016711083300692,42.150577685,B722,_,00420,1561
B722__00290.1561,14.011763954559518,42.16004472,B722,_,00290,1561
B722__0009.1561,13.96977015945016,42.18738718,B722,_,0009,1561
B722__00060.1562,13.990478855347897,42.194827599999996,B722,_,00060,1562
B722__00420.1562,14.016837025438688,42.150554615000004,B722,_,00420,1562
B722__00290.1562,14.011835665228215,42.16002529,B722,_,00290,1562
B722__0009.1562,13.968521301713501,42.187747085,B722,_,0009,1562
B722__00060.1563,13.990547809912599,42.19502517,B722,_,00060,1563
B722__00420.1563,14.016652785971106,42.150518835,B722,_,00420,1563
B722__00290.1563,14.011904833569943,42.16005137,B722,_,00290,1563
B722__00090.1563,13.97809142668685,42.185787135,B722,_,00090,1563
B722__00060.1564,13.990063947476319,42.19500522,B722,_,00060,1564
B722__00420.1564,14.016586966503489,42.15048774,B722,_,00420,1564
B722__00290.1564,14.01235674490911,42.16009178,B722,_,00290,1564
B722__0009.1564,13.968441880651383,42.187413045,B722,_,0009,1564
B722__00060.1565,13.990328427697628,42.195237414999994,B722,_,00060,1565
B722__00420.1565,14.01694839848413,42.15076357,B722,_,00420,1565
B722__00290.1565,14.011910128646662,42.15992591,B722,_,00290,1565
B722__0009.1565,13.968489889497707,42.18752467,B722,_,0009,1565
B722__00060.1566,13.990198488676455,42.19489754,B722,_,00060,1566
B722__00420.1566,14.017015113646924,42.150605285,B722,_,00420,1566
B722__00290.1566,14.0121243881314,42.15994098,B722,_,00290,1566
B722__0009.1566,13.971331167509675,42.187522295,B722,_,0009,1566
B722__00060.1567,13.990414262640986,42.195133600000005,B722,_,00060,1567
B722__00420.1567,14.01575366643345,42.150051335,B722,_,00420,1567
B722__00290.1567,14.011875795178412,42.159811475,B722,_,00290,1567
B722__00060.1568,13.990351662606614,42.194893175000004,B722,_,00060,1568
B722__00420.1568,14.015615502861957,42.15005682499999,B722,_,00420,1568
B722__00290.1568,14.012134210041724,42.159865980000006,B722,_,00290,1568
B722__0009.1568,13.970641788637181,42.187614855,B722,_,0009,1568
B722__00060.1569,13.990481321629137,42.195059765,B722,_,00060,1569
B722__00420.1569,14.008181895933081,42.148725045000006,B722,_,00420,1569
B722__00290.1569,14.01178841310748,42.159695174999996,B722,_,00290,1569
B722__00010.157,13.967839423892062,42.20527421,B722,_,00010,157
B722__00610.157,13.999447491602705,42.11448426,B722,_,00610,157
B722__00600.157,14.008703469148475,42.124370830000004,B722,_,00600,157
B722__00590.157,14.001927050278493,42.128785335,B722,_,00590,157
B722__00540.157,14.04596174177371,42.140821325000005,B722,_,00540,157
B722__00530.157,14.037687940982778,42.144025655,B722,_,00530,157
B722__00520.157,14.009888137987534,42.141718285,B722,_,00520,157
B722__0051.157,14.004306280184506,42.140027509999996,B722,_,0051,157
B722__00500.157,13.997076566293778,42.130125725,B722,_,00500,157
B722__00490.157,13.986332171783857,42.125897574999996,B722,_,00490,157
B722__00480.157,13.977653094137601,42.134225994999994,B722,_,00480,157
B722__00440.157,14.043210095574079,42.153599225,B722,_,00440,157
B722__00430.157,14.023672245083716,42.155000265,B722,_,00430,157
B722__00420.157,14.01601144892605,42.150375245000006,B722,_,00420,157
B722__00410.157,14.009415497724166,42.15726712,B722,_,00410,157
B722__00400.157,14.001820788477723,42.1485007,B722,_,00400,157
B722__00390.157,14.000830160738802,42.142237335000004,B722,_,00390,157
B722__00380.157,14.001114423428618,42.140134360000005,B722,_,00380,157
B722__00370.157,13.980817321296096,42.14074511,B722,_,00370,157
B722__00360.157,13.995764068406395,42.149916075,B722,_,00360,157
B722__00350.157,13.985742296651333,42.14650909,B722,_,00350,157
B722__00340.157,13.97178192402415,42.14524541,B722,_,00340,157
B722__00290.157,14.002155231422304,42.16114923,B722,_,00290,157
B722__0028.157,13.998142204835895,42.158430190000004,B722,_,0028,157
B722__00270.157,13.993448994490707,42.15640344,B722,_,00270,157
B722__00260.157,13.990771770905674,42.16212324,B722,_,00260,157
B722__00250.157,13.981011359268225,42.16364339,B722,_,00250,157
B722__00230.157,14.071575523855067,42.163178275,B722,_,00230,157
B722__00220.157,14.054084061968396,42.167693459999995,B722,_,00220,157
B722__00210.157,14.031207616506842,42.168278625,B722,_,00210,157
B722__00200.157,14.02780387404767,42.16761232,B722,_,00200,157
B722__00180.157,14.018149990880566,42.175861905000005,B722,_,00180,157
B722__00160.157,14.01319813340199,42.171085585,B722,_,00160,157
B722__00150.157,13.99601399606634,42.1746493,B722,_,00150,157
B722__00140.157,13.98598114078495,42.170183505,B722,_,00140,157
B722__00130.157,13.982046183306753,42.17287929,B722,_,00130,157
B722__00120.157,14.005358887917378,42.1887685,B722,_,00120,157
B722__00110.157,13.989827128681258,42.181196119999996,B722,_,00110,157
B722__00100.157,13.97891200634594,42.185622824999996,B722,_,00100,157
B722__0009.157,13.969382069480861,42.186570294999996,B722,_,0009,157
B722__00080.157,13.960277201206285,42.18772314,B722,_,00080,157
B722__00060.157,13.982262287129043,42.197877035000005,B722,_,00060,157
B722__00050.157,13.971681083229925,42.193982915,B722,_,00050,157
B722__00040.157,13.970918025052686,42.197584469999995,B722,_,00040,157
B722__00030.157,13.965297391296922,42.19650663,B722,_,00030,157
B722__00020.157,13.975838392533387,42.20623902,B722,_,00020,157
B722__00060.1570,13.990398319375856,42.194839195,B722,_,00060,1570
B722__00420.1570,14.008594080449488,42.148443055,B722,_,00420,1570
B722__00290.1570,14.01182891751825,42.15966659,B722,_,00290,1570
B722__0009.1570,13.970653836542644,42.18755626,B722,_,0009,1570
B722__00060.1571,13.990515676816727,42.195051925,B722,_,00060,1571
B722__00420.1571,14.008454985801881,42.148725045000006,B722,_,00420,1571
B722__00290.1571,14.011913762223024,42.159626675,B722,_,00290,1571
B722__0009.1571,13.970751124818454,42.187553675000004,B722,_,0009,1571
B722__0009.1572,13.970698858245292,42.18761399,B722,_,0009,1572
B722__00290.1572,14.011870617112141,42.15975234,B722,_,00290,1572
B722__0009.1573,13.97066514457202,42.187614714999995,B722,_,0009,1573
B722__00420.1573,14.015526018696784,42.14290107,B722,_,00420,1573
B722__00290.1573,14.010964197111093,42.159306455,B722,_,00290,1573
B722__0009.1574,13.97051629696815,42.187625385000004,B722,_,0009,1574
B722__00290.1574,14.011165095941323,42.15946763,B722,_,00290,1574
B722__00060.1575,13.990645739165345,42.195267995,B722,_,00060,1575
B722__00420.1575,14.01859783566767,42.150865415,B722,_,00420,1575
B722__00290.1575,14.011134300581812,42.15935913,B722,_,00290,1575
B722__0009.1575,13.970594400406444,42.187621245,B722,_,0009,1575
B722__00060.1576,13.990638809733728,42.19498602,B722,_,00060,1576
B722__00290.1576,14.011258125240431,42.159434945,B722,_,00290,1576
B722__0009.1576,13.970514237455305,42.18756583,B722,_,0009,1576
B722__00060.1577,13.990891412326436,42.194975255,B722,_,00060,1577
B722__00290.1577,14.011227655397668,42.159545995,B722,_,00290,1577
B722__0009.1577,13.97058904506996,42.187562424999996,B722,_,0009,1577
B722__00060.1578,13.991152284913166,42.194795075,B722,_,00060,1578
B722__00290.1578,14.0112947028898,42.15945051,B722,_,00290,1578
B722__0009.1578,13.971411601749978,42.187456365,B722,_,0009,1578
B722__00060.1579,13.986775562101341,42.192307755,B722,_,00060,1579
B722__00290.1579,14.011251054910863,42.159604945,B722,_,00290,1579
B722__0009.1579,13.971365163730246,42.18726002,B722,_,0009,1579
B722__00010.158,13.968172697161144,42.20583806,B722,_,00010,158
B722__00610.158,14.000345151961291,42.11492475,B722,_,00610,158
B722__00600.158,14.009142237463188,42.12478561,B722,_,00600,158
B722__00590.158,14.002754810013517,42.128267879999996,B722,_,00590,158
B722__00540.158,14.045659865521234,42.14057156,B722,_,00540,158
B722__00530.158,14.025801657213126,42.14268498,B722,_,00530,158
B722__00520.158,14.009980293917256,42.141831885,B722,_,00520,158
B722__0051.158,14.004307770510888,42.14051377,B722,_,0051,158
B722__00500.158,13.996680779290227,42.130208575,B722,_,00500,158
B722__00490.158,13.986591228065972,42.125764735000004,B722,_,00490,158
B722__00480.158,13.978271073687523,42.134334609999996,B722,_,00480,158
B722__00440.158,14.043547813850422,42.153707955,B722,_,00440,158
B722__00430.158,14.024296048537657,42.155514645,B722,_,00430,158
B722__00420.158,14.016301479747689,42.150344035,B722,_,00420,158
B722__00410.158,14.00952005095238,42.15736043,B722,_,00410,158
B722__00390.158,14.000960652375362,42.142370744999994,B722,_,00390,158
B722__00380.158,14.001585574155186,42.13996974,B722,_,00380,158
B722__00370.158,13.980193936597294,42.14029318,B722,_,00370,158
B722__00360.158,13.996044605058579,42.15017906,B722,_,00360,158
B722__00350.158,13.985740741590668,42.146420140000004,B722,_,00350,158
B722__00340.158,13.971442596715661,42.14511299,B722,_,00340,158
B722__00290.158,14.002206182423024,42.16127102,B722,_,00290,158
B722__0028.158,13.99821660886239,42.15846471,B722,_,0028,158
B722__00270.158,13.993829481723964,42.15634076,B722,_,00270,158
B722__00260.158,13.991077342366621,42.162148275,B722,_,00260,158
B722__00250.158,13.976076477993878,42.163634265,B722,_,00250,158
B722__00230.158,14.066021371401867,42.16355205,B722,_,00230,158
B722__00220.158,14.054930615424016,42.16808005,B722,_,00220,158
B722__00210.158,14.037789390498958,42.16822371,B722,_,00210,158
B722__00200.158,14.027588884699252,42.16724368,B722,_,00200,158
B722__00190.158,13.991076885052564,42.165851790000005,B722,_,00190,158
B722__00180.158,14.018399822389416,42.176145605,B722,_,00180,158
B722__00170.158,14.011991005124045,42.17504297,B722,_,00170,158
B722__00160.158,14.013698133927019,42.170883735000004,B722,_,00160,158
B722__00150.158,13.99750298570351,42.17438591,B722,_,00150,158
B722__00140.158,13.986140032712974,42.17027367,B722,_,00140,158
B722__00130.158,13.981845416891591,42.172717785,B722,_,00130,158
B722__00120.158,14.005571010312426,42.18874085,B722,_,00120,158
B722__00110.158,13.989877660935438,42.180892740000004,B722,_,00110,158
B722__00100.158,13.979736191622692,42.185465019999995,B722,_,00100,158
B722__0009.158,13.969434110459268,42.186614965000004,B722,_,0009,158
B722__00080.158,13.960196569597965,42.187822895,B722,_,00080,158
B722__00070.158,13.995696349179724,42.195077635,B722,_,00070,158
B722__00060.158,13.983433502678494,42.198104455,B722,_,00060,158
B722__00050.158,13.97188710241474,42.19439224,B722,_,00050,158
B722__00040.158,13.971517904147575,42.197348385,B722,_,00040,158
B722__00030.158,13.966028339339733,42.19643567,B722,_,00030,158
B722__00020.158,13.975651849730674,42.20556506,B722,_,00020,158
B722__00060.1580,13.98746327101113,42.19241478,B722,_,00060,1580
B722__00420.1580,14.016129732222751,42.14972445,B722,_,00420,1580
B722__00290.1580,14.011332574759534,42.15946511,B722,_,00290,1580
B722__00290.1581,14.011279656899855,42.159607625,B722,_,00290,1581
B722__00420.1581,14.01625187859201,42.14977923,B722,_,00420,1581
B722__00060.1582,13.986890869206217,42.192290715,B722,_,00060,1582
B722__00420.1582,14.01575130882959,42.149653900000004,B722,_,00420,1582
B722__00290.1582,14.011354265424295,42.159473495,B722,_,00290,1582
B722__00090.1582,13.975309950236497,42.17866471,B722,_,00090,1582
B722__00060.1583,13.986694232772187,42.1924075,B722,_,00060,1583
B722__00290.1583,14.011318654287827,42.15958778,B722,_,00290,1583
B722__00060.1584,13.987115961109932,42.19232152,B722,_,00060,1584
B722__00420.1584,14.011173085058438,42.147633264999996,B722,_,00420,1584
B722__00290.1584,14.01137544677416,42.15948151,B722,_,00290,1584
B722__00090.1584,13.974832684040809,42.178796825,B722,_,00090,1584
B722__00060.1585,13.986852489340624,42.192411475,B722,_,00060,1585
B722__00420.1585,14.01535822287892,42.14590793,B722,_,00420,1585
B722__00290.1585,14.011346347599538,42.159599560000004,B722,_,00290,1585
B722__00290.1586,14.011400659237182,42.15949221,B722,_,00290,1586
B722__00420.1586,14.014834862256635,42.145765745000006,B722,_,00420,1586
B722__00290.1587,14.011377270968644,42.159612890000005,B722,_,00290,1587
B722__00420.1587,14.01514978092101,42.145844690000004,B722,_,00420,1587
B722__00090.1588,13.973264924494643,42.185117695,B722,_,00090,1588
B722__00420.1588,14.01430284701763,42.146294475,B722,_,00420,1588
B722__00290.1588,14.011431257908178,42.159504795000004,B722,_,00290,1588
B722__0009.1589,13.972136320797816,42.187861510000005,B722,_,0009,1589
B722__00420.1589,14.014297753754427,42.146400955000004,B722,_,00420,1589
B722__00290.1589,14.011403541706077,42.15961677,B722,_,00290,1589
B722__00010.159,13.968603244845465,42.205971895,B722,_,00010,159
B722__00610.159,14.000391364392428,42.11446459,B722,_,00610,159
B722__00600.159,14.009230678699254,42.124702575,B722,_,00600,159
B722__00590.159,14.00340185335632,42.129135025,B722,_,00590,159
B722__00540.159,14.045189297195416,42.140246395,B722,_,00540,159
B722__00530.159,14.025937225945093,42.142641854999994,B722,_,00530,159
B722__00520.159,14.010029560478259,42.141947915,B722,_,00520,159
B722__0051.159,14.004962683408458,42.140696715000004,B722,_,0051,159
B722__00500.159,13.993599316197475,42.12861729,B722,_,00500,159
B722__00490.159,13.987347718269977,42.12598551,B722,_,00490,159
B722__00480.159,13.978556655860947,42.134002300000006,B722,_,00480,159
B722__00440.159,14.04438786151577,42.154888805,B722,_,00440,159
B722__00430.159,14.025192971498,42.155849364999995,B722,_,00430,159
B722__00420.159,14.016443913908759,42.15017621,B722,_,00420,159
B722__00410.159,14.009856654736922,42.157535839999994,B722,_,00410,159
B722__00390.159,14.001179491608895,42.142380955,B722,_,00390,159
B722__00380.159,14.001697358638943,42.139834565,B722,_,00380,159
B722__00370.159,13.980795769196618,42.140052,B722,_,00370,159
B722__00360.159,13.99606481846906,42.150077195,B722,_,00360,159
B722__00350.159,13.98575440782633,42.146328870000005,B722,_,00350,159
B722__00340.159,13.974937255409133,42.14681454,B722,_,00340,159
B722__00290.159,14.002441819818378,42.161510410000005,B722,_,00290,159
B722__0028.159,13.998201050651968,42.158405565,B722,_,0028,159
B722__00270.159,13.993956696664625,42.156816085,B722,_,00270,159
B722__00260.159,13.990813510249952,42.16188819,B722,_,00260,159
B722__00250.159,13.97579676048044,42.16304237,B722,_,00250,159
B722__00230.159,14.066550703176965,42.1636829,B722,_,00230,159
B722__00220.159,14.055685799370139,42.168115424999996,B722,_,00220,159
B722__00200.159,14.027589323579202,42.167388905,B722,_,00200,159
B722__00190.159,13.991142848096292,42.16576217,B722,_,00190,159
B722__00180.159,14.018541084922997,42.17639424,B722,_,00180,159
B722__00170.159,14.012086052664424,42.175007570000005,B722,_,00170,159
B722__00160.159,14.013122495154533,42.170786975,B722,_,00160,159
B722__00150.159,13.997843223362562,42.174424115,B722,_,00150,159
B722__00140.159,13.983020377613862,42.172974615,B722,_,00140,159
B722__00130.159,13.980325415385582,42.17257126,B722,_,00130,159
B722__00120.159,14.005583014540447,42.189038225000004,B722,_,00120,159
B722__00110.159,13.991236011269798,42.181351495,B722,_,00110,159
B722__00100.159,13.979601317290683,42.18520862,B722,_,00100,159
B722__00080.159,13.960277183945095,42.187981070000006,B722,_,00080,159
B722__00070.159,13.995756593833573,42.194859035,B722,_,00070,159
B722__00060.159,13.98379844386008,42.19857365,B722,_,00060,159
B722__00050.159,13.97190429645373,42.19422257,B722,_,00050,159
B722__00040.159,13.972995509061958,42.19792663,B722,_,00040,159
B722__00030.159,13.96660162439282,42.19679561,B722,_,00030,159
B722__00020.159,13.97611457803088,42.20510135,B722,_,00020,159
B722__00090.1590,13.969858084067916,42.185322995,B722,_,00090,1590
B722__00420.1590,14.013883654918905,42.14609693,B722,_,00420,1590
B722__00290.1590,14.011457778243404,42.15951593,B722,_,00290,1590
B722__00290.1591,14.011456061555679,42.15964728,B722,_,00290,1591
B722__00420.1591,14.01379067245846,42.1461717,B722,_,00420,1591
B722__00090.1592,13.97039511758511,42.185226455,B722,_,00090,1592
B722__00290.1592,14.011518059631278,42.159579210000004,B722,_,00290,1592
B722__00090.1593,13.97509498781509,42.179315615,B722,_,00090,1593
B722__00420.1593,14.015891608330552,42.149910155,B722,_,00420,1593
B722__00290.1593,14.011430589552148,42.159697285,B722,_,00290,1593
B722__00290.1594,14.01159777390378,42.159597129999995,B722,_,00290,1594
B722__00420.1594,14.015969822269078,42.149894985,B722,_,00420,1594
B722__00090.1595,13.977866617914488,42.18547671,B722,_,00090,1595
B722__00420.1595,14.015812725697026,42.149924425,B722,_,00420,1595
B722__00290.1595,14.011550565362388,42.159642039999994,B722,_,00290,1595
B722__00060.1596,13.98693039588743,42.196935620000005,B722,_,00060,1596
B722__00420.1596,14.016148920402912,42.149825035,B722,_,00420,1596
B722__00290.1596,14.011587848252825,42.159769755,B722,_,00290,1596
B722__00060.1597,13.98698885702223,42.19685077,B722,_,00060,1597
B722__00420.1597,14.013358703874292,42.146362194999995,B722,_,00420,1597
B722__00290.1597,14.011632221982248,42.159769755,B722,_,00290,1597
B722__00290.1598,14.011787007978405,42.159489199999996,B722,_,00290,1598
B722__00420.1598,14.01341240266059,42.146338369999995,B722,_,00420,1598
B722__00060.1599,13.986815582894023,42.196750355,B722,_,00060,1599
B722__00420.1599,14.007407716629569,42.14867049,B722,_,00420,1599
B722__00290.1599,14.01176101374299,42.159495645,B722,_,00290,1599
B722__00010.16,13.969800817637598,42.210406809999995,B722,_,00010,16
B722__00610.16,13.991656339106372,42.121237844999996,B722,_,00610,16
B722__00590.16,13.990670543423214,42.1265222,B722,_,00590,16
B722__00540.16,14.038387651767358,42.14725153,B722,_,00540,16
B722__00530.16,14.02672000685414,42.148682269999995,B722,_,00530,16
B722__00520.16,14.00762997373697,42.14211891,B722,_,00520,16
B722__0051.16,14.004640188032612,42.142836345,B722,_,0051,16
B722__00500.16,13.987326912945191,42.13608524,B722,_,00500,16
B722__00490.16,13.985947366096244,42.132037034999996,B722,_,00490,16
B722__00480.16,13.979199436724105,42.13937263,B722,_,00480,16
B722__00450.16,14.05334180757464,42.14537782,B722,_,00450,16
B722__00440.16,14.045068642011971,42.155729595,B722,_,00440,16
B722__00430.16,14.022637107681827,42.158326525,B722,_,00430,16
B722__00420.16,14.006300445154757,42.14996015,B722,_,00420,16
B722__00410.16,14.005987418523553,42.158819214999994,B722,_,00410,16
B722__00400.16,14.003008016841441,42.153876235,B722,_,00400,16
B722__00390.16,13.999662712734587,42.145251744999996,B722,_,00390,16
B722__00380.16,14.000221414130738,42.142584085,B722,_,00380,16
B722__00360.16,13.996149037628271,42.15334416,B722,_,00360,16
B722__00350.16,13.983129452497,42.14882448,B722,_,00350,16
B722__00340.16,13.974935301366141,42.14903436,B722,_,00340,16
B722__00330.16,13.973644218473368,42.15524393,B722,_,00330,16
B722__00310.16,14.040632985926813,42.16106944,B722,_,00310,16
B722__00300.16,14.028607026222797,42.165645139999995,B722,_,00300,16
B722__00290.16,14.004481942949372,42.162277415000005,B722,_,00290,16
B722__0028.16,13.997545436006753,42.159346845,B722,_,0028,16
B722__00270.16,13.99107035020614,42.160422,B722,_,00270,16
B722__00260.16,13.98291013853325,42.16557621,B722,_,00260,16
B722__00250.16,13.982236789594326,42.166869425,B722,_,00250,16
B722__00230.16,14.061972641535295,42.169987715000005,B722,_,00230,16
B722__00220.16,14.04800342825533,42.170539515,B722,_,00220,16
B722__00210.16,14.03294811087643,42.172570265000004,B722,_,00210,16
B722__00200.16,14.018358981879052,42.168634260000005,B722,_,00200,16
B722__00190.16,13.994818333764515,42.169259800000006,B722,_,00190,16
B722__00180.16,14.020578610755317,42.17940611,B722,_,00180,16
B722__00170.16,14.011414390933961,42.181995055,B722,_,00170,16
B722__00150.16,13.997858797650398,42.17927033,B722,_,00150,16
B722__00140.16,13.986263550672408,42.174137525,B722,_,00140,16
B722__00130.16,13.98001454558463,42.17893514,B722,_,00130,16
B722__00120.16,14.004880102273745,42.193415869999995,B722,_,00120,16
B722__00110.16,13.995750778569548,42.18744508,B722,_,00110,16
B722__00100.16,13.98202641202748,42.188341305,B722,_,00100,16
B722__0009.16,13.972062743571332,42.187697385,B722,_,0009,16
B722__00080.16,13.957392308476571,42.189518805000006,B722,_,00080,16
B722__00070.16,13.994962855658876,42.196600195,B722,_,00070,16
B722__00060.16,13.984451647901466,42.199934424999995,B722,_,00060,16
B722__00050.16,13.98185206456898,42.19534403,B722,_,00050,16
B722__00040.16,13.973113279213155,42.20274248,B722,_,00040,16
B722__00030.16,13.966866020640023,42.199343845,B722,_,00030,16
B722__00020.16,13.975443441040365,42.208423005,B722,_,00020,16
B722__00010.160,13.972813943955607,42.20481072,B722,_,00010,160
B722__00610.160,14.001418297946884,42.114950054999994,B722,_,00610,160
B722__00600.160,14.009390680604962,42.12464753,B722,_,00600,160
B722__00590.160,13.995327129128743,42.127740349999996,B722,_,00590,160
B722__00540.160,14.045146719343421,42.139236194999995,B722,_,00540,160
B722__00530.160,14.026232175179906,42.142626545,B722,_,00530,160
B722__00520.160,14.01027412215382,42.142066535,B722,_,00520,160
B722__0051.160,14.005076409759882,42.140148755,B722,_,0051,160
B722__00500.160,13.994270448223114,42.12861729,B722,_,00500,160
B722__00490.160,13.986056795576278,42.124757985,B722,_,00490,160
B722__00480.160,13.978895990748414,42.133905115000005,B722,_,00480,160
B722__00440.160,14.043919415744039,42.154731979999994,B722,_,00440,160
B722__00430.160,14.025819656618104,42.155865125,B722,_,00430,160
B722__00420.160,14.016664384417194,42.15014026,B722,_,00420,160
B722__00410.160,14.010180029731861,42.15755264,B722,_,00410,160
B722__00400.160,14.004577199213013,42.15020559,B722,_,00400,160
B722__00390.160,14.000511320067261,42.142120005,B722,_,00390,160
B722__00380.160,14.0018441009639,42.139915880000004,B722,_,00380,160
B722__00370.160,13.98107485028471,42.140362185,B722,_,00370,160
B722__00360.160,13.996160018096926,42.150009534999995,B722,_,00360,160
B722__00350.160,13.985415574687202,42.1461018,B722,_,00350,160
B722__00340.160,13.972623039222292,42.144730190000004,B722,_,00340,160
B722__00290.160,14.0023554398342,42.16101837,B722,_,00290,160
B722__0028.160,13.998263906333332,42.158392565,B722,_,0028,160
B722__00270.160,13.994310912019767,42.156350375,B722,_,00270,160
B722__00260.160,13.99089724576605,42.161793810000006,B722,_,00260,160
B722__00250.160,13.97566801037879,42.162616799999995,B722,_,00250,160
B722__00230.160,14.066873474003671,42.163398474999994,B722,_,00230,160
B722__00220.160,14.055564921479174,42.1682803,B722,_,00220,160
B722__00200.160,14.027802094993632,42.16738482,B722,_,00200,160
B722__00190.160,13.991209658567525,42.16563145,B722,_,00190,160
B722__00180.160,14.018815363860933,42.17610109,B722,_,00180,160
B722__00170.160,14.01215368955621,42.17499412,B722,_,00170,160
B722__00160.160,14.013716733522525,42.170599385,B722,_,00160,160
B722__00150.160,13.998078787352132,42.174529164999996,B722,_,00150,160
B722__00140.160,13.986578683341403,42.170300354999995,B722,_,00140,160
B722__00130.160,13.98000960848074,42.17232871,B722,_,00130,160
B722__00120.160,14.00580283317506,42.188726405,B722,_,00120,160
B722__00110.160,13.991271967384392,42.181554385,B722,_,00110,160
B722__00100.160,13.979334555200225,42.185293970000004,B722,_,00100,160
B722__00080.160,13.960559833561762,42.187838095000004,B722,_,00080,160
B722__00070.160,13.995783841789653,42.19464816,B722,_,00070,160
B722__00060.160,13.983752518746797,42.19853044,B722,_,00060,160
B722__00050.160,13.97203611295171,42.194171685,B722,_,00050,160
B722__00040.160,13.972971715847855,42.197724985,B722,_,00040,160
B722__00030.160,13.966675168957561,42.19722953,B722,_,00030,160
B722__00020.160,13.976183080290017,42.205317175,B722,_,00020,160
B722__0009.1600,13.971649123356274,42.18718932,B722,_,0009,1600
B722__00420.1600,14.010280766448556,42.148521515,B722,_,00420,1600
B722__00290.1600,14.01182798698591,42.15944472,B722,_,00290,1600
B722__0009.1601,13.970091021305343,42.18699081,B722,_,0009,1601
B722__00290.1601,14.01179572819224,42.159442315,B722,_,00290,1601
B722__00420.1602,14.009317747833922,42.146711795,B722,_,00420,1602
B722__00290.1603,14.011014267110895,42.1592433,B722,_,00290,1603
B722__00420.1603,14.009456643937213,42.14679568,B722,_,00420,1603
B722__00290.1604,14.010905159258062,42.15919994,B722,_,00290,1604
B722__00420.1604,14.018801236476307,42.150829744999996,B722,_,00420,1604
B722__00290.1605,14.010900975866983,42.159257964999995,B722,_,00290,1605
B722__00420.1605,14.012242345958452,42.142376225,B722,_,00420,1605
B722__00090.1606,13.97813393575882,42.185654925,B722,_,00090,1606
B722__00420.1606,14.013471324979388,42.146318475,B722,_,00420,1606
B722__00290.1606,14.010649248197925,42.159219699999994,B722,_,00290,1606
B722__00090.1607,13.978094834762667,42.185643655,B722,_,00090,1607
B722__00420.1607,14.013508481113675,42.1462827,B722,_,00420,1607
B722__00290.1607,14.01081755879141,42.159298039999996,B722,_,00290,1607
B722__00090.1608,13.978087730462267,42.185617715,B722,_,00090,1608
B722__00420.1608,14.013290178564068,42.146275085,B722,_,00420,1608
B722__00290.1608,14.010709521264882,42.15933104,B722,_,00290,1608
B722__00290.1609,14.010622909874936,42.159324825,B722,_,00290,1609
B722__00420.1609,14.012683129153988,42.145615895000006,B722,_,00420,1609
B722__00010.161,13.968994532283455,42.205802160000005,B722,_,00010,161
B722__00610.161,14.001836057704459,42.115841794999994,B722,_,00610,161
B722__00600.161,14.010180412996359,42.125159815,B722,_,00600,161
B722__00540.161,14.045511111845695,42.139843135,B722,_,00540,161
B722__00530.161,14.027466896577936,42.142768919999995,B722,_,00530,161
B722__00520.161,14.010362450576784,42.1419597,B722,_,00520,161
B722__0051.161,14.004807128425028,42.13970941,B722,_,0051,161
B722__00500.161,13.996742221027166,42.138046405,B722,_,00500,161
B722__00490.161,13.986211401791225,42.124586109999996,B722,_,00490,161
B722__00480.161,13.979449003253778,42.13389977,B722,_,00480,161
B722__00440.161,14.044404231718605,42.155216355,B722,_,00440,161
B722__00430.161,14.026426170982814,42.15621799,B722,_,00430,161
B722__00410.161,14.009815935139528,42.157048685,B722,_,00410,161
B722__00400.161,14.00205612603143,42.147728235,B722,_,00400,161
B722__00390.161,14.000664267995365,42.14210063,B722,_,00390,161
B722__00380.161,14.002112400259254,42.14014898,B722,_,00380,161
B722__00370.161,13.982194621477689,42.14151071,B722,_,00370,161
B722__00360.161,13.99585916149163,42.14985601,B722,_,00360,161
B722__00350.161,13.985903558201073,42.14616213,B722,_,00350,161
B722__00340.161,13.97221113844067,42.144470485,B722,_,00340,161
B722__00290.161,14.002398359270032,42.161094160000005,B722,_,00290,161
B722__0028.161,13.998305768764425,42.158377555,B722,_,0028,161
B722__00270.161,13.994566994019815,42.15680276,B722,_,00270,161
B722__00260.161,13.990648282328891,42.161623575,B722,_,00260,161
B722__00250.161,13.975922905781488,42.162490355,B722,_,00250,161
B722__00230.161,14.067388057213023,42.16351297,B722,_,00230,161
B722__00220.161,14.055101355329096,42.168695645,B722,_,00220,161
B722__00200.161,14.028019560726475,42.16729194,B722,_,00200,161
B722__00190.161,13.991921514625112,42.16632886,B722,_,00190,161
B722__00180.161,14.01981272383147,42.175639375,B722,_,00180,161
B722__00170.161,14.012208173622934,42.174975875,B722,_,00170,161
B722__00160.161,14.013047788268468,42.170730575,B722,_,00160,161
B722__00150.161,13.99826406863611,42.174636750000005,B722,_,00150,161
B722__00140.161,13.986809926233907,42.17043749,B722,_,00140,161
B722__00120.161,14.006474498597855,42.189063405,B722,_,00120,161
B722__00110.161,13.991280042094324,42.181750475,B722,_,00110,161
B722__00100.161,13.978672377966426,42.185480305,B722,_,00100,161
B722__00080.161,13.960684279375863,42.1877625,B722,_,00080,161
B722__00070.161,13.995742751505187,42.194321105,B722,_,00070,161
B722__00060.161,13.983774748480517,42.19847991,B722,_,00060,161
B722__00050.161,13.97190266869637,42.194078155,B722,_,00050,161
B722__00040.161,13.97258424273016,42.19759365,B722,_,00040,161
B722__00030.161,13.966968449519653,42.19655059,B722,_,00030,161
B722__00020.161,13.976412819758078,42.20537575,B722,_,00020,161
B722__00060.1610,13.987647891781425,42.200098245,B722,_,00060,1610
B722__00420.1610,14.0132316961319,42.145818835,B722,_,00420,1610
B722__00290.1610,14.010574640722401,42.1593589,B722,_,00290,1610
B722__00090.1610,13.977923517133606,42.18561818,B722,_,00090,1610
B722__0009.1611,13.969860839614682,42.18628588,B722,_,0009,1611
B722__00420.1611,14.01270594213048,42.14549253,B722,_,00420,1611
B722__00290.1611,14.01049545395496,42.15936293,B722,_,00290,1611
B722__0009.1612,13.969776467219049,42.186240979999994,B722,_,0009,1612
B722__00420.1612,14.013313947558936,42.145729085,B722,_,00420,1612
B722__00290.1612,14.010493554270887,42.159336765000006,B722,_,00290,1612
B722__0009.1613,13.969794462407243,42.186290420000006,B722,_,0009,1613
B722__0009.1614,13.970348457310202,42.186006765,B722,_,0009,1614
B722__00420.1614,14.014879782852278,42.143288635000005,B722,_,00420,1614
B722__00290.1614,14.008848286114894,42.161399325000005,B722,_,00290,1614
B722__00090.1615,13.977368220874055,42.181003695,B722,_,00090,1615
B722__00420.1615,14.01437103246787,42.14316203,B722,_,00420,1615
B722__00290.1615,14.011036643207497,42.159209935,B722,_,00290,1615
B722__00090.1616,13.977034807589149,42.180459345,B722,_,00090,1616
B722__00420.1616,14.015587325099474,42.149733755,B722,_,00420,1616
B722__00290.1616,14.011110457666593,42.159153905,B722,_,00290,1616
B722__00090.1617,13.976684142056842,42.18086523,B722,_,00090,1617
B722__00420.1617,14.015675960682875,42.14970088,B722,_,00420,1617
B722__00290.1617,14.009868647543612,42.160191905,B722,_,00290,1617
B722__00090.1618,13.972021202119116,42.187328905,B722,_,00090,1618
B722__00420.1618,14.015322859357713,42.14930562,B722,_,00420,1618
B722__00290.1618,14.008568267442703,42.15987425,B722,_,00290,1618
B722__00060.1619,13.986472950231345,42.197612989999996,B722,_,00060,1619
B722__00290.1619,14.008332334422384,42.159936295,B722,_,00290,1619
B722__00010.162,13.968733094469254,42.206313484999995,B722,_,00010,162
B722__00610.162,14.002174344645704,42.116679015,B722,_,00610,162
B722__00540.162,14.0463037193955,42.139974505,B722,_,00540,162
B722__00530.162,14.028533823470287,42.143219744999996,B722,_,00530,162
B722__00520.162,14.010502537162623,42.141836895,B722,_,00520,162
B722__00500.162,13.994531910788538,42.136390145,B722,_,00500,162
B722__00490.162,13.986887322281596,42.124844685,B722,_,00490,162
B722__00480.162,13.979939229349517,42.134286095,B722,_,00480,162
B722__00440.162,14.044790582533924,42.15512663,B722,_,00440,162
B722__00430.162,14.026795312371718,42.155900635,B722,_,00430,162
B722__00410.162,14.009981388037334,42.15707406,B722,_,00410,162
B722__00400.162,14.002608045356123,42.148106705000004,B722,_,00400,162
B722__00390.162,14.000773695364012,42.142055285,B722,_,00390,162
B722__00380.162,14.00197837303596,42.139856824999995,B722,_,00380,162
B722__00370.162,13.983281896091874,42.14157855,B722,_,00370,162
B722__00360.162,13.995943028833414,42.14977504,B722,_,00360,162
B722__00350.162,13.986230100854058,42.1460803,B722,_,00350,162
B722__00340.162,13.97338546058079,42.14479903,B722,_,00340,162
B722__00290.162,14.002498023700406,42.161181209999995,B722,_,00290,162
B722__0028.162,13.99824453402821,42.1582394,B722,_,0028,162
B722__00270.162,13.994834961376064,42.156669574999995,B722,_,00270,162
B722__00260.162,13.985633519932723,42.16207822,B722,_,00260,162
B722__00250.162,13.976517070750617,42.16266712,B722,_,00250,162
B722__00230.162,14.066221195904767,42.16240929,B722,_,00230,162
B722__00220.162,14.056617705086037,42.16842661,B722,_,00220,162
B722__00200.162,14.027948163043302,42.167434244999995,B722,_,00200,162
B722__00180.162,14.021660416484828,42.175370994999994,B722,_,00180,162
B722__00170.162,14.012241644105615,42.17496893,B722,_,00170,162
B722__00160.162,14.013594016320752,42.170583615,B722,_,00160,162
B722__00150.162,13.997643397247394,42.173965835,B722,_,00150,162
B722__00140.162,13.987499279184302,42.169940255,B722,_,00140,162
B722__00130.162,13.9809709771493,42.1725707,B722,_,00130,162
B722__00120.162,14.007099395360726,42.18916048,B722,_,00120,162
B722__00110.162,13.991082674969622,42.181987635,B722,_,00110,162
B722__00100.162,13.978753738590974,42.185204555,B722,_,00100,162
B722__00080.162,13.96060629074707,42.187643390000005,B722,_,00080,162
B722__00060.162,13.983864690809565,42.198441009999996,B722,_,00060,162
B722__00050.162,13.972224124990493,42.19407622,B722,_,00050,162
B722__00040.162,13.972823853561113,42.19750875,B722,_,00040,162
B722__00030.162,13.967349645024845,42.19670443,B722,_,00030,162
B722__00020.162,13.976464928099551,42.205554095,B722,_,00020,162
B722__00060.1620,13.986585747646949,42.197780255,B722,_,00060,1620
B722__00290.1620,14.009010912028689,42.16029355,B722,_,00290,1620
B722__00090.1620,13.972087296852923,42.187236625,B722,_,00090,1620
B722__00060.1621,13.986890727292275,42.19784155,B722,_,00060,1621
B722__00420.1621,14.015952177009115,42.149650595,B722,_,00420,1621
B722__00090.1621,13.97195763723684,42.187298,B722,_,00090,1621
B722__00090.1622,13.972367073140578,42.186312835,B722,_,00090,1622
B722__00290.1622,14.003345641413922,42.15802077,B722,_,00290,1622
B722__00090.1623,13.972375739730644,42.186243735000005,B722,_,00090,1623
B722__00290.1623,14.011678546456494,42.15802268,B722,_,00290,1623
B722__0009.1624,13.969326154237951,42.186126555,B722,_,0009,1624
B722__00060.1625,13.986621495510764,42.197959804999996,B722,_,00060,1625
B722__00420.1625,14.013137317778101,42.146467375,B722,_,00420,1625
B722__0009.1625,13.967520602747832,42.187642725,B722,_,0009,1625
B722__00060.1626,13.986915213131535,42.198181445,B722,_,00060,1626
B722__00420.1626,14.007691839399488,42.14833383,B722,_,00420,1626
B722__00290.1626,14.009337632516143,42.16020514,B722,_,00290,1626
B722__0009.1626,13.967506320962727,42.186953329999994,B722,_,0009,1626
B722__00060.1627,13.987136474582964,42.198184319999996,B722,_,00060,1627
B722__00420.1627,14.017614038788155,42.15104441,B722,_,00420,1627
B722__00290.1627,14.009264216667116,42.16026481,B722,_,00290,1627
B722__0009.1627,13.968701124672943,42.187173630000004,B722,_,0009,1627
B722__00060.1628,13.986771392140554,42.19806258,B722,_,00060,1628
B722__00420.1628,14.007681725990501,42.1487808,B722,_,00420,1628
B722__00290.1628,14.009253857576189,42.160098185,B722,_,00290,1628
B722__00090.1628,13.977769083545821,42.185615555,B722,_,00090,1628
B722__00090.1629,13.97771071747934,42.185635955,B722,_,00090,1629
B722__00420.1629,14.007846668910332,42.148567775000004,B722,_,00420,1629
B722__00290.1629,14.009234491674459,42.16020514,B722,_,00290,1629
B722__00010.163,13.970374437965837,42.21060905,B722,_,00010,163
B722__00610.163,14.002793561923252,42.115875605,B722,_,00610,163
B722__00600.163,14.004152504553577,42.11948687,B722,_,00600,163
B722__00590.163,14.00347096258597,42.12962423,B722,_,00590,163
B722__00540.163,14.046418660190433,42.13956887,B722,_,00540,163
B722__00530.163,14.029437697863786,42.14348169,B722,_,00530,163
B722__00520.163,14.010518347233276,42.14221603,B722,_,00520,163
B722__0051.163,14.004952720276686,42.139794554999995,B722,_,0051,163
B722__00490.163,13.986376426938996,42.12434641,B722,_,00490,163
B722__00480.163,13.980618940720111,42.133825435,B722,_,00480,163
B722__00440.163,14.03942361154175,42.152839415,B722,_,00440,163
B722__00430.163,14.027087794910836,42.155661890000005,B722,_,00430,163
B722__00410.163,14.00985187584396,42.157324595,B722,_,00410,163
B722__00400.163,14.004153106816863,42.149714349999996,B722,_,00400,163
B722__00390.163,14.000864715710302,42.14210203,B722,_,00390,163
B722__00370.163,13.982195713378305,42.14093445,B722,_,00370,163
B722__00360.163,13.996724059841693,42.150240775,B722,_,00360,163
B722__00350.163,13.98542904651574,42.145600385,B722,_,00350,163
B722__00340.163,13.973853168056994,42.144994025,B722,_,00340,163
B722__00270.163,13.994801222148741,42.156398475,B722,_,00270,163
B722__00260.163,13.985575837172464,42.161744185,B722,_,00260,163
B722__00250.163,13.977151163362038,42.162961405000004,B722,_,00250,163
B722__00230.163,14.066240711602166,42.162786045,B722,_,00230,163
B722__00220.163,14.057127238583892,42.16874914,B722,_,00220,163
B722__00190.163,13.992778699477533,42.165301565,B722,_,00190,163
B722__00180.163,14.022029496799767,42.17476374,B722,_,00180,163
B722__00170.163,14.012296903930842,42.17496487,B722,_,00170,163
B722__00160.163,14.01298063799134,42.17068132,B722,_,00160,163
B722__00150.163,13.998824982568859,42.17375267,B722,_,00150,163
B722__00140.163,13.982948442943083,42.172897615,B722,_,00140,163
B722__00130.163,13.981345970464593,42.17240546,B722,_,00130,163
B722__00120.163,14.00635509052281,42.18872109,B722,_,00120,163
B722__00110.163,13.992433865296213,42.18212549,B722,_,00110,163
B722__00100.163,13.978584738591437,42.1851165,B722,_,00100,163
B722__00080.163,13.960571586823933,42.187548635,B722,_,00080,163
B722__00070.163,13.99623873203798,42.194564924999995,B722,_,00070,163
B722__00060.163,13.98392699285116,42.19839195,B722,_,00060,163
B722__00050.163,13.972262309658188,42.193811350000004,B722,_,00050,163
B722__00040.163,13.972744480841552,42.19740919,B722,_,00040,163
B722__00030.163,13.96719939151841,42.195999224999994,B722,_,00030,163
B722__00020.163,13.976803141589286,42.20555641999999,B722,_,00020,163
B722__00060.1630,13.98703845455955,42.198329775000005,B722,_,00060,1630
B722__00420.1630,14.007932704453303,42.148416165,B722,_,00420,1630
B722__00290.1630,14.010085087960721,42.161372615,B722,_,00290,1630
B722__0009.1630,13.971789005569413,42.18801747,B722,_,0009,1630
B722__00060.1631,13.986839733107022,42.198251985,B722,_,00060,1631
B722__00290.1631,14.011963840824478,42.158407659999995,B722,_,00290,1631
B722__00090.1631,13.978203487568567,42.185196735000005,B722,_,00090,1631
B722__00060.1632,13.987221230166941,42.198144785,B722,_,00060,1632
B722__00290.1632,14.010756265937133,42.15949036000001,B722,_,00290,1632
B722__00090.1632,13.978183255359362,42.185188839999995,B722,_,00090,1632
B722__00090.1633,13.978100569263287,42.185227465,B722,_,00090,1633
B722__00420.1633,14.00739681533156,42.148500865,B722,_,00420,1633
B722__00290.1633,14.005384750299378,42.16181507,B722,_,00290,1633
B722__00060.1634,13.990575464714645,42.19638025,B722,_,00060,1634
B722__00420.1634,14.01519644061534,42.14569389,B722,_,00420,1634
B722__00290.1634,14.011392486253474,42.158540959999996,B722,_,00290,1634
B722__00090.1634,13.977963495109247,42.18526838,B722,_,00090,1634
B722__00090.1635,13.978028772240226,42.185299619999995,B722,_,00090,1635
B722__00290.1635,14.010362263651146,42.159507725,B722,_,00290,1635
B722__00060.1636,13.990435296086956,42.19541494,B722,_,00060,1636
B722__00290.1636,14.010433917980542,42.159611585,B722,_,00290,1636
B722__00090.1636,13.978005527761407,42.18521222,B722,_,00090,1636
B722__00060.1637,13.990815436128706,42.195785225,B722,_,00060,1637
B722__00420.1637,14.01819400076837,42.15022515,B722,_,00420,1637
B722__00090.1637,13.977931877621682,42.18526838,B722,_,00090,1637
B722__00060.1638,13.990713193915107,42.195783275,B722,_,00060,1638
B722__00420.1638,14.01875948360112,42.15036859,B722,_,00420,1638
B722__00090.1638,13.97785527107856,42.185268289999996,B722,_,00090,1638
B722__00090.1639,13.977911929578564,42.18531202,B722,_,00090,1639
B722__00010.164,13.969094227815962,42.2060072,B722,_,00010,164
B722__00610.164,14.0032276520305,42.116277265,B722,_,00610,164
B722__00600.164,14.004250297206458,42.119142735,B722,_,00600,164
B722__00590.164,14.00380622040404,42.128031414999995,B722,_,00590,164
B722__00540.164,14.04599751346851,42.139579745,B722,_,00540,164
B722__00530.164,14.030704694718183,42.143377095000005,B722,_,00530,164
B722__00520.164,14.010695819878654,42.142066235,B722,_,00520,164
B722__0051.164,14.004977926847857,42.139645875,B722,_,0051,164
B722__00500.164,13.991781899274901,42.136042919999994,B722,_,00500,164
B722__00490.164,13.988419189642205,42.131528195,B722,_,00490,164
B722__00480.164,13.975935362460795,42.133143270000005,B722,_,00480,164
B722__00440.164,14.043418671287611,42.150802495,B722,_,00440,164
B722__00430.164,14.027374588909675,42.155503460000006,B722,_,00430,164
B722__00420.164,14.016942833662958,42.150492995,B722,_,00420,164
B722__00410.164,14.010442093620993,42.157490185,B722,_,00410,164
B722__00400.164,14.002046817434984,42.147205455,B722,_,00400,164
B722__00390.164,14.000887022629,42.142131365,B722,_,00390,164
B722__00380.164,14.00227106101189,42.139824250000004,B722,_,00380,164
B722__00370.164,13.983415993850343,42.13981618,B722,_,00370,164
B722__00360.164,13.996423594286552,42.150204285,B722,_,00360,164
B722__00350.164,13.985067577641471,42.145863129999995,B722,_,00350,164
B722__00340.164,13.974408678455454,42.145399725000004,B722,_,00340,164
B722__00290.164,14.002686433477294,42.16098832,B722,_,00290,164
B722__00270.164,13.994740182838651,42.156219035,B722,_,00270,164
B722__00260.164,13.986130652476373,42.162085945,B722,_,00260,164
B722__00250.164,13.977215854456592,42.16319268,B722,_,00250,164
B722__00230.164,14.066839840408122,42.16292719,B722,_,00230,164
B722__00220.164,14.056827959303241,42.16896419,B722,_,00220,164
B722__00200.164,14.0280670500517,42.16753788,B722,_,00200,164
B722__00190.164,13.992359871991528,42.165811775,B722,_,00190,164
B722__00180.164,14.022235619071832,42.17523536,B722,_,00180,164
B722__00160.164,14.013550151621695,42.170533094999996,B722,_,00160,164
B722__00150.164,13.9990336461899,42.173535349999995,B722,_,00150,164
B722__00140.164,13.982975969403139,42.172600755000005,B722,_,00140,164
B722__00130.164,13.981417737955393,42.17228426,B722,_,00130,164
B722__00120.164,14.00599010154116,42.188213785,B722,_,00120,164
B722__00110.164,13.992536436392891,42.182321035,B722,_,00110,164
B722__00100.164,13.978540730491574,42.18493996,B722,_,00100,164
B722__0009.164,13.96974555851472,42.18668746,B722,_,0009,164
B722__00070.164,13.99689632888057,42.19464789,B722,_,00070,164
B722__00060.164,13.984063560797804,42.198370655,B722,_,00060,164
B722__00050.164,13.972513334343832,42.19387568,B722,_,00050,164
B722__00040.164,13.972676310167387,42.197288209999996,B722,_,00040,164
B722__00030.164,13.967927826599144,42.196593145,B722,_,00030,164
B722__00020.164,13.97666720246589,42.2058923,B722,_,00020,164
B722__00090.1640,13.9777045270031,42.18525548,B722,_,00090,1640
B722__00420.1640,14.010431035377934,42.143207595,B722,_,00420,1640
B722__00060.1641,13.990363008137582,42.195810135,B722,_,00060,1641
B722__00090.1641,13.975752545640237,42.178631725,B722,_,00090,1641
B722__00060.1642,13.99039451606956,42.195850754999995,B722,_,00060,1642
B722__00420.1642,14.007982839748,42.148325015,B722,_,00420,1642
B722__00090.1642,13.977710001258867,42.185705670000004,B722,_,00090,1642
B722__00060.1643,13.990437810528446,42.195859755,B722,_,00060,1643
B722__00420.1643,14.007723646541994,42.148432060000005,B722,_,00420,1643
B722__00090.1643,13.977673017323228,42.1857143,B722,_,00090,1643
B722__00060.1644,13.990507088569323,42.195869845,B722,_,00060,1644
B722__00420.1644,14.007834692165638,42.14839456,B722,_,00420,1644
B722__00090.1644,13.97758417717802,42.18594100999999,B722,_,00090,1644
B722__00090.1645,13.977780607673814,42.185850525,B722,_,00090,1645
B722__00420.1645,14.005557304648562,42.15046398,B722,_,00420,1645
B722__00060.1646,13.990626205593973,42.19578545,B722,_,00060,1646
B722__00290.1646,14.009650108671408,42.161137085,B722,_,00290,1646
B722__00090.1646,13.973212597752799,42.185223734999994,B722,_,00090,1646
B722__00290.1647,14.00881780309614,42.161280975,B722,_,00290,1647
B722__00060.1648,13.990293975494476,42.195941555000005,B722,_,00060,1648
B722__00290.1648,14.009020830814917,42.16127615,B722,_,00290,1648
B722__00060.1649,13.990373157930359,42.19594648,B722,_,00060,1649
B722__00420.1649,14.009364486235965,42.14663701,B722,_,00420,1649
B722__00010.165,13.969309613796785,42.206311435,B722,_,00010,165
B722__00610.165,14.003657242654606,42.11645991,B722,_,00610,165
B722__00600.165,14.004428224818295,42.11911096,B722,_,00600,165
B722__00590.165,13.998610964712043,42.122877285,B722,_,00590,165
B722__00540.165,14.046114061347534,42.13914159,B722,_,00540,165
B722__00530.165,14.025820178370795,42.141915045000005,B722,_,00530,165
B722__00520.165,14.010850262009637,42.14207729,B722,_,00520,165
B722__0051.165,14.005329330960546,42.139930885,B722,_,0051,165
B722__00500.165,13.992799398736025,42.135687114999996,B722,_,00500,165
B722__00490.165,13.98913535549471,42.13024943,B722,_,00490,165
B722__00480.165,13.976208299754447,42.132903334999995,B722,_,00480,165
B722__00440.165,14.04439391663585,42.149964365,B722,_,00440,165
B722__00430.165,14.027234826284085,42.155708745,B722,_,00430,165
B722__00410.165,14.010185652936041,42.15705863,B722,_,00410,165
B722__00400.165,14.002498052284011,42.147335350000006,B722,_,00400,165
B722__00390.165,14.000931421057732,42.142181215,B722,_,00390,165
B722__00380.165,14.002113759521063,42.139824250000004,B722,_,00380,165
B722__00370.165,13.984009990485326,42.14027712,B722,_,00370,165
B722__00360.165,13.99675540957121,42.150392315000005,B722,_,00360,165
B722__00350.165,13.984747626965424,42.14569641,B722,_,00350,165
B722__00340.165,13.974343245972111,42.14543037,B722,_,00340,165
B722__0028.165,13.998157011395453,42.15805926,B722,_,0028,165
B722__00270.165,13.99494061048573,42.156331725,B722,_,00270,165
B722__00260.165,13.98639451797306,42.161926089999994,B722,_,00260,165
B722__00250.165,13.977754762760075,42.163462145,B722,_,00250,165
B722__00230.165,14.067947208909516,42.162587805,B722,_,00230,165
B722__00220.165,14.055893591597467,42.16935807,B722,_,00220,165
B722__00200.165,14.028370855166859,42.167589504999995,B722,_,00200,165
B722__00190.165,13.992151814899163,42.165418535,B722,_,00190,165
B722__00180.165,14.022726913268468,42.175449605,B722,_,00180,165
B722__00170.165,14.01274856209778,42.17491676,B722,_,00170,165
B722__00160.165,14.012868385688567,42.170601235,B722,_,00160,165
B722__00150.165,13.998957790381002,42.175654699999996,B722,_,00150,165
B722__00140.165,13.987040786382375,42.169940255,B722,_,00140,165
B722__00130.165,13.981630076761878,42.172255265000004,B722,_,00130,165
B722__00120.165,14.007381923661484,42.1887715,B722,_,00120,165
B722__00110.165,13.992594134546598,42.182218175,B722,_,00110,165
B722__0009.165,13.969752291462772,42.186663405000004,B722,_,0009,165
B722__00080.165,13.960345161729578,42.18729058,B722,_,00080,165
B722__00070.165,13.996220162124978,42.194863395,B722,_,00070,165
B722__00060.165,13.984472434828376,42.198380205,B722,_,00060,165
B722__00050.165,13.972700053191382,42.19338808,B722,_,00050,165
B722__00040.165,13.973178126196586,42.197234394999995,B722,_,00040,165
B722__00030.165,13.967967598329189,42.19639864,B722,_,00030,165
B722__00020.165,13.977119587390302,42.206662925,B722,_,00020,165
B722__00060.1650,13.990425247241962,42.19595373,B722,_,00060,1650
B722__00420.1650,14.009440487682227,42.14662597,B722,_,00420,1650
B722__00290.1650,14.008721092923835,42.16125746,B722,_,00290,1650
B722__00090.1650,13.97315794480624,42.18494407,B722,_,00090,1650
B722__00060.1651,13.990470656375477,42.195944940000004,B722,_,00060,1651
B722__00420.1651,14.007519247008457,42.14839505,B722,_,00420,1651
B722__00290.1651,14.008686835444902,42.161218225,B722,_,00290,1651
B722__00090.1651,13.973237579031931,42.18491566,B722,_,00090,1651
B722__00060.1652,13.991120025525671,42.195607615,B722,_,00060,1652
B722__00420.1652,14.017471144134522,42.150916855,B722,_,00420,1652
B722__00290.1652,14.008789653078264,42.16115171,B722,_,00290,1652
B722__00090.1652,13.978170971528375,42.1857048,B722,_,00090,1652
B722__00090.1653,13.97830685880639,42.185678949999996,B722,_,00090,1653
B722__00420.1653,14.017496881100698,42.15093729,B722,_,00420,1653
B722__00290.1653,14.008896802093837,42.16109934000001,B722,_,00290,1653
B722__00060.1654,13.991041591464203,42.19556285,B722,_,00060,1654
B722__00420.1654,14.00758828555594,42.148374125000004,B722,_,00420,1654
B722__00290.1654,14.009093734197418,42.16105166,B722,_,00290,1654
B722__00090.1654,13.97832622371579,42.18574483,B722,_,00090,1654
B722__00060.1655,13.99108416393166,42.19550805,B722,_,00060,1655
B722__00420.1655,14.015661060130025,42.144734905,B722,_,00420,1655
B722__00090.1655,13.97833242508489,42.185716125,B722,_,00090,1655
B722__00060.1656,13.985368451101774,42.193365415,B722,_,00060,1656
B722__00420.1656,14.00508614031744,42.150778,B722,_,00420,1656
B722__00290.1656,14.009000049049572,42.161178805,B722,_,00290,1656
B722__00090.1656,13.976645200031912,42.17979728500001,B722,_,00090,1656
B722__00060.1657,13.985306533873707,42.193326735,B722,_,00060,1657
B722__00420.1657,14.011377385417607,42.143069780000005,B722,_,00420,1657
B722__00290.1657,14.009131767934718,42.161183935,B722,_,00290,1657
B722__00090.1657,13.976855225186878,42.179374859999996,B722,_,00090,1657
B722__00060.1658,13.985753129289325,42.19174923,B722,_,00060,1658
B722__00420.1658,14.009805698485998,42.14593874,B722,_,00420,1658
B722__00290.1658,14.00911269855536,42.161226215,B722,_,00290,1658
B722__00090.1658,13.975014071619055,42.17863475,B722,_,00090,1658
B722__00060.1659,13.986097928200657,42.192096285000005,B722,_,00060,1659
B722__00420.1659,14.009512103241793,42.14670027,B722,_,00420,1659
B722__00290.1659,14.011561019734135,42.160645435,B722,_,00290,1659
B722__00090.1659,13.973219003798123,42.18499195,B722,_,00090,1659
B722__00010.166,13.96964601633823,42.205949614999994,B722,_,00010,166
B722__00610.166,14.003058592116336,42.117123285,B722,_,00610,166
B722__00600.166,14.004621852472345,42.11908278,B722,_,00600,166
B722__00590.166,13.999109272170253,42.123462955,B722,_,00590,166
B722__00540.166,14.037853828782499,42.139372655,B722,_,00540,166
B722__00530.166,14.026394155968138,42.141927179999996,B722,_,00530,166
B722__00520.166,14.010901778106174,42.142038455,B722,_,00520,166
B722__0051.166,14.004990809106893,42.139552135,B722,_,0051,166
B722__00500.166,13.993108499177215,42.134538855,B722,_,00500,166
B722__00490.166,13.987547588747194,42.129502335,B722,_,00490,166
B722__00480.166,13.97677299046395,42.13339988,B722,_,00480,166
B722__00440.166,14.044955309604298,42.14985768,B722,_,00440,166
B722__00430.166,14.027577923909618,42.155780609999994,B722,_,00430,166
B722__00400.166,14.003035536856256,42.147401895,B722,_,00400,166
B722__00390.166,14.000947991539217,42.142143250000004,B722,_,00390,166
B722__00380.166,14.002058942771331,42.139732085,B722,_,00380,166
B722__00370.166,13.983878435612015,42.14069094,B722,_,00370,166
B722__00360.166,13.996615748296708,42.14998903,B722,_,00360,166
B722__00350.166,13.984428559813022,42.145584325,B722,_,00350,166
B722__00340.166,13.970383082079765,42.14427746,B722,_,00340,166
B722__00290.166,14.003026129034277,42.160905255,B722,_,00290,166
B722__00270.166,13.995236964394422,42.156634975,B722,_,00270,166
B722__00260.166,13.986500159766893,42.162085945,B722,_,00260,166
B722__00250.166,13.977792120310115,42.16329492,B722,_,00250,166
B722__00230.166,14.067943837553699,42.16296988,B722,_,00230,166
B722__00220.166,14.055525284987564,42.16939122,B722,_,00220,166
B722__00200.166,14.028403916059007,42.16772217,B722,_,00200,166
B722__00190.166,13.992485677372763,42.165811775,B722,_,00190,166
B722__00180.166,14.022836576611633,42.175934964999996,B722,_,00180,166
B722__00170.166,14.0133628931769,42.17477511,B722,_,00170,166
B722__00160.166,14.013573081926676,42.17039454499999,B722,_,00160,166
B722__00150.166,14.001202409568858,42.17374881,B722,_,00150,166
B722__00140.166,13.988514968369216,42.16941025,B722,_,00140,166
B722__00130.166,13.98128394357127,42.171929375000005,B722,_,00130,166
B722__00120.166,14.007490749319452,42.188633925,B722,_,00120,166
B722__00110.166,13.992908335542635,42.182141560000005,B722,_,00110,166
B722__00100.166,13.979243620389031,42.185120085,B722,_,00100,166
B722__0009.166,13.969755653256964,42.18663549,B722,_,0009,166
B722__00080.166,13.960151090110132,42.1871695,B722,_,00080,166
B722__00070.166,13.996909733696253,42.19480862,B722,_,00070,166
B722__00060.166,13.984533713805323,42.198410185,B722,_,00060,166
B722__00050.166,13.973302825232999,42.193656485000005,B722,_,00050,166
B722__00040.166,13.973040369301085,42.197106250000004,B722,_,00040,166
B722__00030.166,13.968331245193976,42.19615224,B722,_,00030,166
B722__00020.166,13.977495127995587,42.206523485000005,B722,_,00020,166
B722__00060.1660,13.986294556243172,42.192039460000004,B722,_,00060,1660
B722__00420.1660,14.009265216410661,42.14662597,B722,_,00420,1660
B722__00290.1660,14.01148233610898,42.160532454999995,B722,_,00290,1660
B722__00090.1660,13.973216116776761,42.18495413,B722,_,00090,1660
B722__00060.1661,13.986194057002844,42.191998505,B722,_,00060,1661
B722__00420.1661,14.009485774302851,42.146706015,B722,_,00420,1661
B722__00290.1661,14.011613177823595,42.160202745,B722,_,00290,1661
B722__00060.1662,13.986641703159927,42.192279895,B722,_,00060,1662
B722__00420.1662,14.01497639097008,42.148831924999996,B722,_,00420,1662
B722__00290.1662,14.011615460635854,42.160067389999995,B722,_,00290,1662
B722__00060.1663,13.986549859387019,42.192324745,B722,_,00060,1663
B722__00420.1663,14.015201503631793,42.149046334999994,B722,_,00420,1663
B722__00290.1663,14.009206994947371,42.16040742,B722,_,00290,1663
B722__00290.1664,14.009457628407329,42.159810320000005,B722,_,00290,1664
B722__00420.1664,14.015212056797,42.149061445,B722,_,00420,1664
B722__00060.1665,13.990715775136838,42.19632772,B722,_,00060,1665
B722__00420.1665,14.014504429385575,42.148831924999996,B722,_,00420,1665
B722__00290.1665,14.009431336776487,42.15986429,B722,_,00290,1665
B722__00290.1666,14.00940848236893,42.159911089999994,B722,_,00290,1666
B722__00420.1666,14.01501396109835,42.149301304999994,B722,_,00420,1666
B722__00060.1667,13.990535276756937,42.19621658,B722,_,00060,1667
B722__00290.1667,14.009401404640922,42.159960670000004,B722,_,00290,1667
B722__00290.1668,14.009399898714175,42.159986045,B722,_,00290,1668
B722__00290.1669,14.009396656226437,42.16002819,B722,_,00290,1669
B722__00010.167,13.969915335404124,42.206194245,B722,_,00010,167
B722__00610.167,14.002566637151912,42.117338739999994,B722,_,00610,167
B722__00600.167,14.004807257400113,42.119107815,B722,_,00600,167
B722__00590.167,13.999473881713318,42.123625955,B722,_,00590,167
B722__00540.167,14.038477556924036,42.1392736,B722,_,00540,167
B722__00530.167,14.026588253382672,42.14216874,B722,_,00530,167
B722__00520.167,14.01092930217401,42.142004154999995,B722,_,00520,167
B722__0051.167,14.005150123073815,42.139503955,B722,_,0051,167
B722__00500.167,13.993198637507971,42.13243714,B722,_,00500,167
B722__00490.167,13.99011293888822,42.127080425,B722,_,00490,167
B722__00480.167,13.977289064294286,42.132765575,B722,_,00480,167
B722__00440.167,14.045469267412862,42.149820295,B722,_,00440,167
B722__00430.167,14.0281675860777,42.15609934,B722,_,00430,167
B722__00410.167,14.004523758123753,42.154616544999996,B722,_,00410,167
B722__00400.167,14.003556197597476,42.147845825000005,B722,_,00400,167
B722__00390.167,14.000914343191642,42.14210203,B722,_,00390,167
B722__00380.167,14.001849793286642,42.13967955,B722,_,00380,167
B722__00370.167,13.984564414707735,42.14083037,B722,_,00370,167
B722__00360.167,13.996515224668928,42.149844439999995,B722,_,00360,167
B722__00350.167,13.98476137745319,42.145158859999995,B722,_,00350,167
B722__00340.167,13.969390829051394,42.14456471,B722,_,00340,167
B722__0028.167,13.99833002880764,42.15820452,B722,_,0028,167
B722__00270.167,13.995123609571046,42.156902474999995,B722,_,00270,167
B722__00260.167,13.98735086702412,42.16237965,B722,_,00260,167
B722__00250.167,13.978191592422986,42.16324406,B722,_,00250,167
B722__00230.167,14.068156255072493,42.16297163,B722,_,00230,167
B722__00220.167,14.055387373103509,42.169662009999996,B722,_,00220,167
B722__00200.167,14.022590180424324,42.168471165,B722,_,00200,167
B722__00190.167,13.992370337138066,42.165368765,B722,_,00190,167
B722__00180.167,14.022919156600828,42.17544172,B722,_,00180,167
B722__00170.167,14.013489559083709,42.17484311,B722,_,00170,167
B722__00160.167,14.012668954683761,42.1704879,B722,_,00160,167
B722__00150.167,14.002009475887126,42.173522160000005,B722,_,00150,167
B722__00140.167,13.989233806148022,42.170047785,B722,_,00140,167
B722__00130.167,13.980933357969592,42.17161863,B722,_,00130,167
B722__00120.167,14.007690343514694,42.18822586500001,B722,_,00120,167
B722__00110.167,13.99345485497998,42.181929435,B722,_,00110,167
B722__00100.167,13.9794325301801,42.184164640000006,B722,_,00100,167
B722__0009.167,13.969761591813606,42.186603255,B722,_,0009,167
B722__00080.167,13.961231277605208,42.186840515,B722,_,00080,167
B722__00070.167,13.997594507121676,42.194861395000004,B722,_,00070,167
B722__00060.167,13.984415313632738,42.198480145000005,B722,_,00060,167
B722__00050.167,13.973480794415472,42.19286964,B722,_,00050,167
B722__00040.167,13.972107940849469,42.197085045,B722,_,00040,167
B722__00030.167,13.968586045350559,42.196424289999996,B722,_,00030,167
B722__00020.167,13.97759141152012,42.206143515,B722,_,00020,167
B722__00060.1670,13.990601480729804,42.196112705000004,B722,_,00060,1670
B722__00290.1670,14.009444423085466,42.159837415,B722,_,00290,1670
B722__00290.1671,14.009390793878818,42.15989704,B722,_,00290,1671
B722__00290.1672,14.009421288184818,42.15986193,B722,_,00290,1672
B722__00420.1672,14.016285265816347,42.14988552,B722,_,00420,1672
B722__00290.1673,14.009435730719508,42.159799809999996,B722,_,00290,1673
B722__00420.1673,14.016454439608413,42.149899829999995,B722,_,00420,1673
B722__00060.1674,13.98671398829193,42.192307755,B722,_,00060,1674
B722__00420.1674,14.016366713534481,42.14980799,B722,_,00420,1674
B722__00290.1674,14.00943383798645,42.1598351,B722,_,00290,1674
B722__00060.1675,13.98622355764522,42.192188895,B722,_,00060,1675
B722__00420.1675,14.01637916515405,42.149773745,B722,_,00420,1675
B722__00290.1675,14.010003554706206,42.161141365000006,B722,_,00290,1675
B722__00060.1676,13.986475173929794,42.192148375,B722,_,00060,1676
B722__00420.1676,14.01640354029363,42.149789155,B722,_,00420,1676
B722__00290.1676,14.010101999132667,42.159740764999995,B722,_,00290,1676
B722__0009.1676,13.969349013122745,42.186673420000005,B722,_,0009,1676
B722__00060.1677,13.986409682177241,42.19230933,B722,_,00060,1677
B722__00420.1677,14.016478890694788,42.149886824999996,B722,_,00420,1677
B722__00290.1677,14.00260563776363,42.159694415000004,B722,_,00290,1677
B722__0009.1677,13.969293612946176,42.186717375,B722,_,0009,1677
B722__0009.1678,13.969336335304277,42.18673224,B722,_,0009,1678
B722__00420.1678,14.011849536979216,42.14266642,B722,_,00420,1678
B722__00290.1678,14.002552704685952,42.159710340000004,B722,_,00290,1678
B722__0009.1679,13.969366292857142,42.1867031,B722,_,0009,1679
B722__00420.1679,14.011842046579872,42.142546945,B722,_,00420,1679
B722__00290.1679,14.003052630389185,42.15922988,B722,_,00290,1679
B722__00010.168,13.970155716795901,42.20595286,B722,_,00010,168
B722__00610.168,14.00316908470154,42.11858733,B722,_,00610,168
B722__00600.168,14.004744001926305,42.119661585,B722,_,00600,168
B722__00590.168,13.999711564486631,42.123667444999995,B722,_,00590,168
B722__00540.168,14.038937366154443,42.139246585,B722,_,00540,168
B722__00530.168,14.026759606064472,42.142389975,B722,_,00530,168
B722__00520.168,14.01113716922227,42.14208294,B722,_,00520,168
B722__00500.168,13.998960790586498,42.13659697,B722,_,00500,168
B722__00490.168,13.989488658037185,42.132012845,B722,_,00490,168
B722__00480.168,13.977700174775514,42.132611425,B722,_,00480,168
B722__00440.168,14.04595720638767,42.14978589,B722,_,00440,168
B722__00430.168,14.028200920282128,42.15598173,B722,_,00430,168
B722__00420.168,14.017915871763517,42.15016905,B722,_,00420,168
B722__00410.168,14.004546634909161,42.154677095,B722,_,00410,168
B722__00400.168,14.003937757373201,42.147656195,B722,_,00400,168
B722__00390.168,14.00086247845439,42.14200425,B722,_,00390,168
B722__00380.168,14.002071486916979,42.13962748,B722,_,00380,168
B722__00370.168,13.983987083052279,42.141203405,B722,_,00370,168
B722__00360.168,13.99639957674036,42.149660945,B722,_,00360,168
B722__00350.168,13.985005832219441,42.144954325,B722,_,00350,168
B722__00340.168,13.969712394847875,42.14472596,B722,_,00340,168
B722__00290.168,14.003423964438733,42.16092349,B722,_,00290,168
B722__0028.168,13.998394631801492,42.158187049999995,B722,_,0028,168
B722__00270.168,13.995157249689978,42.157188405,B722,_,00270,168
B722__00260.168,13.98696165984162,42.16169255,B722,_,00260,168
B722__00250.168,13.97792536376728,42.163084854999994,B722,_,00250,168
B722__00230.168,14.068402458696914,42.162981715,B722,_,00230,168
B722__00220.168,14.040743427049886,42.166129495,B722,_,00220,168
B722__00180.168,14.023059400838388,42.175661635,B722,_,00180,168
B722__00170.168,14.013651936580963,42.17509022,B722,_,00170,168
B722__00160.168,14.013330725547068,42.17033403,B722,_,00160,168
B722__00150.168,14.00084801701033,42.17332745,B722,_,00150,168
B722__00130.168,13.98053786618818,42.17157023,B722,_,00130,168
B722__00120.168,14.007831880669475,42.187963925000005,B722,_,00120,168
B722__00110.168,13.99403254080542,42.181314459999996,B722,_,00110,168
B722__00100.168,13.979844526998109,42.18425509,B722,_,00100,168
B722__0009.168,13.969513788178933,42.186588674999996,B722,_,0009,168
B722__00080.168,13.960872512109542,42.1881153,B722,_,00080,168
B722__00070.168,13.997657412394211,42.19457591,B722,_,00070,168
B722__00060.168,13.984458832913978,42.19851926,B722,_,00060,168
B722__00050.168,13.974449563076531,42.19290701,B722,_,00050,168
B722__00040.168,13.974090922214021,42.19791284,B722,_,00040,168
B722__00030.168,13.968813451869618,42.196427435000004,B722,_,00030,168
B722__00020.168,13.976806199780658,42.205838375,B722,_,00020,168
B722__0009.1680,13.969421119059536,42.18672707,B722,_,0009,1680
B722__00420.1680,14.012450202441306,42.142672245,B722,_,00420,1680
B722__00060.1681,13.986191670822688,42.192361425,B722,_,00060,1681
B722__00420.1681,14.012010997006072,42.142491435,B722,_,00420,1681
B722__00290.1681,14.002493233785763,42.158832114999996,B722,_,00290,1681
B722__0009.1681,13.969399193465902,42.18669984,B722,_,0009,1681
B722__00060.1682,13.986269627909351,42.192361905,B722,_,00060,1682
B722__00420.1682,14.01202940583563,42.142446585,B722,_,00420,1682
B722__0009.1682,13.96943525344511,42.186745805,B722,_,0009,1682
B722__00060.1683,13.985408152655307,42.192896465,B722,_,00060,1683
B722__00420.1683,14.004769520954307,42.15126501,B722,_,00420,1683
B722__00290.1683,14.002182680901061,42.158825745,B722,_,00290,1683
B722__0009.1683,13.96949141657116,42.18674631499999,B722,_,0009,1683
B722__00060.1684,13.986035327379625,42.192759624999994,B722,_,00060,1684
B722__00420.1684,14.01160331945056,42.146753235000006,B722,_,00420,1684
B722__0009.1684,13.96946564917207,42.18672802,B722,_,0009,1684
B722__00060.1685,13.986360596754778,42.192759624999994,B722,_,00060,1685
B722__00420.1685,14.017463258266378,42.15033937,B722,_,00420,1685
B722__00290.1685,14.002239025846944,42.158705659999995,B722,_,00290,1685
B722__0009.1685,13.96954357888194,42.186666685000006,B722,_,0009,1685
B722__00060.1686,13.988298455259795,42.1976448,B722,_,00060,1686
B722__00420.1686,14.017471630745451,42.150201355,B722,_,00420,1686
B722__00290.1686,14.00242392695845,42.15870262,B722,_,00290,1686
B722__0009.1686,13.969500149769832,42.18668257,B722,_,0009,1686
B722__00060.1687,13.985425667291073,42.193186260000004,B722,_,00060,1687
B722__00420.1687,14.01722469826888,42.150592384999996,B722,_,00420,1687
B722__0009.1687,13.969194371653696,42.18677142,B722,_,0009,1687
B722__00060.1688,13.987453173049822,42.197543350000004,B722,_,00060,1688
B722__00420.1688,14.017460609708635,42.1504804,B722,_,00420,1688
B722__0009.1688,13.969270005404127,42.186731875,B722,_,0009,1688
B722__00060.1689,13.990916780583902,42.195451195000004,B722,_,00060,1689
B722__00420.1689,14.01761831355051,42.15033785,B722,_,00420,1689
B722__00290.1689,14.002061758928981,42.158258605,B722,_,00290,1689
B722__0009.1689,13.969105836244449,42.186659595,B722,_,0009,1689
B722__00010.169,13.969870529077145,42.20572997,B722,_,00010,169
B722__00610.169,14.00461759083025,42.117807645,B722,_,00610,169
B722__00600.169,14.00558902549613,42.119337645,B722,_,00600,169
B722__00590.169,14.000018727546712,42.12359848,B722,_,00590,169
B722__00540.169,14.038693861149865,42.138988965,B722,_,00540,169
B722__00530.169,14.027234085082153,42.14219532,B722,_,00530,169
B722__00520.169,14.01092706864932,42.14196113,B722,_,00520,169
B722__00500.169,13.999024586830856,42.13590437,B722,_,00500,169
B722__00490.169,13.989719652833967,42.131968635,B722,_,00490,169
B722__00480.169,13.977957726638046,42.132799809999995,B722,_,00480,169
B722__00440.169,14.046520966869817,42.149624665,B722,_,00440,169
B722__00430.169,14.028286927724398,42.15584575,B722,_,00430,169
B722__00410.169,14.004562660061854,42.154730799999996,B722,_,00410,169
B722__00400.169,14.004785302991674,42.148093329999995,B722,_,00400,169
B722__00390.169,14.00096470277164,42.142087125,B722,_,00390,169
B722__00380.169,14.00184645340316,42.139578145,B722,_,00380,169
B722__00370.169,13.984296991586557,42.14115112,B722,_,00370,169
B722__00360.169,13.996768526543256,42.1497552,B722,_,00360,169
B722__00350.169,13.984878057731834,42.1448604,B722,_,00350,169
B722__00340.169,13.968865690011345,42.143740985,B722,_,00340,169
B722__00290.169,14.001804833667425,42.162201644999996,B722,_,00290,169
B722__0028.169,13.99841980828888,42.15814271,B722,_,0028,169
B722__00270.169,13.995176189147767,42.157604254999995,B722,_,00270,169
B722__00260.169,13.9876772072529,42.162067405,B722,_,00260,169
B722__00250.169,13.977577162301035,42.162998745,B722,_,00250,169
B722__00230.169,14.068327296571681,42.162703875,B722,_,00230,169
B722__00220.169,14.041180611519998,42.166645439999996,B722,_,00220,169
B722__00210.169,14.032573975397158,42.168185305,B722,_,00210,169
B722__00180.169,14.018088308379259,42.178897055,B722,_,00180,169
B722__00170.169,14.014302899103487,42.175057885,B722,_,00170,169
B722__00160.169,14.013026992953423,42.17021692,B722,_,00160,169
B722__00150.169,14.00316036262706,42.174958265,B722,_,00150,169
B722__00140.169,13.988949975896247,42.169154840000004,B722,_,00140,169
B722__00130.169,13.980376915657493,42.171579615,B722,_,00130,169
B722__00120.169,14.007251337550048,42.187557,B722,_,00120,169
B722__00110.169,13.992626200724366,42.181458715000005,B722,_,00110,169
B722__00100.169,13.979915475808975,42.184417545,B722,_,00100,169
B722__0009.169,13.969653904208611,42.186531245,B722,_,0009,169
B722__00080.169,13.961061735793006,42.18719917,B722,_,00080,169
B722__00070.169,13.997754607592029,42.194445545,B722,_,00070,169
B722__00060.169,13.984533893589878,42.19853164,B722,_,00060,169
B722__00050.169,13.981989897351529,42.1932297,B722,_,00050,169
B722__00040.169,13.974071358578668,42.197548675,B722,_,00040,169
B722__00030.169,13.968917201921068,42.196357774999996,B722,_,00030,169
B722__00020.169,13.977063184427383,42.205851815,B722,_,00020,169
B722__0009.1690,13.96908507783421,42.18669337,B722,_,0009,1690
B722__00420.1690,14.016988668065533,42.149833055,B722,_,00420,1690
B722__00290.1690,14.0026834022406,42.158256955,B722,_,00290,1690
B722__0009.1691,13.969036952419824,42.187411615,B722,_,0009,1691
B722__00420.1691,14.017104948012669,42.14979778,B722,_,00420,1691
B722__00060.1692,13.990831575833742,42.195619289999996,B722,_,00060,1692
B722__00420.1692,14.017011127604862,42.15018381,B722,_,00420,1692
B722__00290.1692,14.002693311190198,42.15925408,B722,_,00290,1692
B722__00090.1692,13.97143360845418,42.184210265000004,B722,_,00090,1692
B722__00090.1693,13.972212402131307,42.18442322,B722,_,00090,1693
B722__00420.1693,14.017059369277929,42.15016469,B722,_,00420,1693
B722__00290.1693,14.011770644103027,42.158882555000005,B722,_,00290,1693
B722__00060.1694,13.988103218300243,42.199916110000004,B722,_,00060,1694
B722__00420.1694,14.017109661628158,42.15014403,B722,_,00420,1694
B722__00290.1694,14.003588843666686,42.160002445,B722,_,00290,1694
B722__00090.1694,13.975961681594297,42.178968035,B722,_,00090,1694
B722__00060.1695,13.990248268972858,42.195763025,B722,_,00060,1695
B722__00420.1695,14.016980526121456,42.15013505,B722,_,00420,1695
B722__00290.1695,14.00904451829727,42.16011609,B722,_,00290,1695
B722__00090.1695,13.975885388981188,42.17887704,B722,_,00090,1695
B722__00060.1696,13.990351115685918,42.195705895,B722,_,00060,1696
B722__00420.1696,14.01703392459084,42.150103005,B722,_,00420,1696
B722__00290.1696,14.009114787694312,42.160159335,B722,_,00290,1696
B722__00090.1696,13.97569558975722,42.17900114,B722,_,00090,1696
B722__00090.1697,13.97582012348484,42.179239025,B722,_,00090,1697
B722__00420.1697,14.01707858460539,42.150072664999996,B722,_,00420,1697
B722__00290.1697,14.009140697208505,42.160035289999996,B722,_,00290,1697
B722__00090.1698,13.975766404668745,42.17914105,B722,_,00090,1698
B722__00420.1698,14.016949620128898,42.150078285,B722,_,00420,1698
B722__00290.1698,14.009201969881005,42.160077605,B722,_,00290,1698
B722__00060.1699,13.99020936048564,42.200506105,B722,_,00060,1699
B722__00420.1699,14.016984479477022,42.150077780000004,B722,_,00420,1699
B722__00290.1699,14.00394484551916,42.15921682,B722,_,00290,1699
B722__00090.1699,13.975760764921242,42.17925071,B722,_,00090,1699
B722__00010.17,13.969845399523894,42.21116917,B722,_,00010,17
B722__00610.17,13.991078597570423,42.1201717,B722,_,00610,17
B722__00590.17,13.990727354855615,42.12667791,B722,_,00590,17
B722__00540.17,14.038894921926417,42.147422235,B722,_,00540,17
B722__00530.17,14.026484122345249,42.148943265,B722,_,00530,17
B722__00520.17,14.007583860562669,42.142293605,B722,_,00520,17
B722__0051.17,14.004667197653502,42.142807250000004,B722,_,0051,17
B722__00500.17,13.987639512725028,42.135817925,B722,_,00500,17
B722__00490.17,13.986266483396651,42.131946490000004,B722,_,00490,17
B722__00480.17,13.979749437752968,42.13977078,B722,_,00480,17
B722__00450.17,14.053874547359037,42.144859425,B722,_,00450,17
B722__00440.17,14.045754708688271,42.15571509,B722,_,00440,17
B722__00430.17,14.022503346192888,42.158974924999995,B722,_,00430,17
B722__00420.17,14.006441974766483,42.150114125,B722,_,00420,17
B722__00410.17,14.006047559150513,42.158615345,B722,_,00410,17
B722__00400.17,14.003445209159484,42.1541788,B722,_,00400,17
B722__00390.17,13.999795153535626,42.145080375,B722,_,00390,17
B722__00380.17,14.0002071908171,42.142535345,B722,_,00380,17
B722__00360.17,13.996523922006379,42.153509885,B722,_,00360,17
B722__00350.17,13.983488884601297,42.14904263,B722,_,00350,17
B722__00340.17,13.975513034814778,42.149352070000006,B722,_,00340,17
B722__00330.17,13.973929042737788,42.155181459999994,B722,_,00330,17
B722__00310.17,14.037624245222005,42.160350245000004,B722,_,00310,17
B722__00300.17,14.028660243575985,42.165525564999996,B722,_,00300,17
B722__00290.17,14.00427897796354,42.162452515,B722,_,00290,17
B722__0028.17,13.997611850116266,42.159430815,B722,_,0028,17
B722__00270.17,13.992026198416738,42.1594768,B722,_,00270,17
B722__00260.17,13.98301993290298,42.165540914999994,B722,_,00260,17
B722__00250.17,13.982403453595465,42.166815755,B722,_,00250,17
B722__00230.17,14.063378280066704,42.17022386,B722,_,00230,17
B722__00220.17,14.061193265898172,42.167269015,B722,_,00220,17
B722__00210.17,14.033290907475577,42.1726223,B722,_,00210,17
B722__00200.17,14.018691917907692,42.169266725,B722,_,00200,17
B722__00190.17,13.995328916396673,42.169289115,B722,_,00190,17
B722__00180.17,14.021629987214707,42.17945206,B722,_,00180,17
B722__00170.17,14.012110067523036,42.181263384999994,B722,_,00170,17
B722__00160.17,14.008019447828872,42.175855575,B722,_,00160,17
B722__00150.17,13.998306822939844,42.17882132,B722,_,00150,17
B722__00140.17,13.986304409181953,42.17411174,B722,_,00140,17
B722__00130.17,13.980089685741753,42.17877404,B722,_,00130,17
B722__00120.17,14.005232545280752,42.193480890000004,B722,_,00120,17
B722__00110.17,13.995840295076501,42.187343475,B722,_,00110,17
B722__00100.17,13.982276666203589,42.18839376,B722,_,00100,17
B722__00080.17,13.958336418622284,42.18971404,B722,_,00080,17
B722__00070.17,13.995090490454078,42.19657122,B722,_,00070,17
B722__00060.17,13.984588449421661,42.199764295,B722,_,00060,17
B722__00050.17,13.98191623876167,42.195416155000004,B722,_,00050,17
B722__00040.17,13.97312792302467,42.202821765,B722,_,00040,17
B722__00030.17,13.968390966160715,42.199327205,B722,_,00030,17
B722__00020.17,13.9758248437745,42.208163345,B722,_,00020,17
B722__00010.170,13.970463445087091,42.205962265,B722,_,00010,170
B722__00610.170,14.004136337963388,42.1187525,B722,_,00610,170
B722__00600.170,14.005922477364019,42.119683905,B722,_,00600,170
B722__00590.170,13.999551530509766,42.1230033,B722,_,00590,170
B722__00540.170,14.038904531234834,42.138990115,B722,_,00540,170
B722__00530.170,14.027543017241378,42.1422745,B722,_,00530,170
B722__00520.170,14.01097688968957,42.14193334,B722,_,00520,170
B722__00500.170,13.999843795618935,42.132823105,B722,_,00500,170
B722__00490.170,13.989899087881822,42.131997909999995,B722,_,00490,170
B722__00480.170,13.977965789549653,42.13344271,B722,_,00480,170
B722__00440.170,14.046884868288153,42.149597650000004,B722,_,00440,170
B722__00430.170,14.028421248033066,42.15571574,B722,_,00430,170
B722__00410.170,14.004569699344739,42.15484563,B722,_,00410,170
B722__00400.170,14.004988674239378,42.147936015,B722,_,00400,170
B722__00390.170,14.000995451120477,42.142056915,B722,_,00390,170
B722__00380.170,14.002072545491846,42.139505619999994,B722,_,00380,170
B722__00370.170,13.98409218881633,42.141544405,B722,_,00370,170
B722__00360.170,13.996986128722975,42.14990893,B722,_,00360,170
B722__00350.170,13.984498834184194,42.144756265,B722,_,00350,170
B722__00340.170,13.969051484445796,42.142628385,B722,_,00340,170
B722__0028.170,13.998436864338696,42.158093275,B722,_,0028,170
B722__00270.170,13.995233763959426,42.157489784999996,B722,_,00270,170
B722__00260.170,13.987599078053417,42.161805955,B722,_,00260,170
B722__00250.170,13.978809802457604,42.166125835,B722,_,00250,170
B722__00230.170,14.06867614541255,42.16264749,B722,_,00230,170
B722__00220.170,14.04177504471059,42.16692474,B722,_,00220,170
B722__00200.170,14.028717085067326,42.168227865,B722,_,00200,170
B722__00190.170,13.993112932688568,42.16572101,B722,_,00190,170
B722__00180.170,14.023114599426574,42.175440355,B722,_,00180,170
B722__00170.170,14.014317190423524,42.174608685,B722,_,00170,170
B722__00160.170,14.01301778001569,42.170122545,B722,_,00160,170
B722__00150.170,14.003467348049963,42.175294865,B722,_,00150,170
B722__00140.170,13.986459696035805,42.16913477,B722,_,00140,170
B722__00130.170,13.980721238331284,42.17165613,B722,_,00130,170
B722__00120.170,14.006680750764193,42.18721886,B722,_,00120,170
B722__00110.170,13.993328480933517,42.18076295,B722,_,00110,170
B722__00100.170,13.979961782181434,42.18452767,B722,_,00100,170
B722__00080.170,13.961401267964913,42.18744462,B722,_,00080,170
B722__00070.170,13.997681049613174,42.19419031,B722,_,00070,170
B722__00060.170,13.984524843015748,42.19858922,B722,_,00060,170
B722__00050.170,13.974165912500599,42.193474225,B722,_,00050,170
B722__00040.170,13.97382263728422,42.197349125,B722,_,00040,170
B722__00030.170,13.968674270522042,42.19586859,B722,_,00030,170
B722__00020.170,13.977147956669675,42.205704305,B722,_,00020,170
B722__00060.1700,13.990134407097543,42.200304255,B722,_,00060,1700
B722__00420.1700,14.01696601199215,42.150043395,B722,_,00420,1700
B722__00290.1700,14.0040771572475,42.159266405,B722,_,00290,1700
B722__00090.1700,13.976244803409806,42.178696155,B722,_,00090,1700
B722__00060.1701,13.99050817006476,42.200390375,B722,_,00060,1701
B722__00420.1701,14.016991764270966,42.150024465,B722,_,00420,1701
B722__00290.1701,14.010624549961495,42.158508995,B722,_,00290,1701
B722__00090.1701,13.976134101936513,42.179243885,B722,_,00090,1701
B722__00060.1702,13.99029577114096,42.200275565,B722,_,00060,1702
B722__00420.1702,14.017009061380666,42.14998846,B722,_,00420,1702
B722__00290.1702,14.0071035512468,42.160442875,B722,_,00290,1702
B722__00090.1702,13.976244641144326,42.17888332,B722,_,00090,1702
B722__00060.1703,13.990900263796515,42.20010112,B722,_,00060,1703
B722__00420.1703,14.017035255042959,42.149967805,B722,_,00420,1703
B722__00290.1703,14.012216275020439,42.160633149999995,B722,_,00290,1703
B722__00090.1703,13.976190702354657,42.178785725,B722,_,00090,1703
B722__00290.1704,14.012105830500632,42.160608265,B722,_,00290,1704
B722__00420.1704,14.016854287711825,42.14988423,B722,_,00420,1704
B722__00060.1705,13.9904562074329,42.20017283,B722,_,00060,1705
B722__00420.1705,14.016921675885241,42.149850675,B722,_,00420,1705
B722__00290.1705,14.012461040594868,42.160625515,B722,_,00290,1705
B722__00060.1706,13.99052029913735,42.200106129999995,B722,_,00060,1706
B722__00420.1706,14.017380878917226,42.149129615,B722,_,00420,1706
B722__00290.1706,14.012461663541847,42.160592115,B722,_,00290,1706
B722__00290.1707,14.011899905058065,42.15926078,B722,_,00290,1707
B722__00420.1707,14.017778175293214,42.14903142,B722,_,00420,1707
B722__00060.1708,13.990858058544468,42.199764314999996,B722,_,00060,1708
B722__00420.1708,14.017362272593815,42.14908414,B722,_,00420,1708
B722__00290.1708,14.011970671488754,42.159254175,B722,_,00290,1708
B722__00060.1709,13.989928892310298,42.2003217,B722,_,00060,1709
B722__00420.1709,14.017753937560766,42.148988055000004,B722,_,00420,1709
B722__00290.1709,14.01202574688847,42.159272075000004,B722,_,00290,1709
B722__00010.171,13.97067321510176,42.205945205,B722,_,00010,171
B722__00610.171,14.004357188629339,42.11871651,B722,_,00610,171
B722__00600.171,14.005067747563555,42.120210255,B722,_,00600,171
B722__00590.171,13.99856099734367,42.122472045,B722,_,00590,171
B722__00540.171,14.04054468869256,42.139227385,B722,_,00540,171
B722__00530.171,14.028420638687491,42.142595165,B722,_,00530,171
B722__00520.171,14.007149549184202,42.140616195,B722,_,00520,171
B722__0051.171,14.003253065373986,42.140485850000005,B722,_,0051,171
B722__00500.171,14.000671320780807,42.13459854,B722,_,00500,171
B722__00490.171,13.989957511785997,42.13219734,B722,_,00490,171
B722__00480.171,13.97859240296967,42.133506229999995,B722,_,00480,171
B722__00440.171,14.04548789075823,42.150445135,B722,_,00440,171
B722__00430.171,14.028580630093991,42.155692755000004,B722,_,00430,171
B722__00410.171,14.004670948245245,42.15471067,B722,_,00410,171
B722__00390.171,14.001003411823973,42.142032900000004,B722,_,00390,171
B722__00370.171,13.984828614093686,42.14177264,B722,_,00370,171
B722__00360.171,13.997255208212017,42.15013927,B722,_,00360,171
B722__00350.171,13.984359492560888,42.145003715,B722,_,00350,171
B722__00340.171,13.969399730520887,42.142369795,B722,_,00340,171
B722__00290.171,14.00455040503218,42.160721575,B722,_,00290,171
B722__0028.171,13.99832743525877,42.158040854999996,B722,_,0028,171
B722__00270.171,13.995295402981789,42.15741163,B722,_,00270,171
B722__00260.171,13.987803054268696,42.162270545,B722,_,00260,171
B722__00250.171,13.977104076658911,42.162765625,B722,_,00250,171
B722__00230.171,14.068996227812733,42.16277844,B722,_,00230,171
B722__00220.171,14.042410420019184,42.166734704999996,B722,_,00220,171
B722__00210.171,14.032277222052715,42.16787129,B722,_,00210,171
B722__00200.171,14.028837989548844,42.16822611,B722,_,00200,171
B722__00190.171,13.99312589433858,42.166071515,B722,_,00190,171
B722__00180.171,14.023538770127896,42.17531085,B722,_,00180,171
B722__00170.171,14.013747808699488,42.17031368,B722,_,00170,171
B722__00160.171,14.012778341429948,42.170091895,B722,_,00160,171
B722__00150.171,14.003605460800586,42.174933415,B722,_,00150,171
B722__00140.171,13.982711500434249,42.172555720000005,B722,_,00140,171
B722__00130.171,13.980898829462369,42.171948075,B722,_,00130,171
B722__00120.171,14.007383519727295,42.187100975,B722,_,00120,171
B722__00110.171,13.991052511959431,42.180731030000004,B722,_,00110,171
B722__00100.171,13.980248319830196,42.184603035,B722,_,00100,171
B722__0009.171,13.970448205121627,42.186412085,B722,_,0009,171
B722__00080.171,13.961090408993371,42.18765262,B722,_,00080,171
B722__00070.171,13.997956738704744,42.194409379999996,B722,_,00070,171
B722__00060.171,13.984711585219596,42.198398455,B722,_,00060,171
B722__00050.171,13.974009209916185,42.193683895,B722,_,00050,171
B722__00040.171,13.973709228944182,42.197152415,B722,_,00040,171
B722__00030.171,13.969228721262612,42.19635538,B722,_,00030,171
B722__00020.171,13.977593499500212,42.20571464,B722,_,00020,171
B722__00060.1710,13.990060412334152,42.200233510000004,B722,_,00060,1710
B722__00420.1710,14.01733221094091,42.149023555,B722,_,00420,1710
B722__00290.1710,14.0102556365472,42.160487200000006,B722,_,00290,1710
B722__00060.1711,13.990045002997554,42.200185935,B722,_,00060,1711
B722__00420.1711,14.01772247130451,42.148923464999996,B722,_,00420,1711
B722__00290.1711,14.010200574258597,42.160779415,B722,_,00290,1711
B722__00060.1712,13.989855978675891,42.200261775,B722,_,00060,1712
B722__00420.1712,14.01729348677324,42.148940945,B722,_,00420,1712
B722__00060.1713,13.990003264033437,42.20016095,B722,_,00060,1713
B722__00420.1713,14.017679272970646,42.148839859999995,B722,_,00420,1713
B722__00290.1713,14.010581335526005,42.161482315,B722,_,00290,1713
B722__00060.1714,13.989783369539667,42.200213864999995,B722,_,00060,1714
B722__00420.1714,14.017287200211424,42.148641795,B722,_,00420,1714
B722__00290.1714,14.000917470786916,42.160310785,B722,_,00290,1714
B722__00060.1715,13.989938378854195,42.200166225000004,B722,_,00060,1715
B722__00420.1715,14.017482277723897,42.148651709999996,B722,_,00420,1715
B722__00290.1715,14.000879062159509,42.16036914,B722,_,00290,1715
B722__00060.1716,13.989593796034427,42.20006232,B722,_,00060,1716
B722__00420.1716,14.017598780618952,42.150909045,B722,_,00420,1716
B722__00290.1716,14.000763289479288,42.160539915,B722,_,00290,1716
B722__00060.1717,13.989871773022056,42.200113975,B722,_,00060,1717
B722__00420.1717,14.017661671558226,42.150864405,B722,_,00420,1717
B722__00290.1717,14.001027372145831,42.16029677,B722,_,00290,1717
B722__00290.1718,14.000970943102036,42.16035477,B722,_,00290,1718
B722__00420.1718,14.019205625260705,42.15055905,B722,_,00420,1718
B722__00060.1719,13.98961897646126,42.19996968,B722,_,00060,1719
B722__00290.1719,14.001473461261746,42.16041609,B722,_,00290,1719
B722__00010.172,13.970854830980645,42.206000955,B722,_,00010,172
B722__00610.172,14.004624350365214,42.118621595,B722,_,00610,172
B722__00600.172,14.005204256925857,42.120669015000004,B722,_,00600,172
B722__00590.172,14.000507212665115,42.122468295000004,B722,_,00590,172
B722__00540.172,14.040793643862601,42.139002364999996,B722,_,00540,172
B722__00530.172,14.029351486329336,42.14261203,B722,_,00530,172
B722__00520.172,14.007220517757958,42.140764520000005,B722,_,00520,172
B722__0051.172,14.00333467934233,42.140478834999996,B722,_,0051,172
B722__00500.172,13.998674428586693,42.13195204,B722,_,00500,172
B722__00490.172,13.989752067749734,42.132503035,B722,_,00490,172
B722__00480.172,13.978694495159502,42.13291719,B722,_,00480,172
B722__00440.172,14.046130447067952,42.1503411,B722,_,00440,172
B722__00430.172,14.028599879726322,42.155573185,B722,_,00430,172
B722__00410.172,14.00477915974567,42.154741845000004,B722,_,00410,172
B722__00400.172,14.004786585940563,42.148753455000005,B722,_,00400,172
B722__00390.172,14.001159208065626,42.142172855,B722,_,00390,172
B722__00370.172,13.985531351330424,42.1414555,B722,_,00370,172
B722__00360.172,13.996995408743528,42.149623930000004,B722,_,00360,172
B722__00350.172,13.983900068142384,42.145155880000004,B722,_,00350,172
B722__00340.172,13.96959276770275,42.14224783,B722,_,00340,172
B722__00290.172,14.00536699693918,42.160942399999996,B722,_,00290,172
B722__0028.172,13.998452479687327,42.15800719,B722,_,0028,172
B722__00270.172,13.995353462579594,42.157344429999995,B722,_,00270,172
B722__00260.172,13.988214729341802,42.161910235,B722,_,00260,172
B722__00250.172,13.976544050277464,42.162510565,B722,_,00250,172
B722__00230.172,14.06920814376241,42.16281058,B722,_,00230,172
B722__00220.172,14.042645754101375,42.166536465,B722,_,00220,172
B722__00210.172,14.03218784688211,42.167867055,B722,_,00210,172
B722__00190.172,13.99287427329735,42.166993295,B722,_,00190,172
B722__00180.172,14.023555535289336,42.175596119999994,B722,_,00180,172
B722__00170.172,14.012887767592963,42.17444925,B722,_,00170,172
B722__00160.172,14.012491227541464,42.16991833,B722,_,00160,172
B722__00150.172,14.003659753996,42.174630305,B722,_,00150,172
B722__00140.172,13.986236851753967,42.16921789,B722,_,00140,172
B722__00130.172,13.97498580989323,42.174992579999994,B722,_,00130,172
B722__00120.172,14.008352600876364,42.187046249999995,B722,_,00120,172
B722__00110.172,13.990941505601732,42.18106322,B722,_,00110,172
B722__00080.172,13.961578843891782,42.187549105,B722,_,00080,172
B722__00070.172,13.997983521136813,42.194126545,B722,_,00070,172
B722__00060.172,13.984682320444787,42.198370095,B722,_,00060,172
B722__00050.172,13.97439476832532,42.193919005,B722,_,00050,172
B722__00040.172,13.974103591929671,42.19711363,B722,_,00040,172
B722__00030.172,13.959608435386293,42.194845735,B722,_,00030,172
B722__00020.172,13.977884656717972,42.205740719999994,B722,_,00020,172
B722__00290.1720,14.001170699777983,42.160439685,B722,_,00290,1720
B722__00420.1720,14.017765585682408,42.151079159999995,B722,_,00420,1720
B722__00060.1721,13.989905296468283,42.200035650000004,B722,_,00060,1721
B722__00420.1721,14.017918100930231,42.15102175,B722,_,00420,1721
B722__00290.1721,13.999828467959144,42.15953122,B722,_,00290,1721
B722__00060.1722,13.989247258977471,42.199725305,B722,_,00060,1722
B722__00420.1722,14.01822494488372,42.15095606,B722,_,00420,1722
B722__00290.1722,13.99968134207693,42.159829355,B722,_,00290,1722
B722__00290.1723,13.99957924404864,42.16003105,B722,_,00290,1723
B722__00420.1723,14.016940441174407,42.150255625,B722,_,00420,1723
B722__00060.1724,13.990296138468379,42.200108979999996,B722,_,00060,1724
B722__00420.1724,14.017080440135137,42.150339540000004,B722,_,00420,1724
B722__00290.1724,13.999841471424618,42.159904365,B722,_,00290,1724
B722__00060.1725,13.990126607821647,42.199940510000005,B722,_,00060,1725
B722__00420.1725,14.017071490925607,42.150467035000005,B722,_,00420,1725
B722__00290.1725,13.999782322320621,42.160042184999995,B722,_,00290,1725
B722__00290.1726,14.000103016631945,42.159947135,B722,_,00290,1726
B722__00420.1726,14.017118732624288,42.15045648,B722,_,00420,1726
B722__00060.1727,13.990275946058553,42.199904045,B722,_,00060,1727
B722__00420.1727,14.017042188446116,42.150231085,B722,_,00420,1727
B722__00290.1727,14.000064334722094,42.159993165,B722,_,00290,1727
B722__00290.1728,13.999929354374768,42.160127405,B722,_,00290,1728
B722__00420.1728,14.017166330611719,42.150410945000004,B722,_,00420,1728
B722__00290.1729,14.000316805810261,42.160100075,B722,_,00290,1729
B722__00420.1729,14.017276032677477,42.150344725,B722,_,00420,1729
B722__00010.173,13.971030801119543,42.206021615,B722,_,00010,173
B722__00610.173,14.006479620225239,42.11857942,B722,_,00610,173
B722__00600.173,14.006135407627458,42.119894315,B722,_,00600,173
B722__00590.173,14.002336068085523,42.124928245,B722,_,00590,173
B722__00540.173,14.042847479510023,42.138739335,B722,_,00540,173
B722__00530.173,14.030760735181584,42.14295339,B722,_,00530,173
B722__00520.173,14.007196362301805,42.140965109999996,B722,_,00520,173
B722__00500.173,13.994619608549154,42.12865165,B722,_,00500,173
B722__00490.173,13.989417082244678,42.132349024999996,B722,_,00490,173
B722__00480.173,13.979659198147557,42.13305986,B722,_,00480,173
B722__00440.173,14.046556608010032,42.150327695,B722,_,00440,173
B722__00430.173,14.028903166231833,42.15563249,B722,_,00430,173
B722__00420.173,14.018338088074714,42.150485579999994,B722,_,00420,173
B722__00410.173,14.00555035064215,42.154674424999996,B722,_,00410,173
B722__00400.173,14.001607734787132,42.14674241,B722,_,00400,173
B722__00370.173,13.98638568066962,42.14220418,B722,_,00370,173
B722__00360.173,13.9971535777036,42.149650895,B722,_,00360,173
B722__00350.173,13.983898572997575,42.144840294999995,B722,_,00350,173
B722__00340.173,13.967545444334577,42.14316846,B722,_,00340,173
B722__0028.173,13.998267276814385,42.158653545,B722,_,0028,173
B722__00270.173,13.99543496910848,42.157239385,B722,_,00270,173
B722__00250.173,13.976799429241893,42.162394524999996,B722,_,00250,173
B722__00230.173,14.069330345862372,42.162585785000005,B722,_,00230,173
B722__00220.173,14.041759577514561,42.166166585,B722,_,00220,173
B722__00210.173,14.032156229693411,42.16767896499999,B722,_,00210,173
B722__00190.173,13.993344821843346,42.16586192,B722,_,00190,173
B722__00180.173,14.022601884531817,42.174881845,B722,_,00180,173
B722__00170.173,14.013140226340152,42.17413468,B722,_,00170,173
B722__00160.173,14.01207030674911,42.170200570000006,B722,_,00160,173
B722__00150.173,14.004593224836537,42.17541794,B722,_,00150,173
B722__00120.173,14.008668162193334,42.18769631,B722,_,00120,173
B722__00110.173,13.989926241677756,42.18064246,B722,_,00110,173
B722__00100.173,13.980627025565672,42.184315409999996,B722,_,00100,173
B722__0009.173,13.970181408464978,42.18659943,B722,_,0009,173
B722__00080.173,13.961995864658157,42.187412185,B722,_,00080,173
B722__00060.173,13.984648144274804,42.198341665,B722,_,00060,173
B722__00050.173,13.9754750711387,42.193630525,B722,_,00050,173
B722__00040.173,13.974564385351474,42.197202555000004,B722,_,00040,173
B722__00030.173,13.960424201189078,42.194533164999996,B722,_,00030,173
B722__00020.173,13.977917016699273,42.20597465,B722,_,00020,173
B722__00290.1730,14.000283759611909,42.16019762,B722,_,00290,1730
B722__00420.1730,14.017342002017806,42.150021175000006,B722,_,00420,1730
B722__00060.1731,13.990059771810795,42.199723905,B722,_,00060,1731
B722__00420.1731,14.017411224291639,42.15010076,B722,_,00420,1731
B722__00290.1731,14.000459647202744,42.16020784,B722,_,00290,1731
B722__00060.1732,13.990204301665603,42.199479975,B722,_,00060,1732
B722__00420.1732,14.017328771344811,42.15070225,B722,_,00420,1732
B722__00290.1732,14.000383269542557,42.160286064999994,B722,_,00290,1732
B722__00290.1733,14.000549578298887,42.16012245,B722,_,00290,1733
B722__00420.1733,14.01750559060666,42.15059413,B722,_,00420,1733
B722__00290.1734,14.000531919288324,42.160203069999994,B722,_,00290,1734
B722__00420.1734,14.018479725280933,42.14996748,B722,_,00420,1734
B722__00060.1735,13.990790298247054,42.199503585,B722,_,00060,1735
B722__00420.1735,14.017701822450253,42.150610465,B722,_,00420,1735
B722__00290.1735,14.000510103700417,42.160312835,B722,_,00290,1735
B722__00060.1736,13.989797370667628,42.199552835,B722,_,00060,1736
B722__00420.1736,14.018018128116434,42.150485579999994,B722,_,00420,1736
B722__00290.1736,14.000693078028348,42.160218605,B722,_,00290,1736
B722__00060.1737,13.990062882965653,42.199441805,B722,_,00060,1737
B722__00420.1737,14.017790286446541,42.150719429999995,B722,_,00420,1737
B722__00290.1737,14.000652175383303,42.16025808,B722,_,00290,1737
B722__00060.1738,13.9904284705331,42.199214,B722,_,00060,1738
B722__00420.1738,14.018012542017757,42.15064668,B722,_,00420,1738
B722__00290.1738,14.000620780654973,42.160301625,B722,_,00290,1738
B722__00060.1739,13.990108306790113,42.19916017,B722,_,00060,1739
B722__00420.1739,14.017869463948728,42.150872655,B722,_,00420,1739
B722__00290.1739,14.000767665087405,42.160228175,B722,_,00290,1739
B722__00010.174,13.971197263426152,42.20601363,B722,_,00010,174
B722__00610.174,13.994959144969298,42.121962370000006,B722,_,00610,174
B722__00600.174,14.006265387427717,42.120184165,B722,_,00600,174
B722__00590.174,14.002290637628665,42.12607634,B722,_,00590,174
B722__00540.174,14.04451213258153,42.138729145,B722,_,00540,174
B722__00530.174,14.030804385883211,42.142782725,B722,_,00530,174
B722__00520.174,14.008578958121374,42.140431705,B722,_,00520,174
B722__0051.174,14.003002715152194,42.140314805,B722,_,0051,174
B722__00500.174,13.989516755540038,42.132923309999995,B722,_,00500,174
B722__00490.174,13.989017848689723,42.13230626,B722,_,00490,174
B722__00480.174,13.980117631620297,42.132726489999996,B722,_,00480,174
B722__00440.174,14.047057407887236,42.149887879999994,B722,_,00440,174
B722__00430.174,14.028663802218354,42.155284585000004,B722,_,00430,174
B722__00420.174,14.018342082542366,42.150318235,B722,_,00420,174
B722__00400.174,14.002158865054025,42.14673724,B722,_,00400,174
B722__00390.174,14.001005963129195,42.142217765,B722,_,00390,174
B722__00370.174,13.986675711137924,42.142228239999994,B722,_,00370,174
B722__00360.174,13.997299454192735,42.149692275,B722,_,00360,174
B722__00350.174,13.98404532031422,42.144427865,B722,_,00350,174
B722__00340.174,13.974691931272915,42.148630785,B722,_,00340,174
B722__00270.174,13.99546799948184,42.157148575,B722,_,00270,174
B722__00250.174,13.97638640999212,42.1620835,B722,_,00250,174
B722__00230.174,14.06997137885605,42.162545975,B722,_,00230,174
B722__00220.174,14.042234590454346,42.16601765,B722,_,00220,174
B722__00200.174,14.028918355993214,42.168246495,B722,_,00200,174
B722__00190.174,13.99364865335918,42.166370154999996,B722,_,00190,174
B722__00180.174,14.022983202834428,42.1747188,B722,_,00180,174
B722__00170.174,14.013723910201627,42.174425775,B722,_,00170,174
B722__00160.174,14.012314279818723,42.16975033,B722,_,00160,174
B722__00150.174,14.004250778583147,42.175675784999996,B722,_,00150,174
B722__00120.174,14.00846847935694,42.187942745,B722,_,00120,174
B722__00110.174,13.989805493776707,42.180430235,B722,_,00110,174
B722__00100.174,13.980580818274584,42.184145815,B722,_,00100,174
B722__0009.174,13.970417932129795,42.18658824,B722,_,0009,174
B722__00080.174,13.962331917564303,42.18742729,B722,_,00080,174
B722__00070.174,13.998154472781348,42.194790725,B722,_,00070,174
B722__00060.174,13.984609130687044,42.198326415,B722,_,00060,174
B722__00050.174,13.984967684252457,42.189932854999995,B722,_,00050,174
B722__00040.174,13.973971195054666,42.196916115,B722,_,00040,174
B722__00030.174,13.960735320725641,42.194821399999995,B722,_,00030,174
B722__00020.174,13.98146760005153,42.20739614,B722,_,00020,174
B722__00060.1740,13.990025323898713,42.199302759999995,B722,_,00060,1740
B722__00420.1740,14.018236945814632,42.150698435,B722,_,00420,1740
B722__00290.1740,14.000757535496565,42.16030519,B722,_,00290,1740
B722__00060.1741,13.991095555294738,42.195128185,B722,_,00060,1741
B722__00420.1741,14.018822323921558,42.150277349999996,B722,_,00420,1741
B722__00290.1741,14.000726771666853,42.160341495,B722,_,00290,1741
B722__00060.1742,13.990933492782931,42.19533537,B722,_,00060,1742
B722__00420.1742,14.01688650756078,42.149940455,B722,_,00420,1742
B722__00290.1742,13.997899181772802,42.159518195000004,B722,_,00290,1742
B722__00290.1743,13.997959392334726,42.15952623,B722,_,00290,1743
B722__00420.1743,14.01693854885746,42.14989186,B722,_,00420,1743
B722__00290.1744,13.998272743747421,42.15933237,B722,_,00290,1744
B722__00420.1744,14.016912592114679,42.149681380000004,B722,_,00420,1744
B722__00060.1745,13.986877365887828,42.19701274,B722,_,00060,1745
B722__00420.1745,14.017062990859472,42.14966877,B722,_,00420,1745
B722__00290.1745,13.998285003740351,42.159499575,B722,_,00290,1745
B722__00290.1746,13.998427503747774,42.15962287,B722,_,00290,1746
B722__00420.1746,14.0176190343693,42.150076955,B722,_,00420,1746
B722__00060.1747,13.986987412161497,42.197018990000004,B722,_,00060,1747
B722__00420.1747,14.01746360083462,42.149976295,B722,_,00420,1747
B722__00290.1747,13.998702626939528,42.15948163,B722,_,00290,1747
B722__00290.1748,13.998687629256032,42.15951697,B722,_,00290,1748
B722__00420.1748,14.018012325231638,42.14986496,B722,_,00420,1748
B722__00290.1749,13.998619700893723,42.159625325,B722,_,00290,1749
B722__00420.1749,14.01830604686847,42.14975283,B722,_,00420,1749
B722__00010.175,13.97139718378574,42.2062963,B722,_,00010,175
B722__00610.175,13.993960245232259,42.11951902,B722,_,00610,175
B722__00600.175,14.006466751834633,42.120362435000004,B722,_,00600,175
B722__00590.175,14.004367660053003,42.125617594999994,B722,_,00590,175
B722__00540.175,14.045581529473058,42.13858748,B722,_,00540,175
B722__00530.175,14.030190524330841,42.142306785,B722,_,00530,175
B722__00520.175,14.008436221702523,42.14082515,B722,_,00520,175
B722__0051.175,14.003080329956502,42.140432415,B722,_,0051,175
B722__00500.175,13.989332772402452,42.133075145,B722,_,00500,175
B722__00490.175,13.992288295683888,42.12861239,B722,_,00490,175
B722__00480.175,13.98052700386236,42.13292389,B722,_,00480,175
B722__00440.175,14.047798303780686,42.14999317,B722,_,00440,175
B722__00430.175,14.029081190159435,42.155584329999996,B722,_,00430,175
B722__00410.175,14.004962132626133,42.154896365,B722,_,00410,175
B722__00400.175,14.003331956749516,42.146864705,B722,_,00400,175
B722__00370.175,13.98697957164821,42.14250139000001,B722,_,00370,175
B722__00360.175,13.997321767513814,42.14977044,B722,_,00360,175
B722__00350.175,13.983829885891291,42.14405902,B722,_,00350,175
B722__00340.175,13.974614581228842,42.14887258,B722,_,00340,175
B722__00290.175,14.005704706791374,42.160945315,B722,_,00290,175
B722__00270.175,13.995693575782866,42.157077810000004,B722,_,00270,175
B722__00260.175,13.989705185301649,42.161014519999995,B722,_,00260,175
B722__00250.175,13.977133470166187,42.1622414,B722,_,00250,175
B722__00230.175,14.070395175746548,42.162648989999994,B722,_,00230,175
B722__00220.175,14.0431573664854,42.16651409,B722,_,00220,175
B722__00190.175,13.99242264241543,42.16674174,B722,_,00190,175
B722__00180.175,14.02348205109791,42.174845454999996,B722,_,00180,175
B722__00170.175,14.015013147548546,42.174455214999995,B722,_,00170,175
B722__00160.175,14.012058994214202,42.16956892,B722,_,00160,175
B722__00150.175,14.00497035566391,42.17564238,B722,_,00150,175
B722__00140.175,13.986891120556113,42.169046175000005,B722,_,00140,175
B722__00120.175,14.008459868190947,42.18824346,B722,_,00120,175
B722__00110.175,13.99044165198922,42.179651879999994,B722,_,00110,175
B722__00100.175,13.980879097131144,42.183950095,B722,_,00100,175
B722__0009.175,13.970145533946035,42.18668892,B722,_,0009,175
B722__00080.175,13.96211380040332,42.18688862,B722,_,00080,175
B722__00070.175,13.998734361262699,42.195423305,B722,_,00070,175
B722__00060.175,13.984349647123643,42.198253175000005,B722,_,00060,175
B722__00050.175,13.97524533494312,42.1933411,B722,_,00050,175
B722__00040.175,13.974332361303356,42.19676387,B722,_,00040,175
B722__00030.175,13.960812765637094,42.194539305,B722,_,00030,175
B722__00020.175,13.978175842661912,42.206387905,B722,_,00020,175
B722__00060.1750,13.986863404700765,42.19727101,B722,_,00060,1750
B722__00420.1750,14.018288455764495,42.149879604999995,B722,_,00420,1750
B722__00290.1750,13.999222362256884,42.15953265500001,B722,_,00290,1750
B722__00290.1751,13.999161335733383,42.15965668,B722,_,00290,1751
B722__00420.1751,14.018386384069718,42.14984264,B722,_,00420,1751
B722__00060.1752,13.986713021423164,42.197244685,B722,_,00060,1752
B722__00420.1752,14.016367386021507,42.14846545,B722,_,00420,1752
B722__00290.1752,13.999003819656942,42.15979267,B722,_,00290,1752
B722__00060.1753,13.986826503216804,42.197152814999995,B722,_,00060,1753
B722__00420.1753,14.016453811078033,42.14855638,B722,_,00420,1753
B722__00290.1753,13.999545099307774,42.15973778,B722,_,00290,1753
B722__00290.1754,13.99946824755733,42.159773735,B722,_,00290,1754
B722__00420.1754,14.016510858208282,42.14881523,B722,_,00420,1754
B722__00060.1755,13.985034669336489,42.19601385,B722,_,00060,1755
B722__00420.1755,14.017034738406682,42.148654484999994,B722,_,00420,1755
B722__00290.1755,13.999418363926047,42.159835705,B722,_,00290,1755
B722__00060.1756,13.984365949076562,42.19563386,B722,_,00060,1756
B722__00420.1756,14.016515879872474,42.148970289999994,B722,_,00420,1756
B722__00290.1756,13.999909952469434,42.15969196,B722,_,00290,1756
B722__00060.1757,13.984502222687002,42.195420785,B722,_,00060,1757
B722__00420.1757,14.016797236537329,42.14890664,B722,_,00420,1757
B722__00290.1757,13.99979942111515,42.15982604,B722,_,00290,1757
B722__00060.1758,13.984336988980596,42.19520873,B722,_,00060,1758
B722__00420.1758,14.01655825723583,42.14914443,B722,_,00420,1758
B722__00290.1758,13.999991909476037,42.159788129999995,B722,_,00290,1758
B722__00060.1759,13.983853046653465,42.195209524999996,B722,_,00060,1759
B722__00420.1759,14.016852763524952,42.149083149999996,B722,_,00420,1759
B722__00290.1759,13.999901663717996,42.15987202,B722,_,00290,1759
B722__00010.176,13.97172552060659,42.20623277999999,B722,_,00010,176
B722__00610.176,13.997053090189807,42.12057297,B722,_,00610,176
B722__00600.176,14.005392815102368,42.120887095,B722,_,00600,176
B722__00590.176,14.003919983693173,42.124497655,B722,_,00590,176
B722__00540.176,14.046485618246153,42.138735839999995,B722,_,00540,176
B722__00530.176,14.03271381854016,42.141741859999996,B722,_,00530,176
B722__00520.176,14.02210596469311,42.13904291,B722,_,00520,176
B722__0051.176,14.002944350188727,42.140336875,B722,_,0051,176
B722__00500.176,13.98901509502716,42.133477005,B722,_,00500,176
B722__00490.176,13.992837555848947,42.128715115000006,B722,_,00490,176
B722__00480.176,13.980758994904054,42.133181205,B722,_,00480,176
B722__00440.176,14.054026303452309,42.147562555,B722,_,00440,176
B722__00430.176,14.028993186649476,42.155268289999995,B722,_,00430,176
B722__00420.176,14.018921231300785,42.1502604,B722,_,00420,176
B722__00400.176,14.003013007193825,42.146911585,B722,_,00400,176
B722__00390.176,14.001034151381628,42.142188605,B722,_,00390,176
B722__00370.176,13.987492556829295,42.14266166,B722,_,00370,176
B722__00360.176,13.997466969000008,42.149722265,B722,_,00360,176
B722__00350.176,13.984112230008193,42.14403153000001,B722,_,00350,176
B722__00340.176,13.96764828268424,42.143541195,B722,_,00340,176
B722__00290.176,14.005968114627663,42.160896765000004,B722,_,00290,176
B722__0028.176,13.99829605815589,42.15854143,B722,_,0028,176
B722__00270.176,13.995657186540171,42.156834735000004,B722,_,00270,176
B722__00260.176,13.985712688264796,42.16139172,B722,_,00260,176
B722__00250.176,13.977750974009568,42.16273457,B722,_,00250,176
B722__00230.176,14.070745837253618,42.162618165,B722,_,00230,176
B722__00220.176,14.043900147647896,42.16590417,B722,_,00220,176
B722__00210.176,14.0320703528438,42.16750922,B722,_,00210,176
B722__00190.176,13.993742674295476,42.166106514999996,B722,_,00190,176
B722__00180.176,14.024113429576442,42.17532937,B722,_,00180,176
B722__00170.176,14.01593808249002,42.174861844999995,B722,_,00170,176
B722__00160.176,14.011831274359706,42.169344065000004,B722,_,00160,176
B722__00150.176,14.00471024811462,42.176137260000004,B722,_,00150,176
B722__00140.176,13.98769520256279,42.168645895,B722,_,00140,176
B722__00120.176,14.009395020982774,42.1880691,B722,_,00120,176
B722__00110.176,13.99184461617775,42.180139510000004,B722,_,00110,176
B722__00100.176,13.98103430958088,42.184065024999995,B722,_,00100,176
B722__0009.176,13.970079540753876,42.18679458,B722,_,0009,176
B722__00080.176,13.962848734132237,42.186685575,B722,_,00080,176
B722__00070.176,13.998547597695648,42.195040605,B722,_,00070,176
B722__00060.176,13.984317442822057,42.198135975,B722,_,00060,176
B722__00050.176,13.975150520347013,42.19293739,B722,_,00050,176
B722__00040.176,13.975136990844153,42.196976590000006,B722,_,00040,176
B722__00030.176,13.961346352241671,42.1941116,B722,_,00030,176
B722__00020.176,13.97853106571422,42.206661925,B722,_,00020,176
B722__00060.1760,13.983861029245992,42.195398875,B722,_,00060,1760
B722__00420.1760,14.016585521833367,42.14920609,B722,_,00420,1760
B722__00290.1760,14.000169968412287,42.159841175,B722,_,00290,1760
B722__00060.1761,13.983914710715766,42.195093150000005,B722,_,00060,1761
B722__00420.1761,14.0168698068099,42.14913593,B722,_,00420,1761
B722__00290.1761,14.000018733616255,42.15991985,B722,_,00290,1761
B722__00060.1762,13.9838987048607,42.19498591,B722,_,00060,1762
B722__00420.1762,14.016718172117379,42.149412225,B722,_,00420,1762
B722__00290.1762,14.000443701841755,42.160081735,B722,_,00290,1762
B722__00060.1763,13.983954032202442,42.194575095000005,B722,_,00060,1763
B722__00420.1763,14.017021614040567,42.149484245,B722,_,00420,1763
B722__00290.1763,14.000399919238031,42.160103840000005,B722,_,00290,1763
B722__00060.1764,13.983618023502995,42.19605597,B722,_,00060,1764
B722__00420.1764,14.01691897376121,42.149254729999996,B722,_,00420,1764
B722__00290.1764,13.998926357025171,42.15952732,B722,_,00290,1764
B722__00060.1765,13.98359541388811,42.195978069999995,B722,_,00060,1765
B722__00420.1765,14.017954099057038,42.149813789999996,B722,_,00420,1765
B722__00290.1765,13.998912875491175,42.159576830000006,B722,_,00290,1765
B722__00060.1766,13.983535722197168,42.195736260000004,B722,_,00060,1766
B722__00420.1766,14.017975984161406,42.149662565,B722,_,00420,1766
B722__00290.1766,13.998814244865759,42.15969611,B722,_,00290,1766
B722__00060.1767,13.98350956058445,42.19526885,B722,_,00060,1767
B722__00420.1767,14.017413714713417,42.15076655,B722,_,00420,1767
B722__00290.1767,14.000292355866133,42.159953575,B722,_,00290,1767
B722__00060.1768,13.986427772891751,42.19880972,B722,_,00060,1768
B722__00420.1768,14.017450202689082,42.150742285,B722,_,00420,1768
B722__00290.1768,14.00021977202158,42.160062385,B722,_,00290,1768
B722__00290.1769,14.000124880078626,42.16016936,B722,_,00290,1769
B722__00420.1769,14.017459178332889,42.15080241,B722,_,00420,1769
B722__00010.177,13.971968362486077,42.206309559999994,B722,_,00010,177
B722__00610.177,13.998387589794067,42.119068765,B722,_,00610,177
B722__00600.177,14.005511365431484,42.121122605,B722,_,00600,177
B722__00590.177,14.003456032071824,42.12433984,B722,_,00590,177
B722__00540.177,14.038344233614623,42.138521785,B722,_,00540,177
B722__00530.177,14.033664373703449,42.142080935,B722,_,00530,177
B722__00520.177,14.008898239696348,42.14091806,B722,_,00520,177
B722__0051.177,14.002947343754165,42.14028143,B722,_,0051,177
B722__00500.177,13.989279070589816,42.133650180000004,B722,_,00500,177
B722__00490.177,13.986499373557873,42.12876548,B722,_,00490,177
B722__00480.177,13.981127943319084,42.13294632,B722,_,00480,177
B722__00440.177,14.05446598901526,42.14741474,B722,_,00440,177
B722__00430.177,14.029410851204801,42.155249325,B722,_,00430,177
B722__00420.177,14.018986482085822,42.15014420999999,B722,_,00420,177
B722__00410.177,14.005200867637665,42.155104365,B722,_,00410,177
B722__00400.177,14.002894839688835,42.14708823,B722,_,00400,177
B722__00380.177,14.000549267870255,42.13965161,B722,_,00380,177
B722__00370.177,13.986525998219733,42.141771160000005,B722,_,00370,177
B722__00360.177,13.997751935261842,42.149708645000004,B722,_,00360,177
B722__00350.177,13.983406476497112,42.143566324999995,B722,_,00350,177
B722__00340.177,13.974897661254175,42.149758414999994,B722,_,00340,177
B722__00290.177,14.006182727678034,42.16085463,B722,_,00290,177
B722__0028.177,13.99833269572638,42.158556175,B722,_,0028,177
B722__00270.177,13.995654411798828,42.156553275,B722,_,00270,177
B722__00260.177,13.986323597096831,42.161490235,B722,_,00260,177
B722__00250.177,13.977818028930754,42.162365675000004,B722,_,00250,177
B722__00230.177,14.07057264391163,42.16234936,B722,_,00230,177
B722__00220.177,14.044396117727132,42.166120605,B722,_,00220,177
B722__00210.177,14.032129261987027,42.167572945,B722,_,00210,177
B722__00200.177,14.028708294213832,42.168351895,B722,_,00200,177
B722__00180.177,14.026352824959062,42.174649744999996,B722,_,00180,177
B722__00170.177,14.016092771986749,42.17461576,B722,_,00170,177
B722__00160.177,14.01136156100552,42.169926825000005,B722,_,00160,177
B722__00150.177,14.005252624132886,42.17604865,B722,_,00150,177
B722__00140.177,13.988315084637637,42.168907325,B722,_,00140,177
B722__00120.177,14.00982213911242,42.188073625,B722,_,00120,177
B722__00110.177,13.991961362175005,42.17977856500001,B722,_,00110,177
B722__00100.177,13.981038767849629,42.183740584999995,B722,_,00100,177
B722__00080.177,13.963150708268913,42.18677076,B722,_,00080,177
B722__00070.177,13.998545975276386,42.194689305,B722,_,00070,177
B722__00060.177,13.984668697505214,42.198174984999994,B722,_,00060,177
B722__00050.177,13.975204735523322,42.192776190000004,B722,_,00050,177
B722__00040.177,13.975487967281182,42.196980124999996,B722,_,00040,177
B722__00030.177,13.961474034442869,42.19484043,B722,_,00030,177
B722__00020.177,13.978528103616071,42.20615798,B722,_,00020,177
B722__00060.1770,13.986593194211846,42.197566370000004,B722,_,00060,1770
B722__00420.1770,14.017505459993512,42.150760245,B722,_,00420,1770
B722__00290.1770,14.010838256466299,42.15896617,B722,_,00290,1770
B722__00060.1771,13.985385580003221,42.198123115,B722,_,00060,1771
B722__00420.1771,14.01750268865776,42.15083389,B722,_,00420,1771
B722__00290.1771,14.009440654690376,42.161210395,B722,_,00290,1771
B722__00290.1772,14.009402041388595,42.16136643,B722,_,00290,1772
B722__00420.1772,14.017556166758537,42.15078956,B722,_,00420,1772
B722__00060.1773,13.98804886948847,42.199800069999995,B722,_,00060,1773
B722__00420.1773,14.017544018158354,42.15086517,B722,_,00420,1773
B722__00290.1773,14.009453355049455,42.16136995,B722,_,00290,1773
B722__00060.1774,13.98812512184633,42.199766385000004,B722,_,00060,1774
B722__00420.1774,14.017599293451756,42.150818365,B722,_,00420,1774
B722__00290.1774,14.008717701147274,42.16142765,B722,_,00290,1774
B722__00060.1775,13.988046341301274,42.199720095,B722,_,00060,1775
B722__00420.1775,14.017568307518925,42.150883385,B722,_,00420,1775
B722__00290.1775,14.009454396300823,42.161326450000004,B722,_,00290,1775
B722__00060.1776,13.988148566977241,42.19968147,B722,_,00060,1776
B722__00420.1776,14.017623354993903,42.150834825000004,B722,_,00420,1776
B722__00290.1776,14.009296404773242,42.161276990000005,B722,_,00290,1776
B722__00290.1777,14.009451631916168,42.161278370000005,B722,_,00290,1777
B722__00420.1777,14.01763619767387,42.15094269,B722,_,00420,1777
B722__00060.1778,13.987802007842,42.199900975000006,B722,_,00060,1778
B722__00420.1778,14.017703857570222,42.150905405,B722,_,00420,1778
B722__00060.1779,13.989849468590918,42.199919975,B722,_,00060,1779
B722__00420.1779,14.017677487025285,42.150984030000004,B722,_,00420,1779
B722__00290.1779,14.002844368023968,42.1625007,B722,_,00290,1779
B722__00010.178,13.972220707783716,42.206391755,B722,_,00010,178
B722__00610.178,13.998625132080535,42.11899106,B722,_,00610,178
B722__00600.178,14.006567139396774,42.120592375,B722,_,00600,178
B722__00590.178,14.003535486413853,42.12406537,B722,_,00590,178
B722__00540.178,14.039510164562522,42.13863293,B722,_,00540,178
B722__00530.178,14.033911070316702,42.14223046,B722,_,00530,178
B722__00520.178,14.010107594042504,42.14079764,B722,_,00520,178
B722__00500.178,13.989354591662577,42.133826585,B722,_,00500,178
B722__00490.178,13.986281784196539,42.128820544999996,B722,_,00490,178
B722__00480.178,13.98153696312158,42.133007265,B722,_,00480,178
B722__00440.178,14.054900001268756,42.147191185,B722,_,00440,178
B722__00430.178,14.029697897738163,42.155035595,B722,_,00430,178
B722__00420.178,14.019049821615088,42.150147895,B722,_,00420,178
B722__00410.178,14.005564342384098,42.155161805,B722,_,00410,178
B722__00400.178,14.003082715580927,42.147095965,B722,_,00400,178
B722__00390.178,14.001101036488677,42.142131385,B722,_,00390,178
B722__00380.178,14.000717048127727,42.139582950000005,B722,_,00380,178
B722__00370.178,13.987194743958032,42.14171523,B722,_,00370,178
B722__00360.178,13.997465813782107,42.149919499999996,B722,_,00360,178
B722__00350.178,13.983119731640311,42.143179880000005,B722,_,00350,178
B722__00340.178,13.975335070191825,42.1475844,B722,_,00340,178
B722__00290.178,14.006345580317934,42.16082097,B722,_,00290,178
B722__0028.178,13.998358462907936,42.158457505,B722,_,0028,178
B722__00270.178,13.995467793355903,42.15626158,B722,_,00270,178
B722__00260.178,13.98678815571238,42.161490235,B722,_,00260,178
B722__00250.178,13.97840170622187,42.16256041,B722,_,00250,178
B722__00230.178,14.070985750820988,42.162301215,B722,_,00230,178
B722__00220.178,14.04441953353687,42.166530065,B722,_,00220,178
B722__00180.178,14.028234876904522,42.17431182,B722,_,00180,178
B722__00170.178,14.016459934016723,42.174549979999995,B722,_,00170,178
B722__00160.178,14.01073150499643,42.16989316,B722,_,00160,178
B722__00150.178,14.005307441276903,42.17557639,B722,_,00150,178
B722__00130.178,13.98182257854608,42.17224412,B722,_,00130,178
B722__00120.178,14.009898897916528,42.187599785,B722,_,00120,178
B722__00110.178,13.990958062648723,42.17930785,B722,_,00110,178
B722__00100.178,13.981507611830722,42.183878985,B722,_,00100,178
B722__00080.178,13.963131609596196,42.187217485,B722,_,00080,178
B722__00070.178,13.999275391442467,42.195097544999996,B722,_,00070,178
B722__00060.178,13.984607092282861,42.198260145,B722,_,00060,178
B722__00050.178,13.97530964814068,42.192573325,B722,_,00050,178
B722__00040.178,13.975177684621539,42.19793009,B722,_,00040,178
B722__00030.178,13.962037790125652,42.194873725,B722,_,00030,178
B722__00020.178,13.978462832602455,42.205909755,B722,_,00020,178
B722__00060.1780,13.985517630907935,42.192387735,B722,_,00060,1780
B722__00420.1780,14.017747760209595,42.150946520000005,B722,_,00420,1780
B722__00290.1780,14.003730506136911,42.16174053,B722,_,00290,1780
B722__00060.1781,13.985982969526367,42.192474335,B722,_,00060,1781
B722__00420.1781,14.016514327549352,42.148736155,B722,_,00420,1781
B722__00290.1781,14.009227185558249,42.16028181,B722,_,00290,1781
B722__00060.1782,13.985592907967124,42.192511445,B722,_,00060,1782
B722__00420.1782,14.016929950844702,42.148605875,B722,_,00420,1782
B722__00290.1782,14.009345741064527,42.160345865,B722,_,00290,1782
B722__00060.1783,13.985747532351855,42.192587759999995,B722,_,00060,1783
B722__00420.1783,14.016517178289586,42.148668025,B722,_,00420,1783
B722__00290.1783,14.009381005586597,42.16035115,B722,_,00290,1783
B722__00060.1784,13.985331552922485,42.192571740000005,B722,_,00060,1784
B722__00420.1784,14.016897137901413,42.148550375,B722,_,00420,1784
B722__00290.1784,14.011923018157013,42.158411705,B722,_,00290,1784
B722__00060.1785,13.991705060951166,42.195018425,B722,_,00060,1785
B722__00420.1785,14.01651697439078,42.14862692,B722,_,00420,1785
B722__00290.1785,14.009521118118904,42.161321655,B722,_,00290,1785
B722__00290.1786,14.012405902833162,42.159113095,B722,_,00290,1786
B722__00420.1786,14.016884173852233,42.148510735,B722,_,00420,1786
B722__00290.1787,14.012324976653154,42.159075615,B722,_,00290,1787
B722__00420.1787,14.016517612518712,42.148548035000005,B722,_,00420,1787
B722__00060.1788,13.988094745252852,42.19943849,B722,_,00060,1788
B722__00420.1788,14.016881133117458,42.148438185,B722,_,00420,1788
B722__00290.1789,14.01218559962141,42.158518495,B722,_,00290,1789
B722__00420.1789,14.017418931007139,42.14922385,B722,_,00420,1789
B722__00010.179,13.972749957528883,42.206585000000004,B722,_,00010,179
B722__00610.179,13.998962447700048,42.119146029999996,B722,_,00610,179
B722__00600.179,14.005563279562278,42.121431105,B722,_,00600,179
B722__00590.179,14.003453536893211,42.123989695000006,B722,_,00590,179
B722__00540.179,14.039583659531292,42.138951295,B722,_,00540,179
B722__00530.179,14.033912552858002,42.142658915,B722,_,00530,179
B722__00520.179,14.010211660399431,42.14101013,B722,_,00520,179
B722__00500.179,13.989432937432186,42.13398095,B722,_,00500,179
B722__00490.179,13.98614158287269,42.128964409999995,B722,_,00490,179
B722__00480.179,13.981676587084621,42.132798685,B722,_,00480,179
B722__00440.179,14.047350351441299,42.15569448,B722,_,00440,179
B722__00430.179,14.031003708694758,42.15567057,B722,_,00430,179
B722__00420.179,14.019151172069435,42.150415435,B722,_,00420,179
B722__00410.179,14.005657143179462,42.15543914,B722,_,00410,179
B722__00400.179,14.003198974039226,42.147151165,B722,_,00400,179
B722__00390.179,14.00112891283763,42.14210735,B722,_,00390,179
B722__00380.179,14.000792853023015,42.139501609999996,B722,_,00380,179
B722__00370.179,13.9870602819839,42.141016335,B722,_,00370,179
B722__00360.179,13.997683067619333,42.150134664999996,B722,_,00360,179
B722__00350.179,13.972053170122736,42.14248175,B722,_,00350,179
B722__00340.179,13.972976475164447,42.14715378,B722,_,00340,179
B722__0028.179,14.00411139493196,42.156124375000005,B722,_,0028,179
B722__00270.179,13.995465590306061,42.156097360000004,B722,_,00270,179
B722__00260.179,13.987106610662211,42.161335664999996,B722,_,00260,179
B722__00250.179,13.978701884148443,42.162486275,B722,_,00250,179
B722__00230.179,14.07101632528014,42.162611765,B722,_,00230,179
B722__00220.179,14.044004542351585,42.166704345,B722,_,00220,179
B722__00210.179,14.032184594100984,42.16742348,B722,_,00210,179
B722__00200.179,14.02668455556243,42.169993005,B722,_,00200,179
B722__00190.179,13.994766474506992,42.166660005,B722,_,00190,179
B722__00180.179,14.020709853879914,42.178225190000006,B722,_,00180,179
B722__00170.179,14.01323212782529,42.17393375,B722,_,00170,179
B722__00160.179,14.010439941153589,42.16974785,B722,_,00160,179
B722__00150.179,14.005262296915237,42.175274005000006,B722,_,00150,179
B722__00140.179,13.987941260085085,42.168937995,B722,_,00140,179
B722__00130.179,13.981640429212494,42.172655675,B722,_,00130,179
B722__00120.179,14.005379940163873,42.18325792,B722,_,00120,179
B722__00110.179,13.991647934745853,42.179175365,B722,_,00110,179
B722__00100.179,13.982024649299772,42.18373882,B722,_,00100,179
B722__0009.179,13.97029763765591,42.186732915,B722,_,0009,179
B722__00080.179,13.963338817399652,42.187152194999996,B722,_,00080,179
B722__00070.179,13.999360902102685,42.195098785,B722,_,00070,179
B722__00050.179,13.975268832868704,42.19238147,B722,_,00050,179
B722__00040.179,13.975837971885046,42.197769655,B722,_,00040,179
B722__00030.179,13.961486737234711,42.195086865,B722,_,00030,179
B722__00020.179,13.978512448136357,42.20556671,B722,_,00020,179
B722__00420.1790,14.017823545023557,42.149120464999996,B722,_,00420,1790
B722__00060.1791,13.987389004407955,42.199335755,B722,_,00060,1791
B722__00420.1791,14.017237550001415,42.14882453,B722,_,00420,1791
B722__00290.1791,14.012189398940038,42.158380910000005,B722,_,00290,1791
B722__00060.1792,13.987416273142179,42.199448329999996,B722,_,00060,1792
B722__00420.1792,14.017620645568046,42.14872621,B722,_,00420,1792
B722__00290.1792,14.012311005034743,42.158397395,B722,_,00290,1792
B722__00060.1793,13.994516097409285,42.19674493,B722,_,00060,1793
B722__00420.1793,14.016381898076158,42.149020254999996,B722,_,00420,1793
B722__00060.1794,13.993871868053379,42.196499145000004,B722,_,00060,1794
B722__00290.1794,14.012215967134747,42.158456795,B722,_,00290,1794
B722__00060.1795,13.984878241439961,42.19839228,B722,_,00060,1795
B722__00420.1795,14.015925294352298,42.149031485,B722,_,00420,1795
B722__00290.1795,14.012128436901921,42.15839175,B722,_,00290,1795
B722__00290.1796,14.012088307618903,42.15850858,B722,_,00290,1796
B722__00060.1797,13.984971932704354,42.19836253,B722,_,00060,1797
B722__00290.1797,13.999413218610584,42.159566305,B722,_,00290,1797
B722__00290.1798,13.99948781424792,42.1596215,B722,_,00290,1798
B722__00060.1799,13.988135541229981,42.198219589999994,B722,_,00060,1799
B722__00290.1799,13.99958558858832,42.159533745000005,B722,_,00290,1799
B722__00010.18,13.970012776822177,42.210696195,B722,_,00010,18
B722__00610.18,13.992077574707146,42.120438395,B722,_,00610,18
B722__00600.18,14.009399903416199,42.13185715,B722,_,00600,18
B722__00590.18,13.991150973887976,42.126478915,B722,_,00590,18
B722__00540.18,14.03935290075678,42.147341705,B722,_,00540,18
B722__00530.18,14.026535131259164,42.149015425,B722,_,00530,18
B722__00520.18,14.008071905444975,42.142338385,B722,_,00520,18
B722__0051.18,14.004909423414922,42.142639700000004,B722,_,0051,18
B722__00500.18,13.988362040228283,42.13554447,B722,_,00500,18
B722__00490.18,13.98700474529245,42.132759445000005,B722,_,00490,18
B722__00480.18,13.980439026978608,42.13966402,B722,_,00480,18
B722__00450.18,14.054302456862757,42.14483439,B722,_,00450,18
B722__00440.18,14.046119877749536,42.15545885,B722,_,00440,18
B722__00430.18,14.023111413968449,42.158553845,B722,_,00430,18
B722__00420.18,14.006635102174695,42.14995835,B722,_,00420,18
B722__00410.18,14.006119197875027,42.158819214999994,B722,_,00410,18
B722__00400.18,14.003789624005044,42.15429326,B722,_,00400,18
B722__00390.18,14.000044747379349,42.145359639999995,B722,_,00390,18
B722__00380.18,14.00025293539753,42.1418945,B722,_,00380,18
B722__00360.18,13.996926298338309,42.153872515,B722,_,00360,18
B722__00350.18,13.983656368679577,42.149118875,B722,_,00350,18
B722__00340.18,13.975931814749554,42.14934821999999,B722,_,00340,18
B722__00330.18,13.974210712796378,42.155135985,B722,_,00330,18
B722__00310.18,14.037846439846254,42.160935955,B722,_,00310,18
B722__00300.18,14.030631166698477,42.1673002,B722,_,00300,18
B722__00290.18,14.004501505417107,42.162036725,B722,_,00290,18
B722__0028.18,13.996501408364127,42.15921838,B722,_,0028,18
B722__00270.18,13.991274307248045,42.160188515,B722,_,00270,18
B722__00260.18,13.983360820203625,42.16581913,B722,_,00260,18
B722__00250.18,13.982770718333786,42.16670001,B722,_,00250,18
B722__00230.18,14.064321484309819,42.170040035,B722,_,00230,18
B722__00220.18,14.047159621815375,42.17216396,B722,_,00220,18
B722__00210.18,14.03370398660786,42.1726043,B722,_,00210,18
B722__00200.18,14.018881400733017,42.168994014999996,B722,_,00200,18
B722__00190.18,13.995683154747912,42.169427025000005,B722,_,00190,18
B722__00180.18,14.020980816979389,42.17919034,B722,_,00180,18
B722__00170.18,14.01351895410159,42.18065813,B722,_,00170,18
B722__00160.18,14.00959219489626,42.176178230000005,B722,_,00160,18
B722__00140.18,13.986306754425293,42.17404337,B722,_,00140,18
B722__00120.18,14.005115730951658,42.193752795,B722,_,00120,18
B722__00110.18,13.996394830001801,42.18738051,B722,_,00110,18
B722__00100.18,13.982300182976395,42.187041635,B722,_,00100,18
B722__00080.18,13.958356920854014,42.18987364,B722,_,00080,18
B722__00060.18,13.984943726811833,42.199938745,B722,_,00060,18
B722__00050.18,13.981758626701751,42.19537928,B722,_,00050,18
B722__00040.18,13.972813831507388,42.2021529,B722,_,00040,18
B722__00030.18,13.965522266683498,42.19987751,B722,_,00030,18
B722__00020.18,13.976411947370556,42.20848066,B722,_,00020,18
B722__00020.180,13.978691554398656,42.205672735,B722,_,00020,180
B722__00610.180,13.999709609685326,42.119515705,B722,_,00610,180
B722__00600.180,14.006710408123295,42.120935315,B722,_,00600,180
B722__00590.180,14.003608683590341,42.12384516,B722,_,00590,180
B722__00540.180,14.037547603768436,42.13826442,B722,_,00540,180
B722__00530.180,14.033842455819771,42.1430472,B722,_,00530,180
B722__00520.180,14.009855549630739,42.141430635,B722,_,00520,180
B722__0051.180,14.003446130595231,42.14036793,B722,_,0051,180
B722__00500.180,13.991335690612678,42.136248475,B722,_,00500,180
B722__00490.180,13.988586395625507,42.12656369,B722,_,00490,180
B722__00480.180,13.977403285905208,42.132201475,B722,_,00480,180
B722__00440.180,14.047253414152745,42.155610895,B722,_,00440,180
B722__00430.180,14.031585589749014,42.15571601,B722,_,00430,180
B722__00420.180,14.019188971998501,42.15021987,B722,_,00420,180
B722__00410.180,14.005900830538186,42.155797465000006,B722,_,00410,180
B722__00400.180,14.003490501421261,42.147478004999996,B722,_,00400,180
B722__00390.180,14.001164182355483,42.142097235,B722,_,00390,180
B722__00380.180,14.000598455807502,42.139429899999996,B722,_,00380,180
B722__00370.180,13.987314162263266,42.141179975,B722,_,00370,180
B722__00360.180,13.998070447581435,42.149949265000004,B722,_,00360,180
B722__00350.180,13.972798000326687,42.142549035,B722,_,00350,180
B722__00340.180,13.966783088157015,42.145168345,B722,_,00340,180
B722__0028.180,13.998457334597676,42.158584825000005,B722,_,0028,180
B722__00270.180,13.994984105411493,42.155975330000004,B722,_,00270,180
B722__00260.180,13.987302962752622,42.161668855,B722,_,00260,180
B722__00250.180,13.978621145540899,42.163006145,B722,_,00250,180
B722__00230.180,14.072021195739492,42.16226135,B722,_,00230,180
B722__00220.180,14.044622747246308,42.166431779999996,B722,_,00220,180
B722__00190.180,13.99250938094773,42.16532582,B722,_,00190,180
B722__00180.180,14.029836492836893,42.174010075,B722,_,00180,180
B722__00170.180,14.01368634125345,42.1734027,B722,_,00170,180
B722__00160.180,14.01069259063937,42.169340340000005,B722,_,00160,180
B722__00140.180,13.988176105342557,42.168855595,B722,_,00140,180
B722__00130.180,13.975956353665765,42.171027984999995,B722,_,00130,180
B722__00120.180,14.013064487725742,42.185143205,B722,_,00120,180
B722__00110.180,13.99556869375494,42.180697345,B722,_,00110,180
B722__00100.180,13.982000673353848,42.18403021,B722,_,00100,180
B722__0009.180,13.970601778834514,42.186696255,B722,_,0009,180
B722__00080.180,13.96365526956501,42.187347765,B722,_,00080,180
B722__00060.180,13.984949887508847,42.19830097,B722,_,00060,180
B722__00050.180,13.977028321800908,42.192253074999996,B722,_,00050,180
B722__00040.180,13.975898091274457,42.197676744999995,B722,_,00040,180
B722__00030.180,13.961682869880399,42.19515802,B722,_,00030,180
B722__00060.1800,13.98795984648505,42.19816329,B722,_,00060,1800
B722__00060.1801,13.987739736435707,42.198074805000005,B722,_,00060,1801
B722__00290.1801,13.999585576605048,42.15968899000001,B722,_,00290,1801
B722__00060.1802,13.988347753083282,42.198094805,B722,_,00060,1802
B722__00290.1802,14.009651029880276,42.159793725,B722,_,00290,1802
B722__00060.1803,13.988149204593906,42.198414095000004,B722,_,00060,1803
B722__00290.1803,14.004234991743349,42.161183,B722,_,00290,1803
B722__00060.1804,13.988476040709642,42.198397935,B722,_,00060,1804
B722__00290.1804,13.998839773129937,42.159201519999996,B722,_,00290,1804
B722__00060.1805,13.988906446907945,42.198435355,B722,_,00060,1805
B722__00290.1805,14.00192484971175,42.15854014999999,B722,_,00290,1805
B722__00060.1806,13.988815644787138,42.198418385,B722,_,00060,1806
B722__00290.1806,14.002130780381318,42.15901659,B722,_,00290,1806
B722__00060.1807,13.98850833247032,42.19807325,B722,_,00060,1807
B722__00060.1808,13.988735432073627,42.197962865,B722,_,00060,1808
B722__00290.1808,14.003145571357035,42.162207215,B722,_,00290,1808
B722__00290.1809,14.004143302054441,42.16144613,B722,_,00290,1809
B722__00010.181,13.968881356175757,42.20559058,B722,_,00010,181
B722__00610.181,14.000819710551351,42.11989462,B722,_,00610,181
B722__00600.181,14.006788467369715,42.121298575,B722,_,00600,181
B722__00590.181,14.003584879470164,42.12368887,B722,_,00590,181
B722__00540.181,14.0382241785097,42.138129504999995,B722,_,00540,181
B722__00530.181,14.034173416336369,42.14351027,B722,_,00530,181
B722__00520.181,14.009957405496166,42.14145312,B722,_,00520,181
B722__0051.181,14.003540912925086,42.140325884999996,B722,_,0051,181
B722__00500.181,13.991411974263638,42.136427705,B722,_,00500,181
B722__00490.181,13.988029072127695,42.127130945,B722,_,00490,181
B722__00480.181,13.978222690867474,42.13240434,B722,_,00480,181
B722__00440.181,14.051503308379068,42.14722397,B722,_,00440,181
B722__00430.181,14.031350292573876,42.15516548,B722,_,00430,181
B722__00420.181,14.019379216036427,42.1503026,B722,_,00420,181
B722__00400.181,14.003186538868086,42.146989989999994,B722,_,00400,181
B722__00390.181,14.000510555357444,42.14189262,B722,_,00390,181
B722__00370.181,13.987445815282438,42.1414609,B722,_,00370,181
B722__00360.181,13.997776164113638,42.15043103,B722,_,00360,181
B722__00350.181,13.972884464961904,42.143108775,B722,_,00350,181
B722__00340.181,13.96712430217706,42.14533831,B722,_,00340,181
B722__00290.181,14.006586983176483,42.160991785,B722,_,00290,181
B722__00270.181,13.99503010743129,42.155709845000004,B722,_,00270,181
B722__00260.181,13.987653491763485,42.16128421,B722,_,00260,181
B722__00250.181,13.97907855593536,42.163111435,B722,_,00250,181
B722__00230.181,14.071459149726893,42.16220228,B722,_,00230,181
B722__00220.181,14.044647445262537,42.165781624999994,B722,_,00220,181
B722__00190.181,13.994955628706759,42.16644651,B722,_,00190,181
B722__00180.181,14.030784592878309,42.1741832,B722,_,00180,181
B722__00170.181,14.01578557383391,42.1741516,B722,_,00170,181
B722__00160.181,14.009846897489789,42.171128885,B722,_,00160,181
B722__00150.181,13.989923873561294,42.17270694,B722,_,00150,181
B722__00140.181,13.982624257642648,42.17240125,B722,_,00140,181
B722__00130.181,13.975352198004169,42.170548534999995,B722,_,00130,181
B722__00120.181,14.005964998367107,42.185263715,B722,_,00120,181
B722__00110.181,13.995014386431475,42.180938964999996,B722,_,00110,181
B722__00100.181,13.982521457375018,42.18372283,B722,_,00100,181
B722__0009.181,13.970592141224348,42.18656758,B722,_,0009,181
B722__00080.181,13.963976654219508,42.187359275,B722,_,00080,181
B722__00070.181,13.999520281758103,42.195112835,B722,_,00070,181
B722__00060.181,13.985086078456138,42.198310765,B722,_,00060,181
B722__00050.181,13.976102498003584,42.19297003,B722,_,00050,181
B722__00040.181,13.975789967167048,42.197524345000005,B722,_,00040,181
B722__00030.181,13.961839976491714,42.195133035,B722,_,00030,181
B722__00020.181,13.978997607760379,42.205745925,B722,_,00020,181
B722__00060.1810,13.988800010198954,42.19817982,B722,_,00060,1810
B722__00290.1810,14.005097968978097,42.161597415,B722,_,00290,1810
B722__00060.1811,13.992065476922384,42.195472640000006,B722,_,00060,1811
B722__00060.1812,13.987811911793063,42.197465605000005,B722,_,00060,1812
B722__00060.1813,13.987754289810889,42.19739723,B722,_,00060,1813
B722__00060.1814,13.987013486185973,42.197819625,B722,_,00060,1814
B722__00060.1815,13.990043945090479,42.196582754999994,B722,_,00060,1815
B722__00060.1816,13.989546065555174,42.19660652,B722,_,00060,1816
B722__00060.1818,13.99140246597391,42.195997445,B722,_,00060,1818
B722__00290.1818,14.011376536889735,42.16257439,B722,_,00290,1818
B722__00060.1819,13.991416217929515,42.196071360000005,B722,_,00060,1819
B722__00290.1819,14.011658974193864,42.162137044999994,B722,_,00290,1819
B722__00010.182,13.968471776211725,42.205190990000006,B722,_,00010,182
B722__00610.182,14.001598795391198,42.12007984,B722,_,00610,182
B722__00600.182,14.006573719965516,42.12174421,B722,_,00600,182
B722__00590.182,14.003273940651162,42.123203294999996,B722,_,00590,182
B722__00540.182,14.03870101438759,42.1380884,B722,_,00540,182
B722__00530.182,14.037191541188045,42.145659365,B722,_,00530,182
B722__00520.182,14.00995252826361,42.141559779999994,B722,_,00520,182
B722__00500.182,13.991705966100891,42.136473805,B722,_,00500,182
B722__00490.182,13.985940259072905,42.12647824,B722,_,00490,182
B722__00480.182,13.978043374194337,42.132113475,B722,_,00480,182
B722__00440.182,14.051695960284103,42.14714094,B722,_,00440,182
B722__00430.182,14.031938840149685,42.154863105000004,B722,_,00430,182
B722__00420.182,14.019600421025268,42.15032618,B722,_,00420,182
B722__00400.182,14.003424131124348,42.14707228,B722,_,00400,182
B722__00390.182,14.000626746928514,42.141886935,B722,_,00390,182
B722__00370.182,13.987725713596651,42.141602230000004,B722,_,00370,182
B722__00360.182,13.998209128501372,42.150612145,B722,_,00360,182
B722__00350.182,13.973251674955176,42.143198655000006,B722,_,00350,182
B722__00340.182,13.967136966418295,42.14482439,B722,_,00340,182
B722__00290.182,14.006687976506614,42.16099756,B722,_,00290,182
B722__0028.182,13.998458354674092,42.158437105000004,B722,_,0028,182
B722__00270.182,13.994990156891149,42.15542569,B722,_,00270,182
B722__00250.182,13.979965726219689,42.1633848,B722,_,00250,182
B722__00230.182,14.071661123190875,42.159644674999996,B722,_,00230,182
B722__00220.182,14.04480925275421,42.165655189999995,B722,_,00220,182
B722__00190.182,13.995322193047071,42.166439745000005,B722,_,00190,182
B722__00180.182,14.030384704148068,42.17464734,B722,_,00180,182
B722__00170.182,14.015498774986556,42.173286705,B722,_,00170,182
B722__00160.182,14.006260193061223,42.17713863,B722,_,00160,182
B722__00150.182,13.99019247761056,42.173005185,B722,_,00150,182
B722__00140.182,13.982444232306282,42.17240125,B722,_,00140,182
B722__00130.182,13.9807079394136,42.173095884999995,B722,_,00130,182
B722__00120.182,14.00632228532682,42.18587969,B722,_,00120,182
B722__00110.182,13.995753322944841,42.17934822,B722,_,00110,182
B722__00100.182,13.982072409310273,42.184153095,B722,_,00100,182
B722__0009.182,13.970801657254924,42.186555569999996,B722,_,0009,182
B722__00080.182,13.964001897559623,42.18719221,B722,_,00080,182
B722__00070.182,13.999754818222975,42.195014455,B722,_,00070,182
B722__00060.182,13.985017210314766,42.198398714999996,B722,_,00060,182
B722__00050.182,13.975717414340401,42.193040190000005,B722,_,00050,182
B722__00040.182,13.976043668329186,42.19711814,B722,_,00040,182
B722__00030.182,13.961839352730063,42.195302295,B722,_,00030,182
B722__00020.182,13.979237987354603,42.205811635,B722,_,00020,182
B722__00290.1820,14.01141589868232,42.162257569999994,B722,_,00290,1820
B722__00290.1821,14.01160487063749,42.162198024999995,B722,_,00290,1821
B722__00290.1822,14.01233471448684,42.16278063,B722,_,00290,1822
B722__00290.1823,14.011936363659618,42.16227628,B722,_,00290,1823
B722__00060.1824,13.991134550789782,42.196157235,B722,_,00060,1824
B722__00420.1824,14.007279407282823,42.14433328,B722,_,00420,1824
B722__00290.1824,14.012119165005846,42.162209419999996,B722,_,00290,1824
B722__00290.1825,14.012267371637561,42.159125755000005,B722,_,00290,1825
B722__00420.1825,14.007257225396149,42.144515195,B722,_,00420,1825
B722__00060.1826,13.991178333736345,42.195991570000004,B722,_,00060,1826
B722__00420.1826,14.007423146546259,42.14446926,B722,_,00420,1826
B722__00060.1827,13.990926699024115,42.195379415000005,B722,_,00060,1827
B722__00420.1827,14.007175572643217,42.144477255,B722,_,00420,1827
B722__00060.1828,13.987008830772808,42.197695655,B722,_,00060,1828
B722__00420.1828,14.007104854771953,42.144556805,B722,_,00420,1828
B722__00290.1828,14.007563612033291,42.160854404999995,B722,_,00290,1828
B722__00060.1829,13.987079837905405,42.197649195,B722,_,00060,1829
B722__00420.1829,14.007281411152267,42.144090015,B722,_,00420,1829
B722__00290.1829,14.005192676607674,42.161766145,B722,_,00290,1829
B722__00010.183,13.969212944978603,42.205491665,B722,_,00010,183
B722__00610.183,13.994958302265747,42.116362575,B722,_,00610,183
B722__00600.183,14.007558864574818,42.121397155,B722,_,00600,183
B722__00590.183,13.99846894773854,42.129459985,B722,_,00590,183
B722__00540.183,14.039060168827923,42.138091005,B722,_,00540,183
B722__00530.183,14.035759667767628,42.143397355,B722,_,00530,183
B722__00520.183,14.00999750069844,42.14161937,B722,_,00520,183
B722__0051.183,14.004514184188427,42.14177123,B722,_,0051,183
B722__00500.183,13.99227331222766,42.13660644,B722,_,00500,183
B722__00490.183,13.985821958233835,42.126657300000005,B722,_,00490,183
B722__00480.183,13.977912142923499,42.131834765,B722,_,00480,183
B722__00440.183,14.052072608639714,42.147214755,B722,_,00440,183
B722__00430.183,14.032550261000083,42.155001145,B722,_,00430,183
B722__00420.183,14.019541497382136,42.150152925,B722,_,00420,183
B722__00400.183,14.003984192922085,42.147109064999995,B722,_,00400,183
B722__00390.183,14.00090793466727,42.141903505,B722,_,00390,183
B722__00370.183,13.988363435896865,42.141657645,B722,_,00370,183
B722__00360.183,13.998571329659558,42.15058105,B722,_,00360,183
B722__00350.183,13.974300511943241,42.142880295,B722,_,00350,183
B722__00340.183,13.971705258683905,42.149162145,B722,_,00340,183
B722__0028.183,13.998494562733757,42.158487754999996,B722,_,0028,183
B722__00270.183,13.995859255549426,42.15567163,B722,_,00270,183
B722__00250.183,13.979555572364788,42.163021705,B722,_,00250,183
B722__00230.183,14.066517894367829,42.161713795,B722,_,00230,183
B722__00220.183,14.045108868963737,42.166400775,B722,_,00220,183
B722__00210.183,14.032102134770462,42.167273615,B722,_,00210,183
B722__00200.183,14.028624432966533,42.168943485,B722,_,00200,183
B722__00170.183,14.0158813086655,42.173689825,B722,_,00170,183
B722__00160.183,14.006334829334143,42.177033125,B722,_,00160,183
B722__00140.183,13.988221602679417,42.16873821,B722,_,00140,183
B722__00130.183,13.980728714357403,42.173083829999996,B722,_,00130,183
B722__00120.183,14.00671047445497,42.185256935,B722,_,00120,183
B722__00110.183,13.995731982479562,42.17947752,B722,_,00110,183
B722__00100.183,13.982400254542757,42.184472119999995,B722,_,00100,183
B722__0009.183,13.970857057216826,42.186659594999995,B722,_,0009,183
B722__00080.183,13.96368953745074,42.187172075,B722,_,00080,183
B722__00070.183,14.000431650644188,42.19442151,B722,_,00070,183
B722__00050.183,13.975801603079512,42.193140650000004,B722,_,00050,183
B722__00040.183,13.975858164259627,42.196982535000004,B722,_,00040,183
B722__00030.183,13.962002751488411,42.195139555,B722,_,00030,183
B722__00020.183,13.979261929700177,42.206040755000004,B722,_,00020,183
B722__00060.1830,13.987060164909998,42.197801965,B722,_,00060,1830
B722__00420.1830,14.007448867173547,42.144486005000005,B722,_,00420,1830
B722__00060.1831,13.987134273456533,42.197752365,B722,_,00060,1831
B722__00420.1831,14.007225343780028,42.144711385,B722,_,00420,1831
B722__00290.1831,14.009577458678564,42.161319435,B722,_,00290,1831
B722__00060.1832,13.987117742465946,42.19787332,B722,_,00060,1832
B722__00420.1832,14.00711796423517,42.144728495,B722,_,00420,1832
B722__00290.1832,14.009622924006623,42.16131398,B722,_,00290,1832
B722__00060.1833,13.987182956361773,42.19784012,B722,_,00060,1833
B722__00420.1833,14.007112511852867,42.144807525000004,B722,_,00420,1833
B722__00290.1833,14.009677187315468,42.16134583,B722,_,00290,1833
B722__00060.1834,13.9871937718245,42.197905539999994,B722,_,00060,1834
B722__00420.1834,14.007380910592495,42.14446926,B722,_,00420,1834
B722__00290.1834,14.009724966929923,42.16134583,B722,_,00290,1834
B722__00060.1835,13.986169968871977,42.19702794,B722,_,00060,1835
B722__00420.1835,14.006972427586033,42.144248489999995,B722,_,00420,1835
B722__00290.1835,14.00978433440337,42.16140106,B722,_,00290,1835
B722__00060.1836,13.986257667620434,42.19690575,B722,_,00060,1836
B722__00420.1836,14.00700395777142,42.1440408,B722,_,00420,1836
B722__00290.1836,14.009800787541364,42.161164465,B722,_,00290,1836
B722__00060.1837,13.985731899729622,42.19716249,B722,_,00060,1837
B722__00420.1837,14.006896976492229,42.144453745,B722,_,00420,1837
B722__00290.1837,14.009877092419762,42.161408705,B722,_,00290,1837
B722__00060.1838,13.985789823213091,42.19708369,B722,_,00060,1838
B722__00420.1838,14.00722912423253,42.144570985,B722,_,00420,1838
B722__00420.1839,14.007182948489609,42.144647320000004,B722,_,00420,1839
B722__00010.184,13.96950163251671,42.20543404,B722,_,00010,184
B722__00610.184,13.99606236213867,42.11679351,B722,_,00610,184
B722__00600.184,14.00726828776401,42.121640995,B722,_,00600,184
B722__00590.184,13.995376444064938,42.126897695,B722,_,00590,184
B722__00540.184,14.039284674954608,42.137927605,B722,_,00540,184
B722__00530.184,14.035983946439636,42.14357192,B722,_,00530,184
B722__00520.184,14.010380265498004,42.141828145,B722,_,00520,184
B722__0051.184,14.003277143896081,42.140141725,B722,_,0051,184
B722__00500.184,13.993958117525938,42.136259225,B722,_,00500,184
B722__00490.184,13.985722721165153,42.126812415,B722,_,00490,184
B722__00480.184,13.978658575069922,42.13195383,B722,_,00480,184
B722__00440.184,14.052648674763802,42.14707412,B722,_,00440,184
B722__00430.184,14.033413866689175,42.155171365,B722,_,00430,184
B722__00410.184,14.007594666258864,42.155873305,B722,_,00410,184
B722__00400.184,14.004822618050012,42.147368955,B722,_,00400,184
B722__00390.184,14.001051036623714,42.141997364999995,B722,_,00390,184
B722__00380.184,14.001454051975264,42.139331909999996,B722,_,00380,184
B722__00370.184,13.988903635407388,42.14161885,B722,_,00370,184
B722__00360.184,13.998934169020064,42.150568625000005,B722,_,00360,184
B722__00350.184,13.97365611888073,42.142521005000006,B722,_,00350,184
B722__00340.184,13.971443054894252,42.148826375,B722,_,00340,184
B722__0028.184,13.998526742276596,42.15844538,B722,_,0028,184
B722__00270.184,13.995813999740669,42.15541704,B722,_,00270,184
B722__00260.184,13.988374155799672,42.160903360000006,B722,_,00260,184
B722__00250.184,13.979373104262317,42.162927440000004,B722,_,00250,184
B722__00230.184,14.06670541295815,42.161346460000004,B722,_,00230,184
B722__00220.184,14.04624253833784,42.16615036,B722,_,00220,184
B722__00210.184,14.03222618632409,42.16733189,B722,_,00210,184
B722__00200.184,14.028571208376846,42.16912687,B722,_,00200,184
B722__00190.184,13.996617745910612,42.165827035,B722,_,00190,184
B722__00180.184,14.030325130809732,42.175172515,B722,_,00180,184
B722__00170.184,14.01445203187257,42.171894315,B722,_,00170,184
B722__00160.184,14.006697976061027,42.177607965,B722,_,00160,184
B722__00150.184,13.992197868081734,42.17367641,B722,_,00150,184
B722__00140.184,13.982339386256626,42.1723142,B722,_,00140,184
B722__00130.184,13.980843178249266,42.17316369,B722,_,00130,184
B722__00120.184,14.007400568083069,42.185532725,B722,_,00120,184
B722__00110.184,13.995682127295401,42.179723575,B722,_,00110,184
B722__00100.184,13.982184471905608,42.18457902,B722,_,00100,184
B722__00080.184,13.963564832815855,42.186901254999995,B722,_,00080,184
B722__00070.184,14.00129971292752,42.194445205,B722,_,00070,184
B722__00050.184,13.975891355927851,42.19324459,B722,_,00050,184
B722__00040.184,13.97677876134558,42.19682039,B722,_,00040,184
B722__00030.184,13.961793168966187,42.195058085,B722,_,00030,184
B722__00020.184,13.98015194307143,42.205847405,B722,_,00020,184
B722__00060.1840,13.991173958168293,42.19642767,B722,_,00060,1840
B722__00420.1840,14.007309722678736,42.144528539999996,B722,_,00420,1840
B722__00060.1841,13.991242430840124,42.19644871,B722,_,00060,1841
B722__00420.1841,14.007365137053206,42.144505675000005,B722,_,00420,1841
B722__00060.1842,13.991628538396471,42.196741255,B722,_,00060,1842
B722__00420.1842,14.007428948436871,42.144508169999995,B722,_,00420,1842
B722__00060.1843,13.991679149259685,42.19584395,B722,_,00060,1843
B722__00420.1843,14.007455535042773,42.144517414999996,B722,_,00420,1843
B722__00060.1844,13.991519042297528,42.19584395,B722,_,00060,1844
B722__00420.1844,14.007281296596311,42.144541759999996,B722,_,00420,1844
B722__00060.1845,13.991917858419125,42.195761205,B722,_,00060,1845
B722__00420.1845,14.007333864180605,42.144522804999994,B722,_,00420,1845
B722__00060.1846,13.991385468849824,42.196118639999995,B722,_,00060,1846
B722__00060.1847,13.99149603007604,42.196093385,B722,_,00060,1847
B722__00420.1847,14.007307572769248,42.144636004999995,B722,_,00420,1847
B722__00060.1848,13.991791817316507,42.195947785,B722,_,00060,1848
B722__00420.1848,14.007407171763155,42.14470159,B722,_,00420,1848
B722__00060.1849,13.99144430105751,42.196213209999996,B722,_,00060,1849
B722__00420.1849,14.007268884630243,42.144862384999996,B722,_,00420,1849
B722__00010.185,13.96887651054461,42.205117915,B722,_,00010,185
B722__00610.185,13.995063139739413,42.11702493,B722,_,00610,185
B722__00600.185,14.007565406577758,42.121818105,B722,_,00600,185
B722__00590.185,14.002251454251939,42.130114524999996,B722,_,00590,185
B722__00540.185,14.040121360731273,42.13814359,B722,_,00540,185
B722__00530.185,14.034579192153593,42.14305392,B722,_,00530,185
B722__00520.185,14.01015571372973,42.141536465,B722,_,00520,185
B722__0051.185,14.003260079563454,42.14008067,B722,_,0051,185
B722__00500.185,13.993738010296171,42.136275005,B722,_,00500,185
B722__00490.185,13.985227370322098,42.12616457,B722,_,00490,185
B722__00480.185,13.978815381678675,42.13249193,B722,_,00480,185
B722__00440.185,14.042818147734407,42.150956120000004,B722,_,00440,185
B722__00430.185,14.03340860043955,42.15439107500001,B722,_,00430,185
B722__00410.185,14.007618503264444,42.155654595,B722,_,00410,185
B722__00400.185,14.002571987719566,42.14617365,B722,_,00400,185
B722__00390.185,14.001202748969462,42.14205272,B722,_,00390,185
B722__00370.185,13.988981752508845,42.141372315,B722,_,00370,185
B722__00360.185,13.998529856240072,42.150361505,B722,_,00360,185
B722__00350.185,13.973898623887584,42.14192466,B722,_,00350,185
B722__00340.185,13.971070114206576,42.148345875000004,B722,_,00340,185
B722__00270.185,13.986618038593178,42.154459855,B722,_,00270,185
B722__00260.185,13.98872312141904,42.161165245,B722,_,00260,185
B722__00250.185,13.979188415858125,42.16257494,B722,_,00250,185
B722__00230.185,14.066891089088875,42.162029884999995,B722,_,00230,185
B722__00220.185,14.045807925295907,42.166209710000004,B722,_,00220,185
B722__00210.185,14.032284147122173,42.167359675,B722,_,00210,185
B722__00200.185,14.028411739466783,42.16920724,B722,_,00200,185
B722__00180.185,14.031335899919288,42.174489545,B722,_,00180,185
B722__00170.185,14.014087478873464,42.170515165,B722,_,00170,185
B722__00160.185,14.00671764522906,42.177325615,B722,_,00160,185
B722__00150.185,13.993416799637078,42.173920345,B722,_,00150,185
B722__00140.185,13.988587313288352,42.168758714999996,B722,_,00140,185
B722__00130.185,13.979884431429632,42.171443710000005,B722,_,00130,185
B722__00120.185,14.008066820405247,42.18558675,B722,_,00120,185
B722__00110.185,13.996164810332196,42.18009203,B722,_,00110,185
B722__00100.185,13.983192558209947,42.184345775,B722,_,00100,185
B722__0009.185,13.967229972811687,42.186425955000004,B722,_,0009,185
B722__00080.185,13.963589121377105,42.186522530000005,B722,_,00080,185
B722__00070.185,14.001260901921988,42.19724721,B722,_,00070,185
B722__00050.185,13.975993060132634,42.193431235000006,B722,_,00050,185
B722__00040.185,13.977524854486816,42.19653924,B722,_,00040,185
B722__00030.185,13.961843510117294,42.195039315,B722,_,00030,185
B722__00020.185,13.981273953312483,42.20554403,B722,_,00020,185
B722__00060.1850,13.991930323538636,42.1959742,B722,_,00060,1850
B722__00420.1850,14.007375657421331,42.144564285,B722,_,00420,1850
B722__00060.1851,13.991183307353529,42.196108935,B722,_,00060,1851
B722__00420.1851,14.007420961028874,42.1445539,B722,_,00420,1851
B722__00060.1852,13.991379665949793,42.196207235,B722,_,00060,1852
B722__00060.1853,13.991616911849544,42.192684435000004,B722,_,00060,1853
B722__00060.1854,13.992031087293405,42.192669280000004,B722,_,00060,1854
B722__00060.1855,13.992239058919901,42.191639609999996,B722,_,00060,1855
B722__00060.1856,13.992608440544068,42.19153686,B722,_,00060,1856
B722__00010.186,13.96881685498397,42.204982305,B722,_,00010,186
B722__00610.186,13.997031229095935,42.11772185,B722,_,00610,186
B722__00600.186,14.005989643489034,42.12199802,B722,_,00600,186
B722__00590.186,13.989636170520921,42.12559015,B722,_,00590,186
B722__00540.186,14.040424601781124,42.138265835,B722,_,00540,186
B722__00530.186,14.034447061955213,42.14252233,B722,_,00530,186
B722__00520.186,14.010357400270069,42.14141042999999,B722,_,00520,186
B722__0051.186,14.003659818240699,42.14242911,B722,_,0051,186
B722__00500.186,13.993732045507832,42.1363585,B722,_,00500,186
B722__00490.186,13.9848971918103,42.125992714999995,B722,_,00490,186
B722__00480.186,13.97927520579665,42.132434845000006,B722,_,00480,186
B722__00440.186,14.04581287029953,42.15039239,B722,_,00440,186
B722__00430.186,14.033888911776284,42.154902175000004,B722,_,00430,186
B722__00420.186,14.021870362925371,42.149421185,B722,_,00420,186
B722__00410.186,14.007802400562127,42.15579072,B722,_,00410,186
B722__00400.186,14.002616910791069,42.146327729999996,B722,_,00400,186
B722__00390.186,14.001273322106332,42.14225782,B722,_,00390,186
B722__00380.186,14.00125512583634,42.13914056,B722,_,00380,186
B722__00370.186,13.988740500690035,42.140874605,B722,_,00370,186
B722__00360.186,13.998428305558587,42.150257339999996,B722,_,00360,186
B722__00350.186,13.974750262670199,42.142188755,B722,_,00350,186
B722__00340.186,13.971803619435438,42.148181789999995,B722,_,00340,186
B722__0028.186,13.998582505643896,42.158470640000004,B722,_,0028,186
B722__00260.186,13.988792186236045,42.161014455,B722,_,00260,186
B722__00250.186,13.979456348116578,42.16293915,B722,_,00250,186
B722__00230.186,14.067258163969639,42.16210753,B722,_,00230,186
B722__00220.186,14.046707119547513,42.165990910000005,B722,_,00220,186
B722__00210.186,14.032867156752127,42.167183175,B722,_,00210,186
B722__00190.186,13.997462918392236,42.165899275,B722,_,00190,186
B722__00180.186,14.031562819153226,42.174468585,B722,_,00180,186
B722__00170.186,14.014032902691905,42.170458365,B722,_,00170,186
B722__00160.186,14.006406733598418,42.176795455000004,B722,_,00160,186
B722__00140.186,13.98258020821449,42.172122785,B722,_,00140,186
B722__00130.186,13.97788370840808,42.178971295,B722,_,00130,186
B722__00120.186,14.007593226400603,42.18611941,B722,_,00120,186
B722__00110.186,13.995865128770195,42.18043929,B722,_,00110,186
B722__00100.186,13.983189359280946,42.18415492,B722,_,00100,186
B722__0009.186,13.967376939755262,42.186404595,B722,_,0009,186
B722__00080.186,13.963969466782824,42.186819045,B722,_,00080,186
B722__00070.186,14.001442076966875,42.19482578,B722,_,00070,186
B722__00050.186,13.976009431661486,42.193537455,B722,_,00050,186
B722__00040.186,13.97782787411631,42.197567785000004,B722,_,00040,186
B722__00030.186,13.961790094951041,42.194942639999994,B722,_,00030,186
B722__00020.186,13.981199318312267,42.20545425,B722,_,00020,186
B722__00010.187,13.969939925139862,42.205335935,B722,_,00010,187
B722__00610.187,13.996406992945484,42.11650541,B722,_,00610,187
B722__00600.187,14.007792463123709,42.121984205000004,B722,_,00600,187
B722__00590.187,13.989963951421075,42.125704305,B722,_,00590,187
B722__00540.187,14.040613688584772,42.1384623,B722,_,00540,187
B722__00530.187,14.03471123358606,42.142090915,B722,_,00530,187
B722__00520.187,14.010499839062437,42.141575085,B722,_,00520,187
B722__0051.187,14.003351655405236,42.140106395000004,B722,_,0051,187
B722__00500.187,13.993817003336346,42.136052289999995,B722,_,00500,187
B722__00490.187,13.984586285216118,42.125861040000004,B722,_,00490,187
B722__00480.187,13.980445028788662,42.132116435,B722,_,00480,187
B722__00440.187,14.039543467881984,42.154842349999996,B722,_,00440,187
B722__00430.187,14.034275096784157,42.155449114999996,B722,_,00430,187
B722__00420.187,14.0232385612548,42.149267675000004,B722,_,00420,187
B722__00410.187,14.007873877099101,42.155659925,B722,_,00410,187
B722__00400.187,14.003203914718005,42.146300339999996,B722,_,00400,187
B722__00390.187,14.001333878939533,42.14252746,B722,_,00390,187
B722__00370.187,13.989464368015618,42.140895195,B722,_,00370,187
B722__00360.187,13.998716096515832,42.15036972,B722,_,00360,187
B722__00350.187,13.975178322872285,42.14236431,B722,_,00350,187
B722__00340.187,13.972558070286308,42.14796729,B722,_,00340,187
B722__0028.187,13.998615392779131,42.158530895,B722,_,0028,187
B722__00270.187,13.987360064277524,42.15417287,B722,_,00270,187
B722__00260.187,13.98873620546339,42.16082036,B722,_,00260,187
B722__00250.187,13.979169211938217,42.162493694999995,B722,_,00250,187
B722__00230.187,14.067542815384893,42.162130675,B722,_,00230,187
B722__00220.187,14.046769674931157,42.16617551,B722,_,00220,187
B722__00210.187,14.03308655393765,42.167395139999996,B722,_,00210,187
B722__00190.187,13.997985829774123,42.165960395,B722,_,00190,187
B722__00170.187,14.013924749526723,42.170420475,B722,_,00170,187
B722__00160.187,14.00715730118808,42.17751322,B722,_,00160,187
B722__00150.187,13.993429808721647,42.17312667,B722,_,00150,187
B722__00140.187,13.988300027886655,42.16864975,B722,_,00140,187
B722__00130.187,13.980916031423174,42.17311341,B722,_,00130,187
B722__00120.187,14.007060286671319,42.185708090000006,B722,_,00120,187
B722__00110.187,13.997272059408743,42.180620745,B722,_,00110,187
B722__0009.187,13.967260734660389,42.186087490000006,B722,_,0009,187
B722__00080.187,13.964673991533385,42.18717051,B722,_,00080,187
B722__00070.187,14.00212016472511,42.19461959,B722,_,00070,187
B722__00050.187,13.976272840211598,42.19360799,B722,_,00050,187
B722__00040.187,13.978389815625476,42.19759487,B722,_,00040,187
B722__00030.187,13.961769252493951,42.19487496,B722,_,00030,187
B722__00020.187,13.980997567676983,42.205332444999996,B722,_,00020,187
B722__00010.188,13.970231598984215,42.205216925,B722,_,00010,188
B722__00610.188,13.998079547345142,42.116373595,B722,_,00610,188
B722__00600.188,14.007970341444075,42.122961515,B722,_,00600,188
B722__00590.188,13.98892282565385,42.122364544999996,B722,_,00590,188
B722__00540.188,14.040625192817497,42.138644420000006,B722,_,00540,188
B722__00530.188,14.035757945119506,42.142228245,B722,_,00530,188
B722__00520.188,14.010540724479881,42.141455355,B722,_,00520,188
B722__0051.188,14.003323229379664,42.13994187,B722,_,0051,188
B722__00500.188,13.993723582836658,42.135960745,B722,_,00500,188
B722__00490.188,13.988747865096691,42.13154005,B722,_,00490,188
B722__00480.188,13.97951024406812,42.131996470000004,B722,_,00480,188
B722__00440.188,14.039521718675132,42.154737235,B722,_,00440,188
B722__00430.188,14.03509999352109,42.155071344999996,B722,_,00430,188
B722__00420.188,14.006424246840801,42.148130265000006,B722,_,00420,188
B722__00410.188,14.008128565354486,42.155928665,B722,_,00410,188
B722__00400.188,14.002900700335754,42.14642083,B722,_,00400,188
B722__00390.188,14.001375063070316,42.142378695000005,B722,_,00390,188
B722__00370.188,13.989571140742335,42.141266335,B722,_,00370,188
B722__00360.188,13.998478025564536,42.15019192,B722,_,00360,188
B722__00350.188,13.97604954743533,42.142858765,B722,_,00350,188
B722__0028.188,13.998434805403678,42.15832426,B722,_,0028,188
B722__00270.188,13.986891776604466,42.153871525,B722,_,00270,188
B722__00260.188,13.98892608245991,42.16058674,B722,_,00260,188
B722__00250.188,13.979150649414368,42.162370045,B722,_,00250,188
B722__00230.188,14.067865895515634,42.162277265,B722,_,00230,188
B722__00220.188,14.047279427470734,42.16617551,B722,_,00220,188
B722__00210.188,14.032928145638635,42.167435405,B722,_,00210,188
B722__00200.188,14.02731663974388,42.168915685,B722,_,00200,188
B722__00190.188,13.998104418987285,42.16593327,B722,_,00190,188
B722__00180.188,14.016825755645378,42.176105805,B722,_,00180,188
B722__00170.188,14.013850376215938,42.17038083,B722,_,00170,188
B722__00160.188,14.006687909355362,42.17689491,B722,_,00160,188
B722__00150.188,13.990975098057952,42.173135495,B722,_,00150,188
B722__00140.188,13.988296067631685,42.16855754,B722,_,00140,188
B722__00130.188,13.983228038077737,42.173729095,B722,_,00130,188
B722__00120.188,14.006465136301955,42.18609511,B722,_,00120,188
B722__00110.188,13.997336551783201,42.18143696,B722,_,00110,188
B722__00100.188,13.983147677326638,42.183759460000005,B722,_,00100,188
B722__0009.188,13.967649867864717,42.1862388,B722,_,0009,188
B722__00080.188,13.965251442620497,42.187203365,B722,_,00080,188
B722__00070.188,14.002236684526753,42.194563175,B722,_,00070,188
B722__00050.188,13.976819210494963,42.193482169999996,B722,_,00050,188
B722__00040.188,13.979071569036948,42.19759534,B722,_,00040,188
B722__00030.188,13.96168866859836,42.194882705,B722,_,00030,188
B722__00020.188,13.980752297712893,42.205298209999995,B722,_,00020,188
B722__00060.1881,13.987723657609898,42.19709624,B722,_,00060,1881
B722__00060.1882,13.987766836547866,42.197283389999996,B722,_,00060,1882
B722__00420.1882,14.008408455130624,42.144471485,B722,_,00420,1882
B722__00060.1883,13.987901075680899,42.19715622,B722,_,00060,1883
B722__00420.1883,14.008357758654554,42.14451622,B722,_,00420,1883
B722__00060.1884,13.98794521766684,42.19721025,B722,_,00060,1884
B722__00420.1884,14.008515858767423,42.144437275,B722,_,00420,1884
B722__00060.1885,13.98886510976571,42.196433515,B722,_,00060,1885
B722__00420.1885,14.008596019744123,42.144345935000004,B722,_,00420,1885
B722__00060.1886,13.989317809629693,42.19666125,B722,_,00060,1886
B722__00420.1886,14.008540882634637,42.144355935,B722,_,00420,1886
B722__00060.1887,13.989655070208247,42.19548359,B722,_,00060,1887
B722__00420.1887,14.009227853675148,42.144651894999996,B722,_,00420,1887
B722__00060.1888,13.989972508688506,42.19572392,B722,_,00060,1888
B722__00420.1888,14.009237062556306,42.144846064999996,B722,_,00420,1888
B722__00060.1889,13.989760914797142,42.19543127,B722,_,00060,1889
B722__00420.1889,14.009180852081593,42.14488312,B722,_,00420,1889
B722__00010.189,13.9711909857687,42.205689855,B722,_,00010,189
B722__00610.189,13.994662774574294,42.12189596,B722,_,00610,189
B722__00600.189,14.008890344608941,42.12310555,B722,_,00600,189
B722__00590.189,13.989158218117094,42.12257783,B722,_,00590,189
B722__00540.189,14.04101224087099,42.13851443,B722,_,00540,189
B722__00530.189,14.036864739213641,42.14226184,B722,_,00530,189
B722__00520.189,14.01062668493945,42.141432025,B722,_,00520,189
B722__0051.189,14.00341104824333,42.140023935,B722,_,0051,189
B722__00500.189,13.99081918959213,42.135795415000004,B722,_,00500,189
B722__00490.189,13.989071171713256,42.131641855,B722,_,00490,189
B722__00480.189,13.9797007018884,42.13151447,B722,_,00480,189
B722__00440.189,14.046180736108079,42.14884898,B722,_,00440,189
B722__00430.189,14.035842326998779,42.15491175,B722,_,00430,189
B722__00410.189,14.00466430957678,42.154412,B722,_,00410,189
B722__00400.189,14.003025353635643,42.1465504,B722,_,00400,189
B722__00380.189,14.001653724333064,42.139592820000004,B722,_,00380,189
B722__00370.189,13.990003705052317,42.141285839999995,B722,_,00370,189
B722__00360.189,13.998711339322906,42.150297405,B722,_,00360,189
B722__00350.189,13.977328663869937,42.143144629999995,B722,_,00350,189
B722__0028.189,13.998504070797221,42.158354675,B722,_,0028,189
B722__00270.189,13.987127988977168,42.15418992,B722,_,00270,189
B722__00260.189,13.988941651546831,42.160307135,B722,_,00260,189
B722__00250.189,13.979202911316005,42.16240904,B722,_,00250,189
B722__00230.189,14.068706724930983,42.16197029,B722,_,00230,189
B722__00220.189,14.048470093412888,42.166155775,B722,_,00220,189
B722__00210.189,14.033670860218628,42.167565955,B722,_,00210,189
B722__00200.189,14.027201183673764,42.16922279,B722,_,00200,189
B722__00190.189,13.998409683132138,42.165377095,B722,_,00190,189
B722__00180.189,14.01675710740146,42.175942475,B722,_,00180,189
B722__00170.189,14.012127217167073,42.17549215,B722,_,00170,189
B722__00160.189,14.007197795564284,42.17710868,B722,_,00160,189
B722__00150.189,13.991208829426645,42.173075975,B722,_,00150,189
B722__00140.189,13.986115051199224,42.16869742,B722,_,00140,189
B722__00130.189,13.98256171849082,42.177821715,B722,_,00130,189
B722__00120.189,14.006855595174667,42.186384865,B722,_,00120,189
B722__00110.189,13.99664404539808,42.181710785,B722,_,00110,189
B722__00100.189,13.9834313135087,42.183338355000004,B722,_,00100,189
B722__0009.189,13.968367560109485,42.186108184999995,B722,_,0009,189
B722__00080.189,13.965646884009953,42.187110245,B722,_,00080,189
B722__00070.189,14.002329620535756,42.194507474999995,B722,_,00070,189
B722__00060.189,13.986424889369463,42.19802119,B722,_,00060,189
B722__00050.189,13.976541024676862,42.19332611,B722,_,00050,189
B722__00040.189,13.978454097703432,42.19713049,B722,_,00040,189
B722__00030.189,13.961272936047223,42.19581513,B722,_,00030,189
B722__00020.189,13.980646934815601,42.20504144,B722,_,00020,189
B722__00420.1890,14.008637729418865,42.14464144,B722,_,00420,1890
B722__00060.1891,13.989403996851815,42.195481575,B722,_,00060,1891
B722__00420.1891,14.008588362971864,42.14467802,B722,_,00420,1891
B722__00420.1892,14.008454412033892,42.144592925,B722,_,00420,1892
B722__00420.1893,14.008337832908573,42.14454603,B722,_,00420,1893
B722__00420.1894,14.008353399158356,42.14453268,B722,_,00420,1894
B722__00060.1895,13.990051203533584,42.195955569999995,B722,_,00060,1895
B722__00420.1895,14.008309795780406,42.144568705,B722,_,00420,1895
B722__00420.1896,14.00832639380343,42.144558065,B722,_,00420,1896
B722__00060.1897,13.990381637712781,42.196023775,B722,_,00060,1897
B722__00420.1897,14.018979707266832,42.15069802,B722,_,00420,1897
B722__00420.1898,14.019141298241834,42.150709425,B722,_,00420,1898
B722__00060.1899,13.99004102927835,42.19587526,B722,_,00060,1899
B722__00010.19,13.97059784131236,42.21034358,B722,_,00010,19
B722__00610.19,13.99145100380441,42.119813179999994,B722,_,00610,19
B722__00600.19,14.00966630706996,42.13272988,B722,_,00600,19
B722__00590.19,13.992754857824739,42.126015275,B722,_,00590,19
B722__00540.19,14.039664667121873,42.147193585,B722,_,00540,19
B722__00530.19,14.02688126534316,42.14903316,B722,_,00530,19
B722__00520.19,14.008366491024901,42.142370685,B722,_,00520,19
B722__0051.19,14.00524194309513,42.142497275,B722,_,0051,19
B722__00500.19,13.98941537586304,42.135422025,B722,_,00500,19
B722__00490.19,13.986678492141959,42.131700975,B722,_,00490,19
B722__00480.19,13.980679058455463,42.139346395,B722,_,00480,19
B722__00450.19,14.054617859087159,42.144457755000005,B722,_,00450,19
B722__00440.19,14.047172766584891,42.15544358,B722,_,00440,19
B722__00430.19,14.023421347037075,42.158500575000005,B722,_,00430,19
B722__00420.19,14.00654932050897,42.149808185,B722,_,00420,19
B722__00410.19,14.006183549804241,42.15861441,B722,_,00410,19
B722__00400.19,14.002520066107328,42.15367996,B722,_,00400,19
B722__00390.19,14.000770068703586,42.14506499,B722,_,00390,19
B722__00380.19,14.000303074866912,42.142102075,B722,_,00380,19
B722__00360.19,13.997114267019974,42.15385485,B722,_,00360,19
B722__00340.19,13.975778974055117,42.149039975,B722,_,00340,19
B722__00330.19,13.974444348133591,42.15510578,B722,_,00330,19
B722__00310.19,14.038130236455007,42.16073624,B722,_,00310,19
B722__00300.19,14.03112797314298,42.167546470000005,B722,_,00300,19
B722__00290.19,14.004650698535745,42.16227411,B722,_,00290,19
B722__0028.19,13.996659971609194,42.1591124,B722,_,0028,19
B722__00270.19,13.991841476800602,42.160103434999996,B722,_,00270,19
B722__00260.19,13.98337684349956,42.16573105,B722,_,00260,19
B722__00250.19,13.983117857397959,42.16651837,B722,_,00250,19
B722__00230.19,14.064679448410892,42.17055722,B722,_,00230,19
B722__00220.19,14.047672279648122,42.172087434999995,B722,_,00220,19
B722__00210.19,14.034912133379228,42.172806655,B722,_,00210,19
B722__00200.19,14.019109679568363,42.168969704999995,B722,_,00200,19
B722__00190.19,13.99626708557914,42.169449424999996,B722,_,00190,19
B722__00180.19,14.022108216457724,42.17923512,B722,_,00180,19
B722__00170.19,14.014636353887457,42.181060595,B722,_,00170,19
B722__00160.19,14.006916622318876,42.175440135,B722,_,00160,19
B722__00150.19,14.00208178180759,42.17972831,B722,_,00150,19
B722__00140.19,13.986046236362945,42.1739613,B722,_,00140,19
B722__00120.19,14.005869611642417,42.194061805000004,B722,_,00120,19
B722__00110.19,13.995914116523938,42.186846,B722,_,00110,19
B722__00100.19,13.982435076230379,42.188085215,B722,_,00100,19
B722__00080.19,13.958618994179632,42.189856535,B722,_,00080,19
B722__00060.19,13.984961008617038,42.199993835,B722,_,00060,19
B722__00050.19,13.982075706001375,42.19554035,B722,_,00050,19
B722__00040.19,13.973877419815132,42.202408405,B722,_,00040,19
B722__00030.19,13.960515371474962,42.198334645,B722,_,00030,19
B722__00020.19,13.97605456413157,42.20909777,B722,_,00020,19
B722__00020.190,13.979485866815558,42.205520945,B722,_,00020,190
B722__00610.190,13.994778103191308,42.118446315,B722,_,00610,190
B722__00600.190,14.00957417176501,42.123602045,B722,_,00600,190
B722__00590.190,13.989535067559554,42.12274841,B722,_,00590,190
B722__00540.190,14.041937302261013,42.13793243,B722,_,00540,190
B722__00530.190,14.034099472068545,42.141378435,B722,_,00530,190
B722__00520.190,14.010886589778911,42.14159346,B722,_,00520,190
B722__00500.190,13.991149644459968,42.135878590000004,B722,_,00500,190
B722__00490.190,13.988931743974135,42.131838450000004,B722,_,00490,190
B722__00480.190,13.978918543488186,42.13140935,B722,_,00480,190
B722__00440.190,14.045672526206983,42.14879887,B722,_,00440,190
B722__00430.190,14.03618708935155,42.15460864,B722,_,00430,190
B722__00420.190,14.007307320445928,42.14820689,B722,_,00420,190
B722__00400.190,14.00366533264267,42.15349563,B722,_,00400,190
B722__00380.190,14.001634325077788,42.13929558,B722,_,00380,190
B722__00370.190,13.990220340134691,42.141733985,B722,_,00370,190
B722__00360.190,13.999252950175372,42.150556449999996,B722,_,00360,190
B722__00350.190,13.977919773186734,42.142709925000005,B722,_,00350,190
B722__0028.190,13.998554894274287,42.15837458,B722,_,0028,190
B722__00270.190,13.987871856465217,42.154156775000004,B722,_,00270,190
B722__00260.190,13.984813333367548,42.16098504,B722,_,00260,190
B722__00250.190,13.979399646355507,42.1625803,B722,_,00250,190
B722__00230.190,14.069354980599657,42.1621801,B722,_,00230,190
B722__00220.190,14.048187802727576,42.166671495,B722,_,00220,190
B722__00210.190,14.033049363239417,42.16684874,B722,_,00210,190
B722__00200.190,14.02738686112314,42.169508455,B722,_,00200,190
B722__00180.190,14.016721747540775,42.175818075,B722,_,00180,190
B722__00170.190,14.01219429864301,42.175505900000005,B722,_,00170,190
B722__00160.190,14.006811168890632,42.176776305000004,B722,_,00160,190
B722__00150.190,13.991134460750612,42.172995615000005,B722,_,00150,190
B722__00140.190,13.986340592283266,42.168389715,B722,_,00140,190
B722__00130.190,13.97508021819313,42.17370959,B722,_,00130,190
B722__00120.190,14.006960520835314,42.18664989,B722,_,00120,190
B722__00110.190,13.99577316164666,42.181136485,B722,_,00110,190
B722__0009.190,13.968385442379397,42.186000625000005,B722,_,0009,190
B722__00080.190,13.966054112573218,42.18714837,B722,_,00080,190
B722__00070.190,14.002419397267355,42.194458575,B722,_,00070,190
B722__00060.190,13.986393138546491,42.198289985,B722,_,00060,190
B722__00050.190,13.977041563234682,42.193152330000004,B722,_,00050,190
B722__00040.190,13.978859947825002,42.197029455,B722,_,00040,190
B722__00030.190,13.96189544632508,42.19548583,B722,_,00030,190
B722__00060.1900,13.990553454143921,42.19513725,B722,_,00060,1900
B722__00420.1900,14.016065883454853,42.14979425,B722,_,00420,1900
B722__00060.1901,13.990801014410021,42.195147770000005,B722,_,00060,1901
B722__00420.1901,14.015324918929839,42.14954859,B722,_,00420,1901
B722__00420.1902,14.015852683766118,42.149444360000004,B722,_,00420,1902
B722__00060.1903,13.992048121475849,42.195515495,B722,_,00060,1903
B722__00420.1903,14.015770531658205,42.149524135,B722,_,00420,1903
B722__00060.1904,13.992060936052386,42.19555099,B722,_,00060,1904
B722__00420.1904,14.015967643269814,42.149581835,B722,_,00420,1904
B722__00060.1905,13.99164373469452,42.19571852,B722,_,00060,1905
B722__00420.1905,14.015992424313566,42.149683014999994,B722,_,00420,1905
B722__00060.1906,13.991846583388892,42.195616564999995,B722,_,00060,1906
B722__00420.1906,14.015744692199997,42.149576249999996,B722,_,00420,1906
B722__00420.1907,14.01584841988095,42.149686075,B722,_,00420,1907
B722__00060.1908,13.991481720599943,42.19546177,B722,_,00060,1908
B722__00420.1908,14.015899107171855,42.14967944,B722,_,00420,1908
B722__00060.1909,13.98766744881698,42.1967534,B722,_,00060,1909
B722__00420.1909,14.015924930445047,42.149698745,B722,_,00420,1909
B722__00010.191,13.971441568807478,42.20553582,B722,_,00010,191
B722__00610.191,13.994473256218265,42.117627084999995,B722,_,00610,191
B722__00600.191,14.008901190572995,42.12422458,B722,_,00600,191
B722__00590.191,13.99723923110761,42.125554715,B722,_,00590,191
B722__00540.191,14.042190875394166,42.138536630000004,B722,_,00540,191
B722__00530.191,14.032984986858363,42.14398118,B722,_,00530,191
B722__00520.191,14.010654663949595,42.14177034,B722,_,00520,191
B722__00500.191,13.990367770338263,42.132974335,B722,_,00500,191
B722__00490.191,13.988790961979277,42.131853375,B722,_,00490,191
B722__00480.191,13.978469120227194,42.13139203,B722,_,00480,191
B722__00440.191,14.045170139415387,42.148765014999995,B722,_,00440,191
B722__00430.191,14.036561107540095,42.15512743,B722,_,00430,191
B722__00420.191,14.008192122072735,42.1484352,B722,_,00420,191
B722__00410.191,14.004795875585945,42.154410405,B722,_,00410,191
B722__00400.191,14.0028523645218,42.145568045000005,B722,_,00400,191
B722__00390.191,14.00170309171634,42.142511285,B722,_,00390,191
B722__00380.191,14.001824477403863,42.139488345000004,B722,_,00380,191
B722__00370.191,13.990513363004048,42.141817925,B722,_,00370,191
B722__00360.191,13.999289204767095,42.150433125,B722,_,00360,191
B722__00350.191,13.978448620563448,42.143096535,B722,_,00350,191
B722__00290.191,14.008650145737109,42.160914614999996,B722,_,00290,191
B722__0028.191,13.99860436904941,42.1584034,B722,_,0028,191
B722__00270.191,13.987868489465004,42.154011295000004,B722,_,00270,191
B722__00260.191,13.984574863393592,42.160942565,B722,_,00260,191
B722__00250.191,13.97998472050893,42.162791659999996,B722,_,00250,191
B722__00230.191,14.069200963770065,42.161883895,B722,_,00230,191
B722__00220.191,14.048168819061097,42.166905665,B722,_,00220,191
B722__00210.191,14.03376110786491,42.166964665,B722,_,00210,191
B722__00200.191,14.027551417136324,42.16932743,B722,_,00200,191
B722__00180.191,14.017327443203643,42.17592165000001,B722,_,00180,191
B722__00170.191,14.01354483111621,42.174999495,B722,_,00170,191
B722__00160.191,14.007258500093537,42.177019945,B722,_,00160,191
B722__00150.191,13.991329547447581,42.17285946,B722,_,00150,191
B722__00140.191,13.985792286997318,42.16869742,B722,_,00140,191
B722__00130.191,13.975764804604466,42.174003495,B722,_,00130,191
B722__00120.191,14.007863487580305,42.18656653,B722,_,00120,191
B722__00110.191,13.995349282064266,42.181059575000006,B722,_,00110,191
B722__00100.191,13.984159930551925,42.184803239999994,B722,_,00100,191
B722__0009.191,13.96875328751685,42.186121674999995,B722,_,0009,191
B722__00080.191,13.966425923995754,42.187239215000005,B722,_,00080,191
B722__00070.191,14.002944985341024,42.19482155,B722,_,00070,191
B722__00060.191,13.986537977945044,42.19742993,B722,_,00060,191
B722__00050.191,13.977486157757106,42.193072525000005,B722,_,00050,191
B722__00040.191,13.978987267969185,42.19687322,B722,_,00040,191
B722__00030.191,13.962569405589058,42.1952879,B722,_,00030,191
B722__00020.191,13.97928462843392,42.20541159,B722,_,00020,191
B722__00060.1910,13.987652396471965,42.196696855,B722,_,00060,1910
B722__00420.1910,14.01618564596901,42.14955377,B722,_,00420,1910
B722__00060.1911,13.987669528442456,42.197489135,B722,_,00060,1911
B722__00420.1911,14.016125244706025,42.14967048,B722,_,00420,1911
B722__00060.1912,13.985539394812704,42.19566805,B722,_,00060,1912
B722__00420.1912,14.016091287211594,42.149672665,B722,_,00420,1912
B722__00060.1913,13.991260493134776,42.19549601,B722,_,00060,1913
B722__00420.1913,14.016061585494041,42.14968328,B722,_,00420,1913
B722__00060.1914,13.98785246871753,42.196591514999994,B722,_,00060,1914
B722__00420.1914,14.016098698980535,42.14969662,B722,_,00420,1914
B722__00060.1915,13.987685143720128,42.19657524,B722,_,00060,1915
B722__00420.1915,14.016129788083084,42.149687075,B722,_,00420,1915
B722__00420.1916,14.015854058644031,42.14980634,B722,_,00420,1916
B722__00060.1917,13.985791244518687,42.19302401,B722,_,00060,1917
B722__00420.1917,14.015834114593062,42.149752135,B722,_,00420,1917
B722__00060.1918,13.985607368411294,42.193230084999996,B722,_,00060,1918
B722__00420.1918,14.015790900129666,42.149703125,B722,_,00420,1918
B722__00060.1919,13.985669295860973,42.193129850000005,B722,_,00060,1919
B722__00420.1919,14.016006066317651,42.149762715,B722,_,00420,1919
B722__00010.192,13.971345664036505,42.205410525000005,B722,_,00010,192
B722__00610.192,13.994603541260831,42.11744285,B722,_,00610,192
B722__00600.192,14.009350890134716,42.12427935,B722,_,00600,192
B722__00590.192,13.99750813188722,42.125391809999996,B722,_,00590,192
B722__00540.192,14.042913547454965,42.13833743,B722,_,00540,192
B722__00530.192,14.035811674942831,42.141511030000004,B722,_,00530,192
B722__00520.192,14.011066150265389,42.14190112,B722,_,00520,192
B722__00500.192,13.990233091523946,42.13309468,B722,_,00500,192
B722__00490.192,13.98895817761322,42.12760011,B722,_,00490,192
B722__00480.192,13.979293681298767,42.13100351,B722,_,00480,192
B722__00440.192,14.047274897055967,42.1489306,B722,_,00440,192
B722__00430.192,14.037242783743483,42.15459515,B722,_,00430,192
B722__00420.192,14.007682229508351,42.147553015,B722,_,00420,192
B722__00410.192,14.005028706292814,42.154363705,B722,_,00410,192
B722__00400.192,14.004104056776113,42.14646536,B722,_,00400,192
B722__00380.192,14.0020131463938,42.139425285,B722,_,00380,192
B722__00370.192,13.990766546062215,42.141990225,B722,_,00370,192
B722__00360.192,13.998558379651588,42.150151265000005,B722,_,00360,192
B722__00350.192,13.980001313371869,42.14268328,B722,_,00350,192
B722__00290.192,14.009032391314864,42.160964969999995,B722,_,00290,192
B722__0028.192,13.998673317011125,42.15844982,B722,_,0028,192
B722__00270.192,13.987948603595573,42.153945025,B722,_,00270,192
B722__00260.192,13.985172696964753,42.160994665000004,B722,_,00260,192
B722__00250.192,13.979682798985309,42.162715864999996,B722,_,00250,192
B722__00230.192,14.069644357943028,42.16232914,B722,_,00230,192
B722__00220.192,14.04891666875309,42.166761855000004,B722,_,00220,192
B722__00210.192,14.033304818577074,42.167069240000004,B722,_,00210,192
B722__00200.192,14.02781815224897,42.16968407,B722,_,00200,192
B722__00180.192,14.017341085234122,42.175738995,B722,_,00180,192
B722__00170.192,14.013749112963284,42.175047195000005,B722,_,00170,192
B722__00160.192,14.00808471887991,42.17756723,B722,_,00160,192
B722__00140.192,13.986030440831556,42.16835537,B722,_,00140,192
B722__00130.192,13.975759027037004,42.17741572,B722,_,00130,192
B722__00120.192,14.013225410784328,42.18546971,B722,_,00120,192
B722__00110.192,13.994926549184168,42.181324270000005,B722,_,00110,192
B722__00100.192,13.98455433709362,42.18460974,B722,_,00100,192
B722__0009.192,13.96904127142156,42.18604142,B722,_,0009,192
B722__00080.192,13.966454493903687,42.187190345000005,B722,_,00080,192
B722__00070.192,14.002896263550236,42.19455462,B722,_,00070,192
B722__00050.192,13.978321657672264,42.19305329,B722,_,00050,192
B722__00040.192,13.979466476999491,42.198552605,B722,_,00040,192
B722__00030.192,13.96221851369047,42.195179915,B722,_,00030,192
B722__00020.192,13.979095500250661,42.20531879,B722,_,00020,192
B722__00420.1920,14.016049169263166,42.14985532,B722,_,00420,1920
B722__00060.1921,13.990563660219173,42.195645490000004,B722,_,00060,1921
B722__00420.1921,14.016013003182298,42.149888315,B722,_,00420,1921
B722__00420.1922,14.015872370741809,42.149888385,B722,_,00420,1922
B722__00060.1923,13.99065399278697,42.19570897,B722,_,00060,1923
B722__00060.1924,13.98754244326593,42.199814645000004,B722,_,00060,1924
B722__00060.1927,13.987902109796805,42.19965663,B722,_,00060,1927
B722__00060.1929,13.987921146569782,42.199612615,B722,_,00060,1929
B722__00010.193,13.971508178439073,42.205183995,B722,_,00010,193
B722__00610.193,14.000932057285297,42.11650602,B722,_,00610,193
B722__00600.193,14.01093878339028,42.124888155,B722,_,00600,193
B722__00590.193,13.99873385453714,42.12623522,B722,_,00590,193
B722__00540.193,14.043102355675288,42.13836268,B722,_,00540,193
B722__00530.193,14.036001053354013,42.14103255,B722,_,00530,193
B722__00520.193,14.01067566944583,42.14128659,B722,_,00520,193
B722__00500.193,13.990034425293413,42.132899865,B722,_,00500,193
B722__00490.193,13.988630666319779,42.127494045000006,B722,_,00490,193
B722__00480.193,13.979961556204039,42.13945011,B722,_,00480,193
B722__00430.193,14.037793184277048,42.154512985,B722,_,00430,193
B722__00420.193,14.008238641721093,42.14791704,B722,_,00420,193
B722__00410.193,14.005253620030057,42.15451824,B722,_,00410,193
B722__00400.193,14.004094602111142,42.146148355,B722,_,00400,193
B722__00380.193,14.001881519122744,42.139286424999995,B722,_,00380,193
B722__00370.193,13.991389404727716,42.141732565,B722,_,00370,193
B722__00360.193,13.99860812500729,42.15011404,B722,_,00360,193
B722__00350.193,13.981572642091509,42.143880415,B722,_,00350,193
B722__00290.193,14.009546629408923,42.160883819999995,B722,_,00290,193
B722__0028.193,13.9987331389762,42.15847558,B722,_,0028,193
B722__00270.193,13.988120900145528,42.15388634999999,B722,_,00270,193
B722__00260.193,13.985406432864544,42.161232375,B722,_,00260,193
B722__00250.193,13.979648602534787,42.16289803,B722,_,00250,193
B722__00230.193,14.06999812285071,42.16208059,B722,_,00230,193
B722__00220.193,14.049351578130363,42.16650543,B722,_,00220,193
B722__00210.193,14.034373255571326,42.16680629,B722,_,00210,193
B722__00200.193,14.027801744062021,42.16953422,B722,_,00200,193
B722__00180.193,14.01694236090304,42.17564316,B722,_,00180,193
B722__00170.193,14.013842801692796,42.1749861,B722,_,00170,193
B722__00160.193,14.00801798011427,42.177696235,B722,_,00160,193
B722__00150.193,13.996376708071974,42.174424345000006,B722,_,00150,193
B722__00140.193,13.985562419009112,42.168367925,B722,_,00140,193
B722__00130.193,13.975588955871759,42.177202980000004,B722,_,00130,193
B722__00120.193,14.008112342620226,42.186602365,B722,_,00120,193
B722__00110.193,13.995749983136035,42.18179661,B722,_,00110,193
B722__00100.193,13.984959709350358,42.184603190000004,B722,_,00100,193
B722__0009.193,13.969002183191225,42.186099885,B722,_,0009,193
B722__00080.193,13.966748611684242,42.187229744999996,B722,_,00080,193
B722__00070.193,14.003351010003739,42.195102395000006,B722,_,00070,193
B722__00050.193,13.980527755840937,42.19279815,B722,_,00050,193
B722__00040.193,13.979740218667613,42.198389414999994,B722,_,00040,193
B722__00030.193,13.961298284299595,42.195989585,B722,_,00030,193
B722__00020.193,13.979260904637993,42.205209034999996,B722,_,00020,193
B722__00060.1930,13.987886534215438,42.199612865,B722,_,00060,1930
B722__00060.1931,13.987916415918566,42.19957534,B722,_,00060,1931
B722__00060.1932,13.988056431535028,42.199545029999996,B722,_,00060,1932
B722__00060.1935,13.988115771893838,42.199281635,B722,_,00060,1935
B722__00010.194,13.97170831142154,42.204703105,B722,_,00010,194
B722__00610.194,14.000849808269043,42.116406655000006,B722,_,00610,194
B722__00600.194,14.010350757596164,42.12478424,B722,_,00600,194
B722__00590.194,13.998998249970732,42.12643907,B722,_,00590,194
B722__00540.194,14.044462874758587,42.13841722,B722,_,00540,194
B722__00530.194,14.037793414312581,42.140488915,B722,_,00530,194
B722__00520.194,14.01084367342138,42.14145621,B722,_,00520,194
B722__00500.194,13.989943475739919,42.13303488,B722,_,00500,194
B722__00490.194,13.988366196948416,42.127254535000006,B722,_,00490,194
B722__00480.194,13.97973290251089,42.138927155000005,B722,_,00480,194
B722__00430.194,14.018859131683724,42.153630615,B722,_,00430,194
B722__00420.194,14.008627685197071,42.148052335,B722,_,00420,194
B722__00400.194,14.004856119906371,42.14648631,B722,_,00400,194
B722__00380.194,13.996675004284283,42.140482309999996,B722,_,00380,194
B722__00370.194,13.99178941319725,42.14209682,B722,_,00370,194
B722__00360.194,13.999286861915385,42.150331595,B722,_,00360,194
B722__00350.194,13.982013734960443,42.14350073,B722,_,00350,194
B722__00270.194,13.988440373639213,42.153796105,B722,_,00270,194
B722__00260.194,13.98566291683454,42.16114972,B722,_,00260,194
B722__00250.194,13.979582770037792,42.163129585,B722,_,00250,194
B722__00230.194,14.070654681948731,42.16190329,B722,_,00230,194
B722__00220.194,14.050131623454531,42.16699898,B722,_,00220,194
B722__00210.194,14.03456278484174,42.16728878,B722,_,00210,194
B722__00190.194,13.998990802906814,42.16594527,B722,_,00190,194
B722__00180.194,14.017582594650058,42.17563701,B722,_,00180,194
B722__00170.194,14.012115847285667,42.175307025,B722,_,00170,194
B722__00160.194,14.007895802295284,42.177804645,B722,_,00160,194
B722__00140.194,13.985439136621542,42.16822793,B722,_,00140,194
B722__00130.194,13.975492832930701,42.177042205,B722,_,00130,194
B722__00120.194,14.008698233228161,42.185963285,B722,_,00120,194
B722__00110.194,13.998614503087335,42.182127085000005,B722,_,00110,194
B722__00100.194,13.984792545156736,42.184098324999994,B722,_,00100,194
B722__0009.194,13.969045482410754,42.18638747,B722,_,0009,194
B722__00080.194,13.966910060721808,42.18719865,B722,_,00080,194
B722__00070.194,14.00349141064152,42.194473779999996,B722,_,00070,194
B722__00060.194,13.98687877104326,42.19746705,B722,_,00060,194
B722__00050.194,13.980675888067127,42.19266469,B722,_,00050,194
B722__00040.194,13.980046966930425,42.198212194999996,B722,_,00040,194
B722__00030.194,13.961964235856462,42.195766535000004,B722,_,00030,194
B722__00020.194,13.979484596137292,42.20534286,B722,_,00020,194
B722__00010.195,13.972734367685199,42.205699865,B722,_,00010,195
B722__00610.195,14.000715120681056,42.11635286,B722,_,00610,195
B722__00600.195,14.010407333756792,42.124195979999996,B722,_,00600,195
B722__00590.195,13.998302752913503,42.12624149,B722,_,00590,195
B722__00540.195,14.037059714905086,42.137137315000004,B722,_,00540,195
B722__00530.195,14.025671224452202,42.141267850000006,B722,_,00530,195
B722__00520.195,14.010843463458272,42.141273725000005,B722,_,00520,195
B722__00500.195,13.990011246711743,42.133154105,B722,_,00500,195
B722__00490.195,13.985382418435956,42.130510005,B722,_,00490,195
B722__00480.195,13.984367939263107,42.138355925,B722,_,00480,195
B722__00430.195,14.018891424176228,42.153568825,B722,_,00430,195
B722__00420.195,14.008224073802356,42.147807785,B722,_,00420,195
B722__00410.195,14.005797047731098,42.15477918,B722,_,00410,195
B722__00400.195,14.00546135242147,42.146553015,B722,_,00400,195
B722__00380.195,13.99539199844154,42.13885607500001,B722,_,00380,195
B722__00370.195,13.992275615267427,42.14246344,B722,_,00370,195
B722__00360.195,13.998635105538026,42.15007267,B722,_,00360,195
B722__00350.195,13.982492250310653,42.14318543,B722,_,00350,195
B722__0028.195,13.998457371476022,42.15826566,B722,_,0028,195
B722__00270.195,13.988757525693615,42.153905115,B722,_,00270,195
B722__00260.195,13.985889287499058,42.161102775,B722,_,00260,195
B722__00250.195,13.980310344404277,42.163042105,B722,_,00250,195
B722__00230.195,14.07090048628047,42.161991365,B722,_,00230,195
B722__00220.195,14.050149230779464,42.167537765,B722,_,00220,195
B722__00210.195,14.035390121531073,42.16652521,B722,_,00210,195
B722__00190.195,13.999429709998184,42.16635939,B722,_,00190,195
B722__00180.195,14.020816594912526,42.17852599,B722,_,00180,195
B722__00170.195,14.01233846397474,42.17523643,B722,_,00170,195
B722__00160.195,14.008057187479682,42.177942235,B722,_,00160,195
B722__00140.195,13.985438852327105,42.16807145999999,B722,_,00140,195
B722__00130.195,13.976205811489105,42.17733479,B722,_,00130,195
B722__00120.195,14.009037714864759,42.186130515,B722,_,00120,195
B722__00110.195,13.997644171837624,42.181935960000004,B722,_,00110,195
B722__00100.195,13.985137685815516,42.18372241,B722,_,00100,195
B722__0009.195,13.969231547057303,42.18628009,B722,_,0009,195
B722__00080.195,13.96706695239074,42.18730352,B722,_,00080,195
B722__00070.195,14.003662114504724,42.194458839999996,B722,_,00070,195
B722__00060.195,13.987324694169534,42.197542729999995,B722,_,00060,195
B722__00050.195,13.979992655326289,42.19265293,B722,_,00050,195
B722__00040.195,13.980176948909936,42.197993485,B722,_,00040,195
B722__00030.195,13.96269270504347,42.19545736,B722,_,00030,195
B722__00020.195,13.979317828104557,42.20515176,B722,_,00020,195
B722__00010.196,13.973171165087205,42.205489055,B722,_,00010,196
B722__00610.196,14.000564484955088,42.115991385,B722,_,00610,196
B722__00600.196,14.010327984973532,42.1235051,B722,_,00600,196
B722__00590.196,13.997575824604072,42.12652377,B722,_,00590,196
B722__00540.196,14.037870965542616,42.137652384999996,B722,_,00540,196
B722__00530.196,14.026023904140146,42.14147123,B722,_,00530,196
B722__00520.196,14.010980237440684,42.14140186,B722,_,00520,196
B722__0051.196,14.003412477298728,42.139946315,B722,_,0051,196
B722__00500.196,13.996073339300615,42.131108825,B722,_,00500,196
B722__00490.196,13.986382359033772,42.13096935,B722,_,00490,196
B722__00480.196,13.981514939934423,42.1337065,B722,_,00480,196
B722__00430.196,14.019617720834301,42.15341612,B722,_,00430,196
B722__00420.196,14.008859296352863,42.148549625,B722,_,00420,196
B722__00410.196,14.005662788048369,42.15497718,B722,_,00410,196
B722__00400.196,14.003512227006919,42.145515599999996,B722,_,00400,196
B722__00370.196,13.99259437702673,42.14212816,B722,_,00370,196
B722__00360.196,13.99862912811099,42.14988961,B722,_,00360,196
B722__00350.196,13.981311941418966,42.142850605,B722,_,00350,196
B722__00290.196,14.01143702097784,42.161185294999996,B722,_,00290,196
B722__0028.196,13.998464482700353,42.158222460000005,B722,_,0028,196
B722__00270.196,13.989090640631776,42.153744565,B722,_,00270,196
B722__00260.196,13.986147089750789,42.161089425,B722,_,00260,196
B722__00250.196,13.974480617792182,42.16268542,B722,_,00250,196
B722__00230.196,14.071419978020625,42.16190664,B722,_,00230,196
B722__00220.196,14.050344024272041,42.166432295,B722,_,00220,196
B722__00210.196,14.037284513055491,42.16742971,B722,_,00210,196
B722__00190.196,13.998888749337333,42.167161955,B722,_,00190,196
B722__00180.196,14.016954669579683,42.175430735,B722,_,00180,196
B722__00170.196,14.012068982226518,42.175163505,B722,_,00170,196
B722__00150.196,13.993746348944027,42.172575745,B722,_,00150,196
B722__00140.196,13.985062048847247,42.168166875,B722,_,00140,196
B722__00130.196,13.976099344229393,42.177153325,B722,_,00130,196
B722__00120.196,14.009627994305443,42.186356495,B722,_,00120,196
B722__00110.196,13.997831836363787,42.180998544999994,B722,_,00110,196
B722__00100.196,13.985315946038597,42.184603190000004,B722,_,00100,196
B722__0009.196,13.969518913629134,42.18632762,B722,_,0009,196
B722__00080.196,13.966316211124628,42.186924860000005,B722,_,00080,196
B722__00070.196,14.003280958153633,42.193878205000004,B722,_,00070,196
B722__00050.196,13.978578063240391,42.192638474999995,B722,_,00050,196
B722__00040.196,13.98016514898994,42.19776507,B722,_,00040,196
B722__00030.196,13.961365418494168,42.196216480000004,B722,_,00030,196
B722__00020.196,13.979620846029924,42.205329585,B722,_,00020,196
B722__00060.1962,13.987569871278025,42.19981817,B722,_,00060,1962
B722__00060.1963,13.987798888980194,42.19971537,B722,_,00060,1963
B722__00060.1964,13.987708306865098,42.199754444999996,B722,_,00060,1964
B722__00060.1965,13.987844895621055,42.19966669,B722,_,00060,1965
B722__00060.1966,13.987824240369209,42.199665165,B722,_,00060,1966
B722__00060.1967,13.987944133500731,42.19954246499999,B722,_,00060,1967
B722__00060.1968,13.987865697395321,42.19957582000001,B722,_,00060,1968
B722__00060.1969,13.987998774048567,42.199430164999995,B722,_,00060,1969
B722__00010.197,13.971090761918909,42.21051967,B722,_,00010,197
B722__00610.197,14.000313648242106,42.11564016,B722,_,00610,197
B722__00590.197,13.99795602703588,42.126763185,B722,_,00590,197
B722__00540.197,14.038813178025078,42.137323105,B722,_,00540,197
B722__00530.197,14.026542172689478,42.14137531,B722,_,00530,197
B722__00520.197,14.011051781304076,42.14157697,B722,_,00520,197
B722__0051.197,14.00366532031081,42.140021425,B722,_,0051,197
B722__00500.197,13.996217467834153,42.131135465,B722,_,00500,197
B722__00490.197,13.98673264460098,42.13091514,B722,_,00490,197
B722__00480.197,13.975610901653248,42.140269865,B722,_,00480,197
B722__00430.197,14.02278672738661,42.15380005,B722,_,00430,197
B722__00420.197,14.008893011567599,42.148487384999996,B722,_,00420,197
B722__00410.197,14.00605723943442,42.154828789999996,B722,_,00410,197
B722__00400.197,14.004370775327972,42.145525285000005,B722,_,00400,197
B722__00390.197,14.002475133799322,42.142697424999994,B722,_,00390,197
B722__00380.197,13.995933340492405,42.13849697,B722,_,00380,197
B722__00360.197,13.998845301920277,42.14990736,B722,_,00360,197
B722__00350.197,13.982033642727272,42.142475225,B722,_,00350,197
B722__00290.197,14.01159151856017,42.161105575,B722,_,00290,197
B722__0028.197,13.998573063773932,42.158295589999994,B722,_,0028,197
B722__00270.197,13.989145005802495,42.15351166,B722,_,00270,197
B722__00260.197,13.986300532542728,42.16094727,B722,_,00260,197
B722__00250.197,13.973962732731014,42.16203251,B722,_,00250,197
B722__00230.197,14.06700239222926,42.16170716,B722,_,00230,197
B722__00220.197,14.053387106910362,42.16814964,B722,_,00220,197
B722__00210.197,14.038290440668916,42.16695637,B722,_,00210,197
B722__00200.197,14.028957692114586,42.169748510000005,B722,_,00200,197
B722__00190.197,14.000304948466791,42.165917975,B722,_,00190,197
B722__00180.197,14.017968291847978,42.175604215,B722,_,00180,197
B722__00170.197,14.012143901032344,42.17515154,B722,_,00170,197
B722__00160.197,14.008193041491111,42.175750545,B722,_,00160,197
B722__00150.197,13.99998383053234,42.17646023,B722,_,00150,197
B722__00140.197,13.985843943055901,42.16789918,B722,_,00140,197
B722__00130.197,13.975982698037377,42.176926365,B722,_,00130,197
B722__00120.197,14.009322310825489,42.18644571,B722,_,00120,197
B722__00110.197,13.99923939824566,42.181932945,B722,_,00110,197
B722__00100.197,13.985831213517951,42.184344135,B722,_,00100,197
B722__00080.197,13.966033862298223,42.18672805,B722,_,00080,197
B722__00050.197,13.978300666294283,42.19285069,B722,_,00050,197
B722__00040.197,13.980249386957059,42.197649965,B722,_,00040,197
B722__00030.197,13.962032340202287,42.195988635,B722,_,00030,197
B722__00020.197,13.979376536162867,42.205077175,B722,_,00020,197
B722__00060.1970,13.987954258508138,42.199432125,B722,_,00060,1970
B722__00060.1971,13.988044615554788,42.199288005,B722,_,00060,1971
B722__00060.1972,13.988003677898767,42.1992729,B722,_,00060,1972
B722__00060.1973,13.9879452561384,42.199256845,B722,_,00060,1973
B722__00060.1974,13.987964808191926,42.199256129999995,B722,_,00060,1974
B722__00060.1975,13.987891381979185,42.199462659999995,B722,_,00060,1975
B722__00060.1976,13.987847731005468,42.199445705,B722,_,00060,1976
B722__00060.1977,13.987903322551428,42.199462659999995,B722,_,00060,1977
B722__00060.1978,13.987594164441903,42.199490420000004,B722,_,00060,1978
B722__00060.1979,13.987829185253801,42.19956676,B722,_,00060,1979
B722__00010.198,13.972341229443982,42.20514561,B722,_,00010,198
B722__00610.198,13.994067852602539,42.12156611,B722,_,00610,198
B722__00600.198,14.0065284696984,42.118767355,B722,_,00600,198
B722__00590.198,13.998305319256264,42.127031095,B722,_,00590,198
B722__00540.198,14.039758182131546,42.137667719999996,B722,_,00540,198
B722__00530.198,14.027225146789544,42.14176973,B722,_,00530,198
B722__00520.198,14.011173099673222,42.141625935,B722,_,00520,198
B722__0051.198,14.00361796012259,42.139968014999994,B722,_,0051,198
B722__00500.198,13.997471066204401,42.13078481,B722,_,00500,198
B722__00490.198,13.98781525196004,42.129947404999996,B722,_,00490,198
B722__00480.198,13.975328257502625,42.14009949,B722,_,00480,198
B722__00430.198,14.024447797208865,42.154016125,B722,_,00430,198
B722__00420.198,14.008884433099935,42.14837353,B722,_,00420,198
B722__00410.198,14.006192798573533,42.154976175,B722,_,00410,198
B722__00400.198,14.0050835586896,42.14602647,B722,_,00400,198
B722__00390.198,14.002586853270426,42.14275755,B722,_,00390,198
B722__00380.198,13.996545677075762,42.138337495,B722,_,00380,198
B722__00370.198,13.993719529873314,42.143001325,B722,_,00370,198
B722__00360.198,13.999347785160209,42.15020613,B722,_,00360,198
B722__00350.198,13.971005557423677,42.141753645,B722,_,00350,198
B722__00290.198,14.011818583439648,42.16089413,B722,_,00290,198
B722__0028.198,14.00392800115467,42.15606522,B722,_,0028,198
B722__00270.198,13.989612387386348,42.153519790000004,B722,_,00270,198
B722__00260.198,13.986406661228731,42.16083582,B722,_,00260,198
B722__00250.198,13.975042055414887,42.162082764999994,B722,_,00250,198
B722__00230.198,14.067268109665989,42.16176953,B722,_,00230,198
B722__00220.198,14.05250247897871,42.16758296,B722,_,00220,198
B722__00210.198,14.033760518617827,42.16621203,B722,_,00210,198
B722__00200.198,14.029027145000674,42.16927467,B722,_,00200,198
B722__00190.198,14.000756801425055,42.165871075,B722,_,00190,198
B722__00180.198,14.01866641733374,42.17568060000001,B722,_,00180,198
B722__00160.198,14.008361501952184,42.175703535,B722,_,00160,198
B722__00150.198,13.993596119874358,42.172968045000005,B722,_,00150,198
B722__00140.198,13.986266841568408,42.16811707,B722,_,00140,198
B722__00130.198,13.979687063100638,42.179329575,B722,_,00130,198
B722__00120.198,14.00945382959324,42.186936105,B722,_,00120,198
B722__00110.198,13.989793295610244,42.1802113,B722,_,00110,198
B722__00100.198,13.986271711203802,42.184055314999995,B722,_,00100,198
B722__00080.198,13.965498043742645,42.186382715,B722,_,00080,198
B722__00050.198,13.977853728436518,42.1929598,B722,_,00050,198
B722__00040.198,13.980816854481269,42.199021529999996,B722,_,00040,198
B722__00030.198,13.962903267393555,42.195629104999995,B722,_,00030,198
B722__00020.198,13.979703586549986,42.20527457,B722,_,00020,198
B722__00060.1980,13.987808080048545,42.19957988,B722,_,00060,1980
B722__00060.1981,13.987822720356327,42.199555895,B722,_,00060,1981
B722__00060.1982,13.987768042945834,42.19964653,B722,_,00060,1982
B722__00060.1983,13.98754167675996,42.19967147,B722,_,00060,1983
B722__00060.1984,13.987389088602843,42.19975849,B722,_,00060,1984
B722__00060.1985,13.987723313640043,42.19970491,B722,_,00060,1985
B722__00060.1986,13.985072527335745,42.19614301,B722,_,00060,1986
B722__00060.1987,13.985338583413608,42.195987935000005,B722,_,00060,1987
B722__00060.1988,13.984971897226062,42.196608815000005,B722,_,00060,1988
B722__00060.1989,13.985387842400797,42.196576465,B722,_,00060,1989
B722__00010.199,13.972362306582763,42.205019555,B722,_,00010,199
B722__00610.199,13.99418900694133,42.1217317,B722,_,00610,199
B722__00600.199,14.006705578362528,42.118941195,B722,_,00600,199
B722__00590.199,13.998377639822714,42.127735105,B722,_,00590,199
B722__00540.199,14.040004233690153,42.137374539999996,B722,_,00540,199
B722__00530.199,14.027764521261648,42.142126895000004,B722,_,00530,199
B722__00520.199,14.011169225084863,42.14174096,B722,_,00520,199
B722__0051.199,14.003662120970624,42.13995195,B722,_,0051,199
B722__00500.199,13.99573559105292,42.12962522,B722,_,00500,199
B722__00490.199,13.988199007574483,42.12962517,B722,_,00490,199
B722__00480.199,13.984718027267434,42.139048365,B722,_,00480,199
B722__00430.199,14.024804662933356,42.153980849999996,B722,_,00430,199
B722__00420.199,14.009168793522845,42.148395085000004,B722,_,00420,199
B722__00410.199,14.00618191887684,42.1551621,B722,_,00410,199
B722__00400.199,14.005966005721818,42.14627834,B722,_,00400,199
B722__00390.199,14.00248154308875,42.142663635000005,B722,_,00390,199
B722__00380.199,13.996626748325658,42.13833229,B722,_,00380,199
B722__00370.199,13.994004855790715,42.142838235,B722,_,00370,199
B722__00360.199,13.999009057868165,42.149835475,B722,_,00360,199
B722__00350.199,13.971574658062611,42.142207355,B722,_,00350,199
B722__00290.199,14.01181403312291,42.16115587,B722,_,00290,199
B722__0028.199,13.99872335911142,42.158392835,B722,_,0028,199
B722__00270.199,13.990008413268221,42.15343236,B722,_,00270,199
B722__00260.199,13.986617487872547,42.16097266,B722,_,00260,199
B722__00250.199,13.975752034653778,42.162197125,B722,_,00250,199
B722__00230.199,14.06746999735047,42.16187602,B722,_,00230,199
B722__00220.199,14.052747914211283,42.167078884999995,B722,_,00220,199
B722__00210.199,14.034191954966055,42.16621203,B722,_,00210,199
B722__00190.199,14.000774827154649,42.16600228,B722,_,00190,199
B722__00180.199,14.019436310281826,42.17443835,B722,_,00180,199
B722__00170.199,14.012965121251963,42.174929835,B722,_,00170,199
B722__00160.199,14.006905277211638,42.17541303,B722,_,00160,199
B722__00150.199,13.994145608705452,42.173042085000006,B722,_,00150,199
B722__00140.199,13.986595415659888,42.16842796,B722,_,00140,199
B722__00130.199,13.979555958522955,42.179095329999996,B722,_,00130,199
B722__00120.199,14.009669604532418,42.187161825000004,B722,_,00120,199
B722__00110.199,13.999460608477332,42.18239151,B722,_,00110,199
B722__00100.199,13.986715444955609,42.183535684999995,B722,_,00100,199
B722__0009.199,13.969573062270761,42.186099655,B722,_,0009,199
B722__00080.199,13.966819208305488,42.18682144,B722,_,00080,199
B722__00070.199,13.995934720505883,42.192879825,B722,_,00070,199
B722__00050.199,13.978014020146972,42.19275521,B722,_,00050,199
B722__00040.199,13.980744120266628,42.1989023,B722,_,00040,199
B722__00030.199,13.96140096479705,42.19643292,B722,_,00030,199
B722__00020.199,13.979434770879632,42.20500298,B722,_,00020,199
B722__00060.1990,13.985251495060913,42.19614301,B722,_,00060,1990
B722__00060.1991,13.985481205991363,42.196145615000006,B722,_,00060,1991
B722__00060.1992,13.985177468426595,42.19627579,B722,_,00060,1992
B722__00060.1993,13.985544116530075,42.196283449999996,B722,_,00060,1993
B722__00060.1994,13.986492599212806,42.19867087,B722,_,00060,1994
B722__00060.1995,13.990305781761808,42.199599395,B722,_,00060,1995
B722__00060.1996,13.98964526948772,42.196048315,B722,_,00060,1996
B722__00060.1997,13.98987105860039,42.196035120000005,B722,_,00060,1997
B722__00060.1998,13.9895275232312,42.19589282,B722,_,00060,1998
B722__00010.2,13.966358133997568,42.211508635,B722,_,00010,2
B722__00610.2,13.990191488531451,42.121227845,B722,_,00610,2
B722__00600.2,14.00627666148777,42.130684454999994,B722,_,00600,2
B722__00590.2,13.987240451332664,42.123908825,B722,_,00590,2
B722__00580.2,13.984983933589174,42.11878383,B722,_,00580,2
B722__00570.2,14.105328545509774,42.124152845,B722,_,00570,2
B722__00560.2,14.087500544224355,42.124713025000005,B722,_,00560,2
B722__00550.2,14.06265059693486,42.134613125,B722,_,00550,2
B722__00540.2,14.038829564745992,42.148019285000004,B722,_,00540,2
B722__00530.2,14.02684222183765,42.149395825,B722,_,00530,2
B722__00520.2,14.007364586318342,42.14255973,B722,_,00520,2
B722__0051.2,14.003793616603277,42.143220299999996,B722,_,0051,2
B722__00500.2,13.987146809325,42.13673265,B722,_,00500,2
B722__00490.2,13.98241041075339,42.132319315000004,B722,_,00490,2
B722__00480.2,13.969928105011066,42.13949158,B722,_,00480,2
B722__00470.2,13.976017390386154,42.1298951,B722,_,00470,2
B722__00460.2,14.085259433756336,42.13621552,B722,_,00460,2
B722__00450.2,14.051150132282507,42.146154155000005,B722,_,00450,2
B722__00440.2,14.039462512884107,42.154887134999996,B722,_,00440,2
B722__00430.2,14.018223351871391,42.15897614,B722,_,00430,2
B722__00420.2,14.004589770109508,42.151999145,B722,_,00420,2
B722__00410.2,14.003903813828225,42.158095180000004,B722,_,00410,2
B722__00400.2,13.998202928644346,42.15439104,B722,_,00400,2
B722__00390.2,14.000456343321481,42.14637503,B722,_,00390,2
B722__00380.2,13.998357414952622,42.142527855,B722,_,00380,2
B722__00370.2,13.987715499368136,42.14733313,B722,_,00370,2
B722__00360.2,13.996617218663559,42.155010645000004,B722,_,00360,2
B722__00350.2,13.98411416197006,42.149607195,B722,_,00350,2
B722__00340.2,13.970524064728995,42.15154617,B722,_,00340,2
B722__00330.2,13.971652558941845,42.156712715,B722,_,00330,2
B722__00320.2,14.106765453157035,42.15081406,B722,_,00320,2
B722__00310.2,14.037047092116643,42.162136445,B722,_,00310,2
B722__00300.2,14.02256325959996,42.16410286,B722,_,00300,2
B722__00290.2,14.00078582952936,42.16188071,B722,_,00290,2
B722__0028.2,13.996911566282051,42.159625915,B722,_,0028,2
B722__00270.2,13.991508105258713,42.1619138,B722,_,00270,2
B722__00260.2,13.983300718310858,42.166356539999995,B722,_,00260,2
B722__00250.2,13.976977259339396,42.168342620000004,B722,_,00250,2
B722__00240.2,14.091834443561897,42.158550605,B722,_,00240,2
B722__00230.2,14.065987292513256,42.171413595000004,B722,_,00230,2
B722__00220.2,14.04295118144665,42.171742484999996,B722,_,00220,2
B722__00210.2,14.034640772949071,42.173317075,B722,_,00210,2
B722__00200.2,14.01699501377119,42.17082783,B722,_,00200,2
B722__00180.2,14.018278461807473,42.179789084999996,B722,_,00180,2
B722__00170.2,14.013080836937545,42.182956005,B722,_,00170,2
B722__00160.2,14.005575464991665,42.17873356,B722,_,00160,2
B722__00150.2,13.99345224649144,42.177804695000006,B722,_,00150,2
B722__00140.2,13.984699063377757,42.174229049999994,B722,_,00140,2
B722__00120.2,14.00492964843758,42.1956998,B722,_,00120,2
B722__00110.2,13.99209016908858,42.184984265,B722,_,00110,2
B722__00080.2,13.960397995812826,42.190874925,B722,_,00080,2
B722__00070.2,13.996131700623234,42.197183185,B722,_,00070,2
B722__00060.2,13.988730522536784,42.20101602,B722,_,00060,2
B722__00050.2,13.980051612701097,42.195184605,B722,_,00050,2
B722__00040.2,13.97323199006234,42.20319499,B722,_,00040,2
B722__00030.2,13.967487418259601,42.20192464,B722,_,00030,2
B722__00020.2,13.973875100460614,42.209018155,B722,_,00020,2
B722__00010.20,13.970432952100094,42.210665505,B722,_,00010,20
B722__00610.20,13.99196966596207,42.119615159999995,B722,_,00610,20
B722__00600.20,14.00987046162774,42.13265442,B722,_,00600,20
B722__00590.20,13.993191330663315,42.12775332,B722,_,00590,20
B722__00540.20,14.040147125329845,42.147134635,B722,_,00540,20
B722__00530.20,14.026959788040225,42.1491184,B722,_,00530,20
B722__00520.20,14.008509667856064,42.14258074,B722,_,00520,20
B722__0051.20,14.005333445993188,42.142447825,B722,_,0051,20
B722__00500.20,13.98471718434947,42.13530759,B722,_,00500,20
B722__00490.20,13.987451644196023,42.132282735000004,B722,_,00490,20
B722__00480.20,13.981296963932035,42.13937541,B722,_,00480,20
B722__00450.20,14.055068811720302,42.144086025,B722,_,00450,20
B722__00440.20,14.047423541989954,42.155778915,B722,_,00440,20
B722__00430.20,14.024035725813192,42.158558015,B722,_,00430,20
B722__00420.20,14.006852039241751,42.15011595,B722,_,00420,20
B722__00410.20,14.00621513097337,42.15878327,B722,_,00410,20
B722__00400.20,14.002892664910943,42.153711935000004,B722,_,00400,20
B722__00390.20,14.000909883541524,42.14519275,B722,_,00390,20
B722__00380.20,13.997578005074656,42.14208215,B722,_,00380,20
B722__00370.20,13.988883518097317,42.146562759999995,B722,_,00370,20
B722__00360.20,13.996764726392662,42.153577275,B722,_,00360,20
B722__00340.20,13.975850664217507,42.148437855,B722,_,00340,20
B722__00330.20,13.974953301762834,42.155170405,B722,_,00330,20
B722__00310.20,14.038870677792133,42.160628315,B722,_,00310,20
B722__00290.20,14.004676319365554,42.16216724,B722,_,00290,20
B722__0028.20,13.996721150748083,42.159009375,B722,_,0028,20
B722__00270.20,13.991779414118485,42.160809545,B722,_,00270,20
B722__00260.20,13.983477001754085,42.165463255000006,B722,_,00260,20
B722__00250.20,13.9768676848786,42.167839685000004,B722,_,00250,20
B722__00230.20,14.065897007263722,42.170784025,B722,_,00230,20
B722__00220.20,14.048081260310784,42.172074894999994,B722,_,00220,20
B722__00210.20,14.035084800614765,42.17270537,B722,_,00210,20
B722__00200.20,14.018341391460092,42.16823087,B722,_,00200,20
B722__00190.20,13.996062941696156,42.16937688,B722,_,00190,20
B722__00180.20,14.022448074529546,42.178752105,B722,_,00180,20
B722__00170.20,14.014461182230914,42.180432100000004,B722,_,00170,20
B722__00160.20,14.008466562880061,42.175623275,B722,_,00160,20
B722__00150.20,14.001924411901587,42.18007906,B722,_,00150,20
B722__00130.20,13.97680909262525,42.177940245,B722,_,00130,20
B722__00120.20,14.005817294299268,42.194370809999995,B722,_,00120,20
B722__00110.20,13.99566950255025,42.18693354,B722,_,00110,20
B722__00100.20,13.982564044605384,42.18833869,B722,_,00100,20
B722__00080.20,13.958556337711851,42.18999379,B722,_,00080,20
B722__00060.20,13.985529491305346,42.199776584999995,B722,_,00060,20
B722__00050.20,13.982156146123106,42.195462320000004,B722,_,00050,20
B722__00040.20,13.974233557244006,42.202675150000005,B722,_,00040,20
B722__00030.20,13.961421110252392,42.198288725,B722,_,00030,20
B722__00020.20,13.976486854575962,42.208905285,B722,_,00020,20
B722__00010.200,13.97258335021339,42.205019570000005,B722,_,00010,200
B722__00610.200,13.999206654615643,42.116781939999996,B722,_,00610,200
B722__00600.200,14.007157746362655,42.118957675,B722,_,00600,200
B722__00590.200,13.998567412317033,42.127849964999996,B722,_,00590,200
B722__00540.200,14.040553293700011,42.13789667,B722,_,00540,200
B722__00530.200,14.028063728788212,42.142046295,B722,_,00530,200
B722__00520.200,14.011451608633426,42.14176338,B722,_,00520,200
B722__00500.200,13.99360638552456,42.12894281,B722,_,00500,200
B722__00490.200,13.985027428107653,42.12565845,B722,_,00490,200
B722__00480.200,13.985012277018157,42.138944190000004,B722,_,00480,200
B722__00430.200,14.025101921049615,42.15368924,B722,_,00430,200
B722__00420.200,14.009119780065543,42.14832851,B722,_,00420,200
B722__00410.200,14.006151612180151,42.155349465,B722,_,00410,200
B722__00400.200,14.004702333448344,42.144837394999996,B722,_,00400,200
B722__00390.200,14.002245885138558,42.14244092,B722,_,00390,200
B722__00370.200,13.994059009598143,42.142776444999996,B722,_,00370,200
B722__00360.200,13.99947676494728,42.15002067,B722,_,00360,200
B722__00350.200,13.9717529631072,42.141975195,B722,_,00350,200
B722__00290.200,14.011880000160179,42.161334235,B722,_,00290,200
B722__0028.200,13.99869037120277,42.158333415,B722,_,0028,200
B722__00270.200,13.990195767745384,42.15368438,B722,_,00270,200
B722__00260.200,13.986789799987932,42.16078686,B722,_,00260,200
B722__00250.200,13.975093494134615,42.162511685,B722,_,00250,200
B722__00230.200,14.067572066728115,42.161650695,B722,_,00230,200
B722__00220.200,14.053158173880842,42.167294694999995,B722,_,00220,200
B722__00210.200,14.03475406937568,42.166765855,B722,_,00210,200
B722__00190.200,14.001553818373258,42.166196830000004,B722,_,00190,200
B722__00180.200,14.016740065596988,42.175269325,B722,_,00180,200
B722__00160.200,14.006709153114034,42.17540218,B722,_,00160,200
B722__00150.200,13.994012894877086,42.173152720000004,B722,_,00150,200
B722__00140.200,13.986954706246573,42.168488315,B722,_,00140,200
B722__00130.200,13.97943476029571,42.178874865,B722,_,00130,200
B722__00120.200,14.010206536184292,42.18364573,B722,_,00120,200
B722__00110.200,13.999705091714251,42.182559655000006,B722,_,00110,200
B722__00100.200,13.985491390712557,42.183351045,B722,_,00100,200
B722__0009.200,13.96973502265449,42.1860649,B722,_,0009,200
B722__00080.200,13.966243984570744,42.186424099999996,B722,_,00080,200
B722__00070.200,13.996619423129838,42.192950010000004,B722,_,00070,200
B722__00060.200,13.987602129033997,42.19773267,B722,_,00060,200
B722__00050.200,13.977955045431937,42.19243602,B722,_,00050,200
B722__00040.200,13.980826944926417,42.198877545,B722,_,00040,200
B722__00030.200,13.962056029059585,42.1964536,B722,_,00030,200
B722__00020.200,13.97976470275508,42.205208514999995,B722,_,00020,200
B722__00060.2000,13.989921949245868,42.196041785,B722,_,00060,2000
B722__00060.2001,13.98975062372934,42.195812020000005,B722,_,00060,2001
B722__00060.2004,13.990230414107,42.19563741,B722,_,00060,2004
B722__00060.2005,13.990147090926865,42.195734335,B722,_,00060,2005
B722__00060.2006,13.990325189353278,42.19577457,B722,_,00060,2006
B722__00060.2007,13.987504646694529,42.197647785,B722,_,00060,2007
B722__00060.2008,13.987591619363098,42.19759577,B722,_,00060,2008
B722__00060.2009,13.985566555087228,42.198180975,B722,_,00060,2009
B722__00010.201,13.972720819165154,42.20495529,B722,_,00010,201
B722__00610.201,13.999748818353993,42.116915199999994,B722,_,00610,201
B722__00600.201,14.00724314407523,42.119101905,B722,_,00600,201
B722__00590.201,13.998722265081735,42.12806947,B722,_,00590,201
B722__00540.201,14.041485697236459,42.137455474999996,B722,_,00540,201
B722__00530.201,14.028388621578955,42.14189667,B722,_,00530,201
B722__00520.201,14.011650837856713,42.14172033,B722,_,00520,201
B722__00500.201,13.993246155272523,42.12896137,B722,_,00500,201
B722__00490.201,13.984852242112265,42.125602715,B722,_,00490,201
B722__00480.201,13.983834028299473,42.138490845,B722,_,00480,201
B722__00430.201,14.025269720801898,42.15359312,B722,_,00430,201
B722__00420.201,14.00910804830005,42.148236319999995,B722,_,00420,201
B722__00410.201,14.006261725031429,42.15536528,B722,_,00410,201
B722__00400.201,14.004293457786332,42.145272410000004,B722,_,00400,201
B722__00390.201,14.001956653423747,42.14213634,B722,_,00390,201
B722__00380.201,13.997491202998646,42.13841186,B722,_,00380,201
B722__00370.201,13.994324343025026,42.142660594999995,B722,_,00370,201
B722__00360.201,13.99077188820138,42.150582895,B722,_,00360,201
B722__00350.201,13.97131009688591,42.14149288,B722,_,00350,201
B722__00330.201,13.983532493486468,42.150343715000005,B722,_,00330,201
B722__00300.201,14.031676324529403,42.16708262,B722,_,00300,201
B722__0028.201,13.998781528346216,42.158363495,B722,_,0028,201
B722__00270.201,13.990578767077366,42.153960835,B722,_,00270,201
B722__00260.201,13.987159675145746,42.16075346,B722,_,00260,201
B722__00250.201,13.975364395960513,42.162585355,B722,_,00250,201
B722__00230.201,14.067771235191195,42.161820035000005,B722,_,00230,201
B722__00220.201,14.05318313025791,42.16771849,B722,_,00220,201
B722__00210.201,14.034590055329772,42.16619279,B722,_,00210,201
B722__00200.201,14.013183582154445,42.165743885,B722,_,00200,201
B722__00190.201,14.001661356409832,42.16618468,B722,_,00190,201
B722__00180.201,14.017270532678708,42.175317495,B722,_,00180,201
B722__00170.201,14.013130298347587,42.17451756,B722,_,00170,201
B722__00160.201,14.006968254425527,42.175335419999996,B722,_,00160,201
B722__00150.201,13.994369528364373,42.173345284999996,B722,_,00150,201
B722__00140.201,13.986995264550721,42.168382405,B722,_,00140,201
B722__00130.201,13.979363585434664,42.178756115,B722,_,00130,201
B722__00120.201,14.00586349493759,42.182491825,B722,_,00120,201
B722__00110.201,14.00029804494703,42.18239915,B722,_,00110,201
B722__00100.201,13.986216907513485,42.18297540499999,B722,_,00100,201
B722__0009.201,13.969742243163168,42.18609696,B722,_,0009,201
B722__00080.201,13.966534741967028,42.186473910000004,B722,_,00080,201
B722__00070.201,13.997544059828972,42.192911519999996,B722,_,00070,201
B722__00060.201,13.987293584094623,42.19809228,B722,_,00060,201
B722__00050.201,13.978239859708209,42.191876949999994,B722,_,00050,201
B722__00040.201,13.980485705529064,42.198751560000005,B722,_,00040,201
B722__00030.201,13.962186972075788,42.196312535000004,B722,_,00030,201
B722__00020.201,13.979502104392184,42.2049442,B722,_,00020,201
B722__00060.2010,13.986085628278177,42.197866225,B722,_,00060,2010
B722__00060.2011,13.990414581726473,42.195700110000004,B722,_,00060,2011
B722__00060.2012,13.985851754471897,42.193297035,B722,_,00060,2012
B722__00060.2018,13.985979121263114,42.19322984,B722,_,00060,2018
B722__00060.2019,13.98593316933648,42.193167875,B722,_,00060,2019
B722__00010.202,13.972627007258321,42.20466942,B722,_,00010,202
B722__00610.202,14.000266516344546,42.117376175000004,B722,_,00610,202
B722__00600.202,14.007102231445185,42.119644095,B722,_,00600,202
B722__00590.202,13.992696650886323,42.122690855,B722,_,00590,202
B722__00540.202,14.041889369071269,42.137416564999995,B722,_,00540,202
B722__00530.202,14.0295931797428,42.14215892,B722,_,00530,202
B722__00520.202,14.011727214413435,42.14143808,B722,_,00520,202
B722__0051.202,14.003453787689356,42.13974886,B722,_,0051,202
B722__00500.202,13.993271876319355,42.12918945,B722,_,00500,202
B722__00490.202,13.986258505716709,42.13271311,B722,_,00490,202
B722__00480.202,13.982978506184033,42.137817534999996,B722,_,00480,202
B722__00430.202,14.025383606556922,42.15357708,B722,_,00430,202
B722__00420.202,14.009336191088195,42.148184815,B722,_,00420,202
B722__00410.202,14.006420840223004,42.155401415,B722,_,00410,202
B722__00400.202,14.004503623329823,42.14533576,B722,_,00400,202
B722__00390.202,14.002035348224588,42.142117694999996,B722,_,00390,202
B722__00380.202,13.99762003339984,42.138531415,B722,_,00380,202
B722__00370.202,13.994557047940681,42.14252305,B722,_,00370,202
B722__00360.202,13.990580896937276,42.15027549,B722,_,00360,202
B722__00350.202,13.972079019183719,42.14171292,B722,_,00350,202
B722__00330.202,13.98333345185167,42.15014024,B722,_,00330,202
B722__00300.202,14.031723560403378,42.167184485,B722,_,00300,202
B722__00290.202,14.012714242961032,42.161069315000006,B722,_,00290,202
B722__0028.202,13.998799307469755,42.158455895,B722,_,0028,202
B722__00270.202,13.990656752113537,42.153671095,B722,_,00270,202
B722__00250.202,13.976141748137056,42.162073019999994,B722,_,00250,202
B722__00230.202,14.068084866098882,42.161787895,B722,_,00230,202
B722__00220.202,14.054776168502919,42.167201285000004,B722,_,00220,202
B722__00210.202,14.03424289840537,42.16578278,B722,_,00210,202
B722__00200.202,14.015705656958271,42.16628532,B722,_,00200,202
B722__00190.202,14.001686105774986,42.166129245,B722,_,00190,202
B722__00180.202,14.017655747392695,42.17533443,B722,_,00180,202
B722__00170.202,14.014110747666928,42.174093005,B722,_,00170,202
B722__00160.202,14.006779036668673,42.175316525,B722,_,00160,202
B722__00150.202,13.994600846845643,42.17265029,B722,_,00150,202
B722__00140.202,13.987215777805282,42.1683583,B722,_,00140,202
B722__00130.202,13.97626609878468,42.17617412,B722,_,00130,202
B722__00120.202,14.006377781914683,42.18355425,B722,_,00120,202
B722__00110.202,14.000199831219236,42.18272004,B722,_,00110,202
B722__00100.202,13.986945971238608,42.183207859999996,B722,_,00100,202
B722__0009.202,13.969683687666326,42.18612242,B722,_,0009,202
B722__00080.202,13.96690330716331,42.186629835,B722,_,00080,202
B722__00060.202,13.987801380257308,42.197831965,B722,_,00060,202
B722__00050.202,13.97833311996877,42.192316285000004,B722,_,00050,202
B722__00040.202,13.980554227514952,42.198678584999996,B722,_,00040,202
B722__00030.202,13.963300913413333,42.195934789999995,B722,_,00030,202
B722__00020.202,13.979827137131934,42.205150345,B722,_,00020,202
B722__00060.2022,13.985866676871428,42.19313346,B722,_,00060,2022
B722__00060.2023,13.990221040349557,42.19555796,B722,_,00060,2023
B722__00060.2024,13.99033578686759,42.19556892,B722,_,00060,2024
B722__00060.2025,13.990498332845734,42.195700110000004,B722,_,00060,2025
B722__00060.2026,13.99069934864131,42.19562537,B722,_,00060,2026
B722__00060.2027,13.990903214548771,42.195674104999995,B722,_,00060,2027
B722__00060.2028,13.990823513389678,42.19569791,B722,_,00060,2028
B722__00060.2029,13.990711465952996,42.195490004999996,B722,_,00060,2029
B722__00010.203,13.97247486834678,42.20471476,B722,_,00010,203
B722__00610.203,14.00071445938223,42.117468445,B722,_,00610,203
B722__00600.203,14.00749800045871,42.119218925,B722,_,00600,203
B722__00590.203,13.992723036257432,42.122575850000004,B722,_,00590,203
B722__00540.203,14.042023570733214,42.137524209999995,B722,_,00540,203
B722__00530.203,14.030108473396663,42.14211345,B722,_,00530,203
B722__00520.203,14.01213375430203,42.14181408499999,B722,_,00520,203
B722__0051.203,14.003526251196872,42.13974334,B722,_,0051,203
B722__00500.203,13.99315433104399,42.129592845000005,B722,_,00500,203
B722__00490.203,13.98888897759554,42.13112248,B722,_,00490,203
B722__00480.203,13.975748965846517,42.13712538,B722,_,00480,203
B722__00430.203,14.026456924310818,42.154176835,B722,_,00430,203
B722__00420.203,14.016887512462853,42.151075625000004,B722,_,00420,203
B722__00410.203,14.006809062033291,42.15522373,B722,_,00410,203
B722__00400.203,14.004754551702657,42.14543354,B722,_,00400,203
B722__00390.203,14.002362830056285,42.142400984999995,B722,_,00390,203
B722__00380.203,13.997914964969379,42.138731225,B722,_,00380,203
B722__00360.203,13.990853396508296,42.150094859999996,B722,_,00360,203
B722__00350.203,13.97262436194465,42.142004475,B722,_,00350,203
B722__00300.203,14.031548286713472,42.167233964999994,B722,_,00300,203
B722__00290.203,14.012546937945475,42.161217205,B722,_,00290,203
B722__0028.203,13.998843385741349,42.158432255,B722,_,0028,203
B722__00270.203,13.991044365406921,42.153827019999994,B722,_,00270,203
B722__00260.203,13.988107872741017,42.16058568,B722,_,00260,203
B722__00250.203,13.974673358081851,42.161465265000004,B722,_,00250,203
B722__00230.203,14.068268492437916,42.1618924,B722,_,00230,203
B722__00220.203,14.05530975623148,42.167080725000005,B722,_,00220,203
B722__00210.203,14.034863246347808,42.166108035,B722,_,00210,203
B722__00200.203,14.016025653084057,42.1663562,B722,_,00200,203
B722__00190.203,14.001749832027276,42.166110485,B722,_,00190,203
B722__00180.203,14.017949377938406,42.175409654999996,B722,_,00180,203
B722__00170.203,14.013679908338233,42.173505954999996,B722,_,00170,203
B722__00160.203,14.008800427287747,42.175259205,B722,_,00160,203
B722__00150.203,13.995883061407195,42.173338005,B722,_,00150,203
B722__00140.203,13.987805431875238,42.16832018,B722,_,00140,203
B722__00130.203,13.976971739448807,42.17638782,B722,_,00130,203
B722__00120.203,14.009554255346274,42.18558675,B722,_,00120,203
B722__00110.203,14.000257907283961,42.182824525,B722,_,00110,203
B722__00100.203,13.987227437249288,42.182645539999996,B722,_,00100,203
B722__0009.203,13.969479663758579,42.186189165,B722,_,0009,203
B722__00080.203,13.966916639629972,42.186496149999996,B722,_,00080,203
B722__00070.203,13.997587627984991,42.19316046,B722,_,00070,203
B722__00060.203,13.986645931747,42.191369980000005,B722,_,00060,203
B722__00050.203,13.978549448347163,42.192146125,B722,_,00050,203
B722__00040.203,13.980599350224159,42.19862113,B722,_,00040,203
B722__00030.203,13.962205343076118,42.19621296,B722,_,00030,203
B722__00020.203,13.979567500550882,42.20488135,B722,_,00020,203
B722__00060.2030,13.9906091718635,42.19560824,B722,_,00060,2030
B722__00060.2031,13.990708701684515,42.195558090000006,B722,_,00060,2031
B722__00060.2032,13.99127599089369,42.196308865,B722,_,00060,2032
B722__00060.2033,13.991322917748853,42.19633428,B722,_,00060,2033
B722__00060.2034,13.991859204285653,42.196457185,B722,_,00060,2034
B722__00060.2035,13.991201526324895,42.196297725,B722,_,00060,2035
B722__00060.2036,13.991289003180766,42.195246835,B722,_,00060,2036
B722__00010.204,13.972531251431619,42.204741075,B722,_,00010,204
B722__00610.204,14.003378037784191,42.118917745000005,B722,_,00610,204
B722__00600.204,14.007594576561686,42.11932998,B722,_,00600,204
B722__00590.204,13.992702243582428,42.122452615,B722,_,00590,204
B722__00540.204,14.042443878074955,42.137370295,B722,_,00540,204
B722__00530.204,14.031949342850297,42.141802195,B722,_,00530,204
B722__00520.204,14.01230311357007,42.141804965,B722,_,00520,204
B722__0051.204,14.003733664171623,42.13994147,B722,_,0051,204
B722__00500.204,13.98853862464864,42.138009925,B722,_,00500,204
B722__00490.204,13.988837171886544,42.130603055,B722,_,00490,204
B722__00480.204,13.970616098601226,42.13819821,B722,_,00480,204
B722__00430.204,14.026321329965581,42.155357425,B722,_,00430,204
B722__00420.204,14.009841834351754,42.148599555000004,B722,_,00420,204
B722__00410.204,14.006691152622682,42.155417785,B722,_,00410,204
B722__00400.204,14.00532121339055,42.145940675,B722,_,00400,204
B722__00390.204,14.002682297864588,42.1425351,B722,_,00390,204
B722__00380.204,13.999326968522295,42.14202833,B722,_,00380,204
B722__00370.204,13.994198474803772,42.14224958,B722,_,00370,204
B722__00360.204,13.99127872336728,42.150505915,B722,_,00360,204
B722__00350.204,13.972804856633335,42.140954879999995,B722,_,00350,204
B722__00300.204,14.031527565127881,42.16715568,B722,_,00300,204
B722__00290.204,14.01289585539795,42.161195719999995,B722,_,00290,204
B722__0028.204,13.998686767767982,42.15867865,B722,_,0028,204
B722__00270.204,13.991315827531938,42.15352401,B722,_,00270,204
B722__00260.204,13.9881113999677,42.160445995,B722,_,00260,204
B722__00250.204,13.97643060073548,42.161615405,B722,_,00250,204
B722__00230.204,14.068497982161311,42.161872634999995,B722,_,00230,204
B722__00220.204,14.055927104904164,42.166836085,B722,_,00220,204
B722__00210.204,14.035023311678913,42.166106115000005,B722,_,00210,204
B722__00200.204,14.016417575639823,42.166093355,B722,_,00200,204
B722__00190.204,14.001872535937768,42.166133654999996,B722,_,00190,204
B722__00180.204,14.017940850326857,42.175326825,B722,_,00180,204
B722__00170.204,14.013696790548202,42.173283119999994,B722,_,00170,204
B722__00160.204,14.00879561284895,42.175188004999995,B722,_,00160,204
B722__00150.204,13.99657261774507,42.173519465,B722,_,00150,204
B722__00140.204,13.987661782936732,42.16816287,B722,_,00140,204
B722__00130.204,13.980730026635033,42.173775585,B722,_,00130,204
B722__00120.204,14.00867886069377,42.18257052,B722,_,00120,204
B722__00110.204,14.000718095203368,42.182625395,B722,_,00110,204
B722__00100.204,13.987453705312024,42.182444905,B722,_,00100,204
B722__0009.204,13.969525604104717,42.186186605,B722,_,0009,204
B722__00080.204,13.95998135698978,42.18686289,B722,_,00080,204
B722__00070.204,13.997631301872051,42.19323395,B722,_,00070,204
B722__00050.204,13.978958837140967,42.19206705,B722,_,00050,204
B722__00040.204,13.980883637472854,42.198805775,B722,_,00040,204
B722__00030.204,13.963222604087342,42.195844495,B722,_,00030,204
B722__00020.204,13.979906779541095,42.20509975,B722,_,00020,204
B722__00060.2045,13.98651419576955,42.19665798,B722,_,00060,2045
B722__00060.2046,13.986638134638097,42.196635615000005,B722,_,00060,2046
B722__00060.2047,13.986735795079799,42.197028085,B722,_,00060,2047
B722__00060.2048,13.9867178774535,42.19688997,B722,_,00060,2048
B722__00060.2049,13.986802281181815,42.197065455,B722,_,00060,2049
B722__00010.205,13.972488111212616,42.204757485,B722,_,00010,205
B722__00610.205,14.002893128618695,42.118170465000006,B722,_,00610,205
B722__00600.205,14.007739282651986,42.11944817,B722,_,00600,205
B722__00590.205,13.992005004026652,42.12217291,B722,_,00590,205
B722__00540.205,14.042780143851378,42.137583305,B722,_,00540,205
B722__00530.205,14.03301111141414,42.141318115000004,B722,_,00530,205
B722__00520.205,14.012344864501781,42.141694035,B722,_,00520,205
B722__0051.205,14.003773691213624,42.1399075,B722,_,0051,205
B722__00500.205,13.998418030108596,42.13690432,B722,_,00500,205
B722__00490.205,13.987968389125669,42.13107452,B722,_,00490,205
B722__00480.205,13.97585798363852,42.13388561,B722,_,00480,205
B722__00430.205,14.027085622947098,42.154025685,B722,_,00430,205
B722__00410.205,14.006850674654267,42.155451944999996,B722,_,00410,205
B722__00400.205,14.005932585100785,42.146036585000004,B722,_,00400,205
B722__00390.205,14.00279427584736,42.142467624999995,B722,_,00390,205
B722__00380.205,13.999733025192304,42.141459069999996,B722,_,00380,205
B722__00360.205,13.991552596234381,42.15023215,B722,_,00360,205
B722__00350.205,13.973403428909553,42.141738315,B722,_,00350,205
B722__00300.205,14.031035591427173,42.16690348,B722,_,00300,205
B722__00290.205,14.012963618112893,42.16097916,B722,_,00290,205
B722__0028.205,14.004035158419866,42.15607088,B722,_,0028,205
B722__00270.205,13.991431279918586,42.15393517,B722,_,00270,205
B722__00260.205,13.984369033418272,42.163264875,B722,_,00260,205
B722__00250.205,13.976923975698117,42.161331669999996,B722,_,00250,205
B722__00230.205,14.06843885415756,42.16162856,B722,_,00230,205
B722__00220.205,14.056141203582158,42.167288885000005,B722,_,00220,205
B722__00210.205,14.035279917623686,42.166251605,B722,_,00210,205
B722__00200.205,14.016709792432302,42.16585961,B722,_,00200,205
B722__00190.205,14.00192740452855,42.166037405,B722,_,00190,205
B722__00180.205,14.017610599470652,42.17520581,B722,_,00180,205
B722__00170.205,14.016215890921274,42.176086510000005,B722,_,00170,205
B722__00160.205,14.008154670482426,42.17517281,B722,_,00160,205
B722__00150.205,13.9970168926795,42.17348758,B722,_,00150,205
B722__00140.205,13.988422144667702,42.16834666,B722,_,00140,205
B722__00130.205,13.98301138278325,42.17416181,B722,_,00130,205
B722__00120.205,14.007299938226007,42.182048705,B722,_,00120,205
B722__00110.205,14.000851588894008,42.182939155,B722,_,00110,205
B722__00100.205,13.987830953397408,42.183210970000005,B722,_,00100,205
B722__0009.205,13.969584961760336,42.186220410000004,B722,_,0009,205
B722__00080.205,13.959855198305888,42.186351540000004,B722,_,00080,205
B722__00070.205,13.997515792535454,42.193345664999995,B722,_,00070,205
B722__00060.205,13.985903737458417,42.191248025,B722,_,00060,205
B722__00050.205,13.979323691215338,42.191695085000006,B722,_,00050,205
B722__00040.205,13.980940033909263,42.19869062,B722,_,00040,205
B722__00030.205,13.962230769897003,42.196071195,B722,_,00030,205
B722__00020.205,13.979661032065426,42.204847285,B722,_,00020,205
B722__00060.2050,13.986815460464454,42.196895025,B722,_,00060,2050
B722__00060.2051,13.987050725601236,42.196958855000005,B722,_,00060,2051
B722__00060.2052,13.98705484638145,42.196888555,B722,_,00060,2052
B722__00060.2053,13.988009881328193,42.200357725,B722,_,00060,2053
B722__00060.2054,13.99087089170244,42.1955755,B722,_,00060,2054
B722__00060.2055,13.987609220307029,42.20003403,B722,_,00060,2055
B722__00060.2056,13.990820905993617,42.19565035,B722,_,00060,2056
B722__00060.2058,13.984808862645774,42.198125535,B722,_,00060,2058
B722__00060.2059,13.983100770945466,42.197249295,B722,_,00060,2059
B722__00010.206,13.972524556704908,42.204784995,B722,_,00010,206
B722__00610.206,13.9920500603141,42.121319265,B722,_,00610,206
B722__00600.206,14.007387558886224,42.120261400000004,B722,_,00600,206
B722__00590.206,14.00357838434009,42.124539735,B722,_,00590,206
B722__00540.206,14.04325156238638,42.137577635,B722,_,00540,206
B722__00530.206,14.034724365380729,42.14091139,B722,_,00530,206
B722__00520.206,14.012506437505118,42.141514275000006,B722,_,00520,206
B722__0051.206,14.003763946112716,42.139823705,B722,_,0051,206
B722__00500.206,14.000000544406086,42.137607040000006,B722,_,00500,206
B722__00490.206,13.98822836281709,42.130959445,B722,_,00490,206
B722__00480.206,13.984485971760982,42.13602419,B722,_,00480,206
B722__00430.206,14.027747641332152,42.15436046,B722,_,00430,206
B722__00420.206,14.01007107004048,42.148450175,B722,_,00420,206
B722__00410.206,14.007102507095679,42.155386289999996,B722,_,00410,206
B722__00400.206,14.005950494141967,42.146169285,B722,_,00400,206
B722__00380.206,13.999815844041011,42.1413177,B722,_,00380,206
B722__00370.206,13.993148765690549,42.142066435000004,B722,_,00370,206
B722__00360.206,13.99189796894169,42.15026269,B722,_,00360,206
B722__00350.206,13.974125067149664,42.14156757,B722,_,00350,206
B722__00290.206,14.013074752796935,42.161089255,B722,_,00290,206
B722__0028.206,13.99873450632763,42.158756999999994,B722,_,0028,206
B722__00270.206,13.991449661515642,42.154478284999996,B722,_,00270,206
B722__00260.206,13.987650781479271,42.160171655,B722,_,00260,206
B722__00250.206,13.977807014517385,42.161653994999995,B722,_,00250,206
B722__00230.206,14.06878993437802,42.161692259999995,B722,_,00230,206
B722__00220.206,14.055720988351363,42.167580135,B722,_,00220,206
B722__00210.206,14.035047491146987,42.16591709,B722,_,00210,206
B722__00200.206,14.018322921253398,42.166029914999996,B722,_,00200,206
B722__00190.206,14.002092346664057,42.16590873,B722,_,00190,206
B722__00180.206,14.01697625979179,42.175187754999996,B722,_,00180,206
B722__00170.206,14.013689887861812,42.173701575,B722,_,00170,206
B722__00160.206,14.009094450259376,42.175099204999995,B722,_,00160,206
B722__00150.206,13.997356250861817,42.17349988,B722,_,00150,206
B722__00140.206,13.98801591795021,42.167933305000005,B722,_,00140,206
B722__00130.206,13.971968774986987,42.172216765,B722,_,00130,206
B722__00120.206,14.006927774880465,42.181583090000004,B722,_,00120,206
B722__00110.206,14.00109730610734,42.1830352,B722,_,00110,206
B722__00100.206,13.987850462080015,42.182672235,B722,_,00100,206
B722__0009.206,13.969621074684854,42.18632917,B722,_,0009,206
B722__00080.206,13.960383139585915,42.186128804999996,B722,_,00080,206
B722__00060.206,13.987882512243091,42.19828722,B722,_,00060,206
B722__00050.206,13.979730757350946,42.191621275,B722,_,00050,206
B722__00040.206,13.980887202745642,42.198521285,B722,_,00040,206
B722__00030.206,13.96323302094893,42.195691935,B722,_,00030,206
B722__00020.206,13.980074386727253,42.20508282,B722,_,00020,206
B722__00060.2060,13.985157803281922,42.19821609,B722,_,00060,2060
B722__00060.2064,13.98470034799429,42.198062675,B722,_,00060,2064
B722__00060.2065,13.984580824802599,42.198039035,B722,_,00060,2065
B722__00060.2066,13.98465147483072,42.19806029,B722,_,00060,2066
B722__00060.2067,13.985643039706876,42.195396360000004,B722,_,00060,2067
B722__00060.2068,13.985798611486732,42.19549307,B722,_,00060,2068
B722__00010.207,13.972439126663577,42.204766695,B722,_,00010,207
B722__00610.207,13.994599073776207,42.12137196,B722,_,00610,207
B722__00600.207,14.007690279722459,42.121088244999996,B722,_,00600,207
B722__00590.207,14.003617036261902,42.124124945000005,B722,_,00590,207
B722__00540.207,14.043424025869419,42.13768086,B722,_,00540,207
B722__00530.207,14.035621124419666,42.14045495,B722,_,00530,207
B722__00520.207,14.012951960356506,42.141587705,B722,_,00520,207
B722__0051.207,14.003874730208528,42.139895685,B722,_,0051,207
B722__00500.207,13.992533713372081,42.136388159999996,B722,_,00500,207
B722__00490.207,13.987885805085416,42.13138723,B722,_,00490,207
B722__00430.207,14.027639552367372,42.155355990000004,B722,_,00430,207
B722__00410.207,14.004239310217475,42.154414880000004,B722,_,00410,207
B722__00400.207,14.00647950847804,42.1460203,B722,_,00400,207
B722__00390.207,14.003321713164201,42.142518205,B722,_,00390,207
B722__00380.207,13.997393933724423,42.140697535,B722,_,00380,207
B722__00360.207,13.992413512599143,42.15020415,B722,_,00360,207
B722__00350.207,13.974466117082843,42.141504854999994,B722,_,00350,207
B722__00290.207,14.013213975197335,42.161242415000004,B722,_,00290,207
B722__0028.207,13.998777391989154,42.158807675,B722,_,0028,207
B722__00270.207,13.99243063835042,42.15430664,B722,_,00270,207
B722__00260.207,13.987703522754337,42.15993071,B722,_,00260,207
B722__00250.207,13.978153053354593,42.16174905,B722,_,00250,207
B722__00230.207,14.069458253479436,42.16174659,B722,_,00230,207
B722__00220.207,14.055743965912907,42.16790332,B722,_,00220,207
B722__00210.207,14.035392529896646,42.166223290000005,B722,_,00210,207
B722__00200.207,14.017051007829744,42.166414195,B722,_,00200,207
B722__00190.207,14.003187412604854,42.166457460000004,B722,_,00190,207
B722__00180.207,14.017578924934359,42.17512375,B722,_,00180,207
B722__00170.207,14.014235047669946,42.174355485,B722,_,00170,207
B722__00160.207,14.008609962383137,42.175066885,B722,_,00160,207
B722__00150.207,13.999260883606151,42.173071475,B722,_,00150,207
B722__00140.207,13.988591145220859,42.167983144999994,B722,_,00140,207
B722__00130.207,13.972253368457379,42.17186854,B722,_,00130,207
B722__00120.207,14.013366632203144,42.18594723,B722,_,00120,207
B722__00110.207,14.002284304833925,42.183023934999994,B722,_,00110,207
B722__00100.207,13.989868832972633,42.18335935,B722,_,00100,207
B722__0009.207,13.969660342252425,42.186313555,B722,_,0009,207
B722__00080.207,13.960352110707122,42.18595148,B722,_,00080,207
B722__00070.207,13.997835037658064,42.193436235,B722,_,00070,207
B722__00050.207,13.979957684497045,42.191866645000005,B722,_,00050,207
B722__00040.207,13.98103358479053,42.198431735,B722,_,00040,207
B722__00030.207,13.96373285198171,42.195989374999996,B722,_,00030,207
B722__00020.207,13.97977925004276,42.20472447,B722,_,00020,207
B722__00010.208,13.973257711357842,42.205327659999995,B722,_,00010,208
B722__00610.208,13.995064147352345,42.121590765,B722,_,00610,208
B722__00600.208,14.007876170127087,42.120925334999995,B722,_,00600,208
B722__00590.208,14.003496369510735,42.123555350000004,B722,_,00590,208
B722__00540.208,14.043927083910848,42.13793077,B722,_,00540,208
B722__00530.208,14.036984112621706,42.139834300000004,B722,_,00530,208
B722__00520.208,14.012898032649,42.14145223,B722,_,00520,208
B722__00500.208,13.9971701759908,42.135755555,B722,_,00500,208
B722__00490.208,13.987926381963533,42.13035062,B722,_,00490,208
B722__00430.208,14.027890659181947,42.155325149999996,B722,_,00430,208
B722__00420.208,14.010368832754958,42.14881353,B722,_,00420,208
B722__00410.208,14.004387364739449,42.153926375,B722,_,00410,208
B722__00400.208,14.00647869839386,42.145903945,B722,_,00400,208
B722__00390.208,14.003080865457012,42.14241114,B722,_,00390,208
B722__00380.208,13.998907817628844,42.141086535,B722,_,00380,208
B722__00360.208,13.996369138911685,42.153796154999995,B722,_,00360,208
B722__00350.208,13.975730031984966,42.141471355,B722,_,00350,208
B722__00290.208,14.013143618159908,42.16104029,B722,_,00290,208
B722__00270.208,13.992182982188737,42.154470595,B722,_,00270,208
B722__00260.208,13.988145165659585,42.1602318,B722,_,00260,208
B722__00250.208,13.978391546939125,42.16182612,B722,_,00250,208
B722__00230.208,14.06966007956949,42.16160968,B722,_,00230,208
B722__00220.208,14.056733775371,42.167827079999995,B722,_,00220,208
B722__00210.208,14.035238723759411,42.165968145,B722,_,00210,208
B722__00200.208,14.01857891175036,42.16622149,B722,_,00200,208
B722__00190.208,14.002394676584977,42.165874200000005,B722,_,00190,208
B722__00180.208,14.017924208249635,42.175155715,B722,_,00180,208
B722__00170.208,14.01455079666063,42.174332835,B722,_,00170,208
B722__00160.208,14.008143640063244,42.17502674,B722,_,00160,208
B722__00150.208,13.999958914048515,42.17279832,B722,_,00150,208
B722__00140.208,13.988862254796835,42.168247165,B722,_,00140,208
B722__00130.208,13.972303772502016,42.171777695,B722,_,00130,208
B722__00120.208,14.013828680811185,42.186043385000005,B722,_,00120,208
B722__00110.208,14.00221312599292,42.18262909,B722,_,00110,208
B722__00100.208,13.97823955371718,42.18442512,B722,_,00100,208
B722__0009.208,13.969787479592895,42.186325525,B722,_,0009,208
B722__00080.208,13.96079839371011,42.185832270000006,B722,_,00080,208
B722__00070.208,13.998229175279182,42.193772105,B722,_,00070,208
B722__00050.208,13.979472529494195,42.191818185,B722,_,00050,208
B722__00040.208,13.980996112498886,42.198314545,B722,_,00040,208
B722__00030.208,13.964159368846893,42.19611135,B722,_,00030,208
B722__00020.208,13.980054843291693,42.204912934999996,B722,_,00020,208
B722__00060.2082,13.985728418124111,42.193399965,B722,_,00060,2082
B722__00060.2083,13.985640686799114,42.193261985,B722,_,00060,2083
B722__00060.2084,13.98570633104961,42.19326217,B722,_,00060,2084
B722__00060.2086,13.985929548038184,42.19323503,B722,_,00060,2086
B722__00060.2087,13.98608100083576,42.193173285,B722,_,00060,2087
B722__00060.2088,13.986098426139481,42.19324545,B722,_,00060,2088
B722__00010.209,13.973715589229883,42.205529575,B722,_,00010,209
B722__00610.209,14.000899699669153,42.115904045,B722,_,00610,209
B722__00600.209,14.008000844103623,42.12075021,B722,_,00600,209
B722__00590.209,14.003326925938989,42.12349562,B722,_,00590,209
B722__00540.209,14.044393411619296,42.137580005000004,B722,_,00540,209
B722__00530.209,14.025192603117109,42.141272425,B722,_,00530,209
B722__00520.209,14.007220035316465,42.14027374,B722,_,00520,209
B722__0051.209,14.003669936330123,42.13972984,B722,_,0051,209
B722__00500.209,13.996793337639648,42.13545255,B722,_,00500,209
B722__00430.209,14.027988690502523,42.155279480000004,B722,_,00430,209
B722__00420.209,14.010287054141731,42.148954755,B722,_,00420,209
B722__00410.209,14.004390400927726,42.154060705,B722,_,00410,209
B722__00400.209,14.006596319032692,42.146365349999996,B722,_,00400,209
B722__00390.209,14.003070458347878,42.142363275,B722,_,00390,209
B722__00380.209,13.999946204690524,42.140849384999996,B722,_,00380,209
B722__00360.209,13.992676908675083,42.15012328,B722,_,00360,209
B722__00350.209,13.975624314233787,42.141912585,B722,_,00350,209
B722__00290.209,14.013152896285355,42.16090743,B722,_,00290,209
B722__0028.209,13.998760937661196,42.158625674999996,B722,_,0028,209
B722__00270.209,13.9923815072782,42.15461303,B722,_,00270,209
B722__00260.209,13.988435342543784,42.160315185,B722,_,00260,209
B722__00250.209,13.97883828937226,42.16173316,B722,_,00250,209
B722__00230.209,14.070237597014312,42.161545579999995,B722,_,00230,209
B722__00220.209,14.05739869622193,42.167759075,B722,_,00220,209
B722__00210.209,14.03555613056855,42.166200970000006,B722,_,00210,209
B722__00200.209,14.016977916008411,42.1658456,B722,_,00200,209
B722__00190.209,14.002637851889132,42.16587242,B722,_,00190,209
B722__00180.209,14.018205456961304,42.175387924999995,B722,_,00180,209
B722__00170.209,14.014123852176448,42.178876630000005,B722,_,00170,209
B722__00160.209,14.008613863668891,42.174705794999994,B722,_,00160,209
B722__00150.209,14.000105960209524,42.17311532,B722,_,00150,209
B722__00140.209,13.987890498498723,42.16758239,B722,_,00140,209
B722__00130.209,13.972355172260553,42.17169045999999,B722,_,00130,209
B722__00120.209,14.007131324002845,42.181104035000004,B722,_,00120,209
B722__00110.209,14.00151485535632,42.182084625,B722,_,00110,209
B722__00100.209,13.978328949650196,42.184254769999995,B722,_,00100,209
B722__0009.209,13.96978825926384,42.18637215,B722,_,0009,209
B722__00080.209,13.96107852837692,42.185781000000006,B722,_,00080,209
B722__00070.209,13.99893933257184,42.194008605,B722,_,00070,209
B722__00060.209,13.989433856956879,42.19827427,B722,_,00060,209
B722__00050.209,13.979214337632438,42.191881335000005,B722,_,00050,209
B722__00040.209,13.981075969062326,42.19807704,B722,_,00040,209
B722__00030.209,13.964744150683586,42.196142925000004,B722,_,00030,209
B722__00020.209,13.979878933026052,42.20463444,B722,_,00020,209
B722__00060.2090,13.98597221029706,42.19329764,B722,_,00060,2090
B722__00060.2091,13.98596047452098,42.193494645,B722,_,00060,2091
B722__00060.2092,13.986175308603492,42.193285259999996,B722,_,00060,2092
B722__00060.2093,13.985858621791888,42.193409599999995,B722,_,00060,2093
B722__00060.2094,13.985769028308503,42.193409599999995,B722,_,00060,2094
B722__00060.2099,13.992523673234427,42.19504232,B722,_,00060,2099
B722__00010.21,13.970990594572696,42.21030859,B722,_,00010,21
B722__00610.21,13.99218514434142,42.119363385,B722,_,00610,21
B722__00600.21,14.009824611788234,42.132671654999996,B722,_,00600,21
B722__00590.21,13.993405521372104,42.127055150000004,B722,_,00590,21
B722__00540.21,14.040557728356106,42.146725239999995,B722,_,00540,21
B722__00530.21,14.027596935064658,42.14833773,B722,_,00530,21
B722__00520.21,14.00870425604387,42.142722864999996,B722,_,00520,21
B722__0051.21,14.005422011184594,42.14229418,B722,_,0051,21
B722__00500.21,13.983783574714565,42.134900290000004,B722,_,00500,21
B722__00490.21,13.987675545912534,42.13278525,B722,_,00490,21
B722__00480.21,13.982280292699649,42.13912058,B722,_,00480,21
B722__00450.21,14.055611075616905,42.14422315,B722,_,00450,21
B722__00440.21,14.047619737909699,42.155950204999996,B722,_,00440,21
B722__00430.21,14.0245069070098,42.158687235,B722,_,00430,21
B722__00420.21,14.006980626278086,42.149405865000006,B722,_,00420,21
B722__00410.21,14.006244142593854,42.158969575,B722,_,00410,21
B722__00400.21,14.002439324939678,42.153615325000004,B722,_,00400,21
B722__00390.21,14.001196468176826,42.145358815,B722,_,00390,21
B722__00380.21,13.997898567121112,42.142249855,B722,_,00380,21
B722__00370.21,13.989063272836155,42.14618269,B722,_,00370,21
B722__00360.21,13.997333457594074,42.153185965000006,B722,_,00360,21
B722__00340.21,13.975298331358285,42.14799197,B722,_,00340,21
B722__00330.21,13.975301615754816,42.154770715,B722,_,00330,21
B722__00310.21,14.039185613454679,42.161139705,B722,_,00310,21
B722__00290.21,14.004817118011992,42.162115650000004,B722,_,00290,21
B722__0028.21,13.996811653448853,42.159029625,B722,_,0028,21
B722__00270.21,13.992394864052788,42.160000115,B722,_,00270,21
B722__00260.21,13.983883939952149,42.165267165,B722,_,00260,21
B722__00250.21,13.977665079737301,42.167825199999996,B722,_,00250,21
B722__00230.21,14.066438073821196,42.170612925,B722,_,00230,21
B722__00220.21,14.048391401385734,42.172074894999994,B722,_,00220,21
B722__00210.21,14.035402705411652,42.172542235,B722,_,00210,21
B722__00200.21,14.019993920198587,42.170153855,B722,_,00200,21
B722__00190.21,13.995928143471387,42.169002295,B722,_,00190,21
B722__00180.21,14.022816072684506,42.179163955,B722,_,00180,21
B722__00170.21,14.01572185392827,42.181392295,B722,_,00170,21
B722__00160.21,14.008825460513343,42.175461420000005,B722,_,00160,21
B722__00150.21,14.003228265226058,42.18043254,B722,_,00150,21
B722__00140.21,13.986389488918093,42.173888715000004,B722,_,00140,21
B722__00130.21,13.976888053535486,42.177703295,B722,_,00130,21
B722__00120.21,14.00627298240681,42.194161925,B722,_,00120,21
B722__00110.21,13.995573695348117,42.1868173,B722,_,00110,21
B722__00100.21,13.982920826030139,42.188285965000006,B722,_,00100,21
B722__00080.21,13.958720168330428,42.189987015,B722,_,00080,21
B722__00070.21,13.996077206475842,42.196552355,B722,_,00070,21
B722__00060.21,13.985581234391562,42.199821549999996,B722,_,00060,21
B722__00050.21,13.982041569803112,42.195302625,B722,_,00050,21
B722__00040.21,13.974101375772245,42.202250385,B722,_,00040,21
B722__00030.21,13.961535335375906,42.198407765,B722,_,00030,21
B722__00020.21,13.976837968264325,42.209015519999994,B722,_,00020,21
B722__00010.210,13.973158225296668,42.204737545,B722,_,00010,210
B722__00610.210,13.99892774730527,42.113905365,B722,_,00610,210
B722__00600.210,14.008168328791195,42.12065558,B722,_,00600,210
B722__00590.210,14.003430711151577,42.123344255000006,B722,_,00590,210
B722__00540.210,14.044835762418561,42.137648415,B722,_,00540,210
B722__00530.210,14.027458824364878,42.140734095,B722,_,00530,210
B722__00520.210,14.007198786955648,42.14038941,B722,_,00520,210
B722__0051.210,14.003646802354687,42.139779860000004,B722,_,0051,210
B722__00500.210,13.999052351284568,42.135295435,B722,_,00500,210
B722__00430.210,14.028090721283338,42.1552189,B722,_,00430,210
B722__00420.210,14.010786596070659,42.149004925,B722,_,00420,210
B722__00410.210,14.004412184220053,42.154213174999995,B722,_,00410,210
B722__00400.210,14.004750381529414,42.145221625,B722,_,00400,210
B722__00390.210,14.00226110857283,42.142110900000006,B722,_,00390,210
B722__00380.210,14.000846908332491,42.140010275,B722,_,00380,210
B722__00360.210,13.992588830908163,42.149658044999995,B722,_,00360,210
B722__00350.210,13.97603729885795,42.142194149999995,B722,_,00350,210
B722__00290.210,14.013275077855223,42.16097433,B722,_,00290,210
B722__0028.210,13.998800626259772,42.158609865,B722,_,0028,210
B722__00270.210,13.991996995956427,42.154746965,B722,_,00270,210
B722__00260.210,13.988618825275388,42.160063425000004,B722,_,00260,210
B722__00250.210,13.978977627266929,42.16179229,B722,_,00250,210
B722__00230.210,14.070592220480487,42.16154196,B722,_,00230,210
B722__00220.210,14.056729473059633,42.168157335000004,B722,_,00220,210
B722__00210.210,14.035397775920737,42.16593561,B722,_,00210,210
B722__00200.210,14.017346501127914,42.165926395,B722,_,00200,210
B722__00190.210,14.002959207890953,42.16603705,B722,_,00190,210
B722__00180.210,14.018241303882865,42.17494691500001,B722,_,00180,210
B722__00170.210,14.014368646460095,42.178827979999994,B722,_,00170,210
B722__00160.210,14.01147884380832,42.176249455,B722,_,00160,210
B722__00150.210,14.000357152937202,42.17279832,B722,_,00150,210
B722__00140.210,13.984305513938573,42.167900195,B722,_,00140,210
B722__00130.210,13.972392628626952,42.171524090000005,B722,_,00130,210
B722__00120.210,14.0077880071744,42.181860310000005,B722,_,00120,210
B722__00110.210,14.001074092854125,42.182399775,B722,_,00110,210
B722__00100.210,13.977942797965618,42.1842731,B722,_,00100,210
B722__00080.210,13.960529787625056,42.18565606,B722,_,00080,210
B722__00070.210,13.99911029375087,42.194114255,B722,_,00070,210
B722__00060.210,13.990068316358043,42.198149375,B722,_,00060,210
B722__00050.210,13.97955378018269,42.19194821,B722,_,00050,210
B722__00040.210,13.980332501487844,42.19739523,B722,_,00040,210
B722__00030.210,13.964324332200931,42.195707135,B722,_,00030,210
B722__00020.210,13.980300719124344,42.204925655,B722,_,00020,210
B722__00060.2100,13.992735707305737,42.194970355,B722,_,00060,2100
B722__00060.2101,13.989997691121932,42.195396314999996,B722,_,00060,2101
B722__00060.2102,13.98968592586974,42.19524375,B722,_,00060,2102
B722__00060.2103,13.990648520485518,42.195785779999994,B722,_,00060,2103
B722__00060.2104,13.990682167948997,42.19578425,B722,_,00060,2104
B722__00060.2105,13.990658248903745,42.195812105,B722,_,00060,2105
B722__00060.2106,13.990708264704685,42.195865605,B722,_,00060,2106
B722__00060.2107,13.990660177506072,42.19585231,B722,_,00060,2107
B722__00060.2108,13.990578549958897,42.19588777,B722,_,00060,2108
B722__00060.2109,13.983042393341062,42.197170935,B722,_,00060,2109
B722__00010.211,13.973596834877581,42.205236525000004,B722,_,00010,211
B722__00610.211,14.00008316131537,42.114898605,B722,_,00610,211
B722__00600.211,14.008150133536418,42.120377695,B722,_,00600,211
B722__00590.211,14.002913507818812,42.123109244999995,B722,_,00590,211
B722__00540.211,14.04605443202775,42.137542280000005,B722,_,00540,211
B722__00530.211,14.027666279684519,42.14150148,B722,_,00530,211
B722__00520.211,14.007244273292686,42.140507695,B722,_,00520,211
B722__0051.211,14.003853394250335,42.13982346,B722,_,0051,211
B722__00500.211,13.999173423125423,42.13515789,B722,_,00500,211
B722__00430.211,14.028177967325982,42.155151445,B722,_,00430,211
B722__00420.211,14.010676286997764,42.14867409,B722,_,00420,211
B722__00410.211,14.004420360431295,42.154346835,B722,_,00410,211
B722__00400.211,14.004982082667187,42.14511568,B722,_,00400,211
B722__00390.211,14.00305157062842,42.142067175,B722,_,00390,211
B722__00370.211,13.995336672849188,42.14107142,B722,_,00370,211
B722__00360.211,13.993428692305493,42.149153845,B722,_,00360,211
B722__00350.211,13.976339650023636,42.14260642,B722,_,00350,211
B722__00290.211,14.013342332910806,42.160796645000005,B722,_,00290,211
B722__0028.211,13.998866989865508,42.15871226,B722,_,0028,211
B722__00270.211,13.992528006964335,42.154794085,B722,_,00270,211
B722__00260.211,13.98825753427468,42.15985888,B722,_,00260,211
B722__00250.211,13.979321127691586,42.161916025,B722,_,00250,211
B722__00230.211,14.070976621212827,42.161343724999995,B722,_,00230,211
B722__00220.211,14.058297637417983,42.168660585,B722,_,00220,211
B722__00210.211,14.034741386352387,42.165616865000004,B722,_,00210,211
B722__00200.211,14.01754244005723,42.165797170000005,B722,_,00200,211
B722__00190.211,13.995685245509282,42.16663978,B722,_,00190,211
B722__00180.211,14.016945911559015,42.17507012,B722,_,00180,211
B722__00170.211,14.014100378491234,42.178598214999994,B722,_,00170,211
B722__00160.211,14.011212609661442,42.176109784999994,B722,_,00160,211
B722__00150.211,14.000696672711637,42.172884205,B722,_,00150,211
B722__00140.211,13.982120538239691,42.17235554,B722,_,00140,211
B722__00130.211,13.97418961955816,42.171621665,B722,_,00130,211
B722__00120.211,14.008155522090062,42.1822914,B722,_,00120,211
B722__00110.211,14.000764438142982,42.181514535,B722,_,00110,211
B722__00100.211,13.978480790391352,42.183918675,B722,_,00100,211
B722__0009.211,13.969931635532786,42.18636179,B722,_,0009,211
B722__00080.211,13.960393346819304,42.185513115,B722,_,00080,211
B722__00070.211,13.998991324497585,42.19451276,B722,_,00070,211
B722__00060.211,13.9864446087823,42.19071736,B722,_,00060,211
B722__00050.211,13.979898428625892,42.192438620000004,B722,_,00050,211
B722__00040.211,13.981166793161183,42.197739229999996,B722,_,00040,211
B722__00030.211,13.963764164738496,42.195551449999996,B722,_,00030,211
B722__00020.211,13.979958977353618,42.204547555,B722,_,00020,211
B722__00010.212,13.974015413473197,42.20563472,B722,_,00010,212
B722__00600.212,14.008375697901975,42.12016802,B722,_,00600,212
B722__00590.212,14.000790663322796,42.12417491,B722,_,00590,212
B722__00540.212,14.046590155143253,42.137999414999996,B722,_,00540,212
B722__00530.212,14.028019912503272,42.141619065,B722,_,00530,212
B722__00520.212,14.007486373818722,42.14069141,B722,_,00520,212
B722__0051.212,14.003886141115814,42.139760085,B722,_,0051,212
B722__00500.212,13.99933187163474,42.135065,B722,_,00500,212
B722__00430.212,14.02829630324267,42.15509435,B722,_,00430,212
B722__00420.212,14.01084999251692,42.148419045,B722,_,00420,212
B722__00410.212,14.004597555811046,42.153939910000005,B722,_,00410,212
B722__00400.212,14.005985318733096,42.145495034999996,B722,_,00400,212
B722__00390.212,14.002532319399133,42.14185943,B722,_,00390,212
B722__00370.212,13.995375445133014,42.141271245,B722,_,00370,212
B722__00360.212,13.994299060792713,42.149566755,B722,_,00360,212
B722__00350.212,13.977108861862082,42.14248544,B722,_,00350,212
B722__00290.212,14.013830887862541,42.160668279999996,B722,_,00290,212
B722__0028.212,13.998829198383387,42.158596465,B722,_,0028,212
B722__00270.212,13.99311207797501,42.155512305,B722,_,00270,212
B722__00260.212,13.988646178156227,42.15966833,B722,_,00260,212
B722__00250.212,13.979442423687768,42.16218633,B722,_,00250,212
B722__00230.212,14.07132191324068,42.16158691,B722,_,00230,212
B722__00220.212,14.05809283384038,42.168306799999996,B722,_,00220,212
B722__00210.212,14.03505453396005,42.165453425,B722,_,00210,212
B722__00200.212,14.017166959318514,42.16530083000001,B722,_,00200,212
B722__00190.212,14.003419945854347,42.166215785,B722,_,00190,212
B722__00180.212,14.017555745671562,42.17508145,B722,_,00180,212
B722__00170.212,14.012241038121036,42.182019365,B722,_,00170,212
B722__00160.212,14.010923672258265,42.176068165,B722,_,00160,212
B722__00150.212,14.00090351850842,42.172884205,B722,_,00150,212
B722__00140.212,13.983548870834559,42.167522410000004,B722,_,00140,212
B722__00130.212,13.972416857866971,42.171944785,B722,_,00130,212
B722__00120.212,14.010411162448651,42.184949645,B722,_,00120,212
B722__00110.212,14.000455402266773,42.181524335,B722,_,00110,212
B722__00100.212,13.978074442262788,42.184025285000004,B722,_,00100,212
B722__0009.212,13.969985881606874,42.186317560000006,B722,_,0009,212
B722__00080.212,13.960536802912312,42.185547420000006,B722,_,00080,212
B722__00070.212,13.999321951920665,42.194128570000004,B722,_,00070,212
B722__00060.212,13.990873511248168,42.198511935,B722,_,00060,212
B722__00050.212,13.979439673353925,42.1926518,B722,_,00050,212
B722__00040.212,13.980560642317425,42.197222435,B722,_,00040,212
B722__00030.212,13.964177110933486,42.195470475,B722,_,00030,212
B722__00020.212,13.980341373436524,42.204744225,B722,_,00020,212
B722__00010.213,13.974494388959739,42.20535556,B722,_,00010,213
B722__00600.213,14.00856979832051,42.119801135,B722,_,00600,213
B722__00590.213,13.990251917162363,42.125189745,B722,_,00590,213
B722__00540.213,14.037632899323954,42.137030635,B722,_,00540,213
B722__00530.213,14.02879339264652,42.14164546,B722,_,00530,213
B722__00520.213,14.02160975455745,42.13904088,B722,_,00520,213
B722__0051.213,14.003499563056195,42.13958838,B722,_,0051,213
B722__00500.213,13.998669780957457,42.13636789,B722,_,00500,213
B722__00430.213,14.028562716038612,42.15507239,B722,_,00430,213
B722__00420.213,14.011261655744725,42.148701990000006,B722,_,00420,213
B722__00410.213,14.004613654234003,42.15404872,B722,_,00410,213
B722__00400.213,14.006312216918024,42.145426185000005,B722,_,00400,213
B722__00390.213,14.002591614368507,42.141798910000006,B722,_,00390,213
B722__00380.213,13.996481529976226,42.138553025,B722,_,00380,213
B722__00370.213,13.995857559402726,42.141624730000004,B722,_,00370,213
B722__00360.213,13.994577167012263,42.148555815,B722,_,00360,213
B722__00350.213,13.976878010160123,42.14210998,B722,_,00350,213
B722__00290.213,14.013721606511677,42.160548305,B722,_,00290,213
B722__0028.213,13.998857311265528,42.15858284,B722,_,0028,213
B722__00270.213,13.993008025382228,42.15622201,B722,_,00270,213
B722__00260.213,13.983767605276448,42.159934449999994,B722,_,00260,213
B722__00250.213,13.980016155660334,42.1620529,B722,_,00250,213
B722__00230.213,14.067363340413138,42.16136048,B722,_,00230,213
B722__00220.213,14.058396538990493,42.168422129999996,B722,_,00220,213
B722__00210.213,14.035451886808215,42.16541895,B722,_,00210,213
B722__00200.213,14.01824167687791,42.164938615,B722,_,00200,213
B722__00180.213,14.016769279349809,42.175004645,B722,_,00180,213
B722__00170.213,14.012506976821411,42.181549294999996,B722,_,00170,213
B722__00160.213,14.010633199595706,42.17599485,B722,_,00160,213
B722__00150.213,14.001486619974981,42.17327319,B722,_,00150,213
B722__00140.213,13.984115685164923,42.16723081,B722,_,00140,213
B722__00130.213,13.973336030067301,42.171520665,B722,_,00130,213
B722__00120.213,14.008584699574048,42.181619005,B722,_,00120,213
B722__00110.213,14.000665107672859,42.182248895,B722,_,00110,213
B722__00100.213,13.977867401543609,42.183982745,B722,_,00100,213
B722__0009.213,13.969954762326328,42.186331605,B722,_,0009,213
B722__00080.213,13.960659053385404,42.18557683,B722,_,00080,213
B722__00070.213,13.99949564067844,42.19413536,B722,_,00070,213
B722__00060.213,13.991225490296026,42.198303895,B722,_,00060,213
B722__00050.213,13.980191590995485,42.19236988,B722,_,00050,213
B722__00040.213,13.981190997644923,42.19756709,B722,_,00040,213
B722__00030.213,13.96289681336033,42.19528421,B722,_,00030,213
B722__00020.213,13.98060779946401,42.204729015,B722,_,00020,213
B722__00060.2132,13.989001201281106,42.1978041,B722,_,00060,2132
B722__00060.2133,13.989360960268337,42.197626325,B722,_,00060,2133
B722__00060.2134,13.989048523638541,42.197700425,B722,_,00060,2134
B722__00060.2135,13.989329252796392,42.197585329999995,B722,_,00060,2135
B722__00060.2136,13.988984131794734,42.1976581,B722,_,00060,2136
B722__00060.2137,13.989463902341518,42.197459394999996,B722,_,00060,2137
B722__00060.2138,13.989028994886013,42.19752932,B722,_,00060,2138
B722__00060.2139,13.989288382791486,42.19746193,B722,_,00060,2139
B722__00010.214,13.975279831686127,42.204600345,B722,_,00010,214
B722__00600.214,14.008918017105863,42.12011683,B722,_,00600,214
B722__00590.214,14.001112351114987,42.12886689,B722,_,00590,214
B722__00540.214,14.038484074411762,42.13659879,B722,_,00540,214
B722__00530.214,14.029415818501302,42.141450449999994,B722,_,00530,214
B722__00520.214,14.012124228240134,42.140326805,B722,_,00520,214
B722__0051.214,14.003593330154917,42.139627000000004,B722,_,0051,214
B722__00500.214,13.998360905430538,42.136246529999994,B722,_,00500,214
B722__00430.214,14.028861581719791,42.155003905,B722,_,00430,214
B722__00420.214,14.011459629131608,42.148414755000005,B722,_,00420,214
B722__00410.214,14.004642257242432,42.15417563,B722,_,00410,214
B722__00400.214,14.006821743231082,42.145791349999996,B722,_,00400,214
B722__00390.214,14.002445745063024,42.141580835,B722,_,00390,214
B722__00380.214,13.997284600840407,42.13860541,B722,_,00380,214
B722__00370.214,13.99649803616208,42.14098517,B722,_,00370,214
B722__00360.214,13.994758375674463,42.14858377,B722,_,00360,214
B722__00350.214,13.97633931491086,42.141872495,B722,_,00350,214
B722__00290.214,14.014017847690797,42.16031504,B722,_,00290,214
B722__0028.214,13.998916876328458,42.158654475,B722,_,0028,214
B722__00270.214,13.993201456911393,42.15594301,B722,_,00270,214
B722__00260.214,13.983342868421007,42.159872435,B722,_,00260,214
B722__00250.214,13.980125070512987,42.162591035000005,B722,_,00250,214
B722__00230.214,14.06781281407968,42.161400314999995,B722,_,00230,214
B722__00220.214,14.058788088423334,42.168564599999996,B722,_,00220,214
B722__00210.214,14.035980674344646,42.165663295,B722,_,00210,214
B722__00200.214,14.017696277448787,42.165386194999996,B722,_,00200,214
B722__00190.214,14.003456018513528,42.16605569,B722,_,00190,214
B722__00180.214,14.017530904378145,42.1750374,B722,_,00180,214
B722__00170.214,14.013257860392635,42.18126769,B722,_,00170,214
B722__00160.214,14.010344906444296,42.1759213,B722,_,00160,214
B722__00150.214,14.00126636775865,42.172801095,B722,_,00150,214
B722__00140.214,13.984420723040124,42.167607905,B722,_,00140,214
B722__00130.214,13.973137826731016,42.171557899999996,B722,_,00130,214
B722__00120.214,14.00914166612635,42.18209326,B722,_,00120,214
B722__00110.214,13.999975994164862,42.18153651,B722,_,00110,214
B722__00100.214,13.977842156932091,42.183899815000004,B722,_,00100,214
B722__0009.214,13.969886431211272,42.186352875,B722,_,0009,214
B722__00080.214,13.961168657759165,42.185654375,B722,_,00080,214
B722__00070.214,13.999144500476287,42.194522375000005,B722,_,00070,214
B722__00060.214,13.991675193010252,42.19836016,B722,_,00060,214
B722__00050.214,13.980999497310943,42.19258882,B722,_,00050,214
B722__00040.214,13.98124326649011,42.197481205,B722,_,00040,214
B722__00030.214,13.96261850021248,42.195000570000005,B722,_,00030,214
B722__00020.214,13.980699879495976,42.204660835,B722,_,00020,214
B722__00060.2140,13.989548748060301,42.19731723,B722,_,00060,2140
B722__00060.2141,13.989146738964944,42.197349645,B722,_,00060,2141
B722__00060.2142,13.989342987994243,42.19732447,B722,_,00060,2142
B722__00060.2144,13.99065905334179,42.199896100000004,B722,_,00060,2144
B722__00010.215,13.974877275048149,42.204522655000005,B722,_,00010,215
B722__00600.215,14.009361492347793,42.11992396,B722,_,00600,215
B722__00590.215,13.995011608890604,42.126381475,B722,_,00590,215
B722__00540.215,14.039232804292421,42.13704997000001,B722,_,00540,215
B722__00530.215,14.030801758084007,42.141089914999995,B722,_,00530,215
B722__00520.215,14.010935839362034,42.140430475,B722,_,00520,215
B722__0051.215,14.003596596318006,42.139556145,B722,_,0051,215
B722__00500.215,13.998042400167797,42.13613941,B722,_,00500,215
B722__00430.215,14.028158745072036,42.15473302,B722,_,00430,215
B722__00420.215,14.012599965710685,42.14901429,B722,_,00420,215
B722__00410.215,14.004672079965301,42.15429874,B722,_,00410,215
B722__00400.215,14.004597756998898,42.14456917,B722,_,00400,215
B722__00390.215,14.00251551481582,42.14161727,B722,_,00390,215
B722__00380.215,13.999316135507545,42.14195351,B722,_,00380,215
B722__00370.215,13.984691015925886,42.140158095000004,B722,_,00370,215
B722__00360.215,13.99483456395957,42.14864399,B722,_,00360,215
B722__00350.215,13.976612189687902,42.14162037,B722,_,00350,215
B722__00300.215,14.031944480017238,42.167196855,B722,_,00300,215
B722__00290.215,14.014128921847009,42.16058496,B722,_,00290,215
B722__0028.215,13.998927977567309,42.158552205,B722,_,0028,215
B722__00270.215,13.993274709660207,42.15578777,B722,_,00270,215
B722__00260.215,13.983524756066116,42.15985796,B722,_,00260,215
B722__00250.215,13.980462229394277,42.162644130000004,B722,_,00250,215
B722__00230.215,14.068223292173144,42.16140007,B722,_,00230,215
B722__00220.215,14.059537755282228,42.168014895,B722,_,00220,215
B722__00200.215,14.017860677390336,42.16583364,B722,_,00200,215
B722__00190.215,14.003951958292374,42.165982295,B722,_,00190,215
B722__00180.215,14.016858040589542,42.174924250000004,B722,_,00180,215
B722__00170.215,14.012596832762647,42.18077764,B722,_,00170,215
B722__00160.215,14.009427061038657,42.175834315,B722,_,00160,215
B722__00150.215,14.002527842400067,42.173473335,B722,_,00150,215
B722__00140.215,13.98504389323534,42.16802278,B722,_,00140,215
B722__00130.215,13.97324772146607,42.17114622,B722,_,00130,215
B722__00120.215,14.009743340810898,42.182480135,B722,_,00120,215
B722__00110.215,13.998776508858663,42.181002785000004,B722,_,00110,215
B722__0009.215,13.969936984828216,42.186235499999995,B722,_,0009,215
B722__00080.215,13.960727260466818,42.185370739999996,B722,_,00080,215
B722__00070.215,13.999319096395526,42.194578050000004,B722,_,00070,215
B722__00060.215,13.992183570882597,42.198273595,B722,_,00060,215
B722__00050.215,13.980745471224974,42.192344840000004,B722,_,00050,215
B722__00040.215,13.980568489993255,42.197077135,B722,_,00040,215
B722__00030.215,13.963339412232116,42.195239595000004,B722,_,00030,215
B722__00020.215,13.98076770999331,42.20457781,B722,_,00020,215
B722__00060.2153,13.988584548282201,42.19816097,B722,_,00060,2153
B722__00010.216,13.974101108111727,42.20530541,B722,_,00010,216
B722__00600.216,14.009061998099671,42.120262600000004,B722,_,00600,216
B722__00590.216,13.992604596967123,42.127202405,B722,_,00590,216
B722__00540.216,14.039513147171753,42.13683906,B722,_,00540,216
B722__00530.216,14.028996375380583,42.14204117,B722,_,00530,216
B722__00520.216,14.01139222380108,42.14040922,B722,_,00520,216
B722__0051.216,14.00372312963735,42.139627845,B722,_,0051,216
B722__00500.216,13.993064885883392,42.1348306,B722,_,00500,216
B722__00430.216,14.028480650884127,42.154757135,B722,_,00430,216
B722__00420.216,14.012833098163199,42.148726370000006,B722,_,00420,216
B722__00410.216,14.004824783550466,42.15405183,B722,_,00410,216
B722__00400.216,14.006134574436683,42.144986805,B722,_,00400,216
B722__00390.216,14.002748297690921,42.141811059999995,B722,_,00390,216
B722__00380.216,13.997607860381954,42.14198156,B722,_,00380,216
B722__00370.216,13.98485810525923,42.13986687,B722,_,00370,216
B722__00360.216,13.994849204621392,42.148754935,B722,_,00360,216
B722__00350.216,13.977236995896435,42.141816185,B722,_,00350,216
B722__00300.216,14.031987639683013,42.167041354999995,B722,_,00300,216
B722__00290.216,14.014998758778887,42.160390825,B722,_,00290,216
B722__00270.216,13.994512508384608,42.15665489,B722,_,00270,216
B722__00260.216,13.983365301546652,42.15936594,B722,_,00260,216
B722__00250.216,13.98061274188386,42.16270996,B722,_,00250,216
B722__00230.216,14.068632321662985,42.16134346,B722,_,00230,216
B722__00220.216,14.058730790410646,42.168153860000004,B722,_,00220,216
B722__00210.216,14.035838769687812,42.165989415,B722,_,00210,216
B722__00200.216,14.018068315703617,42.165633205,B722,_,00200,216
B722__00190.216,14.003808295248525,42.166441925,B722,_,00190,216
B722__00180.216,14.017452029926735,42.174962065,B722,_,00180,216
B722__00170.216,14.015711203042946,42.18172243,B722,_,00170,216
B722__00160.216,14.009592485190831,42.175590185000004,B722,_,00160,216
B722__00150.216,14.002947578225683,42.17360366,B722,_,00150,216
B722__00140.216,13.985053391330084,42.167910065,B722,_,00140,216
B722__00130.216,13.973497270651944,42.17120409,B722,_,00130,216
B722__00120.216,14.009775485912204,42.183550305,B722,_,00120,216
B722__00110.216,13.998604830977442,42.18014031,B722,_,00110,216
B722__00100.216,13.977762542302166,42.183547255,B722,_,00100,216
B722__0009.216,13.969717882931818,42.186301404999995,B722,_,0009,216
B722__00080.216,13.961249985662011,42.18544766,B722,_,00080,216
B722__00070.216,13.99961968518782,42.194178414999996,B722,_,00070,216
B722__00060.216,13.992232328425793,42.198370275,B722,_,00060,216
B722__00050.216,13.980196630580528,42.191797394999995,B722,_,00050,216
B722__00040.216,13.981285766304186,42.19740358,B722,_,00040,216
B722__00030.216,13.96301373434786,42.19499625,B722,_,00030,216
B722__00020.216,13.980414267918135,42.204410975,B722,_,00020,216
B722__00060.2161,13.985838014333567,42.198024135,B722,_,00060,2161
B722__00060.2162,13.985513310805736,42.198372680000006,B722,_,00060,2162
B722__00060.2163,13.985842923561176,42.19818179,B722,_,00060,2163
B722__00060.2164,13.985703039985815,42.19839252,B722,_,00060,2164
B722__00060.2165,13.98594646686761,42.19817889,B722,_,00060,2165
B722__00060.2166,13.985810804006626,42.19858444,B722,_,00060,2166
B722__00060.2167,13.98614372018209,42.19819239,B722,_,00060,2167
B722__00010.217,13.974203938606074,42.20523591,B722,_,00010,217
B722__00600.217,14.008434163396268,42.121047495,B722,_,00600,217
B722__00590.217,13.992256268286308,42.126357085,B722,_,00590,217
B722__00540.217,14.039708181346395,42.136777755,B722,_,00540,217
B722__00530.217,14.033609666629495,42.140437934999994,B722,_,00530,217
B722__00520.217,14.011402858016023,42.140717089999995,B722,_,00520,217
B722__0051.217,14.003813052429367,42.139652725000005,B722,_,0051,217
B722__00500.217,13.993184572855814,42.134736305000004,B722,_,00500,217
B722__00430.217,14.029144335902089,42.15478155,B722,_,00430,217
B722__00420.217,14.013076059699134,42.148355835000004,B722,_,00420,217
B722__00410.217,14.004849939050207,42.1542427,B722,_,00410,217
B722__00400.217,14.006468459805639,42.14505264,B722,_,00400,217
B722__00390.217,14.002532027178082,42.141549305,B722,_,00390,217
B722__00380.217,13.997598105681584,42.142008195,B722,_,00380,217
B722__00370.217,13.98599377653985,42.140394105,B722,_,00370,217
B722__00360.217,13.995000225505414,42.148848845,B722,_,00360,217
B722__00350.217,13.97754065098702,42.1422954,B722,_,00350,217
B722__00290.217,14.015544468736575,42.160567029999996,B722,_,00290,217
B722__00270.217,13.993799098431504,42.156018020000005,B722,_,00270,217
B722__00260.217,13.98377302194308,42.159558059999995,B722,_,00260,217
B722__00250.217,13.980850580775892,42.162536970000005,B722,_,00250,217
B722__00230.217,14.068984154175045,42.16148409,B722,_,00230,217
B722__00220.217,14.05869712432062,42.16764426,B722,_,00220,217
B722__00210.217,14.03606473843609,42.166241485,B722,_,00210,217
B722__00200.217,14.020201914713446,42.16473261,B722,_,00200,217
B722__00190.217,14.003684317893894,42.166174315,B722,_,00190,217
B722__00180.217,14.01793528411202,42.174803215,B722,_,00180,217
B722__00170.217,14.0103198009807,42.181944265,B722,_,00170,217
B722__00160.217,14.010191284923874,42.175102835000004,B722,_,00160,217
B722__00150.217,14.00347701573628,42.173788075000004,B722,_,00150,217
B722__00140.217,13.98510867470766,42.167870555,B722,_,00140,217
B722__00130.217,13.97217986023035,42.172279975,B722,_,00130,217
B722__00120.217,14.010691080219807,42.182879365,B722,_,00120,217
B722__00110.217,13.9994821895711,42.179949435,B722,_,00110,217
B722__00100.217,13.977745874559382,42.183333975,B722,_,00100,217
B722__00080.217,13.961618669627434,42.185700155,B722,_,00080,217
B722__00070.217,13.999723615121859,42.194216485,B722,_,00070,217
B722__00060.217,13.99217066419682,42.198473085,B722,_,00060,217
B722__00050.217,13.980415511407363,42.19228477,B722,_,00050,217
B722__00040.217,13.981320299074042,42.19731936,B722,_,00040,217
B722__00030.217,13.963288385305514,42.19497397,B722,_,00030,217
B722__00020.217,13.980210659576962,42.204188295,B722,_,00020,217
B722__00010.218,13.974296072045387,42.205178525,B722,_,00010,218
B722__00600.218,14.008761818265976,42.121370479999996,B722,_,00600,218
B722__00590.218,13.994282932399418,42.126696865,B722,_,00590,218
B722__00540.218,14.039873141983424,42.13697878,B722,_,00540,218
B722__00530.218,14.03388870273778,42.139787005,B722,_,00530,218
B722__00520.218,14.011473832653103,42.14031477,B722,_,00520,218
B722__0051.218,14.003679845670886,42.13953063,B722,_,0051,218
B722__00500.218,13.99292278107228,42.135665939999996,B722,_,00500,218
B722__00430.218,14.02996188141202,42.154830375,B722,_,00430,218
B722__00420.218,14.01389743907881,42.148957065000005,B722,_,00420,218
B722__00400.218,14.00680815477942,42.145385445,B722,_,00400,218
B722__00380.218,13.997904250454274,42.14213972,B722,_,00380,218
B722__00370.218,13.985428053728075,42.140832175,B722,_,00370,218
B722__00360.218,13.995109578043003,42.148982065,B722,_,00360,218
B722__00350.218,13.977934346368603,42.14205408,B722,_,00350,218
B722__00300.218,14.032159191563169,42.167133205,B722,_,00300,218
B722__00290.218,14.000334394508897,42.160731065,B722,_,00290,218
B722__00270.218,13.993825859196738,42.15569341,B722,_,00270,218
B722__00260.218,13.984098630150823,42.160098649999995,B722,_,00260,218
B722__00250.218,13.973361344788561,42.16106063,B722,_,00250,218
B722__00230.218,14.06902234899809,42.161317845,B722,_,00230,218
B722__00220.218,14.057897183459776,42.167535635,B722,_,00220,218
B722__00210.218,14.03633044482806,42.16627169,B722,_,00210,218
B722__00200.218,14.01929882135243,42.164949144999994,B722,_,00200,218
B722__00190.218,14.003556870404994,42.165894105,B722,_,00190,218
B722__00180.218,14.016803335725786,42.17484102,B722,_,00180,218
B722__00170.218,14.010665918819395,42.180872095,B722,_,00170,218
B722__00160.218,14.010483811048204,42.17519776,B722,_,00160,218
B722__00150.218,14.004063118320996,42.17430378,B722,_,00150,218
B722__00140.218,13.985253370454966,42.167870555,B722,_,00140,218
B722__00130.218,13.972609868925897,42.17122544,B722,_,00130,218
B722__00120.218,14.007598926816348,42.18094111,B722,_,00120,218
B722__00110.218,14.000731183077573,42.180610765,B722,_,00110,218
B722__00100.218,13.977649387546457,42.18324477,B722,_,00100,218
B722__0009.218,13.969750718267353,42.18620539,B722,_,0009,218
B722__00080.218,13.961657434313768,42.186111694999994,B722,_,00080,218
B722__00070.218,13.9994828782927,42.19462176,B722,_,00070,218
B722__00060.218,13.992280967780413,42.19853315,B722,_,00060,218
B722__00050.218,13.980781734780557,42.19184674,B722,_,00050,218
B722__00040.218,13.970281682935914,42.19737689,B722,_,00040,218
B722__00030.218,13.963752925456559,42.195320855000006,B722,_,00030,218
B722__00020.218,13.980839145259683,42.2040988,B722,_,00020,218
B722__00010.219,13.974386011453564,42.205100165,B722,_,00010,219
B722__00600.219,14.009294960171147,42.12037554,B722,_,00600,219
B722__00590.219,13.993271186321849,42.125226354999995,B722,_,00590,219
B722__00540.219,14.040663767509312,42.137324635,B722,_,00540,219
B722__00530.219,14.034478553540183,42.14007354,B722,_,00530,219
B722__00520.219,14.011493236507746,42.14070805,B722,_,00520,219
B722__0051.219,14.003942072019656,42.139711,B722,_,0051,219
B722__00500.219,13.993262063850345,42.136780314999996,B722,_,00500,219
B722__00430.219,14.030342537205684,42.154740145000005,B722,_,00430,219
B722__00420.219,14.014091200255198,42.14924546,B722,_,00420,219
B722__00410.219,14.005098864201226,42.154176885,B722,_,00410,219
B722__00400.219,14.00411452347127,42.144267135,B722,_,00400,219
B722__00390.219,14.002814764787773,42.141803550000006,B722,_,00390,219
B722__00380.219,13.997833240968902,42.142144125,B722,_,00380,219
B722__00370.219,13.986344499664085,42.140720355,B722,_,00370,219
B722__00360.219,13.994847626109268,42.149360285,B722,_,00360,219
B722__00350.219,13.978801987488705,42.14219731,B722,_,00350,219
B722__00290.219,14.000447794326064,42.160684805,B722,_,00290,219
B722__0028.219,13.998895074365173,42.15883722,B722,_,0028,219
B722__00270.219,13.994193710358127,42.156059845,B722,_,00270,219
B722__00260.219,13.984788885167214,42.16058111,B722,_,00260,219
B722__00250.219,13.973981137033888,42.16107454,B722,_,00250,219
B722__00230.219,14.06949190080742,42.161374144999996,B722,_,00230,219
B722__00220.219,14.05859671153766,42.166952464999994,B722,_,00220,219
B722__00210.219,14.030903179328357,42.168168415,B722,_,00210,219
B722__00200.219,14.019925497783888,42.165063505,B722,_,00200,219
B722__00190.219,14.00433081216384,42.165935505,B722,_,00190,219
B722__00180.219,14.017563188245315,42.174883055,B722,_,00180,219
B722__00170.219,14.010877858737182,42.181995055,B722,_,00170,219
B722__00150.219,13.989738272839762,42.17237344,B722,_,00150,219
B722__00140.219,13.985357983147424,42.167952015,B722,_,00140,219
B722__00130.219,13.972614864787388,42.171611264999996,B722,_,00130,219
B722__00120.219,14.012704837206748,42.1870081,B722,_,00120,219
B722__00110.219,13.992175323698675,42.178183085,B722,_,00110,219
B722__0009.219,13.96983209763378,42.186164055,B722,_,0009,219
B722__00080.219,13.962835422106686,42.18552434,B722,_,00080,219
B722__00070.219,13.99963405721336,42.19465837,B722,_,00070,219
B722__00060.219,13.992152930306688,42.19861362,B722,_,00060,219
B722__00050.219,13.981381218390776,42.192139874999995,B722,_,00050,219
B722__00040.219,13.970660129675327,42.197153545,B722,_,00040,219
B722__00030.219,13.964127002298186,42.195272365,B722,_,00030,219
B722__00020.219,13.980967673210586,42.204246819999994,B722,_,00020,219
B722__00010.22,13.970433305257103,42.21094181,B722,_,00010,22
B722__00610.22,13.993065949559583,42.11935753,B722,_,00610,22
B722__00600.22,14.009803487098878,42.132781875,B722,_,00600,22
B722__00590.22,13.993949164205862,42.12690638,B722,_,00590,22
B722__00540.22,14.041458105738936,42.1470067,B722,_,00540,22
B722__00530.22,14.028821786392722,42.14860817,B722,_,00530,22
B722__00520.22,14.008573802553505,42.14248551,B722,_,00520,22
B722__00500.22,13.983248132345524,42.134811170000006,B722,_,00500,22
B722__00490.22,13.987990137035675,42.13249387,B722,_,00490,22
B722__00480.22,13.983842408549524,42.139224075,B722,_,00480,22
B722__00450.22,14.056268310880661,42.144549375,B722,_,00450,22
B722__00440.22,14.047857323495258,42.155717935,B722,_,00440,22
B722__00430.22,14.025784500028003,42.158404950000005,B722,_,00430,22
B722__00420.22,14.007216983816846,42.149895689999994,B722,_,00420,22
B722__00390.22,14.001718219912675,42.14599896,B722,_,00390,22
B722__00380.22,13.997616065267088,42.141956594999996,B722,_,00380,22
B722__00360.22,13.997433445001795,42.15380511,B722,_,00360,22
B722__00350.22,13.983327642931712,42.148421505,B722,_,00350,22
B722__00340.22,13.976703382647228,42.149211460000004,B722,_,00340,22
B722__00330.22,13.974740234139407,42.15510578,B722,_,00330,22
B722__00310.22,14.04058908714761,42.160784684999996,B722,_,00310,22
B722__00290.22,14.006882835839232,42.162582475,B722,_,00290,22
B722__0028.22,13.996627114328938,42.15916254,B722,_,0028,22
B722__00270.22,13.992515427058194,42.160336584999996,B722,_,00270,22
B722__00260.22,13.984329183674355,42.165586535,B722,_,00260,22
B722__00250.22,13.978119479819757,42.167789165,B722,_,00250,22
B722__00230.22,14.066317351523058,42.170288905,B722,_,00230,22
B722__00220.22,14.048574093669636,42.172117895,B722,_,00220,22
B722__00210.22,14.036340900787476,42.17314153,B722,_,00210,22
B722__00200.22,14.021725000615413,42.17035901,B722,_,00200,22
B722__00190.22,13.996399213943143,42.16907924,B722,_,00190,22
B722__00170.22,14.015994544453978,42.180706740000005,B722,_,00170,22
B722__00160.22,14.009085665004495,42.175348235,B722,_,00160,22
B722__00150.22,14.003670994308688,42.180865960000006,B722,_,00150,22
B722__00140.22,13.985681980919622,42.17431454,B722,_,00140,22
B722__00120.22,14.00652182341978,42.194334585,B722,_,00120,22
B722__00110.22,13.995611532322403,42.18646924,B722,_,00110,22
B722__00100.22,13.982875607672304,42.188574935,B722,_,00100,22
B722__0009.22,13.971796677802075,42.18752777,B722,_,0009,22
B722__00080.22,13.958825829572202,42.19007058,B722,_,00080,22
B722__00060.22,13.986026376367576,42.199874015000006,B722,_,00060,22
B722__00040.22,13.973748579044845,42.20187061,B722,_,00040,22
B722__00030.22,13.961937720026086,42.198423059999996,B722,_,00030,22
B722__00020.22,13.977236448877138,42.208826130000006,B722,_,00020,22
B722__00010.220,13.974371284773412,42.204553265,B722,_,00010,220
B722__00600.220,14.009711506766259,42.120342175000005,B722,_,00600,220
B722__00590.220,13.991807594643006,42.12280013,B722,_,00590,220
B722__00540.220,14.040979030632053,42.136480250000005,B722,_,00540,220
B722__00530.220,14.034636283847243,42.140106085,B722,_,00530,220
B722__00520.220,14.01119593361912,42.1409533,B722,_,00520,220
B722__0051.220,14.003982453646724,42.139673625,B722,_,0051,220
B722__00500.220,13.99559442372878,42.132408940000005,B722,_,00500,220
B722__00430.220,14.030097216990434,42.154492245,B722,_,00430,220
B722__00420.220,14.01447940035521,42.149484494999996,B722,_,00420,220
B722__00410.220,14.005260877822003,42.15429277,B722,_,00410,220
B722__00400.220,14.004595005470037,42.144381535,B722,_,00400,220
B722__00390.220,14.002927219578567,42.141873865,B722,_,00390,220
B722__00380.220,14.00134021200266,42.141430334999995,B722,_,00380,220
B722__00370.220,13.986513319553271,42.140971265000005,B722,_,00370,220
B722__00360.220,13.99549713355036,42.149621775,B722,_,00360,220
B722__00350.220,13.97935555570561,42.14251009,B722,_,00350,220
B722__00300.220,14.032092824422286,42.167194155000004,B722,_,00300,220
B722__00290.220,14.000551573972254,42.160715075,B722,_,00290,220
B722__00270.220,13.994328155901252,42.156157815,B722,_,00270,220
B722__00260.220,13.985261376681294,42.160696025,B722,_,00260,220
B722__00250.220,13.973905187438355,42.160420099999996,B722,_,00250,220
B722__00230.220,14.070461215135051,42.16096779,B722,_,00230,220
B722__00220.220,14.059782845485165,42.167150175,B722,_,00220,220
B722__00210.220,14.036177893433262,42.165591685,B722,_,00210,220
B722__00200.220,14.019280684308706,42.16568155,B722,_,00200,220
B722__00190.220,14.003869577221348,42.16620963,B722,_,00190,220
B722__00180.220,14.01677763834071,42.174809145,B722,_,00180,220
B722__00170.220,14.01140908742347,42.18081962,B722,_,00170,220
B722__00160.220,14.011236366014618,42.175375915000004,B722,_,00160,220
B722__00150.220,13.9897263454809,42.172210065,B722,_,00150,220
B722__00140.220,13.985311713629024,42.16768888,B722,_,00140,220
B722__00130.220,13.972588945210816,42.171713510000004,B722,_,00130,220
B722__00120.220,14.011916552993846,42.18725244,B722,_,00120,220
B722__00110.220,13.991783822195245,42.17802081,B722,_,00110,220
B722__00100.220,13.978697755534107,42.182933899999995,B722,_,00100,220
B722__0009.220,13.969894915770194,42.186066345,B722,_,0009,220
B722__00080.220,13.963226833165649,42.18551137,B722,_,00080,220
B722__00070.220,13.999825502018076,42.194249514999996,B722,_,00070,220
B722__00060.220,13.99260421587223,42.198627255000005,B722,_,00060,220
B722__00050.220,13.977644121618829,42.194635995,B722,_,00050,220
B722__00040.220,13.970789982648292,42.197181465,B722,_,00040,220
B722__00030.220,13.963639510390344,42.19514538,B722,_,00030,220
B722__00020.220,13.981046339306609,42.20427895,B722,_,00020,220
B722__00010.221,13.975867902232881,42.204114255,B722,_,00010,221
B722__00600.221,14.0098819392717,42.12050099,B722,_,00600,221
B722__00590.221,14.00004847796155,42.124524205,B722,_,00590,221
B722__00540.221,14.043505642609766,42.137188460000004,B722,_,00540,221
B722__00530.221,14.03474879143295,42.140085185000004,B722,_,00530,221
B722__00520.221,14.011120989372575,42.141438655,B722,_,00520,221
B722__0051.221,14.003752834256463,42.139305934999996,B722,_,0051,221
B722__00500.221,13.997770490389623,42.1338732,B722,_,00500,221
B722__00430.221,14.030720329413622,42.154498565,B722,_,00430,221
B722__00420.221,14.014775055936393,42.149301304999994,B722,_,00420,221
B722__00410.221,14.005367276581811,42.154393575,B722,_,00410,221
B722__00400.221,14.004737910460335,42.144217375,B722,_,00400,221
B722__00380.221,14.001675785277317,42.14183138,B722,_,00380,221
B722__00370.221,13.988139971359585,42.14132868,B722,_,00370,221
B722__00360.221,13.99510604004344,42.14929165,B722,_,00360,221
B722__00350.221,13.979345025133117,42.141740229999996,B722,_,00350,221
B722__00300.221,14.03217415439307,42.16717578,B722,_,00300,221
B722__00290.221,14.000689024139298,42.16080408,B722,_,00290,221
B722__0028.221,13.998977119941703,42.158836245,B722,_,0028,221
B722__00270.221,13.994187462435372,42.15555375,B722,_,00270,221
B722__00260.221,13.985042268655782,42.16033521,B722,_,00260,221
B722__00250.221,13.975272988470856,42.16060052,B722,_,00250,221
B722__00230.221,14.070163578649732,42.16090591,B722,_,00230,221
B722__00220.221,14.059656917181773,42.16767467,B722,_,00220,221
B722__00210.221,14.036476060307542,42.16581296,B722,_,00210,221
B722__00200.221,14.019562567073816,42.16556326,B722,_,00200,221
B722__00190.221,13.99390547278838,42.16384673,B722,_,00190,221
B722__00180.221,14.017367687988404,42.174810355000005,B722,_,00180,221
B722__00170.221,14.0082626231292,42.18045817,B722,_,00170,221
B722__00160.221,14.007003694032663,42.17500693,B722,_,00160,221
B722__00150.221,13.989737237269924,42.17212428,B722,_,00150,221
B722__00140.221,13.98541932724341,42.16756234499999,B722,_,00140,221
B722__00130.221,13.972562151740458,42.171811385,B722,_,00130,221
B722__00120.221,14.011732512790616,42.18715453,B722,_,00120,221
B722__00110.221,13.990388921531395,42.17756551,B722,_,00110,221
B722__00100.221,13.979000333391038,42.18318834,B722,_,00100,221
B722__0009.221,13.970181365685898,42.186064825,B722,_,0009,221
B722__00080.221,13.962947211875962,42.185702695,B722,_,00080,221
B722__00070.221,14.000314161477348,42.19367296,B722,_,00070,221
B722__00060.221,13.993107284037144,42.198685115,B722,_,00060,221
B722__00050.221,13.981276110959728,42.19195985,B722,_,00050,221
B722__00040.221,13.97092502110627,42.197129795,B722,_,00040,221
B722__00030.221,13.964113301464144,42.195016415,B722,_,00030,221
B722__00020.221,13.98101791032437,42.204383885,B722,_,00020,221
B722__00010.222,13.966708282779447,42.20391766,B722,_,00010,222
B722__00600.222,14.009378758524537,42.12099015,B722,_,00600,222
B722__00590.222,13.999869768569354,42.12445857,B722,_,00590,222
B722__00540.222,14.044058439602018,42.137004020000006,B722,_,00540,222
B722__00530.222,14.034904925117603,42.13999701,B722,_,00530,222
B722__00520.222,14.011331692936865,42.1413663,B722,_,00520,222
B722__00430.222,14.030474095625205,42.15424203,B722,_,00430,222
B722__00410.222,14.005965315171451,42.154644160000004,B722,_,00410,222
B722__00400.222,14.00205530882771,42.151921064999996,B722,_,00400,222
B722__00380.222,14.00161705515841,42.141735260000004,B722,_,00380,222
B722__00370.222,13.986951622477232,42.140377105,B722,_,00370,222
B722__00360.222,13.995294534125922,42.149233245000005,B722,_,00360,222
B722__00350.222,13.979464139478898,42.141509135,B722,_,00350,222
B722__00290.222,14.000951759898177,42.16080408,B722,_,00290,222
B722__0028.222,13.998909150987876,42.158782335,B722,_,0028,222
B722__00270.222,13.994203959656868,42.15534521,B722,_,00270,222
B722__00260.222,13.984642635949914,42.16000402,B722,_,00260,222
B722__00250.222,13.974873745288793,42.161053965,B722,_,00250,222
B722__00230.222,14.070475602986978,42.160651565,B722,_,00230,222
B722__00220.222,14.060195856072173,42.167829444999995,B722,_,00220,222
B722__00210.222,14.036308453270477,42.16547096,B722,_,00210,222
B722__00200.222,14.01978165108364,42.165386555,B722,_,00200,222
B722__00190.222,13.99555735224287,42.165239865000004,B722,_,00190,222
B722__00180.222,14.016755505827632,42.17477864,B722,_,00180,222
B722__00170.222,14.008618155346777,42.1806093,B722,_,00170,222
B722__00160.222,14.006966151364658,42.17508162,B722,_,00160,222
B722__00150.222,13.990300098639704,42.172674145,B722,_,00150,222
B722__00140.222,13.98571825180698,42.167733065,B722,_,00140,222
B722__00130.222,13.97253929706634,42.17190526,B722,_,00130,222
B722__00120.222,14.010679326328724,42.187546825,B722,_,00120,222
B722__00110.222,14.002493033760652,42.181386055000004,B722,_,00110,222
B722__00100.222,13.978612206237528,42.183509615000006,B722,_,00100,222
B722__00080.222,13.962810730911155,42.185811615000006,B722,_,00080,222
B722__00070.222,14.001406279140292,42.19424418,B722,_,00070,222
B722__00060.222,13.993456602990191,42.198911335000005,B722,_,00060,222
B722__00050.222,13.981122750114926,42.191779315,B722,_,00050,222
B722__00040.222,13.970635631316618,42.196763775,B722,_,00040,222
B722__00030.222,13.96389654566542,42.19492853,B722,_,00030,222
B722__00020.222,13.98106755003211,42.204431125,B722,_,00020,222
B722__00010.223,13.967653078749521,42.204501629999996,B722,_,00010,223
B722__00600.223,14.009160672656241,42.121251955,B722,_,00600,223
B722__00590.223,13.999647941603076,42.12444012,B722,_,00590,223
B722__00540.223,14.044567431170355,42.13717915,B722,_,00540,223
B722__00530.223,14.035191280707018,42.139955990000004,B722,_,00530,223
B722__00520.223,14.011898619860546,42.14119269,B722,_,00520,223
B722__0051.223,14.004071828815645,42.139648725,B722,_,0051,223
B722__00430.223,14.030852036450106,42.154263,B722,_,00430,223
B722__00410.223,14.007493165295216,42.154976430000005,B722,_,00410,223
B722__00400.223,14.002610252972083,42.15226078,B722,_,00400,223
B722__00390.223,14.003039568209276,42.141857959999996,B722,_,00390,223
B722__00380.223,14.00171534107554,42.141802965,B722,_,00380,223
B722__00370.223,13.985587106058308,42.139726929999995,B722,_,00370,223
B722__00360.223,13.995541661707929,42.14927888,B722,_,00360,223
B722__00350.223,13.980369968581282,42.141475005000004,B722,_,00350,223
B722__0028.223,13.999026428850573,42.1588273,B722,_,0028,223
B722__00270.223,13.994168244295363,42.15538037,B722,_,00270,223
B722__00260.223,13.984201558651392,42.159598915000004,B722,_,00260,223
B722__00250.223,13.975813058453738,42.161375555,B722,_,00250,223
B722__00230.223,14.071104841339318,42.161152075,B722,_,00230,223
B722__00220.223,14.060225524870903,42.167597875,B722,_,00220,223
B722__00210.223,14.03659435465444,42.165782660000005,B722,_,00210,223
B722__00200.223,14.019970050998849,42.16525057,B722,_,00200,223
B722__00190.223,14.004113977025124,42.166252045,B722,_,00190,223
B722__00180.223,14.017531459264907,42.174724895,B722,_,00180,223
B722__00170.223,14.012561497881126,42.17866714,B722,_,00170,223
B722__00160.223,14.006816248563048,42.175213685,B722,_,00160,223
B722__00150.223,14.000143657145218,42.17799628,B722,_,00150,223
B722__00140.223,13.986129294068363,42.167749314999995,B722,_,00140,223
B722__00130.223,13.974068303486527,42.17100994,B722,_,00130,223
B722__00120.223,14.010579420181294,42.187371525,B722,_,00120,223
B722__00110.223,14.002402863526413,42.181882064999996,B722,_,00110,223
B722__00100.223,13.979372418996956,42.183355504999994,B722,_,00100,223
B722__00080.223,13.962576805227624,42.185884265,B722,_,00080,223
B722__00070.223,14.00151253872017,42.194219575000005,B722,_,00070,223
B722__00060.223,13.993154023900296,42.19856435,B722,_,00060,223
B722__00050.223,13.980985515496169,42.191581635,B722,_,00050,223
B722__00040.223,13.970816419247232,42.19657431,B722,_,00040,223
B722__00030.223,13.963636116655515,42.19478948,B722,_,00030,223
B722__00020.223,13.981118823381838,42.204481545,B722,_,00020,223
B722__00010.224,13.967203554361113,42.203236815,B722,_,00010,224
B722__00600.224,14.009087064887293,42.12186499,B722,_,00600,224
B722__00540.224,14.046154112372765,42.137143895,B722,_,00540,224
B722__00530.224,14.035491889745193,42.13989823,B722,_,00530,224
B722__00520.224,14.012424584540877,42.140922395000004,B722,_,00520,224
B722__0051.224,14.004121047007324,42.139541375,B722,_,0051,224
B722__00500.224,13.99869027768409,42.13858659500001,B722,_,00500,224
B722__00430.224,14.031346534797166,42.154315440000005,B722,_,00430,224
B722__00410.224,14.00795984188728,42.15546293,B722,_,00410,224
B722__00400.224,14.00654136915953,42.144668785,B722,_,00400,224
B722__00380.224,14.001676647254705,42.141722085,B722,_,00380,224
B722__00370.224,13.986120536976006,42.139491335,B722,_,00370,224
B722__00360.224,13.996123272994495,42.14938139,B722,_,00360,224
B722__00350.224,13.980033798849693,42.14131793,B722,_,00350,224
B722__00290.224,14.001397368770938,42.16060199,B722,_,00290,224
B722__0028.224,13.998933704508765,42.15876367,B722,_,0028,224
B722__00270.224,13.994353298926182,42.155256019999996,B722,_,00270,224
B722__00260.224,13.985012667236777,42.159791999999996,B722,_,00260,224
B722__00250.224,13.976244968109851,42.161217645,B722,_,00250,224
B722__00230.224,14.06772888119269,42.1629265,B722,_,00230,224
B722__00220.224,14.060419271426428,42.167709615,B722,_,00220,224
B722__00210.224,14.036995890392333,42.166014219999994,B722,_,00210,224
B722__00200.224,14.020187557221682,42.16548061,B722,_,00200,224
B722__00190.224,13.997392310754496,42.162963555000005,B722,_,00190,224
B722__00180.224,14.016718352238916,42.17472701,B722,_,00180,224
B722__00170.224,14.014736164443669,42.177374549999996,B722,_,00170,224
B722__00160.224,14.006693148248349,42.175269375,B722,_,00160,224
B722__00150.224,13.991264137750802,42.172752395,B722,_,00150,224
B722__00140.224,13.985957991307458,42.16741974,B722,_,00140,224
B722__00130.224,13.974827689394086,42.172132575,B722,_,00130,224
B722__00120.224,14.01038488511345,42.187302884999994,B722,_,00120,224
B722__00110.224,14.003774736137562,42.182034595000005,B722,_,00110,224
B722__0009.224,13.970154297984049,42.186235385,B722,_,0009,224
B722__00080.224,13.96235625977684,42.18608573,B722,_,00080,224
B722__00070.224,14.001462959333953,42.194110585000004,B722,_,00070,224
B722__00060.224,13.99357331551216,42.198828365,B722,_,00060,224
B722__00050.224,13.980795105900116,42.191310945,B722,_,00050,224
B722__00040.224,13.97111753568776,42.19663997,B722,_,00040,224
B722__00030.224,13.964126756929645,42.19454537,B722,_,00030,224
B722__00020.224,13.981184394392915,42.204522655,B722,_,00020,224
B722__00010.225,13.96746849962209,42.203110089999996,B722,_,00010,225
B722__00600.225,14.00868371054133,42.122118275,B722,_,00600,225
B722__00540.225,14.046771616284559,42.136760624999994,B722,_,00540,225
B722__00530.225,14.035587543817059,42.13962333,B722,_,00530,225
B722__00520.225,14.013387462600045,42.141521104999995,B722,_,00520,225
B722__0051.225,14.004132728503366,42.13963755,B722,_,0051,225
B722__00500.225,14.000202224787714,42.13870762,B722,_,00500,225
B722__00430.225,14.03164367921105,42.154458975,B722,_,00430,225
B722__00410.225,14.004319293942867,42.1536572,B722,_,00410,225
B722__00400.225,14.006770976738709,42.14491281,B722,_,00400,225
B722__00390.225,14.002985720706057,42.141646745,B722,_,00390,225
B722__00380.225,14.001723555842826,42.141645385000004,B722,_,00380,225
B722__00370.225,13.988272829343384,42.140089575000005,B722,_,00370,225
B722__00360.225,13.995848293213518,42.14925352,B722,_,00360,225
B722__00350.225,13.97978034575166,42.140962965,B722,_,00350,225
B722__00290.225,14.002059340614124,42.1608502,B722,_,00290,225
B722__0028.225,13.998979408638814,42.15871917,B722,_,0028,225
B722__00270.225,13.994456281405698,42.155448855,B722,_,00270,225
B722__00260.225,13.985656066804626,42.1600782,B722,_,00260,225
B722__00250.225,13.975884109914766,42.161112025,B722,_,00250,225
B722__00230.225,14.068114295182465,42.161092915,B722,_,00230,225
B722__00220.225,14.06073024153131,42.168310565,B722,_,00220,225
B722__00210.225,14.037504130379828,42.165848534999995,B722,_,00210,225
B722__00200.225,14.020629332779603,42.16482911,B722,_,00200,225
B722__00190.225,14.002669119700698,42.165419435000004,B722,_,00190,225
B722__00180.225,14.017158487126718,42.17457446,B722,_,00180,225
B722__00170.225,14.014872095696347,42.17771342,B722,_,00170,225
B722__00160.225,14.009928032234605,42.175011215,B722,_,00160,225
B722__00150.225,13.991382419871643,42.172672275,B722,_,00150,225
B722__00140.225,13.985784735306824,42.167127199999996,B722,_,00140,225
B722__00130.225,13.975285692616403,42.171732594999995,B722,_,00130,225
B722__00120.225,14.011886196766937,42.186638020000004,B722,_,00120,225
B722__00100.225,13.983123216088842,42.182917669999995,B722,_,00100,225
B722__0009.225,13.97017479408376,42.18634907,B722,_,0009,225
B722__00080.225,13.962544481054078,42.186443025,B722,_,00080,225
B722__00070.225,14.001655163140317,42.194115745000005,B722,_,00070,225
B722__00060.225,13.99348355588931,42.198121099999994,B722,_,00060,225
B722__00050.225,13.98113636079849,42.19108283,B722,_,00050,225
B722__00040.225,13.971297281612163,42.19700256,B722,_,00040,225
B722__00030.225,13.964686823110465,42.19465207499999,B722,_,00030,225
B722__00020.225,13.981446485868753,42.204217685,B722,_,00020,225
B722__00010.226,13.9683838212792,42.20428085,B722,_,00010,226
B722__00600.226,14.008992873304091,42.122562224999996,B722,_,00600,226
B722__00540.226,14.047122189443577,42.137214105,B722,_,00540,226
B722__00530.226,14.035780937414202,42.13945106,B722,_,00530,226
B722__00520.226,14.013472959737074,42.141385150000005,B722,_,00520,226
B722__0051.226,14.004195945267718,42.139650785,B722,_,0051,226
B722__00500.226,14.000466414550882,42.138512455,B722,_,00500,226
B722__00430.226,14.031208525857114,42.154007715,B722,_,00430,226
B722__00400.226,14.006893143165321,42.14478029,B722,_,00400,226
B722__00390.226,14.002950881884367,42.14156194,B722,_,00390,226
B722__00380.226,14.001714412176131,42.141684010000006,B722,_,00380,226
B722__00370.226,13.98848252461685,42.139363395000004,B722,_,00370,226
B722__00360.226,13.996096430418806,42.149157360000004,B722,_,00360,226
B722__00350.226,13.980081199984035,42.140905325,B722,_,00350,226
B722__00290.226,14.001895316529748,42.160471775,B722,_,00290,226
B722__00270.226,13.99411174354984,42.155332705000006,B722,_,00270,226
B722__00260.226,13.985659293376653,42.16078173,B722,_,00260,226
B722__00250.226,13.976804101875361,42.161089355,B722,_,00250,226
B722__00230.226,14.068825029441918,42.160743235,B722,_,00230,226
B722__00220.226,14.06069939550511,42.16818265,B722,_,00220,226
B722__00210.226,14.037084861018833,42.16554841,B722,_,00210,226
B722__00200.226,14.020923017637095,42.164841385,B722,_,00200,226
B722__00190.226,14.003202825274535,42.16523837,B722,_,00190,226
B722__00180.226,14.017543092016169,42.174543395,B722,_,00180,226
B722__00170.226,14.015417528463312,42.175927455,B722,_,00170,226
B722__00160.226,14.009838689258071,42.17491096,B722,_,00160,226
B722__00140.226,13.98637770572153,42.167045830000006,B722,_,00140,226
B722__00130.226,13.97486866316699,42.171544555,B722,_,00130,226
B722__00120.226,14.011200646700024,42.18647094,B722,_,00120,226
B722__00110.226,14.002553138876696,42.180562925000004,B722,_,00110,226
B722__00100.226,13.98268273749755,42.18324218,B722,_,00100,226
B722__0009.226,13.970353063777349,42.186318355,B722,_,0009,226
B722__00080.226,13.963631425702578,42.186301235,B722,_,00080,226
B722__00070.226,14.001761295330795,42.194028745,B722,_,00070,226
B722__00060.226,13.993315702549447,42.198465165,B722,_,00060,226
B722__00050.226,13.981445124917565,42.191196405,B722,_,00050,226
B722__00040.226,13.971584397650346,42.196806644999995,B722,_,00040,226
B722__00030.226,13.965148096410093,42.1946999,B722,_,00030,226
B722__00020.226,13.976428177303807,42.207057665,B722,_,00020,226
B722__00010.227,13.969023928170806,42.204044295,B722,_,00010,227
B722__00600.227,14.009850004891316,42.122435455,B722,_,00600,227
B722__00540.227,14.04729244677053,42.13695989,B722,_,00540,227
B722__00530.227,14.036804118809933,42.13941802,B722,_,00530,227
B722__00520.227,14.01370578052934,42.14112678,B722,_,00520,227
B722__0051.227,14.004230743501033,42.13971435,B722,_,0051,227
B722__00430.227,14.03130226785122,42.153897385,B722,_,00430,227
B722__00410.227,14.004859587415215,42.15344054,B722,_,00410,227
B722__00400.227,14.00420627975371,42.14389916499999,B722,_,00400,227
B722__00390.227,14.002854428967806,42.141625175,B722,_,00390,227
B722__00380.227,14.001688965481915,42.141491485,B722,_,00380,227
B722__00370.227,13.98911639253941,42.14013766,B722,_,00370,227
B722__00360.227,13.995649441133526,42.1489601,B722,_,00360,227
B722__00350.227,13.980603368131582,42.141075185000005,B722,_,00350,227
B722__00290.227,14.0022725099573,42.16040192,B722,_,00290,227
B722__0028.227,13.999055819517631,42.158754220000006,B722,_,0028,227
B722__00270.227,13.994048556215056,42.155327145,B722,_,00270,227
B722__00260.227,13.98612652998315,42.160621320000004,B722,_,00260,227
B722__00250.227,13.977635626482268,42.161084275,B722,_,00250,227
B722__00230.227,14.069392271560819,42.161092775,B722,_,00230,227
B722__00220.227,14.060792672425698,42.168142,B722,_,00220,227
B722__00210.227,14.037383271339563,42.165430654999994,B722,_,00210,227
B722__00200.227,14.021174072113766,42.16534733,B722,_,00200,227
B722__00190.227,14.003776330751101,42.165424355,B722,_,00190,227
B722__00180.227,14.01849739813509,42.174789544999996,B722,_,00180,227
B722__00170.227,14.01543489411234,42.175658014999996,B722,_,00170,227
B722__00160.227,14.009515707304743,42.174655904999995,B722,_,00160,227
B722__00140.227,13.986594571842126,42.16672286,B722,_,00140,227
B722__00130.227,13.974922808183203,42.171404635,B722,_,00130,227
B722__00110.227,13.990411853028789,42.17821318,B722,_,00110,227
B722__00100.227,13.982782878435568,42.18316446,B722,_,00100,227
B722__0009.227,13.970306367619356,42.186235385,B722,_,0009,227
B722__00080.227,13.96365639664999,42.18617687,B722,_,00080,227
B722__00070.227,14.001893710016562,42.19362506,B722,_,00070,227
B722__00060.227,13.993689782236935,42.19875264,B722,_,00060,227
B722__00050.227,13.981720521294065,42.1913239,B722,_,00050,227
B722__00040.227,13.971711542595589,42.19676269,B722,_,00040,227
B722__00030.227,13.965383596859914,42.1954004,B722,_,00030,227
B722__00020.227,13.98183849920092,42.204187245,B722,_,00020,227
B722__00010.228,13.969483129081144,42.204222265,B722,_,00010,228
B722__00600.228,14.009929570635505,42.123029419999995,B722,_,00600,228
B722__00540.228,14.047502237530352,42.137558505,B722,_,00540,228
B722__00530.228,14.037037711310287,42.13898314,B722,_,00530,228
B722__00520.228,14.01397769413893,42.1412229,B722,_,00520,228
B722__0051.228,14.004248025586614,42.139650785,B722,_,0051,228
B722__00430.228,14.031809674990855,42.154146085,B722,_,00430,228
B722__00400.228,14.00445058273758,42.14389916499999,B722,_,00400,228
B722__00390.228,14.002937802222206,42.141535155,B722,_,00390,228
B722__00380.228,14.001886173628236,42.141699055000004,B722,_,00380,228
B722__00370.228,13.98940255500369,42.1402446,B722,_,00370,228
B722__00360.228,13.99589440175539,42.14882961,B722,_,00360,228
B722__00350.228,13.980223123876815,42.14068747,B722,_,00350,228
B722__0028.228,13.99905464157013,42.15867423,B722,_,0028,228
B722__00270.228,13.994416256804023,42.15550598,B722,_,00270,228
B722__00260.228,13.986400891316194,42.160136550000004,B722,_,00260,228
B722__00250.228,13.978248203543359,42.161030785,B722,_,00250,228
B722__00230.228,14.069682635926895,42.16083485,B722,_,00230,228
B722__00220.228,14.06091926199375,42.168067235,B722,_,00220,228
B722__00210.228,14.03758920856553,42.16515972,B722,_,00210,228
B722__00200.228,14.021658923696558,42.16532876,B722,_,00200,228
B722__00190.228,14.004118576038508,42.16596387,B722,_,00190,228
B722__00180.228,14.018768344325595,42.174670985,B722,_,00180,228
B722__00170.228,14.015258461408983,42.175483835,B722,_,00170,228
B722__00160.228,14.009315047793274,42.174532025000005,B722,_,00160,228
B722__00150.228,13.991921957532593,42.172683405,B722,_,00150,228
B722__00140.228,13.98619308977332,42.1671795,B722,_,00140,228
B722__00130.228,13.974588137394118,42.171621665,B722,_,00130,228
B722__00120.228,14.01071769688776,42.185814775,B722,_,00120,228
B722__00110.228,13.991259231798075,42.17837335,B722,_,00110,228
B722__00100.228,13.982953223119203,42.183250275,B722,_,00100,228
B722__0009.228,13.970300338360007,42.186190055,B722,_,0009,228
B722__00080.228,13.963508870413722,42.185965734999996,B722,_,00080,228
B722__00070.228,14.002611996309113,42.1938848,B722,_,00070,228
B722__00060.228,13.993486181443476,42.19838066,B722,_,00060,228
B722__00050.228,13.982012423549762,42.19138745,B722,_,00050,228
B722__00040.228,13.971977105427019,42.196802215,B722,_,00040,228
B722__00030.228,13.966505623966707,42.195849710000005,B722,_,00030,228
B722__00020.228,13.981850350567624,42.2038031,B722,_,00020,228
B722__00010.229,13.969798745152364,42.204188575,B722,_,00010,229
B722__00600.229,14.009896880430196,42.12326427,B722,_,00600,229
B722__00540.229,14.039141304446618,42.13634158000001,B722,_,00540,229
B722__00530.229,14.037642323572328,42.13883428,B722,_,00530,229
B722__0051.229,14.004189090234284,42.13953695,B722,_,0051,229
B722__00430.229,14.032239993164762,42.15412082,B722,_,00430,229
B722__00420.229,14.016542610927143,42.1498724,B722,_,00420,229
B722__00410.229,14.00479042274007,42.15370464,B722,_,00410,229
B722__00400.229,14.00449985217427,42.14400672,B722,_,00400,229
B722__00380.229,14.001887473145286,42.14163644,B722,_,00380,229
B722__00370.229,13.990017014523033,42.140469949999996,B722,_,00370,229
B722__00360.229,13.996317638726655,42.149157360000004,B722,_,00360,229
B722__00350.229,13.969720133687044,42.14068729,B722,_,00350,229
B722__00290.229,14.002605566125826,42.160881405,B722,_,00290,229
B722__0028.229,13.999114334779366,42.158695085,B722,_,0028,229
B722__00270.229,13.99448646211887,42.155014845,B722,_,00270,229
B722__00250.229,13.978399954868523,42.16135749,B722,_,00250,229
B722__00230.229,14.0692650799663,42.160583585,B722,_,00230,229
B722__00220.229,14.061117562500119,42.167883454999995,B722,_,00220,229
B722__00210.229,14.034634462864918,42.16650164,B722,_,00210,229
B722__00200.229,14.02131403774615,42.164754845,B722,_,00200,229
B722__00190.229,14.004119444644981,42.165323165000004,B722,_,00190,229
B722__00180.229,14.031340877459318,42.17631777,B722,_,00180,229
B722__00170.229,14.01587646254903,42.175720225,B722,_,00170,229
B722__00160.229,14.00917830621372,42.174477585000005,B722,_,00160,229
B722__00140.229,13.98624334195907,42.167418555,B722,_,00140,229
B722__00130.229,13.974479822914589,42.171899929999995,B722,_,00130,229
B722__00120.229,14.01058179875017,42.185388790000005,B722,_,00120,229
B722__00110.229,13.991341545904127,42.178546804999996,B722,_,00110,229
B722__00100.229,13.984421383353277,42.183561995,B722,_,00100,229
B722__0009.229,13.970387295553955,42.18623527,B722,_,0009,229
B722__00080.229,13.963433084835664,42.185775594999996,B722,_,00080,229
B722__00070.229,14.00340980571934,42.19330341,B722,_,00070,229
B722__00060.229,13.993747552711673,42.198621885,B722,_,00060,229
B722__00050.229,13.981793806523985,42.191679555,B722,_,00050,229
B722__00040.229,13.972104090043313,42.196718585,B722,_,00040,229
B722__00030.229,13.966470693031305,42.19564276,B722,_,00030,229
B722__00020.229,13.982273110889277,42.204002425,B722,_,00020,229
B722__00010.23,13.970782108286397,42.210707445,B722,_,00010,23
B722__00610.23,13.993413049836008,42.119497804999995,B722,_,00610,23
B722__00600.23,14.00983694220321,42.132853245,B722,_,00600,23
B722__00590.23,13.994074064069622,42.126770405,B722,_,00590,23
B722__00540.23,14.041764429366367,42.146171295,B722,_,00540,23
B722__00520.23,14.008782297556232,42.142820665,B722,_,00520,23
B722__00500.23,13.98266733892817,42.13440773,B722,_,00500,23
B722__00490.23,13.988361307873056,42.132454525,B722,_,00490,23
B722__00480.23,13.984369607454333,42.13907981,B722,_,00480,23
B722__00450.23,14.057107647646774,42.14407160499999,B722,_,00450,23
B722__00440.23,14.048255793914207,42.155396075,B722,_,00440,23
B722__00430.23,14.026616704500245,42.158155995,B722,_,00430,23
B722__00420.23,14.007532289764228,42.150157585,B722,_,00420,23
B722__00400.23,14.00280940970049,42.153626835,B722,_,00400,23
B722__00390.23,14.001797970259707,42.145613479999994,B722,_,00390,23
B722__00380.23,13.997760169245804,42.142040735,B722,_,00380,23
B722__00370.23,13.989844001530626,42.146294545,B722,_,00370,23
B722__00350.23,13.9836566217013,42.148663505,B722,_,00350,23
B722__00340.23,13.970231928721981,42.149310705000005,B722,_,00340,23
B722__00330.23,13.975110728120695,42.154686195,B722,_,00330,23
B722__00310.23,14.04018739191147,42.160586089999995,B722,_,00310,23
B722__00300.23,14.032437714871039,42.166980124999995,B722,_,00300,23
B722__00290.23,14.01028349658332,42.16279681,B722,_,00290,23
B722__00270.23,13.992963505417663,42.1604429,B722,_,00270,23
B722__00260.23,13.98484200250153,42.165538940000005,B722,_,00260,23
B722__00250.23,13.976383105163855,42.16643858,B722,_,00250,23
B722__00230.23,14.067073655298454,42.170486104999995,B722,_,00230,23
B722__00220.23,14.048668529398789,42.17240568,B722,_,00220,23
B722__00210.23,14.03577840150184,42.172422455,B722,_,00210,23
B722__00200.23,14.021913010287435,42.170132025,B722,_,00200,23
B722__00190.23,13.995971453981955,42.16881334999999,B722,_,00190,23
B722__00180.23,14.023156557943096,42.178286535,B722,_,00180,23
B722__00170.23,14.01639884449393,42.181091745,B722,_,00170,23
B722__00160.23,14.010157634794119,42.175647659999996,B722,_,00160,23
B722__00150.23,13.99165260042599,42.176654084999996,B722,_,00150,23
B722__00130.23,13.978085568126115,42.177908485,B722,_,00130,23
B722__00120.23,14.00643548047833,42.194107325000004,B722,_,00120,23
B722__00110.23,13.995338582337167,42.186278695,B722,_,00110,23
B722__00100.23,13.983010832760678,42.18888871,B722,_,00100,23
B722__00080.23,13.959138571145067,42.18973574,B722,_,00080,23
B722__00060.23,13.986361860186172,42.19982296,B722,_,00060,23
B722__00040.23,13.974318266946833,42.202180025000004,B722,_,00040,23
B722__00030.23,13.961386708338939,42.198624620000004,B722,_,00030,23
B722__00020.23,13.976195552818663,42.20772228,B722,_,00020,23
B722__00010.230,13.969468023423605,42.20389721,B722,_,00010,230
B722__00600.230,14.009918094500769,42.123499615,B722,_,00600,230
B722__00540.230,14.039271762306859,42.136561215,B722,_,00540,230
B722__00530.230,14.025265443555133,42.140808175000004,B722,_,00530,230
B722__00520.230,14.01572611975081,42.141317924999996,B722,_,00520,230
B722__0051.230,14.004231321282639,42.13953695,B722,_,0051,230
B722__00430.230,14.032390404719958,42.153959665,B722,_,00430,230
B722__00410.230,14.004804665076529,42.153762549999996,B722,_,00410,230
B722__00400.230,14.004817302317726,42.14413678,B722,_,00400,230
B722__00380.230,14.00197062255197,42.14153444,B722,_,00380,230
B722__00370.230,13.99075627552439,42.141053174999996,B722,_,00370,230
B722__00360.230,13.996387091794347,42.14904712,B722,_,00360,230
B722__00350.230,13.97041380355833,42.14100392,B722,_,00350,230
B722__00270.230,13.99519150077527,42.155172535000005,B722,_,00270,230
B722__00250.230,13.978370093010543,42.161106325000006,B722,_,00250,230
B722__00230.230,14.069473265261813,42.160751725,B722,_,00230,230
B722__00220.230,14.060621203154513,42.167530895,B722,_,00220,230
B722__00210.230,14.039206526054627,42.164577125,B722,_,00210,230
B722__00200.230,14.02167246417557,42.164734010000004,B722,_,00200,230
B722__00190.230,14.004912736386734,42.16580829,B722,_,00190,230
B722__00180.230,14.031140961478371,42.176267505,B722,_,00180,230
B722__00170.230,14.015131823369646,42.173783119999996,B722,_,00170,230
B722__00160.230,14.006615430080926,42.174493985,B722,_,00160,230
B722__00140.230,13.987129702429389,42.16737254,B722,_,00140,230
B722__00130.230,13.974038228033379,42.172159425000004,B722,_,00130,230
B722__00120.230,14.010824272385864,42.18924681,B722,_,00120,230
B722__00110.230,13.991719223202121,42.1785371,B722,_,00110,230
B722__00100.230,13.983515334373418,42.183980345,B722,_,00100,230
B722__0009.230,13.9704872961055,42.18620296,B722,_,0009,230
B722__00080.230,13.963180461772605,42.18573135,B722,_,00080,230
B722__00070.230,13.99563826385161,42.192528455,B722,_,00070,230
B722__00060.230,13.993674474164418,42.198342929999995,B722,_,00060,230
B722__00050.230,13.98182170914901,42.191723355,B722,_,00050,230
B722__00040.230,13.972405480067252,42.196674384999994,B722,_,00040,230
B722__00030.230,13.966814044627904,42.195662174999995,B722,_,00030,230
B722__00020.230,13.977156061464996,42.207763175,B722,_,00020,230
B722__00010.231,13.969884109563992,42.203962765,B722,_,00010,231
B722__00600.231,14.010751380184551,42.12255595,B722,_,00600,231
B722__00540.231,14.039563566560364,42.136622970000005,B722,_,00540,231
B722__00530.231,14.025817537235888,42.140506435,B722,_,00530,231
B722__0051.231,14.004292007588726,42.13965325,B722,_,0051,231
B722__00430.231,14.032702694799145,42.154183225,B722,_,00430,231
B722__00420.231,14.01646728272883,42.14949272,B722,_,00420,231
B722__00410.231,14.004849463831587,42.153833785,B722,_,00410,231
B722__00400.231,14.004584833710346,42.14392909,B722,_,00400,231
B722__00390.231,14.002749347595529,42.141557455,B722,_,00390,231
B722__00380.231,14.002051350060539,42.141487725000005,B722,_,00380,231
B722__00370.231,13.990698931340138,42.141317744999995,B722,_,00370,231
B722__00360.231,13.997322828465805,42.148943445,B722,_,00360,231
B722__00350.231,13.970585460708016,42.140633515000005,B722,_,00350,231
B722__0028.231,13.999178603972815,42.158800865,B722,_,0028,231
B722__00270.231,13.995668221843072,42.15501203,B722,_,00270,231
B722__00250.231,13.97886724047369,42.16121104,B722,_,00250,231
B722__00230.231,14.06927484722378,42.160359045,B722,_,00230,231
B722__00220.231,14.060261552207919,42.167102465,B722,_,00220,231
B722__00210.231,14.039360169410763,42.165468435,B722,_,00210,231
B722__00200.231,14.021897122163981,42.164499235,B722,_,00200,231
B722__00190.231,14.004341165374736,42.165341585,B722,_,00190,231
B722__00180.231,14.018110341818083,42.17451407,B722,_,00180,231
B722__00170.231,14.014848006394981,42.173402965,B722,_,00170,231
B722__00160.231,14.006923712631473,42.174548155,B722,_,00160,231
B722__00140.231,13.987314748110533,42.167623254999995,B722,_,00140,231
B722__00130.231,13.973517736719426,42.17208626,B722,_,00130,231
B722__00120.231,14.01071371894513,42.18889816,B722,_,00120,231
B722__00110.231,13.993253593276968,42.178870985,B722,_,00110,231
B722__00100.231,13.985257331974683,42.183104445,B722,_,00100,231
B722__00080.231,13.96398195302832,42.185890459999996,B722,_,00080,231
B722__00070.231,13.995842061751793,42.19236508,B722,_,00070,231
B722__00060.231,13.994167903694846,42.19865819,B722,_,00060,231
B722__00050.231,13.982116038904227,42.19165825,B722,_,00050,231
B722__00040.231,13.973118391864961,42.196462374999996,B722,_,00040,231
B722__00030.231,13.967096548536286,42.195422635,B722,_,00030,231
B722__00020.231,13.982441732141282,42.204138625,B722,_,00020,231
B722__00010.232,13.96977705698209,42.20381834,B722,_,00010,232
B722__00600.232,14.011164196553157,42.123648325,B722,_,00600,232
B722__00540.232,14.039721810662268,42.136586815,B722,_,00540,232
B722__00530.232,14.025886758289216,42.140655484999996,B722,_,00530,232
B722__00520.232,14.016310913008068,42.14237597,B722,_,00520,232
B722__0051.232,14.004278863814886,42.139524195,B722,_,0051,232
B722__00430.232,14.034134220995139,42.15458254,B722,_,00430,232
B722__00420.232,14.016266195851156,42.149635294999996,B722,_,00420,232
B722__00410.232,14.005156695058613,42.15361738,B722,_,00410,232
B722__00400.232,14.004563787920192,42.14382329,B722,_,00400,232
B722__00390.232,14.000726978224218,42.141962910000004,B722,_,00390,232
B722__00370.232,13.990610985374818,42.141568680000006,B722,_,00370,232
B722__00360.232,13.998181942935421,42.1495,B722,_,00360,232
B722__00350.232,13.970933895422625,42.141138729999994,B722,_,00350,232
B722__00270.232,13.985420657688675,42.153798574999996,B722,_,00270,232
B722__00250.232,13.979157635306345,42.16133653,B722,_,00250,232
B722__00230.232,14.069966376312035,42.160480719999995,B722,_,00230,232
B722__00220.232,14.041960329898917,42.16397563,B722,_,00220,232
B722__00210.232,14.038696423712818,42.166143875,B722,_,00210,232
B722__00200.232,14.02209213698726,42.16453111,B722,_,00200,232
B722__00190.232,14.00465224673194,42.16541807,B722,_,00190,232
B722__00180.232,14.018395529979234,42.174423015,B722,_,00180,232
B722__00170.232,14.013245987705076,42.183126290000004,B722,_,00170,232
B722__00160.232,14.00725205195723,42.174631704999996,B722,_,00160,232
B722__00140.232,13.987118030498966,42.166868645,B722,_,00140,232
B722__00130.232,13.973229535213823,42.17203639,B722,_,00130,232
B722__00120.232,14.004480111603787,42.190553585,B722,_,00120,232
B722__00110.232,13.992898123397998,42.17854762,B722,_,00110,232
B722__00100.232,13.985973593777866,42.182834325,B722,_,00100,232
B722__0009.232,13.97031042320043,42.186048965,B722,_,0009,232
B722__00080.232,13.964045239284507,42.18560379,B722,_,00080,232
B722__00070.232,13.996826059029708,42.192044705,B722,_,00070,232
B722__00060.232,13.982602237319847,42.197153105,B722,_,00060,232
B722__00050.232,13.982319219938926,42.1915487,B722,_,00050,232
B722__00040.232,13.974243921054022,42.195882534999996,B722,_,00040,232
B722__00030.232,13.967395469655322,42.195092450000004,B722,_,00030,232
B722__00020.232,13.981793274830581,42.204513845,B722,_,00020,232
B722__00010.233,13.970395299911882,42.203851445,B722,_,00010,233
B722__00600.233,14.011837712023466,42.124019745,B722,_,00600,233
B722__00540.233,14.03990564632872,42.13680391,B722,_,00540,233
B722__00530.233,14.025875801156928,42.140161344999996,B722,_,00530,233
B722__0051.233,14.004331094686226,42.13950209,B722,_,0051,233
B722__00430.233,14.034247264676388,42.15428828500001,B722,_,00430,233
B722__00410.233,14.005309350923412,42.153467835,B722,_,00410,233
B722__00400.233,14.0050630008089,42.14384947,B722,_,00400,233
B722__00380.233,14.002515564813812,42.14115069,B722,_,00380,233
B722__00370.233,13.991308241989447,42.141131825,B722,_,00370,233
B722__00360.233,13.998441228208538,42.149781985000004,B722,_,00360,233
B722__00350.233,13.970978735652924,42.140619560000005,B722,_,00350,233
B722__00290.233,14.003515083830422,42.160735900000006,B722,_,00290,233
B722__0028.233,13.999340041337032,42.15875503,B722,_,0028,233
B722__00270.233,13.984752406001288,42.153331675000004,B722,_,00270,233
B722__00260.233,13.987437790810974,42.15932582,B722,_,00260,233
B722__00250.233,13.979305616407018,42.16137191,B722,_,00250,233
B722__00230.233,14.069625889554963,42.16015702,B722,_,00230,233
B722__00220.233,14.042239865962628,42.164108825,B722,_,00220,233
B722__00210.233,14.039566251440277,42.16604418,B722,_,00210,233
B722__00200.233,14.022394950021031,42.164532425,B722,_,00200,233
B722__00190.233,14.004414780749116,42.16501986,B722,_,00190,233
B722__00180.233,14.017120861142235,42.174439485,B722,_,00180,233
B722__00170.233,14.013364307260408,42.18320296,B722,_,00170,233
B722__00160.233,14.007604483916321,42.174420715,B722,_,00160,233
B722__00150.233,13.991062417774963,42.17142175,B722,_,00150,233
B722__00140.233,13.98770093377125,42.166789030000004,B722,_,00140,233
B722__00130.233,13.97281668922524,42.172130845,B722,_,00130,233
B722__00120.233,14.004731120149035,42.190415665,B722,_,00120,233
B722__00110.233,14.000789128581156,42.18606808,B722,_,00110,233
B722__00100.233,13.984647118786434,42.182452225,B722,_,00100,233
B722__00080.233,13.964590349489516,42.18607225,B722,_,00080,233
B722__00070.233,13.997634544946067,42.1923853,B722,_,00070,233
B722__00060.233,13.982826764746441,42.1971282,B722,_,00060,233
B722__00050.233,13.982503581480728,42.191509755,B722,_,00050,233
B722__00040.233,13.975464134050483,42.196230545,B722,_,00040,233
B722__00030.233,13.967816234912988,42.195361245,B722,_,00030,233
B722__00020.233,13.981962664006335,42.204555975000005,B722,_,00020,233
B722__00010.234,13.970664267462318,42.204542185,B722,_,00010,234
B722__00600.234,14.012482679536205,42.123421175000004,B722,_,00600,234
B722__00540.234,14.039878975379434,42.13648586,B722,_,00540,234
B722__00530.234,14.026096526157456,42.140063335,B722,_,00530,234
B722__00520.234,14.016734178534584,42.14301259,B722,_,00520,234
B722__0051.234,14.004465399955267,42.139601909999996,B722,_,0051,234
B722__00430.234,14.034771745452645,42.154516904999994,B722,_,00430,234
B722__00410.234,14.005034422722318,42.15358696,B722,_,00410,234
B722__00400.234,14.003046048246315,42.152029015,B722,_,00400,234
B722__00390.234,14.001088001417317,42.144825005,B722,_,00390,234
B722__00380.234,14.002590904449018,42.141136125,B722,_,00380,234
B722__00370.234,13.991611547901414,42.140831385,B722,_,00370,234
B722__00360.234,13.998522850379736,42.149320595,B722,_,00360,234
B722__00350.234,13.971601524435838,42.141082255,B722,_,00350,234
B722__00270.234,13.984704445540011,42.153116710000006,B722,_,00270,234
B722__00260.234,13.9880587432279,42.159088115,B722,_,00260,234
B722__00250.234,13.979458524790722,42.16152687,B722,_,00250,234
B722__00230.234,14.070294358260371,42.160300414999995,B722,_,00230,234
B722__00220.234,14.042707274959906,42.164279225,B722,_,00220,234
B722__00210.234,14.040678235272399,42.165844275,B722,_,00210,234
B722__00200.234,14.022572503323119,42.16447429,B722,_,00200,234
B722__00190.234,14.00408291092964,42.16500694,B722,_,00190,234
B722__00180.234,14.017856299134266,42.17435765,B722,_,00180,234
B722__00170.234,14.015166998018188,42.18183894,B722,_,00170,234
B722__00160.234,14.00775900946185,42.17446626,B722,_,00160,234
B722__00140.234,13.98792003386129,42.167313845,B722,_,00140,234
B722__00130.234,13.973708473174106,42.171195815000004,B722,_,00130,234
B722__00120.234,14.00554145561565,42.19073882,B722,_,00120,234
B722__00110.234,13.995162484358051,42.18750881,B722,_,00110,234
B722__00100.234,13.985804520616018,42.182274625000005,B722,_,00100,234
B722__0009.234,13.970290530942219,42.185952195,B722,_,0009,234
B722__00080.234,13.964903992803107,42.185838419999996,B722,_,00080,234
B722__00070.234,13.998072348766678,42.191942685,B722,_,00070,234
B722__00060.234,13.982826513641903,42.197506434999994,B722,_,00060,234
B722__00050.234,13.982451754256012,42.19177261,B722,_,00050,234
B722__00040.234,13.976751548486124,42.196501420000004,B722,_,00040,234
B722__00030.234,13.96809247893518,42.195462250000006,B722,_,00030,234
B722__00020.234,13.982470380376515,42.204254555000006,B722,_,00020,234
B722__00010.235,13.970876865087346,42.203984385,B722,_,00010,235
B722__00600.235,14.010128718540894,42.12070406,B722,_,00600,235
B722__00540.235,14.043603586186077,42.13633773,B722,_,00540,235
B722__00530.235,14.026209330025434,42.13995329,B722,_,00530,235
B722__0051.235,14.004463487270787,42.139507115,B722,_,0051,235
B722__00430.235,14.035373204008266,42.15433607,B722,_,00430,235
B722__00420.235,14.017449508630627,42.149764965,B722,_,00420,235
B722__00410.235,14.005453862756465,42.154021385,B722,_,00410,235
B722__00400.235,14.005812254410426,42.144051375000004,B722,_,00400,235
B722__00390.235,14.001484872413712,42.144757105,B722,_,00390,235
B722__00380.235,14.002631178321154,42.141105145,B722,_,00380,235
B722__00370.235,13.992070704641229,42.141070795,B722,_,00370,235
B722__00360.235,13.999073308280302,42.149610734999996,B722,_,00360,235
B722__00350.235,13.971842876521329,42.140765915,B722,_,00350,235
B722__0028.235,13.999452258997668,42.15863891,B722,_,0028,235
B722__00270.235,13.98554161595778,42.153670655,B722,_,00270,235
B722__00260.235,13.98846103025344,42.159234635000004,B722,_,00260,235
B722__00250.235,13.979596030099279,42.161432725,B722,_,00250,235
B722__00230.235,14.069822335483373,42.159913255000006,B722,_,00230,235
B722__00220.235,14.042583744201094,42.1644478,B722,_,00220,235
B722__00210.235,14.034843386934277,42.166402579999996,B722,_,00210,235
B722__00200.235,14.022749682657185,42.164413374999995,B722,_,00200,235
B722__00190.235,14.004984124952514,42.165372335,B722,_,00190,235
B722__00180.235,14.018105100084483,42.17422993,B722,_,00180,235
B722__00170.235,14.014877993680638,42.18150076,B722,_,00170,235
B722__00160.235,14.010881647690708,42.173984329999996,B722,_,00160,235
B722__00140.235,13.988118489648233,42.167453545,B722,_,00140,235
B722__00130.235,13.975414487881752,42.172246055,B722,_,00130,235
B722__00120.235,14.006374725559217,42.19111479,B722,_,00120,235
B722__00110.235,13.993205544062459,42.182292785,B722,_,00110,235
B722__00100.235,13.985245713236958,42.182169905,B722,_,00100,235
B722__0009.235,13.970652062750826,42.186043035,B722,_,0009,235
B722__00080.235,13.965262634530324,42.185956355,B722,_,00080,235
B722__00070.235,13.998519054391545,42.19232336,B722,_,00070,235
B722__00060.235,13.983448162045828,42.197962655,B722,_,00060,235
B722__00050.235,13.982757451124721,42.19189666,B722,_,00050,235
B722__00040.235,13.97659724169645,42.196143750000005,B722,_,00040,235
B722__00030.235,13.967731694579845,42.195764894999996,B722,_,00030,235
B722__00020.235,13.982388784183327,42.204503375,B722,_,00020,235
B722__00010.236,13.970974638201406,42.203780484999996,B722,_,00010,236
B722__00600.236,14.010353415555116,42.12101165,B722,_,00600,236
B722__00540.236,14.04454124478423,42.1364556,B722,_,00540,236
B722__00530.236,14.02672327212412,42.140106415,B722,_,00530,236
B722__00520.236,14.016996094341527,42.142930885,B722,_,00520,236
B722__0051.236,14.004519606923738,42.139516255000004,B722,_,0051,236
B722__00430.236,14.035808560819435,42.15398848,B722,_,00430,236
B722__00400.236,14.004745481618986,42.143624395,B722,_,00400,236
B722__00390.236,14.001058077644256,42.144554674999995,B722,_,00390,236
B722__00380.236,14.002675550543426,42.14107887,B722,_,00380,236
B722__00370.236,13.992481147856484,42.14165563,B722,_,00370,236
B722__00360.236,13.999746936262085,42.149795260000005,B722,_,00360,236
B722__00350.236,13.973223646718754,42.140779515,B722,_,00350,236
B722__00290.236,14.004570196959506,42.15958353,B722,_,00290,236
B722__0028.236,13.999496991141203,42.15871972,B722,_,0028,236
B722__00270.236,13.98519732082093,42.153152504999994,B722,_,00270,236
B722__00260.236,13.983760616003245,42.159232525,B722,_,00260,236
B722__00250.236,13.979688806818135,42.16131986,B722,_,00250,236
B722__00230.236,14.070414771343726,42.16015702,B722,_,00230,236
B722__00220.236,14.042717687468834,42.16492656,B722,_,00220,236
B722__00210.236,14.036297715270532,42.16513037,B722,_,00210,236
B722__00200.236,14.02219969832644,42.16563109,B722,_,00200,236
B722__00190.236,14.004788851550332,42.16508594,B722,_,00190,236
B722__00180.236,14.01759656716579,42.174209385,B722,_,00180,236
B722__00170.236,14.010846991808197,42.17869272,B722,_,00170,236
B722__00160.236,14.010559979047134,42.174070885000006,B722,_,00160,236
B722__00150.236,13.992188626749469,42.171510835,B722,_,00150,236
B722__00140.236,13.988367471863356,42.16743147,B722,_,00140,236
B722__00130.236,13.975073597375179,42.17250075,B722,_,00130,236
B722__00120.236,14.006244515830861,42.19090032,B722,_,00120,236
B722__00110.236,14.000194115374047,42.180352015,B722,_,00110,236
B722__00100.236,13.984744010097174,42.18218691,B722,_,00100,236
B722__0009.236,13.970607130107453,42.18629435,B722,_,0009,236
B722__00080.236,13.96432450385721,42.18532604,B722,_,00080,236
B722__00070.236,13.998747672914998,42.19313789,B722,_,00070,236
B722__00060.236,13.983530936691833,42.197854045,B722,_,00060,236
B722__00050.236,13.982581363154459,42.1919937,B722,_,00050,236
B722__00040.236,13.977979099954652,42.19654496,B722,_,00040,236
B722__00030.236,13.967990802849336,42.195730745,B722,_,00030,236
B722__00020.236,13.98219347322571,42.2048457,B722,_,00020,236
B722__00010.237,13.970930454435013,42.20356457,B722,_,00010,237
B722__00600.237,14.010430183730886,42.121238695,B722,_,00600,237
B722__00540.237,14.046111487154935,42.13641071,B722,_,00540,237
B722__00530.237,14.027541155289484,42.139778545,B722,_,00530,237
B722__00520.237,14.016554018339221,42.14175178,B722,_,00520,237
B722__0051.237,14.004567376444665,42.13946145,B722,_,0051,237
B722__00430.237,14.03674509729845,42.15443377,B722,_,00430,237
B722__00420.237,14.017877038108262,42.15003146,B722,_,00420,237
B722__00410.237,14.006063657226552,42.15258201,B722,_,00410,237
B722__00400.237,14.004797039550139,42.14358906,B722,_,00400,237
B722__00390.237,14.00127883778444,42.144516995000004,B722,_,00390,237
B722__00380.237,13.997472526582179,42.141067185,B722,_,00380,237
B722__00370.237,13.992402828220717,42.141443429999995,B722,_,00370,237
B722__00360.237,13.999110408977959,42.14918455,B722,_,00360,237
B722__00350.237,13.973989409865235,42.140806065,B722,_,00350,237
B722__0028.237,13.999515071071684,42.158804535,B722,_,0028,237
B722__00270.237,13.984964882862524,42.152983375000005,B722,_,00270,237
B722__00260.237,13.982820971604644,42.158672124999995,B722,_,00260,237
B722__00250.237,13.979969678528256,42.161536909999995,B722,_,00250,237
B722__00230.237,14.071323195150153,42.160298870000005,B722,_,00230,237
B722__00220.237,14.043109164692268,42.164721584999995,B722,_,00220,237
B722__00210.237,14.036408437642923,42.165352635000005,B722,_,00210,237
B722__00200.237,14.022586590071587,42.16571152,B722,_,00200,237
B722__00190.237,14.004950815456247,42.164824925,B722,_,00190,237
B722__00180.237,14.017880001916481,42.17407982,B722,_,00180,237
B722__00170.237,14.011202755093217,42.1785732,B722,_,00170,237
B722__00160.237,14.010465650616432,42.17378612,B722,_,00160,237
B722__00150.237,13.992429502033714,42.171267685000004,B722,_,00150,237
B722__00140.237,13.988742100920067,42.167422635,B722,_,00140,237
B722__00130.237,13.974872571615048,42.172335669999995,B722,_,00130,237
B722__00120.237,14.00429425162606,42.189653945,B722,_,00120,237
B722__00110.237,13.996798186491786,42.18156983,B722,_,00110,237
B722__00100.237,13.985447604680065,42.181863715,B722,_,00100,237
B722__0009.237,13.970626182817595,42.186359714999995,B722,_,0009,237
B722__00080.237,13.96464220049867,42.185457764999995,B722,_,00080,237
B722__00070.237,13.999541433142133,42.19308259,B722,_,00070,237
B722__00060.237,13.983205441505664,42.197506434999994,B722,_,00060,237
B722__00050.237,13.982239846900667,42.192041265,B722,_,00050,237
B722__00040.237,13.978074595374098,42.19616786,B722,_,00040,237
B722__00030.237,13.96822803943158,42.195712060000005,B722,_,00030,237
B722__00020.237,13.982700692273085,42.204519325,B722,_,00020,237
B722__00010.238,13.97162298648058,42.204101370000004,B722,_,00010,238
B722__00600.238,14.009906515925572,42.12161937,B722,_,00600,238
B722__00540.238,14.046501380742678,42.136493335,B722,_,00540,238
B722__00530.238,14.02824333525673,42.140354175,B722,_,00530,238
B722__00520.238,14.016183466999522,42.14185424,B722,_,00520,238
B722__0051.238,14.004645667224406,42.139451795,B722,_,0051,238
B722__00430.238,14.036404052818142,42.153794445,B722,_,00430,238
B722__00410.238,14.007805179030939,42.153833410000004,B722,_,00410,238
B722__00400.238,14.004820607874386,42.143492980000005,B722,_,00400,238
B722__00390.238,14.001364154295736,42.1442102,B722,_,00390,238
B722__00370.238,13.992612177105412,42.14120203,B722,_,00370,238
B722__00360.238,13.99962920907668,42.14942472,B722,_,00360,238
B722__00350.238,13.974728901870346,42.141156105,B722,_,00350,238
B722__00290.238,14.004854036446154,42.16044817,B722,_,00290,238
B722__00270.238,13.986330983181974,42.15390226,B722,_,00270,238
B722__00260.238,13.98225894638231,42.158463915,B722,_,00260,238
B722__00250.238,13.980215842953877,42.16165324,B722,_,00250,238
B722__00230.238,14.067670505574611,42.16129462,B722,_,00230,238
B722__00220.238,14.043450860567484,42.165297635,B722,_,00220,238
B722__00210.238,14.036777827077477,42.165170125,B722,_,00210,238
B722__00200.238,14.02346224182164,42.16509343,B722,_,00200,238
B722__00190.238,14.001742319862243,42.164735414999996,B722,_,00190,238
B722__00180.238,14.016791856829029,42.174168304999995,B722,_,00180,238
B722__00170.238,14.012871687699779,42.175671715,B722,_,00170,238
B722__00160.238,14.009995803999782,42.17377232,B722,_,00160,238
B722__00150.238,13.992525587243438,42.171536904999996,B722,_,00150,238
B722__00140.238,13.989285550899845,42.16795444,B722,_,00140,238
B722__00130.238,13.975769859349597,42.172733865,B722,_,00130,238
B722__00120.238,14.00503336981189,42.190372325,B722,_,00120,238
B722__00110.238,13.996710031783088,42.18152992,B722,_,00110,238
B722__00100.238,13.98528986528415,42.18134265,B722,_,00100,238
B722__00080.238,13.964897381249287,42.185210935,B722,_,00080,238
B722__00070.238,13.999426085304894,42.19269158,B722,_,00070,238
B722__00060.238,13.98331337963092,42.197425620000004,B722,_,00060,238
B722__00050.238,13.981991496633544,42.192249325,B722,_,00050,238
B722__00040.238,13.97744415804993,42.19545797,B722,_,00040,238
B722__00030.238,13.968002918827002,42.195865565000005,B722,_,00030,238
B722__00020.238,13.982616768029072,42.204691464999996,B722,_,00020,238
B722__00010.239,13.97133393487951,42.203699674999996,B722,_,00010,239
B722__00600.239,14.010064769408583,42.121944235,B722,_,00600,239
B722__00540.239,14.047095336882045,42.136338415,B722,_,00540,239
B722__00530.239,14.028284306082446,42.14030175,B722,_,00530,239
B722__00520.239,14.017410810158294,42.14261444500001,B722,_,00520,239
B722__0051.239,14.004659919903073,42.13942924,B722,_,0051,239
B722__00430.239,14.03755786642039,42.15419326,B722,_,00430,239
B722__00420.239,14.018026794151382,42.14998423,B722,_,00420,239
B722__00410.239,14.00760057376351,42.154319365,B722,_,00410,239
B722__00400.239,14.005329065007132,42.143600895,B722,_,00400,239
B722__00390.239,14.001593964469434,42.14452281,B722,_,00390,239
B722__00380.239,13.999870558065371,42.139875974999995,B722,_,00380,239
B722__00370.239,13.993524097493232,42.141323395,B722,_,00370,239
B722__00360.239,13.990348952259634,42.14953561,B722,_,00360,239
B722__00350.239,13.97426140585729,42.140491444999995,B722,_,00350,239
B722__00290.239,14.00528420356231,42.160559365,B722,_,00290,239
B722__0028.239,13.998528396791986,42.158166365,B722,_,0028,239
B722__00270.239,13.986154529812605,42.153465245,B722,_,00270,239
B722__00260.239,13.982627971974644,42.158336225,B722,_,00260,239
B722__00250.239,13.980628066472905,42.16200569,B722,_,00250,239
B722__00230.239,14.070742108394409,42.168407365,B722,_,00230,239
B722__00220.239,14.04358057855567,42.164427415,B722,_,00220,239
B722__00210.239,14.03589564031937,42.165104055,B722,_,00210,239
B722__00200.239,14.023173245051847,42.164825640000004,B722,_,00200,239
B722__00190.239,14.005873952696984,42.165032305,B722,_,00190,239
B722__00180.239,14.017372979366723,42.174051344999995,B722,_,00180,239
B722__00170.239,14.015729304407362,42.17750370500001,B722,_,00170,239
B722__00160.239,14.009015632111314,42.17413638,B722,_,00160,239
B722__00150.239,13.992793991810654,42.171676965,B722,_,00150,239
B722__00130.239,13.975646940698931,42.17250794,B722,_,00130,239
B722__00120.239,14.007084915389086,42.19056709,B722,_,00120,239
B722__00110.239,13.996624241477999,42.181323844999994,B722,_,00110,239
B722__00100.239,13.98441433297215,42.181811030000006,B722,_,00100,239
B722__00080.239,13.965467742833196,42.18578529,B722,_,00080,239
B722__00070.239,13.999110645323043,42.19232336,B722,_,00070,239
B722__00060.239,13.983519997050607,42.19755483,B722,_,00060,239
B722__00050.239,13.981788546026758,42.192334720000005,B722,_,00050,239
B722__00040.239,13.977605390853101,42.19513931,B722,_,00040,239
B722__00030.239,13.968233935823783,42.195328835,B722,_,00030,239
B722__00020.239,13.982662549455032,42.204769885000005,B722,_,00020,239
B722__00010.24,13.970974837775731,42.210593329999995,B722,_,00010,24
B722__00610.24,13.993903662686016,42.11985986,B722,_,00610,24
B722__00600.24,14.00986833989578,42.132743975,B722,_,00600,24
B722__00590.24,13.994427082927366,42.12749463,B722,_,00590,24
B722__00540.24,14.042202078077779,42.146070105,B722,_,00540,24
B722__00520.24,14.009099094919943,42.142879765,B722,_,00520,24
B722__00500.24,13.982175237862414,42.133598774999996,B722,_,00500,24
B722__00490.24,13.9880930645908,42.13230457,B722,_,00490,24
B722__00480.24,13.98515464625771,42.13938141,B722,_,00480,24
B722__00450.24,14.057966033228144,42.14394704,B722,_,00450,24
B722__00440.24,14.048950624380169,42.154851120000004,B722,_,00440,24
B722__00430.24,14.027197786914599,42.157972605,B722,_,00430,24
B722__00420.24,14.008216721198208,42.14981629,B722,_,00420,24
B722__00390.24,14.00139997313796,42.145246915,B722,_,00390,24
B722__00380.24,13.9976509405158,42.141860155,B722,_,00380,24
B722__00370.24,13.989762800451842,42.14585306,B722,_,00370,24
B722__00360.24,13.99663640038694,42.152045755,B722,_,00360,24
B722__00340.24,13.971994399188038,42.14946,B722,_,00340,24
B722__00330.24,13.974859176704673,42.154595535,B722,_,00330,24
B722__00310.24,14.038614298843912,42.15773651,B722,_,00310,24
B722__00300.24,14.032708501158474,42.167040135,B722,_,00300,24
B722__00290.24,14.00568784919486,42.16225524,B722,_,00290,24
B722__0028.24,13.996935767369486,42.159035599999996,B722,_,0028,24
B722__00270.24,13.992637862014918,42.16045372,B722,_,00270,24
B722__00260.24,13.98487549466514,42.16530661,B722,_,00260,24
B722__00250.24,13.977009265212633,42.167239445,B722,_,00250,24
B722__00230.24,14.067474835295602,42.171065334999994,B722,_,00230,24
B722__00220.24,14.04895725044037,42.17229457,B722,_,00220,24
B722__00210.24,14.036429415149719,42.17234214,B722,_,00210,24
B722__00200.24,14.022047137795742,42.170408355,B722,_,00200,24
B722__00190.24,13.996191442272526,42.16850073,B722,_,00190,24
B722__00180.24,14.023360842228687,42.178380335,B722,_,00180,24
B722__00170.24,14.017020249602016,42.181170665,B722,_,00170,24
B722__00150.24,13.992014557384984,42.177529935,B722,_,00150,24
B722__00140.24,13.98666555711588,42.17399139,B722,_,00140,24
B722__00130.24,13.979409251541934,42.178221789999995,B722,_,00130,24
B722__00120.24,14.006182280645497,42.193241375,B722,_,00120,24
B722__00110.24,13.996018601813862,42.186674350000004,B722,_,00110,24
B722__00100.24,13.98313600773307,42.188763505,B722,_,00100,24
B722__00080.24,13.959412822958619,42.189318505,B722,_,00080,24
B722__00060.24,13.986379861342375,42.199890045000004,B722,_,00060,24
B722__00050.24,13.981743620424334,42.195090765,B722,_,00050,24
B722__00040.24,13.975015918890605,42.202860805,B722,_,00040,24
B722__00030.24,13.961989307210334,42.198757865000005,B722,_,00030,24
B722__00020.24,13.978731801474268,42.2088145,B722,_,00020,24
B722__00010.240,13.971511762056114,42.20367263,B722,_,00010,240
B722__00600.240,14.010855365196978,42.121749455,B722,_,00600,240
B722__00540.240,14.04743331744697,42.13637492,B722,_,00540,240
B722__00530.240,14.02833374334606,42.140270285,B722,_,00530,240
B722__00520.240,14.018286461188103,42.14212093,B722,_,00520,240
B722__0051.240,14.004566585863643,42.139362435,B722,_,0051,240
B722__00430.240,14.037370768830552,42.153657595,B722,_,00430,240
B722__00420.240,14.0181913490953,42.149911445,B722,_,00420,240
B722__00410.240,14.008255615692793,42.154627925,B722,_,00410,240
B722__00400.240,14.004894014789349,42.143280364999995,B722,_,00400,240
B722__00390.240,14.001623685812515,42.14459423,B722,_,00390,240
B722__00380.240,14.000071203227012,42.139962964999995,B722,_,00380,240
B722__00370.240,13.993235899810614,42.141196269999995,B722,_,00370,240
B722__00360.240,13.989909201385668,42.14950962,B722,_,00360,240
B722__00350.240,13.976797620555317,42.140832950000004,B722,_,00350,240
B722__00290.240,14.005128055486027,42.160375255,B722,_,00290,240
B722__0028.240,13.998650324235268,42.158240625000005,B722,_,0028,240
B722__00270.240,13.986928496677809,42.153484105000004,B722,_,00270,240
B722__00260.240,13.983040983353016,42.158280735000005,B722,_,00260,240
B722__00250.240,13.98110300582929,42.162394995,B722,_,00250,240
B722__00230.240,14.060722458331428,42.168903395,B722,_,00230,240
B722__00220.240,14.044326513626462,42.164309845,B722,_,00220,240
B722__00210.240,14.035073114255493,42.16632094,B722,_,00210,240
B722__00200.240,14.02322220285734,42.16433371,B722,_,00200,240
B722__00190.240,14.005406742357696,42.16460798,B722,_,00190,240
B722__00180.240,14.017641150502994,42.173940925,B722,_,00180,240
B722__00170.240,14.01585176244642,42.177322415,B722,_,00170,240
B722__00160.240,14.011512514507675,42.175147245,B722,_,00160,240
B722__00150.240,13.992519883292372,42.17236359,B722,_,00150,240
B722__00140.240,13.989515610163494,42.16771475,B722,_,00140,240
B722__00130.240,13.975047625903969,42.172951215,B722,_,00130,240
B722__00120.240,14.009298992887818,42.186145295,B722,_,00120,240
B722__00110.240,13.997341063948891,42.181355855,B722,_,00110,240
B722__00100.240,13.984636984464977,42.18148129,B722,_,00100,240
B722__00080.240,13.966339539626023,42.185748430000004,B722,_,00080,240
B722__00070.240,13.999404635487046,42.192380645,B722,_,00070,240
B722__00060.240,13.983555984933291,42.19749869,B722,_,00060,240
B722__00050.240,13.982587097470468,42.192125285,B722,_,00050,240
B722__00040.240,13.97797292229645,42.19525875,B722,_,00040,240
B722__00030.240,13.968605163807942,42.195173505,B722,_,00030,240
B722__00020.240,13.982737310233038,42.204780365000005,B722,_,00020,240
B722__00010.241,13.971564168709097,42.203607945,B722,_,00010,241
B722__00600.241,14.011382021350801,42.122537495,B722,_,00600,241
B722__00540.241,14.047386508367513,42.136670609999996,B722,_,00540,241
B722__00530.241,14.028414816469635,42.140876254999995,B722,_,00530,241
B722__00520.241,14.008275069896573,42.139946175,B722,_,00520,241
B722__0051.241,14.004693854052103,42.139304285,B722,_,0051,241
B722__00430.241,14.024351572201853,42.15296121,B722,_,00430,241
B722__00410.241,14.008882149431546,42.154869035000004,B722,_,00410,241
B722__00400.241,14.004998240715832,42.143292945,B722,_,00400,241
B722__00390.241,14.00172037200294,42.144532014999996,B722,_,00390,241
B722__00380.241,14.000387377101763,42.139747709999995,B722,_,00380,241
B722__00370.241,13.993502521124732,42.14104015,B722,_,00370,241
B722__00360.241,13.989762866128075,42.149458030000005,B722,_,00360,241
B722__00350.241,13.97729182386395,42.141325805,B722,_,00350,241
B722__0028.241,13.998751913847698,42.15829824,B722,_,0028,241
B722__00270.241,13.987130511246828,42.153557455,B722,_,00270,241
B722__00260.241,13.983395641400808,42.158567715000004,B722,_,00260,241
B722__00250.241,13.98168955439466,42.162265425,B722,_,00250,241
B722__00230.241,14.066829030607188,42.171494775,B722,_,00230,241
B722__00220.241,14.044980917680274,42.164472509999996,B722,_,00220,241
B722__00210.241,14.041673769306636,42.164332349999995,B722,_,00210,241
B722__00200.241,14.023886404482656,42.16483078,B722,_,00200,241
B722__00190.241,13.990551565669644,42.16568198,B722,_,00190,241
B722__00180.241,14.017214711659875,42.173956075,B722,_,00180,241
B722__00170.241,14.016123160370302,42.177179984999995,B722,_,00170,241
B722__00160.241,14.0112956160478,42.17515158,B722,_,00160,241
B722__00150.241,13.993029530246734,42.172301704999995,B722,_,00150,241
B722__00140.241,13.989264817746623,42.167551675,B722,_,00140,241
B722__00130.241,13.974916736318999,42.17280067,B722,_,00130,241
B722__00120.241,14.009249260985204,42.185963285,B722,_,00120,241
B722__00110.241,13.99734001007836,42.181299249999995,B722,_,00110,241
B722__00080.241,13.966730380621772,42.186291755,B722,_,00080,241
B722__00070.241,13.999695098947367,42.19239643,B722,_,00070,241
B722__00040.241,13.97794441552395,42.195142815,B722,_,00040,241
B722__00030.241,13.968795452175577,42.195538385,B722,_,00030,241
B722__00020.241,13.982624631011642,42.204911915,B722,_,00020,241
B722__00010.242,13.971700447608187,42.203442304999996,B722,_,00010,242
B722__00600.242,14.011766913869367,42.12263873,B722,_,00600,242
B722__00540.242,14.047582154817057,42.13641784,B722,_,00540,242
B722__00530.242,14.028854691665593,42.141055835,B722,_,00530,242
B722__00520.242,14.008285225365197,42.140013795,B722,_,00520,242
B722__0051.242,14.004726841988134,42.13937249,B722,_,0051,242
B722__00430.242,14.024831396969606,42.15324864,B722,_,00430,242
B722__00420.242,14.018642507207094,42.149872575,B722,_,00420,242
B722__00410.242,14.009455192092101,42.155848795,B722,_,00410,242
B722__00400.242,14.005157077129665,42.143297340000004,B722,_,00400,242
B722__00390.242,14.001848603832363,42.14464504,B722,_,00390,242
B722__00370.242,13.992119001714288,42.140534904999996,B722,_,00370,242
B722__00360.242,13.99071674018428,42.14931061,B722,_,00360,242
B722__00350.242,13.977105433373302,42.14140211,B722,_,00350,242
B722__00290.242,14.005344619482898,42.16025853,B722,_,00290,242
B722__0028.242,13.998759592297297,42.15827048,B722,_,0028,242
B722__00270.242,13.987269064291116,42.153536235000004,B722,_,00270,242
B722__00260.242,13.983590075253147,42.15850394,B722,_,00260,242
B722__00250.242,13.98117136115388,42.162021280000005,B722,_,00250,242
B722__00230.242,14.06696435991362,42.17157974,B722,_,00230,242
B722__00220.242,14.044544995023264,42.16493903,B722,_,00220,242
B722__00210.242,14.041094421322605,42.16322708,B722,_,00210,242
B722__00200.242,14.024355013192297,42.165233645,B722,_,00200,242
B722__00190.242,13.990350597038637,42.165315275,B722,_,00190,242
B722__00180.242,14.017524450455195,42.17384638,B722,_,00180,242
B722__00170.242,14.016158824285721,42.176985055,B722,_,00170,242
B722__00160.242,14.0112526338607,42.17502902,B722,_,00160,242
B722__00140.242,13.989024263292894,42.16736651,B722,_,00140,242
B722__00130.242,13.974686925949054,42.17261749,B722,_,00130,242
B722__00120.242,14.009333170377698,42.18572953,B722,_,00120,242
B722__00110.242,13.997554136018433,42.18085592,B722,_,00110,242
B722__00100.242,13.986750100184885,42.18139854,B722,_,00100,242
B722__0009.242,13.969418228153813,42.18596585,B722,_,0009,242
B722__00080.242,13.966571157634938,42.186176759999995,B722,_,00080,242
B722__00070.242,13.999403443147461,42.192082389999996,B722,_,00070,242
B722__00060.242,13.982876049031795,42.196987785,B722,_,00060,242
B722__00050.242,13.982852689493457,42.19229416,B722,_,00050,242
B722__00040.242,13.97791190955448,42.19500008,B722,_,00040,242
B722__00030.242,13.969094527231185,42.19575555,B722,_,00030,242
B722__00020.242,13.982471506774136,42.205060695,B722,_,00020,242
B722__00010.243,13.97223589425384,42.204649595,B722,_,00010,243
B722__00600.243,14.012264084315763,42.122998455,B722,_,00600,243
B722__00540.243,14.047594055617697,42.13670802,B722,_,00540,243
B722__00530.243,14.029053832932863,42.14062677,B722,_,00530,243
B722__00520.243,14.008291563379103,42.140078765,B722,_,00520,243
B722__0051.243,14.003985669311362,42.13928219,B722,_,0051,243
B722__00430.243,14.025059341295021,42.153119985000004,B722,_,00430,243
B722__00420.243,14.020139917378629,42.149373659999995,B722,_,00420,243
B722__00410.243,14.009744194825284,42.15676983,B722,_,00410,243
B722__00400.243,14.00542071149899,42.143373575,B722,_,00400,243
B722__00390.243,14.001783793039962,42.14451799,B722,_,00390,243
B722__00370.243,13.992853785046155,42.140362315000004,B722,_,00370,243
B722__00360.243,13.990825210613348,42.149604905000004,B722,_,00360,243
B722__00350.243,13.977416283903871,42.14167798,B722,_,00350,243
B722__00270.243,13.987097499579265,42.153322595000006,B722,_,00270,243
B722__00260.243,13.983910437767479,42.159103335,B722,_,00260,243
B722__00250.243,13.981357207409594,42.161924315,B722,_,00250,243
B722__00230.243,14.067329190839892,42.171617655000006,B722,_,00230,243
B722__00220.243,14.04514450210389,42.16489233,B722,_,00220,243
B722__00210.243,14.040579468226664,42.16268221,B722,_,00210,243
B722__00200.243,14.024287234585056,42.16560717,B722,_,00200,243
B722__00190.243,13.994473572845841,42.165564945,B722,_,00190,243
B722__00180.243,14.016482335514015,42.17405243,B722,_,00180,243
B722__00170.243,14.01621340471666,42.17669327,B722,_,00170,243
B722__00160.243,14.011122740703748,42.174941700000005,B722,_,00160,243
B722__00150.243,13.993595699273865,42.17233023,B722,_,00150,243
B722__00140.243,13.989736705199427,42.16747574,B722,_,00140,243
B722__00130.243,13.974553646625676,42.172330125,B722,_,00130,243
B722__00120.243,14.008331029204165,42.18842954,B722,_,00120,243
B722__00110.243,13.997963854650664,42.18049528,B722,_,00110,243
B722__00100.243,13.986222441746722,42.181659705,B722,_,00100,243
B722__0009.243,13.969591587421942,42.185906795,B722,_,0009,243
B722__00080.243,13.966673012741698,42.18600797,B722,_,00080,243
B722__00070.243,14.000137395258132,42.192423700000006,B722,_,00070,243
B722__00060.243,13.986971665540398,42.199704440000005,B722,_,00060,243
B722__00050.243,13.982900641214021,42.192116305,B722,_,00050,243
B722__00040.243,13.978305357582073,42.194745725,B722,_,00040,243
B722__00030.243,13.969537757542144,42.196430230000004,B722,_,00030,243
B722__00020.243,13.98250433514454,42.205097365,B722,_,00020,243
B722__00010.244,13.971974867640263,42.20437199,B722,_,00010,244
B722__00600.244,14.012193238090344,42.12272089,B722,_,00600,244
B722__00540.244,14.03824381279312,42.135142425,B722,_,00540,244
B722__00530.244,14.029533978095479,42.14099113,B722,_,00530,244
B722__00520.244,14.008302888502305,42.14022932,B722,_,00520,244
B722__0051.244,14.004169905119209,42.13935388,B722,_,0051,244
B722__00430.244,14.024899217788366,42.152796620000004,B722,_,00430,244
B722__00420.244,14.007866322203235,42.1474789,B722,_,00420,244
B722__00410.244,14.01076656912361,42.156563025,B722,_,00410,244
B722__00400.244,14.005320752699213,42.14329615,B722,_,00400,244
B722__00390.244,14.001811981746858,42.144498139999996,B722,_,00390,244
B722__00360.244,13.991507992594402,42.149982655,B722,_,00360,244
B722__00350.244,13.977912294336104,42.141349059999996,B722,_,00350,244
B722__00290.244,14.005724485545738,42.16061152,B722,_,00290,244
B722__00270.244,13.986786249051192,42.15303036,B722,_,00270,244
B722__00260.244,13.984530101844381,42.163381,B722,_,00260,244
B722__00250.244,13.98094838387929,42.161947115000004,B722,_,00250,244
B722__00230.244,14.068134937572086,42.16351992,B722,_,00230,244
B722__00220.244,14.045461546800983,42.164845715,B722,_,00220,244
B722__00210.244,14.041038694667572,42.16286942,B722,_,00210,244
B722__00200.244,14.025144023478887,42.16533747,B722,_,00200,244
B722__00190.244,13.990709938545008,42.16542278,B722,_,00190,244
B722__00180.244,14.016658917357866,42.17370287,B722,_,00180,244
B722__00170.244,14.014628550855711,42.179913115,B722,_,00170,244
B722__00160.244,14.0110146430023,42.174862680000004,B722,_,00160,244
B722__00150.244,13.99398956490736,42.17190549,B722,_,00150,244
B722__00140.244,13.988846538264294,42.1668483,B722,_,00140,244
B722__00130.244,13.9772235948822,42.172996815,B722,_,00130,244
B722__00120.244,14.00960595713729,42.186188125,B722,_,00120,244
B722__00110.244,13.99804273292413,42.18038532,B722,_,00110,244
B722__0009.244,13.969617381754066,42.18596585,B722,_,0009,244
B722__00080.244,13.96655984867415,42.185865525,B722,_,00080,244
B722__00070.244,14.000174194617166,42.19284883,B722,_,00070,244
B722__00060.244,13.983367354984761,42.197002485,B722,_,00060,244
B722__00050.244,13.98325955892701,42.19174933,B722,_,00050,244
B722__00040.244,13.979040701897793,42.194955305,B722,_,00040,244
B722__00030.244,13.969367088295385,42.195910915,B722,_,00030,244
B722__00020.244,13.983237131219727,42.204767655,B722,_,00020,244
B722__00010.245,13.972266351957938,42.20407409,B722,_,00010,245
B722__00600.245,14.01099938498714,42.120828169999996,B722,_,00600,245
B722__00540.245,14.038549759967864,42.13546976,B722,_,00540,245
B722__00530.245,14.030156988500636,42.140871095,B722,_,00530,245
B722__00520.245,14.008471050454776,42.142604485,B722,_,00520,245
B722__00430.245,14.025385568092336,42.15303122,B722,_,00430,245
B722__00420.245,14.008153033813837,42.14764704,B722,_,00420,245
B722__00410.245,14.01056233059337,42.156809715,B722,_,00410,245
B722__00400.245,14.005229464352833,42.14317538,B722,_,00400,245
B722__00390.245,14.001874227836083,42.144772625,B722,_,00390,245
B722__00380.245,14.000047861415812,42.1396814,B722,_,00380,245
B722__00360.245,13.991730258555567,42.14966728,B722,_,00360,245
B722__00350.245,13.977734348621208,42.141037835,B722,_,00350,245
B722__00290.245,14.00586703741589,42.159847095,B722,_,00290,245
B722__0028.245,13.998843807738334,42.1583284,B722,_,0028,245
B722__00270.245,13.987314818988198,42.15335743,B722,_,00270,245
B722__00260.245,13.984148380399349,42.158743055,B722,_,00260,245
B722__00250.245,13.98097151771023,42.161704869999994,B722,_,00250,245
B722__00230.245,14.068401358153343,42.163662035,B722,_,00230,245
B722__00220.245,14.045801635370168,42.164571775,B722,_,00220,245
B722__00210.245,14.0351884151771,42.166293015,B722,_,00210,245
B722__00200.245,14.025073864022938,42.165189870000006,B722,_,00200,245
B722__00190.245,13.990560756755052,42.165298585,B722,_,00190,245
B722__00180.245,14.016404438061112,42.173662629999995,B722,_,00180,245
B722__00170.245,14.014753468769193,42.179648,B722,_,00170,245
B722__00160.245,14.010929060703457,42.17481753,B722,_,00160,245
B722__00150.245,13.993711402360745,42.17125048,B722,_,00150,245
B722__00140.245,13.990037579276782,42.167069855,B722,_,00140,245
B722__00130.245,13.977292230741547,42.173117489999996,B722,_,00130,245
B722__00120.245,14.009616936097204,42.186008385,B722,_,00120,245
B722__00110.245,13.99799916521182,42.18019588,B722,_,00110,245
B722__00100.245,13.986813293824941,42.181891425,B722,_,00100,245
B722__0009.245,13.969471451825546,42.186010585,B722,_,0009,245
B722__00080.245,13.96673253831112,42.185849175,B722,_,00080,245
B722__00070.245,14.000724096860049,42.193386204999996,B722,_,00070,245
B722__00060.245,13.983477497147202,42.197259725,B722,_,00060,245
B722__00050.245,13.983597540189749,42.191989660000004,B722,_,00050,245
B722__00040.245,13.979019270990204,42.19512474,B722,_,00040,245
B722__00030.245,13.969304527115021,42.195736194999995,B722,_,00030,245
B722__00020.245,13.983279006113207,42.204678470000005,B722,_,00020,245
B722__00010.246,13.972356682909481,42.204105604999995,B722,_,00010,246
B722__00600.246,14.011659856258708,42.12137652,B722,_,00600,246
B722__00540.246,14.040225647886837,42.13513182,B722,_,00540,246
B722__00530.246,14.030738722218768,42.14037336,B722,_,00530,246
B722__00520.246,14.009194378252403,42.14011981,B722,_,00520,246
B722__0051.246,14.004360436739631,42.139277480000004,B722,_,0051,246
B722__00430.246,14.025612274569166,42.15280056,B722,_,00430,246
B722__00420.246,14.00826794901021,42.147671115,B722,_,00420,246
B722__00410.246,14.01150651318158,42.156253140000004,B722,_,00410,246
B722__00400.246,14.005063912714636,42.142920055000005,B722,_,00400,246
B722__00390.246,14.001992359488042,42.14474314,B722,_,00390,246
B722__00380.246,14.000081654161516,42.139667364999994,B722,_,00380,246
B722__00370.246,13.994219035701331,42.140166435,B722,_,00370,246
B722__00360.246,13.991143614033936,42.14919475,B722,_,00360,246
B722__00350.246,13.978760547691039,42.140824125,B722,_,00350,246
B722__00290.246,14.006043905776258,42.159933394999996,B722,_,00290,246
B722__0028.246,13.998922013067027,42.158409320000004,B722,_,0028,246
B722__00270.246,13.98746878407858,42.153548365000006,B722,_,00270,246
B722__00260.246,13.984186431258788,42.158096375,B722,_,00260,246
B722__00250.246,13.980550475198108,42.161642955000005,B722,_,00250,246
B722__00230.246,14.068737567325135,42.16362124,B722,_,00230,246
B722__00220.246,14.04571604314197,42.165278400000005,B722,_,00220,246
B722__00210.246,14.041649556189231,42.16253099,B722,_,00210,246
B722__00200.246,14.026825863204724,42.166160545,B722,_,00200,246
B722__00190.246,13.990492801038622,42.16519999,B722,_,00190,246
B722__00180.246,14.016989644561095,42.173554025,B722,_,00180,246
B722__00170.246,14.00877556833398,42.178550185,B722,_,00170,246
B722__00160.246,14.01078355961171,42.17483256,B722,_,00160,246
B722__00150.246,13.994881043317054,42.171348395,B722,_,00150,246
B722__00140.246,13.983460458121694,42.173496490000005,B722,_,00140,246
B722__00130.246,13.977361428352658,42.1732358,B722,_,00130,246
B722__00120.246,14.009631198765671,42.1858216,B722,_,00120,246
B722__00110.246,13.995510062687838,42.18164836,B722,_,00110,246
B722__0009.246,13.969642289479722,42.186026995,B722,_,0009,246
B722__00080.246,13.966915050754706,42.185842265,B722,_,00080,246
B722__00070.246,14.001016138390689,42.193386204999996,B722,_,00070,246
B722__00060.246,13.983963351342307,42.197416855,B722,_,00060,246
B722__00050.246,13.984345980028943,42.19203507,B722,_,00050,246
B722__00040.246,13.979287584290212,42.195253545,B722,_,00040,246
B722__00030.246,13.969247420749326,42.195510195,B722,_,00030,246
B722__00020.246,13.982823556379525,42.204109665000004,B722,_,00020,246
B722__00010.247,13.972760611583547,42.20432228,B722,_,00010,247
B722__00600.247,14.012103129589704,42.12142926,B722,_,00600,247
B722__00540.247,14.039934972989334,42.135836325,B722,_,00540,247
B722__00530.247,14.031526270336652,42.14045217,B722,_,00530,247
B722__00520.247,14.008885170905543,42.14023631,B722,_,00520,247
B722__0051.247,14.00453514704699,42.1392671,B722,_,0051,247
B722__00430.247,14.025912510759696,42.152803695,B722,_,00430,247
B722__00420.247,14.008363577722573,42.147720285,B722,_,00420,247
B722__00410.247,14.011760134276177,42.156262035,B722,_,00410,247
B722__00400.247,14.005256172518461,42.1430213,B722,_,00400,247
B722__00390.247,14.00206834286249,42.14473122,B722,_,00390,247
B722__00380.247,13.99766835371885,42.14093405,B722,_,00380,247
B722__00370.247,13.993931686172447,42.14013173,B722,_,00370,247
B722__00360.247,13.99143992893761,42.14874978,B722,_,00360,247
B722__00350.247,13.979314708114096,42.140957005000004,B722,_,00350,247
B722__00290.247,14.006207515005007,42.159933394999996,B722,_,00290,247
B722__0028.247,13.998973718893208,42.158305944999995,B722,_,0028,247
B722__00270.247,13.987449922173287,42.153613025,B722,_,00270,247
B722__00260.247,13.984795683103583,42.158733549999994,B722,_,00260,247
B722__00250.247,13.981265239409664,42.161438364999995,B722,_,00250,247
B722__00230.247,14.062578797423882,42.16781641,B722,_,00230,247
B722__00220.247,14.0463942054802,42.16505773,B722,_,00220,247
B722__00210.247,14.040954341549067,42.16242507,B722,_,00210,247
B722__00200.247,14.027173205628756,42.1662951,B722,_,00200,247
B722__00190.247,13.99078229292735,42.165355395000006,B722,_,00190,247
B722__00180.247,14.017846495170394,42.17357966,B722,_,00180,247
B722__00170.247,14.009408679419053,42.17826015,B722,_,00170,247
B722__00160.247,14.01069450657445,42.174727695,B722,_,00160,247
B722__00150.247,13.994585375137186,42.171854515,B722,_,00150,247
B722__00140.247,13.989517365583158,42.16683365,B722,_,00140,247
B722__00120.247,14.010216347814001,42.182771005000006,B722,_,00120,247
B722__00110.247,13.99537476468782,42.181458140000004,B722,_,00110,247
B722__0009.247,13.969726262366272,42.186026995,B722,_,0009,247
B722__00080.247,13.966265514960199,42.18566225,B722,_,00080,247
B722__00070.247,14.001051985976783,42.19318689,B722,_,00070,247
B722__00060.247,13.983956546544466,42.197579489999995,B722,_,00060,247
B722__00050.247,13.983452415182214,42.191485795000006,B722,_,00050,247
B722__00040.247,13.97939015590676,42.195389015,B722,_,00040,247
B722__00030.247,13.969215821165864,42.19537786,B722,_,00030,247
B722__00020.247,13.983446584844092,42.20468905,B722,_,00020,247
B722__00010.248,13.972538979863565,42.204015245,B722,_,00010,248
B722__00600.248,14.004186366070972,42.127609570000004,B722,_,00600,248
B722__00540.248,14.040452160648686,42.135795595000005,B722,_,00540,248
B722__00530.248,14.02848589417127,42.140237760000005,B722,_,00530,248
B722__00520.248,14.009061165513966,42.140289365,B722,_,00520,248
B722__0051.248,14.002888126069292,42.140199835000004,B722,_,0051,248
B722__00430.248,14.025958429426467,42.15312304,B722,_,00430,248
B722__00420.248,14.008713962102757,42.14785181,B722,_,00420,248
B722__00410.248,14.012131938323256,42.156420185,B722,_,00410,248
B722__00400.248,14.005407699866229,42.14313466,B722,_,00400,248
B722__00390.248,14.002041770204677,42.144646725,B722,_,00390,248
B722__00370.248,13.993778451645166,42.140085065,B722,_,00370,248
B722__00360.248,13.991379176260107,42.149057275000004,B722,_,00360,248
B722__00350.248,13.979179238112845,42.14056376,B722,_,00350,248
B722__0028.248,14.004078618233056,42.15589134,B722,_,0028,248
B722__00270.248,13.987426583627634,42.153454440000004,B722,_,00270,248
B722__00260.248,13.984777092452497,42.159353925,B722,_,00260,248
B722__00250.248,13.981508610297796,42.16134543,B722,_,00250,248
B722__00230.248,14.065223339493395,42.169884565000004,B722,_,00230,248
B722__00220.248,14.04467306358066,42.164124625,B722,_,00220,248
B722__00210.248,14.037350518236927,42.172594385,B722,_,00210,248
B722__00190.248,13.990394094255503,42.164932685,B722,_,00190,248
B722__00180.248,14.019820525458362,42.17152012,B722,_,00180,248
B722__00170.248,14.007291143471196,42.180196375,B722,_,00170,248
B722__00160.248,14.01160845728188,42.174520994999995,B722,_,00160,248
B722__00150.248,13.995885865901478,42.17193246,B722,_,00150,248
B722__00140.248,13.990178283167577,42.166938115,B722,_,00140,248
B722__00130.248,13.976552891744685,42.177289880000004,B722,_,00130,248
B722__00120.248,14.010376219048236,42.182848015000005,B722,_,00120,248
B722__00110.248,13.991779539176559,42.178715355,B722,_,00110,248
B722__0009.248,13.968044787059863,42.187077435,B722,_,0009,248
B722__00080.248,13.966172980621536,42.185577325,B722,_,00080,248
B722__00070.248,14.000696319482449,42.192432855,B722,_,00070,248
B722__00060.248,13.983778877127154,42.19777436,B722,_,00060,248
B722__00050.248,13.982935179346743,42.191625325,B722,_,00050,248
B722__00040.248,13.978595180674606,42.195637325,B722,_,00040,248
B722__00030.248,13.969072488897716,42.195118795,B722,_,00030,248
B722__00020.248,13.98313747190825,42.203545469999995,B722,_,00020,248
B722__00010.249,13.972969576168234,42.204301005,B722,_,00010,249
B722__00600.249,14.00627567305855,42.128349075,B722,_,00600,249
B722__00540.249,14.040591898306236,42.135771745,B722,_,00540,249
B722__00530.249,14.028701338613686,42.140295269999996,B722,_,00530,249
B722__00520.249,14.009444429594442,42.140206975,B722,_,00520,249
B722__0051.249,14.002820080344149,42.140126795,B722,_,0051,249
B722__00430.249,14.026767158445384,42.153319415,B722,_,00430,249
B722__00420.249,14.007737711750599,42.14710099,B722,_,00420,249
B722__00410.249,14.012543467881757,42.15635512,B722,_,00410,249
B722__00400.249,14.00517557153179,42.142916799999995,B722,_,00400,249
B722__00390.249,14.001917745581178,42.14452345,B722,_,00390,249
B722__00370.249,13.993533139820265,42.14016583,B722,_,00370,249
B722__00360.249,13.991741434487556,42.14942012,B722,_,00360,249
B722__00350.249,13.978944591016916,42.14053161,B722,_,00350,249
B722__00290.249,14.00674653391098,42.16027476,B722,_,00290,249
B722__0028.249,14.00394502323855,42.155902665,B722,_,0028,249
B722__00270.249,13.987467157263307,42.153458334999996,B722,_,00270,249
B722__00260.249,13.984643788541234,42.158156425,B722,_,00260,249
B722__00250.249,13.981127739263034,42.161680855,B722,_,00250,249
B722__00230.249,14.062319788656028,42.169959715000005,B722,_,00230,249
B722__00220.249,14.046192496185128,42.165729615000004,B722,_,00220,249
B722__00210.249,14.038603312873759,42.171430215,B722,_,00210,249
B722__00190.249,13.99063831065896,42.164861195,B722,_,00190,249
B722__00180.249,14.020211623160417,42.173213555000004,B722,_,00180,249
B722__00170.249,14.011058256926372,42.179632645,B722,_,00170,249
B722__00160.249,14.011255716491593,42.17455489,B722,_,00160,249
B722__00150.249,13.995562778058918,42.17078395,B722,_,00150,249
B722__00140.249,13.989964352189403,42.166794235,B722,_,00140,249
B722__00130.249,13.983459127900868,42.173740710000004,B722,_,00130,249
B722__00120.249,14.005970861094774,42.19330702,B722,_,00120,249
B722__00110.249,13.991755097494533,42.178840425000004,B722,_,00110,249
B722__00100.249,13.977968519250165,42.182309975,B722,_,00100,249
B722__0009.249,13.969807673890735,42.1860005,B722,_,0009,249
B722__00080.249,13.966132613079617,42.185500995,B722,_,00080,249
B722__00070.249,14.00095900394124,42.192283044999996,B722,_,00070,249
B722__00060.249,13.983947212166944,42.198171145,B722,_,00060,249
B722__00050.249,13.982861571995914,42.191508095,B722,_,00050,249
B722__00040.249,13.974336938565926,42.196491065000004,B722,_,00040,249
B722__00030.249,13.959741714606388,42.191341835,B722,_,00030,249
B722__00020.249,13.983726224833315,42.20431322500001,B722,_,00020,249
B722__00010.25,13.971348800558873,42.210453195,B722,_,00010,25
B722__00610.25,13.993979705398736,42.11942521,B722,_,00610,25
B722__00600.25,14.009971352418425,42.13280471,B722,_,00600,25
B722__00590.25,13.99586797176403,42.128525825,B722,_,00590,25
B722__00540.25,14.042646872418718,42.145955905,B722,_,00540,25
B722__00520.25,14.009255754606514,42.142897625,B722,_,00520,25
B722__00500.25,13.983240622352145,42.13371458,B722,_,00500,25
B722__00490.25,13.987912138211003,42.131886965,B722,_,00490,25
B722__00480.25,13.985512510702865,42.13891331,B722,_,00480,25
B722__00450.25,14.058707383998485,42.143873225,B722,_,00450,25
B722__00440.25,14.038679899855769,42.15421485,B722,_,00440,25
B722__00430.25,14.027837532969283,42.1577365,B722,_,00430,25
B722__00410.25,14.006834012347086,42.158968485,B722,_,00410,25
B722__00400.25,14.003689076679768,42.154107655000004,B722,_,00400,25
B722__00390.25,14.001529891754709,42.145238935,B722,_,00390,25
B722__00380.25,13.997752304648515,42.14190158,B722,_,00380,25
B722__00370.25,13.990334279880202,42.14622536,B722,_,00370,25
B722__00360.25,13.995971173224858,42.1531222,B722,_,00360,25
B722__00340.25,13.973651554262291,42.14826461,B722,_,00340,25
B722__00330.25,13.974384931472898,42.154548160000004,B722,_,00330,25
B722__00310.25,14.04494022312091,42.15752257,B722,_,00310,25
B722__00300.25,14.032896622977542,42.165077265,B722,_,00300,25
B722__00290.25,14.005750910401789,42.16225431,B722,_,00290,25
B722__0028.25,13.996890974416893,42.15895277,B722,_,0028,25
B722__00270.25,13.992579373823844,42.160627565,B722,_,00270,25
B722__00260.25,13.985125680095752,42.165194935,B722,_,00260,25
B722__00250.25,13.977466353255863,42.1666856,B722,_,00250,25
B722__00230.25,14.067680722094009,42.170405875,B722,_,00230,25
B722__00220.25,14.049217778722397,42.17215599,B722,_,00220,25
B722__00210.25,14.03708279204631,42.17269426,B722,_,00210,25
B722__00200.25,14.022271751799636,42.170593095,B722,_,00200,25
B722__00190.25,14.003673419119902,42.167946529999995,B722,_,00190,25
B722__00180.25,14.0235945333988,42.178450705,B722,_,00180,25
B722__00150.25,13.991303612952489,42.176342235,B722,_,00150,25
B722__00140.25,13.987037054031664,42.17373508,B722,_,00140,25
B722__00130.25,13.980006530546518,42.17848413,B722,_,00130,25
B722__00120.25,14.006522257911788,42.193447875000004,B722,_,00120,25
B722__00110.25,13.996428324606164,42.18705550999999,B722,_,00110,25
B722__00100.25,13.983517626483813,42.18841586,B722,_,00100,25
B722__00080.25,13.959909884724212,42.189599720000004,B722,_,00080,25
B722__00060.25,13.986606715731702,42.20006652,B722,_,00060,25
B722__00050.25,13.981972797503836,42.195120110000005,B722,_,00050,25
B722__00040.25,13.975254729023293,42.20262007,B722,_,00040,25
B722__00030.25,13.962053519745648,42.198848915,B722,_,00030,25
B722__00020.25,13.978701103954826,42.20860063000001,B722,_,00020,25
B722__00010.250,13.96914526361445,42.209398045,B722,_,00010,250
B722__00600.250,14.008770216746802,42.12952981,B722,_,00600,250
B722__00540.250,14.040717793743061,42.135771340000005,B722,_,00540,250
B722__00530.250,14.028685065496255,42.14009704,B722,_,00530,250
B722__00520.250,14.009415970983447,42.140245289999996,B722,_,00520,250
B722__0051.250,14.002735513670686,42.140063365,B722,_,0051,250
B722__00430.250,14.026753458774166,42.152648299999996,B722,_,00430,250
B722__00420.250,14.007874581264936,42.147415550000005,B722,_,00420,250
B722__00410.250,14.012850425578995,42.156440965,B722,_,00410,250
B722__00400.250,14.005378538928571,42.1430213,B722,_,00400,250
B722__00390.250,14.002231880855112,42.144643169999995,B722,_,00390,250
B722__00380.250,14.000753972912737,42.139119215,B722,_,00380,250
B722__00370.250,13.993535873380232,42.13997053,B722,_,00370,250
B722__00360.250,13.991841423149491,42.149282725000006,B722,_,00360,250
B722__00350.250,13.978736624821313,42.14040342,B722,_,00350,250
B722__00290.250,14.00658922341436,42.16001597,B722,_,00290,250
B722__0028.250,13.99922823170635,42.15828116,B722,_,0028,250
B722__00270.250,13.987558590282163,42.153503615,B722,_,00270,250
B722__00260.250,13.98576057626052,42.1595223,B722,_,00260,250
B722__00250.250,13.981300102397665,42.161797335,B722,_,00250,250
B722__00230.250,14.062675871532882,42.16961048,B722,_,00230,250
B722__00220.250,14.04679598281145,42.1653708,B722,_,00220,250
B722__00210.250,14.040960904793955,42.16195967,B722,_,00210,250
B722__00200.250,14.027521510840572,42.166028455,B722,_,00200,250
B722__00190.250,13.99085676019169,42.165124594999995,B722,_,00190,250
B722__00180.250,14.020560484992087,42.173033905,B722,_,00180,250
B722__00170.250,14.010894600555947,42.17947388,B722,_,00170,250
B722__00160.250,14.011271408390725,42.174706845,B722,_,00160,250
B722__00150.250,13.996562978921922,42.172579795000004,B722,_,00150,250
B722__00140.250,13.99033649878439,42.166883815,B722,_,00140,250
B722__00130.250,13.973499293607338,42.171447945,B722,_,00130,250
B722__00120.250,14.00568920157876,42.192793824999995,B722,_,00120,250
B722__00110.250,13.99216706177235,42.17882134,B722,_,00110,250
B722__0009.250,13.967376967654696,42.18650505,B722,_,0009,250
B722__00080.250,13.965866402532892,42.18534903,B722,_,00080,250
B722__00070.250,14.001367667346752,42.192279575,B722,_,00070,250
B722__00060.250,13.984154706713374,42.19785821,B722,_,00060,250
B722__00050.250,13.982763575868967,42.191424705,B722,_,00050,250
B722__00040.250,13.979205652451398,42.19554169,B722,_,00040,250
B722__00030.250,13.961258784640247,42.193786035,B722,_,00030,250
B722__00020.250,13.977413423321787,42.20776139,B722,_,00020,250
B722__00010.251,13.97339803037999,42.204669725,B722,_,00010,251
B722__00540.251,14.040981629531501,42.13579453,B722,_,00540,251
B722__00530.251,14.028803910992849,42.1401566,B722,_,00530,251
B722__00520.251,14.009358970717543,42.140279684999996,B722,_,00520,251
B722__0051.251,14.002903382002902,42.140098635,B722,_,0051,251
B722__00500.251,13.999225940913144,42.138422629999994,B722,_,00500,251
B722__00430.251,14.027139516493179,42.153308955,B722,_,00430,251
B722__00420.251,14.008159150998663,42.147264505,B722,_,00420,251
B722__00410.251,14.005113616395162,42.1517389,B722,_,00410,251
B722__00400.251,14.005528155694222,42.14302378,B722,_,00400,251
B722__00390.251,14.001912630098033,42.144179715,B722,_,00390,251
B722__00380.251,14.000712249851258,42.138841625,B722,_,00380,251
B722__00370.251,13.993081075716876,42.140093865,B722,_,00370,251
B722__00360.251,13.992304161035834,42.149322345,B722,_,00360,251
B722__00350.251,13.96887856804209,42.140349584999996,B722,_,00350,251
B722__0028.251,13.999050032396669,42.158494755,B722,_,0028,251
B722__00270.251,13.987542168480385,42.153434285,B722,_,00270,251
B722__00260.251,13.985320094011335,42.158694765,B722,_,00260,251
B722__00250.251,13.98153385269684,42.16170667,B722,_,00250,251
B722__00230.251,14.062541720793547,42.169298745,B722,_,00230,251
B722__00220.251,14.047103264939883,42.165381165,B722,_,00220,251
B722__00210.251,14.040510944800566,42.16210299,B722,_,00210,251
B722__00200.251,14.028064791010493,42.166628165,B722,_,00200,251
B722__00190.251,13.991130903428896,42.165179525,B722,_,00190,251
B722__00180.251,14.020427032860516,42.17334684,B722,_,00180,251
B722__00170.251,14.010772048596742,42.179293875,B722,_,00170,251
B722__00160.251,14.011411122492188,42.175002365,B722,_,00160,251
B722__00150.251,13.997121816376076,42.17136068,B722,_,00150,251
B722__00140.251,13.99074441724061,42.166303735,B722,_,00140,251
B722__00120.251,14.004420180877178,42.19238723,B722,_,00120,251
B722__00110.251,14.003591849810089,42.184244545,B722,_,00110,251
B722__00100.251,13.97797207730323,42.18240428,B722,_,00100,251
B722__00080.251,13.96577912071042,42.185167975,B722,_,00080,251
B722__00070.251,14.002096297263588,42.193134099999995,B722,_,00070,251
B722__00060.251,13.98439416436283,42.198043135000006,B722,_,00060,251
B722__00050.251,13.98272211988104,42.19130892,B722,_,00050,251
B722__00040.251,13.979609015924172,42.195514575000004,B722,_,00040,251
B722__00030.251,13.961919772305357,42.19312999,B722,_,00030,251
B722__00020.251,13.982808559772861,42.203515085,B722,_,00020,251
B722__00010.252,13.973597496805128,42.204595135,B722,_,00010,252
B722__00540.252,14.040245123224704,42.135481635,B722,_,00540,252
B722__00530.252,14.028982684219084,42.140222495,B722,_,00530,252
B722__00520.252,14.00946021468587,42.140328624999995,B722,_,00520,252
B722__0051.252,14.002962100743556,42.14005003,B722,_,0051,252
B722__00500.252,13.99954412356622,42.138387615,B722,_,00500,252
B722__00430.252,14.027064712248844,42.152622675,B722,_,00430,252
B722__00420.252,14.008099663658601,42.1474789,B722,_,00420,252
B722__00410.252,14.004988706177414,42.151465435000006,B722,_,00410,252
B722__00400.252,14.005391814469451,42.14289737,B722,_,00400,252
B722__00390.252,14.002323786178202,42.14449474,B722,_,00390,252
B722__00380.252,13.998320277877895,42.141703895,B722,_,00380,252
B722__00370.252,13.993313296192916,42.139959845,B722,_,00370,252
B722__00360.252,13.991774217901316,42.14905548,B722,_,00360,252
B722__00350.252,13.969388554136806,42.14012855,B722,_,00350,252
B722__0028.252,13.99908307836402,42.1585594,B722,_,0028,252
B722__00270.252,13.987671344313576,42.153589435,B722,_,00270,252
B722__00250.252,13.981925897813252,42.16174455,B722,_,00250,252
B722__00230.252,14.070342705169692,42.16218399,B722,_,00230,252
B722__00220.252,14.047727370589888,42.165342185,B722,_,00220,252
B722__00210.252,14.036424451353053,42.16624415,B722,_,00210,252
B722__00200.252,14.028095906988888,42.166908844999995,B722,_,00200,252
B722__00190.252,13.99157368367687,42.164995235,B722,_,00190,252
B722__00180.252,14.020263720963747,42.17392281,B722,_,00180,252
B722__00170.252,14.011834652712222,42.17921534,B722,_,00170,252
B722__00160.252,14.01222931642026,42.17459658,B722,_,00160,252
B722__00150.252,13.99841871602252,42.1721878,B722,_,00150,252
B722__00140.252,13.98983726502951,42.166414935,B722,_,00140,252
B722__00120.252,14.012298696439725,42.18529543,B722,_,00120,252
B722__00110.252,14.003769687965645,42.184262135,B722,_,00110,252
B722__00080.252,13.966101839784871,42.1849637,B722,_,00080,252
B722__00070.252,14.003418309770685,42.192697339999995,B722,_,00070,252
B722__00050.252,13.982572591113616,42.191245030000005,B722,_,00050,252
B722__00040.252,13.97863460659089,42.195744430000005,B722,_,00040,252
B722__00030.252,13.962320062670738,42.193061635,B722,_,00030,252
B722__00020.252,13.98372646790914,42.20366707,B722,_,00020,252
B722__00010.253,13.97377543058174,42.204418535,B722,_,00010,253
B722__00540.253,14.04042997277162,42.135394915,B722,_,00540,253
B722__00530.253,14.029133765616336,42.139977345,B722,_,00530,253
B722__00520.253,14.007429012513015,42.13979838,B722,_,00520,253
B722__0051.253,14.002906598448513,42.13991893,B722,_,0051,253
B722__00500.253,14.0000286868379,42.138586995,B722,_,00500,253
B722__00430.253,14.027550242388216,42.15334891,B722,_,00430,253
B722__00420.253,14.008356147527309,42.14758259,B722,_,00420,253
B722__00410.253,14.005070595692594,42.151355075,B722,_,00410,253
B722__00400.253,14.005558164753168,42.142798425,B722,_,00400,253
B722__00390.253,14.001971516831318,42.14385403,B722,_,00390,253
B722__00380.253,13.999347624395858,42.14239207,B722,_,00380,253
B722__00370.253,13.994485478969674,42.13993068,B722,_,00370,253
B722__00360.253,13.991730007145073,42.14883402,B722,_,00360,253
B722__00350.253,13.970574166967936,42.140105795,B722,_,00350,253
B722__0028.253,13.999118618859427,42.158475429999996,B722,_,0028,253
B722__00270.253,13.987662186407633,42.153677325000004,B722,_,00270,253
B722__00250.253,13.982008941129223,42.16187056,B722,_,00250,253
B722__00230.253,14.066369680077933,42.16344729,B722,_,00230,253
B722__00220.253,14.046911594439427,42.164864995,B722,_,00220,253
B722__00210.253,14.036491573903529,42.166203825,B722,_,00210,253
B722__00200.253,14.028143840644299,42.167028145,B722,_,00200,253
B722__00190.253,13.991120734625309,42.164862825,B722,_,00190,253
B722__00180.253,14.020893673417604,42.17404337,B722,_,00180,253
B722__00170.253,14.011724460376652,42.17907386,B722,_,00170,253
B722__00160.253,14.012177181073973,42.174657859999996,B722,_,00160,253
B722__00150.253,14.000616923960973,42.172131835,B722,_,00150,253
B722__00140.253,13.990544134564589,42.16597394,B722,_,00140,253
B722__00130.253,13.977958082734563,42.17895528,B722,_,00130,253
B722__00120.253,14.01254905721216,42.184985605,B722,_,00120,253
B722__00110.253,14.003372329685845,42.183901715,B722,_,00110,253
B722__00100.253,13.97786807974618,42.18240203,B722,_,00100,253
B722__0009.253,13.969845345562605,42.185798495,B722,_,0009,253
B722__00080.253,13.966626195686745,42.185062675,B722,_,00080,253
B722__00070.253,14.002805431227449,42.19263507,B722,_,00070,253
B722__00060.253,13.984542518639277,42.19794623,B722,_,00060,253
B722__00050.253,13.981980754855526,42.191126825,B722,_,00050,253
B722__00040.253,13.97901683945541,42.195666735,B722,_,00040,253
B722__00030.253,13.962897584519752,42.192728009999996,B722,_,00030,253
B722__00020.253,13.98428162185158,42.20433754,B722,_,00020,253
B722__00010.254,13.97395532849078,42.204294525,B722,_,00010,254
B722__00600.254,14.012476642654084,42.127163120000006,B722,_,00600,254
B722__00540.254,14.0383099446798,42.146905270000005,B722,_,00540,254
B722__00530.254,14.029785578161889,42.139784205,B722,_,00530,254
B722__00520.254,14.00775537846149,42.13979365,B722,_,00520,254
B722__00500.254,14.00005534527688,42.138244125,B722,_,00500,254
B722__00430.254,14.027419730563894,42.15270685,B722,_,00430,254
B722__00420.254,14.009057739974935,42.14781591,B722,_,00420,254
B722__00410.254,14.005479961104875,42.151344945000005,B722,_,00410,254
B722__00400.254,14.006245314117415,42.14352101,B722,_,00400,254
B722__00390.254,14.002211551294678,42.144133075,B722,_,00390,254
B722__00380.254,14.002230997920675,42.14009840999999,B722,_,00380,254
B722__00370.254,13.99545160176204,42.139855635,B722,_,00370,254
B722__00360.254,13.991708441607571,42.148625435,B722,_,00360,254
B722__00350.254,13.971915445426326,42.1402118,B722,_,00350,254
B722__0028.254,13.999177621700692,42.158441415,B722,_,0028,254
B722__00270.254,13.987910382016484,42.1537974,B722,_,00270,254
B722__00250.254,13.98192738002296,42.16185313,B722,_,00250,254
B722__00230.254,14.061174033869126,42.169713654999995,B722,_,00230,254
B722__00220.254,14.04740639539788,42.164524825,B722,_,00220,254
B722__00210.254,14.036714361039172,42.166340645000005,B722,_,00210,254
B722__00190.254,13.989901280687118,42.164805305,B722,_,00190,254
B722__00180.254,14.022018189589538,42.172004435,B722,_,00180,254
B722__00170.254,14.0116334324605,42.17892844,B722,_,00170,254
B722__00160.254,14.012014565686076,42.174807615000006,B722,_,00160,254
B722__00150.254,13.996561548567257,42.175484084999994,B722,_,00150,254
B722__00140.254,13.991020747271763,42.166201095000005,B722,_,00140,254
B722__00130.254,13.977741958838077,42.178978795,B722,_,00130,254
B722__00120.254,14.006768434624798,42.19384499,B722,_,00120,254
B722__00110.254,14.00363921742723,42.183852285,B722,_,00110,254
B722__0009.254,13.96996701271345,42.185835839999996,B722,_,0009,254
B722__00080.254,13.963828857567872,42.18208877,B722,_,00080,254
B722__00070.254,14.001736742646374,42.192238495,B722,_,00070,254
B722__00060.254,13.98450602316573,42.197802725,B722,_,00060,254
B722__00050.254,13.982984072007435,42.1911616,B722,_,00050,254
B722__00040.254,13.978638167619213,42.19583853,B722,_,00040,254
B722__00030.254,13.962675408058308,42.193312195000004,B722,_,00030,254
B722__00020.254,13.98446725180634,42.204541285000005,B722,_,00020,254
B722__00010.255,13.974141153709489,42.20414071,B722,_,00010,255
B722__00540.255,14.042399776498193,42.13538237,B722,_,00540,255
B722__00530.255,14.030588675789577,42.139988515,B722,_,00530,255
B722__00520.255,14.008271492159375,42.13989352,B722,_,00520,255
B722__00500.255,14.000496381118836,42.13840048,B722,_,00500,255
B722__00430.255,14.027937241521787,42.153861105000004,B722,_,00430,255
B722__00420.255,14.009413808972058,42.148107519999996,B722,_,00420,255
B722__00410.255,14.005328357963439,42.151028925000006,B722,_,00410,255
B722__00400.255,14.002041445772322,42.14658828,B722,_,00400,255
B722__00390.255,14.002265707090148,42.144229800000005,B722,_,00390,255
B722__00370.255,13.986615433749792,42.13890064,B722,_,00370,255
B722__00360.255,13.992464399943593,42.148603335000004,B722,_,00360,255
B722__00350.255,13.971785697033217,42.140495224999995,B722,_,00350,255
B722__0028.255,13.999173363563578,42.158592905,B722,_,0028,255
B722__00270.255,13.988021549075984,42.153717045,B722,_,00270,255
B722__00260.255,13.985717474645902,42.15883728,B722,_,00260,255
B722__00250.255,13.982286335541566,42.16218327,B722,_,00250,255
B722__00230.255,14.061366845077902,42.169674935,B722,_,00230,255
B722__00220.255,14.047881950436974,42.164835815,B722,_,00220,255
B722__00210.255,14.037287927499083,42.167252555000005,B722,_,00210,255
B722__00190.255,13.989965254647364,42.164724045,B722,_,00190,255
B722__00180.255,14.021311487017304,42.172800519999996,B722,_,00180,255
B722__00170.255,14.013160572483415,42.175826305,B722,_,00170,255
B722__00160.255,14.011958100707243,42.17485088,B722,_,00160,255
B722__00150.255,13.989304091344106,42.174326019999995,B722,_,00150,255
B722__00140.255,13.990937677148713,42.16612103,B722,_,00140,255
B722__00130.255,13.9758373123059,42.176218615,B722,_,00130,255
B722__00120.255,14.006837831139451,42.19382961,B722,_,00120,255
B722__00110.255,14.003418317897935,42.18372935,B722,_,00110,255
B722__00100.255,13.990235080968931,42.175861065,B722,_,00100,255
B722__0009.255,13.969929873319778,42.185974810000005,B722,_,0009,255
B722__00080.255,13.96100726995944,42.18514232,B722,_,00080,255
B722__00070.255,14.003279857792034,42.192435535,B722,_,00070,255
B722__00060.255,13.984504877417358,42.197701265,B722,_,00060,255
B722__00050.255,13.969518678111754,42.193210265,B722,_,00050,255
B722__00040.255,13.97924831812271,42.195668444999995,B722,_,00040,255
B722__00030.255,13.962457133893409,42.193765125,B722,_,00030,255
B722__00020.255,13.984379857255158,42.204319415,B722,_,00020,255
B722__00010.256,13.973256418447331,42.204212815,B722,_,00010,256
B722__00600.256,14.005196362871013,42.124700849999996,B722,_,00600,256
B722__00540.256,14.04517696105769,42.135151045,B722,_,00540,256
B722__00530.256,14.033186256334318,42.139400685,B722,_,00530,256
B722__00520.256,14.008485556651404,42.142694705,B722,_,00520,256
B722__0051.256,14.00319017230461,42.139882725,B722,_,0051,256
B722__00430.256,14.028626308440515,42.153965405,B722,_,00430,256
B722__00420.256,14.009498424277766,42.148080835,B722,_,00420,256
B722__00390.256,14.00242239833834,42.144371324999994,B722,_,00390,256
B722__00380.256,14.002476592709233,42.140170525,B722,_,00380,256
B722__00370.256,13.986861329127851,42.138843675,B722,_,00370,256
B722__00360.256,13.992494481387162,42.148886765,B722,_,00360,256
B722__00350.256,13.972123685018712,42.14039463,B722,_,00350,256
B722__0028.256,13.999219443245398,42.158620025,B722,_,0028,256
B722__00270.256,13.98782503978501,42.15363338,B722,_,00270,256
B722__00250.256,13.981817007927964,42.16204272,B722,_,00250,256
B722__00230.256,14.061497473836383,42.16990979,B722,_,00230,256
B722__00220.256,14.048408436114611,42.164574079999994,B722,_,00220,256
B722__00210.256,14.037549675468043,42.16725839,B722,_,00210,256
B722__00190.256,13.990055697929357,42.16465053,B722,_,00190,256
B722__00180.256,14.021291372613213,42.173477684999995,B722,_,00180,256
B722__00170.256,14.012690584787734,42.17450008,B722,_,00170,256
B722__00160.256,14.009436652420131,42.17303418,B722,_,00160,256
B722__00150.256,14.002733367208902,42.175071455,B722,_,00150,256
B722__00140.256,13.990765974264256,42.165900645,B722,_,00140,256
B722__00130.256,13.975877262543467,42.17597809,B722,_,00130,256
B722__00120.256,14.006908734132345,42.193762125,B722,_,00120,256
B722__00110.256,14.003094951609121,42.183303045,B722,_,00110,256
B722__0009.256,13.970053981469631,42.185825245000004,B722,_,0009,256
B722__00080.256,13.961466391766784,42.184937614999996,B722,_,00080,256
B722__00070.256,14.003164775366646,42.192194099999995,B722,_,00070,256
B722__00060.256,13.98479449520369,42.197926249999995,B722,_,00060,256
B722__00050.256,13.96927016066077,42.193153995,B722,_,00050,256
B722__00040.256,13.978785194080059,42.19591305,B722,_,00040,256
B722__00030.256,13.966518888767354,42.195541989999995,B722,_,00030,256
B722__00020.256,13.984440149456159,42.204296305,B722,_,00020,256
B722__00010.257,13.973338557308177,42.204157054999996,B722,_,00010,257
B722__00600.257,14.004614955522745,42.120488695,B722,_,00600,257
B722__00540.257,14.045093723249966,42.13552246,B722,_,00540,257
B722__00520.257,14.007440403871039,42.13973029,B722,_,00520,257
B722__0051.257,14.003207059203453,42.139860415,B722,_,0051,257
B722__00430.257,14.029477614237102,42.15443091,B722,_,00430,257
B722__00420.257,14.009607140809646,42.148076825000004,B722,_,00420,257
B722__00410.257,14.005789999429506,42.15133098,B722,_,00410,257
B722__00390.257,14.002825231429163,42.14456803,B722,_,00390,257
B722__00370.257,13.9871833924023,42.1388388,B722,_,00370,257
B722__00360.257,13.992625115560168,42.148775560000004,B722,_,00360,257
B722__00350.257,13.972331115918841,42.140378145,B722,_,00350,257
B722__0028.257,13.99926386351633,42.15854818,B722,_,0028,257
B722__00270.257,13.986893858809724,42.152945795,B722,_,00270,257
B722__00260.257,13.985746213701205,42.158958745,B722,_,00260,257
B722__00250.257,13.981966751338282,42.162076495,B722,_,00250,257
B722__00230.257,14.061833307178581,42.169838850000005,B722,_,00230,257
B722__00220.257,14.048798875907622,42.165361035000004,B722,_,00220,257
B722__00210.257,14.037990781436779,42.167345690000005,B722,_,00210,257
B722__00200.257,14.02805303560325,42.167017785,B722,_,00200,257
B722__00190.257,13.99031224482055,42.164456215,B722,_,00190,257
B722__00180.257,14.021758337085835,42.173919209999994,B722,_,00180,257
B722__00170.257,14.01249773707497,42.174733915,B722,_,00170,257
B722__00160.257,14.009594824903548,42.173176355,B722,_,00160,257
B722__00150.257,13.991638220373982,42.17306891,B722,_,00150,257
B722__00140.257,13.984788958254665,42.167194495000004,B722,_,00140,257
B722__00130.257,13.98178537107103,42.17497196,B722,_,00130,257
B722__00120.257,14.00536658503071,42.195399235,B722,_,00120,257
B722__00110.257,14.002822618782384,42.183064145,B722,_,00110,257
B722__00100.257,13.977777098540564,42.18249929,B722,_,00100,257
B722__0009.257,13.97014292484339,42.18572743,B722,_,0009,257
B722__00080.257,13.96162970133285,42.184591839999996,B722,_,00080,257
B722__00070.257,14.002464200961533,42.191967559999995,B722,_,00070,257
B722__00060.257,13.98500779446795,42.19796443,B722,_,00060,257
B722__00050.257,13.968780207173964,42.19318732,B722,_,00050,257
B722__00040.257,13.97522702277633,42.195577505,B722,_,00040,257
B722__00030.257,13.963031072071827,42.19396198,B722,_,00030,257
B722__00020.257,13.98452925633259,42.20428174,B722,_,00020,257
B722__00010.258,13.97349902030531,42.20405135,B722,_,00010,258
B722__00600.258,14.01024201910113,42.123161935,B722,_,00600,258
B722__00540.258,14.045557211609546,42.135124180000005,B722,_,00540,258
B722__00530.258,14.034499891397726,42.139166245,B722,_,00530,258
B722__00520.258,14.007833466643731,42.13967748,B722,_,00520,258
B722__0051.258,14.003227467981429,42.139812825,B722,_,0051,258
B722__00430.258,14.029316611171588,42.15396848,B722,_,00430,258
B722__00420.258,14.009718047832878,42.14802055,B722,_,00420,258
B722__00390.258,14.002870014391107,42.14469196,B722,_,00390,258
B722__00380.258,13.998990589456543,42.139420995,B722,_,00380,258
B722__00370.258,13.987881475866924,42.138982475000006,B722,_,00370,258
B722__00360.258,13.992790176993715,42.148741825,B722,_,00360,258
B722__00350.258,13.972664349790735,42.14019184,B722,_,00350,258
B722__00290.258,14.008970476294657,42.160824535,B722,_,00290,258
B722__0028.258,13.9993409944513,42.158482405,B722,_,0028,258
B722__00270.258,13.988031215336775,42.15352162000001,B722,_,00270,258
B722__00250.258,13.982056493070298,42.162133945,B722,_,00250,258
B722__00230.258,14.061420689751344,42.170126499999995,B722,_,00230,258
B722__00220.258,14.049559988722482,42.164377825,B722,_,00220,258
B722__00210.258,14.038102913535294,42.16708808,B722,_,00210,258
B722__00200.258,14.028658429456499,42.167286805,B722,_,00200,258
B722__00190.258,14.007326517063891,42.16477551,B722,_,00190,258
B722__00180.258,14.022074222005497,42.174059485,B722,_,00180,258
B722__00170.258,14.012996171040038,42.174641105,B722,_,00170,258
B722__00160.258,14.011605710134598,42.17234309,B722,_,00160,258
B722__00150.258,13.991580724991186,42.172996095,B722,_,00150,258
B722__00140.258,13.985173373228506,42.16735871,B722,_,00140,258
B722__00130.258,13.981729828160752,42.17479668,B722,_,00130,258
B722__00120.258,14.005248542816693,42.195135289999996,B722,_,00120,258
B722__00110.258,13.997977996655543,42.18109045,B722,_,00110,258
B722__00100.258,13.9777602837908,42.1824073,B722,_,00100,258
B722__0009.258,13.970257877111155,42.185740215,B722,_,0009,258
B722__00080.258,13.96286877981264,42.18461335000001,B722,_,00080,258
B722__00070.258,14.003370112692057,42.192024925,B722,_,00070,258
B722__00060.258,13.98522576871122,42.19796368,B722,_,00060,258
B722__00050.258,13.968816154437594,42.193073865,B722,_,00050,258
B722__00040.258,13.979266125900377,42.195731875,B722,_,00040,258
B722__00030.258,13.963398177429678,42.193433635,B722,_,00030,258
B722__00020.258,13.984132094403725,42.20391409,B722,_,00020,258
B722__00010.259,13.97359094692002,42.203992119999995,B722,_,00010,259
B722__00540.259,14.04593787675429,42.135230765,B722,_,00540,259
B722__00530.259,14.03529758081281,42.138718615,B722,_,00530,259
B722__00520.259,14.008269818588586,42.139767375000005,B722,_,00520,259
B722__0051.259,14.002515004541014,42.139803935,B722,_,0051,259
B722__00430.259,14.029581203161666,42.154295205,B722,_,00430,259
B722__00420.259,14.010072826578579,42.148276095,B722,_,00420,259
B722__00410.259,14.005714473675125,42.150590234999996,B722,_,00410,259
B722__00400.259,14.005545961078322,42.145759985,B722,_,00400,259
B722__00390.259,14.00302015119767,42.14456803,B722,_,00390,259
B722__00380.259,13.996531887396898,42.139812325,B722,_,00380,259
B722__00370.259,13.98840006185862,42.138607414999996,B722,_,00370,259
B722__00360.259,13.992793850301277,42.148543725,B722,_,00360,259
B722__00350.259,13.973171825054036,42.14039765,B722,_,00350,259
B722__00290.259,14.009453590715822,42.160680945,B722,_,00290,259
B722__0028.259,13.999361109239345,42.15861223,B722,_,0028,259
B722__00270.259,13.988399529076808,42.153578055,B722,_,00270,259
B722__00250.259,13.982117323074554,42.162152015000004,B722,_,00250,259
B722__00230.259,14.061486000530378,42.170165695,B722,_,00230,259
B722__00220.259,14.04983149601646,42.165361035000004,B722,_,00220,259
B722__00210.259,14.038048193309798,42.166960689999996,B722,_,00210,259
B722__00200.259,14.028764377152172,42.167254345,B722,_,00200,259
B722__00190.259,13.990659432447025,42.16413509,B722,_,00190,259
B722__00180.259,14.022421189318383,42.173914804999995,B722,_,00180,259
B722__00170.259,14.01284506017364,42.174658385,B722,_,00170,259
B722__00160.259,14.0112945715446,42.172577315,B722,_,00160,259
B722__00140.259,13.98496886157245,42.16712451,B722,_,00140,259
B722__00130.259,13.978109733180421,42.171177854999996,B722,_,00130,259
B722__00120.259,14.004840843306305,42.19439752,B722,_,00120,259
B722__00110.259,13.998148390408824,42.181202299999995,B722,_,00110,259
B722__0009.259,13.970290216078224,42.18554261,B722,_,0009,259
B722__00080.259,13.962908471305544,42.185268345,B722,_,00080,259
B722__00070.259,14.002808556555033,42.19192004,B722,_,00070,259
B722__00060.259,13.984843853746696,42.19769236,B722,_,00060,259
B722__00050.259,13.968930613621271,42.192853885,B722,_,00050,259
B722__00040.259,13.979070511290537,42.195961415,B722,_,00040,259
B722__00030.259,13.962953512728095,42.194269105000004,B722,_,00030,259
B722__00020.259,13.983828453271808,42.203578379999996,B722,_,00020,259
B722__00010.26,13.97145744880035,42.21019946,B722,_,00010,26
B722__00610.26,13.994020515088385,42.119268840000004,B722,_,00610,26
B722__00600.26,14.009965251375295,42.1327258,B722,_,00600,26
B722__00590.26,13.99650629295364,42.12903573,B722,_,00590,26
B722__00540.26,14.03882167960652,42.146960135,B722,_,00540,26
B722__00520.26,14.009425247663696,42.142897625,B722,_,00520,26
B722__00500.26,13.984012407729754,42.134344425,B722,_,00500,26
B722__00490.26,13.988328379576423,42.131745665,B722,_,00490,26
B722__00480.26,13.969352428399063,42.137679555,B722,_,00480,26
B722__00450.26,14.059179312713036,42.144284725,B722,_,00450,26
B722__00440.26,14.039412069961017,42.15418901,B722,_,00440,26
B722__00430.26,14.028500150644694,42.157675755,B722,_,00430,26
B722__00420.26,14.007955699061021,42.150105780000004,B722,_,00420,26
B722__00400.26,14.00379954563953,42.15420787,B722,_,00400,26
B722__00390.26,14.00164064605001,42.145225575,B722,_,00390,26
B722__00380.26,13.997934257544248,42.14203032,B722,_,00380,26
B722__00370.26,13.985460704363273,42.14457335,B722,_,00370,26
B722__00360.26,13.996361968689303,42.15311262,B722,_,00360,26
B722__00350.26,13.985007696810388,42.149231845,B722,_,00350,26
B722__00340.26,13.97325269639029,42.147451265,B722,_,00340,26
B722__00330.26,13.974691019584501,42.154424545,B722,_,00330,26
B722__00310.26,14.053893442351768,42.151799025,B722,_,00310,26
B722__00300.26,14.033306044233083,42.164911285,B722,_,00300,26
B722__00290.26,14.005943935943314,42.162269835000004,B722,_,00290,26
B722__0028.26,13.996892843172478,42.158874535,B722,_,0028,26
B722__00270.26,13.992573750708402,42.16084904,B722,_,00270,26
B722__00260.26,13.985181698934895,42.165119925,B722,_,00260,26
B722__00250.26,13.975940875149874,42.166280735,B722,_,00250,26
B722__00230.26,14.06837739362555,42.170482105,B722,_,00230,26
B722__00220.26,14.049362013675289,42.17226651,B722,_,00220,26
B722__00210.26,14.036749640177106,42.172216685,B722,_,00210,26
B722__00200.26,14.022498273106915,42.17003909,B722,_,00200,26
B722__00190.26,13.999638247512447,42.170275735000004,B722,_,00190,26
B722__00180.26,14.023989858806006,42.178503469999995,B722,_,00180,26
B722__00170.26,14.018080868935304,42.18059495,B722,_,00170,26
B722__00160.26,14.006669650368512,42.175177829999996,B722,_,00160,26
B722__00150.26,13.990610249343353,42.17609535,B722,_,00150,26
B722__00140.26,13.987229264443192,42.17366312,B722,_,00140,26
B722__00130.26,13.980493208544422,42.178210455,B722,_,00130,26
B722__00120.26,14.006543391842685,42.194075335,B722,_,00120,26
B722__00110.26,13.99688018133618,42.18692796,B722,_,00110,26
B722__00100.26,13.983789338900518,42.18827176,B722,_,00100,26
B722__00080.26,13.959725454304145,42.1898652,B722,_,00080,26
B722__00070.26,13.996654890254185,42.196610594999996,B722,_,00070,26
B722__00060.26,13.985888744420217,42.19369811,B722,_,00060,26
B722__00050.26,13.982033435286922,42.19512633,B722,_,00050,26
B722__00040.26,13.975090388336628,42.202276284999996,B722,_,00040,26
B722__00030.26,13.96213169322858,42.19892687,B722,_,00030,26
B722__00020.26,13.97821576373883,42.20849124,B722,_,00020,26
B722__00010.260,13.97370753064794,42.204001725,B722,_,00010,260
B722__00600.260,14.009477330663582,42.122959030000004,B722,_,00600,260
B722__00540.260,14.047274324353136,42.135247,B722,_,00540,260
B722__00530.260,14.035638298819242,42.138801740000005,B722,_,00530,260
B722__00520.260,14.009162377306131,42.139625795,B722,_,00520,260
B722__0051.260,14.002653950309176,42.13978535,B722,_,0051,260
B722__00430.260,14.029725342919463,42.15400959,B722,_,00430,260
B722__00420.260,14.010138340695722,42.14834116,B722,_,00420,260
B722__00410.260,14.005923087842948,42.150743500000004,B722,_,00410,260
B722__00400.260,14.006183172914806,42.146210415,B722,_,00400,260
B722__00390.260,14.003059105056293,42.14447614,B722,_,00390,260
B722__00380.260,13.99685418465429,42.14003451,B722,_,00380,260
B722__00370.260,13.989989758354168,42.139333585,B722,_,00370,260
B722__00360.260,13.992686721815247,42.148230795,B722,_,00360,260
B722__00350.260,13.973712320908305,42.140639225,B722,_,00350,260
B722__00290.260,14.009772507363376,42.160547235,B722,_,00290,260
B722__0028.260,13.999565964448202,42.15849307,B722,_,0028,260
B722__00270.260,13.987966727301037,42.15313856,B722,_,00270,260
B722__00260.260,13.985001900925282,42.164678945,B722,_,00260,260
B722__00250.260,13.982531838457597,42.162226770000004,B722,_,00250,260
B722__00230.260,14.061558788341657,42.170177054999996,B722,_,00230,260
B722__00220.260,14.050192148372295,42.165128284999994,B722,_,00220,260
B722__00210.260,14.040160665369378,42.167392275,B722,_,00210,260
B722__00190.260,13.990706508055377,42.164689145,B722,_,00190,260
B722__00180.260,14.022440959392728,42.17311278,B722,_,00180,260
B722__00170.260,14.013758641049899,42.173865395,B722,_,00170,260
B722__00160.260,14.011432009964942,42.169395054999995,B722,_,00160,260
B722__00150.260,13.991960948014162,42.172923895,B722,_,00150,260
B722__00140.260,13.985156330437835,42.1670692,B722,_,00140,260
B722__00130.260,13.97835311301378,42.171070650000004,B722,_,00130,260
B722__00120.260,14.005332600633361,42.19437762,B722,_,00120,260
B722__00110.260,13.998305394459582,42.181288845,B722,_,00110,260
B722__00100.260,13.977943654620866,42.182261135000005,B722,_,00100,260
B722__0009.260,13.970393388891832,42.18545286,B722,_,0009,260
B722__00080.260,13.963204050770297,42.185146995,B722,_,00080,260
B722__00070.260,14.002816882819342,42.191843250000005,B722,_,00070,260
B722__00060.260,13.984922704740548,42.19761612,B722,_,00060,260
B722__00050.260,13.969155716904446,42.192667555,B722,_,00050,260
B722__00040.260,13.979272433020396,42.19579247,B722,_,00040,260
B722__00030.260,13.963613178240035,42.19448324,B722,_,00030,260
B722__00020.260,13.983483840771399,42.203187375,B722,_,00020,260
B722__00010.261,13.973732592263474,42.203930715,B722,_,00010,261
B722__00600.261,14.009482574203355,42.123198285,B722,_,00600,261
B722__00540.261,14.048459204002139,42.134926910000004,B722,_,00540,261
B722__00530.261,14.03582435960998,42.13906661,B722,_,00530,261
B722__00520.261,14.022357999819846,42.138880365000006,B722,_,00520,261
B722__0051.261,14.002739820726866,42.139748765,B722,_,0051,261
B722__00430.261,14.029996592755811,42.1540145,B722,_,00430,261
B722__00420.261,14.01034518166302,42.14837676,B722,_,00420,261
B722__00410.261,14.00595449180546,42.15098059,B722,_,00410,261
B722__00400.261,14.002461715104417,42.153124925,B722,_,00400,261
B722__00390.261,14.002407142351549,42.14401623,B722,_,00390,261
B722__00380.261,13.996612807501723,42.140295565,B722,_,00380,261
B722__00370.261,13.99060447415511,42.1402961,B722,_,00370,261
B722__00360.261,13.992831293906914,42.148006245000005,B722,_,00360,261
B722__00350.261,13.973841291641778,42.140109685,B722,_,00350,261
B722__00290.261,14.009623177683498,42.160719189999995,B722,_,00290,261
B722__0028.261,13.999669949290158,42.158706914999996,B722,_,0028,261
B722__00270.261,13.987604266887336,42.152956495,B722,_,00270,261
B722__00260.261,13.98394894769789,42.16295778,B722,_,00260,261
B722__00250.261,13.982765091725735,42.16227224,B722,_,00250,261
B722__00230.261,14.06163176851183,42.1702312,B722,_,00230,261
B722__00220.261,14.05034850079972,42.165005865,B722,_,00220,261
B722__00210.261,14.041075783578334,42.17031944,B722,_,00210,261
B722__00190.261,13.990838100353907,42.164588769999995,B722,_,00190,261
B722__00180.261,14.03115449117593,42.176110625,B722,_,00180,261
B722__00170.261,14.012547844759416,42.174903215,B722,_,00170,261
B722__00160.261,14.011704946391037,42.169698925,B722,_,00160,261
B722__00150.261,13.999557532150204,42.17723515,B722,_,00150,261
B722__00140.261,13.984843228634823,42.16692757,B722,_,00140,261
B722__00130.261,13.978675513429405,42.17102425,B722,_,00130,261
B722__00120.261,14.006084974921038,42.19475783,B722,_,00120,261
B722__00110.261,13.998554528556385,42.18126549,B722,_,00110,261
B722__0009.261,13.970567686320754,42.18549433,B722,_,0009,261
B722__00080.261,13.963423357789523,42.185057875,B722,_,00080,261
B722__00070.261,14.003041582607871,42.191681865,B722,_,00070,261
B722__00060.261,13.984947392611968,42.197343935,B722,_,00060,261
B722__00050.261,13.969241016420563,42.19274462,B722,_,00050,261
B722__00040.261,13.97891723965242,42.196077535,B722,_,00040,261
B722__00030.261,13.96358747642109,42.19408364,B722,_,00030,261
B722__00020.261,13.983500171901277,42.20300756,B722,_,00020,261
B722__00010.262,13.973801460540326,42.203914555,B722,_,00010,262
B722__00600.262,14.009398114108226,42.123281295,B722,_,00600,262
B722__00540.262,14.037993684022139,42.134278089999995,B722,_,00540,262
B722__00530.262,14.036055377452344,42.13897337,B722,_,00530,262
B722__00520.262,14.007459128469458,42.139592,B722,_,00520,262
B722__0051.262,14.00274461708387,42.13957585,B722,_,0051,262
B722__00430.262,14.030144691557952,42.153915075,B722,_,00430,262
B722__00420.262,14.01053540860067,42.148446934999996,B722,_,00420,262
B722__00400.262,14.002875053159839,42.150689965,B722,_,00400,262
B722__00390.262,14.003118867198157,42.14428789,B722,_,00390,262
B722__00380.262,13.99709468196605,42.14003848,B722,_,00380,262
B722__00370.262,13.991238100680146,42.14028836,B722,_,00370,262
B722__00360.262,13.992528469076447,42.147873015,B722,_,00360,262
B722__00350.262,13.973361426277592,42.140045055,B722,_,00350,262
B722__00290.262,14.009643458901714,42.160784590000006,B722,_,00290,262
B722__00270.262,13.987473550018748,42.152579155,B722,_,00270,262
B722__00250.262,13.982661256985516,42.162037465,B722,_,00250,262
B722__00230.262,14.061328716611404,42.170160190000004,B722,_,00230,262
B722__00220.262,14.050680409759892,42.164786835,B722,_,00220,262
B722__00210.262,14.040818338428666,42.17008775,B722,_,00210,262
B722__00200.262,14.029111424784158,42.167192185000005,B722,_,00200,262
B722__00190.262,13.991050891418457,42.164557705,B722,_,00190,262
B722__00180.262,14.022375196785203,42.174308835000005,B722,_,00180,262
B722__00170.262,14.012541787077573,42.175064145,B722,_,00170,262
B722__00160.262,14.011756496340176,42.169797175,B722,_,00160,262
B722__00150.262,13.992109871028102,42.17421712,B722,_,00150,262
B722__00140.262,13.985504947132792,42.16697612,B722,_,00140,262
B722__00130.262,13.977813614529548,42.17104462,B722,_,00130,262
B722__00120.262,14.006169681744314,42.19466367,B722,_,00120,262
B722__00110.262,13.9988051792456,42.181560515,B722,_,00110,262
B722__0009.262,13.970747903923897,42.185263605,B722,_,0009,262
B722__00080.262,13.96363503678937,42.18502341,B722,_,00080,262
B722__00070.262,13.995209341284541,42.19128005,B722,_,00070,262
B722__00060.262,13.985223262072171,42.197362845,B722,_,00060,262
B722__00050.262,13.969410147404952,42.192929785000004,B722,_,00050,262
B722__00040.262,13.979257852769786,42.195875834999995,B722,_,00040,262
B722__00030.262,13.963883439760243,42.194167925,B722,_,00030,262
B722__00020.262,13.983945564920365,42.203517385,B722,_,00020,262
B722__00010.263,13.973953635083959,42.20396216,B722,_,00010,263
B722__00600.263,14.012132011952705,42.124017905,B722,_,00600,263
B722__00540.263,14.038209799952128,42.13442725,B722,_,00540,263
B722__00530.263,14.03699089140748,42.138612710000004,B722,_,00530,263
B722__00520.263,14.007819347928292,42.13953573,B722,_,00520,263
B722__0051.263,14.002904951402833,42.1393359,B722,_,0051,263
B722__00430.263,14.030379463866293,42.153704434999995,B722,_,00430,263
B722__00420.263,14.017177927080713,42.15112823,B722,_,00420,263
B722__00400.263,14.001401223480059,42.15049732,B722,_,00400,263
B722__00390.263,14.00251377742202,42.14393534,B722,_,00390,263
B722__00380.263,13.996811318350577,42.140292805,B722,_,00380,263
B722__00370.263,13.991683171296922,42.140449180000005,B722,_,00370,263
B722__00360.263,13.993304111492805,42.147556225,B722,_,00360,263
B722__00350.263,13.97728281694757,42.14712304,B722,_,00350,263
B722__00290.263,14.009836020985661,42.160725205000006,B722,_,00290,263
B722__00270.263,13.988598053186443,42.15338424,B722,_,00270,263
B722__00250.263,13.983223155128076,42.16180258,B722,_,00250,263
B722__00230.263,14.063629728115206,42.16528041,B722,_,00230,263
B722__00220.263,14.051440305254378,42.16449272,B722,_,00220,263
B722__00210.263,14.040537540355047,42.169916175,B722,_,00210,263
B722__00190.263,13.991239832117415,42.16452289,B722,_,00190,263
B722__00180.263,14.022520188859946,42.17420862,B722,_,00180,263
B722__00170.263,14.012157867608682,42.175214815000004,B722,_,00170,263
B722__00160.263,14.011780879223636,42.169938195,B722,_,00160,263
B722__00150.263,13.999387916636461,42.17910383500001,B722,_,00150,263
B722__00140.263,13.98474722464502,42.16649991,B722,_,00140,263
B722__00120.263,14.00626865953045,42.19456687,B722,_,00120,263
B722__00110.263,13.999160498600686,42.181614395,B722,_,00110,263
B722__00100.263,13.978275075958397,42.18237666,B722,_,00100,263
B722__0009.263,13.970750226521256,42.18531686,B722,_,0009,263
B722__00080.263,13.96328272026913,42.18481757,B722,_,00080,263
B722__00070.263,13.995385725649122,42.191465785,B722,_,00070,263
B722__00060.263,13.985318499787423,42.197348945,B722,_,00060,263
B722__00050.263,13.969435646398088,42.19337135,B722,_,00050,263
B722__00040.263,13.979650762438514,42.195665555,B722,_,00040,263
B722__00030.263,13.96420694172141,42.193921509999996,B722,_,00030,263
B722__00020.263,13.984283284685482,42.20386535,B722,_,00020,263
B722__00010.264,13.96815615809328,42.203513745,B722,_,00010,264
B722__00600.264,14.012170461663493,42.1237673,B722,_,00600,264
B722__00540.264,14.03846820123038,42.134451264999996,B722,_,00540,264
B722__00530.264,14.037195626827817,42.138536355,B722,_,00530,264
B722__00520.264,14.008141028292446,42.139469155,B722,_,00520,264
B722__0051.264,14.00295527439652,42.139527785,B722,_,0051,264
B722__00430.264,14.030818562057753,42.153789695,B722,_,00430,264
B722__00420.264,14.007326269222382,42.146624105,B722,_,00420,264
B722__00400.264,14.003080983145173,42.152477795,B722,_,00400,264
B722__00390.264,14.003096548588447,42.14412603,B722,_,00390,264
B722__00380.264,13.996784869437253,42.140144655,B722,_,00380,264
B722__00370.264,13.992168725722962,42.140117585,B722,_,00370,264
B722__00360.264,13.993797261434974,42.148042970000006,B722,_,00360,264
B722__00350.264,13.977641626975732,42.146101715,B722,_,00350,264
B722__00290.264,14.009797585596221,42.16068644,B722,_,00290,264
B722__0028.264,13.999858999412302,42.15860191,B722,_,0028,264
B722__00270.264,13.98926637351782,42.153158559999994,B722,_,00270,264
B722__00250.264,13.982399849581437,42.161176785,B722,_,00250,264
B722__00230.264,14.070026302741033,42.161315755000004,B722,_,00230,264
B722__00220.264,14.051895581735838,42.16449399,B722,_,00220,264
B722__00210.264,14.038804823459895,42.17004991,B722,_,00210,264
B722__00190.264,13.99124085780165,42.16439547,B722,_,00190,264
B722__00180.264,14.022930254562343,42.174139405000005,B722,_,00180,264
B722__00160.264,14.01164312916968,42.16928293,B722,_,00160,264
B722__00150.264,13.995547340182954,42.176436890000005,B722,_,00150,264
B722__00140.264,13.985818923231013,42.16633799,B722,_,00140,264
B722__00130.264,13.977982784322844,42.170609165,B722,_,00130,264
B722__00120.264,14.006371070134353,42.19444112,B722,_,00120,264
B722__00110.264,13.990691511686734,42.17765773,B722,_,00110,264
B722__00100.264,13.978191418376074,42.182270465,B722,_,00100,264
B722__0009.264,13.970751919294536,42.18536037,B722,_,0009,264
B722__00080.264,13.963636608317675,42.184561105,B722,_,00080,264
B722__00070.264,13.995343095137436,42.191692615,B722,_,00070,264
B722__00060.264,13.985799601680544,42.197584975,B722,_,00060,264
B722__00050.264,13.96987044907844,42.193198135,B722,_,00050,264
B722__00040.264,13.97908022627881,42.196700525,B722,_,00040,264
B722__00030.264,13.964359410152097,42.19378312,B722,_,00030,264
B722__00020.264,13.984720135804828,42.204344885,B722,_,00020,264
B722__00010.265,13.968099399269214,42.203266909999996,B722,_,00010,265
B722__00600.265,14.012334268468555,42.124400475,B722,_,00600,265
B722__00540.265,14.038716464742794,42.134503554999995,B722,_,00540,265
B722__00530.265,14.026521218520614,42.13958371,B722,_,00530,265
B722__00520.265,14.008524492991658,42.139446985,B722,_,00520,265
B722__00430.265,14.030799086382796,42.153598075000005,B722,_,00430,265
B722__00410.265,14.006444695612558,42.150495955,B722,_,00410,265
B722__00400.265,14.003609046017239,42.152188914999996,B722,_,00400,265
B722__00390.265,14.00250358572385,42.143856029999995,B722,_,00390,265
B722__00380.265,13.997132262396649,42.14026796,B722,_,00380,265
B722__00370.265,13.99257207105007,42.13989361,B722,_,00370,265
B722__00360.265,13.99405401821997,42.147747194999994,B722,_,00360,265
B722__00350.265,13.981026037934535,42.148953680000005,B722,_,00350,265
B722__00270.265,13.989395938476973,42.153232445,B722,_,00270,265
B722__00260.265,13.987535456156467,42.15882364,B722,_,00260,265
B722__00250.265,13.983116806700696,42.161380455,B722,_,00250,265
B722__00230.265,14.06120835022119,42.168554565,B722,_,00230,265
B722__00220.265,14.051920661166944,42.165095234999995,B722,_,00220,265
B722__00210.265,14.038535193098758,42.16991899,B722,_,00210,265
B722__00200.265,14.029296990178661,42.167499615,B722,_,00200,265
B722__00190.265,13.991308227290869,42.164280930000004,B722,_,00190,265
B722__00180.265,14.023029142506982,42.174307195,B722,_,00180,265
B722__00170.265,14.0126504598797,42.175106885,B722,_,00170,265
B722__00160.265,14.001976185779537,42.171695645,B722,_,00160,265
B722__00150.265,13.995795217342158,42.176411009999995,B722,_,00150,265
B722__00140.265,13.985457641174133,42.16601531,B722,_,00140,265
B722__00130.265,13.978885786961614,42.170816675,B722,_,00130,265
B722__00120.265,14.00589221306522,42.195126595,B722,_,00120,265
B722__00110.265,13.991016766903597,42.17785082,B722,_,00110,265
B722__00100.265,13.978170219087556,42.182201145,B722,_,00100,265
B722__0009.265,13.970812841811933,42.185581150000004,B722,_,0009,265
B722__00080.265,13.963992161376808,42.184551735,B722,_,00080,265
B722__00070.265,13.995250051153395,42.192042105,B722,_,00070,265
B722__00050.265,13.969874526814024,42.193018300000006,B722,_,00050,265
B722__00040.265,13.979380252443304,42.196627545,B722,_,00040,265
B722__00030.265,13.964377183358122,42.193462264999994,B722,_,00030,265
B722__00020.265,13.985018167061014,42.204308995,B722,_,00020,265
B722__00010.266,13.968282651698612,42.203264024999996,B722,_,00010,266
B722__00600.266,14.012471371803898,42.124080625000005,B722,_,00600,266
B722__00540.266,14.040428111042418,42.134818695,B722,_,00540,266
B722__00530.266,14.026884102585912,42.139373985,B722,_,00530,266
B722__00520.266,14.0090758631887,42.13954937,B722,_,00520,266
B722__0051.266,14.00302047852109,42.13981715,B722,_,0051,266
B722__00430.266,14.031137647540001,42.153561265,B722,_,00430,266
B722__00420.266,14.008343107994136,42.14701004,B722,_,00420,266
B722__00410.266,14.00656004714142,42.150626270000004,B722,_,00410,266
B722__00400.266,14.004081128950705,42.15216087,B722,_,00400,266
B722__00390.266,14.00251538946668,42.143755285,B722,_,00390,266
B722__00380.266,13.997557500432846,42.139892915000004,B722,_,00380,266
B722__00370.266,13.992078593220747,42.13946363,B722,_,00370,266
B722__00360.266,13.994513629743519,42.148083475,B722,_,00360,266
B722__00350.266,13.978234742868839,42.14620055,B722,_,00350,266
B722__00290.266,14.012320753138507,42.16085273,B722,_,00290,266
B722__0028.266,13.999990677270073,42.158565725,B722,_,0028,266
B722__00260.266,13.988008998063574,42.158587275,B722,_,00260,266
B722__00250.266,13.984210359249143,42.161768015,B722,_,00250,266
B722__00230.266,14.061536569517017,42.168464565,B722,_,00230,266
B722__00220.266,14.051388630245224,42.1650809,B722,_,00220,266
B722__00210.266,14.038302598594314,42.16977587,B722,_,00210,266
B722__00200.266,14.029200754509738,42.167545655,B722,_,00200,266
B722__00190.266,13.991454833926753,42.164213235000005,B722,_,00190,266
B722__00180.266,14.02326184413004,42.17429587,B722,_,00180,266
B722__00160.266,14.004910901951245,42.170699690000006,B722,_,00160,266
B722__00150.266,13.996057814936218,42.176282075,B722,_,00150,266
B722__00140.266,13.986098218534366,42.166169795,B722,_,00140,266
B722__00130.266,13.97858009064226,42.170654965,B722,_,00130,266
B722__00120.266,14.006072925184224,42.19513852,B722,_,00120,266
B722__00110.266,13.991191164244935,42.178023089999996,B722,_,00110,266
B722__0009.266,13.970705639750001,42.185618025,B722,_,0009,266
B722__00080.266,13.964594745571722,42.184545905,B722,_,00080,266
B722__00070.266,13.995755581963557,42.191582995,B722,_,00070,266
B722__00060.266,13.985577340899354,42.197885815,B722,_,00060,266
B722__00050.266,13.969872853044166,42.19289048500001,B722,_,00050,266
B722__00040.266,13.975646592168996,42.201423885,B722,_,00040,266
B722__00030.266,13.965468776956902,42.19356071,B722,_,00030,266
B722__00020.266,13.984368348950117,42.203802370000005,B722,_,00020,266
B722__00010.267,13.968216662778065,42.20278484,B722,_,00010,267
B722__00600.267,14.01216449352099,42.122500384999995,B722,_,00600,267
B722__00540.267,14.040756536263654,42.135313190000005,B722,_,00540,267
B722__00530.267,14.026833512525357,42.138969365,B722,_,00530,267
B722__00520.267,14.009272389666986,42.139526145000005,B722,_,00520,267
B722__00430.267,14.031422381839636,42.15342637,B722,_,00430,267
B722__00420.267,14.008174535449603,42.14743299,B722,_,00420,267
B722__00410.267,14.006799449671103,42.150472820000005,B722,_,00410,267
B722__00400.267,14.002607732264543,42.15113604,B722,_,00400,267
B722__00380.267,13.996778289475536,42.139220635,B722,_,00380,267
B722__00370.267,13.991753654190806,42.139246945,B722,_,00370,267
B722__00360.267,13.994037225195658,42.14754775,B722,_,00360,267
B722__00350.267,13.986127958153586,42.14918209,B722,_,00350,267
B722__00290.267,14.012196875850943,42.16072147,B722,_,00290,267
B722__0028.267,13.999953934138912,42.15862678,B722,_,0028,267
B722__00270.267,13.989514903771182,42.15327744,B722,_,00270,267
B722__00260.267,13.9819914870317,42.15791034,B722,_,00260,267
B722__00250.267,13.984741135581489,42.162006755,B722,_,00250,267
B722__00230.267,14.061728338792944,42.168041735,B722,_,00230,267
B722__00220.267,14.051152739721749,42.16549521,B722,_,00220,267
B722__00210.267,14.02959369177542,42.170096905,B722,_,00210,267
B722__00200.267,14.02923899448203,42.16781184,B722,_,00200,267
B722__00190.267,13.991776836389402,42.164842359999994,B722,_,00190,267
B722__00180.267,14.02386875206873,42.17443605,B722,_,00180,267
B722__00170.267,14.011867113913574,42.175302355,B722,_,00170,267
B722__00160.267,14.012103054644296,42.174261525,B722,_,00160,267
B722__00150.267,14.001481980508586,42.17581431,B722,_,00150,267
B722__00140.267,13.985976899601436,42.165761075,B722,_,00140,267
B722__00130.267,13.9782661996033,42.170478935000006,B722,_,00130,267
B722__00120.267,14.005896764375695,42.18662239,B722,_,00120,267
B722__00110.267,13.991271985364165,42.178070915,B722,_,00110,267
B722__0009.267,13.970618334267115,42.185647180000004,B722,_,0009,267
B722__00080.267,13.964352096072897,42.184323985000006,B722,_,00080,267
B722__00070.267,13.996023939155615,42.19199783,B722,_,00070,267
B722__00060.267,13.986045847007077,42.197674925,B722,_,00060,267
B722__00050.267,13.969894869828144,42.192739555,B722,_,00050,267
B722__00040.267,13.979119586862257,42.19630632,B722,_,00040,267
B722__00030.267,13.964536791628984,42.19378312,B722,_,00030,267
B722__00020.267,13.983794277257902,42.203181810000004,B722,_,00020,267
B722__00010.268,13.968663167559804,42.20353648,B722,_,00010,268
B722__00600.268,14.01188862170137,42.12344028,B722,_,00600,268
B722__00540.268,14.040960411893522,42.135010565,B722,_,00540,268
B722__00530.268,14.028913410434457,42.13897503,B722,_,00530,268
B722__00520.268,14.009235245062882,42.139459835,B722,_,00520,268
B722__0051.268,14.003335594518074,42.139565899999994,B722,_,0051,268
B722__00430.268,14.031827260507985,42.153408264999996,B722,_,00430,268
B722__00420.268,14.009590523318803,42.147495715,B722,_,00420,268
B722__00410.268,14.007026612228996,42.150339695,B722,_,00410,268
B722__00390.268,14.00250503325827,42.143588820000005,B722,_,00390,268
B722__00380.268,13.997315686320146,42.139838795,B722,_,00380,268
B722__00370.268,13.991135202277363,42.139926185,B722,_,00370,268
B722__00360.268,13.99444891031456,42.147677865,B722,_,00360,268
B722__00350.268,13.985816261354204,42.147524919999995,B722,_,00350,268
B722__00290.268,14.012849455740877,42.160870134999996,B722,_,00290,268
B722__0028.268,13.999938372874166,42.158665905,B722,_,0028,268
B722__00270.268,13.989556849144197,42.15324493,B722,_,00270,268
B722__00260.268,13.981405081767756,42.15734865,B722,_,00260,268
B722__00250.268,13.98496493940288,42.161860919999995,B722,_,00250,268
B722__00230.268,14.061978744147051,42.168268330000004,B722,_,00230,268
B722__00220.268,14.052617394773026,42.164980475,B722,_,00220,268
B722__00210.268,14.036270067666349,42.16459081,B722,_,00210,268
B722__00200.268,14.028880863365613,42.167346949999995,B722,_,00200,268
B722__00190.268,13.992024461829704,42.164834315,B722,_,00190,268
B722__00180.268,14.024014329991868,42.174123205,B722,_,00180,268
B722__00160.268,14.004876805636652,42.178250545,B722,_,00160,268
B722__00140.268,13.986133485679325,42.16568402,B722,_,00140,268
B722__00130.268,13.977037147808584,42.17016569,B722,_,00130,268
B722__00120.268,14.00663216450155,42.188505875000004,B722,_,00120,268
B722__00110.268,13.989714088568103,42.181757845,B722,_,00110,268
B722__0009.268,13.970662081196426,42.18586019,B722,_,0009,268
B722__00080.268,13.96485864044819,42.18470008,B722,_,00080,268
B722__00070.268,13.996057298768932,42.19193149,B722,_,00070,268
B722__00060.268,13.986472625029851,42.19712253,B722,_,00060,268
B722__00050.268,13.96976052893653,42.192612499999996,B722,_,00050,268
B722__00040.268,13.979652644190068,42.196080615,B722,_,00040,268
B722__00030.268,13.964595858198585,42.194017275,B722,_,00030,268
B722__00020.268,13.983735296663212,42.202986765,B722,_,00020,268
B722__00010.269,13.969219161852894,42.203420465,B722,_,00010,269
B722__00540.269,14.04330295897578,42.134246905,B722,_,00540,269
B722__00530.269,14.027920907888513,42.1394409,B722,_,00530,269
B722__00520.269,14.00927544525277,42.139393049999995,B722,_,00520,269
B722__0051.269,14.003377896595993,42.139345109999994,B722,_,0051,269
B722__00430.269,14.03356311602369,42.153095035,B722,_,00430,269
B722__00420.269,14.009867829428245,42.147828544999996,B722,_,00420,269
B722__00410.269,14.007273979717851,42.150433575,B722,_,00410,269
B722__00400.269,14.002841908818205,42.150875065,B722,_,00400,269
B722__00390.269,14.002366083578886,42.143444615,B722,_,00390,269
B722__00380.269,13.99728004571677,42.13993158,B722,_,00380,269
B722__00370.269,13.991251268600793,42.139642285,B722,_,00370,269
B722__00360.269,13.994472485111494,42.147540725,B722,_,00360,269
B722__0028.269,13.999926965441015,42.158705525,B722,_,0028,269
B722__00270.269,13.98957676970491,42.153215755000005,B722,_,00270,269
B722__00260.269,13.981078852518861,42.15678122,B722,_,00260,269
B722__00250.269,13.984548246396617,42.161911565,B722,_,00250,269
B722__00230.269,14.062204580298213,42.165513845,B722,_,00230,269
B722__00220.269,14.052087697400015,42.165533804999995,B722,_,00220,269
B722__00210.269,14.036768248489484,42.164663430000004,B722,_,00210,269
B722__00200.269,14.028981273515527,42.167380125,B722,_,00200,269
B722__00190.269,13.992249186528333,42.164634615,B722,_,00190,269
B722__00180.269,14.0241864431743,42.174086544999994,B722,_,00180,269
B722__00160.269,14.005017241476427,42.178390820000004,B722,_,00160,269
B722__00150.269,13.989702823382416,42.174237129999995,B722,_,00150,269
B722__00140.269,13.986532076971997,42.16602087,B722,_,00140,269
B722__00130.269,13.977657593915279,42.17002416,B722,_,00130,269
B722__00120.269,14.005937515654415,42.184674505000004,B722,_,00120,269
B722__00110.269,13.989740636067136,42.181662215,B722,_,00110,269
B722__0009.269,13.970790285436927,42.185823330000005,B722,_,0009,269
B722__00080.269,13.964935634492893,42.18497838,B722,_,00080,269
B722__00070.269,13.997261517844994,42.19165244,B722,_,00070,269
B722__00060.269,13.986472733194203,42.197291754999995,B722,_,00060,269
B722__00050.269,13.96972373292036,42.19247322,B722,_,00050,269
B722__00040.269,13.979874949471888,42.196080615,B722,_,00040,269
B722__00030.269,13.965628482617399,42.19388353,B722,_,00030,269
B722__00020.269,13.984389810765963,42.203745335,B722,_,00020,269
B722__00010.27,13.971543789573662,42.209909025,B722,_,00010,27
B722__00610.27,13.99427574621774,42.11970736,B722,_,00610,27
B722__00600.27,14.01002965783756,42.133310300000005,B722,_,00600,27
B722__00590.27,13.99777458274096,42.12982924,B722,_,00590,27
B722__00540.27,14.044862405540577,42.146365904999996,B722,_,00540,27
B722__00520.27,14.00975771699357,42.142721595,B722,_,00520,27
B722__0051.27,14.00378345971,42.14283399999999,B722,_,0051,27
B722__00500.27,13.98479519157935,42.13479848,B722,_,00500,27
B722__00490.27,13.988590177172323,42.13216984,B722,_,00490,27
B722__00480.27,13.969170172534177,42.138799475,B722,_,00480,27
B722__00450.27,14.059782375675617,42.141827750000004,B722,_,00450,27
B722__00440.27,14.039755554041246,42.154123819999995,B722,_,00440,27
B722__00430.27,14.029611674102316,42.15752257,B722,_,00430,27
B722__00420.27,14.008185099144665,42.150090465000005,B722,_,00420,27
B722__00410.27,14.006975647668934,42.15873963,B722,_,00410,27
B722__00400.27,14.003837596883947,42.153962035,B722,_,00400,27
B722__00390.27,14.001663786685846,42.145144355,B722,_,00390,27
B722__00380.27,13.997937148009408,42.14148402,B722,_,00380,27
B722__00370.27,13.985906088274326,42.145225069999995,B722,_,00370,27
B722__00360.27,13.996520488070619,42.15293096,B722,_,00360,27
B722__00350.27,13.98545379126097,42.149227385,B722,_,00350,27
B722__00340.27,13.973562141000155,42.146902505,B722,_,00340,27
B722__00330.27,13.97122655255177,42.155254225,B722,_,00330,27
B722__00310.27,14.073785024440362,42.14584359,B722,_,00310,27
B722__00300.27,14.033699683472292,42.165135425,B722,_,00300,27
B722__00290.27,14.00573033720051,42.162141684999995,B722,_,00290,27
B722__0028.27,13.99692707852372,42.15886299500001,B722,_,0028,27
B722__00270.27,13.992685224304477,42.16037714,B722,_,00270,27
B722__00260.27,13.985337654945766,42.165092025,B722,_,00260,27
B722__00250.27,13.976054569075288,42.16590447,B722,_,00250,27
B722__00230.27,14.068927257405893,42.170482105,B722,_,00230,27
B722__00220.27,14.049554548702353,42.172293409999995,B722,_,00220,27
B722__00210.27,14.037220580350517,42.1718563,B722,_,00210,27
B722__00200.27,14.023007679559043,42.169778385,B722,_,00200,27
B722__00190.27,14.001018456680125,42.169760945,B722,_,00190,27
B722__00180.27,14.024244788341846,42.17851494,B722,_,00180,27
B722__00170.27,14.005593949869604,42.17921144,B722,_,00170,27
B722__00160.27,14.007882996380935,42.174786575,B722,_,00160,27
B722__00150.27,13.994426041652652,42.17703969,B722,_,00150,27
B722__00140.27,13.987300557522374,42.17366312,B722,_,00140,27
B722__00120.27,14.006680396221327,42.1938595,B722,_,00120,27
B722__00110.27,13.996508243914324,42.186535565,B722,_,00110,27
B722__00100.27,13.983746267902326,42.18850494,B722,_,00100,27
B722__00080.27,13.959602333443904,42.190112645,B722,_,00080,27
B722__00060.27,13.98687970351726,42.199642545,B722,_,00060,27
B722__00050.27,13.982104849480013,42.195147195000004,B722,_,00050,27
B722__00040.27,13.975000890226053,42.19777185,B722,_,00040,27
B722__00030.27,13.962173249063667,42.199024554999994,B722,_,00030,27
B722__00020.27,13.977755744333347,42.20823822,B722,_,00020,27
B722__00010.270,13.96872240288545,42.202973375,B722,_,00010,270
B722__00600.270,14.006108984171489,42.130729545,B722,_,00600,270
B722__00540.270,14.04351542555839,42.134777060000005,B722,_,00540,270
B722__00530.270,14.02868109057611,42.13924701,B722,_,00530,270
B722__00520.270,14.00945476100157,42.13922027,B722,_,00520,270
B722__00430.270,14.0336064330969,42.153601235,B722,_,00430,270
B722__00420.270,14.009964659054072,42.147912610000006,B722,_,00420,270
B722__00410.270,14.007926715707846,42.150404464999994,B722,_,00410,270
B722__00400.270,14.003727703693034,42.15096717,B722,_,00400,270
B722__00390.270,14.002459169816277,42.143490674999995,B722,_,00390,270
B722__00380.270,13.997714107663851,42.139318200000005,B722,_,00380,270
B722__00370.270,13.990994328595178,42.139088259999994,B722,_,00370,270
B722__00360.270,13.994458535661995,42.14735641,B722,_,00360,270
B722__00350.270,13.986333857733653,42.14634083,B722,_,00350,270
B722__00290.270,14.013060220015976,42.160819605,B722,_,00290,270
B722__0028.270,14.00017044886022,42.15846116,B722,_,0028,270
B722__00270.270,13.990055848901001,42.153207715,B722,_,00270,270
B722__00260.270,13.98158942976752,42.156987345000005,B722,_,00260,270
B722__00250.270,13.984313303556327,42.161577615,B722,_,00250,270
B722__00230.270,14.066527984838242,42.16281458,B722,_,00230,270
B722__00220.270,14.05230343829773,42.166107069999995,B722,_,00220,270
B722__00210.270,14.037108920162991,42.164917715,B722,_,00210,270
B722__00190.270,13.992438646164832,42.16399724,B722,_,00190,270
B722__00180.270,14.024439172316026,42.174007805,B722,_,00180,270
B722__00160.270,14.00276777803489,42.1730737,B722,_,00160,270
B722__00140.270,13.987691718224497,42.16667399,B722,_,00140,270
B722__00130.270,13.977362822036149,42.17039166,B722,_,00130,270
B722__00120.270,14.007018417666004,42.185036695,B722,_,00120,270
B722__00110.270,13.992632536695336,42.181970575,B722,_,00110,270
B722__00100.270,13.978326132713054,42.182171255,B722,_,00100,270
B722__0009.270,13.970940250673607,42.185798185,B722,_,0009,270
B722__00080.270,13.967079051097002,42.187477290000004,B722,_,00080,270
B722__00070.270,13.997077561510572,42.191564389999996,B722,_,00070,270
B722__00050.270,13.969188863060307,42.192447115,B722,_,00050,270
B722__00040.270,13.979920887886546,42.196261045,B722,_,00040,270
B722__00030.270,13.965956622529223,42.193840460000004,B722,_,00030,270
B722__00020.270,13.984396642233552,42.20367842,B722,_,00020,270
B722__00010.271,13.969075621689331,42.20272047500001,B722,_,00010,271
B722__00600.271,14.005958307344457,42.130787405,B722,_,00600,271
B722__00540.271,14.04550420025405,42.13426892,B722,_,00540,271
B722__00530.271,14.028804113682131,42.139030465000005,B722,_,00530,271
B722__00520.271,14.011224558579624,42.139038584999994,B722,_,00520,271
B722__0051.271,14.003365345410959,42.13927991,B722,_,0051,271
B722__00430.271,14.034158270444648,42.153548945,B722,_,00430,271
B722__00420.271,14.00759964640664,42.148944349999994,B722,_,00420,271
B722__00410.271,14.00810004089586,42.15047961,B722,_,00410,271
B722__00390.271,14.002671842436897,42.14348145,B722,_,00390,271
B722__00380.271,13.997647981730903,42.13985433,B722,_,00380,271
B722__00370.271,13.99280149183784,42.139221655,B722,_,00370,271
B722__00360.271,13.994655710377263,42.14746392,B722,_,00360,271
B722__00350.271,13.980420947096894,42.14251018,B722,_,00350,271
B722__00290.271,14.013124969447771,42.160734215000005,B722,_,00290,271
B722__00270.271,13.990376603060138,42.15302576,B722,_,00270,271
B722__00260.271,13.98202789990237,42.157128305,B722,_,00260,271
B722__00250.271,13.984312316130588,42.16150528,B722,_,00250,271
B722__00230.271,14.066741588458004,42.162726625,B722,_,00230,271
B722__00220.271,14.052157968883588,42.16642702,B722,_,00220,271
B722__00210.271,14.030998075411599,42.17137459,B722,_,00210,271
B722__00190.271,13.991912282352732,42.164438315,B722,_,00190,271
B722__00180.271,14.025060880519913,42.17371489,B722,_,00180,271
B722__00160.271,14.003161108307896,42.17294801,B722,_,00160,271
B722__00150.271,13.989815801688248,42.174489175,B722,_,00150,271
B722__00140.271,13.98773839776917,42.16643338,B722,_,00140,271
B722__00120.271,14.005390879128054,42.193913155000004,B722,_,00120,271
B722__00110.271,13.991913438874942,42.177978545,B722,_,00110,271
B722__00100.271,13.978371095344071,42.182144825,B722,_,00100,271
B722__0009.271,13.971002610693075,42.18595506,B722,_,0009,271
B722__00080.271,13.965445895145447,42.184319375,B722,_,00080,271
B722__00070.271,13.998089509673651,42.191443485,B722,_,00070,271
B722__00050.271,13.969488583374453,42.192252325,B722,_,00050,271
B722__00040.271,13.98017289675806,42.1962522,B722,_,00040,271
B722__00030.271,13.965215675026343,42.193908545,B722,_,00030,271
B722__00020.271,13.984295553590346,42.203436485,B722,_,00020,271
B722__00010.272,13.969325766775711,42.20301446,B722,_,00010,272
B722__00600.272,14.00586654531888,42.128813945,B722,_,00600,272
B722__00540.272,14.045933704603772,42.13453828,B722,_,00540,272
B722__00530.272,14.029292822957188,42.139201365000005,B722,_,00530,272
B722__00520.272,14.012001335128442,42.138636025,B722,_,00520,272
B722__0051.272,14.003582978558644,42.13931851,B722,_,0051,272
B722__00430.272,14.034341790608,42.15325487,B722,_,00430,272
B722__00420.272,14.010200381375084,42.148048825000004,B722,_,00420,272
B722__00410.272,14.008427286580405,42.150336345,B722,_,00410,272
B722__00390.272,14.002595887464832,42.143556785,B722,_,00390,272
B722__00380.272,13.997627683648243,42.139932814999995,B722,_,00380,272
B722__00370.272,13.994719962253967,42.139466475000006,B722,_,00370,272
B722__00360.272,13.994685021804274,42.148343645,B722,_,00360,272
B722__00350.272,13.980788319373923,42.143084335,B722,_,00350,272
B722__00290.272,14.013218091996283,42.16063052,B722,_,00290,272
B722__0028.272,13.99850959913281,42.158100535,B722,_,0028,272
B722__00270.272,13.990631687851378,42.153124035,B722,_,00270,272
B722__00260.272,13.98233510129296,42.15676313,B722,_,00260,272
B722__00250.272,13.984388780968157,42.161421915000005,B722,_,00250,272
B722__00230.272,14.067297044895277,42.162660224999996,B722,_,00230,272
B722__00220.272,14.052290760910429,42.166786955000006,B722,_,00220,272
B722__00210.272,14.031170936263832,42.171349405,B722,_,00210,272
B722__00200.272,14.029105777092182,42.16807301,B722,_,00200,272
B722__00190.272,13.99227202322068,42.16487375,B722,_,00190,272
B722__00180.272,14.02523896084113,42.173306045000004,B722,_,00180,272
B722__00160.272,14.003835609671485,42.17312674,B722,_,00160,272
B722__00140.272,13.988003180951395,42.16655838,B722,_,00140,272
B722__00130.272,13.977712109918873,42.170517655,B722,_,00130,272
B722__00120.272,14.005727282787007,42.193843945,B722,_,00120,272
B722__00110.272,13.992252308386544,42.178125905,B722,_,00110,272
B722__00100.272,13.978629910743983,42.182197755000004,B722,_,00100,272
B722__0009.272,13.970944853649549,42.186079115,B722,_,0009,272
B722__00080.272,13.965643911521969,42.18427259,B722,_,00080,272
B722__00070.272,13.997896325505707,42.191385415,B722,_,00070,272
B722__00050.272,13.96988110752292,42.192349664999995,B722,_,00050,272
B722__00040.272,13.980189292764662,42.19645401,B722,_,00040,272
B722__00030.272,13.964968868463664,42.194031845,B722,_,00030,272
B722__00020.272,13.984772432503423,42.203725355,B722,_,00020,272
B722__00010.273,13.96966540734347,42.202997795,B722,_,00010,273
B722__00600.273,14.006252620994086,42.128971754999995,B722,_,00600,273
B722__00540.273,14.046288290433345,42.13425619,B722,_,00540,273
B722__00530.273,14.029060704510393,42.138931465,B722,_,00530,273
B722__00520.273,14.013758925452496,42.13943395,B722,_,00520,273
B722__00430.273,14.034697246680247,42.153236484999994,B722,_,00430,273
B722__00420.273,14.010397602545659,42.14810923,B722,_,00420,273
B722__00410.273,14.009281097021468,42.150122735,B722,_,00410,273
B722__00400.273,14.003823317997114,42.150784900000005,B722,_,00400,273
B722__00390.273,14.002661895785902,42.1435558,B722,_,00390,273
B722__00380.273,13.997768806719524,42.140091084999995,B722,_,00380,273
B722__00370.273,13.994343785603242,42.13906546,B722,_,00370,273
B722__00360.273,13.994865057041263,42.147912325,B722,_,00360,273
B722__00350.273,13.980443874430442,42.143873479999996,B722,_,00350,273
B722__0028.273,13.998558917023688,42.158112994999996,B722,_,0028,273
B722__00270.273,13.991040371699281,42.15331668,B722,_,00270,273
B722__00260.273,13.982352741834305,42.15705964,B722,_,00260,273
B722__00250.273,13.984829549684306,42.161501365,B722,_,00250,273
B722__00230.273,14.065105959084173,42.164612410000004,B722,_,00230,273
B722__00220.273,14.052881717518932,42.166551999999996,B722,_,00220,273
B722__00210.273,14.02974808259424,42.170646265,B722,_,00210,273
B722__00200.273,14.02908647391904,42.168291175,B722,_,00200,273
B722__00190.273,13.992536160740809,42.164660215,B722,_,00190,273
B722__00180.273,14.025464883717543,42.17317506,B722,_,00180,273
B722__00160.273,14.00389765005869,42.173217625,B722,_,00160,273
B722__00150.273,13.989516206572599,42.174182204999994,B722,_,00150,273
B722__00140.273,13.988169221940304,42.166357989999995,B722,_,00140,273
B722__00130.273,13.978741710763785,42.170740859999995,B722,_,00130,273
B722__00120.273,14.005521812649022,42.193469230000005,B722,_,00120,273
B722__00110.273,13.99010214370421,42.18065603,B722,_,00110,273
B722__00100.273,13.978465944070981,42.182087769999995,B722,_,00100,273
B722__0009.273,13.971205479027564,42.18628003,B722,_,0009,273
B722__00080.273,13.966434055317556,42.18453801,B722,_,00080,273
B722__00070.273,13.997147284426337,42.191448359999995,B722,_,00070,273
B722__00060.273,13.987426806964098,42.19738752,B722,_,00060,273
B722__00050.273,13.970567423954824,42.19218281,B722,_,00050,273
B722__00040.273,13.979938478931164,42.195773015,B722,_,00040,273
B722__00030.273,13.964748756374778,42.19424787,B722,_,00030,273
B722__00020.273,13.98332424487032,42.204254045,B722,_,00020,273
B722__00010.274,13.970155797192572,42.202755769999996,B722,_,00010,274
B722__00600.274,14.006752461869908,42.129116385,B722,_,00600,274
B722__00540.274,14.046329432508042,42.133866585,B722,_,00540,274
B722__00530.274,14.029409445622711,42.138882885,B722,_,00530,274
B722__00520.274,14.01438055649103,42.13972552,B722,_,00520,274
B722__0051.274,14.003554822319462,42.139250175,B722,_,0051,274
B722__00430.274,14.035155940175862,42.15311667,B722,_,00430,274
B722__00420.274,14.010468996565162,42.148155020000004,B722,_,00420,274
B722__00410.274,14.007173562724065,42.151761295,B722,_,00410,274
B722__00390.274,14.002639731366763,42.14351308,B722,_,00390,274
B722__00380.274,13.997878014747084,42.139901699999996,B722,_,00380,274
B722__00370.274,13.994579382838833,42.138932205,B722,_,00370,274
B722__00360.274,13.994924266048445,42.147798335000004,B722,_,00360,274
B722__00350.274,13.970730444438846,42.141592485000004,B722,_,00350,274
B722__00290.274,14.013621202501305,42.16038576,B722,_,00290,274
B722__0028.274,13.99863336882316,42.15812037,B722,_,0028,274
B722__00270.274,13.991492792901912,42.152961864999995,B722,_,00270,274
B722__00260.274,13.982548782990792,42.15721849,B722,_,00260,274
B722__00250.274,13.985076390036253,42.16151074,B722,_,00250,274
B722__00230.274,14.065652313130425,42.16276204,B722,_,00230,274
B722__00220.274,14.05281558172187,42.166039335,B722,_,00220,274
B722__00210.274,14.029879376891826,42.170575255,B722,_,00210,274
B722__00190.274,13.992796227661124,42.164232965,B722,_,00190,274
B722__00180.274,14.026295043178301,42.173083845,B722,_,00180,274
B722__00160.274,14.008748885027172,42.177183395,B722,_,00160,274
B722__00150.274,13.990031135963592,42.173544475,B722,_,00150,274
B722__00140.274,13.987911574330575,42.16645983,B722,_,00140,274
B722__00130.274,13.975699618598878,42.175842085,B722,_,00130,274
B722__00120.274,14.005885948303945,42.19372545,B722,_,00120,274
B722__00110.274,13.990205551688376,42.18057295,B722,_,00110,274
B722__00100.274,13.978559387092577,42.1820194,B722,_,00100,274
B722__0009.274,13.971357560154269,42.186150874999996,B722,_,0009,274
B722__00080.274,13.966720208270836,42.184327425,B722,_,00080,274
B722__00070.274,13.99683209493623,42.191371465,B722,_,00070,274
B722__00050.274,13.970489842936548,42.1924182,B722,_,00050,274
B722__00040.274,13.980135342701441,42.19573556,B722,_,00040,274
B722__00030.274,13.964605768298709,42.19435441500001,B722,_,00030,274
B722__00020.274,13.984077711445888,42.20276351,B722,_,00020,274
B722__00010.275,13.97022272853498,42.202855645,B722,_,00010,275
B722__00600.275,14.006912240410045,42.129708725,B722,_,00600,275
B722__00540.275,14.046683554386577,42.134115105,B722,_,00540,275
B722__00530.275,14.030644490226896,42.138950030000004,B722,_,00530,275
B722__0051.275,14.003691062584938,42.139200485,B722,_,0051,275
B722__00430.275,14.035745285655736,42.153616625,B722,_,00430,275
B722__00420.275,14.010583381207852,42.14808403,B722,_,00420,275
B722__00410.275,14.007821476664018,42.152599124999995,B722,_,00410,275
B722__00400.275,14.00385173108744,42.150879149999994,B722,_,00400,275
B722__00390.275,14.002675016146512,42.14352491,B722,_,00390,275
B722__00380.275,13.997924288980442,42.139826865,B722,_,00380,275
B722__00370.275,13.994160471427488,42.13892456000001,B722,_,00370,275
B722__00360.275,13.994960758039992,42.147743365,B722,_,00360,275
B722__00350.275,13.970471832103781,42.14146549,B722,_,00350,275
B722__00290.275,14.013913710572673,42.160082925,B722,_,00290,275
B722__00270.275,13.991665816501325,42.153115815,B722,_,00270,275
B722__00260.275,13.984185426196284,42.163026904999995,B722,_,00260,275
B722__00250.275,13.972775700628793,42.16049937,B722,_,00250,275
B722__00230.275,14.065688554064817,42.16312061,B722,_,00230,275
B722__00220.275,14.052798730826321,42.16557418,B722,_,00220,275
B722__00210.275,14.03024902753616,42.170718885,B722,_,00210,275
B722__00200.275,14.029330424398735,42.16877784,B722,_,00200,275
B722__00190.275,13.992922429949784,42.164157945,B722,_,00190,275
B722__00180.275,14.026100723200265,42.17341303,B722,_,00180,275
B722__00160.275,14.009090153364344,42.17708024,B722,_,00160,275
B722__00150.275,13.990334029276486,42.17341004,B722,_,00150,275
B722__00140.275,13.98733488236092,42.16630995,B722,_,00140,275
B722__00130.275,13.979703173495466,42.17692764,B722,_,00130,275
B722__00120.275,14.00570488977183,42.193364355,B722,_,00120,275
B722__00110.275,13.990336406276302,42.18054089,B722,_,00110,275
B722__00100.275,13.9786789743163,42.181977,B722,_,00100,275
B722__0009.275,13.971259454513335,42.18608374,B722,_,0009,275
B722__00080.275,13.967139692058673,42.18437276,B722,_,00080,275
B722__00070.275,13.996480163401312,42.191328245,B722,_,00070,275
B722__00060.275,13.987667390505614,42.197417529999996,B722,_,00060,275
B722__00050.275,13.971082467541919,42.19259789,B722,_,00050,275
B722__00040.275,13.980654470620387,42.195792195,B722,_,00040,275
B722__00030.275,13.965464998162995,42.19436919,B722,_,00030,275
B722__00020.275,13.984701505850454,42.203165345,B722,_,00020,275
B722__00010.276,13.97028738598269,42.2029798,B722,_,00010,276
B722__00600.276,14.006352287731808,42.130217169999995,B722,_,00600,276
B722__00540.276,14.047164319414996,42.133592715000006,B722,_,00540,276
B722__00530.276,14.031028990643657,42.13893277,B722,_,00530,276
B722__00520.276,14.015169151172824,42.141064920000005,B722,_,00520,276
B722__00430.276,14.03605991345906,42.153220285,B722,_,00430,276
B722__00420.276,14.010658562078143,42.147993334999995,B722,_,00420,276
B722__00410.276,14.00755687266144,42.153070115000006,B722,_,00410,276
B722__00400.276,14.004105160711802,42.15091746,B722,_,00400,276
B722__00390.276,14.002857905655318,42.143765355,B722,_,00390,276
B722__00380.276,13.998001224140143,42.140142575,B722,_,00380,276
B722__00370.276,13.99441334787373,42.13868676,B722,_,00370,276
B722__00360.276,13.99499619462981,42.1476848,B722,_,00360,276
B722__00350.276,13.970183202506966,42.14131999,B722,_,00350,276
B722__00290.276,14.014124614081986,42.160089215,B722,_,00290,276
B722__00270.276,13.99172542277139,42.153188365,B722,_,00270,276
B722__00260.276,13.984471299256729,42.163198925,B722,_,00260,276
B722__00250.276,13.972544008548608,42.159563315,B722,_,00250,276
B722__00230.276,14.059359505351903,42.16578197,B722,_,00230,276
B722__00220.276,14.053165143237873,42.165434685,B722,_,00220,276
B722__00210.276,14.030341127666055,42.17053414,B722,_,00210,276
B722__00200.276,14.029368020046824,42.168550530000005,B722,_,00200,276
B722__00190.276,14.008022481698019,42.164937835,B722,_,00190,276
B722__00180.276,14.026195114895314,42.173710475,B722,_,00180,276
B722__00160.276,14.00872051406952,42.17563028,B722,_,00160,276
B722__00140.276,13.987801476333047,42.166259960000005,B722,_,00140,276
B722__00120.276,14.006560812156586,42.193960105,B722,_,00120,276
B722__00110.276,13.990471659962596,42.18048882,B722,_,00110,276
B722__00100.276,13.978772399165432,42.181852835,B722,_,00100,276
B722__0009.276,13.971306616482792,42.18591685,B722,_,0009,276
B722__00080.276,13.963058542246495,42.183688735000004,B722,_,00080,276
B722__00070.276,13.997054718342044,42.19122792,B722,_,00070,276
B722__00050.276,13.971097698533207,42.192391515,B722,_,00050,276
B722__00040.276,13.980479439448281,42.195950915,B722,_,00040,276
B722__00030.276,13.965590162943883,42.19459383,B722,_,00030,276
B722__00020.276,13.985266008463245,42.203275155,B722,_,00020,276
B722__00010.277,13.970439399361805,42.203203965,B722,_,00010,277
B722__00600.277,14.006032080862088,42.1294564,B722,_,00600,277
B722__00540.277,14.047345016650294,42.133866685,B722,_,00540,277
B722__00530.277,14.030881420620785,42.138566525,B722,_,00530,277
B722__00520.277,14.016338834536523,42.141240280000005,B722,_,00520,277
B722__0051.277,14.00337154790994,42.139054630000004,B722,_,0051,277
B722__00430.277,14.01854639296058,42.152304595000004,B722,_,00430,277
B722__00420.277,14.010956608903488,42.147760105,B722,_,00420,277
B722__00410.277,14.008654256319629,42.15311022,B722,_,00410,277
B722__00390.277,14.00296036569904,42.143710135,B722,_,00390,277
B722__00380.277,13.99808081873411,42.139970965,B722,_,00380,277
B722__00370.277,13.994011078215774,42.138725640000004,B722,_,00370,277
B722__00360.277,13.995227610407765,42.14780534,B722,_,00360,277
B722__00350.277,13.981154453402294,42.141469815,B722,_,00350,277
B722__00290.277,14.014323314589898,42.16009307,B722,_,00290,277
B722__0028.277,13.998845301455603,42.15795161,B722,_,0028,277
B722__00260.277,13.982876331347573,42.15713874,B722,_,00260,277
B722__00250.277,13.972191696294384,42.15916988,B722,_,00250,277
B722__00230.277,14.059598164433226,42.165989284999995,B722,_,00230,277
B722__00220.277,14.053078881827702,42.16498345,B722,_,00220,277
B722__00210.277,14.030438791101588,42.170384045,B722,_,00210,277
B722__00200.277,14.02955264565672,42.168504325,B722,_,00200,277
B722__00190.277,13.9929307520311,42.164818925,B722,_,00190,277
B722__00180.277,14.027953341606334,42.17308213,B722,_,00180,277
B722__00160.277,14.008812118827214,42.17559077,B722,_,00160,277
B722__00150.277,13.9948863240372,42.175407015000005,B722,_,00150,277
B722__00140.277,13.983675639686087,42.173545185,B722,_,00140,277
B722__00130.277,13.983081821619184,42.17384323,B722,_,00130,277
B722__00120.277,14.006622198048621,42.19389558,B722,_,00120,277
B722__00110.277,13.990557443757867,42.180344015,B722,_,00110,277
B722__00100.277,13.97806767472473,42.18238757,B722,_,00100,277
B722__0009.277,13.971225756444444,42.18583221,B722,_,0009,277
B722__00080.277,13.963463831286806,42.18389869,B722,_,00080,277
B722__00070.277,13.997621742998223,42.19086766,B722,_,00070,277
B722__00060.277,13.98807560663056,42.197413295000004,B722,_,00060,277
B722__00050.277,13.971154305034887,42.192270185,B722,_,00050,277
B722__00040.277,13.980508456393167,42.195868329999996,B722,_,00040,277
B722__00030.277,13.96578207290004,42.194805695,B722,_,00030,277
B722__00020.277,13.985517338010027,42.204283165,B722,_,00020,277
B722__00010.278,13.969664262446265,42.203414859999995,B722,_,00010,278
B722__00600.278,14.0055513985231,42.129533555,B722,_,00600,278
B722__00540.278,14.047618563533671,42.148372034999994,B722,_,00540,278
B722__00530.278,14.032105809397622,42.13907987,B722,_,00530,278
B722__00520.278,14.017080559760844,42.141714185,B722,_,00520,278
B722__0051.278,14.003551110861219,42.139035895,B722,_,0051,278
B722__00430.278,14.01964131221656,42.152294995,B722,_,00430,278
B722__00420.278,14.01093169432658,42.147933345,B722,_,00420,278
B722__00410.278,14.00762598133812,42.153246775,B722,_,00410,278
B722__00400.278,14.002938095102067,42.15056801,B722,_,00400,278
B722__00390.278,14.002820537227148,42.14358667,B722,_,00390,278
B722__00380.278,13.998184219147841,42.139361515000004,B722,_,00380,278
B722__00370.278,13.994281885731183,42.138522165,B722,_,00370,278
B722__00360.278,13.995218897619466,42.14792071,B722,_,00360,278
B722__00350.278,13.972812286929647,42.14174803,B722,_,00350,278
B722__00290.278,14.01443346425926,42.16023659,B722,_,00290,278
B722__0028.278,13.998858769076623,42.157995115000006,B722,_,0028,278
B722__00260.278,13.982633603102101,42.156783265,B722,_,00260,278
B722__00250.278,13.972306689095419,42.159011050000004,B722,_,00250,278
B722__00230.278,14.062751172562301,42.16747785,B722,_,00230,278
B722__00220.278,14.053421370839155,42.164927695,B722,_,00220,278
B722__00210.278,14.034776474624929,42.173296844999996,B722,_,00210,278
B722__00200.278,14.029565772916257,42.16833931,B722,_,00200,278
B722__00190.278,13.992977643772281,42.16465945,B722,_,00190,278
B722__00180.278,14.027677863941442,42.172799014999995,B722,_,00180,278
B722__00160.278,14.00649543258309,42.171704445,B722,_,00160,278
B722__00150.278,13.99758801287592,42.17408647,B722,_,00150,278
B722__00140.278,13.987875142344516,42.166026185,B722,_,00140,278
B722__00120.278,14.004821256082105,42.1915566,B722,_,00120,278
B722__00110.278,13.990134870057606,42.18000411,B722,_,00110,278
B722__00100.278,13.979244548560834,42.181907075,B722,_,00100,278
B722__0009.278,13.971101748011247,42.185705475000006,B722,_,0009,278
B722__00080.278,13.96403236458583,42.18383213,B722,_,00080,278
B722__00070.278,13.997939588327231,42.19124366,B722,_,00070,278
B722__00060.278,13.988038603613743,42.197481005,B722,_,00060,278
B722__00050.278,13.970986054715878,42.191995585,B722,_,00050,278
B722__00040.278,13.980421257826041,42.19577264,B722,_,00040,278
B722__00030.278,13.965642840880662,42.194333165,B722,_,00030,278
B722__00020.278,13.985829137919076,42.204332045,B722,_,00020,278
B722__00010.279,13.971005342237255,42.203139934999996,B722,_,00010,279
B722__00600.279,14.005666940386464,42.129854124999994,B722,_,00600,279
B722__00540.279,14.038348189212016,42.146604695,B722,_,00540,279
B722__00530.279,14.032866200970195,42.138627549999995,B722,_,00530,279
B722__00520.279,14.017166650435287,42.14152436,B722,_,00520,279
B722__0051.279,14.003679218852213,42.139063905,B722,_,0051,279
B722__00430.279,14.021693692045526,42.151794914999996,B722,_,00430,279
B722__00420.279,14.01083958391065,42.14822035500001,B722,_,00420,279
B722__00410.279,14.009246664657297,42.153490340000005,B722,_,00410,279
B722__00400.279,14.002541815391336,42.150423105,B722,_,00400,279
B722__00390.279,14.00282238435637,42.14353947,B722,_,00390,279
B722__00380.279,13.998297287536586,42.139901699999996,B722,_,00380,279
B722__00370.279,13.993877602389084,42.138587169999994,B722,_,00370,279
B722__00360.279,13.995454444176854,42.148047625000004,B722,_,00360,279
B722__00350.279,13.972233786770282,42.14129083,B722,_,00350,279
B722__00290.279,14.014445577852285,42.160084595,B722,_,00290,279
B722__00270.279,13.99206982497444,42.153753699999996,B722,_,00270,279
B722__00260.279,13.982958019922147,42.15668315,B722,_,00260,279
B722__00250.279,13.97287926390501,42.15918258,B722,_,00250,279
B722__00230.279,14.06302267693507,42.167553825,B722,_,00230,279
B722__00220.279,14.053914030198396,42.16555808,B722,_,00220,279
B722__00210.279,14.035664872916714,42.173590595,B722,_,00210,279
B722__00200.279,14.029775016848287,42.168431135000006,B722,_,00200,279
B722__00190.279,13.993128820109941,42.164191315,B722,_,00190,279
B722__00180.279,14.030092941287524,42.17282123,B722,_,00180,279
B722__00160.279,14.005271376684455,42.17205971,B722,_,00160,279
B722__00150.279,14.003129778889031,42.174085785,B722,_,00150,279
B722__00140.279,13.988269496970961,42.16623744,B722,_,00140,279
B722__00130.279,13.983076447892405,42.17371827,B722,_,00130,279
B722__00120.279,14.005128378035556,42.191463795000004,B722,_,00120,279
B722__00110.279,13.991993222497307,42.179246324999994,B722,_,00110,279
B722__00100.279,13.978772792318232,42.182284385,B722,_,00100,279
B722__0009.279,13.971321512585451,42.18572046,B722,_,0009,279
B722__00080.279,13.96379600727169,42.183642985,B722,_,00080,279
B722__00070.279,13.997992076466115,42.191319820000004,B722,_,00070,279
B722__00060.279,13.987405852470232,42.191120940000005,B722,_,00060,279
B722__00050.279,13.971519635292601,42.192109005000006,B722,_,00050,279
B722__00040.279,13.98042733122154,42.195701485,B722,_,00040,279
B722__00030.279,13.965294695415952,42.194030675,B722,_,00030,279
B722__00020.279,13.986278306224472,42.204519405,B722,_,00020,279
B722__00010.28,13.971754121056428,42.209841155,B722,_,00010,28
B722__00610.28,13.99423067817788,42.120503575,B722,_,00610,28
B722__00600.28,14.010362663969541,42.13350978,B722,_,00600,28
B722__00590.28,13.987339270986254,42.12338642,B722,_,00590,28
B722__00540.28,14.0391860519981,42.14685848,B722,_,00540,28
B722__00520.28,14.0097837860551,42.142880155,B722,_,00520,28
B722__0051.28,14.003847389251906,42.142661875,B722,_,0051,28
B722__00500.28,13.984779175189246,42.133727715,B722,_,00500,28
B722__00490.28,13.989335235032968,42.13183037,B722,_,00490,28
B722__00480.28,13.970061937051698,42.138196050000005,B722,_,00480,28
B722__00450.28,14.051552228294184,42.14375885,B722,_,00450,28
B722__00440.28,14.040071625832912,42.15386493,B722,_,00440,28
B722__00430.28,14.029998363383978,42.157690785,B722,_,00430,28
B722__00420.28,14.008327029486402,42.150089615,B722,_,00420,28
B722__00410.28,14.00711413323135,42.158886100000004,B722,_,00410,28
B722__00390.28,14.001802499540066,42.145197935,B722,_,00390,28
B722__00380.28,13.998827220710497,42.141668554999995,B722,_,00380,28
B722__00370.28,13.98627344662264,42.14479448,B722,_,00370,28
B722__00360.28,13.99669536637343,42.15287849,B722,_,00360,28
B722__00350.28,13.975118350394506,42.14535488,B722,_,00350,28
B722__00340.28,13.974599448062884,42.147227400000006,B722,_,00340,28
B722__00330.28,13.971721129821951,42.15446158,B722,_,00330,28
B722__00310.28,14.03738006131114,42.163210525,B722,_,00310,28
B722__00300.28,14.034023330964118,42.16505814,B722,_,00300,28
B722__00290.28,14.005808610845722,42.162171205,B722,_,00290,28
B722__0028.28,13.996934153562805,42.15884449000001,B722,_,0028,28
B722__00260.28,13.985405538797465,42.164922204999996,B722,_,00260,28
B722__00250.28,13.977675962398168,42.1661654,B722,_,00250,28
B722__00230.28,14.069678634011648,42.170495599999995,B722,_,00230,28
B722__00220.28,14.049703045395583,42.17235433,B722,_,00220,28
B722__00210.28,14.0377286932147,42.172461670000004,B722,_,00210,28
B722__00200.28,14.023184356181723,42.169908395,B722,_,00200,28
B722__00190.28,14.00120554880915,42.169756895,B722,_,00190,28
B722__00180.28,14.023169254329307,42.177809745000005,B722,_,00180,28
B722__00170.28,14.006165133803394,42.179651629999995,B722,_,00170,28
B722__00160.28,14.009697273821795,42.174818085,B722,_,00160,28
B722__00150.28,13.994073198843665,42.176532605000006,B722,_,00150,28
B722__00140.28,13.987457684594741,42.17394759,B722,_,00140,28
B722__00130.28,13.98011843123454,42.177608754999994,B722,_,00130,28
B722__00120.28,14.006944867546448,42.193645125,B722,_,00120,28
B722__00110.28,13.996179513152978,42.18648579,B722,_,00110,28
B722__00100.28,13.983442928375396,42.188883895000004,B722,_,00100,28
B722__0009.28,13.96819787444382,42.187853035,B722,_,0009,28
B722__00080.28,13.960066616593014,42.190049805,B722,_,00080,28
B722__00060.28,13.986847914288083,42.19951043499999,B722,_,00060,28
B722__00040.28,13.974747956664526,42.20192475,B722,_,00040,28
B722__00030.28,13.962212554944069,42.199130305,B722,_,00030,28
B722__00020.28,13.977924110145612,42.20811924,B722,_,00020,28
B722__00010.280,13.971837245434147,42.203222505,B722,_,00010,280
B722__00600.280,14.005209454456939,42.129946094999994,B722,_,00600,280
B722__00540.280,14.042075453450149,42.145275135,B722,_,00540,280
B722__00530.280,14.03361378132536,42.138523365,B722,_,00530,280
B722__00520.280,14.017478277434417,42.14176751,B722,_,00520,280
B722__0051.280,14.00371805545625,42.139162435,B722,_,0051,280
B722__00430.280,14.023229766467628,42.152523705,B722,_,00430,280
B722__00420.280,14.011182588533316,42.147692864999996,B722,_,00420,280
B722__00410.280,14.008696607659132,42.1536627,B722,_,00410,280
B722__00400.280,14.003241716056426,42.150727184999994,B722,_,00400,280
B722__00380.280,13.998513400247683,42.14017698,B722,_,00380,280
B722__00370.280,13.99417930228077,42.138398185,B722,_,00370,280
B722__00360.280,13.995581857401517,42.14786301,B722,_,00360,280
B722__00350.280,13.972434845790389,42.14117389,B722,_,00350,280
B722__00290.280,14.014660872465377,42.160147054999996,B722,_,00290,280
B722__00270.280,13.992458346488718,42.15383353,B722,_,00270,280
B722__00260.280,13.983069952231176,42.157049889999996,B722,_,00260,280
B722__00250.280,13.972958565192735,42.159011050000004,B722,_,00250,280
B722__00230.280,14.06704852345593,42.161280445,B722,_,00230,280
B722__00220.280,14.053742820690374,42.166461825,B722,_,00220,280
B722__00210.280,14.040235762487278,42.171322735000004,B722,_,00210,280
B722__00200.280,14.029548791127407,42.168695465,B722,_,00200,280
B722__00190.280,13.993216849428492,42.16467785,B722,_,00190,280
B722__00180.280,14.029712177368744,42.173047600000004,B722,_,00180,280
B722__00160.280,14.005474888660562,42.171910409999995,B722,_,00160,280
B722__00150.280,14.00591778796305,42.175357289999994,B722,_,00150,280
B722__00140.280,13.988291663234238,42.166034935,B722,_,00140,280
B722__00130.280,13.97729638522678,42.17481091,B722,_,00130,280
B722__00120.280,14.009445064309276,42.189837735,B722,_,00120,280
B722__00110.280,13.99224641493539,42.17935017,B722,_,00110,280
B722__00100.280,13.979203048659908,42.182204325,B722,_,00100,280
B722__0009.280,13.971238144913903,42.18559266,B722,_,0009,280
B722__00080.280,13.96414482835496,42.18361113,B722,_,00080,280
B722__00070.280,13.999361307601264,42.19108166,B722,_,00070,280
B722__00060.280,13.988559800190751,42.1977813,B722,_,00060,280
B722__00050.280,13.971935594158406,42.1918279,B722,_,00050,280
B722__00040.280,13.980454944280837,42.19557263,B722,_,00040,280
B722__00030.280,13.965574254022897,42.194114424999995,B722,_,00030,280
B722__00020.280,13.985678867947929,42.204005225,B722,_,00020,280
B722__00010.281,13.97207941724448,42.20353039,B722,_,00010,281
B722__00600.281,14.004763474576105,42.13004434,B722,_,00600,281
B722__00540.281,14.045581632849206,42.145115200000006,B722,_,00540,281
B722__00530.281,14.033651103116597,42.13816096,B722,_,00530,281
B722__00520.281,14.017478765757003,42.141917025,B722,_,00520,281
B722__0051.281,14.003776564045843,42.139049,B722,_,0051,281
B722__00430.281,14.023525737358893,42.1524761,B722,_,00430,281
B722__00420.281,14.01159527923065,42.14797042,B722,_,00420,281
B722__00410.281,14.008875217807358,42.154465855,B722,_,00410,281
B722__00400.281,14.002897290733504,42.15037953,B722,_,00400,281
B722__00390.281,14.003027083613164,42.143256175,B722,_,00390,281
B722__00380.281,13.998464904160105,42.1399885,B722,_,00380,281
B722__00370.281,13.986022769748518,42.144082885,B722,_,00370,281
B722__00360.281,13.99603647126074,42.14812215,B722,_,00360,281
B722__00350.281,13.971822441195265,42.14059082,B722,_,00350,281
B722__00290.281,14.014813822865474,42.16006857,B722,_,00290,281
B722__0028.281,13.999101063916815,42.158034705,B722,_,0028,281
B722__00270.281,13.99271335864158,42.153911045,B722,_,00270,281
B722__00260.281,13.983202096473914,42.156772015,B722,_,00260,281
B722__00250.281,13.973232054829342,42.159391375,B722,_,00250,281
B722__00230.281,14.063931137974736,42.168059525000004,B722,_,00230,281
B722__00220.281,14.053690862946155,42.166662290000005,B722,_,00220,281
B722__00210.281,14.039653498344142,42.170699549999995,B722,_,00210,281
B722__00200.281,14.029649652810935,42.168649880000004,B722,_,00200,281
B722__00190.281,13.993392539942501,42.16426499,B722,_,00190,281
B722__00180.281,14.029696528229774,42.173256390000006,B722,_,00180,281
B722__00160.281,14.00788449258333,42.170670855,B722,_,00160,281
B722__00140.281,13.988507627469748,42.16597704,B722,_,00140,281
B722__00130.281,13.980615565497036,42.176404829999996,B722,_,00130,281
B722__00120.281,14.009112913020607,42.189890795,B722,_,00120,281
B722__00110.281,13.992374543304457,42.17944183,B722,_,00110,281
B722__00100.281,13.979239207551966,42.182304200000004,B722,_,00100,281
B722__0009.281,13.971436709708332,42.18570182,B722,_,0009,281
B722__00080.281,13.963988705922763,42.18306298,B722,_,00080,281
B722__00070.281,13.999591680338417,42.191016395000005,B722,_,00070,281
B722__00060.281,13.98834905172928,42.200080615,B722,_,00060,281
B722__00050.281,13.9717137717563,42.192463939999996,B722,_,00050,281
B722__00040.281,13.980625359318525,42.19559862,B722,_,00040,281
B722__00030.281,13.965775883618171,42.194271115,B722,_,00030,281
B722__00020.281,13.98626143599931,42.20425421,B722,_,00020,281
B722__00010.282,13.971865229686824,42.203095685,B722,_,00010,282
B722__00600.282,14.004462397968709,42.13011689,B722,_,00600,282
B722__00540.282,14.045114616171059,42.145229855,B722,_,00540,282
B722__00530.282,14.034585864831294,42.138120650000005,B722,_,00530,282
B722__00520.282,14.017947392684343,42.141745115,B722,_,00520,282
B722__00430.282,14.023803677698517,42.15242759,B722,_,00430,282
B722__00420.282,14.011637691516357,42.147617925,B722,_,00420,282
B722__00410.282,14.009389276990209,42.154690615,B722,_,00410,282
B722__00400.282,14.002707957931811,42.150414100000006,B722,_,00400,282
B722__00390.282,14.003242752932362,42.144951985,B722,_,00390,282
B722__00380.282,13.998717555099947,42.13951403,B722,_,00380,282
B722__00360.282,13.99580252712274,42.147901615,B722,_,00360,282
B722__00350.282,13.985461607547604,42.147960915,B722,_,00350,282
B722__00290.282,14.014838061279548,42.15998766,B722,_,00290,282
B722__0028.282,13.999156160164226,42.158064245000006,B722,_,0028,282
B722__00270.282,13.992966995702961,42.15485823,B722,_,00270,282
B722__00260.282,13.98349562828139,42.15680278,B722,_,00260,282
B722__00250.282,13.973468845042255,42.16012403,B722,_,00250,282
B722__00230.282,14.064166836825166,42.167604725,B722,_,00230,282
B722__00220.282,14.054219600407855,42.165930805,B722,_,00220,282
B722__00210.282,14.040282286125795,42.170802055,B722,_,00210,282
B722__00200.282,14.029780378926361,42.168529955,B722,_,00200,282
B722__00190.282,13.993581792182718,42.164571554999995,B722,_,00190,282
B722__00180.282,14.030308562328631,42.173201430000006,B722,_,00180,282
B722__00160.282,14.01155980594482,42.169669505,B722,_,00160,282
B722__00150.282,13.99366882858234,42.173184320000004,B722,_,00150,282
B722__00140.282,13.98817928653892,42.16672612,B722,_,00140,282
B722__00130.282,13.980367071823434,42.176264465,B722,_,00130,282
B722__00120.282,14.010098612264175,42.182726665000004,B722,_,00120,282
B722__00110.282,13.992543606249251,42.17947314,B722,_,00110,282
B722__00100.282,13.979553553309726,42.18239344,B722,_,00100,282
B722__0009.282,13.971637156771044,42.18567064,B722,_,0009,282
B722__00080.282,13.964233197636872,42.18327887,B722,_,00080,282
B722__00070.282,13.999734813731758,42.1913093,B722,_,00070,282
B722__00050.282,13.971403840100706,42.19273759,B722,_,00050,282
B722__00040.282,13.980612296261436,42.195508630000006,B722,_,00040,282
B722__00030.282,13.966094342126627,42.19458235,B722,_,00030,282
B722__00020.282,13.986557328784542,42.204259324999995,B722,_,00020,282
B722__00010.283,13.972202087565037,42.203542405,B722,_,00010,283
B722__00600.283,14.004900946992993,42.130406695000005,B722,_,00600,283
B722__00540.283,14.045111079207704,42.1446134,B722,_,00540,283
B722__00530.283,14.035995024444556,42.137988395,B722,_,00530,283
B722__00520.283,14.018838323937699,42.14202653,B722,_,00520,283
B722__00430.283,14.024456757191908,42.151639955,B722,_,00430,283
B722__00420.283,14.009203443867282,42.146693945,B722,_,00420,283
B722__00410.283,14.009712237911994,42.15479767,B722,_,00410,283
B722__00400.283,14.003945095396622,42.15075744,B722,_,00400,283
B722__00390.283,14.003403111465893,42.144790185000005,B722,_,00390,283
B722__00380.283,13.998762316260159,42.139945675,B722,_,00380,283
B722__00370.283,13.985770992265211,42.143492805,B722,_,00370,283
B722__00360.283,13.995811677581928,42.148354795,B722,_,00360,283
B722__00350.283,13.97406046790017,42.14452849,B722,_,00350,283
B722__00290.283,14.015329386950986,42.160345684999996,B722,_,00290,283
B722__0028.283,13.999105115454272,42.158123315,B722,_,0028,283
B722__00270.283,13.993250487968542,42.154375605,B722,_,00270,283
B722__00260.283,13.983711557173667,42.157271055,B722,_,00260,283
B722__00250.283,13.974064860971833,42.1601722,B722,_,00250,283
B722__00230.283,14.062894496256783,42.169936395,B722,_,00230,283
B722__00220.283,14.055039663984562,42.166071245,B722,_,00220,283
B722__00210.283,14.03325425965253,42.17255411,B722,_,00210,283
B722__00190.283,13.993448768384026,42.164674245,B722,_,00190,283
B722__00180.283,14.031058256866993,42.173167325,B722,_,00180,283
B722__00160.283,14.011528924449129,42.169504155,B722,_,00160,283
B722__00150.283,13.994849602110648,42.17244276,B722,_,00150,283
B722__00140.283,13.98833481136906,42.166548915,B722,_,00140,283
B722__00130.283,13.980506047316013,42.176029,B722,_,00130,283
B722__00120.283,14.006129284693504,42.193789075,B722,_,00120,283
B722__00110.283,13.992701853508123,42.179499905,B722,_,00110,283
B722__00100.283,13.979187193592534,42.182561774999996,B722,_,00100,283
B722__00080.283,13.964880044853345,42.183408439999994,B722,_,00080,283
B722__00070.283,13.999821916708333,42.19082539,B722,_,00070,283
B722__00060.283,13.989481244797364,42.197760445,B722,_,00060,283
B722__00050.283,13.971519039863468,42.19280307,B722,_,00050,283
B722__00040.283,13.981014634379186,42.195810325,B722,_,00040,283
B722__00030.283,13.96595902767477,42.194530775000004,B722,_,00030,283
B722__00020.283,13.986398185603683,42.204046115,B722,_,00020,283
B722__00010.284,13.972580949374262,42.203630985000004,B722,_,00010,284
B722__00600.284,14.004576896116191,42.130448,B722,_,00600,284
B722__00540.284,14.045716857264027,42.145602235,B722,_,00540,284
B722__00530.284,14.036182071613426,42.13847458,B722,_,00530,284
B722__00520.284,14.018980633311,42.142316339999994,B722,_,00520,284
B722__00430.284,14.025179287744532,42.15212041,B722,_,00430,284
B722__00420.284,14.007286578327719,42.146414755,B722,_,00420,284
B722__00410.284,14.010367737904023,42.154436645000004,B722,_,00410,284
B722__00400.284,14.004053543173,42.15080585,B722,_,00400,284
B722__00390.284,14.003211331859713,42.14471274500001,B722,_,00390,284
B722__00380.284,13.999023236644998,42.140157545,B722,_,00380,284
B722__00370.284,13.985808490418055,42.143815720000006,B722,_,00370,284
B722__00360.284,13.996371161078553,42.14817884,B722,_,00360,284
B722__00350.284,13.97429965790897,42.144757735,B722,_,00350,284
B722__00290.284,14.015058697290122,42.159982865,B722,_,00290,284
B722__0028.284,13.999251946192171,42.15812022,B722,_,0028,284
B722__00270.284,13.993633206159972,42.154738125,B722,_,00270,284
B722__00260.284,13.98270553962109,42.157620765,B722,_,00260,284
B722__00250.284,13.973816620146184,42.15973467,B722,_,00250,284
B722__00230.284,14.066902869699653,42.16671438,B722,_,00230,284
B722__00220.284,14.055502603762513,42.165954485,B722,_,00220,284
B722__00210.284,14.040150174675333,42.165904139999995,B722,_,00210,284
B722__00180.284,14.031112149937536,42.173489079999996,B722,_,00180,284
B722__00160.284,14.01194862083884,42.169976485,B722,_,00160,284
B722__00150.284,13.995548746027401,42.173718345,B722,_,00150,284
B722__00140.284,13.988971697315911,42.16621439,B722,_,00140,284
B722__00130.284,13.97992787787453,42.176661475,B722,_,00130,284
B722__00120.284,14.009516166025561,42.19096207,B722,_,00120,284
B722__00110.284,13.992878786449554,42.179553645,B722,_,00110,284
B722__0009.284,13.971517134587781,42.1855099,B722,_,0009,284
B722__00080.284,13.965361334247614,42.182839545,B722,_,00080,284
B722__00070.284,14.000047592489134,42.191171175,B722,_,00070,284
B722__00060.284,13.989852631787244,42.197927435,B722,_,00060,284
B722__00050.284,13.97178138824643,42.192767360000005,B722,_,00050,284
B722__00040.284,13.981176756439572,42.196139599999995,B722,_,00040,284
B722__00030.284,13.96609759193994,42.194798505,B722,_,00030,284
B722__00020.284,13.985770278606221,42.203875690000004,B722,_,00020,284
B722__00010.285,13.972305956563186,42.203316415,B722,_,00010,285
B722__00600.285,14.004328700797728,42.130498855,B722,_,00600,285
B722__00540.285,14.046273979684273,42.145310455,B722,_,00540,285
B722__00530.285,14.037026653168837,42.137988395,B722,_,00530,285
B722__00520.285,14.007529946294884,42.139484280000005,B722,_,00520,285
B722__00430.285,14.025323966202738,42.151505740000005,B722,_,00430,285
B722__00420.285,14.0080943394469,42.14646958,B722,_,00420,285
B722__00390.285,14.003454032974451,42.144651214999996,B722,_,00390,285
B722__00380.285,13.99887396251072,42.14001189,B722,_,00380,285
B722__00370.285,13.985797462636825,42.143858425000005,B722,_,00370,285
B722__00360.285,13.99686781170993,42.14830832,B722,_,00360,285
B722__00350.285,13.974510392230298,42.14416186,B722,_,00350,285
B722__00290.285,14.015121050221568,42.15993053,B722,_,00290,285
B722__0028.285,13.998948717754104,42.157801195000005,B722,_,0028,285
B722__00270.285,13.994101243831839,42.154879640000004,B722,_,00270,285
B722__00260.285,13.982763693678109,42.15793922,B722,_,00260,285
B722__00250.285,13.97388098995902,42.159461115,B722,_,00250,285
B722__00230.285,14.058595150310587,42.165110005,B722,_,00230,285
B722__00220.285,14.055973477852431,42.165945215,B722,_,00220,285
B722__00210.285,14.034711951509422,42.1661346,B722,_,00210,285
B722__00160.285,14.00438667078475,42.171043345,B722,_,00160,285
B722__00150.285,13.997205278123246,42.172911065,B722,_,00150,285
B722__00140.285,13.989057123939102,42.16594929,B722,_,00140,285
B722__00130.285,13.980008934665147,42.176848225,B722,_,00130,285
B722__00120.285,14.004584081394146,42.19302835,B722,_,00120,285
B722__00110.285,13.996575956555198,42.180222619999995,B722,_,00110,285
B722__00100.285,13.979360890319354,42.182668,B722,_,00100,285
B722__00080.285,13.965933655111357,42.183439725,B722,_,00080,285
B722__00070.285,14.000486597055056,42.190694414999996,B722,_,00070,285
B722__00060.285,13.990281643529848,42.197788585,B722,_,00060,285
B722__00050.285,13.97248776529436,42.192782565,B722,_,00050,285
B722__00040.285,13.980952379110835,42.196237034999996,B722,_,00040,285
B722__00030.285,13.966130071689829,42.19491083,B722,_,00030,285
B722__00020.285,13.985676750969084,42.203699920000005,B722,_,00020,285
B722__00010.286,13.972403876362854,42.203244145,B722,_,00010,286
B722__00600.286,14.004862837471977,42.128234155,B722,_,00600,286
B722__00540.286,14.046411370693953,42.14531465,B722,_,00540,286
B722__00530.286,14.027446595048954,42.138522755,B722,_,00530,286
B722__00520.286,14.007580888258397,42.13936185,B722,_,00520,286
B722__00430.286,14.026044768313923,42.15178855,B722,_,00430,286
B722__00410.286,14.010440235079887,42.155366265,B722,_,00410,286
B722__00400.286,14.004256548079095,42.148897254999994,B722,_,00400,286
B722__00390.286,14.003284115827626,42.144525895,B722,_,00390,286
B722__00380.286,13.998837559655797,42.139927715,B722,_,00380,286
B722__00370.286,13.990233127154024,42.142256005,B722,_,00370,286
B722__00360.286,13.997002516056906,42.148160364999995,B722,_,00360,286
B722__00350.286,13.974426988418852,42.144063505,B722,_,00350,286
B722__00290.286,14.00184375338333,42.162255795,B722,_,00290,286
B722__0028.286,13.99912263532925,42.15794317,B722,_,0028,286
B722__00270.286,13.993714815286449,42.15436497,B722,_,00270,286
B722__00260.286,13.983254084131183,42.15781393,B722,_,00260,286
B722__00250.286,13.974011503753722,42.1592549,B722,_,00250,286
B722__00230.286,14.067900417583598,42.163847399999995,B722,_,00230,286
B722__00220.286,14.056439853418992,42.165798275,B722,_,00220,286
B722__00210.286,14.034960181312526,42.166362934999995,B722,_,00210,286
B722__00200.286,14.01402515438443,42.167762865,B722,_,00200,286
B722__00180.286,14.01624129472231,42.173475305,B722,_,00180,286
B722__00160.286,14.012545565228702,42.17254699,B722,_,00160,286
B722__00140.286,13.989584665946026,42.166012695,B722,_,00140,286
B722__00130.286,13.979833015564807,42.17636802,B722,_,00130,286
B722__00120.286,14.004700822693657,42.19329345,B722,_,00120,286
B722__00110.286,13.99684792069136,42.180575995,B722,_,00110,286
B722__00100.286,13.979592926353376,42.18255706,B722,_,00100,286
B722__00080.286,13.965810679792225,42.18366651,B722,_,00080,286
B722__00070.286,14.000587023129135,42.191383515,B722,_,00070,286
B722__00060.286,13.991241044073174,42.19796005,B722,_,00060,286
B722__00050.286,13.972250080986317,42.19253496,B722,_,00050,286
B722__00040.286,13.980997889646456,42.196435475,B722,_,00040,286
B722__00030.286,13.966237510449645,42.194455500000004,B722,_,00030,286
B722__00020.286,13.985611958931255,42.20369782,B722,_,00020,286
B722__00010.287,13.972357653921076,42.20320081,B722,_,00010,287
B722__00600.287,14.006351369901466,42.13054189,B722,_,00600,287
B722__00540.287,14.043165146148407,42.144111214999995,B722,_,00540,287
B722__00530.287,14.027896863847797,42.13846356,B722,_,00530,287
B722__00520.287,14.00761189387157,42.13927796,B722,_,00520,287
B722__00430.287,14.027097378451565,42.151794620000004,B722,_,00430,287
B722__00420.287,14.00930313869385,42.14679568,B722,_,00420,287
B722__00410.287,14.011038460415683,42.15571949,B722,_,00410,287
B722__00400.287,14.004957862327961,42.14772483,B722,_,00400,287
B722__00390.287,14.00340192181257,42.1445208,B722,_,00390,287
B722__00380.287,13.999563043501162,42.14014113,B722,_,00380,287
B722__00370.287,13.99385403216969,42.143134184999994,B722,_,00370,287
B722__00360.287,13.997054194007156,42.14808335,B722,_,00360,287
B722__00350.287,13.974200957981878,42.143522205,B722,_,00350,287
B722__00290.287,14.015244701464695,42.160082945,B722,_,00290,287
B722__0028.287,13.999192256128696,42.157904965,B722,_,0028,287
B722__00270.287,13.9943521413818,42.15476632,B722,_,00270,287
B722__00260.287,13.983456151017148,42.15779187,B722,_,00260,287
B722__00250.287,13.974905752655491,42.159489005,B722,_,00250,287
B722__00220.287,14.056620212165637,42.165793054999995,B722,_,00220,287
B722__00210.287,14.0367792129127,42.16532773,B722,_,00210,287
B722__00190.287,13.994484665004412,42.165080335,B722,_,00190,287
B722__00180.287,14.016837508057481,42.173317985,B722,_,00180,287
B722__00160.287,14.003089192850862,42.16969276,B722,_,00160,287
B722__00140.287,13.989240685926987,42.165537959999995,B722,_,00140,287
B722__00130.287,13.979118811959884,42.177067815,B722,_,00130,287
B722__00120.287,14.006043783763669,42.193609525,B722,_,00120,287
B722__00110.287,13.996422620902027,42.179568905,B722,_,00110,287
B722__00100.287,13.979592317730422,42.182668,B722,_,00100,287
B722__0009.287,13.969196192027377,42.185698294999995,B722,_,0009,287
B722__00080.287,13.965386716449672,42.183833765,B722,_,00080,287
B722__00070.287,14.000685719765817,42.191383515,B722,_,00070,287
B722__00060.287,13.991668137952487,42.19821956,B722,_,00060,287
B722__00050.287,13.972161084298548,42.192215495,B722,_,00050,287
B722__00040.287,13.980889412945935,42.196565545,B722,_,00040,287
B722__00030.287,13.966719321535836,42.194816564999996,B722,_,00030,287
B722__00020.287,13.985564849609183,42.20368852,B722,_,00020,287
B722__00010.288,13.972193908032493,42.203159924999994,B722,_,00010,288
B722__00600.288,14.007533515853245,42.12968165,B722,_,00600,288
B722__00540.288,14.043311060284793,42.144201805,B722,_,00540,288
B722__00530.288,14.027602140359704,42.138434849999996,B722,_,00530,288
B722__00520.288,14.007869438458695,42.139233524999995,B722,_,00520,288
B722__00430.288,14.028276438573826,42.151947815,B722,_,00430,288
B722__00420.288,14.009274331194234,42.14666703,B722,_,00420,288
B722__00400.288,14.00539344740554,42.14823337,B722,_,00400,288
B722__00390.288,14.003314645150098,42.144428545,B722,_,00390,288
B722__00380.288,13.999096993230904,42.139915215,B722,_,00380,288
B722__00370.288,13.995642554171628,42.143222615,B722,_,00370,288
B722__00360.288,13.997024737191598,42.14799633,B722,_,00360,288
B722__00350.288,13.97412461636139,42.14338556,B722,_,00350,288
B722__00290.288,14.01551712552218,42.160293145,B722,_,00290,288
B722__0028.288,13.999252319711792,42.157922395,B722,_,0028,288
B722__00270.288,13.994279180124193,42.15459851,B722,_,00270,288
B722__00260.288,13.984340835511063,42.157712235,B722,_,00260,288
B722__00250.288,13.97476827298292,42.16002451,B722,_,00250,288
B722__00220.288,14.056778822510893,42.16565954,B722,_,00220,288
B722__00210.288,14.038554259800613,42.171946575,B722,_,00210,288
B722__00200.288,14.029419671304474,42.167891615,B722,_,00200,288
B722__00190.288,13.995003604158962,42.165124840000004,B722,_,00190,288
B722__00180.288,14.01673826448648,42.17318959,B722,_,00180,288
B722__00160.288,14.0032891881738,42.17033452,B722,_,00160,288
B722__00150.288,13.99136984579739,42.17199446,B722,_,00150,288
B722__00140.288,13.989541425689193,42.16540209,B722,_,00140,288
B722__00130.288,13.979121496080326,42.176767765,B722,_,00130,288
B722__00120.288,14.003261731346802,42.188381594999996,B722,_,00120,288
B722__00110.288,13.996110751076895,42.18734463,B722,_,00110,288
B722__00100.288,13.980144012077947,42.181523815000006,B722,_,00100,288
B722__0009.288,13.96906977060334,42.185626785,B722,_,0009,288
B722__00080.288,13.96460269351397,42.183967725,B722,_,00080,288
B722__00070.288,14.000768611960744,42.19137497,B722,_,00070,288
B722__00060.288,13.992861832046213,42.19779441,B722,_,00060,288
B722__00050.288,13.972323556981939,42.19183973,B722,_,00050,288
B722__00040.288,13.980717763877365,42.19665672,B722,_,00040,288
B722__00030.288,13.966773491092193,42.1945489,B722,_,00030,288
B722__00020.288,13.985577574535085,42.20342419,B722,_,00020,288
B722__00010.289,13.972177965896307,42.203116965,B722,_,00010,289
B722__00600.289,14.007560040021673,42.12991649,B722,_,00600,289
B722__00540.289,14.046560306746958,42.142800269999995,B722,_,00540,289
B722__00530.289,14.02766276039205,42.13837966,B722,_,00530,289
B722__00520.289,14.007828820090502,42.139055505,B722,_,00520,289
B722__0051.289,14.004141766130687,42.139061010000006,B722,_,0051,289
B722__00430.289,14.028088068400775,42.152836215,B722,_,00430,289
B722__00420.289,14.011446036922614,42.147484219999996,B722,_,00420,289
B722__00410.289,14.011491113840357,42.155003980000004,B722,_,00410,289
B722__00400.289,14.006210564481442,42.147378195,B722,_,00400,289
B722__00390.289,14.003477771074852,42.144441485,B722,_,00390,289
B722__00380.289,13.999044548128962,42.139862955,B722,_,00380,289
B722__00370.289,13.99588154439438,42.143377404999995,B722,_,00370,289
B722__00360.289,13.997362677829397,42.14838786,B722,_,00360,289
B722__00350.289,13.979314069828547,42.14432344,B722,_,00350,289
B722__00290.289,14.015243825089406,42.159883005,B722,_,00290,289
B722__0028.289,13.999312894164017,42.157945385,B722,_,0028,289
B722__00270.289,13.99427377707508,42.154410775,B722,_,00270,289
B722__00260.289,13.983734230064758,42.157769765,B722,_,00260,289
B722__00250.289,13.974661617938612,42.160280235,B722,_,00250,289
B722__00220.289,14.057042707287174,42.165676265,B722,_,00220,289
B722__00210.289,14.036729677315407,42.16570847,B722,_,00210,289
B722__00190.289,13.994194343530047,42.16488334,B722,_,00190,289
B722__00180.289,14.017495132313474,42.17317197,B722,_,00180,289
B722__00160.289,14.003833739540488,42.169831634999994,B722,_,00160,289
B722__00150.289,13.993541706801523,42.172154185,B722,_,00150,289
B722__00140.289,13.989754948651424,42.165694755000004,B722,_,00140,289
B722__00130.289,13.979117167778707,42.17649393,B722,_,00130,289
B722__00120.289,14.004116152266429,42.188930335,B722,_,00120,289
B722__00110.289,13.997857217302453,42.184962725,B722,_,00110,289
B722__00100.289,13.979955300283478,42.182147455,B722,_,00100,289
B722__0009.289,13.96931300342518,42.185588415,B722,_,0009,289
B722__00080.289,13.964753812006858,42.18413516,B722,_,00080,289
B722__00070.289,14.001220862049134,42.191541355,B722,_,00070,289
B722__00060.289,13.992961038783545,42.19801895,B722,_,00060,289
B722__00050.289,13.972903123709886,42.191926095,B722,_,00050,289
B722__00040.289,13.980777559953399,42.19687051,B722,_,00040,289
B722__00030.289,13.96137714316379,42.19255465,B722,_,00030,289
B722__00020.289,13.985772887421957,42.203238655,B722,_,00020,289
B722__00010.29,13.972062878792077,42.209855925,B722,_,00010,29
B722__00610.29,13.993112990014545,42.12029072,B722,_,00610,29
B722__00600.29,14.01027425361462,42.133293875,B722,_,00600,29
B722__00590.29,13.987903106157741,42.123323595,B722,_,00590,29
B722__00540.29,14.047728082694267,42.14574778,B722,_,00540,29
B722__00520.29,14.009903323934696,42.142848735,B722,_,00520,29
B722__0051.29,14.003912523525482,42.14275652,B722,_,0051,29
B722__00500.29,13.986199328256689,42.13441181,B722,_,00500,29
B722__00490.29,13.990373795502714,42.13131842,B722,_,00490,29
B722__00480.29,13.970558949191828,42.13873574,B722,_,00480,29
B722__00450.29,14.053516178792567,42.14365383,B722,_,00450,29
B722__00440.29,14.040972166827622,42.153347725,B722,_,00440,29
B722__00430.29,14.030910029782309,42.15753375,B722,_,00430,29
B722__00420.29,14.008160584417835,42.149332695,B722,_,00420,29
B722__00400.29,14.003755963084581,42.153749930000004,B722,_,00400,29
B722__00390.29,14.002266953122453,42.145144105,B722,_,00390,29
B722__00380.29,13.998818026281775,42.14223113,B722,_,00380,29
B722__00370.29,13.986736507990923,42.14500872,B722,_,00370,29
B722__00360.29,13.994377953884126,42.15278348,B722,_,00360,29
B722__00350.29,13.975787587797376,42.145755185,B722,_,00350,29
B722__00340.29,13.976079708869396,42.146715005000004,B722,_,00340,29
B722__00330.29,13.973328752884715,42.154229895,B722,_,00330,29
B722__00310.29,14.075228181186496,42.15759887,B722,_,00310,29
B722__00300.29,14.034614942434349,42.16513458,B722,_,00300,29
B722__00290.29,14.00595182570922,42.162165040000005,B722,_,00290,29
B722__0028.29,13.997041052828406,42.15890529,B722,_,0028,29
B722__00260.29,13.985770306052075,42.164894135,B722,_,00260,29
B722__00250.29,13.977696847372126,42.16629533,B722,_,00250,29
B722__00230.29,14.069761834271432,42.167349349999995,B722,_,00230,29
B722__00220.29,14.049883595798324,42.17243895,B722,_,00220,29
B722__00210.29,14.030891938753799,42.171988685,B722,_,00210,29
B722__00200.29,14.013987787076186,42.1698172,B722,_,00200,29
B722__00190.29,14.001416452644659,42.169605755000006,B722,_,00190,29
B722__00180.29,14.024299471865007,42.17793118,B722,_,00180,29
B722__00170.29,14.007264922482213,42.179244835000006,B722,_,00170,29
B722__00160.29,14.005367299536044,42.17446178,B722,_,00160,29
B722__00150.29,13.994896596672785,42.1764146,B722,_,00150,29
B722__00140.29,13.987581372351254,42.173678800000005,B722,_,00140,29
B722__00130.29,13.979738679486339,42.177194945,B722,_,00130,29
B722__00120.29,14.007248005639452,42.193564175000006,B722,_,00120,29
B722__00110.29,13.996255199191332,42.186224190000004,B722,_,00110,29
B722__00100.29,13.983236416067548,42.188979055,B722,_,00100,29
B722__00080.29,13.960887327841817,42.189836045,B722,_,00080,29
B722__00070.29,13.997814930326367,42.197234015,B722,_,00070,29
B722__00060.29,13.988386307440539,42.200476705,B722,_,00060,29
B722__00050.29,13.9821042757919,42.195023055,B722,_,00050,29
B722__00040.29,13.975459274356231,42.201954889999996,B722,_,00040,29
B722__00030.29,13.962412377111413,42.198802715,B722,_,00030,29
B722__00020.29,13.977714149080787,42.207894005,B722,_,00020,29
B722__00010.290,13.972228053441771,42.202977625,B722,_,00010,290
B722__00600.290,14.007323263930719,42.12997232,B722,_,00600,290
B722__00540.290,14.046979600090562,42.141853780000005,B722,_,00540,290
B722__00530.290,14.029409059744925,42.138469295,B722,_,00530,290
B722__00520.290,14.008025090997496,42.139233524999995,B722,_,00520,290
B722__00430.290,14.02872522881675,42.15256173,B722,_,00430,290
B722__00410.290,14.01160593849869,42.155903835000004,B722,_,00410,290
B722__00400.290,14.006749441231637,42.147304635,B722,_,00400,290
B722__00390.290,14.003391341508175,42.14429025,B722,_,00390,290
B722__00380.290,13.99943921234722,42.13989232,B722,_,00380,290
B722__00370.290,13.995951318876152,42.14276751,B722,_,00370,290
B722__00360.290,13.99720385298103,42.14840454,B722,_,00360,290
B722__00350.290,13.979146454291401,42.144211760000005,B722,_,00350,290
B722__00290.290,14.015664106680303,42.160121265,B722,_,00290,290
B722__0028.290,13.99926678049476,42.158016665000005,B722,_,0028,290
B722__00270.290,13.993940684229553,42.154095065,B722,_,00270,290
B722__00260.290,13.984630318533046,42.157646025000005,B722,_,00260,290
B722__00250.290,13.975008582163188,42.160383725,B722,_,00250,290
B722__00220.290,14.057547984279335,42.16653195,B722,_,00220,290
B722__00210.290,14.042117662330504,42.170397879999996,B722,_,00210,290
B722__00200.290,14.022404319778026,42.16902177,B722,_,00200,290
B722__00180.290,14.015863036981852,42.17329924,B722,_,00180,290
B722__00160.290,14.012607069434775,42.1700462,B722,_,00160,290
B722__00150.290,13.996369517635035,42.17093886,B722,_,00150,290
B722__00140.290,13.98975587544723,42.165825215,B722,_,00140,290
B722__00130.290,13.97894243457353,42.17599489,B722,_,00130,290
B722__00120.290,14.009668580475989,42.189771855000004,B722,_,00120,290
B722__00110.290,13.988973238545658,42.181517235,B722,_,00110,290
B722__00100.290,13.979191885,42.181784465,B722,_,00100,290
B722__00080.290,13.965684228861093,42.184117685000004,B722,_,00080,290
B722__00070.290,14.00111683115372,42.190877185000005,B722,_,00070,290
B722__00060.290,13.993266083076588,42.19765459,B722,_,00060,290
B722__00050.290,13.973508774010366,42.19185335,B722,_,00050,290
B722__00040.290,13.981286093693164,42.197178300000004,B722,_,00040,290
B722__00030.290,13.967708528299042,42.194719035,B722,_,00030,290
B722__00020.290,13.98499305297229,42.202949945,B722,_,00020,290
B722__00010.291,13.972199095850808,42.202864405,B722,_,00010,291
B722__00600.291,14.007538340312141,42.129372505,B722,_,00600,291
B722__00540.291,14.04209402670109,42.1436335,B722,_,00540,291
B722__00530.291,14.028218827661608,42.13786218,B722,_,00530,291
B722__00520.291,14.00829502147111,42.139164635,B722,_,00520,291
B722__00430.291,14.028970581168345,42.15273273,B722,_,00430,291
B722__00410.291,14.012486177421177,42.155771314999996,B722,_,00410,291
B722__00400.291,14.002093826516184,42.146947555,B722,_,00400,291
B722__00390.291,14.003422637998936,42.144135739999996,B722,_,00390,291
B722__00380.291,13.999291909516458,42.13984237,B722,_,00380,291
B722__00370.291,13.995685461824085,42.14229104,B722,_,00370,291
B722__00360.291,13.997673846051242,42.14829265,B722,_,00360,291
B722__00350.291,13.97942731643396,42.143982195,B722,_,00350,291
B722__00290.291,14.015654771614756,42.160214085,B722,_,00290,291
B722__0028.291,13.999360255359719,42.15798106,B722,_,0028,291
B722__00270.291,13.99439246437438,42.154289965000004,B722,_,00270,291
B722__00250.291,13.975715833083617,42.16033006000001,B722,_,00250,291
B722__00220.291,14.057692840663933,42.166833159999996,B722,_,00220,291
B722__00210.291,14.042338955925173,42.17030922,B722,_,00210,291
B722__00190.291,13.99481767750395,42.16572538,B722,_,00190,291
B722__00180.291,14.016116981751436,42.17290476,B722,_,00180,291
B722__00160.291,14.012657677638078,42.16997777,B722,_,00160,291
B722__00150.291,13.996727370585928,42.175605250000004,B722,_,00150,291
B722__00140.291,13.98982751713261,42.165925885,B722,_,00140,291
B722__00130.291,13.97973782775459,42.176034200000004,B722,_,00130,291
B722__00120.291,14.009769977666899,42.189723985,B722,_,00120,291
B722__00110.291,13.988918267786174,42.181332444999995,B722,_,00110,291
B722__0009.291,13.969669919180337,42.185663835,B722,_,0009,291
B722__00080.291,13.966041896557835,42.18389942,B722,_,00080,291
B722__00070.291,14.001427120708744,42.191384920000004,B722,_,00070,291
B722__00060.291,13.99340918057269,42.19772901,B722,_,00060,291
B722__00050.291,13.983311833943826,42.19344868,B722,_,00050,291
B722__00040.291,13.981447820108576,42.19710833,B722,_,00040,291
B722__00030.291,13.966531883220782,42.194263445000004,B722,_,00030,291
B722__00020.291,13.984390506212275,42.20267079,B722,_,00020,291
B722__00010.292,13.972018932262708,42.20285987,B722,_,00010,292
B722__00600.292,14.00754804189933,42.129490270000005,B722,_,00600,292
B722__00540.292,14.04282649624309,42.14336,B722,_,00540,292
B722__00520.292,14.00868111424974,42.138956480000004,B722,_,00520,292
B722__0051.292,14.004190568153845,42.139083665,B722,_,0051,292
B722__00430.292,14.029021050229481,42.153329335,B722,_,00430,292
B722__00400.292,14.00294069807355,42.146298795,B722,_,00400,292
B722__00390.292,14.003536950395091,42.144144940000004,B722,_,00390,292
B722__00380.292,13.999167446825524,42.139785495,B722,_,00380,292
B722__00370.292,13.996702078875172,42.142157955,B722,_,00370,292
B722__00360.292,13.99799441496803,42.148685889999996,B722,_,00360,292
B722__00350.292,13.982072884805309,42.144651620000005,B722,_,00350,292
B722__00290.292,14.01574145522955,42.159871905,B722,_,00290,292
B722__0028.292,13.999313027447398,42.15804591,B722,_,0028,292
B722__00270.292,13.99501516796283,42.154825349999996,B722,_,00270,292
B722__00250.292,13.975544676957732,42.160066715,B722,_,00250,292
B722__00220.292,14.058794817732988,42.166562515,B722,_,00220,292
B722__00210.292,14.041327754759276,42.16950342,B722,_,00210,292
B722__00200.292,14.028870670338542,42.167152985,B722,_,00200,292
B722__00190.292,13.995536829090092,42.16431518500001,B722,_,00190,292
B722__00180.292,14.016288451258067,42.1731832,B722,_,00180,292
B722__00160.292,14.00715686268614,42.174548155,B722,_,00160,292
B722__00150.292,13.99044621409859,42.174221225,B722,_,00150,292
B722__00140.292,13.990248615548929,42.165736165,B722,_,00140,292
B722__00130.292,13.979785154864157,42.176204965,B722,_,00130,292
B722__00120.292,14.012889929590223,42.186723455000006,B722,_,00120,292
B722__00110.292,13.990813115620217,42.18112343,B722,_,00110,292
B722__00100.292,13.979817631624051,42.181676595,B722,_,00100,292
B722__0009.292,13.969691551835876,42.185773795,B722,_,0009,292
B722__00080.292,13.966965963048914,42.184080325,B722,_,00080,292
B722__00070.292,14.001643586756675,42.19136791,B722,_,00070,292
B722__00060.292,13.993405805009072,42.197849035000004,B722,_,00060,292
B722__00050.292,13.972988760844418,42.192080435,B722,_,00050,292
B722__00040.292,13.981585054885464,42.19701351,B722,_,00040,292
B722__00030.292,13.96680201322295,42.194342855,B722,_,00030,292
B722__00020.292,13.984320656141502,42.202775575000004,B722,_,00020,292
B722__00010.293,13.97201791771975,42.20277507,B722,_,00010,293
B722__00540.293,14.042682703858095,42.14303461,B722,_,00540,293
B722__00530.293,14.03022197872379,42.13815635,B722,_,00530,293
B722__00520.293,14.009234250460972,42.13906998,B722,_,00520,293
B722__0051.293,14.004229743879423,42.1391134,B722,_,0051,293
B722__00430.293,14.029112014717914,42.151809119999996,B722,_,00430,293
B722__00410.293,14.014209522135763,42.15609386,B722,_,00410,293
B722__00400.293,14.004351072108706,42.145774599999996,B722,_,00400,293
B722__00390.293,14.003523586434374,42.14392619,B722,_,00390,293
B722__00380.293,13.99959980064651,42.139884935,B722,_,00380,293
B722__00370.293,13.980471507546486,42.140015295,B722,_,00370,293
B722__00360.293,13.998647032800339,42.14895739,B722,_,00360,293
B722__00350.293,13.982393328302177,42.144625765,B722,_,00350,293
B722__00290.293,14.015840325165065,42.15983748,B722,_,00290,293
B722__00270.293,13.994790290288195,42.15444314,B722,_,00270,293
B722__00260.293,13.986902801850878,42.158099975,B722,_,00260,293
B722__00250.293,13.975346925515609,42.15996964,B722,_,00250,293
B722__00220.293,14.059820529844965,42.166514195000005,B722,_,00220,293
B722__00210.293,14.036891863010236,42.172040085,B722,_,00210,293
B722__00200.293,14.028968006530594,42.166937544999996,B722,_,00200,293
B722__00190.293,13.995508174279118,42.165585175000004,B722,_,00190,293
B722__00180.293,14.016686937401763,42.173035115000005,B722,_,00180,293
B722__00160.293,14.009684826476061,42.173641825000004,B722,_,00160,293
B722__00140.293,13.989923571935885,42.16550637,B722,_,00140,293
B722__00130.293,13.978880310259811,42.175578064999996,B722,_,00130,293
B722__00120.293,14.0093897809239,42.183512745,B722,_,00120,293
B722__00110.293,13.990514852972051,42.181043955,B722,_,00110,293
B722__00100.293,13.979432118851747,42.18148935,B722,_,00100,293
B722__0009.293,13.969732812381665,42.18575045,B722,_,0009,293
B722__00080.293,13.967141146761598,42.183963835,B722,_,00080,293
B722__00070.293,14.002043702581432,42.191370745,B722,_,00070,293
B722__00060.293,13.993072972322803,42.198109450000004,B722,_,00060,293
B722__00050.293,13.973716444042399,42.192275339999995,B722,_,00050,293
B722__00040.293,13.981339626590085,42.196716005,B722,_,00040,293
B722__00030.293,13.967097358072825,42.19441468,B722,_,00030,293
B722__00010.294,13.972013980448892,42.20268527,B722,_,00010,294
B722__00540.294,14.043564277849114,42.142442495,B722,_,00540,294
B722__00530.294,14.030366481627228,42.138053694999996,B722,_,00530,294
B722__00520.294,14.009028060656437,42.139035705,B722,_,00520,294
B722__0051.294,14.004428523471194,42.13911485,B722,_,0051,294
B722__00430.294,14.029207329642027,42.15235913,B722,_,00430,294
B722__00420.294,14.009533657119928,42.14719892,B722,_,00420,294
B722__00410.294,14.008523649962445,42.158338674999996,B722,_,00410,294
B722__00400.294,14.006236181381583,42.146323535,B722,_,00400,294
B722__00390.294,14.000315798713753,42.14625452,B722,_,00390,294
B722__00380.294,13.999407600031962,42.139769575,B722,_,00380,294
B722__00370.294,13.99330245003727,42.140197155,B722,_,00370,294
B722__00360.294,13.999183081935566,42.148951925,B722,_,00360,294
B722__00350.294,13.984495713075273,42.146203555,B722,_,00350,294
B722__00290.294,13.999545951838025,42.16023629,B722,_,00290,294
B722__0028.294,13.999384162038773,42.158085785,B722,_,0028,294
B722__00270.294,13.995683021305748,42.15477674500001,B722,_,00270,294
B722__00260.294,13.987201483838842,42.158129365,B722,_,00260,294
B722__00250.294,13.975871160042757,42.159508105,B722,_,00250,294
B722__00220.294,14.057554542401194,42.16548665,B722,_,00220,294
B722__00210.294,14.036398557493172,42.17163531,B722,_,00210,294
B722__00200.294,14.029065770516063,42.16692798,B722,_,00200,294
B722__00190.294,13.995818835444275,42.164227585000006,B722,_,00190,294
B722__00180.294,14.016578420951326,42.17295288,B722,_,00180,294
B722__00160.294,14.01015815080472,42.173304975,B722,_,00160,294
B722__00150.294,13.991797282578899,42.172964015000005,B722,_,00150,294
B722__00140.294,13.989627348932984,42.165198995,B722,_,00140,294
B722__00130.294,13.981340688237694,42.17613976,B722,_,00130,294
B722__00120.294,14.009150071695636,42.18297894,B722,_,00120,294
B722__00110.294,13.990744575633423,42.181396945,B722,_,00110,294
B722__00100.294,13.979805650384009,42.181338355,B722,_,00100,294
B722__0009.294,13.970029373781925,42.185636505000005,B722,_,0009,294
B722__00080.294,13.966785956234157,42.183882065000006,B722,_,00080,294
B722__00070.294,14.001458156075431,42.19051006,B722,_,00070,294
B722__00060.294,13.992835645452413,42.19843147,B722,_,00060,294
B722__00050.294,13.974383598324874,42.192270855000004,B722,_,00050,294
B722__00040.294,13.981636405732987,42.196872920000004,B722,_,00040,294
B722__00030.294,13.96765129532692,42.19451127000001,B722,_,00030,294
B722__00020.294,13.985931797761971,42.203144105,B722,_,00020,294
B722__00010.295,13.971577055857615,42.202557005,B722,_,00010,295
B722__00600.295,14.009401833680801,42.130888385000006,B722,_,00600,295
B722__00540.295,14.04389747127458,42.14225081,B722,_,00540,295
B722__00530.295,14.03072405771385,42.13801035,B722,_,00530,295
B722__00520.295,14.009220927142454,42.139128885000005,B722,_,00520,295
B722__00430.295,14.030297495668517,42.152393735000004,B722,_,00430,295
B722__00420.295,14.009701882707265,42.147023759999996,B722,_,00420,295
B722__00410.295,14.008466324036306,42.15202827,B722,_,00410,295
B722__00400.295,14.00573719959252,42.144704465000004,B722,_,00400,295
B722__00390.295,14.003603509266453,42.143829585,B722,_,00390,295
B722__00380.295,13.999305191854166,42.13970663,B722,_,00380,295
B722__00360.295,13.99964389957622,42.14913893000001,B722,_,00360,295
B722__00350.295,13.985006293594179,42.146392865,B722,_,00350,295
B722__00290.295,13.999703762555527,42.160223665000004,B722,_,00290,295
B722__0028.295,13.99943024794573,42.158058905000004,B722,_,0028,295
B722__00270.295,13.995431167755257,42.154690385,B722,_,00270,295
B722__00260.295,13.987416025848026,42.157989334999996,B722,_,00260,295
B722__00250.295,13.976133313273097,42.15993148,B722,_,00250,295
B722__00220.295,14.058357084095173,42.16613944,B722,_,00220,295
B722__00210.295,14.036247180691296,42.171550365,B722,_,00210,295
B722__00200.295,14.029259068469678,42.16667654,B722,_,00200,295
B722__00190.295,14.00803315915412,42.164815954999995,B722,_,00190,295
B722__00180.295,14.016887569757571,42.17226918,B722,_,00180,295
B722__00160.295,14.011531791919715,42.17144695,B722,_,00160,295
B722__00150.295,13.991753642975613,42.172923895,B722,_,00150,295
B722__00140.295,13.989998118194347,42.16521065,B722,_,00140,295
B722__00130.295,13.981402994217365,42.1766672,B722,_,00130,295
B722__00120.295,14.00875288936917,42.183412540000006,B722,_,00120,295
B722__00110.295,13.99051288561731,42.181231005,B722,_,00110,295
B722__0009.295,13.969948674089022,42.185596895,B722,_,0009,295
B722__00080.295,13.967165594350245,42.18381902,B722,_,00080,295
B722__00070.295,14.002292121668477,42.190454755000005,B722,_,00070,295
B722__00060.295,13.993140202231764,42.198176045,B722,_,00060,295
B722__00050.295,13.97403613099226,42.191984445,B722,_,00050,295
B722__00040.295,13.98183345323168,42.19678105,B722,_,00040,295
B722__00030.295,13.968206161931727,42.19470611,B722,_,00030,295
B722__00020.295,13.985892472261554,42.203253045,B722,_,00020,295
B722__00010.296,13.969738767271721,42.202317765000004,B722,_,00010,296
B722__00600.296,14.009636002942361,42.13098493,B722,_,00600,296
B722__00540.296,14.044313154658834,42.14123328,B722,_,00540,296
B722__00530.296,14.031484105776409,42.138307215,B722,_,00530,296
B722__00520.296,14.007716050016693,42.138903909999996,B722,_,00520,296
B722__0051.296,14.004556756978278,42.139054945,B722,_,0051,296
B722__00430.296,14.031248821605594,42.15284841,B722,_,00430,296
B722__00420.296,14.01000924175576,42.147414465,B722,_,00420,296
B722__00410.296,14.008729259203056,42.151332495,B722,_,00410,296
B722__00400.296,14.004350409983747,42.14502834,B722,_,00400,296
B722__00390.296,14.003623592193367,42.143507415,B722,_,00390,296
B722__00380.296,13.999709408876747,42.139833644999996,B722,_,00380,296
B722__00370.296,13.990957974388571,42.1404773,B722,_,00370,296
B722__00360.296,13.988965481455665,42.148488055,B722,_,00360,296
B722__00350.296,13.978686192528764,42.1432501,B722,_,00350,296
B722__00290.296,13.99983277320936,42.16026472,B722,_,00290,296
B722__0028.296,13.999449747103053,42.15802551,B722,_,0028,296
B722__00270.296,13.995122601569404,42.154398705000006,B722,_,00270,296
B722__00260.296,13.98657532619567,42.15790027,B722,_,00260,296
B722__00250.296,13.976103318076014,42.160464544999996,B722,_,00250,296
B722__00220.296,14.057972978226017,42.165629665,B722,_,00220,296
B722__00210.296,14.036088918628568,42.172431849999995,B722,_,00210,296
B722__00200.296,14.02926675785158,42.16696795,B722,_,00200,296
B722__00190.296,13.99592776305207,42.163558295,B722,_,00190,296
B722__00180.296,14.017409944990234,42.172632664999995,B722,_,00180,296
B722__00160.296,14.007912757635314,42.177589174999994,B722,_,00160,296
B722__00150.296,13.99807908228185,42.17339715,B722,_,00150,296
B722__00140.296,13.987234388483161,42.171811379999994,B722,_,00140,296
B722__00130.296,13.981917931006102,42.1765957,B722,_,00130,296
B722__00120.296,14.005298026538517,42.192052015,B722,_,00120,296
B722__00110.296,13.992541301574846,42.181103875,B722,_,00110,296
B722__00100.296,13.981195448422584,42.18108885,B722,_,00100,296
B722__0009.296,13.969778483435219,42.185584235,B722,_,0009,296
B722__00080.296,13.966748417792259,42.18374469,B722,_,00080,296
B722__00070.296,14.002772320502803,42.191218315,B722,_,00070,296
B722__00060.296,13.993506233534532,42.197895009999996,B722,_,00060,296
B722__00050.296,13.97472124076102,42.191789235,B722,_,00050,296
B722__00040.296,13.98196835788699,42.196620530000004,B722,_,00040,296
B722__00030.296,13.966127026204438,42.193601490000006,B722,_,00030,296
B722__00020.296,13.985926878017413,42.20331125,B722,_,00020,296
B722__00010.297,13.970060430948273,42.202092844999996,B722,_,00010,297
B722__00600.297,14.009826555004949,42.13105272999999,B722,_,00600,297
B722__00540.297,14.044658587987549,42.14108437,B722,_,00540,297
B722__00530.297,14.032027250959214,42.138496855,B722,_,00530,297
B722__00520.297,14.007759674896985,42.138358354999994,B722,_,00520,297
B722__0051.297,14.004467861016769,42.139026529999995,B722,_,0051,297
B722__00430.297,14.031303263866207,42.152228895,B722,_,00430,297
B722__00420.297,14.010045912914869,42.14760798499999,B722,_,00420,297
B722__00410.297,14.009129833891151,42.15115973,B722,_,00410,297
B722__00400.297,14.00527409922747,42.143681545,B722,_,00400,297
B722__00390.297,14.003468237934584,42.143293125,B722,_,00390,297
B722__00380.297,13.999528623275818,42.1397093,B722,_,00380,297
B722__00370.297,13.991728252220774,42.140117585,B722,_,00370,297
B722__00360.297,13.989371319681585,42.148505605,B722,_,00360,297
B722__00350.297,13.978940748249759,42.143393294999996,B722,_,00350,297
B722__00290.297,14.000026993180537,42.160439245,B722,_,00290,297
B722__0028.297,13.9994857910626,42.158056115,B722,_,0028,297
B722__00270.297,13.994840985298161,42.154223529999996,B722,_,00270,297
B722__00260.297,13.987276953651238,42.163033055,B722,_,00260,297
B722__00250.297,13.977122009747307,42.160839145,B722,_,00250,297
B722__00220.297,14.057656396003317,42.164968245,B722,_,00220,297
B722__00210.297,14.03230041496374,42.172073685,B722,_,00210,297
B722__00200.297,14.029405815461516,42.16697761,B722,_,00200,297
B722__00190.297,13.996146441502852,42.16381776,B722,_,00190,297
B722__00180.297,14.01748681048893,42.1722802,B722,_,00180,297
B722__00160.297,14.007848807213824,42.17474864,B722,_,00160,297
B722__00140.297,13.986583563626404,42.165953785,B722,_,00140,297
B722__00130.297,13.981835137635002,42.17621838,B722,_,00130,297
B722__00120.297,14.005752416863675,42.191929665,B722,_,00120,297
B722__00110.297,13.992167943601201,42.18100556,B722,_,00110,297
B722__0009.297,13.969534154533036,42.185482755,B722,_,0009,297
B722__00080.297,13.96677452849052,42.183652205,B722,_,00080,297
B722__00070.297,14.002948982960365,42.19038881,B722,_,00070,297
B722__00060.297,13.99372236463961,42.19807396,B722,_,00060,297
B722__00050.297,13.973914506121352,42.191677150000004,B722,_,00050,297
B722__00040.297,13.982000003672315,42.196381415000005,B722,_,00040,297
B722__00030.297,13.966197096111966,42.193692365000004,B722,_,00030,297
B722__00020.297,13.985731411260927,42.203502889999996,B722,_,00020,297
B722__00010.298,13.970135456240556,42.202429895,B722,_,00010,298
B722__00600.298,14.009951679006726,42.1311219,B722,_,00600,298
B722__00540.298,14.044753681031631,42.13880021,B722,_,00540,298
B722__00530.298,14.032061203115472,42.138204385,B722,_,00530,298
B722__00520.298,14.008526227906762,42.138488339999995,B722,_,00520,298
B722__00430.298,14.031550014924715,42.152475415,B722,_,00430,298
B722__00420.298,14.010264077884248,42.147792715,B722,_,00420,298
B722__00410.298,14.009148067252376,42.151655739999995,B722,_,00410,298
B722__00400.298,14.006059760483485,42.143635689999996,B722,_,00400,298
B722__00390.298,14.003199997455045,42.14320515,B722,_,00390,298
B722__00380.298,13.99942974204691,42.13963946,B722,_,00380,298
B722__00370.298,13.987290928505251,42.147184525,B722,_,00370,298
B722__00360.298,13.989918514982172,42.148964485,B722,_,00360,298
B722__00350.298,13.97919247272433,42.14354141,B722,_,00350,298
B722__00290.298,14.000309182217807,42.160515045,B722,_,00290,298
B722__0028.298,13.999525552358492,42.158174605,B722,_,0028,298
B722__00270.298,13.99433075476732,42.153972865,B722,_,00270,298
B722__00260.298,13.987165456455998,42.157661344999994,B722,_,00260,298
B722__00250.298,13.977248547080741,42.16073725,B722,_,00250,298
B722__00220.298,14.058064726009768,42.16540276,B722,_,00220,298
B722__00210.298,14.035627657913839,42.16535539,B722,_,00210,298
B722__00200.298,14.029167817372052,42.166331604999996,B722,_,00200,298
B722__00190.298,13.997144434921543,42.163637879999996,B722,_,00190,298
B722__00180.298,14.01809410885372,42.171866050000006,B722,_,00180,298
B722__00160.298,14.011395228337824,42.17515111,B722,_,00160,298
B722__00140.298,13.986283236584137,42.1656112,B722,_,00140,298
B722__00130.298,13.97913100703262,42.175197325,B722,_,00130,298
B722__00120.298,14.007042509279843,42.193627129999996,B722,_,00120,298
B722__00110.298,13.99321363094354,42.180623155,B722,_,00110,298
B722__0009.298,13.969290298778024,42.18539499,B722,_,0009,298
B722__00080.298,13.966066588756082,42.18334673,B722,_,00080,298
B722__00070.298,13.994957533605518,42.19065051,B722,_,00070,298
B722__00060.298,13.993913386384307,42.197911835,B722,_,00060,298
B722__00050.298,13.97383686385565,42.191531069999996,B722,_,00050,298
B722__00040.298,13.976322117132167,42.20121899,B722,_,00040,298
B722__00030.298,13.966245002153368,42.193724599999996,B722,_,00030,298
B722__00020.298,13.985810618030188,42.203809175,B722,_,00020,298
B722__00010.299,13.970485582988692,42.202524795,B722,_,00010,299
B722__00600.299,14.01020330943971,42.13101988,B722,_,00600,299
B722__00540.299,14.044126928444019,42.13755573,B722,_,00540,299
B722__00530.299,14.032438203072822,42.138477655,B722,_,00530,299
B722__00520.299,14.009081355477836,42.138487749999996,B722,_,00520,299
B722__0051.299,14.004641200419636,42.139037724999994,B722,_,0051,299
B722__00430.299,14.031824018600986,42.152522745,B722,_,00430,299
B722__00420.299,14.006848756754245,42.148653615,B722,_,00420,299
B722__00410.299,14.009089251155196,42.152096735,B722,_,00410,299
B722__00400.299,14.006020446547875,42.14367615,B722,_,00400,299
B722__00390.299,14.003259257694307,42.14311692,B722,_,00390,299
B722__00380.299,13.99978863956854,42.139717235,B722,_,00380,299
B722__00360.299,13.990456421629048,42.148657764999996,B722,_,00360,299
B722__00350.299,13.979412878353212,42.14362864,B722,_,00350,299
B722__00290.299,14.000585737534628,42.1605541,B722,_,00290,299
B722__0028.299,13.999773934103024,42.158452495000006,B722,_,0028,299
B722__00270.299,13.994414548467086,42.153741929999995,B722,_,00270,299
B722__00260.299,13.986606690580036,42.1574711,B722,_,00260,299
B722__00250.299,13.977418638549267,42.160423475,B722,_,00250,299
B722__00220.299,14.058643923538703,42.165948459999996,B722,_,00220,299
B722__00210.299,14.040541363241964,42.170565045000004,B722,_,00210,299
B722__00200.299,14.030054003105821,42.16585989,B722,_,00200,299
B722__00190.299,13.996355185574448,42.163829585,B722,_,00190,299
B722__00180.299,14.015722848505543,42.17216562,B722,_,00180,299
B722__00160.299,14.011643079113409,42.175147245,B722,_,00160,299
B722__00150.299,13.993565471141151,42.172894795000005,B722,_,00150,299
B722__00140.299,13.986806556307542,42.16611131,B722,_,00140,299
B722__00130.299,13.979106852497615,42.174869955000005,B722,_,00130,299
B722__00120.299,14.009469386282433,42.185452345,B722,_,00120,299
B722__00110.299,13.992135243749916,42.180824705,B722,_,00110,299
B722__0009.299,13.969569559649063,42.185326225,B722,_,0009,299
B722__00080.299,13.966120166840094,42.183137,B722,_,00080,299
B722__00070.299,13.995023587549992,42.19109961,B722,_,00070,299
B722__00060.299,13.994039801205865,42.19808847,B722,_,00060,299
B722__00050.299,13.973752732649782,42.19147099,B722,_,00050,299
B722__00040.299,13.982253205523865,42.19626101,B722,_,00040,299
B722__00030.299,13.966389186797015,42.19374329,B722,_,00030,299
B722__00020.299,13.986275213970217,42.203935015,B722,_,00020,299
B722__00010.3,13.96628077880561,42.210727445,B722,_,00010,3
B722__00610.3,13.990485223216417,42.121425915,B722,_,00610,3
B722__00600.3,14.005402720112407,42.12861933,B722,_,00600,3
B722__00590.3,13.986811811243669,42.124238565,B722,_,00590,3
B722__00580.3,13.989564295720182,42.11966583,B722,_,00580,3
B722__00570.3,14.104433840000652,42.11487438,B722,_,00570,3
B722__00560.3,14.077540407454851,42.118367325,B722,_,00560,3
B722__00550.3,14.066535974924825,42.130936135,B722,_,00550,3
B722__00540.3,14.039045704218404,42.147939525,B722,_,00540,3
B722__00530.3,14.026669896432654,42.14934844,B722,_,00530,3
B722__00520.3,14.007358423550786,42.142474745,B722,_,00520,3
B722__0051.3,14.004219247871578,42.143392985,B722,_,0051,3
B722__00500.3,13.987528848933891,42.13681407,B722,_,00500,3
B722__00490.3,13.982481338167423,42.13218044,B722,_,00490,3
B722__00480.3,13.969508320314953,42.139108405,B722,_,00480,3
B722__00470.3,13.980582774877202,42.125181845,B722,_,00470,3
B722__00460.3,14.090805171984222,42.132124925,B722,_,00460,3
B722__00450.3,14.051547712685082,42.14582233,B722,_,00450,3
B722__00440.3,14.039648944887752,42.15465091,B722,_,00440,3
B722__00430.3,14.018722951383662,42.15914059,B722,_,00430,3
B722__00420.3,14.004541601889711,42.151649039999995,B722,_,00420,3
B722__00400.3,13.998627382715878,42.15344832,B722,_,00400,3
B722__00390.3,14.000931980956423,42.146325344999994,B722,_,00390,3
B722__00380.3,13.998401354985436,42.14249434,B722,_,00380,3
B722__00370.3,13.987643867500001,42.14731168,B722,_,00370,3
B722__00360.3,13.996105482431648,42.154795469999996,B722,_,00360,3
B722__00350.3,13.97884125006113,42.147737155,B722,_,00350,3
B722__00340.3,13.970074994760088,42.150576425,B722,_,00340,3
B722__00330.3,13.972227753578753,42.15660909,B722,_,00330,3
B722__00320.3,14.111312122011835,42.147610005000004,B722,_,00320,3
B722__00310.3,14.037467835859196,42.162110105,B722,_,00310,3
B722__00300.3,14.022735363313359,42.164064679999996,B722,_,00300,3
B722__00290.3,14.000917980498153,42.161868385000005,B722,_,00290,3
B722__0028.3,13.99701208992222,42.159637059999994,B722,_,0028,3
B722__00270.3,13.991123813560488,42.161584225,B722,_,00270,3
B722__00260.3,13.983331341025885,42.166319924999996,B722,_,00260,3
B722__00250.3,13.977318782106906,42.168507309999995,B722,_,00250,3
B722__00240.3,14.096710899914946,42.158136944999995,B722,_,00240,3
B722__00230.3,14.066651444164407,42.17118725,B722,_,00230,3
B722__00220.3,14.043139225807066,42.171770435,B722,_,00220,3
B722__00210.3,14.0342083630985,42.172985275,B722,_,00210,3
B722__00200.3,14.016325616344112,42.171084445000005,B722,_,00200,3
B722__00180.3,14.0184964097988,42.179783525000005,B722,_,00180,3
B722__00170.3,14.012886966649686,42.182692655,B722,_,00170,3
B722__00160.3,14.006013665475923,42.17834749,B722,_,00160,3
B722__00150.3,13.994254132948878,42.17786033,B722,_,00150,3
B722__00140.3,13.984795316766425,42.174261035,B722,_,00140,3
B722__00130.3,13.978284443085549,42.179021545,B722,_,00130,3
B722__00120.3,14.004464812597718,42.194818635000004,B722,_,00120,3
B722__00110.3,13.992321385151097,42.18501018,B722,_,00110,3
B722__00100.3,13.980262342338907,42.18818193,B722,_,00100,3
B722__00080.3,13.960716640148515,42.190805084999994,B722,_,00080,3
B722__00070.3,13.995972628678782,42.19726033,B722,_,00070,3
B722__00060.3,13.988422372802603,42.200551385,B722,_,00060,3
B722__00050.3,13.980117752142274,42.19512478,B722,_,00050,3
B722__00040.3,13.973590764106678,42.203293900000006,B722,_,00040,3
B722__00030.3,13.967424867321487,42.201731045,B722,_,00030,3
B722__00020.3,13.973618030790892,42.208892645,B722,_,00020,3
B722__00010.30,13.966906886836128,42.210063415,B722,_,00010,30
B722__00610.30,13.993881470693932,42.120983265,B722,_,00610,30
B722__00600.30,14.010417164909114,42.133226565,B722,_,00600,30
B722__00590.30,13.987834913411174,42.12412829,B722,_,00590,30
B722__00540.30,14.049695692414332,42.1451751,B722,_,00540,30
B722__00520.30,14.009954687738563,42.142766645,B722,_,00520,30
B722__00500.30,13.988032163004636,42.134265185000004,B722,_,00500,30
B722__00490.30,13.981910339753387,42.131414535,B722,_,00490,30
B722__00480.30,13.97126940263362,42.138703235,B722,_,00480,30
B722__00450.30,14.054034586685976,42.144509830000004,B722,_,00450,30
B722__00440.30,14.042102340171699,42.153021845,B722,_,00440,30
B722__00430.30,14.031597288666326,42.15726338,B722,_,00430,30
B722__00420.30,14.008495439402106,42.15005686,B722,_,00420,30
B722__00410.30,14.007866549642111,42.15893852,B722,_,00410,30
B722__00400.30,14.003735682614877,42.15371276,B722,_,00400,30
B722__00390.30,14.001953308384698,42.144955605,B722,_,00390,30
B722__00380.30,13.999558192728188,42.14220322,B722,_,00380,30
B722__00370.30,13.987140682845688,42.144748895,B722,_,00370,30
B722__00360.30,13.993878486086857,42.152796355,B722,_,00360,30
B722__00350.30,13.975609398465501,42.145907210000004,B722,_,00350,30
B722__00340.30,13.968922059545989,42.148942919999996,B722,_,00340,30
B722__00330.30,13.974844575460796,42.154197945,B722,_,00330,30
B722__00310.30,14.05875189321911,42.156021929999994,B722,_,00310,30
B722__00300.30,14.033840416692762,42.164227714999996,B722,_,00300,30
B722__00290.30,14.005767894683526,42.16201916,B722,_,00290,30
B722__0028.30,13.997068966583605,42.158844685,B722,_,0028,30
B722__00270.30,13.992837880662517,42.160248595,B722,_,00270,30
B722__00260.30,13.982277412354513,42.165699165,B722,_,00260,30
B722__00250.30,13.979697700446083,42.167004215000006,B722,_,00250,30
B722__00230.30,14.062060550751234,42.169102525,B722,_,00230,30
B722__00220.30,14.050089064287594,42.17240166,B722,_,00220,30
B722__00210.30,14.032101218147911,42.171782285,B722,_,00210,30
B722__00200.30,14.023281724394005,42.169238905,B722,_,00200,30
B722__00190.30,14.001662704672187,42.16960204,B722,_,00190,30
B722__00180.30,14.024145187721896,42.177694599999995,B722,_,00180,30
B722__00170.30,14.007782661606173,42.180428739999996,B722,_,00170,30
B722__00160.30,14.007870806501414,42.17461021,B722,_,00160,30
B722__00150.30,13.99530805267069,42.17687275,B722,_,00150,30
B722__00140.30,13.988122650476651,42.1738585,B722,_,00140,30
B722__00120.30,14.006980971301868,42.193137115,B722,_,00120,30
B722__00110.30,13.997286905461731,42.186930724999996,B722,_,00110,30
B722__00100.30,13.983861145024862,42.188922070000004,B722,_,00100,30
B722__00080.30,13.960382156401657,42.189711805,B722,_,00080,30
B722__00050.30,13.98194345224217,42.19491085,B722,_,00050,30
B722__00040.30,13.975723270628025,42.201748725,B722,_,00040,30
B722__00030.30,13.963204298402296,42.198891405,B722,_,00030,30
B722__00020.30,13.97694511734293,42.207515765,B722,_,00020,30
B722__00010.300,13.97102576362224,42.20236722,B722,_,00010,300
B722__00600.300,14.010135374018443,42.133369785,B722,_,00600,300
B722__00540.300,14.047719130054638,42.136445135,B722,_,00540,300
B722__00530.300,14.026669108206711,42.13647304,B722,_,00530,300
B722__00520.300,14.009265921826966,42.138580559999994,B722,_,00520,300
B722__00430.300,14.032529686718437,42.152187319999996,B722,_,00430,300
B722__00420.300,14.010177339617679,42.14759177,B722,_,00420,300
B722__00410.300,14.008874478715079,42.152829499999996,B722,_,00410,300
B722__00400.300,14.005950710151959,42.14373945,B722,_,00400,300
B722__00390.300,14.003380314237454,42.14310125,B722,_,00390,300
B722__00380.300,13.999638717494022,42.139639365,B722,_,00380,300
B722__00370.300,13.987228564736174,42.13977621,B722,_,00370,300
B722__00360.300,13.990082280496447,42.14822169,B722,_,00360,300
B722__00350.300,13.979311925966924,42.14331509,B722,_,00350,300
B722__0028.300,13.999975117310097,42.15843577,B722,_,0028,300
B722__00270.300,13.994645887669652,42.15373574,B722,_,00270,300
B722__00260.300,13.984617077758198,42.16329732,B722,_,00260,300
B722__00250.300,13.977612983181189,42.15968906,B722,_,00250,300
B722__00220.300,14.058298917584683,42.165147465000004,B722,_,00220,300
B722__00210.300,14.04073038385972,42.170547729999996,B722,_,00210,300
B722__00200.300,14.029455371687058,42.166730165000004,B722,_,00200,300
B722__00190.300,13.996253496841327,42.164230360000005,B722,_,00190,300
B722__00180.300,14.016657430020324,42.17221886,B722,_,00180,300
B722__00160.300,14.008099577651404,42.17267784,B722,_,00160,300
B722__00150.300,13.99406418023122,42.172905265,B722,_,00150,300
B722__00140.300,13.986862661727201,42.166053184999996,B722,_,00140,300
B722__00130.300,13.97816845279852,42.175859079999995,B722,_,00130,300
B722__00120.300,14.009456068779887,42.185372355,B722,_,00120,300
B722__00110.300,13.99173073968839,42.180764595,B722,_,00110,300
B722__00100.300,13.983106083284497,42.180906935,B722,_,00100,300
B722__00090.300,13.972010290256435,42.187387655,B722,_,00090,300
B722__00080.300,13.966415008231618,42.183188245,B722,_,00080,300
B722__00070.300,13.99622092385041,42.190462464999996,B722,_,00070,300
B722__00060.300,13.994445323977818,42.198127029999995,B722,_,00060,300
B722__00050.300,13.97369145093178,42.1913493,B722,_,00050,300
B722__00040.300,13.978097202573444,42.20029261,B722,_,00040,300
B722__00030.300,13.966532709977427,42.193872685,B722,_,00030,300
B722__00020.300,13.979416865717015,42.20391526,B722,_,00020,300
B722__00010.301,13.971119005256925,42.20171999,B722,_,00010,301
B722__00600.301,14.010337027202272,42.133235154999994,B722,_,00600,301
B722__00590.301,14.000670954846246,42.12571589,B722,_,00590,301
B722__00540.301,14.047812876005608,42.135935555,B722,_,00540,301
B722__00530.301,14.02707402140227,42.13654927,B722,_,00530,301
B722__00520.301,14.00912091712012,42.13885494,B722,_,00520,301
B722__0051.301,14.004719665831757,42.139136165,B722,_,0051,301
B722__00430.301,14.03362590340195,42.15189268,B722,_,00430,301
B722__00420.301,14.01064592253582,42.147834565,B722,_,00420,301
B722__00410.301,14.0099736932888,42.153667335,B722,_,00410,301
B722__00400.301,14.005454214864805,42.143514145,B722,_,00400,301
B722__00390.301,14.003533939295373,42.143091635000005,B722,_,00390,301
B722__00380.301,13.999856607288946,42.139691075,B722,_,00380,301
B722__00370.301,13.985106026237453,42.14409825,B722,_,00370,301
B722__00360.301,13.990110359271911,42.14765548,B722,_,00360,301
B722__00350.301,13.979646555915913,42.143333565000006,B722,_,00350,301
B722__0028.301,13.99989330048686,42.158036285,B722,_,0028,301
B722__00270.301,13.984157568163678,42.153177965,B722,_,00270,301
B722__00260.301,13.986978567995653,42.15731625,B722,_,00260,301
B722__00250.301,13.977313601435242,42.15951547,B722,_,00250,301
B722__00220.301,14.041508260880281,42.163503315,B722,_,00220,301
B722__00210.301,14.039956793245004,42.1700288,B722,_,00210,301
B722__00200.301,14.029610027765017,42.166689015,B722,_,00200,301
B722__00190.301,13.995924603281438,42.164940235,B722,_,00190,301
B722__00180.301,14.01803496721979,42.171431784999996,B722,_,00180,301
B722__00170.301,14.014171772564872,42.17951787,B722,_,00170,301
B722__00160.301,14.008131772003344,42.172303205000006,B722,_,00160,301
B722__00140.301,13.98662826812946,42.16582368,B722,_,00140,301
B722__00130.301,13.98029360465183,42.17457626,B722,_,00130,301
B722__00120.301,14.009412752467732,42.185298575000004,B722,_,00120,301
B722__00110.301,13.991352134598019,42.181285355,B722,_,00110,301
B722__00100.301,13.98309359434194,42.180436209999996,B722,_,00100,301
B722__00090.301,13.97240394694044,42.187384765000004,B722,_,00090,301
B722__00080.301,13.96662927316319,42.183230145,B722,_,00080,301
B722__00070.301,13.996727266451606,42.19071213,B722,_,00070,301
B722__00060.301,13.982471249596248,42.196785375000005,B722,_,00060,301
B722__00050.301,13.973866291943024,42.191287779999996,B722,_,00050,301
B722__00040.301,13.982132058440433,42.196002469999996,B722,_,00040,301
B722__00030.301,13.966815829823332,42.193974765,B722,_,00030,301
B722__00020.301,13.98631327845855,42.203868465,B722,_,00020,301
B722__00010.302,13.971536763362842,42.201752955,B722,_,00010,302
B722__00600.302,14.010593853618444,42.132547439999996,B722,_,00600,302
B722__00590.302,14.000529898787864,42.125690434999996,B722,_,00590,302
B722__00540.302,14.047512931651022,42.147750375,B722,_,00540,302
B722__00530.302,14.02749834101472,42.136782725,B722,_,00530,302
B722__00520.302,14.009415909994097,42.13866813,B722,_,00520,302
B722__00430.302,14.033401805818414,42.152387285,B722,_,00430,302
B722__00410.302,14.010855223498869,42.15442967,B722,_,00410,302
B722__00400.302,14.00501040009675,42.143090305,B722,_,00400,302
B722__00390.302,14.003064506934738,42.142912345,B722,_,00390,302
B722__00380.302,13.999676762549502,42.139594505,B722,_,00380,302
B722__00370.302,13.984919117378343,42.14419428,B722,_,00370,302
B722__00360.302,13.991233230554336,42.14753159,B722,_,00360,302
B722__00350.302,13.97953928366047,42.143120145,B722,_,00350,302
B722__00270.302,13.983771185836025,42.15290075,B722,_,00270,302
B722__00260.302,13.987244397458284,42.15720537,B722,_,00260,302
B722__00250.302,13.977025145807975,42.159515125,B722,_,00250,302
B722__00220.302,14.042398978673008,42.16349343500001,B722,_,00220,302
B722__00210.302,14.03307363557996,42.16937842,B722,_,00210,302
B722__00200.302,14.02356278312645,42.16849762,B722,_,00200,302
B722__00190.302,13.996969270218816,42.16455232,B722,_,00190,302
B722__00180.302,14.017731180251793,42.170939575000006,B722,_,00180,302
B722__00170.302,14.014358013395459,42.17941047,B722,_,00170,302
B722__00160.302,14.00914287921363,42.173315335,B722,_,00160,302
B722__00150.302,13.990587353535346,42.173114580000004,B722,_,00150,302
B722__00140.302,13.98637939014443,42.16562453,B722,_,00140,302
B722__00130.302,13.981113119718572,42.17469807,B722,_,00130,302
B722__00120.302,14.009184107485005,42.185229535,B722,_,00120,302
B722__00110.302,13.99067115479679,42.180887675,B722,_,00110,302
B722__00100.302,13.983744368474294,42.180581255,B722,_,00100,302
B722__00090.302,13.973204363906502,42.1870189,B722,_,00090,302
B722__00080.302,13.966746885689624,42.183121575,B722,_,00080,302
B722__00070.302,13.997039536166724,42.19089512,B722,_,00070,302
B722__00060.302,13.982871466740718,42.196891195,B722,_,00060,302
B722__00050.302,13.974273258988442,42.191250479999994,B722,_,00050,302
B722__00040.302,13.982498375386351,42.196075445,B722,_,00040,302
B722__00030.302,13.966829407914297,42.194111655,B722,_,00030,302
B722__00020.302,13.97907291486706,42.20391524,B722,_,00020,302
B722__00010.303,13.9712737356447,42.202503390000004,B722,_,00010,303
B722__00600.303,14.004420864793625,42.127915695,B722,_,00600,303
B722__00590.303,14.002921236233796,42.13026721,B722,_,00590,303
B722__00540.303,14.048321566732586,42.14774908,B722,_,00540,303
B722__00530.303,14.027764029955316,42.136549065,B722,_,00530,303
B722__00520.303,14.009752378738618,42.1385071,B722,_,00520,303
B722__0051.303,14.00496168660414,42.139107370000005,B722,_,0051,303
B722__00430.303,14.03379243695135,42.152405425,B722,_,00430,303
B722__00420.303,14.011071129702596,42.147356405,B722,_,00420,303
B722__00410.303,14.011628769547421,42.154278364999996,B722,_,00410,303
B722__00400.303,14.003668959027749,42.15312359,B722,_,00400,303
B722__00390.303,14.003179875167863,42.142992605,B722,_,00390,303
B722__00380.303,13.999893743385531,42.139644559999994,B722,_,00380,303
B722__00370.303,13.984586075285142,42.14432611,B722,_,00370,303
B722__00360.303,13.991244112588582,42.14823483,B722,_,00360,303
B722__00350.303,13.97976370858115,42.143174565,B722,_,00350,303
B722__00290.303,13.9991229333652,42.159954975000005,B722,_,00290,303
B722__0028.303,13.999980848952175,42.157968225000005,B722,_,0028,303
B722__00270.303,13.984386533551568,42.15303041,B722,_,00270,303
B722__00260.303,13.985997199869328,42.15784291,B722,_,00260,303
B722__00250.303,13.976653246414855,42.159731410000006,B722,_,00250,303
B722__00220.303,14.043173890429092,42.163117119999995,B722,_,00220,303
B722__00210.303,14.033081909011567,42.16998995,B722,_,00210,303
B722__00200.303,14.02993947034417,42.16692078,B722,_,00200,303
B722__00180.303,14.019573737615506,42.17066095,B722,_,00180,303
B722__00170.303,14.014651471769248,42.179322670000005,B722,_,00170,303
B722__00160.303,14.012193294201568,42.17329496,B722,_,00160,303
B722__00150.303,13.990267672152871,42.17253807,B722,_,00150,303
B722__00140.303,13.987009403512,42.16598963,B722,_,00140,303
B722__00130.303,13.976427023581916,42.174941919999995,B722,_,00130,303
B722__00120.303,14.009010099064387,42.185113395,B722,_,00120,303
B722__00110.303,13.999087821843942,42.180951365,B722,_,00110,303
B722__00100.303,13.983862757970325,42.180860679999995,B722,_,00100,303
B722__00090.303,13.973464342961798,42.186949819999995,B722,_,00090,303
B722__00080.303,13.9669047823525,42.183179415,B722,_,00080,303
B722__00070.303,13.997111912259346,42.189866515,B722,_,00070,303
B722__00050.303,13.974452721663424,42.191484255,B722,_,00050,303
B722__00040.303,13.9822507819785,42.195934995,B722,_,00040,303
B722__00030.303,13.966895964989,42.19413297,B722,_,00030,303
B722__00020.303,13.986250319799014,42.20377312,B722,_,00020,303
B722__00010.304,13.971614485619149,42.20236484,B722,_,00010,304
B722__00600.304,14.010982492089495,42.13202761,B722,_,00600,304
B722__00590.304,14.003497269100546,42.130169925000004,B722,_,00590,304
B722__00540.304,14.048988686835882,42.14736928,B722,_,00540,304
B722__00530.304,14.02806373827476,42.136663115000005,B722,_,00530,304
B722__00520.304,14.009617034639149,42.13848193,B722,_,00520,304
B722__0051.304,14.004786773440536,42.139047855,B722,_,0051,304
B722__00430.304,14.034550483443255,42.15240805,B722,_,00430,304
B722__00420.304,14.011149357631947,42.147334315,B722,_,00420,304
B722__00410.304,14.011811617799319,42.154885050000004,B722,_,00410,304
B722__00400.304,14.003405592125478,42.15298689,B722,_,00400,304
B722__00390.304,14.00335863240003,42.14290957,B722,_,00390,304
B722__00380.304,13.999736660166318,42.139554565,B722,_,00380,304
B722__00370.304,13.984543240594238,42.144467309999996,B722,_,00370,304
B722__00360.304,13.991840206955239,42.14785515,B722,_,00360,304
B722__00350.304,13.979645841113026,42.142954235000005,B722,_,00350,304
B722__00290.304,13.999184974940096,42.160003290000006,B722,_,00290,304
B722__0028.304,13.999617073480797,42.157977735,B722,_,0028,304
B722__00270.304,13.984293355768223,42.152848614999996,B722,_,00270,304
B722__00260.304,13.986035443860176,42.15747476,B722,_,00260,304
B722__00250.304,13.97653034074564,42.159335315,B722,_,00250,304
B722__00220.304,14.04321760686715,42.16338923,B722,_,00220,304
B722__00210.304,14.038514002472109,42.168593195,B722,_,00210,304
B722__00200.304,14.029945350677512,42.166640935000004,B722,_,00200,304
B722__00190.304,13.997197335744826,42.164724410000005,B722,_,00190,304
B722__00180.304,14.022638036761169,42.171144330000004,B722,_,00180,304
B722__00170.304,14.012372607482419,42.17494722,B722,_,00170,304
B722__00160.304,14.0122427589033,42.173143485,B722,_,00160,304
B722__00150.304,13.990300912985871,42.172402865,B722,_,00150,304
B722__00140.304,13.986656412407381,42.16572497,B722,_,00140,304
B722__00130.304,13.979787678536443,42.173987295,B722,_,00130,304
B722__00120.304,14.008713540035814,42.18504463,B722,_,00120,304
B722__00110.304,13.99221061124718,42.18500467,B722,_,00110,304
B722__00100.304,13.983072506100964,42.181212110000004,B722,_,00100,304
B722__00090.304,13.973810957735282,42.186966035,B722,_,00090,304
B722__00080.304,13.967031278647035,42.18318809,B722,_,00080,304
B722__00070.304,13.9971700866786,42.190132739999996,B722,_,00070,304
B722__00060.304,13.982788982195276,42.196811875,B722,_,00060,304
B722__00050.304,13.975278967815811,42.19101069,B722,_,00050,304
B722__00040.304,13.970084858308976,42.196928549999996,B722,_,00040,304
B722__00030.304,13.967235384813296,42.1940935,B722,_,00030,304
B722__00020.304,13.98595308609216,42.203568739999994,B722,_,00020,304
B722__00010.305,13.97212158474227,42.20199641,B722,_,00010,305
B722__00540.305,14.049695947799062,42.146886550000005,B722,_,00540,305
B722__00530.305,14.028619134220808,42.13681974,B722,_,00530,305
B722__00520.305,14.009460105355927,42.138414935,B722,_,00520,305
B722__0051.305,14.004924295674083,42.13905207,B722,_,0051,305
B722__00430.305,14.03482387500755,42.152705205000004,B722,_,00430,305
B722__00420.305,14.007338165321462,42.146164745,B722,_,00420,305
B722__00410.305,14.01216286561846,42.154745625000004,B722,_,00410,305
B722__00400.305,14.003829769828583,42.153353190000004,B722,_,00400,305
B722__00380.305,13.999914652211958,42.139586210000004,B722,_,00380,305
B722__00370.305,13.98468353468703,42.144505865,B722,_,00370,305
B722__00360.305,13.991639522666848,42.147492975,B722,_,00360,305
B722__00350.305,13.979842004960728,42.142905805,B722,_,00350,305
B722__00290.305,13.999265511338916,42.160042614999995,B722,_,00290,305
B722__0028.305,13.99949759386632,42.157966605,B722,_,0028,305
B722__00270.305,13.983943749702135,42.15267057,B722,_,00270,305
B722__00260.305,13.984299439877518,42.16295021,B722,_,00260,305
B722__00250.305,13.978284623206665,42.160206605,B722,_,00250,305
B722__00220.305,14.043866261817046,42.163146695,B722,_,00220,305
B722__00210.305,14.038620111267567,42.168621555,B722,_,00210,305
B722__00200.305,14.030367136564987,42.166577865,B722,_,00200,305
B722__00190.305,13.998418385512226,42.16505461,B722,_,00190,305
B722__00170.305,14.012446202527958,42.17494722,B722,_,00170,305
B722__00160.305,14.011983208182595,42.17293148,B722,_,00160,305
B722__00150.305,13.990329808664582,42.172234375,B722,_,00150,305
B722__00140.305,13.98643371287525,42.165535245,B722,_,00140,305
B722__00130.305,13.980967730287649,42.17420816,B722,_,00130,305
B722__00120.305,14.008956787949362,42.18473409,B722,_,00120,305
B722__00110.305,13.99710354641288,42.185766305,B722,_,00110,305
B722__00100.305,13.98322322821572,42.18143715,B722,_,00100,305
B722__00090.305,13.974025659994119,42.186909705000005,B722,_,00090,305
B722__00080.305,13.967537139775104,42.183589445,B722,_,00080,305
B722__00070.305,13.99744310453822,42.189834829999995,B722,_,00070,305
B722__00060.305,13.990514499419014,42.19906021,B722,_,00060,305
B722__00050.305,13.975292679367614,42.191244025,B722,_,00050,305
B722__00040.305,13.969976794648447,42.19632876,B722,_,00040,305
B722__00030.305,13.967343791134532,42.1941628,B722,_,00030,305
B722__00020.305,13.986588071598202,42.203720695,B722,_,00020,305
B722__00010.306,13.971732357941566,42.20199641,B722,_,00010,306
B722__00600.306,14.010593691876664,42.130540355,B722,_,00600,306
B722__00540.306,14.050128506738687,42.146479,B722,_,00540,306
B722__00530.306,14.028766675225693,42.136443545,B722,_,00530,306
B722__00520.306,14.010898388029947,42.13864003,B722,_,00520,306
B722__0051.306,14.004902466446453,42.13901251,B722,_,0051,306
B722__00430.306,14.034924477018254,42.15262799,B722,_,00430,306
B722__00420.306,14.007335960401821,42.1459817,B722,_,00420,306
B722__00400.306,14.00161676622622,42.147014465,B722,_,00400,306
B722__00390.306,14.003409341858736,42.142830384999996,B722,_,00390,306
B722__00380.306,13.999809150465012,42.13951231,B722,_,00380,306
B722__00370.306,13.986777605517334,42.14354962,B722,_,00370,306
B722__00360.306,13.992004063344144,42.147016504999996,B722,_,00360,306
B722__00350.306,13.979596752138917,42.14370331,B722,_,00350,306
B722__00290.306,13.99938765964701,42.16008055499999,B722,_,00290,306
B722__0028.306,13.99956467155599,42.15792676,B722,_,0028,306
B722__00270.306,13.983687821148582,42.152642075,B722,_,00270,306
B722__00260.306,13.986210347453554,42.157095985,B722,_,00260,306
B722__00250.306,13.978550876793332,42.160228135,B722,_,00250,306
B722__00220.306,14.044506613874884,42.16362768,B722,_,00220,306
B722__00210.306,14.032185596139797,42.17095399,B722,_,00210,306
B722__00200.306,14.012644249513679,42.163840355000005,B722,_,00200,306
B722__00190.306,13.99892513476577,42.16496775,B722,_,00190,306
B722__00180.306,14.024121631556586,42.172679959999996,B722,_,00180,306
B722__00170.306,14.017705732256754,42.180909605,B722,_,00170,306
B722__00160.306,14.0122474114156,42.172826155,B722,_,00160,306
B722__00140.306,13.987228996550716,42.165899034999995,B722,_,00140,306
B722__00130.306,13.976510937379363,42.178445995000004,B722,_,00130,306
B722__00120.306,14.008339101005891,42.18473503,B722,_,00120,306
B722__00110.306,13.99410594960095,42.182809905,B722,_,00110,306
B722__00090.306,13.973113816831365,42.187307905,B722,_,00090,306
B722__00080.306,13.967530627276062,42.183424515,B722,_,00080,306
B722__00070.306,13.998037498873412,42.18982935,B722,_,00070,306
B722__00060.306,13.982861436787712,42.19670053,B722,_,00060,306
B722__00050.306,13.975275121062005,42.19139335,B722,_,00050,306
B722__00040.306,13.97023553078763,42.19608806,B722,_,00040,306
B722__00030.306,13.967442007484191,42.194205225000005,B722,_,00030,306
B722__00020.306,13.986291492427616,42.203482805,B722,_,00020,306
B722__00010.307,13.972543310813686,42.201506925000004,B722,_,00010,307
B722__00600.307,14.008727904189652,42.127672704999995,B722,_,00600,307
B722__00540.307,14.050751863038482,42.145104285,B722,_,00540,307
B722__00530.307,14.028607732220149,42.13736128,B722,_,00530,307
B722__00520.307,14.01580828345551,42.139494924999994,B722,_,00520,307
B722__0051.307,14.00510143783881,42.139053884999996,B722,_,0051,307
B722__00430.307,14.03509960098393,42.152615080000004,B722,_,00430,307
B722__00420.307,14.007382054356388,42.14569967,B722,_,00420,307
B722__00400.307,14.005390380419744,42.145677379999995,B722,_,00400,307
B722__00390.307,14.003230002607944,42.14280411,B722,_,00390,307
B722__00380.307,13.999505974308633,42.139235245,B722,_,00380,307
B722__00370.307,13.987129550516489,42.14313132,B722,_,00370,307
B722__00360.307,13.992090780746643,42.147460225,B722,_,00360,307
B722__00350.307,13.981351819402118,42.142593065,B722,_,00350,307
B722__00290.307,13.999367420254288,42.159920310000004,B722,_,00290,307
B722__00270.307,13.984178215261611,42.15264356,B722,_,00270,307
B722__00260.307,13.986523438896825,42.15706141,B722,_,00260,307
B722__00250.307,13.978669317454473,42.15996245,B722,_,00250,307
B722__00220.307,14.044520063815465,42.16342237,B722,_,00220,307
B722__00210.307,14.03133025117865,42.170211595,B722,_,00210,307
B722__00200.307,14.018144543461426,42.164465745,B722,_,00200,307
B722__00180.307,14.024444263955814,42.17250062,B722,_,00180,307
B722__00170.307,14.017575207691841,42.181260550000005,B722,_,00170,307
B722__00160.307,14.012987775743273,42.17347355,B722,_,00160,307
B722__00140.307,13.986832602950507,42.165770255,B722,_,00140,307
B722__00130.307,13.975415521165612,42.176869455,B722,_,00130,307
B722__00120.307,14.007827135393882,42.184004924999996,B722,_,00120,307
B722__00110.307,13.99385180164802,42.18263298,B722,_,00110,307
B722__00100.307,13.984177528764786,42.181375475,B722,_,00100,307
B722__00090.307,13.974254190236627,42.187150625,B722,_,00090,307
B722__00080.307,13.964363512059087,42.18222614,B722,_,00080,307
B722__00070.307,13.9975492500506,42.19019743,B722,_,00070,307
B722__00060.307,13.98275583829925,42.196471880000004,B722,_,00060,307
B722__00050.307,13.975364052935987,42.191572969999996,B722,_,00050,307
B722__00040.307,13.970802841040983,42.1964121,B722,_,00040,307
B722__00030.307,13.968328229867087,42.194157715,B722,_,00030,307
B722__00020.307,13.986692531321612,42.20354396,B722,_,00020,307
B722__00010.308,13.969479998510106,42.202140729999996,B722,_,00010,308
B722__00540.308,14.050573424439872,42.143970995000004,B722,_,00540,308
B722__00530.308,14.028970060644909,42.13717637,B722,_,00530,308
B722__00520.308,14.017100580351066,42.141026804999996,B722,_,00520,308
B722__0051.308,14.005098456015055,42.139092704999996,B722,_,0051,308
B722__00430.308,14.035252668814245,42.152478975,B722,_,00430,308
B722__00420.308,14.007267952254463,42.145576145,B722,_,00420,308
B722__00410.308,14.013713689814987,42.155551055000004,B722,_,00410,308
B722__00400.308,14.006155506005436,42.146092815,B722,_,00400,308
B722__00390.308,13.99869372353589,42.144325105,B722,_,00390,308
B722__00380.308,13.999823655776625,42.139447829999995,B722,_,00380,308
B722__00370.308,13.98886298938826,42.142074645,B722,_,00370,308
B722__00360.308,13.992099061979053,42.147599885,B722,_,00360,308
B722__00350.308,13.981510432251088,42.142481175,B722,_,00350,308
B722__0028.308,13.999465977146134,42.157914770000005,B722,_,0028,308
B722__00260.308,13.986943692831133,42.156889315,B722,_,00260,308
B722__00250.308,13.979554410950588,42.16075055,B722,_,00250,308
B722__00220.308,14.045087321088658,42.163324415,B722,_,00220,308
B722__00210.308,14.038428355373393,42.168594375,B722,_,00210,308
B722__00200.308,14.018342451999192,42.16422065,B722,_,00200,308
B722__00170.308,14.0125948580102,42.175227025,B722,_,00170,308
B722__00160.308,14.013048260672551,42.173325004999995,B722,_,00160,308
B722__00140.308,13.986715527671661,42.165644465,B722,_,00140,308
B722__00130.308,13.976137765845678,42.177946805000005,B722,_,00130,308
B722__00120.308,14.00927601384969,42.184060985,B722,_,00120,308
B722__00110.308,13.993891004500327,42.182452194999996,B722,_,00110,308
B722__00100.308,13.984437291571242,42.18081923,B722,_,00100,308
B722__00090.308,13.97480195462548,42.187135095,B722,_,00090,308
B722__00080.308,13.964814857303878,42.18227139,B722,_,00080,308
B722__00070.308,13.997661401823652,42.1905337,B722,_,00070,308
B722__00060.308,13.983096088712912,42.196610289999995,B722,_,00060,308
B722__00050.308,13.975617745069219,42.19191824000001,B722,_,00050,308
B722__00040.308,13.970576377296158,42.196209925000005,B722,_,00040,308
B722__00030.308,13.96852486936694,42.194562149999996,B722,_,00030,308
B722__00020.308,13.986773070618186,42.203380725,B722,_,00020,308
B722__00010.309,13.97038342058654,42.201778669999996,B722,_,00010,309
B722__00600.309,14.012211426231023,42.12971295,B722,_,00600,309
B722__00540.309,14.048771869244863,42.144946695,B722,_,00540,309
B722__00530.309,14.02926089978775,42.136983369999996,B722,_,00530,309
B722__00520.309,14.017175877201186,42.14119954,B722,_,00520,309
B722__0051.309,14.005208832932343,42.13924573,B722,_,0051,309
B722__00430.309,14.035217076049683,42.152897945,B722,_,00430,309
B722__00400.309,14.003730202592335,42.154151455,B722,_,00400,309
B722__00390.309,14.000750966044162,42.146403655,B722,_,00390,309
B722__00380.309,14.000040373275368,42.139566645,B722,_,00380,309
B722__00360.309,13.996278934854642,42.153744155,B722,_,00360,309
B722__00350.309,13.981614341752582,42.142964449999994,B722,_,00350,309
B722__0028.309,13.99936193359035,42.15784648,B722,_,0028,309
B722__00270.309,13.983855548737806,42.15237478,B722,_,00270,309
B722__00260.309,13.985550904904388,42.157456925,B722,_,00260,309
B722__00250.309,13.979147595485765,42.160735745,B722,_,00250,309
B722__00220.309,14.045352746323275,42.163635075,B722,_,00220,309
B722__00210.309,14.030241109834439,42.169686275000004,B722,_,00210,309
B722__00200.309,14.015955944982103,42.16342381,B722,_,00200,309
B722__00190.309,13.999445302360288,42.16474149,B722,_,00190,309
B722__00180.309,14.025105611266298,42.17266232,B722,_,00180,309
B722__00170.309,14.012519944193755,42.175281485,B722,_,00170,309
B722__00160.309,14.013097604626022,42.173195660000005,B722,_,00160,309
B722__00150.309,13.991486001988314,42.172807070000005,B722,_,00150,309
B722__00140.309,13.986537468248034,42.16550241,B722,_,00140,309
B722__00130.309,13.981089669689313,42.177890215,B722,_,00130,309
B722__00120.309,14.008931783131242,42.184071270000004,B722,_,00120,309
B722__00110.309,13.99355243026589,42.182357145,B722,_,00110,309
B722__00100.309,13.984262079374954,42.180578705,B722,_,00100,309
B722__00090.309,13.974929310260539,42.186791150000005,B722,_,00090,309
B722__00080.309,13.965016306160797,42.18206924,B722,_,00080,309
B722__00070.309,13.998360291435977,42.190380715,B722,_,00070,309
B722__00060.309,13.983839549616658,42.196378625,B722,_,00060,309
B722__00050.309,13.975257698165136,42.1921282,B722,_,00050,309
B722__00040.309,13.971394227300372,42.196297255000005,B722,_,00040,309
B722__00030.309,13.968545037484091,42.194795805,B722,_,00030,309
B722__00020.309,13.986293569149751,42.203337895000004,B722,_,00020,309
B722__00010.31,13.967469384014944,42.20997352,B722,_,00010,31
B722__00610.31,13.994635558023871,42.12086757,B722,_,00610,31
B722__00600.31,14.010492082729453,42.133180895,B722,_,00600,31
B722__00590.31,13.987956499810704,42.1245478,B722,_,00590,31
B722__00540.31,14.05007503264547,42.145671625,B722,_,00540,31
B722__00530.31,14.036259165928367,42.148184215,B722,_,00530,31
B722__00520.31,14.010027559757178,42.142717345,B722,_,00520,31
B722__0051.31,14.003886024100062,42.143128125000004,B722,_,0051,31
B722__00500.31,13.988383198784557,42.13306014,B722,_,00500,31
B722__00490.31,13.981640516944193,42.130905295000005,B722,_,00490,31
B722__00480.31,13.970940136086138,42.137934875,B722,_,00480,31
B722__00450.31,14.05466810087885,42.14405369,B722,_,00450,31
B722__00440.31,14.042720928314584,42.153060690000004,B722,_,00440,31
B722__00430.31,14.032114811514797,42.157032015,B722,_,00430,31
B722__00420.31,14.0096852137255,42.149189504999995,B722,_,00420,31
B722__00410.31,14.00859612251929,42.15910751,B722,_,00410,31
B722__00400.31,14.003816952867197,42.15367028,B722,_,00400,31
B722__00390.31,14.002131924937713,42.145002105,B722,_,00390,31
B722__00380.31,13.999884150211438,42.14217741,B722,_,00380,31
B722__00370.31,13.98693563458161,42.145254605,B722,_,00370,31
B722__00360.31,13.993375199378042,42.152750755,B722,_,00360,31
B722__00350.31,13.97663821872844,42.145763895,B722,_,00350,31
B722__00340.31,13.967801663830269,42.147201245,B722,_,00340,31
B722__00330.31,13.975201750489493,42.153888370000004,B722,_,00330,31
B722__00310.31,14.037488134935796,42.161413315000004,B722,_,00310,31
B722__00300.31,14.01670795886717,42.16338312,B722,_,00300,31
B722__00290.31,14.006819089845308,42.162291825,B722,_,00290,31
B722__0028.31,13.997246740998655,42.1587722,B722,_,0028,31
B722__00270.31,13.992837186488885,42.160403415000005,B722,_,00270,31
B722__00260.31,13.981878741138305,42.164775975,B722,_,00260,31
B722__00230.31,14.061548707119446,42.169375145000004,B722,_,00230,31
B722__00220.31,14.049946177630686,42.171890149999996,B722,_,00220,31
B722__00210.31,14.031652125164324,42.171805405,B722,_,00210,31
B722__00200.31,14.023450790678611,42.17026591,B722,_,00200,31
B722__00190.31,14.002269568727062,42.16951981,B722,_,00190,31
B722__00180.31,14.023504329290333,42.17761693,B722,_,00180,31
B722__00170.31,14.007914195265357,42.179480135,B722,_,00170,31
B722__00160.31,14.00624767212364,42.17439372,B722,_,00160,31
B722__00150.31,13.995165156845587,42.177320135,B722,_,00150,31
B722__00120.31,14.007305788778371,42.19311662,B722,_,00120,31
B722__00110.31,13.996975636362862,42.185124245,B722,_,00110,31
B722__00100.31,13.98396430540769,42.18898079,B722,_,00100,31
B722__0009.31,13.968448210045988,42.18734626,B722,_,0009,31
B722__00080.31,13.960842726805586,42.18959256,B722,_,00080,31
B722__00070.31,13.997777749837873,42.197376935,B722,_,00070,31
B722__00050.31,13.98191885562278,42.194825155000004,B722,_,00050,31
B722__00040.31,13.976117806801373,42.201811495,B722,_,00040,31
B722__00030.31,13.962465158023798,42.198369740000004,B722,_,00030,31
B722__00020.31,13.97625542846396,42.207217635,B722,_,00020,31
B722__00010.310,13.971071896588082,42.201581825,B722,_,00010,310
B722__00600.310,14.009352488047265,42.120639175,B722,_,00600,310
B722__00540.310,14.046517525565246,42.144568925,B722,_,00540,310
B722__00530.310,14.029544064954042,42.137205885,B722,_,00530,310
B722__00520.310,14.017549101286509,42.141305065,B722,_,00520,310
B722__0051.310,14.005202525194434,42.139395635,B722,_,0051,310
B722__00430.310,14.035523955737055,42.152923834999996,B722,_,00430,310
B722__00420.310,14.008326307240887,42.146193015,B722,_,00420,310
B722__00410.310,14.01533485812241,42.155232405,B722,_,00410,310
B722__00400.310,14.003830481415275,42.15375326,B722,_,00400,310
B722__00390.310,14.000122163872177,42.14574179,B722,_,00390,310
B722__00380.310,13.999963730423932,42.139456124999995,B722,_,00380,310
B722__00360.310,13.992294014164703,42.14763108,B722,_,00360,310
B722__00350.310,13.981808345717813,42.142872874999995,B722,_,00350,310
B722__0028.310,13.999332949298802,42.157712815,B722,_,0028,310
B722__00270.310,13.983872046061823,42.152345515,B722,_,00270,310
B722__00260.310,13.985245495850746,42.15721866,B722,_,00260,310
B722__00250.310,13.979855100167125,42.160640215,B722,_,00250,310
B722__00220.310,14.045499720438052,42.163831855,B722,_,00220,310
B722__00210.310,14.029387949759473,42.169108734999995,B722,_,00210,310
B722__00200.310,14.016385143545373,42.163718815,B722,_,00200,310
B722__00190.310,13.999829721511075,42.164662335,B722,_,00190,310
B722__00180.310,14.025388092588848,42.172821795000004,B722,_,00180,310
B722__00170.310,14.01244953502329,42.17525998000001,B722,_,00170,310
B722__00160.310,14.013112723545047,42.173063385000006,B722,_,00160,310
B722__00140.310,13.986645248695908,42.165480865,B722,_,00140,310
B722__00120.310,14.008311831213184,42.184238565,B722,_,00120,310
B722__00110.310,14.001610138716142,42.1810865,B722,_,00110,310
B722__00100.310,13.983983098730267,42.180342615,B722,_,00100,310
B722__00090.310,13.974993054343244,42.186963975,B722,_,00090,310
B722__00080.310,13.965658153485549,42.182079605,B722,_,00080,310
B722__00070.310,13.998451181828525,42.19060962499999,B722,_,00070,310
B722__00060.310,13.983759266304823,42.1965075,B722,_,00060,310
B722__00050.310,13.976069965945841,42.19199238,B722,_,00050,310
B722__00040.310,13.971747219514707,42.19629184,B722,_,00040,310
B722__00030.310,13.9687920945886,42.195071065,B722,_,00030,310
B722__00020.310,13.986298152486118,42.203091035,B722,_,00020,310
B722__00010.311,13.972473417963567,42.20130034,B722,_,00010,311
B722__00600.311,14.009524990318566,42.120758620000004,B722,_,00600,311
B722__00540.311,14.038784273113244,42.14676739,B722,_,00540,311
B722__00520.311,14.017310957714251,42.140955559999995,B722,_,00520,311
B722__0051.311,14.005285309237276,42.139352329999994,B722,_,0051,311
B722__00430.311,14.035726432460972,42.152598915,B722,_,00430,311
B722__00420.311,14.008989764822616,42.146572995,B722,_,00420,311
B722__00410.311,14.01091299206964,42.15122245,B722,_,00410,311
B722__00400.311,14.003404137338368,42.15235596,B722,_,00400,311
B722__00390.311,14.000444430267244,42.14586355,B722,_,00390,311
B722__00380.311,14.000260317387315,42.139604059999996,B722,_,00380,311
B722__00370.311,13.994332337216449,42.14310831,B722,_,00370,311
B722__00360.311,13.992534153361651,42.14756434,B722,_,00360,311
B722__00350.311,13.982356176061193,42.142788105,B722,_,00350,311
B722__00260.311,13.985834905497164,42.157136525,B722,_,00260,311
B722__00250.311,13.979840753458102,42.159858924999995,B722,_,00250,311
B722__00220.311,14.04577533228802,42.16314115,B722,_,00220,311
B722__00210.311,14.034907240240415,42.16720843,B722,_,00210,311
B722__00200.311,14.016671157390661,42.16358777,B722,_,00200,311
B722__00190.311,13.999953916134984,42.164549050000005,B722,_,00190,311
B722__00180.311,14.025815137584488,42.172565485,B722,_,00180,311
B722__00170.311,14.011890006300327,42.17538701,B722,_,00170,311
B722__00160.311,14.004531858906962,42.17076308,B722,_,00160,311
B722__00150.311,13.991131098909289,42.172525745,B722,_,00150,311
B722__00140.311,13.986951750239083,42.16563458,B722,_,00140,311
B722__00130.311,13.978377841343445,42.17724466,B722,_,00130,311
B722__00120.311,14.00799996887125,42.184301585,B722,_,00120,311
B722__00110.311,14.003984026585881,42.181781305,B722,_,00110,311
B722__00100.311,13.982191203617788,42.179286495,B722,_,00100,311
B722__00090.311,13.975251206194873,42.18693313,B722,_,00090,311
B722__00080.311,13.965561538984481,42.18237349,B722,_,00080,311
B722__00070.311,13.998036118312438,42.190844255,B722,_,00070,311
B722__00060.311,13.983571536089016,42.19667521,B722,_,00060,311
B722__00050.311,13.976378967859395,42.19164415,B722,_,00050,311
B722__00040.311,13.971542740322835,42.195959720000005,B722,_,00040,311
B722__00030.311,13.969047551216297,42.19526693500001,B722,_,00030,311
B722__00020.311,13.986118755083286,42.203027835,B722,_,00020,311
B722__00010.312,13.96787277523767,42.20870017,B722,_,00010,312
B722__00540.312,14.038308810157037,42.14676138,B722,_,00540,312
B722__00530.312,14.030908423642483,42.137855925,B722,_,00530,312
B722__00520.312,14.017636157166987,42.141186024999996,B722,_,00520,312
B722__0051.312,14.005470291214781,42.139457355000005,B722,_,0051,312
B722__00430.312,14.036296027095315,42.152670485,B722,_,00430,312
B722__00410.312,14.010432278277984,42.15129031,B722,_,00410,312
B722__00400.312,14.003261779056587,42.15215153,B722,_,00400,312
B722__00390.312,14.00054608127462,42.145958745,B722,_,00390,312
B722__00380.312,14.000120825465984,42.139424155,B722,_,00380,312
B722__00360.312,13.992642535382988,42.147155874999996,B722,_,00360,312
B722__00350.312,13.971847922602578,42.14108766,B722,_,00350,312
B722__00270.312,13.984372408527694,42.15214465,B722,_,00270,312
B722__00260.312,13.985959344848343,42.157076974999995,B722,_,00260,312
B722__00250.312,13.980136490590496,42.160710124999994,B722,_,00250,312
B722__00220.312,14.046400498198572,42.164345865,B722,_,00220,312
B722__00210.312,14.035087964374753,42.166947715,B722,_,00210,312
B722__00200.312,14.016975496199887,42.163769845000004,B722,_,00200,312
B722__00190.312,13.999866095564277,42.165011405,B722,_,00190,312
B722__00180.312,14.026678044066404,42.172890455,B722,_,00180,312
B722__00170.312,14.012216309255567,42.176329315000004,B722,_,00170,312
B722__00150.312,13.991120122653314,42.17260904,B722,_,00150,312
B722__00140.312,13.987187583766495,42.16570249,B722,_,00140,312
B722__00120.312,14.008346286298078,42.18364833,B722,_,00120,312
B722__00110.312,14.003965689587123,42.18141956,B722,_,00110,312
B722__00100.312,13.983236289539146,42.18008531,B722,_,00100,312
B722__00090.312,13.975600390231246,42.186997695,B722,_,00090,312
B722__00080.312,13.965823276817495,42.18284209,B722,_,00080,312
B722__00070.312,13.998594219866538,42.190760765,B722,_,00070,312
B722__00060.312,13.984235845574165,42.196535659999995,B722,_,00060,312
B722__00050.312,13.976327351020856,42.191187525000004,B722,_,00050,312
B722__00040.312,13.971971662747013,42.196099649999994,B722,_,00040,312
B722__00030.312,13.968972652394665,42.19494492,B722,_,00030,312
B722__00010.313,13.971693015082526,42.208352375000004,B722,_,00010,313
B722__00600.313,14.011770861726752,42.130544865000005,B722,_,00600,313
B722__00540.313,14.047730611157315,42.13678245,B722,_,00540,313
B722__00530.313,14.031107610455223,42.137668125000005,B722,_,00530,313
B722__00520.313,14.018757718063554,42.141673819999994,B722,_,00520,313
B722__0051.313,14.005536638571225,42.13930958,B722,_,0051,313
B722__00430.313,14.03707622716998,42.152845490000004,B722,_,00430,313
B722__00420.313,14.009623054664537,42.146738985,B722,_,00420,313
B722__00410.313,14.010563176947741,42.151929655,B722,_,00410,313
B722__00400.313,14.001571484475068,42.151585705,B722,_,00400,313
B722__00390.313,14.00056024003711,42.146303305,B722,_,00390,313
B722__00380.313,13.999981342565112,42.139288719999996,B722,_,00380,313
B722__00370.313,13.994706862260252,42.143173524999995,B722,_,00370,313
B722__00360.313,13.992999559467439,42.147603715,B722,_,00360,313
B722__00350.313,13.9714187879351,42.140657425,B722,_,00350,313
B722__0028.313,13.999644402701904,42.157860944999996,B722,_,0028,313
B722__00270.313,13.984611941032469,42.15243385,B722,_,00270,313
B722__00260.313,13.985751546174027,42.15661077,B722,_,00260,313
B722__00250.313,13.980232415615987,42.16044685,B722,_,00250,313
B722__00220.313,14.047140663033336,42.164135849999994,B722,_,00220,313
B722__00210.313,14.04244419571791,42.172393275,B722,_,00210,313
B722__00200.313,14.017935982485369,42.163903559999994,B722,_,00200,313
B722__00190.313,13.999911432987737,42.165453595,B722,_,00190,313
B722__00180.313,14.026885924680602,42.172566225,B722,_,00180,313
B722__00170.313,14.011728048029273,42.175336564999995,B722,_,00170,313
B722__00150.313,13.991114133666503,42.17267975,B722,_,00150,313
B722__00140.313,13.987492510443467,42.165829615,B722,_,00140,313
B722__00120.313,14.007229342270717,42.18368141,B722,_,00120,313
B722__00110.313,14.004294785209902,42.181173975,B722,_,00110,313
B722__00100.313,13.983218596569472,42.179893355000004,B722,_,00100,313
B722__00090.313,13.97474553912367,42.187504000000004,B722,_,00090,313
B722__00080.313,13.966225026800247,42.18273908,B722,_,00080,313
B722__00070.313,13.999226252231711,42.190323145,B722,_,00070,313
B722__00060.313,13.983948753135522,42.19670815,B722,_,00060,313
B722__00050.313,13.977199829112987,42.19088492,B722,_,00050,313
B722__00040.313,13.97230323482627,42.19636552,B722,_,00040,313
B722__00030.313,13.968884385377958,42.19481544,B722,_,00030,313
B722__00020.313,13.986494755336697,42.20304952,B722,_,00020,313
B722__00010.314,13.972640174979329,42.20634767,B722,_,00010,314
B722__00600.314,14.011735719371195,42.130687815,B722,_,00600,314
B722__00540.314,14.047865523091021,42.136476900000005,B722,_,00540,314
B722__00530.314,14.031888114917045,42.137808915,B722,_,00530,314
B722__00520.314,14.019582001988054,42.141508715,B722,_,00520,314
B722__0051.314,14.005523188882844,42.13916652,B722,_,0051,314
B722__00430.314,14.037305237782707,42.152442429999994,B722,_,00430,314
B722__00420.314,14.009950813705053,42.14707636999999,B722,_,00420,314
B722__00410.314,14.012214939396175,42.152543525,B722,_,00410,314
B722__00400.314,14.001791772722758,42.151572855,B722,_,00400,314
B722__00390.314,14.000295383173041,42.144946815,B722,_,00390,314
B722__00380.314,14.000063237784918,42.139326139999994,B722,_,00380,314
B722__00370.314,13.994619370491169,42.143131804999996,B722,_,00370,314
B722__00360.314,13.993724877896838,42.146920315,B722,_,00360,314
B722__00350.314,13.972009726382836,42.140863495,B722,_,00350,314
B722__0028.314,13.999801120542596,42.15788223,B722,_,0028,314
B722__00270.314,13.984654077369544,42.152301815,B722,_,00270,314
B722__00260.314,13.986388655862008,42.163357475,B722,_,00260,314
B722__00250.314,13.980235032262591,42.15998141,B722,_,00250,314
B722__00220.314,14.046732377506565,42.16366737,B722,_,00220,314
B722__00210.314,14.032029438100786,42.16837158,B722,_,00210,314
B722__00200.314,14.018516098141903,42.1637413,B722,_,00200,314
B722__00190.314,14.000258821891247,42.164969625,B722,_,00190,314
B722__00180.314,14.028558379072212,42.17196982,B722,_,00180,314
B722__00170.314,14.011964205817417,42.175291415000004,B722,_,00170,314
B722__00160.314,14.009404154606457,42.176562270000005,B722,_,00160,314
B722__00150.314,13.991030563380313,42.17282888,B722,_,00150,314
B722__00140.314,13.988224785304952,42.165735675,B722,_,00140,314
B722__00130.314,13.976441543151669,42.17576982,B722,_,00130,314
B722__00120.314,14.009800638306917,42.18556484,B722,_,00120,314
B722__00110.314,14.00485455627447,42.18095702,B722,_,00110,314
B722__00100.314,13.983771557329806,42.179949035,B722,_,00100,314
B722__00090.314,13.976069505394612,42.186759335000005,B722,_,00090,314
B722__00080.314,13.966603308344059,42.18253,B722,_,00080,314
B722__00070.314,13.999535973402537,42.190378045,B722,_,00070,314
B722__00060.314,13.983562122915968,42.196900745,B722,_,00060,314
B722__00050.314,13.979443074342207,42.190438165,B722,_,00050,314
B722__00040.314,13.972621889680259,42.19642427,B722,_,00040,314
B722__00030.314,13.968693109952437,42.19447899,B722,_,00030,314
B722__00020.314,13.986825262020876,42.20316577,B722,_,00020,314
B722__00010.315,13.968638010485497,42.204770505,B722,_,00010,315
B722__00600.315,14.011646345359164,42.130761315,B722,_,00600,315
B722__00540.315,14.048031046311046,42.13648836,B722,_,00540,315
B722__00530.315,14.032125144244752,42.137865590000004,B722,_,00530,315
B722__00520.315,14.019819970018302,42.141630455,B722,_,00520,315
B722__0051.315,14.003917709644679,42.138842665,B722,_,0051,315
B722__00430.315,14.017984328852602,42.15140359,B722,_,00430,315
B722__00410.315,14.012517594953886,42.151890045,B722,_,00410,315
B722__00400.315,14.00214038496425,42.151548885,B722,_,00400,315
B722__00390.315,14.000167169471643,42.145046734999994,B722,_,00390,315
B722__00380.315,14.000271652482619,42.13907828,B722,_,00380,315
B722__00370.315,13.994478565124876,42.143105115,B722,_,00370,315
B722__00360.315,13.994686202008749,42.14687197,B722,_,00360,315
B722__00350.315,13.972177350997168,42.140632735,B722,_,00350,315
B722__0028.315,13.999793658707489,42.157783789999996,B722,_,0028,315
B722__00270.315,13.984978492949605,42.15256531,B722,_,00270,315
B722__00260.315,13.986110924356892,42.15645019,B722,_,00260,315
B722__00250.315,13.980543242534942,42.160125975,B722,_,00250,315
B722__00220.315,14.047324176890251,42.163314775,B722,_,00220,315
B722__00210.315,14.031445214504533,42.168233305,B722,_,00210,315
B722__00200.315,14.018831575690907,42.163815805,B722,_,00200,315
B722__00190.315,14.000444147098582,42.165473320000004,B722,_,00190,315
B722__00180.315,14.028702955930022,42.172403355,B722,_,00180,315
B722__00170.315,14.011971121651412,42.17522974,B722,_,00170,315
B722__00160.315,14.007173393324894,42.176533115,B722,_,00160,315
B722__00150.315,14.000269159253415,42.17819728,B722,_,00150,315
B722__00140.315,13.987118565129306,42.16553434,B722,_,00140,315
B722__00130.315,13.976773450050578,42.17581845,B722,_,00130,315
B722__00120.315,14.00978168255656,42.185446049999996,B722,_,00120,315
B722__00110.315,13.993155733641434,42.184624705,B722,_,00110,315
B722__00100.315,13.982331039573069,42.179273595,B722,_,00100,315
B722__00090.315,13.976019827167102,42.186202935,B722,_,00090,315
B722__00080.315,13.966098674180866,42.182350955000004,B722,_,00080,315
B722__00070.315,13.999335215137169,42.18963251,B722,_,00070,315
B722__00060.315,13.983713546970673,42.196936095,B722,_,00060,315
B722__00050.315,13.97990309173526,42.190340915,B722,_,00050,315
B722__00040.315,13.972270085051992,42.196237045000004,B722,_,00040,315
B722__00030.315,13.95979685407444,42.19280046,B722,_,00030,315
B722__00020.315,13.976233010301932,42.20486261,B722,_,00020,315
B722__00010.316,13.969005462750948,42.20962924,B722,_,00010,316
B722__00600.316,14.011702364197093,42.130774689999996,B722,_,00600,316
B722__00540.316,14.038379208286877,42.146022465,B722,_,00540,316
B722__00530.316,14.03241332837316,42.137634505,B722,_,00530,316
B722__00430.316,14.018022775799523,42.15152382,B722,_,00430,316
B722__00420.316,14.010032111697505,42.146954635,B722,_,00420,316
B722__00410.316,14.01265482812413,42.152766854999996,B722,_,00410,316
B722__00400.316,14.001776150523806,42.151081399999995,B722,_,00400,316
B722__00390.316,14.0005369919051,42.14559201,B722,_,00390,316
B722__00380.316,14.000407769860473,42.13925449,B722,_,00380,316
B722__00360.316,13.994945731330695,42.147132405,B722,_,00360,316
B722__00350.316,13.972321572831957,42.14060377,B722,_,00350,316
B722__00290.316,13.997517312830208,42.15964676,B722,_,00290,316
B722__0028.316,14.003880502516674,42.15600897,B722,_,0028,316
B722__00270.316,13.985422465514471,42.152641245,B722,_,00270,316
B722__00260.316,13.98695767810673,42.156466885,B722,_,00260,316
B722__00250.316,13.980512188239736,42.16026343,B722,_,00250,316
B722__00220.316,14.048105333707767,42.16349966,B722,_,00220,316
B722__00210.316,14.042180073963966,42.171699255,B722,_,00210,316
B722__00200.316,14.025725040996107,42.167249775,B722,_,00200,316
B722__00190.316,14.000769836630434,42.16546848,B722,_,00190,316
B722__00180.316,14.029494634739091,42.17235192,B722,_,00180,316
B722__00170.316,14.01261539537893,42.175478600000005,B722,_,00170,316
B722__00160.316,14.007347554505309,42.1761568,B722,_,00160,316
B722__00150.316,13.997133713136943,42.17474926,B722,_,00150,316
B722__00140.316,13.986804758651004,42.1653785,B722,_,00140,316
B722__00130.316,13.978231401269246,42.177743225,B722,_,00130,316
B722__00120.316,14.00975209812539,42.185337135,B722,_,00120,316
B722__00110.316,13.992761755816115,42.18458,B722,_,00110,316
B722__00100.316,13.984866950239232,42.180215135,B722,_,00100,316
B722__00090.316,13.976426466937138,42.1860864,B722,_,00090,316
B722__00080.316,13.966254826407372,42.18212992,B722,_,00080,316
B722__00070.316,13.999999835104576,42.18994664,B722,_,00070,316
B722__00060.316,13.983763760926664,42.19713541,B722,_,00060,316
B722__00050.316,13.978223463455139,42.191281265,B722,_,00050,316
B722__00040.316,13.972485289471734,42.196150265,B722,_,00040,316
B722__00030.316,13.96039213028493,42.19280046,B722,_,00030,316
B722__00020.316,13.976996445664746,42.205125375,B722,_,00020,316
B722__00010.317,13.97323887792333,42.20508502,B722,_,00010,317
B722__00600.317,14.01175080810674,42.130785765,B722,_,00600,317
B722__00540.317,14.038890987335183,42.146078145000004,B722,_,00540,317
B722__00530.317,14.032942492403595,42.13763454,B722,_,00530,317
B722__00520.317,14.02031428548259,42.141593764999996,B722,_,00520,317
B722__00430.317,14.01803141933269,42.151587585,B722,_,00430,317
B722__00420.317,14.0101495187865,42.146645035000006,B722,_,00420,317
B722__00410.317,14.011599283105657,42.153660405,B722,_,00410,317
B722__00400.317,14.002735396605566,42.15167796,B722,_,00400,317
B722__00390.317,14.001123114332628,42.145128549999995,B722,_,00390,317
B722__00380.317,14.000437582105969,42.139350925,B722,_,00380,317
B722__00370.317,13.994604425416467,42.142880885,B722,_,00370,317
B722__00360.317,13.995305837240146,42.147634825,B722,_,00360,317
B722__00350.317,13.972594697829074,42.140575855,B722,_,00350,317
B722__00290.317,13.997712899281886,42.15956818,B722,_,00290,317
B722__0028.317,13.999683688947151,42.157730415,B722,_,0028,317
B722__00270.317,13.985009494514834,42.152108455000004,B722,_,00270,317
B722__00260.317,13.986508856566427,42.15634954,B722,_,00260,317
B722__00250.317,13.980744439947074,42.160511045,B722,_,00250,317
B722__00220.317,14.04811704157986,42.163924065,B722,_,00220,317
B722__00210.317,14.033403760466216,42.169163255,B722,_,00210,317
B722__00200.317,14.025943692996858,42.1673292,B722,_,00200,317
B722__00190.317,14.000592712233363,42.165426685,B722,_,00190,317
B722__00170.317,14.012014167016636,42.17529295,B722,_,00170,317
B722__00160.317,14.00747093708571,42.175956060000004,B722,_,00160,317
B722__00150.317,13.99728023236414,42.17467955,B722,_,00150,317
B722__00140.317,13.987322246750946,42.165519615,B722,_,00140,317
B722__00130.317,13.979720097091894,42.177608754999994,B722,_,00130,317
B722__00120.317,14.009679918714289,42.185272479999995,B722,_,00120,317
B722__00110.317,13.992579396945821,42.18464239,B722,_,00110,317
B722__00100.317,13.978784380069023,42.182101239999994,B722,_,00100,317
B722__00090.317,13.976878162624757,42.185875395,B722,_,00090,317
B722__00080.317,13.966657460937796,42.182295975,B722,_,00080,317
B722__00070.317,14.00029227712119,42.189925055,B722,_,00070,317
B722__00060.317,13.983919769549063,42.19709495,B722,_,00060,317
B722__00050.317,13.978466390758967,42.191463670000005,B722,_,00050,317
B722__00040.317,13.972915424499902,42.19624867,B722,_,00040,317
B722__00030.317,13.960690621410366,42.191765995,B722,_,00030,317
B722__00020.317,13.97699309988677,42.204623760000004,B722,_,00020,317
B722__00010.318,13.972713351223714,42.203910225,B722,_,00010,318
B722__00600.318,14.01184284626993,42.130805315,B722,_,00600,318
B722__00540.318,14.045271542131239,42.137503865,B722,_,00540,318
B722__00530.318,14.032802602855593,42.138104715,B722,_,00530,318
B722__00520.318,14.021060414961651,42.14189563,B722,_,00520,318
B722__0051.318,14.004751560044593,42.138829224999995,B722,_,0051,318
B722__00430.318,14.018045354842057,42.151665175000005,B722,_,00430,318
B722__00420.318,14.010483684400548,42.147049624999994,B722,_,00420,318
B722__00410.318,14.01199155391692,42.154092195000004,B722,_,00410,318
B722__00400.318,14.003360581145461,42.15170608,B722,_,00400,318
B722__00390.318,14.001353815503158,42.145533905,B722,_,00390,318
B722__00380.318,14.001147983003063,42.13953687,B722,_,00380,318
B722__00370.318,13.99448013501037,42.14282782,B722,_,00370,318
B722__00360.318,13.995661650431408,42.1474058,B722,_,00360,318
B722__00350.318,13.972650481960173,42.140377349999994,B722,_,00350,318
B722__00290.318,13.997827482480123,42.159445875,B722,_,00290,318
B722__0028.318,13.999574524074703,42.157599255,B722,_,0028,318
B722__00270.318,13.986133894979488,42.15259768,B722,_,00270,318
B722__00260.318,13.986316889516436,42.15611011,B722,_,00260,318
B722__00250.318,13.981098740821707,42.160497025,B722,_,00250,318
B722__00220.318,14.04797216947611,42.164105125,B722,_,00220,318
B722__00210.318,14.032690879709289,42.168925025,B722,_,00210,318
B722__00200.318,14.028786408119561,42.169404209999996,B722,_,00200,318
B722__00190.318,14.000649135280966,42.165281844999996,B722,_,00190,318
B722__00180.318,14.025379072476031,42.172359055,B722,_,00180,318
B722__00170.318,14.012000660906097,42.17548823,B722,_,00170,318
B722__00160.318,14.00777509659044,42.1758892,B722,_,00160,318
B722__00150.318,13.99745180941574,42.174602495,B722,_,00150,318
B722__00140.318,13.986946389771258,42.165344245,B722,_,00140,318
B722__00120.318,14.008143085448125,42.182688545000005,B722,_,00120,318
B722__00110.318,13.992499584339253,42.18463903,B722,_,00110,318
B722__00100.318,13.986054679664672,42.17958016,B722,_,00100,318
B722__00090.318,13.97700230381227,42.18604264,B722,_,00090,318
B722__00080.318,13.966994434572598,42.181993135,B722,_,00080,318
B722__00070.318,14.00106994477646,42.18951148,B722,_,00070,318
B722__00060.318,13.984041460706322,42.19705075,B722,_,00060,318
B722__00050.318,13.978412525643561,42.19163982,B722,_,00050,318
B722__00040.318,13.973484136980872,42.19562894,B722,_,00040,318
B722__00030.318,13.96146853547426,42.192677785,B722,_,00030,318
B722__00020.318,13.977597475519719,42.2020782,B722,_,00020,318
B722__00010.319,13.972988442928827,42.203799415,B722,_,00010,319
B722__00600.319,14.005486592391545,42.127785805,B722,_,00600,319
B722__00540.319,14.04562116462561,42.137542280000005,B722,_,00540,319
B722__00530.319,14.034282524963903,42.137257685,B722,_,00530,319
B722__00520.319,14.021656068874634,42.14207077499999,B722,_,00520,319
B722__0051.319,14.00478799951032,42.138856345,B722,_,0051,319
B722__00430.319,14.018136559690205,42.151568655,B722,_,00430,319
B722__00420.319,14.0105818076772,42.146416005000006,B722,_,00420,319
B722__00410.319,14.01239189093783,42.154203535,B722,_,00410,319
B722__00400.319,14.004009136979032,42.15160012,B722,_,00400,319
B722__00390.319,13.99854349197259,42.144709625000004,B722,_,00390,319
B722__00380.319,14.000723795458715,42.139229099999994,B722,_,00380,319
B722__00370.319,13.994871107551033,42.142735959999996,B722,_,00370,319
B722__00360.319,13.995924193075442,42.147802335,B722,_,00360,319
B722__00350.319,13.978156457722582,42.141124614999995,B722,_,00350,319
B722__0028.319,13.999748120113468,42.157570005,B722,_,0028,319
B722__00270.319,13.985431682989862,42.15197353,B722,_,00270,319
B722__00260.319,13.986830438442176,42.15610747,B722,_,00260,319
B722__00250.319,13.981051707849046,42.16090373,B722,_,00250,319
B722__00220.319,14.04895652796586,42.163785340000004,B722,_,00220,319
B722__00210.319,14.033005878091062,42.168660790000004,B722,_,00210,319
B722__00200.319,14.019006849101782,42.16541536,B722,_,00200,319
B722__00190.319,14.000883320373195,42.165346925,B722,_,00190,319
B722__00180.319,14.025802846700612,42.172217995,B722,_,00180,319
B722__00170.319,14.011936968657142,42.175230255,B722,_,00170,319
B722__00150.319,13.996476855680397,42.174358805,B722,_,00150,319
B722__00140.319,13.987408516960453,42.16543178,B722,_,00140,319
B722__00120.319,14.007749935409304,42.18275438,B722,_,00120,319
B722__00110.319,13.992487210211387,42.184566540000006,B722,_,00110,319
B722__00100.319,13.987484983453836,42.1794442,B722,_,00100,319
B722__00090.319,13.976385252536815,42.186263585,B722,_,00090,319
B722__00080.319,13.96696143874836,42.18212351,B722,_,00080,319
B722__00070.319,14.000916303343796,42.189880445,B722,_,00070,319
B722__00060.319,13.984181048103947,42.197102705,B722,_,00060,319
B722__00050.319,13.980071280136013,42.191328815,B722,_,00050,319
B722__00040.319,13.973313849144532,42.195950675,B722,_,00040,319
B722__00030.319,13.960814947500518,42.191144910000006,B722,_,00030,319
B722__00020.319,13.976864310582382,42.20424862,B722,_,00020,319
B722__00010.32,13.96746613808493,42.21019648,B722,_,00010,32
B722__00610.32,13.994234770710957,42.12126474,B722,_,00610,32
B722__00600.32,14.010434668930127,42.13299217,B722,_,00600,32
B722__00590.32,13.98773600841561,42.12465596,B722,_,00590,32
B722__00540.32,14.050282135671484,42.145174255,B722,_,00540,32
B722__00530.32,14.03657926126651,42.148130015,B722,_,00530,32
B722__00520.32,14.010174905485261,42.142720589999996,B722,_,00520,32
B722__0051.32,14.003967758672534,42.14275652,B722,_,0051,32
B722__00500.32,13.989589770592511,42.132831255,B722,_,00500,32
B722__00490.32,13.982046815316764,42.131105039999994,B722,_,00490,32
B722__00480.32,13.970596947013147,42.137669785,B722,_,00480,32
B722__00450.32,14.055728610234212,42.14379307,B722,_,00450,32
B722__00440.32,14.043282474720257,42.15279691,B722,_,00440,32
B722__00430.32,14.034118926270606,42.156646390000006,B722,_,00430,32
B722__00420.32,14.007774757650866,42.149449634999996,B722,_,00420,32
B722__00410.32,14.008875943605117,42.15903315,B722,_,00410,32
B722__00400.32,13.998699914948574,42.153167095,B722,_,00400,32
B722__00390.32,14.002510746877082,42.145317434999995,B722,_,00390,32
B722__00380.32,13.999616225387502,42.141949615,B722,_,00380,32
B722__00370.32,13.987546763647494,42.145435275,B722,_,00370,32
B722__00360.32,13.993306943960494,42.152750755,B722,_,00360,32
B722__00350.32,13.976731127206175,42.146416200000004,B722,_,00350,32
B722__00340.32,13.96912137346092,42.14721217,B722,_,00340,32
B722__00330.32,13.970445490399591,42.153751955,B722,_,00330,32
B722__00310.32,14.06824040809902,42.15292437,B722,_,00310,32
B722__00300.32,14.017201047702692,42.163184765,B722,_,00300,32
B722__00290.32,14.007352698910545,42.16236514,B722,_,00290,32
B722__0028.32,13.99736278525759,42.15885877,B722,_,0028,32
B722__00270.32,13.99305546058888,42.16027657,B722,_,00270,32
B722__00260.32,13.982122710760684,42.16518198,B722,_,00260,32
B722__00230.32,14.061750841554561,42.16908242,B722,_,00230,32
B722__00220.32,14.04952030072914,42.171128714999995,B722,_,00220,32
B722__00210.32,14.032240365572179,42.172219435,B722,_,00210,32
B722__00200.32,14.0241474887499,42.170606615,B722,_,00200,32
B722__00190.32,14.003545545055681,42.169350475,B722,_,00190,32
B722__00170.32,14.008498770606511,42.1795275,B722,_,00170,32
B722__00160.32,14.008342809971992,42.173893,B722,_,00160,32
B722__00150.32,13.995635523257391,42.177258065000004,B722,_,00150,32
B722__00140.32,13.987898017399296,42.174797135,B722,_,00140,32
B722__00130.32,13.975925067183445,42.17760748,B722,_,00130,32
B722__00120.32,14.007522884678151,42.1932292,B722,_,00120,32
B722__00110.32,13.997075569005727,42.185980615000005,B722,_,00110,32
B722__00100.32,13.98411610378988,42.188831289999996,B722,_,00100,32
B722__0009.32,13.968348293060265,42.187342695,B722,_,0009,32
B722__00080.32,13.960412189177255,42.189328745,B722,_,00080,32
B722__00070.32,13.99804671631759,42.197405515,B722,_,00070,32
B722__00060.32,13.986742992554607,42.199405084999995,B722,_,00060,32
B722__00050.32,13.981647437197704,42.19469449,B722,_,00050,32
B722__00040.32,13.97320497678275,42.20130382,B722,_,00040,32
B722__00030.32,13.963204569803874,42.19834783,B722,_,00030,32
B722__00020.32,13.976864075125297,42.20726021,B722,_,00020,32
B722__00010.320,13.973118397694584,42.204527479999996,B722,_,00010,320
B722__00600.320,14.00578766578527,42.12800061,B722,_,00600,320
B722__00540.320,14.045603553057692,42.137172005,B722,_,00540,320
B722__00530.320,14.034870037077564,42.137347585,B722,_,00530,320
B722__00520.320,14.021909222562009,42.14207114,B722,_,00520,320
B722__0051.320,14.004816922851838,42.13888764,B722,_,0051,320
B722__00420.320,14.01073741257326,42.146972905,B722,_,00420,320
B722__00410.320,14.012467892961116,42.154657935,B722,_,00410,320
B722__00400.320,14.004120133519653,42.151666860000006,B722,_,00400,320
B722__00390.320,13.999606325095929,42.14464595,B722,_,00390,320
B722__00380.320,14.0012582286186,42.13943252,B722,_,00380,320
B722__00370.320,13.994878461417157,42.14269383,B722,_,00370,320
B722__00360.320,13.996473286540862,42.148039725000004,B722,_,00360,320
B722__00350.320,13.978325018381089,42.140950430000004,B722,_,00350,320
B722__0028.320,13.999900080569285,42.15753348,B722,_,0028,320
B722__00270.320,13.985746943679601,42.151818094999996,B722,_,00270,320
B722__00260.320,13.986620785817113,42.155575345,B722,_,00260,320
B722__00250.320,13.9814448932383,42.16084508,B722,_,00250,320
B722__00220.320,14.04878912821506,42.164355905,B722,_,00220,320
B722__00210.320,14.031559635894087,42.167764590000004,B722,_,00210,320
B722__00200.320,14.028789948234277,42.169269565,B722,_,00200,320
B722__00190.320,14.001080600488292,42.165374545,B722,_,00190,320
B722__00180.320,14.026859761118228,42.17226637,B722,_,00180,320
B722__00170.320,14.012011183608209,42.175203355,B722,_,00170,320
B722__00150.320,13.99222303764329,42.17207843,B722,_,00150,320
B722__00140.320,13.987063770897908,42.16533525,B722,_,00140,320
B722__00120.320,14.007186180592411,42.18275584,B722,_,00120,320
B722__00110.320,13.994047932120669,42.180299135,B722,_,00110,320
B722__00100.320,13.988042434515396,42.179907405,B722,_,00100,320
B722__00090.320,13.976999622766776,42.186878585,B722,_,00090,320
B722__00080.320,13.966594520467517,42.187382415,B722,_,00080,320
B722__00070.320,14.002463486070788,42.189443499999996,B722,_,00070,320
B722__00060.320,13.98431123691573,42.197176875,B722,_,00060,320
B722__00050.320,13.980258209648955,42.1913109,B722,_,00050,320
B722__00040.320,13.974218080527255,42.195701845,B722,_,00040,320
B722__00030.320,13.962064666077978,42.191597525,B722,_,00030,320
B722__00020.320,13.977491054601344,42.20437436,B722,_,00020,320
B722__00010.321,13.971749911474,42.209191005,B722,_,00010,321
B722__00600.321,14.006051644769201,42.12822398,B722,_,00600,321
B722__00540.321,14.045640647272734,42.136901144999996,B722,_,00540,321
B722__00530.321,14.035573635795696,42.1376408,B722,_,00530,321
B722__00520.321,14.021970884454245,42.142166995,B722,_,00520,321
B722__00420.321,14.011234403714855,42.146846725,B722,_,00420,321
B722__00400.321,14.002014444899054,42.15059568,B722,_,00400,321
B722__00390.321,13.999443278890357,42.144111655,B722,_,00390,321
B722__00380.321,14.000838573791658,42.139188945,B722,_,00380,321
B722__00370.321,13.995218256628453,42.142946895,B722,_,00370,321
B722__00360.321,13.996215342433562,42.147552505,B722,_,00360,321
B722__00350.321,13.979754671719562,42.148226155,B722,_,00350,321
B722__0028.321,13.99992053427667,42.1575702,B722,_,0028,321
B722__00270.321,13.986077516407015,42.152253849999994,B722,_,00270,321
B722__00260.321,13.98469684637017,42.15664137,B722,_,00260,321
B722__00250.321,13.98144218197832,42.160316625,B722,_,00250,321
B722__00220.321,14.04312916295477,42.162584769999995,B722,_,00220,321
B722__00210.321,14.031564893564013,42.16764592,B722,_,00210,321
B722__00200.321,14.029105122158718,42.167569555,B722,_,00200,321
B722__00190.321,14.00121751412956,42.16524177,B722,_,00190,321
B722__00180.321,14.025040565522165,42.171898354999996,B722,_,00180,321
B722__00170.321,14.011917640206951,42.175143045,B722,_,00170,321
B722__00150.321,13.995297407256624,42.17458663,B722,_,00150,321
B722__00140.321,13.987956843444678,42.165425075,B722,_,00140,321
B722__00120.321,14.008527030960384,42.186830994999994,B722,_,00120,321
B722__00110.321,13.994242656114169,42.18010181,B722,_,00110,321
B722__00100.321,13.988701962862752,42.179981635000004,B722,_,00100,321
B722__00090.321,13.974223075475305,42.186506765000004,B722,_,00090,321
B722__00080.321,13.967233972278526,42.18227933,B722,_,00080,321
B722__00070.321,13.994258684824498,42.190250989999996,B722,_,00070,321
B722__00060.321,13.984312209460118,42.1974052,B722,_,00060,321
B722__00050.321,13.980213492489353,42.19093996,B722,_,00050,321
B722__00040.321,13.974212261825194,42.1956131,B722,_,00040,321
B722__00030.321,13.961803697180407,42.19283623,B722,_,00030,321
B722__00020.321,13.977658771324116,42.204374200000004,B722,_,00020,321
B722__00010.322,13.967314710158032,42.21040911,B722,_,00010,322
B722__00600.322,14.009308019051106,42.128574045,B722,_,00600,322
B722__00540.322,14.04401850372015,42.13403912,B722,_,00540,322
B722__00530.322,14.036627049538343,42.13744383,B722,_,00530,322
B722__00520.322,14.022015526118064,42.142241485,B722,_,00520,322
B722__0051.322,14.005041868726082,42.138915319999995,B722,_,0051,322
B722__00420.322,14.011432255607858,42.146947125,B722,_,00420,322
B722__00410.322,14.014337966357642,42.151950435,B722,_,00410,322
B722__00400.322,14.002382994113525,42.150716635,B722,_,00400,322
B722__00390.322,14.000115883707434,42.144323745,B722,_,00390,322
B722__00380.322,14.001074886069418,42.139211720000006,B722,_,00380,322
B722__00370.322,13.995404194692354,42.14306861,B722,_,00370,322
B722__00360.322,13.996014953677172,42.147215895,B722,_,00360,322
B722__00350.322,13.980288899231038,42.148503055,B722,_,00350,322
B722__0028.322,13.999895316080227,42.15766935,B722,_,0028,322
B722__00270.322,13.986791673152675,42.152367235,B722,_,00270,322
B722__00260.322,13.985069649898136,42.156402674999995,B722,_,00260,322
B722__00250.322,13.981981061139289,42.1607907,B722,_,00250,322
B722__00220.322,14.04386803575801,42.162584769999995,B722,_,00220,322
B722__00210.322,14.031607597510863,42.167536565,B722,_,00210,322
B722__00190.322,14.00136833535538,42.16516528,B722,_,00190,322
B722__00180.322,14.02236938947579,42.17767148,B722,_,00180,322
B722__00150.322,13.994820689888332,42.17451888,B722,_,00150,322
B722__00140.322,13.98833966640305,42.16550941,B722,_,00140,322
B722__00120.322,14.010142720470384,42.19024628,B722,_,00120,322
B722__00110.322,13.993830897133968,42.179370485,B722,_,00110,322
B722__00100.322,13.989585331172233,42.179674755,B722,_,00100,322
B722__00090.322,13.977612045902585,42.186811075,B722,_,00090,322
B722__00080.322,13.967226501853604,42.18272449,B722,_,00080,322
B722__00070.322,13.994639560523016,42.190155475,B722,_,00070,322
B722__00060.322,13.984587643749016,42.197176875,B722,_,00060,322
B722__00050.322,13.980248424754118,42.194571284999995,B722,_,00050,322
B722__00040.322,13.974278005354336,42.19552175,B722,_,00040,322
B722__00030.322,13.962573423736696,42.192223515,B722,_,00030,322
B722__00020.322,13.977807513805839,42.204252725,B722,_,00020,322
B722__00010.323,13.971723993706652,42.20844958,B722,_,00010,323
B722__00600.323,14.012082681387483,42.12437153,B722,_,00600,323
B722__00540.323,14.044519581448121,42.133882084999996,B722,_,00540,323
B722__00530.323,14.0269893045456,42.136031915000004,B722,_,00530,323
B722__00520.323,14.022741154521668,42.142319404999995,B722,_,00520,323
B722__0051.323,14.0051091329414,42.138920595,B722,_,0051,323
B722__00420.323,14.01102500453089,42.14656774,B722,_,00420,323
B722__00410.323,14.014724809968836,42.152372105,B722,_,00410,323
B722__00400.323,14.00279014627167,42.15079776,B722,_,00400,323
B722__00390.323,14.000097516477744,42.144150710000005,B722,_,00390,323
B722__00380.323,14.000911064463569,42.139169605000006,B722,_,00380,323
B722__00370.323,13.995176480612077,42.14267659,B722,_,00370,323
B722__00360.323,13.996705393021344,42.14765176,B722,_,00360,323
B722__00350.323,13.980134660100443,42.147612390000006,B722,_,00350,323
B722__0028.323,13.999873665427993,42.15776845,B722,_,0028,323
B722__00270.323,13.987087491724633,42.15229982,B722,_,00270,323
B722__00260.323,13.985086543229018,42.15551406,B722,_,00260,323
B722__00250.323,13.98223528245376,42.160388545,B722,_,00250,323
B722__00220.323,14.044672395288949,42.162442915,B722,_,00220,323
B722__00210.323,14.031517769282884,42.167520055,B722,_,00210,323
B722__00200.323,14.023323199937998,42.166475414999994,B722,_,00200,323
B722__00190.323,14.001412428473479,42.16513062,B722,_,00190,323
B722__00180.323,14.025492918978845,42.171881549999995,B722,_,00180,323
B722__00150.323,13.998112223504998,42.177660675,B722,_,00150,323
B722__00140.323,13.988588312873524,42.165473575,B722,_,00140,323
B722__00120.323,14.010593973480129,42.19065431,B722,_,00120,323
B722__00110.323,13.99372472280356,42.180452,B722,_,00110,323
B722__00100.323,13.977812890604458,42.182144125,B722,_,00100,323
B722__00090.323,13.977245065468939,42.186806610000005,B722,_,00090,323
B722__00080.323,13.967512673823622,42.182592639999996,B722,_,00080,323
B722__00070.323,13.996489958800321,42.189499815000005,B722,_,00070,323
B722__00060.323,13.984299958156754,42.196793715,B722,_,00060,323
B722__00050.323,13.980579069161898,42.191022849999996,B722,_,00050,323
B722__00040.323,13.97426856779926,42.195432464999996,B722,_,00040,323
B722__00030.323,13.962929767915185,42.191786615,B722,_,00030,323
B722__00020.323,13.97791326550918,42.20437078,B722,_,00020,323
B722__00010.324,13.970934666279533,42.210277015,B722,_,00010,324
B722__00600.324,14.008278831804748,42.12392978,B722,_,00600,324
B722__00540.324,14.045462243516706,42.133593255,B722,_,00540,324
B722__00530.324,14.027250512571978,42.135985875,B722,_,00530,324
B722__00520.324,14.024002381761807,42.142517205000004,B722,_,00520,324
B722__0051.324,14.005178898513758,42.138931665,B722,_,0051,324
B722__00420.324,14.01117927326754,42.14665119,B722,_,00420,324
B722__00410.324,14.012998012098059,42.152410415,B722,_,00410,324
B722__00400.324,14.003128122960396,42.150931105,B722,_,00400,324
B722__00390.324,14.000713876694764,42.144530435,B722,_,00390,324
B722__00380.324,14.000492472015809,42.138956234999995,B722,_,00380,324
B722__00370.324,13.994916272595155,42.1425881,B722,_,00370,324
B722__00360.324,13.996296560793361,42.14718551,B722,_,00360,324
B722__00350.324,13.980561492915617,42.147774745,B722,_,00350,324
B722__00290.324,13.9991413161958,42.159854554999995,B722,_,00290,324
B722__00270.324,13.987345882654079,42.151718204999995,B722,_,00270,324
B722__00250.324,13.982906012116228,42.16059773,B722,_,00250,324
B722__00220.324,14.044914897527676,42.16283271,B722,_,00220,324
B722__00210.324,14.032111894792571,42.169209755,B722,_,00210,324
B722__00200.324,14.02324546725,42.166487925,B722,_,00200,324
B722__00190.324,14.001466089746325,42.16512953,B722,_,00190,324
B722__00180.324,14.025521944290809,42.171746415,B722,_,00180,324
B722__00150.324,14.000437338575505,42.17776376,B722,_,00150,324
B722__00140.324,13.988771262955005,42.165364395,B722,_,00140,324
B722__00120.324,14.008742725499506,42.190397005,B722,_,00120,324
B722__00110.324,13.993328418541962,42.179930485,B722,_,00110,324
B722__00100.324,13.977989661138093,42.18212363,B722,_,00100,324
B722__00090.324,13.97702357891745,42.186362965,B722,_,00090,324
B722__00080.324,13.967770794054207,42.18264093,B722,_,00080,324
B722__00070.324,13.99777509952293,42.189434625000004,B722,_,00070,324
B722__00060.324,13.984512176618317,42.19699618,B722,_,00060,324
B722__00050.324,13.980286616321667,42.190705120000004,B722,_,00050,324
B722__00040.324,13.974190960140257,42.19535294,B722,_,00040,324
B722__00030.324,13.963333674049384,42.192382185,B722,_,00030,324
B722__00020.324,13.977938918368267,42.20453319,B722,_,00020,324
B722__00010.325,13.970208778820016,42.20512212,B722,_,00010,325
B722__00600.325,14.007983557490753,42.123706075,B722,_,00600,325
B722__00540.325,14.044788312428736,42.137154805,B722,_,00540,325
B722__00530.325,14.027600822494918,42.13582045,B722,_,00530,325
B722__00520.325,14.02393225084514,42.142795445000004,B722,_,00520,325
B722__0051.325,14.005229590449545,42.13896166,B722,_,0051,325
B722__00420.325,14.011317988355966,42.146662649999996,B722,_,00420,325
B722__00410.325,14.013393864678907,42.152536475,B722,_,00410,325
B722__00400.325,14.003035649207995,42.150888515,B722,_,00400,325
B722__00390.325,13.99833893604524,42.143679989999995,B722,_,00390,325
B722__00380.325,14.00053532880338,42.13909243,B722,_,00380,325
B722__00370.325,13.994770625524415,42.142580155000005,B722,_,00370,325
B722__00360.325,13.99693889909845,42.147379615,B722,_,00360,325
B722__00350.325,13.98633890482366,42.14671319,B722,_,00350,325
B722__0028.325,13.999889347489722,42.15784567,B722,_,0028,325
B722__00270.325,13.98655813207712,42.151607005,B722,_,00270,325
B722__00250.325,13.9832724161212,42.16068738,B722,_,00250,325
B722__00220.325,14.0449489029223,42.16308094,B722,_,00220,325
B722__00210.325,14.032357693406725,42.169316124999995,B722,_,00210,325
B722__00190.325,14.000844068561367,42.165042995,B722,_,00190,325
B722__00180.325,14.025534464044004,42.171705610000004,B722,_,00180,325
B722__00150.325,14.000712032504843,42.17775288,B722,_,00150,325
B722__00140.325,13.98885716891035,42.165366219999996,B722,_,00140,325
B722__00120.325,14.008180759319576,42.190414415,B722,_,00120,325
B722__00110.325,13.993475100870555,42.179680875,B722,_,00110,325
B722__00090.325,13.97786264364607,42.186728455,B722,_,00090,325
B722__00080.325,13.967796927959398,42.182443075,B722,_,00080,325
B722__00070.325,13.998796940104883,42.189408549999996,B722,_,00070,325
B722__00060.325,13.984669792063272,42.196884915,B722,_,00060,325
B722__00050.325,13.980103640862247,42.190538515,B722,_,00050,325
B722__00040.325,13.974972354747784,42.195756835,B722,_,00040,325
B722__00030.325,13.963710201190302,42.192527749999996,B722,_,00030,325
B722__00020.325,13.978035568858466,42.204589874999996,B722,_,00020,325
B722__00010.326,13.97019155566311,42.205033575,B722,_,00010,326
B722__00600.326,14.007956422452144,42.124241665,B722,_,00600,326
B722__00540.326,14.04488235297913,42.13678377,B722,_,00540,326
B722__00530.326,14.028082068648711,42.13570098,B722,_,00530,326
B722__00520.326,14.008432146204532,42.138106934999996,B722,_,00520,326
B722__0051.326,14.00541322836737,42.13901862,B722,_,0051,326
B722__00420.326,14.01139079880031,42.146753235000006,B722,_,00420,326
B722__00400.326,14.003022459661473,42.15081471,B722,_,00400,326
B722__00390.326,13.998716815720808,42.14305354,B722,_,00390,326
B722__00380.326,14.001187271341035,42.139068185,B722,_,00380,326
B722__00370.326,13.99505734098247,42.142714245,B722,_,00370,326
B722__00360.326,13.997306315530874,42.14783739,B722,_,00360,326
B722__00350.326,13.986131601305804,42.14740893,B722,_,00350,326
B722__0028.326,13.99990177687121,42.157887335,B722,_,0028,326
B722__00270.326,13.988041891439323,42.15259544,B722,_,00270,326
B722__00260.326,13.984956685265068,42.15522303,B722,_,00260,326
B722__00250.326,13.98328300641202,42.161028895,B722,_,00250,326
B722__00220.326,14.046156908554675,42.162713124999996,B722,_,00220,326
B722__00210.326,14.030703942770803,42.17037114,B722,_,00210,326
B722__00200.326,14.028697140712328,42.16889536,B722,_,00200,326
B722__00190.326,14.000452139306834,42.164840299999994,B722,_,00190,326
B722__00180.326,14.025542129283984,42.17165892,B722,_,00180,326
B722__00150.326,14.000845898384261,42.17754012,B722,_,00150,326
B722__00140.326,13.988967413991816,42.16533305,B722,_,00140,326
B722__00120.326,14.00804497598873,42.189735725,B722,_,00120,326
B722__00110.326,13.99344645751999,42.17930072,B722,_,00110,326
B722__00090.326,13.97758168572653,42.1861509,B722,_,00090,326
B722__00080.326,13.96779439194771,42.18232486,B722,_,00080,326
B722__00070.326,13.998990533938448,42.18883538,B722,_,00070,326
B722__00060.326,13.984864362258874,42.196764605,B722,_,00060,326
B722__00050.326,13.979946504685849,42.19060744,B722,_,00050,326
B722__00040.326,13.975020785389374,42.19583564,B722,_,00040,326
B722__00030.326,13.964264545753478,42.192445140000004,B722,_,00030,326
B722__00020.326,13.978300951200705,42.20447193,B722,_,00020,326
B722__00010.327,13.970322317473425,42.204978655,B722,_,00010,327
B722__00600.327,14.007572346865937,42.12396181,B722,_,00600,327
B722__00540.327,14.04502758277508,42.13654785,B722,_,00540,327
B722__00530.327,14.028500788513268,42.136439519999996,B722,_,00530,327
B722__00520.327,14.00778805566782,42.138118829999996,B722,_,00520,327
B722__0051.327,14.00529110398929,42.138716454999994,B722,_,0051,327
B722__00430.327,14.018269169244181,42.15126826,B722,_,00430,327
B722__00400.327,14.004251814180005,42.14446136,B722,_,00400,327
B722__00390.327,14.000549123422708,42.142705185,B722,_,00390,327
B722__00380.327,14.000990276110382,42.139021299999996,B722,_,00380,327
B722__00370.327,13.99536615753225,42.14287366000001,B722,_,00370,327
B722__00360.327,13.997397562110773,42.147749974999996,B722,_,00360,327
B722__0028.327,13.999957335582474,42.157840095,B722,_,0028,327
B722__00270.327,13.989087555292105,42.152357585000004,B722,_,00270,327
B722__00260.327,13.985135975722223,42.155357805,B722,_,00260,327
B722__00250.327,13.984946646790439,42.161333095,B722,_,00250,327
B722__00220.327,14.046774896182413,42.162945300000004,B722,_,00220,327
B722__00210.327,14.029571138030892,42.17030538,B722,_,00210,327
B722__00200.327,14.028731121148008,42.169074585000004,B722,_,00200,327
B722__00190.327,14.000378079338782,42.164650710000004,B722,_,00190,327
B722__00180.327,14.025578272177633,42.171564125,B722,_,00180,327
B722__00120.327,14.007981291281485,42.189202185,B722,_,00120,327
B722__00110.327,13.996737424908442,42.18629488,B722,_,00110,327
B722__00100.327,13.978221352917497,42.181874355,B722,_,00100,327
B722__00090.327,13.977667872329185,42.186269055,B722,_,00090,327
B722__00080.327,13.967811378632149,42.18214542,B722,_,00080,327
B722__00070.327,13.999934532779234,42.18898875,B722,_,00070,327
B722__00060.327,13.984796719408088,42.19647261,B722,_,00060,327
B722__00050.327,13.979997000162786,42.190559545,B722,_,00050,327
B722__00040.327,13.97519122533344,42.195817500000004,B722,_,00040,327
B722__00030.327,13.963845815944149,42.19274331,B722,_,00030,327
B722__00020.327,13.978363798183342,42.20477894,B722,_,00020,327
B722__00010.328,13.970378983497312,42.20486063,B722,_,00010,328
B722__00600.328,14.009116662265605,42.12869143,B722,_,00600,328
B722__00540.328,14.045488038678826,42.136507449999996,B722,_,00540,328
B722__00530.328,14.02885829890855,42.13624236,B722,_,00530,328
B722__00520.328,14.007709961113015,42.138069384999994,B722,_,00520,328
B722__0051.328,14.003741535867501,42.143244894999995,B722,_,0051,328
B722__00430.328,14.018436980279816,42.15132701,B722,_,00430,328
B722__00420.328,14.010092041202004,42.146106814999996,B722,_,00420,328
B722__00400.328,14.0014521952043,42.1501698,B722,_,00400,328
B722__00390.328,14.00035149725655,42.142808985,B722,_,00390,328
B722__00380.328,14.000708756412905,42.13892097,B722,_,00380,328
B722__00370.328,13.995562919156473,42.143020315,B722,_,00370,328
B722__00360.328,13.998101413980645,42.14829262,B722,_,00360,328
B722__00350.328,13.98119552715433,42.14193322,B722,_,00350,328
B722__00290.328,13.999544148952118,42.159304250000005,B722,_,00290,328
B722__0028.328,14.000060712740325,42.157806495,B722,_,0028,328
B722__00270.328,13.990398377206262,42.15282317,B722,_,00270,328
B722__00260.328,13.985345255628385,42.155404765,B722,_,00260,328
B722__00250.328,13.984625752185234,42.161144504999996,B722,_,00250,328
B722__00220.328,14.042350781273276,42.16244889,B722,_,00220,328
B722__00210.328,14.029479559519029,42.170302140000004,B722,_,00210,328
B722__00200.328,14.028079732798684,42.169664295000004,B722,_,00200,328
B722__00190.328,14.001123858524238,42.164942485,B722,_,00190,328
B722__00180.328,14.025728535222198,42.172038665,B722,_,00180,328
B722__00150.328,14.000937870513036,42.17793071,B722,_,00150,328
B722__00140.328,13.989056388316872,42.165095335000004,B722,_,00140,328
B722__00120.328,14.005439498585828,42.18581077,B722,_,00120,328
B722__00110.328,14.002600916452137,42.184159795,B722,_,00110,328
B722__00100.328,13.97811605559636,42.181790215,B722,_,00100,328
B722__00090.328,13.977755377360637,42.186364530000006,B722,_,00090,328
B722__00080.328,13.965572302367866,42.181852215000006,B722,_,00080,328
B722__00070.328,14.001819994823844,42.189334465,B722,_,00070,328
B722__00050.328,13.980266168429395,42.189994424999995,B722,_,00050,328
B722__00040.328,13.975344556032535,42.195799815,B722,_,00040,328
B722__00030.328,13.963904083386547,42.193081725,B722,_,00030,328
B722__00020.328,13.977644919694544,42.20536781,B722,_,00020,328
B722__00010.329,13.969347510949301,42.205016485,B722,_,00010,329
B722__00600.329,14.009024258609855,42.128933169999996,B722,_,00600,329
B722__00540.329,14.045068402093648,42.136152440000004,B722,_,00540,329
B722__00530.329,14.028834676560487,42.136080575,B722,_,00530,329
B722__00520.329,14.00760866273743,42.137856565,B722,_,00520,329
B722__0051.329,14.003739568842452,42.143140605,B722,_,0051,329
B722__00420.329,14.010428885746556,42.145640575,B722,_,00420,329
B722__00410.329,14.014742789246457,42.15332142,B722,_,00410,329
B722__00400.329,14.00159347075684,42.150184440000004,B722,_,00400,329
B722__00390.329,14.003139725815712,42.142679545,B722,_,00390,329
B722__00380.329,14.000837273068765,42.138850465000004,B722,_,00380,329
B722__00370.329,13.995795434451448,42.143176655000005,B722,_,00370,329
B722__00360.329,13.998437249479316,42.14869917,B722,_,00360,329
B722__00350.329,13.985360265651472,42.147018235000004,B722,_,00350,329
B722__00290.329,13.999703279168607,42.159325375,B722,_,00290,329
B722__00270.329,13.991006746310486,42.15283988,B722,_,00270,329
B722__00260.329,13.985969823967018,42.155941084999995,B722,_,00260,329
B722__00250.329,13.983877916794036,42.160880539999994,B722,_,00250,329
B722__00220.329,14.045388081628083,42.164118945,B722,_,00220,329
B722__00210.329,14.041866456858834,42.171004685,B722,_,00210,329
B722__00190.329,14.008215434420386,42.164711395,B722,_,00190,329
B722__00180.329,14.026165303186598,42.17201825,B722,_,00180,329
B722__00150.329,14.000114328311247,42.177491965,B722,_,00150,329
B722__00140.329,13.98925031086483,42.165016235,B722,_,00140,329
B722__00120.329,14.004185927843771,42.191636405,B722,_,00120,329
B722__00110.329,14.002951136795955,42.18426815,B722,_,00110,329
B722__00090.329,13.978030952879612,42.18631002,B722,_,00090,329
B722__00080.329,13.965349047106784,42.1817006,B722,_,00080,329
B722__00070.329,14.000823916111546,42.188566725,B722,_,00070,329
B722__00060.329,13.985250213360004,42.196874449999996,B722,_,00060,329
B722__00050.329,13.980719864319001,42.190603595,B722,_,00050,329
B722__00040.329,13.975452715799452,42.195785725,B722,_,00040,329
B722__00030.329,13.964466581639579,42.192727535,B722,_,00030,329
B722__00020.329,13.978514171279834,42.205277705,B722,_,00020,329
B722__00010.33,13.967441398497302,42.21046715,B722,_,00010,33
B722__00610.33,13.996452557453754,42.120734315,B722,_,00610,33
B722__00600.33,14.010492170359209,42.13287623,B722,_,00600,33
B722__00590.33,13.988514402712715,42.124910935,B722,_,00590,33
B722__00540.33,14.05075066937647,42.145522369999995,B722,_,00540,33
B722__00530.33,14.036024417660043,42.148614295,B722,_,00530,33
B722__00520.33,14.010288774600664,42.142665775,B722,_,00520,33
B722__0051.33,14.004098833548124,42.13947974,B722,_,0051,33
B722__00500.33,13.989186417535251,42.13784966,B722,_,00500,33
B722__00490.33,13.982064260633951,42.130981835,B722,_,00490,33
B722__00480.33,13.971609268742501,42.137256225,B722,_,00480,33
B722__00450.33,14.058359051969067,42.143324265000004,B722,_,00450,33
B722__00440.33,14.044285990042242,42.153509285,B722,_,00440,33
B722__00430.33,14.034480468364146,42.156560605,B722,_,00430,33
B722__00420.33,14.0087542142333,42.149514955,B722,_,00420,33
B722__00410.33,14.009314213315854,42.15927742,B722,_,00410,33
B722__00400.33,14.001097595071613,42.153382754999996,B722,_,00400,33
B722__00390.33,14.0024485080989,42.14505384,B722,_,00390,33
B722__00380.33,13.999555041751563,42.141859409999995,B722,_,00380,33
B722__00370.33,13.98808285980174,42.14519275,B722,_,00370,33
B722__00360.33,13.997093135068624,42.154348105,B722,_,00360,33
B722__00350.33,13.97744904564503,42.146637635000005,B722,_,00350,33
B722__00340.33,13.97061233620559,42.14600845,B722,_,00340,33
B722__00330.33,13.970492755107564,42.152850665,B722,_,00330,33
B722__00300.33,14.017447544301078,42.163477125,B722,_,00300,33
B722__00290.33,14.00717378631671,42.161824135,B722,_,00290,33
B722__0028.33,13.997371455854946,42.158936395,B722,_,0028,33
B722__00270.33,13.99362895618648,42.159846445,B722,_,00270,33
B722__00250.33,13.979173202058139,42.16618823,B722,_,00250,33
B722__00230.33,14.062028642889638,42.169376345,B722,_,00230,33
B722__00220.33,14.050443577448878,42.17222753,B722,_,00220,33
B722__00210.33,14.032605571575509,42.171890765,B722,_,00210,33
B722__00200.33,14.024288275192836,42.170386664999995,B722,_,00200,33
B722__00190.33,14.005670087037206,42.169414175,B722,_,00190,33
B722__00180.33,14.024632963630172,42.17750696,B722,_,00180,33
B722__00170.33,14.008225396128545,42.180767375,B722,_,00170,33
B722__00160.33,14.011801146189699,42.174971075,B722,_,00160,33
B722__00150.33,13.995810211311976,42.177393295,B722,_,00150,33
B722__00140.33,13.988474710736053,42.174646955,B722,_,00140,33
B722__00130.33,13.976297338517245,42.177489449999996,B722,_,00130,33
B722__00120.33,14.007693197158632,42.19319209,B722,_,00120,33
B722__00110.33,13.997747793105713,42.186672564999995,B722,_,00110,33
B722__00100.33,13.984280344923459,42.188843629999994,B722,_,00100,33
B722__0009.33,13.968015188281754,42.187368359999994,B722,_,0009,33
B722__00080.33,13.960852800045558,42.189286905,B722,_,00080,33
B722__00070.33,13.99813647716195,42.197180505,B722,_,00070,33
B722__00060.33,13.986471732952525,42.19971783,B722,_,00060,33
B722__00050.33,13.981173037993578,42.19455454,B722,_,00050,33
B722__00040.33,13.97327820514186,42.201000385,B722,_,00040,33
B722__00030.33,13.962942247092919,42.198042335,B722,_,00030,33
B722__00020.33,13.9769178760391,42.207189635000006,B722,_,00020,33
B722__00010.330,13.969374717836438,42.20493831,B722,_,00010,330
B722__00600.330,14.010599297769414,42.131835965,B722,_,00600,330
B722__00540.330,14.045687637657974,42.136219995000005,B722,_,00540,330
B722__00530.330,14.02880248917052,42.135950245000004,B722,_,00530,330
B722__00520.330,14.008434799784862,42.137974935,B722,_,00520,330
B722__0051.330,14.003708601187048,42.143052635000004,B722,_,0051,330
B722__00430.330,14.018520137069306,42.15151373,B722,_,00430,330
B722__00420.330,14.010612950596713,42.146088075,B722,_,00420,330
B722__00400.330,14.001749324731428,42.150202379999996,B722,_,00400,330
B722__00390.330,14.001694752178176,42.142187015000005,B722,_,00390,330
B722__00380.330,14.000898978060032,42.138889885,B722,_,00380,330
B722__00370.330,13.996092368830102,42.143327005,B722,_,00370,330
B722__00360.330,13.998311037068724,42.148186315000004,B722,_,00360,330
B722__00350.330,13.98630060225113,42.147290104999996,B722,_,00350,330
B722__0028.330,14.000042890025483,42.157639079999996,B722,_,0028,330
B722__00270.330,13.990743564106047,42.15266542,B722,_,00270,330
B722__00260.330,13.98551436425081,42.155188545,B722,_,00260,330
B722__00250.330,13.972370261114882,42.15863426,B722,_,00250,330
B722__00220.330,14.043204857319372,42.1640292,B722,_,00220,330
B722__00210.330,14.03236508624564,42.167761145,B722,_,00210,330
B722__00200.330,14.028663321840277,42.169404209999996,B722,_,00200,330
B722__00190.330,14.001530011469065,42.165037175,B722,_,00190,330
B722__00180.330,14.026302687177148,42.171755884999996,B722,_,00180,330
B722__00150.330,14.000406845111923,42.17716377,B722,_,00150,330
B722__00140.330,13.987228742481282,42.165162495000004,B722,_,00140,330
B722__00120.330,14.004057415130433,42.191679315,B722,_,00120,330
B722__00110.330,13.999244406790215,42.18341941,B722,_,00110,330
B722__00100.330,13.977898942473413,42.181657959999995,B722,_,00100,330
B722__00090.330,13.977864267462483,42.186393530000004,B722,_,00090,330
B722__00080.330,13.965582588839647,42.18150901,B722,_,00080,330
B722__00070.330,14.000568406159942,42.18809473,B722,_,00070,330
B722__00060.330,13.985365327418826,42.197109295,B722,_,00060,330
B722__00050.330,13.981015933899954,42.190059295,B722,_,00050,330
B722__00040.330,13.975482032553531,42.195781855,B722,_,00040,330
B722__00030.330,13.96477521658954,42.193108755,B722,_,00030,330
B722__00020.330,13.978770962280613,42.205169534999996,B722,_,00020,330
B722__00010.331,13.96943798604373,42.204865659999996,B722,_,00010,331
B722__00600.331,14.01177397986403,42.124501775,B722,_,00600,331
B722__00540.331,14.045586248953633,42.136040525,B722,_,00540,331
B722__00530.331,14.029448431722983,42.135785425,B722,_,00530,331
B722__00520.331,14.008543216660224,42.13780749,B722,_,00520,331
B722__00430.331,14.018500060606737,42.151666835,B722,_,00430,331
B722__00420.331,14.010682687370089,42.145975039999996,B722,_,00420,331
B722__00400.331,14.002010638370308,42.150228245,B722,_,00400,331
B722__00390.331,14.00255802997371,42.142620925,B722,_,00390,331
B722__00370.331,13.996043834633959,42.14335108,B722,_,00370,331
B722__00360.331,13.998688548960306,42.148368705,B722,_,00360,331
B722__00350.331,13.982623544689519,42.149453195,B722,_,00350,331
B722__0028.331,14.00382154755027,42.156019605,B722,_,0028,331
B722__00270.331,13.99139729257435,42.152692395,B722,_,00270,331
B722__00260.331,13.986580940343378,42.155305295,B722,_,00260,331
B722__00250.331,13.971749970048247,42.15854818,B722,_,00250,331
B722__00220.331,14.040780556665,42.166993885,B722,_,00220,331
B722__00210.331,14.032465716831284,42.16779888,B722,_,00210,331
B722__00200.331,14.029011160249254,42.169332495,B722,_,00200,331
B722__00190.331,14.001083680541617,42.164801975,B722,_,00190,331
B722__00180.331,14.026368797102236,42.17162126,B722,_,00180,331
B722__00150.331,14.000674504380042,42.177194805,B722,_,00150,331
B722__00140.331,13.987395009099888,42.16518236,B722,_,00140,331
B722__00120.331,14.003928185792429,42.19170672,B722,_,00120,331
B722__00110.331,13.999068422095284,42.18311789,B722,_,00110,331
B722__00100.331,13.978012891406568,42.18170836,B722,_,00100,331
B722__00090.331,13.9776831727604,42.186476385000006,B722,_,00090,331
B722__00080.331,13.966250437473963,42.181667329999996,B722,_,00080,331
B722__00070.331,14.002105438816614,42.188901975,B722,_,00070,331
B722__00060.331,13.985553822935458,42.19701187,B722,_,00060,331
B722__00050.331,13.980244851994016,42.188998405,B722,_,00050,331
B722__00040.331,13.975501802408765,42.195779285,B722,_,00040,331
B722__00030.331,13.965326332145516,42.19301515,B722,_,00030,331
B722__00020.331,13.978929634405567,42.205012115,B722,_,00020,331
B722__00010.332,13.969501631337854,42.204794615,B722,_,00010,332
B722__00600.332,14.01206396075495,42.12496156,B722,_,00600,332
B722__00540.332,14.042730183537735,42.137218335,B722,_,00540,332
B722__00530.332,14.02980824437175,42.136461589999996,B722,_,00530,332
B722__00520.332,14.009214439799935,42.137630845000004,B722,_,00520,332
B722__00430.332,14.02114829749793,42.15141708,B722,_,00430,332
B722__00420.332,14.010947785886318,42.146112025,B722,_,00420,332
B722__00400.332,14.003076551912988,42.149374054999996,B722,_,00400,332
B722__00390.332,14.001945311695994,42.14220805,B722,_,00390,332
B722__00370.332,13.995990448667364,42.14336903,B722,_,00370,332
B722__00360.332,13.998940083943953,42.14860095,B722,_,00360,332
B722__00350.332,13.983582897593248,42.149706265,B722,_,00350,332
B722__0028.332,14.000035197148923,42.15757248,B722,_,0028,332
B722__00270.332,13.99137399714716,42.15255116,B722,_,00270,332
B722__00260.332,13.98615181532449,42.15518461,B722,_,00260,332
B722__00250.332,13.972268933139345,42.15844696,B722,_,00250,332
B722__00220.332,14.050665247649786,42.16748348,B722,_,00220,332
B722__00210.332,14.031526098672526,42.17238741,B722,_,00210,332
B722__00200.332,14.022956233081871,42.164367745,B722,_,00200,332
B722__00190.332,14.001235911697107,42.16468981,B722,_,00190,332
B722__00180.332,14.026676119074203,42.171357715,B722,_,00180,332
B722__00150.332,14.001158391182916,42.17752541,B722,_,00150,332
B722__00140.332,13.98742228692436,42.16503455,B722,_,00140,332
B722__00120.332,14.00379200973202,42.191692535,B722,_,00120,332
B722__00110.332,13.998666221124214,42.18271832,B722,_,00110,332
B722__00090.332,13.977884426752285,42.186486275,B722,_,00090,332
B722__00080.332,13.967109223336696,42.181842065,B722,_,00080,332
B722__00070.332,14.002145022941082,42.188613614999994,B722,_,00070,332
B722__00060.332,13.985495874429187,42.19682252,B722,_,00060,332
B722__00050.332,13.980936345198023,42.188954935,B722,_,00050,332
B722__00040.332,13.975520177192314,42.19577692,B722,_,00040,332
B722__00030.332,13.965500623579384,42.192860644999996,B722,_,00030,332
B722__00020.332,13.979204320434002,42.204960205,B722,_,00020,332
B722__00010.333,13.969606879129957,42.204672755000004,B722,_,00010,333
B722__00600.333,14.011713918152125,42.124792049999996,B722,_,00600,333
B722__00540.333,14.042869722911846,42.13749676,B722,_,00540,333
B722__00530.333,14.03029699876301,42.136724625,B722,_,00530,333
B722__00520.333,14.009111038051579,42.137977344999996,B722,_,00520,333
B722__00430.333,14.02212439092202,42.151203045,B722,_,00430,333
B722__00420.333,14.011144962444746,42.1461044,B722,_,00420,333
B722__00400.333,14.001286515170882,42.14960419,B722,_,00400,333
B722__00390.333,14.001790772361808,42.144613705,B722,_,00390,333
B722__00370.333,13.995636368050318,42.142588345,B722,_,00370,333
B722__00360.333,13.999243477870834,42.148641595,B722,_,00360,333
B722__0028.333,14.000001391381579,42.157535605,B722,_,0028,333
B722__00270.333,13.991902817143353,42.152309445,B722,_,00270,333
B722__00260.333,13.986443460900698,42.15509839,B722,_,00260,333
B722__00250.333,13.971761726024909,42.158470460000004,B722,_,00250,333
B722__00220.333,14.046557392690204,42.16662651,B722,_,00220,333
B722__00210.333,14.038050680157923,42.172775035,B722,_,00210,333
B722__00200.333,14.023193618253003,42.16465748,B722,_,00200,333
B722__00190.333,14.001544366344579,42.16482819,B722,_,00190,333
B722__00180.333,14.026746571130802,42.171189135000006,B722,_,00180,333
B722__00150.333,14.001143146468303,42.176758129999996,B722,_,00150,333
B722__00120.333,14.003658213459747,42.191675825000004,B722,_,00120,333
B722__00110.333,13.994785290472107,42.18545771,B722,_,00110,333
B722__00100.333,13.978160874811927,42.181512645,B722,_,00100,333
B722__00090.333,13.977961091489231,42.186633900000004,B722,_,00090,333
B722__00080.333,13.96794343414129,42.181841750000004,B722,_,00080,333
B722__00070.333,14.001614941625197,42.18835708,B722,_,00070,333
B722__00060.333,13.985568428141564,42.196798745,B722,_,00060,333
B722__00050.333,13.981552681045317,42.189187610000005,B722,_,00050,333
B722__00040.333,13.975587002316242,42.19576072,B722,_,00040,333
B722__00030.333,13.96600684274457,42.19296514,B722,_,00030,333
B722__00020.333,13.983497922529718,42.204196835000005,B722,_,00020,333
B722__00010.334,13.973087811116333,42.204229255,B722,_,00010,334
B722__00600.334,14.011809025877206,42.124936919999996,B722,_,00600,334
B722__00540.334,14.043134834788152,42.137333665,B722,_,00540,334
B722__00530.334,14.031106913373346,42.13714991,B722,_,00530,334
B722__00520.334,14.009239433671837,42.13804773,B722,_,00520,334
B722__00430.334,14.022754394323652,42.151334059999996,B722,_,00430,334
B722__00420.334,14.011050916419101,42.146195295,B722,_,00420,334
B722__00400.334,14.001336350532995,42.149352105000006,B722,_,00400,334
B722__00390.334,14.001945767371854,42.144547775,B722,_,00390,334
B722__00370.334,13.995345374249474,42.14257346,B722,_,00370,334
B722__00360.334,13.999249018988332,42.14855036,B722,_,00360,334
B722__00350.334,13.983847796390403,42.14912247,B722,_,00350,334
B722__00290.334,14.000470022574467,42.1598866,B722,_,00290,334
B722__0028.334,14.000055002138165,42.157478845,B722,_,0028,334
B722__00260.334,13.98617385749255,42.154776510000005,B722,_,00260,334
B722__00250.334,13.972272359865965,42.15836919,B722,_,00250,334
B722__00220.334,14.057256372562048,42.165646280000004,B722,_,00220,334
B722__00210.334,14.038632729515516,42.172680375,B722,_,00210,334
B722__00200.334,14.029096180916682,42.167422165000005,B722,_,00200,334
B722__00190.334,14.001903613408253,42.16485432,B722,_,00190,334
B722__00180.334,14.026502975174846,42.171111405,B722,_,00180,334
B722__00150.334,14.001734628627503,42.17690897,B722,_,00150,334
B722__00140.334,13.987756324136184,42.1650958,B722,_,00140,334
B722__00120.334,14.009970939015368,42.188254119999996,B722,_,00120,334
B722__00110.334,13.994207149364442,42.186158615,B722,_,00110,334
B722__00100.334,13.978291074653512,42.181255934999996,B722,_,00100,334
B722__00090.334,13.978246122674351,42.186487275000005,B722,_,00090,334
B722__00080.334,13.96801961998088,42.181679564999996,B722,_,00080,334
B722__00070.334,14.002591319792238,42.18823904,B722,_,00070,334
B722__00060.334,13.98564414842243,42.19683856,B722,_,00060,334
B722__00050.334,13.981499154706459,42.189305454999996,B722,_,00050,334
B722__00040.334,13.975279841643129,42.195618415,B722,_,00040,334
B722__00030.334,13.965937429311321,42.19329647,B722,_,00030,334
B722__00020.334,13.979287352515518,42.204342655000005,B722,_,00020,334
B722__00010.335,13.972180962794349,42.201825735,B722,_,00010,335
B722__00600.335,14.012150209004435,42.125709015,B722,_,00600,335
B722__00540.335,14.037929381555013,42.138149395,B722,_,00540,335
B722__00530.335,14.031223324826275,42.13696962,B722,_,00530,335
B722__00520.335,14.009372471137912,42.13812184,B722,_,00520,335
B722__00430.335,14.025751831514912,42.150849879999996,B722,_,00430,335
B722__00410.335,14.015350075543335,42.153402985,B722,_,00410,335
B722__00400.335,14.001379315742351,42.14924762,B722,_,00400,335
B722__00390.335,14.001779605759577,42.143932965,B722,_,00390,335
B722__00370.335,13.997095806179289,42.142119065,B722,_,00370,335
B722__00360.335,13.998737754551708,42.148186315000004,B722,_,00360,335
B722__00350.335,13.983950760866005,42.149153855,B722,_,00350,335
B722__00290.335,14.0005615893824,42.159966355,B722,_,00290,335
B722__0028.335,14.000244118660383,42.157556740000004,B722,_,0028,335
B722__00270.335,13.99244245871217,42.15326956,B722,_,00270,335
B722__00260.335,13.985785747781431,42.154630170000004,B722,_,00260,335
B722__00250.335,13.97176389465262,42.15840215,B722,_,00250,335
B722__00220.335,14.057412764871026,42.165629485,B722,_,00220,335
B722__00210.335,14.039160516679107,42.172498085,B722,_,00210,335
B722__00200.335,14.029171605496803,42.16695058,B722,_,00200,335
B722__00190.335,14.001788458714824,42.164653705000006,B722,_,00190,335
B722__00150.335,14.000501429408205,42.178359625,B722,_,00150,335
B722__00140.335,13.987543713681006,42.164770485,B722,_,00140,335
B722__00120.335,14.00529536091452,42.183824494999996,B722,_,00120,335
B722__00110.335,13.993395117447193,42.186391515,B722,_,00110,335
B722__00100.335,13.97916619300788,42.181304835000006,B722,_,00100,335
B722__00090.335,13.978400054757078,42.186594209999996,B722,_,00090,335
B722__00080.335,13.965771843656565,42.180726575,B722,_,00080,335
B722__00070.335,14.001908771888516,42.187679630000005,B722,_,00070,335
B722__00060.335,13.985739401195637,42.196685385,B722,_,00060,335
B722__00050.335,13.98205307845878,42.189193285,B722,_,00050,335
B722__00040.335,13.975157597767724,42.195513105,B722,_,00040,335
B722__00030.335,13.966302833937053,42.193117145,B722,_,00030,335
B722__00020.335,13.978673622641523,42.203899969999995,B722,_,00020,335
B722__00010.336,13.968734298311164,42.204715910000004,B722,_,00010,336
B722__00600.336,14.011832204121264,42.12550442,B722,_,00600,336
B722__00540.336,14.038093817245864,42.138129504999995,B722,_,00540,336
B722__00530.336,14.031900423904236,42.13718307,B722,_,00530,336
B722__00520.336,14.007373377833437,42.137652134999996,B722,_,00520,336
B722__0051.336,14.005262004126894,42.14094994,B722,_,0051,336
B722__00430.336,14.02641220849844,42.150951565,B722,_,00430,336
B722__00420.336,14.010815204045144,42.1462863,B722,_,00420,336
B722__00410.336,14.015651948386001,42.1534891,B722,_,00410,336
B722__00400.336,14.001202255265468,42.149076105,B722,_,00400,336
B722__00390.336,14.002193672915592,42.144400205,B722,_,00390,336
B722__00370.336,13.981169179908626,42.141193834999996,B722,_,00370,336
B722__00360.336,13.999067676960603,42.148109115,B722,_,00360,336
B722__00350.336,13.984120400590836,42.149323415,B722,_,00350,336
B722__00290.336,14.000728996602298,42.16005484,B722,_,00290,336
B722__0028.336,14.000115732826867,42.15763059,B722,_,0028,336
B722__00260.336,13.980731330153077,42.155595545,B722,_,00260,336
B722__00250.336,13.972244306468998,42.158314075,B722,_,00250,336
B722__00220.336,14.05756118756269,42.165682315,B722,_,00220,336
B722__00210.336,14.038876019651813,42.17163783,B722,_,00210,336
B722__00190.336,14.001914953542453,42.16461059,B722,_,00190,336
B722__00180.336,14.027851068037785,42.171689615000005,B722,_,00180,336
B722__00150.336,14.00184102650579,42.17807431,B722,_,00150,336
B722__00120.336,14.005266437981113,42.184918495,B722,_,00120,336
B722__00110.336,13.995816875490341,42.185200855,B722,_,00110,336
B722__00100.336,13.979072970373743,42.181116485,B722,_,00100,336
B722__00090.336,13.978499678277082,42.186570685,B722,_,00090,336
B722__00080.336,13.96701386358364,42.18093326,B722,_,00080,336
B722__00060.336,13.985807845872404,42.19696794,B722,_,00060,336
B722__00050.336,13.980398152464137,42.194285355000005,B722,_,00050,336
B722__00040.336,13.975139745496314,42.1954037,B722,_,00040,336
B722__00030.336,13.966441846794947,42.192905395,B722,_,00030,336
B722__00020.336,13.97830341193146,42.20378814,B722,_,00020,336
B722__00010.337,13.96879200972143,42.204654245,B722,_,00010,337
B722__00600.337,14.01142445281688,42.12552717,B722,_,00600,337
B722__00540.337,14.038466759407246,42.138131105,B722,_,00540,337
B722__00530.337,14.032496274444707,42.137186785,B722,_,00530,337
B722__00520.337,14.007898788593494,42.137586275000004,B722,_,00520,337
B722__0051.337,14.005110911088396,42.14104375,B722,_,0051,337
B722__00430.337,14.02717228616595,42.150931345000004,B722,_,00430,337
B722__00420.337,14.01095705293837,42.14642383,B722,_,00420,337
B722__00410.337,14.015835193130942,42.15356745,B722,_,00410,337
B722__00400.337,14.00126197710646,42.148952085000005,B722,_,00400,337
B722__00390.337,14.002457406869471,42.14458456,B722,_,00390,337
B722__00370.337,13.981893411050935,42.14178547,B722,_,00370,337
B722__00360.337,13.998846398128729,42.147912864999995,B722,_,00360,337
B722__00350.337,13.983994611138623,42.14925222,B722,_,00350,337
B722__00290.337,14.000910034886704,42.160093945,B722,_,00290,337
B722__0028.337,14.000150415924226,42.15773041,B722,_,0028,337
B722__00270.337,13.994513307028715,42.15646545,B722,_,00270,337
B722__00260.337,13.982199358782378,42.15631622,B722,_,00260,337
B722__00250.337,13.971757874313617,42.158331745,B722,_,00250,337
B722__00220.337,14.057693197668932,42.16554333,B722,_,00220,337
B722__00210.337,14.039103100036375,42.17181848,B722,_,00210,337
B722__00200.337,14.028825296226628,42.168968575,B722,_,00200,337
B722__00190.337,14.001620615535764,42.16461481,B722,_,00190,337
B722__00180.337,14.02502385815265,42.17092512,B722,_,00180,337
B722__00150.337,14.001422874117074,42.177690745,B722,_,00150,337
B722__00140.337,13.988117298491938,42.164906259999995,B722,_,00140,337
B722__00120.337,14.004757442609389,42.184759975,B722,_,00120,337
B722__00110.337,13.995485290549272,42.185849665,B722,_,00110,337
B722__00090.337,13.978616881182848,42.186564270000005,B722,_,00090,337
B722__00080.337,13.967096023763629,42.181611204999996,B722,_,00080,337
B722__00070.337,13.995677820260283,42.18921944,B722,_,00070,337
B722__00060.337,13.985971385612,42.196726,B722,_,00060,337
B722__00050.337,13.981903673158465,42.1887395,B722,_,00050,337
B722__00040.337,13.975107774630679,42.195341639999995,B722,_,00040,337
B722__00030.337,13.966486995960757,42.19306971,B722,_,00030,337
B722__00020.337,13.978032044127279,42.204025705,B722,_,00020,337
B722__00010.338,13.968992329036205,42.20465549,B722,_,00010,338
B722__00600.338,14.011523238907895,42.126239895,B722,_,00600,338
B722__00540.338,14.04674352153933,42.1339987,B722,_,00540,338
B722__00530.338,14.033030375203065,42.13691236,B722,_,00530,338
B722__00520.338,14.008550225699352,42.137621475,B722,_,00520,338
B722__0051.338,14.005145761133408,42.14102652,B722,_,0051,338
B722__00430.338,14.027834701428661,42.150930165000005,B722,_,00430,338
B722__00420.338,14.011188301747639,42.146337195,B722,_,00420,338
B722__00410.338,14.015700659083501,42.153723525000004,B722,_,00410,338
B722__00400.338,14.001478168502327,42.1488809,B722,_,00400,338
B722__00390.338,14.00257587090438,42.14467518,B722,_,00390,338
B722__00370.338,13.982425167627254,42.14221957,B722,_,00370,338
B722__00360.338,13.99961589829076,42.148053770000004,B722,_,00360,338
B722__00350.338,13.98452398232205,42.14934444,B722,_,00350,338
B722__00290.338,14.001174769145274,42.16007082,B722,_,00290,338
B722__0028.338,14.000154754981217,42.157770055,B722,_,0028,338
B722__00260.338,13.982870755091305,42.156322,B722,_,00260,338
B722__00250.338,13.97221501149453,42.158252355,B722,_,00250,338
B722__00220.338,14.049636806309682,42.16641783,B722,_,00220,338
B722__00210.338,14.039354069658254,42.171915865,B722,_,00210,338
B722__00200.338,14.028707686657473,42.169026465,B722,_,00200,338
B722__00190.338,14.001734097301773,42.164500079999996,B722,_,00190,338
B722__00180.338,14.025283843243734,42.171222595,B722,_,00180,338
B722__00150.338,14.002579427312206,42.176383165000004,B722,_,00150,338
B722__00140.338,13.988556405924305,42.165086290000005,B722,_,00140,338
B722__00120.338,14.004703658162668,42.184164984999995,B722,_,00120,338
B722__00110.338,13.994782646419072,42.18685387,B722,_,00110,338
B722__00100.338,13.978547609692637,42.18086235,B722,_,00100,338
B722__00090.338,13.978641188443845,42.18651207,B722,_,00090,338
B722__00080.338,13.967467053982276,42.181171559999996,B722,_,00080,338
B722__00070.338,13.995891697440547,42.189166815,B722,_,00070,338
B722__00060.338,13.9862788724814,42.196810035,B722,_,00060,338
B722__00050.338,13.982462154940453,42.1892176,B722,_,00050,338
B722__00040.338,13.975079647204234,42.195329205,B722,_,00040,338
B722__00030.338,13.96636398916944,42.19329073,B722,_,00030,338
B722__00020.338,13.977522499027183,42.20393437,B722,_,00020,338
B722__00010.339,13.969169500323336,42.204598325,B722,_,00010,339
B722__00600.339,14.011376306663273,42.12623455000001,B722,_,00600,339
B722__00540.339,14.046830561174113,42.133918550000004,B722,_,00540,339
B722__00530.339,14.033875717896928,42.136853095,B722,_,00530,339
B722__00520.339,14.00951676644533,42.13751107,B722,_,00520,339
B722__0051.339,14.005166804013067,42.140988379999996,B722,_,0051,339
B722__00430.339,14.02839215061051,42.15126263,B722,_,00430,339
B722__00420.339,14.011360294741761,42.1461501,B722,_,00420,339
B722__00410.339,14.015860383090336,42.15329204,B722,_,00410,339
B722__00400.339,14.001367942206848,42.148685265,B722,_,00400,339
B722__00390.339,14.002697291104852,42.144778855,B722,_,00390,339
B722__00370.339,13.982773793820469,42.142424045,B722,_,00370,339
B722__00360.339,13.998946025221546,42.147752995,B722,_,00360,339
B722__00350.339,13.984604696777646,42.149067435,B722,_,00350,339
B722__00290.339,14.001298083857009,42.16020696,B722,_,00290,339
B722__0028.339,14.000160201429905,42.15781094,B722,_,0028,339
B722__00270.339,13.992462279188702,42.153346305,B722,_,00270,339
B722__00260.339,13.983182812650252,42.15624121,B722,_,00260,339
B722__00250.339,13.971741748955964,42.15822183,B722,_,00250,339
B722__00220.339,14.049908479127328,42.166240115,B722,_,00220,339
B722__00210.339,14.040204521079394,42.1687477,B722,_,00210,339
B722__00190.339,14.002465454431501,42.16452872,B722,_,00190,339
B722__00180.339,14.0261979619791,42.170956745,B722,_,00180,339
B722__00150.339,14.00347362021028,42.176339784999996,B722,_,00150,339
B722__00140.339,13.983783990083136,42.1735827,B722,_,00140,339
B722__00120.339,14.004372431177497,42.184550185000006,B722,_,00120,339
B722__00110.339,13.994267262935876,42.187374495,B722,_,00110,339
B722__00090.339,13.978817010168768,42.186550940000004,B722,_,00090,339
B722__00080.339,13.96820840239199,42.1812677,B722,_,00080,339
B722__00070.339,13.996070676171664,42.189135285,B722,_,00070,339
B722__00050.339,13.982633035090352,42.189233775000005,B722,_,00050,339
B722__00040.339,13.97516489600347,42.19529248,B722,_,00040,339
B722__00030.339,13.966198335452145,42.193405915,B722,_,00030,339
B722__00020.339,13.977717679787617,42.204060029999994,B722,_,00020,339
B722__00010.34,13.969042029278746,42.21015695,B722,_,00010,34
B722__00610.34,13.995323228385587,42.119607865,B722,_,00610,34
B722__00600.34,14.010528135680552,42.13278228,B722,_,00600,34
B722__00590.34,13.988262005680113,42.12441184,B722,_,00590,34
B722__00540.34,14.038542596293047,42.146933225,B722,_,00540,34
B722__00530.34,14.036265903261725,42.14876665,B722,_,00530,34
B722__00520.34,14.010362936764736,42.14266125,B722,_,00520,34
B722__00500.34,13.989479508949575,42.138314045,B722,_,00500,34
B722__00490.34,13.982582709707405,42.131106200000005,B722,_,00490,34
B722__00480.34,13.972078742477397,42.13866758,B722,_,00480,34
B722__00450.34,14.050134631295029,42.14317996,B722,_,00450,34
B722__00440.34,14.046097453207265,42.152622015,B722,_,00440,34
B722__00430.34,14.03485576122058,42.15655906,B722,_,00430,34
B722__00420.34,14.008677146857266,42.149181415,B722,_,00420,34
B722__00410.34,14.009353219146153,42.159003775,B722,_,00410,34
B722__00400.34,14.002512655069568,42.153409275,B722,_,00400,34
B722__00390.34,14.002845435610013,42.14498167,B722,_,00390,34
B722__00380.34,13.999836878321467,42.141859010000005,B722,_,00380,34
B722__00370.34,13.987781608024353,42.145595535,B722,_,00370,34
B722__00360.34,13.994051575105477,42.152404065,B722,_,00360,34
B722__00350.34,13.978390853692662,42.147074345,B722,_,00350,34
B722__00340.34,13.970543785131122,42.14694311,B722,_,00340,34
B722__00330.34,13.971821463199138,42.153672435000004,B722,_,00330,34
B722__00300.34,14.017496862191063,42.16378304,B722,_,00300,34
B722__00290.34,14.007812714776797,42.16218844,B722,_,00290,34
B722__0028.34,13.997492211324646,42.15886605,B722,_,0028,34
B722__00270.34,13.992780848302342,42.15970663,B722,_,00270,34
B722__00260.34,13.982385732447815,42.165025064999995,B722,_,00260,34
B722__00250.34,13.97977215069332,42.166190369999995,B722,_,00250,34
B722__00230.34,14.06294235170195,42.169364959999996,B722,_,00230,34
B722__00220.34,14.050952397311239,42.171520965,B722,_,00220,34
B722__00210.34,14.033051301421189,42.171802369999995,B722,_,00210,34
B722__00200.34,14.024653573220098,42.170299895,B722,_,00200,34
B722__00190.34,14.006485092268555,42.168874405,B722,_,00190,34
B722__00170.34,14.008507154160819,42.180873775,B722,_,00170,34
B722__00160.34,14.011102627561897,42.17413438,B722,_,00160,34
B722__00150.34,13.996419071992218,42.176979,B722,_,00150,34
B722__00140.34,13.988637725100986,42.17476074,B722,_,00140,34
B722__00130.34,13.975792194502787,42.17653293,B722,_,00130,34
B722__00120.34,14.007456619523964,42.19280683,B722,_,00120,34
B722__00110.34,13.998601295579524,42.186087015,B722,_,00110,34
B722__00100.34,13.984563043814731,42.188812045000006,B722,_,00100,34
B722__0009.34,13.968610100133978,42.18739542,B722,_,0009,34
B722__00080.34,13.961433693110074,42.189149515,B722,_,00080,34
B722__00070.34,13.998480606833613,42.19749108,B722,_,00070,34
B722__00060.34,13.986441208848248,42.199642705,B722,_,00060,34
B722__00050.34,13.98122297440472,42.194406154999996,B722,_,00050,34
B722__00040.34,13.973810943395385,42.201510885000005,B722,_,00040,34
B722__00030.34,13.96333740385304,42.19847657,B722,_,00030,34
B722__00020.34,13.977198620304419,42.207168785,B722,_,00020,34
B722__00010.340,13.971164715462784,42.20807341,B722,_,00010,340
B722__00600.340,14.011157662911874,42.12617945,B722,_,00600,340
B722__00540.340,14.046862662928138,42.133767954999996,B722,_,00540,340
B722__00530.340,14.034799388698822,42.136395699999994,B722,_,00530,340
B722__00520.340,14.009817855544972,42.137739635,B722,_,00520,340
B722__0051.340,14.005185283435534,42.14095612,B722,_,0051,340
B722__00430.340,14.028574497002069,42.151196955,B722,_,00430,340
B722__00420.340,14.011467551856434,42.146553569999995,B722,_,00420,340
B722__00410.340,14.016026517288328,42.153440880000005,B722,_,00410,340
B722__00400.340,14.001969156373157,42.149180470000005,B722,_,00400,340
B722__00390.340,14.0020962662106,42.143994989999996,B722,_,00390,340
B722__00370.340,13.98308454008951,42.14247365,B722,_,00370,340
B722__00360.340,13.998674297407664,42.147669484999994,B722,_,00360,340
B722__00350.340,13.98408837839207,42.148861530000005,B722,_,00350,340
B722__00290.340,14.001510914785829,42.16014686,B722,_,00290,340
B722__0028.340,14.000171963501973,42.157866999999996,B722,_,0028,340
B722__00270.340,13.992473717626222,42.153434625,B722,_,00270,340
B722__00260.340,13.983812434711446,42.15616253,B722,_,00260,340
B722__00250.340,13.972183404998418,42.158161305,B722,_,00250,340
B722__00220.340,14.05842526822855,42.16994022,B722,_,00220,340
B722__00210.340,14.034795866542396,42.168925005,B722,_,00210,340
B722__00200.340,14.022285292769954,42.16666556,B722,_,00200,340
B722__00190.340,14.002154453206776,42.164798365,B722,_,00190,340
B722__00180.340,14.02037088779421,42.178142635,B722,_,00180,340
B722__00150.340,14.001943352075703,42.1760672,B722,_,00150,340
B722__00140.340,13.988737292499,42.1648699,B722,_,00140,340
B722__00120.340,14.008094210516145,42.190550585,B722,_,00120,340
B722__00110.340,13.995512669743459,42.18436815,B722,_,00110,340
B722__00100.340,13.979182779790015,42.180926655,B722,_,00100,340
B722__00090.340,13.978469663234808,42.18641973,B722,_,00090,340
B722__00080.340,13.968560281155927,42.181260804999994,B722,_,00080,340
B722__00070.340,13.996166867393036,42.18908208,B722,_,00070,340
B722__00060.340,13.986279331248891,42.196661045,B722,_,00060,340
B722__00050.340,13.982597995208398,42.18943337,B722,_,00050,340
B722__00040.340,13.975123073089721,42.19522646,B722,_,00040,340
B722__00030.340,13.966569027981869,42.19345596,B722,_,00030,340
B722__00020.340,13.977026997135255,42.203692665000005,B722,_,00020,340
B722__00010.341,13.97127575835303,42.20847943,B722,_,00010,341
B722__00600.341,14.012244710916633,42.127031635,B722,_,00600,341
B722__00540.341,14.039601620207204,42.139366339999995,B722,_,00540,341
B722__00530.341,14.035842925790167,42.13664776,B722,_,00530,341
B722__00520.341,14.007503608810591,42.137435695,B722,_,00520,341
B722__0051.341,14.005196522957686,42.140936455,B722,_,0051,341
B722__00430.341,14.029384685499242,42.15181362,B722,_,00430,341
B722__00420.341,14.01169163271042,42.14667607,B722,_,00420,341
B722__00410.341,14.016188147752061,42.153606575,B722,_,00410,341
B722__00400.341,14.004121710864709,42.15072112,B722,_,00400,341
B722__00390.341,14.002860956358283,42.144230685,B722,_,00390,341
B722__00370.341,13.99396377728485,42.142963949999995,B722,_,00370,341
B722__00360.341,13.99817485085822,42.14787461,B722,_,00360,341
B722__00350.341,13.984203096402892,42.14900098,B722,_,00350,341
B722__00290.341,14.001755918127783,42.160053905,B722,_,00290,341
B722__0028.341,14.000229766652001,42.15781836,B722,_,0028,341
B722__00270.341,13.99286498033722,42.153441775000005,B722,_,00270,341
B722__00260.341,13.980126710799702,42.155332990000005,B722,_,00260,341
B722__00250.341,13.971708345335493,42.158072455,B722,_,00250,341
B722__00220.341,14.058522557851676,42.16990350499999,B722,_,00220,341
B722__00210.341,14.03140537311965,42.169486795,B722,_,00210,341
B722__00200.341,14.022580721563553,42.166600575000004,B722,_,00200,341
B722__00180.341,14.02131168614395,42.175211015,B722,_,00180,341
B722__00150.341,13.992114446907749,42.176194255,B722,_,00150,341
B722__00140.341,13.988292607619666,42.164700325,B722,_,00140,341
B722__00120.341,14.006652643163601,42.187982135,B722,_,00120,341
B722__00110.341,13.996847298423646,42.183879250000004,B722,_,00110,341
B722__00100.341,13.978844693006282,42.180722035,B722,_,00100,341
B722__00090.341,13.978380871169412,42.186347825,B722,_,00090,341
B722__00080.341,13.968835028582298,42.181133285,B722,_,00080,341
B722__00070.341,13.996067007286754,42.18879665,B722,_,00070,341
B722__00060.341,13.98603423912027,42.196442954999995,B722,_,00060,341
B722__00050.341,13.982871911321855,42.18936805,B722,_,00050,341
B722__00040.341,13.975961589217729,42.19534446,B722,_,00040,341
B722__00030.341,13.966242459468635,42.19346472,B722,_,00030,341
B722__00020.341,13.98367558735988,42.20413565,B722,_,00020,341
B722__00010.342,13.96963214210404,42.211059495,B722,_,00010,342
B722__00600.342,14.011645345237849,42.126892155,B722,_,00600,342
B722__00540.342,14.042464672077784,42.138415699999996,B722,_,00540,342
B722__00530.342,14.03699469600522,42.136686215,B722,_,00530,342
B722__00520.342,14.007564470674403,42.137371815,B722,_,00520,342
B722__0051.342,14.005285523560548,42.140781615,B722,_,0051,342
B722__00430.342,14.029463564729653,42.15161982,B722,_,00430,342
B722__00420.342,14.011798848631724,42.14618076,B722,_,00420,342
B722__00410.342,14.015628896829536,42.152079745,B722,_,00410,342
B722__00400.342,14.004175270933404,42.150892545,B722,_,00400,342
B722__00370.342,13.99396581372531,42.143021059999995,B722,_,00370,342
B722__00360.342,13.998269849546134,42.14752949,B722,_,00360,342
B722__00350.342,13.983982211927158,42.14852911,B722,_,00350,342
B722__00290.342,14.00198292448114,42.160138315,B722,_,00290,342
B722__0028.342,14.000310966210446,42.157796395,B722,_,0028,342
B722__00270.342,13.992952795603172,42.15387873,B722,_,00270,342
B722__00260.342,13.979756693609293,42.154845765000005,B722,_,00260,342
B722__00250.342,13.972113546206195,42.15801750999999,B722,_,00250,342
B722__00220.342,14.058631022064363,42.169859075,B722,_,00220,342
B722__00200.342,14.023132503116752,42.167310869999994,B722,_,00200,342
B722__00180.342,14.021084146217017,42.175376745,B722,_,00180,342
B722__00150.342,13.991402161047535,42.175292674999994,B722,_,00150,342
B722__00140.342,13.987817463779052,42.164426075,B722,_,00140,342
B722__00120.342,14.007221026104581,42.187886845,B722,_,00120,342
B722__00110.342,13.996488545756698,42.184364145,B722,_,00110,342
B722__00100.342,13.97839056992064,42.18075655,B722,_,00100,342
B722__00090.342,13.972434779360103,42.186903025,B722,_,00090,342
B722__00080.342,13.966685247786845,42.18419681,B722,_,00080,342
B722__00070.342,13.996224116523596,42.188555824999995,B722,_,00070,342
B722__00060.342,13.986227808921441,42.19644216499999,B722,_,00060,342
B722__00050.342,13.981950647348768,42.18970477,B722,_,00050,342
B722__00040.342,13.975779543035255,42.19564906,B722,_,00040,342
B722__00030.342,13.966361202612482,42.193485925000004,B722,_,00030,342
B722__00020.342,13.977799964785678,42.203644534999995,B722,_,00020,342
B722__00010.343,13.970960598203266,42.20992602,B722,_,00010,343
B722__00600.343,14.011351081503722,42.12673272,B722,_,00600,343
B722__00540.343,14.04271272714718,42.13833743,B722,_,00540,343
B722__00530.343,14.03000946427686,42.135888890000004,B722,_,00530,343
B722__00520.343,14.008372633757283,42.137264775,B722,_,00520,343
B722__0051.343,14.005330987753263,42.140738845,B722,_,0051,343
B722__00430.343,14.029621729363448,42.15159016,B722,_,00430,343
B722__00420.343,14.01193282617589,42.146466785,B722,_,00420,343
B722__00410.343,14.01591930370014,42.151959915,B722,_,00410,343
B722__00400.343,14.003139108419383,42.152235415,B722,_,00400,343
B722__00390.343,14.003219168159474,42.143959255,B722,_,00390,343
B722__00360.343,13.997727705020289,42.1476901,B722,_,00360,343
B722__00350.343,13.984463845934231,42.148971445,B722,_,00350,343
B722__00290.343,14.002166693972496,42.160221295,B722,_,00290,343
B722__00270.343,13.993115347124712,42.1537552,B722,_,00270,343
B722__00260.343,13.980058003608255,42.15408799,B722,_,00260,343
B722__00250.343,13.971695530716842,42.158018205000005,B722,_,00250,343
B722__00220.343,14.058633118438,42.16975809,B722,_,00220,343
B722__00210.343,14.034725485885515,42.16968545,B722,_,00210,343
B722__00200.343,14.023414559419662,42.167327695,B722,_,00200,343
B722__00180.343,14.020836067678452,42.175669345,B722,_,00180,343
B722__00150.343,13.991550547420742,42.175178065,B722,_,00150,343
B722__00140.343,13.987672788774614,42.164204174999995,B722,_,00140,343
B722__00120.343,14.005833327399241,42.18777082,B722,_,00120,343
B722__00110.343,13.997680267411084,42.18373604,B722,_,00110,343
B722__00100.343,13.978045910636846,42.180529775,B722,_,00100,343
B722__00090.343,13.972476659914498,42.186783815,B722,_,00090,343
B722__00080.343,13.964727342801577,42.187275295,B722,_,00080,343
B722__00070.343,13.99644054871598,42.188425515,B722,_,00070,343
B722__00060.343,13.986446038367255,42.196503315,B722,_,00060,343
B722__00050.343,13.982630554741347,42.19005077,B722,_,00050,343
B722__00040.343,13.976133330847633,42.19568419,B722,_,00040,343
B722__00030.343,13.966518203071967,42.19343117,B722,_,00030,343
B722__00020.343,13.977876035229846,42.203516324999995,B722,_,00020,343
B722__00010.344,13.972048967133126,42.209615925,B722,_,00010,344
B722__00600.344,14.010487357708703,42.126897665,B722,_,00600,344
B722__00540.344,14.042521653564513,42.137959425,B722,_,00540,344
B722__00530.344,14.030127184998268,42.135823495,B722,_,00530,344
B722__00520.344,14.008690555837045,42.137307039999996,B722,_,00520,344
B722__0051.344,14.005504659397962,42.14251695,B722,_,0051,344
B722__00430.344,14.02980043053438,42.151639235000005,B722,_,00430,344
B722__00420.344,14.012467235811382,42.146691335,B722,_,00420,344
B722__00410.344,14.01625443638556,42.15224761,B722,_,00410,344
B722__00400.344,14.002975128796237,42.151815175,B722,_,00400,344
B722__00360.344,13.99764838800402,42.147504795,B722,_,00360,344
B722__00350.344,13.984397545547845,42.14912209,B722,_,00350,344
B722__0028.344,14.000360577421858,42.157691584999995,B722,_,0028,344
B722__00270.344,13.99347125576492,42.15381249,B722,_,00270,344
B722__00260.344,13.980466197136977,42.15399594,B722,_,00260,344
B722__00250.344,13.972058434207367,42.157969355000006,B722,_,00250,344
B722__00220.344,14.04641505605415,42.169320944999996,B722,_,00220,344
B722__00200.344,14.023653269270868,42.16804241,B722,_,00200,344
B722__00180.344,14.02012187755756,42.17571166,B722,_,00180,344
B722__00150.344,14.00257868823403,42.17976476,B722,_,00150,344
B722__00140.344,13.987993611528225,42.164255694999994,B722,_,00140,344
B722__00120.344,14.004059899609635,42.193704525,B722,_,00120,344
B722__00110.344,13.992799845534691,42.181731174999996,B722,_,00110,344
B722__00100.344,13.97838871575448,42.18055248,B722,_,00100,344
B722__00090.344,13.97253725394911,42.186604325000005,B722,_,00090,344
B722__00070.344,13.996565814546376,42.188101615,B722,_,00070,344
B722__00060.344,13.98658235280092,42.19650933,B722,_,00060,344
B722__00050.344,13.982638261591452,42.190371285,B722,_,00050,344
B722__00040.344,13.976527581390854,42.195709855000004,B722,_,00040,344
B722__00030.344,13.96648095537986,42.19349545,B722,_,00030,344
B722__00020.344,13.977939796890887,42.203480625,B722,_,00020,344
B722__00010.345,13.972279173163866,42.209550405,B722,_,00010,345
B722__00600.345,14.010979509385733,42.12742405,B722,_,00600,345
B722__00540.345,14.04279545317939,42.137720885,B722,_,00540,345
B722__00530.345,14.030236422810214,42.13503726,B722,_,00530,345
B722__00520.345,14.009750067314563,42.13728813,B722,_,00520,345
B722__0051.345,14.005679472931465,42.14242865,B722,_,0051,345
B722__00430.345,14.030558235092382,42.151655919999996,B722,_,00430,345
B722__00420.345,14.013433347084018,42.148072389999996,B722,_,00420,345
B722__00410.345,14.016001516980277,42.1525133,B722,_,00410,345
B722__00400.345,14.002706698388636,42.151597054999996,B722,_,00400,345
B722__00370.345,13.992809312063038,42.14246344,B722,_,00370,345
B722__00360.345,13.9977182905285,42.147379615,B722,_,00360,345
B722__00350.345,13.984651350407605,42.149012405,B722,_,00350,345
B722__00290.345,13.999349890995155,42.15933243,B722,_,00290,345
B722__0028.345,14.000420869688472,42.157740095,B722,_,0028,345
B722__00270.345,13.993393176878595,42.153651784999994,B722,_,00270,345
B722__00260.345,13.980509064789679,42.153820429999996,B722,_,00260,345
B722__00250.345,13.971655571621744,42.157950465,B722,_,00250,345
B722__00220.345,14.050767640895156,42.166690275,B722,_,00220,345
B722__00210.345,14.03148833141664,42.16783212,B722,_,00210,345
B722__00200.345,14.023704501993365,42.167923134999995,B722,_,00200,345
B722__00180.345,14.02560032711285,42.1744729,B722,_,00180,345
B722__00150.345,14.00210143538996,42.1802186,B722,_,00150,345
B722__00140.345,13.988585799997004,42.16440911,B722,_,00140,345
B722__00120.345,14.004070989766554,42.194261215,B722,_,00120,345
B722__00110.345,13.993545973622156,42.18112858,B722,_,00110,345
B722__00100.345,13.978617917227886,42.180465964999996,B722,_,00100,345
B722__00090.345,13.973131341765317,42.18667832,B722,_,00090,345
B722__00080.345,13.959616521926097,42.185941655,B722,_,00080,345
B722__00070.345,13.996928002706223,42.187960185,B722,_,00070,345
B722__00060.345,13.986715614588888,42.196407455,B722,_,00060,345
B722__00050.345,13.981708457001558,42.190599195,B722,_,00050,345
B722__00040.345,13.9769599120823,42.19564792,B722,_,00040,345
B722__00030.345,13.966477917220798,42.193564335000005,B722,_,00030,345
B722__00020.345,13.978099441892187,42.203494045,B722,_,00020,345
B722__00010.346,13.969299985295635,42.210269525,B722,_,00010,346
B722__00600.346,14.01165792107389,42.12790038999999,B722,_,00600,346
B722__00540.346,14.047693785281538,42.134017785,B722,_,00540,346
B722__00530.346,14.030773127980263,42.135249685,B722,_,00530,346
B722__00520.346,14.007419757333974,42.137038715,B722,_,00520,346
B722__0051.346,14.005630687718917,42.142095935,B722,_,0051,346
B722__00430.346,14.032100759921935,42.151667875,B722,_,00430,346
B722__00420.346,14.014183901308172,42.148160995,B722,_,00420,346
B722__00400.346,14.001788929296213,42.151224729999996,B722,_,00400,346
B722__00390.346,14.003252432003146,42.142310914999996,B722,_,00390,346
B722__00360.346,13.997887343495307,42.14728082,B722,_,00360,346
B722__00350.346,13.984630657809895,42.148708404999994,B722,_,00350,346
B722__00290.346,13.99961952948811,42.15914784,B722,_,00290,346
B722__0028.346,14.000510578108056,42.157693475,B722,_,0028,346
B722__00270.346,13.993231449680586,42.15322671,B722,_,00270,346
B722__00260.346,13.980702208627505,42.153830395,B722,_,00260,346
B722__00250.346,13.972002564765411,42.15791113,B722,_,00250,346
B722__00220.346,14.051007047022877,42.166627225,B722,_,00220,346
B722__00210.346,14.036791050449919,42.165009215,B722,_,00210,346
B722__00200.346,14.023990290861864,42.167971125,B722,_,00200,346
B722__00180.346,14.024888433519052,42.17411659,B722,_,00180,346
B722__00150.346,13.991761857851333,42.17687588,B722,_,00150,346
B722__00140.346,13.98852375942787,42.164555885,B722,_,00140,346
B722__00120.346,14.006798310680988,42.189711745,B722,_,00120,346
B722__00100.346,13.978927994099617,42.18045504,B722,_,00100,346
B722__00090.346,13.973084788956026,42.186771615,B722,_,00090,346
B722__00080.346,13.959924196574772,42.18569119,B722,_,00080,346
B722__00070.346,13.998026498732766,42.188638909999995,B722,_,00070,346
B722__00060.346,13.986829039736918,42.19640421,B722,_,00060,346
B722__00050.346,13.981609027749816,42.190880594999996,B722,_,00050,346
B722__00040.346,13.976672435375281,42.195258769999995,B722,_,00040,346
B722__00030.346,13.96657376258329,42.193596495,B722,_,00030,346
B722__00020.346,13.978040612913686,42.20332822,B722,_,00020,346
B722__00010.347,13.970688242299964,42.20820904,B722,_,00010,347
B722__00600.347,14.010990249590606,42.127611085,B722,_,00600,347
B722__00540.347,14.04787678903298,42.133716539999995,B722,_,00540,347
B722__00530.347,14.031108011658706,42.134703305,B722,_,00530,347
B722__00520.347,14.007477953647275,42.137047394999996,B722,_,00520,347
B722__0051.347,14.005948579203583,42.142243745,B722,_,0051,347
B722__00430.347,14.033913194103693,42.151321190000004,B722,_,00430,347
B722__00420.347,14.014945177256019,42.14795373,B722,_,00420,347
B722__00410.347,14.016228070744159,42.153175075,B722,_,00410,347
B722__00400.347,14.004227136022813,42.150888975,B722,_,00400,347
B722__00390.347,14.00326651925253,42.142354225,B722,_,00390,347
B722__00370.347,13.994243976153392,42.14282782,B722,_,00370,347
B722__00360.347,13.998030552540625,42.146972605,B722,_,00360,347
B722__00350.347,13.984722288019746,42.148808200000005,B722,_,00350,347
B722__00290.347,13.999871565287958,42.15914986,B722,_,00290,347
B722__0028.347,14.000361594570133,42.15763795,B722,_,0028,347
B722__00270.347,13.993595991634937,42.153267375,B722,_,00270,347
B722__00260.347,13.980852426248283,42.15389997,B722,_,00260,347
B722__00250.347,13.971597582917465,42.157846155,B722,_,00250,347
B722__00220.347,14.051341065985474,42.166839625,B722,_,00220,347
B722__00210.347,14.032692470738771,42.1687565,B722,_,00210,347
B722__00200.347,14.024481898809974,42.167757415,B722,_,00200,347
B722__00190.347,14.002695141917687,42.16516109,B722,_,00190,347
B722__00180.347,14.01985896863313,42.174991465000005,B722,_,00180,347
B722__00150.347,13.991861274304192,42.17697541,B722,_,00150,347
B722__00140.347,13.988769680633464,42.1641425,B722,_,00140,347
B722__00120.347,14.005912789139407,42.189120720000005,B722,_,00120,347
B722__00110.347,13.992600672339604,42.17899371,B722,_,00110,347
B722__00100.347,13.978076185997509,42.180339114999995,B722,_,00100,347
B722__00090.347,13.973027647353266,42.186881135,B722,_,00090,347
B722__00080.347,13.965017036514185,42.18443211,B722,_,00080,347
B722__00070.347,13.99821688307896,42.188038685,B722,_,00070,347
B722__00060.347,13.986928216018462,42.196440935,B722,_,00060,347
B722__00050.347,13.981967919869302,42.190845055,B722,_,00050,347
B722__00040.347,13.976559447049846,42.195076225,B722,_,00040,347
B722__00030.347,13.966643605771932,42.19359447,B722,_,00030,347
B722__00020.347,13.978291894615841,42.203252565,B722,_,00020,347
B722__00010.348,13.969025828676607,42.20435991,B722,_,00010,348
B722__00600.348,14.010729696223084,42.127502615,B722,_,00600,348
B722__00540.348,14.04747572814916,42.13347022,B722,_,00540,348
B722__00530.348,14.031564794601865,42.1360806,B722,_,00530,348
B722__00520.348,14.007592591041501,42.1370081,B722,_,00520,348
B722__0051.348,14.00613175482669,42.142095355,B722,_,0051,348
B722__00430.348,14.034739125542671,42.15100019,B722,_,00430,348
B722__00420.348,14.014899132708464,42.150124025,B722,_,00420,348
B722__00410.348,14.016328291500479,42.15309019,B722,_,00410,348
B722__00400.348,14.003405906756129,42.15184017,B722,_,00400,348
B722__00390.348,14.003099639062839,42.14301946,B722,_,00390,348
B722__00360.348,13.998549215130833,42.147207045,B722,_,00360,348
B722__00350.348,13.984820978126177,42.14862074,B722,_,00350,348
B722__00290.348,14.00004380770261,42.15933797,B722,_,00290,348
B722__0028.348,14.000431534333533,42.15753744,B722,_,0028,348
B722__00270.348,13.993692827557183,42.153407945,B722,_,00270,348
B722__00260.348,13.981001885901371,42.153971635000005,B722,_,00260,348
B722__00250.348,13.971905292275501,42.157823660000005,B722,_,00250,348
B722__00220.348,14.051739211641728,42.166689950000006,B722,_,00220,348
B722__00200.348,14.025696782786365,42.167788605,B722,_,00200,348
B722__00190.348,14.00276525291352,42.16514359,B722,_,00190,348
B722__00180.348,14.019022244834904,42.170302065,B722,_,00180,348
B722__00150.348,13.992170239753767,42.177044585000004,B722,_,00150,348
B722__00140.348,13.989473969326951,42.16473491,B722,_,00140,348
B722__00120.348,14.009016921307325,42.183232645000004,B722,_,00120,348
B722__00110.348,13.99370535908986,42.18410169,B722,_,00110,348
B722__00100.348,13.978650596088801,42.180294095,B722,_,00100,348
B722__00090.348,13.973500411400703,42.1867379,B722,_,00090,348
B722__00080.348,13.966464574624931,42.182008845,B722,_,00080,348
B722__00070.348,13.999050963184363,42.187717185,B722,_,00070,348
B722__00060.348,13.987124623202128,42.196290665,B722,_,00060,348
B722__00050.348,13.982517726109464,42.19075488,B722,_,00050,348
B722__00040.348,13.969522549691803,42.195720640000005,B722,_,00040,348
B722__00030.348,13.96663533393037,42.1935608,B722,_,00030,348
B722__00020.348,13.978013849625011,42.20294887,B722,_,00020,348
B722__00010.349,13.973288731544738,42.203998405,B722,_,00010,349
B722__00600.349,14.01087327101282,42.127577900000006,B722,_,00600,349
B722__00540.349,14.04794736920787,42.13351434,B722,_,00540,349
B722__00530.349,14.032112792804691,42.136355699999996,B722,_,00530,349
B722__00520.349,14.008015513120284,42.137026115,B722,_,00520,349
B722__0051.349,14.005869279620729,42.141944095,B722,_,0051,349
B722__00430.349,14.035575098721882,42.15150378,B722,_,00430,349
B722__00410.349,14.016419416279826,42.153013985,B722,_,00410,349
B722__00400.349,14.003817967513093,42.151875180000005,B722,_,00400,349
B722__00390.349,14.003139195521147,42.143091425,B722,_,00390,349
B722__00360.349,13.999876776117892,42.147315425,B722,_,00360,349
B722__00350.349,13.9848387263182,42.148830939999996,B722,_,00350,349
B722__00290.349,14.00036175051261,42.159545980000004,B722,_,00290,349
B722__0028.349,14.00049953700199,42.157607490000004,B722,_,0028,349
B722__00270.349,13.993615624367655,42.153574645,B722,_,00270,349
B722__00260.349,13.981115218506122,42.154009275,B722,_,00260,349
B722__00250.349,13.971553441969785,42.15748304,B722,_,00250,349
B722__00220.349,14.051272270533408,42.165835044999994,B722,_,00220,349
B722__00210.349,14.032723115808729,42.16779888,B722,_,00210,349
B722__00200.349,14.026153086254515,42.167847105,B722,_,00200,349
B722__00190.349,14.002835668072967,42.165122725,B722,_,00190,349
B722__00180.349,14.019415093315292,42.171025365000006,B722,_,00180,349
B722__00150.349,13.992558776474894,42.1771084,B722,_,00150,349
B722__00140.349,13.989326139182875,42.164554695,B722,_,00140,349
B722__00110.349,13.99936499630866,42.183861390000004,B722,_,00110,349
B722__00100.349,13.978497254169675,42.180130655,B722,_,00100,349
B722__00090.349,13.973791694421699,42.186644445,B722,_,00090,349
B722__00080.349,13.965433724055957,42.18090341,B722,_,00080,349
B722__00070.349,13.999808352501004,42.18822383,B722,_,00070,349
B722__00060.349,13.987392477313515,42.196042915,B722,_,00060,349
B722__00050.349,13.982615520606778,42.19091104,B722,_,00050,349
B722__00040.349,13.96996426358115,42.195770775,B722,_,00040,349
B722__00030.349,13.966671993206468,42.19350635,B722,_,00030,349
B722__00020.349,13.977742763158973,42.202729809999994,B722,_,00020,349
B722__00010.35,13.968232523795916,42.210420479999996,B722,_,00010,35
B722__00610.35,13.995473435169405,42.11945454,B722,_,00610,35
B722__00600.35,14.010638238545948,42.132757694999995,B722,_,00600,35
B722__00590.35,13.988468390374312,42.12400961,B722,_,00590,35
B722__00540.35,14.038843985121185,42.14661948,B722,_,00540,35
B722__00530.35,14.037250694903488,42.148221575,B722,_,00530,35
B722__00520.35,14.010540665936386,42.142606875,B722,_,00520,35
B722__0051.35,14.004373543200622,42.139463680000006,B722,_,0051,35
B722__00500.35,13.9912487016963,42.13843736,B722,_,00500,35
B722__00490.35,13.98200017089997,42.130630025,B722,_,00490,35
B722__00480.35,13.972391833866837,42.138330365,B722,_,00480,35
B722__00450.35,14.051062735082006,42.14270236,B722,_,00450,35
B722__00440.35,14.04482702370586,42.154368105,B722,_,00440,35
B722__00430.35,14.035088030845634,42.156414745,B722,_,00430,35
B722__00420.35,14.0093393828252,42.14928518,B722,_,00420,35
B722__00410.35,14.009600956370221,42.159284075,B722,_,00410,35
B722__00400.35,14.003084335480313,42.153314845,B722,_,00400,35
B722__00390.35,13.99946193889545,42.14559106,B722,_,00390,35
B722__00380.35,14.000004585967933,42.14182225,B722,_,00380,35
B722__00360.35,13.994691782927553,42.15255389,B722,_,00360,35
B722__00350.35,13.978352754220355,42.14656512,B722,_,00350,35
B722__00340.35,13.971132370350968,42.147339065,B722,_,00340,35
B722__00330.35,13.972715777485465,42.152942530000004,B722,_,00330,35
B722__00300.35,14.017704430201388,42.163505795,B722,_,00300,35
B722__00290.35,14.007803417792768,42.16234903,B722,_,00290,35
B722__0028.35,13.997028916409258,42.158954034999994,B722,_,0028,35
B722__00270.35,13.98971758875322,42.160543759999996,B722,_,00270,35
B722__00260.35,13.98287453427302,42.165318445,B722,_,00260,35
B722__00250.35,13.980156311152033,42.166467565000005,B722,_,00250,35
B722__00230.35,14.063437726403288,42.169355980000006,B722,_,00230,35
B722__00220.35,14.051469993118982,42.17174363,B722,_,00220,35
B722__00210.35,14.035181141265765,42.17072652,B722,_,00210,35
B722__00200.35,14.02482243175634,42.170059484999996,B722,_,00200,35
B722__00190.35,14.00698403648497,42.16845531,B722,_,00190,35
B722__00180.35,14.02548086723385,42.177326269999995,B722,_,00180,35
B722__00170.35,14.008609527548636,42.180034680000006,B722,_,00170,35
B722__00150.35,13.994548010364877,42.177452145000004,B722,_,00150,35
B722__00140.35,13.988815710029147,42.174590155,B722,_,00140,35
B722__00130.35,13.975746890037751,42.1763109,B722,_,00130,35
B722__00120.35,14.007778880292115,42.192827535,B722,_,00120,35
B722__00110.35,13.998251721875096,42.185879525000004,B722,_,00110,35
B722__00100.35,13.984761034886578,42.189080615,B722,_,00100,35
B722__00080.35,13.961906622547726,42.188982165,B722,_,00080,35
B722__00070.35,13.998741511036773,42.197065269999996,B722,_,00070,35
B722__00060.35,13.986470768265116,42.19956958,B722,_,00060,35
B722__00050.35,13.98122284470028,42.194289365,B722,_,00050,35
B722__00040.35,13.97376179957946,42.20104557,B722,_,00040,35
B722__00030.35,13.963090701496458,42.198084519999995,B722,_,00030,35
B722__00020.35,13.977399245970743,42.207002265,B722,_,00020,35
B722__00010.350,13.973324252071674,42.203949585000004,B722,_,00010,350
B722__00600.350,14.010922730309659,42.127709464999995,B722,_,00600,350
B722__00540.350,14.047502939556203,42.13340656,B722,_,00540,350
B722__00530.350,14.032553049030575,42.13611978,B722,_,00530,350
B722__00520.350,14.008555840476326,42.137032855,B722,_,00520,350
B722__0051.350,14.005393301878438,42.141659184999995,B722,_,0051,350
B722__00430.350,14.035931576942495,42.151814955,B722,_,00430,350
B722__00410.350,14.016508043032392,42.15240345,B722,_,00410,350
B722__00400.350,14.004248688229033,42.151820985,B722,_,00400,350
B722__00390.350,14.003209588675638,42.142931675,B722,_,00390,350
B722__00360.350,13.999877559906695,42.14677655,B722,_,00360,350
B722__00350.350,13.984953537708423,42.14892058,B722,_,00350,350
B722__00290.350,14.000736022351296,42.15990174,B722,_,00290,350
B722__0028.350,14.000619751455352,42.15764174,B722,_,0028,350
B722__00270.350,13.993842801752864,42.153596065,B722,_,00270,350
B722__00260.350,13.981291471109873,42.154086185,B722,_,00260,350
B722__00250.350,13.972477905278438,42.157823660000005,B722,_,00250,350
B722__00220.350,14.051373399993686,42.16572228,B722,_,00220,350
B722__00210.350,14.03266429834457,42.167537785,B722,_,00210,350
B722__00200.350,14.02605405764685,42.168043525,B722,_,00200,350
B722__00190.350,14.00269608899098,42.164999295,B722,_,00190,350
B722__00180.350,14.027152301069435,42.17311997,B722,_,00180,350
B722__00150.350,13.992814194784746,42.17717905000001,B722,_,00150,350
B722__00140.350,13.989108291951922,42.164382735000004,B722,_,00140,350
B722__00090.350,13.973919957337687,42.18668401,B722,_,00090,350
B722__00080.350,13.966903789718438,42.184160605,B722,_,00080,350
B722__00070.350,14.00009844309865,42.186562385,B722,_,00070,350
B722__00060.350,13.987519473802717,42.19609662,B722,_,00060,350
B722__00050.350,13.983090609216987,42.191116405,B722,_,00050,350
B722__00040.350,13.971168022059215,42.195852935000005,B722,_,00040,350
B722__00030.350,13.966938491002814,42.193489084999996,B722,_,00030,350
B722__00020.350,13.977810592209453,42.202437375,B722,_,00020,350
B722__00010.351,13.972989465682364,42.204800829999996,B722,_,00010,351
B722__00600.351,14.01059112217675,42.127697964999996,B722,_,00600,351
B722__00540.351,14.04794526474677,42.133399615,B722,_,00540,351
B722__00530.351,14.03277540712627,42.13653884,B722,_,00530,351
B722__00520.351,14.008655004364478,42.136925335,B722,_,00520,351
B722__0051.351,14.004960640055781,42.14144098,B722,_,0051,351
B722__00430.351,14.037309470541185,42.151599219999994,B722,_,00430,351
B722__00400.351,14.004151983020503,42.151800745,B722,_,00400,351
B722__00390.351,14.003393087694274,42.142809305,B722,_,00390,351
B722__00370.351,13.994563581774763,42.14202187,B722,_,00370,351
B722__00360.351,14.000108901069853,42.146855625,B722,_,00360,351
B722__00290.351,14.000857763078447,42.159966165,B722,_,00290,351
B722__0028.351,14.000633539278752,42.15758273,B722,_,0028,351
B722__00270.351,13.993833171770248,42.15334781,B722,_,00270,351
B722__00250.351,13.973298178113307,42.158282674999995,B722,_,00250,351
B722__00220.351,14.05703192634136,42.169980915,B722,_,00220,351
B722__00210.351,14.03255687352489,42.167375025,B722,_,00210,351
B722__00200.351,14.02636043588435,42.16845676,B722,_,00200,351
B722__00190.351,14.00256819713802,42.16490896,B722,_,00190,351
B722__00180.351,14.016257532535452,42.171998110000004,B722,_,00180,351
B722__00160.351,14.007891438737083,42.175703580000004,B722,_,00160,351
B722__00150.351,13.992402535182523,42.177471225000005,B722,_,00150,351
B722__00140.351,13.98920684782378,42.164368714999995,B722,_,00140,351
B722__00130.351,13.980947835382263,42.173042859999995,B722,_,00130,351
B722__00110.351,13.998839725415218,42.18518262,B722,_,00110,351
B722__00090.351,13.974253270980725,42.18677576,B722,_,00090,351
B722__00080.351,13.961273308635736,42.19000061,B722,_,00080,351
B722__00070.351,14.000350569503254,42.187828395,B722,_,00070,351
B722__00050.351,13.983081674962794,42.190948915,B722,_,00050,351
B722__00040.351,13.97300438215598,42.19556267,B722,_,00040,351
B722__00030.351,13.966847921649983,42.19344297000001,B722,_,00030,351
B722__00020.351,13.977922934296608,42.202643835,B722,_,00020,351
B722__00010.352,13.971871841628989,42.209841155,B722,_,00010,352
B722__00600.352,14.010756404917336,42.127841035,B722,_,00600,352
B722__00540.352,14.040329394170017,42.139039175,B722,_,00540,352
B722__00530.352,14.032845503026884,42.136102385,B722,_,00530,352
B722__00520.352,14.009659588201892,42.137112945,B722,_,00520,352
B722__0051.352,14.005332326245073,42.141169739999995,B722,_,0051,352
B722__00400.352,14.002524798921439,42.15376922,B722,_,00400,352
B722__00390.352,14.003415513829813,42.142772005,B722,_,00390,352
B722__00360.352,14.000260723258823,42.146423604999995,B722,_,00360,352
B722__00350.352,13.985095759291024,42.148647034999996,B722,_,00350,352
B722__00290.352,14.001051616330166,42.15986368,B722,_,00290,352
B722__0028.352,14.000564731414538,42.15752119,B722,_,0028,352
B722__00270.352,13.993454246688003,42.15306754,B722,_,00270,352
B722__00260.352,13.980752787078494,42.154183085,B722,_,00260,352
B722__00250.352,13.973549863754851,42.15841025,B722,_,00250,352
B722__00220.352,14.05616515119932,42.16594297,B722,_,00220,352
B722__00210.352,14.0325418665391,42.167228054999995,B722,_,00210,352
B722__00200.352,14.026158768665287,42.168592445,B722,_,00200,352
B722__00190.352,14.002614406239747,42.16488747,B722,_,00190,352
B722__00180.352,14.025104145394621,42.17226852,B722,_,00180,352
B722__00160.352,14.008769350606917,42.17609243,B722,_,00160,352
B722__00150.352,13.992364276468484,42.17763763,B722,_,00150,352
B722__00140.352,13.989055640317225,42.164194315,B722,_,00140,352
B722__00110.352,13.993452633371197,42.180915264999996,B722,_,00110,352
B722__00100.352,13.979687619009617,42.179987275,B722,_,00100,352
B722__00090.352,13.974267886559481,42.186909705000005,B722,_,00090,352
B722__00080.352,13.962560531988684,42.189364330000004,B722,_,00080,352
B722__00070.352,14.000829304235697,42.187723840000004,B722,_,00070,352
B722__00050.352,13.98317039704472,42.190883805,B722,_,00050,352
B722__00040.352,13.970926118397848,42.195675045,B722,_,00040,352
B722__00030.352,13.96677052920598,42.19332552,B722,_,00030,352
B722__00020.352,13.978037341791378,42.202587054999995,B722,_,00020,352
B722__00010.353,13.970236088656119,42.208265035,B722,_,00010,353
B722__00600.353,14.010881863304498,42.127901075,B722,_,00600,353
B722__00540.353,14.041102046538423,42.13884334,B722,_,00540,353
B722__00530.353,14.032901420382442,42.135548744999994,B722,_,00530,353
B722__00520.353,14.009965438071072,42.137068635000006,B722,_,00520,353
B722__0051.353,14.006033988345374,42.14113647,B722,_,0051,353
B722__00410.353,14.016768849581416,42.152399695,B722,_,00410,353
B722__00400.353,14.001731068038726,42.15034038,B722,_,00400,353
B722__00390.353,14.003297082546124,42.14277288,B722,_,00390,353
B722__00360.353,14.000289783946531,42.14632607,B722,_,00360,353
B722__00350.353,13.98546525384112,42.148273849999995,B722,_,00350,353
B722__00290.353,14.001577179439048,42.15991588999999,B722,_,00290,353
B722__00270.353,13.993013922862618,42.153102759999996,B722,_,00270,353
B722__00260.353,13.9814222950766,42.155449305000005,B722,_,00260,353
B722__00250.353,13.973637792390337,42.158845395,B722,_,00250,353
B722__00220.353,14.056312549192999,42.165879020000006,B722,_,00220,353
B722__00210.353,14.032889607383693,42.172105255000005,B722,_,00210,353
B722__00200.353,14.025564929060787,42.16856619,B722,_,00200,353
B722__00180.353,14.025964033336006,42.171665745,B722,_,00180,353
B722__00160.353,14.01149578809336,42.175222155,B722,_,00160,353
B722__00150.353,13.992587735946147,42.1775777,B722,_,00150,353
B722__00140.353,13.988964348314397,42.164126800000005,B722,_,00140,353
B722__00110.353,13.996161834922656,42.182377245,B722,_,00110,353
B722__00100.353,13.980142845484398,42.179813519999996,B722,_,00100,353
B722__00090.353,13.974500934409091,42.18678653,B722,_,00090,353
B722__00080.353,13.962355337013609,42.189207605,B722,_,00080,353
B722__00070.353,14.001085079187215,42.187030719999996,B722,_,00070,353
B722__00060.353,13.98759088521291,42.196821889999995,B722,_,00060,353
B722__00050.353,13.983291510589961,42.19086409,B722,_,00050,353
B722__00040.353,13.973087966751889,42.19539793,B722,_,00040,353
B722__00030.353,13.966671421914644,42.193229225,B722,_,00030,353
B722__00020.353,13.97819467786666,42.202806034999995,B722,_,00020,353
B722__00010.354,13.970678370401517,42.208129330000006,B722,_,00010,354
B722__00600.354,14.010427282449527,42.127881815,B722,_,00600,354
B722__00540.354,14.041454899464178,42.138438805,B722,_,00540,354
B722__00530.354,14.033324551095003,42.13556817,B722,_,00530,354
B722__00520.354,14.008296571366998,42.136677565,B722,_,00520,354
B722__0051.354,14.00549871220659,42.141408694999996,B722,_,0051,354
B722__00430.354,14.025423525924658,42.150580355,B722,_,00430,354
B722__00410.354,14.017018182613917,42.152220514999996,B722,_,00410,354
B722__00400.354,14.00194599596665,42.15030469,B722,_,00400,354
B722__00390.354,14.003364872911114,42.14274415,B722,_,00390,354
B722__00360.354,13.988339829902996,42.147983915,B722,_,00360,354
B722__00350.354,13.98552888572744,42.148527290000004,B722,_,00350,354
B722__00290.354,14.001599259869852,42.16003836,B722,_,00290,354
B722__0028.354,14.000774544226484,42.157479075,B722,_,0028,354
B722__00270.354,13.993227223986334,42.152884615000005,B722,_,00270,354
B722__00260.354,13.981839145682297,42.155606680000005,B722,_,00260,354
B722__00250.354,13.974324003883352,42.158750944999994,B722,_,00250,354
B722__00220.354,14.045707453673614,42.167621885,B722,_,00220,354
B722__00210.354,14.033221236246945,42.171981779999996,B722,_,00210,354
B722__00200.354,14.025840476784072,42.16883681,B722,_,00200,354
B722__00190.354,14.00259795936303,42.164969785,B722,_,00190,354
B722__00180.354,14.025901481699842,42.17159778,B722,_,00180,354
B722__00160.354,14.010715386016019,42.17530888,B722,_,00160,354
B722__00150.354,13.99254243156562,42.177665860000005,B722,_,00150,354
B722__00140.354,13.988040435979533,42.16407599,B722,_,00140,354
B722__00130.354,13.97701478588419,42.17829044,B722,_,00130,354
B722__00110.354,13.998625660236199,42.179522785,B722,_,00110,354
B722__00100.354,13.980174918501623,42.180369805,B722,_,00100,354
B722__00090.354,13.975323919754146,42.186557305,B722,_,00090,354
B722__00080.354,13.962217238261509,42.18889179,B722,_,00080,354
B722__00050.354,13.98330236346375,42.190261745,B722,_,00050,354
B722__00040.354,13.970300878428136,42.19564106,B722,_,00040,354
B722__00030.354,13.967177285395508,42.193225365,B722,_,00030,354
B722__00020.354,13.978562496101361,42.202862124999996,B722,_,00020,354
B722__00010.355,13.97071416485164,42.202634169999996,B722,_,00010,355
B722__00600.355,14.01066900951954,42.1280403,B722,_,00600,355
B722__00540.355,14.041545075764919,42.138351245,B722,_,00540,355
B722__00530.355,14.033509367016862,42.13534189,B722,_,00530,355
B722__00520.355,14.00915144818667,42.136964015000004,B722,_,00520,355
B722__0051.355,14.005697999000411,42.141511574999996,B722,_,0051,355
B722__00410.355,14.016913495904543,42.152217475,B722,_,00410,355
B722__00400.355,14.003435052667701,42.151279259999995,B722,_,00400,355
B722__00390.355,14.003425723198283,42.14271718,B722,_,00390,355
B722__00370.355,13.995074333049626,42.141658855,B722,_,00370,355
B722__00360.355,13.987899056023082,42.14759446,B722,_,00360,355
B722__00350.355,13.9856561741962,42.148791965,B722,_,00350,355
B722__0028.355,14.000877430519406,42.157479824999996,B722,_,0028,355
B722__00260.355,13.981492597381791,42.154921265,B722,_,00260,355
B722__00250.355,13.975227279845289,42.15892225,B722,_,00250,355
B722__00220.355,14.047043566052839,42.16889659,B722,_,00220,355
B722__00210.355,14.030152332592225,42.169176085000004,B722,_,00210,355
B722__00200.355,14.025461555972239,42.16902157,B722,_,00200,355
B722__00180.355,14.025917764493482,42.171543675,B722,_,00180,355
B722__00160.355,14.010992947497911,42.17531481,B722,_,00160,355
B722__00150.355,13.992514048303402,42.177749105000004,B722,_,00150,355
B722__00140.355,13.98781127917966,42.163922235,B722,_,00140,355
B722__00090.355,13.975337554670737,42.186418505,B722,_,00090,355
B722__00080.355,13.962835860333866,42.18874217,B722,_,00080,355
B722__00070.355,13.997798488317606,42.195803565,B722,_,00070,355
B722__00050.355,13.983506839743699,42.190495375,B722,_,00050,355
B722__00040.355,13.971269823903771,42.195466295,B722,_,00040,355
B722__00030.355,13.96669911705698,42.192715295,B722,_,00030,355
B722__00020.355,13.978216999463404,42.20301562,B722,_,00020,355
B722__00010.356,13.970564286120066,42.202200435,B722,_,00010,356
B722__00600.356,14.010844625859761,42.12810827,B722,_,00600,356
B722__00540.356,14.037990661203004,42.136862660000006,B722,_,00540,356
B722__00530.356,14.03368913401524,42.135482010000004,B722,_,00530,356
B722__00520.356,14.008347388373767,42.13647424,B722,_,00520,356
B722__0051.356,14.00561718373045,42.141662495,B722,_,0051,356
B722__00430.356,14.027105529268415,42.15061909,B722,_,00430,356
B722__00410.356,14.016878877613493,42.152175925,B722,_,00410,356
B722__00400.356,14.003417118787379,42.151253855,B722,_,00400,356
B722__00370.356,13.995086328832743,42.141957860000005,B722,_,00370,356
B722__00360.356,13.98815073172386,42.147734045,B722,_,00360,356
B722__00350.356,13.985448222376661,42.148615785000004,B722,_,00350,356
B722__0028.356,14.001133172061017,42.15747048,B722,_,0028,356
B722__00270.356,13.99479634910291,42.157563835000005,B722,_,00270,356
B722__00260.356,13.981657540246633,42.15505118,B722,_,00260,356
B722__00250.356,13.9756024030844,42.159347690000004,B722,_,00250,356
B722__00220.356,14.050769442894307,42.171848565000005,B722,_,00220,356
B722__00210.356,14.029558561103538,42.16974469,B722,_,00210,356
B722__00200.356,14.024999116286489,42.16900847,B722,_,00200,356
B722__00180.356,14.025926704221614,42.17149727,B722,_,00180,356
B722__00160.356,14.011451987347922,42.175536615,B722,_,00160,356
B722__00150.356,13.992420128727126,42.177928124999994,B722,_,00150,356
B722__00140.356,13.987890661561375,42.16380616,B722,_,00140,356
B722__00110.356,13.999732891312467,42.183181605,B722,_,00110,356
B722__00090.356,13.975274951083112,42.186313354999996,B722,_,00090,356
B722__00080.356,13.961860330947244,42.189357115,B722,_,00080,356
B722__00070.356,13.998018201099075,42.195657069999996,B722,_,00070,356
B722__00060.356,13.988027716615303,42.196805855,B722,_,00060,356
B722__00050.356,13.983681474172503,42.19005184,B722,_,00050,356
B722__00040.356,13.972939960855008,42.195316840000004,B722,_,00040,356
B722__00030.356,13.966980714118943,42.192794340000006,B722,_,00030,356
B722__00020.356,13.978566493045143,42.203007015,B722,_,00020,356
B722__00010.357,13.971011175381724,42.204287065,B722,_,00010,357
B722__00600.357,14.010793451064528,42.12841908,B722,_,00600,357
B722__00540.357,14.04521353146275,42.1340042,B722,_,00540,357
B722__00530.357,14.034190883869755,42.13530995,B722,_,00530,357
B722__00520.357,14.009371174065581,42.136826944999996,B722,_,00520,357
B722__0051.357,14.006315994617282,42.141968705,B722,_,0051,357
B722__00430.357,14.028194090087563,42.150635185,B722,_,00430,357
B722__00410.357,14.01714243510588,42.15217732,B722,_,00410,357
B722__00400.357,14.003316703436187,42.15118257,B722,_,00400,357
B722__00390.357,13.999422008118636,42.14492887,B722,_,00390,357
B722__00370.357,13.995153373309453,42.1421759,B722,_,00370,357
B722__00360.357,13.988367710323057,42.14770162000001,B722,_,00360,357
B722__00350.357,13.985918929192325,42.148251425,B722,_,00350,357
B722__00290.357,14.00268947088536,42.159927825,B722,_,00290,357
B722__0028.357,14.001187557066135,42.157391489999995,B722,_,0028,357
B722__00270.357,13.992288629066527,42.15282976,B722,_,00270,357
B722__00260.357,13.981897688349992,42.155200385,B722,_,00260,357
B722__00250.357,13.975585892876769,42.158688330000004,B722,_,00250,357
B722__00220.357,14.0435483375616,42.171329415,B722,_,00220,357
B722__00210.357,14.029914579137724,42.169968735,B722,_,00210,357
B722__00200.357,14.026333266157087,42.16951275,B722,_,00200,357
B722__00180.357,14.025946375701139,42.17139397,B722,_,00180,357
B722__00160.357,14.011475611981934,42.175385815,B722,_,00160,357
B722__00150.357,13.99094462997156,42.17747344,B722,_,00150,357
B722__00140.357,13.988377818014936,42.1640709,B722,_,00140,357
B722__00130.357,13.97826468293976,42.178344815,B722,_,00130,357
B722__00110.357,13.992910067281475,42.183133745000006,B722,_,00110,357
B722__00100.357,13.979388374219047,42.1808073,B722,_,00100,357
B722__00090.357,13.975887410596417,42.1860794,B722,_,00090,357
B722__00080.357,13.962784672951273,42.18638758,B722,_,00080,357
B722__00070.357,13.99833294800432,42.195529074999996,B722,_,00070,357
B722__00060.357,13.988184613495337,42.196682135,B722,_,00060,357
B722__00040.357,13.969635359090177,42.195541309999996,B722,_,00040,357
B722__00030.357,13.967229247031584,42.192784919999994,B722,_,00030,357
B722__00020.357,13.978702759946326,42.203502130000004,B722,_,00020,357
B722__00010.358,13.971136582300396,42.204440965,B722,_,00010,358
B722__00600.358,14.01053489592245,42.128251755,B722,_,00600,358
B722__00540.358,14.046251463978287,42.133591975,B722,_,00540,358
B722__00530.358,14.034059847918703,42.135607645,B722,_,00530,358
B722__00520.358,14.008374911954288,42.136428269999996,B722,_,00520,358
B722__0051.358,14.006030085635299,42.141846,B722,_,0051,358
B722__00430.358,14.028545549723214,42.150452885,B722,_,00430,358
B722__00420.358,14.017683530639902,42.14946372,B722,_,00420,358
B722__00410.358,14.017231282153462,42.152153285,B722,_,00410,358
B722__00400.358,14.003189691575724,42.151145125,B722,_,00400,358
B722__00390.358,14.003606200942961,42.14420796,B722,_,00390,358
B722__00370.358,13.994961837652832,42.14235082,B722,_,00370,358
B722__00360.358,13.988353392300354,42.14751062,B722,_,00360,358
B722__00350.358,13.986111191289549,42.148370009999994,B722,_,00350,358
B722__0028.358,14.00111497093111,42.15755747,B722,_,0028,358
B722__00270.358,13.992451239715448,42.152814004999996,B722,_,00270,358
B722__00260.358,13.982068105978193,42.155380925,B722,_,00260,358
B722__00250.358,13.975322435049664,42.158291175,B722,_,00250,358
B722__00220.358,14.0519637416639,42.168891044999995,B722,_,00220,358
B722__00210.358,14.032471072782156,42.170001895,B722,_,00210,358
B722__00200.358,14.027214172943813,42.169650125,B722,_,00200,358
B722__00190.358,14.002963743922502,42.164929744999995,B722,_,00190,358
B722__00180.358,14.024923917248596,42.171072804999994,B722,_,00180,358
B722__00150.358,13.991254360028002,42.17759419,B722,_,00150,358
B722__00140.358,13.988613665231831,42.1634995,B722,_,00140,358
B722__00110.358,13.992927733960107,42.183077510000004,B722,_,00110,358
B722__00100.358,13.979495959263598,42.180824945,B722,_,00100,358
B722__00090.358,13.975848919586042,42.185929945,B722,_,00090,358
B722__00080.358,13.963067915609463,42.18630957,B722,_,00080,358
B722__00070.358,13.998183851073684,42.196240595,B722,_,00070,358
B722__00060.358,13.988391278041584,42.196355955,B722,_,00060,358
B722__00050.358,13.983029263088113,42.189760504999995,B722,_,00050,358
B722__00040.358,13.970238254283384,42.195456585,B722,_,00040,358
B722__00030.358,13.968578936160654,42.192651565,B722,_,00030,358
B722__00020.358,13.979113730262014,42.203513975,B722,_,00020,358
B722__00010.359,13.97194418227203,42.202572835,B722,_,00010,359
B722__00600.359,14.010044141188889,42.12793519,B722,_,00600,359
B722__00540.359,14.046839444400096,42.133518735,B722,_,00540,359
B722__00530.359,14.0352848556266,42.135929785,B722,_,00530,359
B722__00520.359,14.00872009007584,42.13655602,B722,_,00520,359
B722__0051.359,14.006238841346171,42.14169455,B722,_,0051,359
B722__00430.359,14.028560582659615,42.150528895,B722,_,00430,359
B722__00420.359,14.017316304567395,42.14967039,B722,_,00420,359
B722__00400.359,14.003203515651954,42.15105286,B722,_,00400,359
B722__00390.359,14.001975992665106,42.14457155,B722,_,00390,359
B722__00370.359,13.99523728556875,42.141145855000005,B722,_,00370,359
B722__00360.359,13.98864840302702,42.147440405,B722,_,00360,359
B722__00350.359,13.986592011428565,42.148460445,B722,_,00350,359
B722__0028.359,14.001025971082177,42.15754436,B722,_,0028,359
B722__00270.359,13.99276753885828,42.15278042,B722,_,00270,359
B722__00250.359,13.975968303931307,42.15859161,B722,_,00250,359
B722__00220.359,14.052288709416462,42.16910834,B722,_,00220,359
B722__00210.359,14.033272043833696,42.16961723,B722,_,00210,359
B722__00200.359,14.026590030721898,42.169258209999995,B722,_,00200,359
B722__00180.359,14.02544279050112,42.172538295,B722,_,00180,359
B722__00150.359,13.990603042039325,42.17619949,B722,_,00150,359
B722__00140.359,13.989261475209435,42.164070269999996,B722,_,00140,359
B722__00110.359,13.992953157975574,42.183000934999995,B722,_,00110,359
B722__00100.359,13.979940342955633,42.18091751,B722,_,00100,359
B722__00090.359,13.975537728110249,42.185865254999996,B722,_,00090,359
B722__00080.359,13.959164504889403,42.189906565,B722,_,00080,359
B722__00070.359,13.998225092717252,42.194539090000006,B722,_,00070,359
B722__00060.359,13.98343720931808,42.198907435,B722,_,00060,359
B722__00050.359,13.983125213474485,42.18959952,B722,_,00050,359
B722__00040.359,13.971812056910613,42.195276135,B722,_,00040,359
B722__00030.359,13.967905651083873,42.192971490000005,B722,_,00030,359
B722__00020.359,13.97903693390884,42.2032563,B722,_,00020,359
B722__00010.36,13.968727950946327,42.21029813,B722,_,00010,36
B722__00610.36,13.996237567514433,42.120259880000006,B722,_,00610,36
B722__00600.36,14.010662097418844,42.132406855,B722,_,00600,36
B722__00590.36,13.98900644079286,42.124360665,B722,_,00590,36
B722__00540.36,14.03838356906071,42.146311785,B722,_,00540,36
B722__00530.36,14.037712358103104,42.148215875000005,B722,_,00530,36
B722__00520.36,14.010650497820446,42.142590174999995,B722,_,00520,36
B722__0051.36,14.004181154673368,42.142665,B722,_,0051,36
B722__00500.36,13.986906621971603,42.13651616,B722,_,00500,36
B722__00490.36,13.982665417293727,42.13080491,B722,_,00490,36
B722__00480.36,13.973188830386023,42.138495340000006,B722,_,00480,36
B722__00450.36,14.051400291668072,42.1432139,B722,_,00450,36
B722__00440.36,14.045749960920112,42.154780945,B722,_,00440,36
B722__00430.36,14.035597348974663,42.15604544,B722,_,00430,36
B722__00420.36,14.009747868354495,42.14967446,B722,_,00420,36
B722__00400.36,14.003174649755127,42.153440945,B722,_,00400,36
B722__00390.36,13.999589125919558,42.145574355,B722,_,00390,36
B722__00380.36,13.999182794700133,42.14175953,B722,_,00380,36
B722__00370.36,13.989411644439734,42.145597894999995,B722,_,00370,36
B722__00360.36,13.995028256424519,42.15331305,B722,_,00360,36
B722__00350.36,13.979190429886954,42.14629523000001,B722,_,00350,36
B722__00340.36,13.97168550542343,42.1476276,B722,_,00340,36
B722__00330.36,13.970936579602245,42.15211132,B722,_,00330,36
B722__00300.36,14.018151673293403,42.16351376,B722,_,00300,36
B722__00290.36,14.008451123690644,42.162406919999995,B722,_,00290,36
B722__00270.36,13.989240018312149,42.160181269999995,B722,_,00270,36
B722__00260.36,13.982028710871838,42.164541625,B722,_,00260,36
B722__00250.36,13.980474112292045,42.166548235,B722,_,00250,36
B722__00230.36,14.064265825341364,42.169110855,B722,_,00230,36
B722__00220.36,14.051001062954649,42.172208985,B722,_,00220,36
B722__00210.36,14.032292224980155,42.17149851,B722,_,00210,36
B722__00200.36,14.025672385110623,42.16990306,B722,_,00200,36
B722__00190.36,14.00730535184043,42.1684042,B722,_,00190,36
B722__00180.36,14.026000288098263,42.17724106,B722,_,00180,36
B722__00170.36,14.009056529897919,42.180987295,B722,_,00170,36
B722__00160.36,14.01127675573865,42.17446585,B722,_,00160,36
B722__00150.36,13.996643871590042,42.17640614,B722,_,00150,36
B722__00140.36,13.988685414478319,42.17421415,B722,_,00140,36
B722__00130.36,13.976367861100542,42.176301120000005,B722,_,00130,36
B722__00120.36,14.007883892431945,42.192990269999996,B722,_,00120,36
B722__00110.36,13.998401715680473,42.18503115,B722,_,00110,36
B722__00100.36,13.984904943444601,42.189075405,B722,_,00100,36
B722__00080.36,13.961948346082313,42.189173165,B722,_,00080,36
B722__00070.36,13.998818003739693,42.197384715,B722,_,00070,36
B722__00060.36,13.986465619954256,42.19952460499999,B722,_,00060,36
B722__00050.36,13.98178514436492,42.19460265,B722,_,00050,36
B722__00040.36,13.974387000902897,42.20164464,B722,_,00040,36
B722__00030.36,13.963280902745787,42.19816093,B722,_,00030,36
B722__00020.36,13.977923700074163,42.20703904,B722,_,00020,36
B722__00010.360,13.968120733635226,42.210565939999995,B722,_,00010,360
B722__00600.360,14.011193928621001,42.128964800000006,B722,_,00600,360
B722__00540.360,14.049118858105263,42.14639801,B722,_,00540,360
B722__00530.360,14.03593923523399,42.135466935,B722,_,00530,360
B722__00520.360,14.009291959814023,42.136712425,B722,_,00520,360
B722__0051.360,14.00637246483089,42.141627305,B722,_,0051,360
B722__00430.360,14.028576050051832,42.15061045,B722,_,00430,360
B722__00420.360,14.017547615272342,42.149668655,B722,_,00420,360
B722__00400.360,14.003893311557587,42.151134334999995,B722,_,00400,360
B722__00390.360,14.000879263112964,42.146361920000004,B722,_,00390,360
B722__00370.360,13.995153796351698,42.14124669,B722,_,00370,360
B722__00360.360,13.988725993183824,42.147316860000004,B722,_,00360,360
B722__00350.360,13.985994970771312,42.148051945000006,B722,_,00350,360
B722__00290.360,14.004251666719322,42.159350355,B722,_,00290,360
B722__0028.360,14.000946932312054,42.157595625,B722,_,0028,360
B722__00270.360,13.984500984682036,42.15264356,B722,_,00270,360
B722__00250.360,13.975727994372722,42.158033335,B722,_,00250,360
B722__00220.360,14.052898062219455,42.169529575,B722,_,00220,360
B722__00210.360,14.03397999606928,42.170397120000004,B722,_,00210,360
B722__00200.360,14.026701633866855,42.16895614,B722,_,00200,360
B722__00190.360,14.003787204491847,42.164547255,B722,_,00190,360
B722__00180.360,14.025089564550251,42.17250686,B722,_,00180,360
B722__00150.360,13.991647007675683,42.177489230000006,B722,_,00150,360
B722__00140.360,13.989638647563487,42.163790875000004,B722,_,00140,360
B722__00130.360,13.977098481764614,42.178509395000006,B722,_,00130,360
B722__00110.360,13.992970233775292,42.18293239,B722,_,00110,360
B722__00100.360,13.979924904561173,42.180774619999994,B722,_,00100,360
B722__00090.360,13.975598307609246,42.185705979999994,B722,_,00090,360
B722__00080.360,13.958992118525497,42.190154379999996,B722,_,00080,360
B722__00070.360,13.998053797110503,42.19482986,B722,_,00070,360
B722__00060.360,13.983506247677582,42.19870135,B722,_,00060,360
B722__00050.360,13.98338298801922,42.18970825,B722,_,00050,360
B722__00040.360,13.973163567381512,42.195163195,B722,_,00040,360
B722__00030.360,13.967995012876433,42.19321898,B722,_,00030,360
B722__00020.360,13.97914052822724,42.20300213,B722,_,00020,360
B722__00010.361,13.971456230761426,42.20601654,B722,_,00010,361
B722__00600.361,14.010369207291323,42.12858618,B722,_,00600,361
B722__00540.361,14.040021316048687,42.145671965,B722,_,00540,361
B722__00530.361,14.036289209323336,42.13592812500001,B722,_,00530,361
B722__00520.361,14.0098683963584,42.13684054,B722,_,00520,361
B722__0051.361,14.005992659190476,42.140962105,B722,_,0051,361
B722__00430.361,14.028621779973317,42.150817544999995,B722,_,00430,361
B722__00410.361,14.016226848696927,42.152393325000006,B722,_,00410,361
B722__00400.361,14.003673260495729,42.151102535,B722,_,00400,361
B722__00390.361,14.000832086023987,42.146410665000005,B722,_,00390,361
B722__00370.361,13.996392483763614,42.14070899,B722,_,00370,361
B722__00360.361,13.989148459788137,42.14733256,B722,_,00360,361
B722__00350.361,13.986289108080008,42.14818502,B722,_,00350,361
B722__0028.361,14.000916789997497,42.15765965,B722,_,0028,361
B722__00270.361,13.992575112945214,42.152546075000004,B722,_,00270,361
B722__00260.361,13.983830458171463,42.1554629,B722,_,00260,361
B722__00250.361,13.976337605650986,42.158751339999995,B722,_,00250,361
B722__00220.361,14.048597074591193,42.168173395,B722,_,00220,361
B722__00210.361,14.03386667718292,42.170176605,B722,_,00210,361
B722__00200.361,14.026779521125434,42.168808535,B722,_,00200,361
B722__00190.361,14.005533259053482,42.164228815,B722,_,00190,361
B722__00180.361,14.02153745829637,42.175801495,B722,_,00180,361
B722__00150.361,13.991266167655262,42.177450415,B722,_,00150,361
B722__00140.361,13.989983932122229,42.16384341,B722,_,00140,361
B722__00110.361,13.992979502360313,42.182855114999995,B722,_,00110,361
B722__00100.361,13.980309867132867,42.18096774999999,B722,_,00100,361
B722__00090.361,13.976207482119973,42.185143690000004,B722,_,00090,361
B722__00080.361,13.959779850342716,42.189694275,B722,_,00080,361
B722__00070.361,13.998942707680511,42.194853785,B722,_,00070,361
B722__00060.361,13.989067447182707,42.1969765,B722,_,00060,361
B722__00050.361,13.983569459641021,42.189629435,B722,_,00050,361
B722__00040.361,13.969904070098174,42.195345939999996,B722,_,00040,361
B722__00030.361,13.961013227954071,42.190649685,B722,_,00030,361
B722__00020.361,13.979196210147531,42.20286787,B722,_,00020,361
B722__00010.362,13.97166955264464,42.208285515,B722,_,00010,362
B722__00600.362,14.010087112915997,42.128309685,B722,_,00600,362
B722__00540.362,14.040023392770777,42.14560114,B722,_,00540,362
B722__00530.362,14.032105112594186,42.135466085,B722,_,00530,362
B722__00520.362,14.008863049184233,42.136502070000006,B722,_,00520,362
B722__0051.362,14.003503540059326,42.140524745,B722,_,0051,362
B722__00430.362,14.029099990079333,42.1509091,B722,_,00430,362
B722__00420.362,14.018420410769505,42.14962849,B722,_,00420,362
B722__00410.362,14.003983097189941,42.155675265,B722,_,00410,362
B722__00400.362,14.003921461758484,42.15107624,B722,_,00400,362
B722__00390.362,14.000248093764124,42.14582309,B722,_,00390,362
B722__00360.362,13.989316754394444,42.14674592,B722,_,00360,362
B722__00350.362,13.986616199776142,42.14833299,B722,_,00350,362
B722__00290.362,14.004766544172345,42.159467275,B722,_,00290,362
B722__0028.362,14.00086536117688,42.157614620000004,B722,_,0028,362
B722__00270.362,13.983843196315966,42.15141997,B722,_,00270,362
B722__00260.362,13.983890171449637,42.15568598,B722,_,00260,362
B722__00250.362,13.976446198123522,42.15816126,B722,_,00250,362
B722__00220.362,14.048539479340894,42.168106375,B722,_,00220,362
B722__00210.362,14.029693519231705,42.16885142,B722,_,00210,362
B722__00200.362,14.026463129852315,42.169371515,B722,_,00200,362
B722__00190.362,14.005140202936296,42.164251965,B722,_,00190,362
B722__00180.362,14.022024908209533,42.176197305,B722,_,00180,362
B722__00150.362,13.991022208695622,42.176213329999996,B722,_,00150,362
B722__00140.362,13.984069420327682,42.17349377,B722,_,00140,362
B722__00110.362,13.992990235299732,42.182769035,B722,_,00110,362
B722__00100.362,13.980554273099898,42.1807598,B722,_,00100,362
B722__00090.362,13.976407846017988,42.18540151,B722,_,00090,362
B722__00080.362,13.965801992485677,42.188311295000005,B722,_,00080,362
B722__00070.362,13.999589655955852,42.195355965,B722,_,00070,362
B722__00060.362,13.989315312923154,42.197010685,B722,_,00060,362
B722__00050.362,13.983846886670047,42.18930306,B722,_,00050,362
B722__00040.362,13.969846490046248,42.19513552,B722,_,00040,362
B722__00030.362,13.96152305540786,42.19017078,B722,_,00030,362
B722__00020.362,13.979197297541244,42.20273767,B722,_,00020,362
B722__00010.363,13.968565772397252,42.210120700000004,B722,_,00010,363
B722__00600.363,14.009753470902503,42.12848049,B722,_,00600,363
B722__00540.363,14.041061901969016,42.14185395,B722,_,00540,363
B722__00530.363,14.032750865400764,42.135169614999995,B722,_,00530,363
B722__00520.363,14.009274033050106,42.136502070000006,B722,_,00520,363
B722__0051.363,14.005902859503234,42.141014715,B722,_,0051,363
B722__00430.363,14.029756745040828,42.15088111,B722,_,00430,363
B722__00420.363,14.018478072798445,42.149427635,B722,_,00420,363
B722__00410.363,14.010278388151225,42.15852226,B722,_,00410,363
B722__00400.363,14.002528000798327,42.150956570000005,B722,_,00400,363
B722__00390.363,14.000252560844977,42.14588275,B722,_,00390,363
B722__00360.363,13.989923165589833,42.147123025,B722,_,00360,363
B722__00350.363,13.985876041216919,42.147879075000006,B722,_,00350,363
B722__0028.363,14.000793792549844,42.157591135,B722,_,0028,363
B722__00270.363,13.983375481373994,42.151234869999996,B722,_,00270,363
B722__00260.363,13.983966266043025,42.15581618,B722,_,00260,363
B722__00250.363,13.97643264962909,42.157753135,B722,_,00250,363
B722__00220.363,14.048552039325756,42.16802237500001,B722,_,00220,363
B722__00200.363,14.026433311864052,42.167360555,B722,_,00200,363
B722__00190.363,14.008242041897649,42.16468587,B722,_,00190,363
B722__00180.363,14.021903850742309,42.175765085,B722,_,00180,363
B722__00150.363,13.991441662011098,42.17620554,B722,_,00150,363
B722__00140.363,13.98321644778929,42.1732913,B722,_,00140,363
B722__00110.363,13.992985358740443,42.182668605,B722,_,00110,363
B722__00100.363,13.980869928424891,42.180939269999996,B722,_,00100,363
B722__00090.363,13.976567995247425,42.185771425,B722,_,00090,363
B722__00080.363,13.963434784037767,42.187714799999995,B722,_,00080,363
B722__00060.363,13.989791055313457,42.196908055,B722,_,00060,363
B722__00050.363,13.983980407540058,42.189687655,B722,_,00050,363
B722__00040.363,13.971114896692823,42.195246785,B722,_,00040,363
B722__00030.363,13.961586428851183,42.1904083,B722,_,00030,363
B722__00020.363,13.977051931558549,42.204389,B722,_,00020,363
B722__00010.364,13.968575118652591,42.210034555,B722,_,00010,364
B722__00600.364,14.010415836730806,42.128903124999994,B722,_,00600,364
B722__00540.364,14.041046161846316,42.141789595000006,B722,_,00540,364
B722__00530.364,14.032965958234136,42.13495229,B722,_,00530,364
B722__00520.364,14.009731067254934,42.13671239999999,B722,_,00520,364
B722__0051.364,14.006255416690355,42.141109635,B722,_,0051,364
B722__00430.364,14.030263359399154,42.150741260000004,B722,_,00430,364
B722__00420.364,14.018676634245885,42.149415520000005,B722,_,00420,364
B722__00410.364,14.01035415296807,42.158065925,B722,_,00410,364
B722__00400.364,14.002519772995718,42.150863965,B722,_,00400,364
B722__00390.364,13.99936141253675,42.145439575,B722,_,00390,364
B722__00360.364,13.989955301628031,42.146663090000004,B722,_,00360,364
B722__00350.364,13.986314624849397,42.14809385,B722,_,00350,364
B722__0028.364,14.000816510341135,42.15771159,B722,_,0028,364
B722__00270.364,13.983525323169326,42.15103611,B722,_,00270,364
B722__00260.364,13.98449541178124,42.155694945,B722,_,00260,364
B722__00250.364,13.976686602163255,42.15848496,B722,_,00250,364
B722__00220.364,14.048660757616421,42.167959265,B722,_,00220,364
B722__00210.364,14.030459600993538,42.169100735,B722,_,00210,364
B722__00200.364,14.026553937366291,42.1673003,B722,_,00200,364
B722__00180.364,14.022113848963611,42.175621655,B722,_,00180,364
B722__00150.364,13.991475928581586,42.176157655,B722,_,00150,364
B722__00140.364,13.984113257357603,42.173433225,B722,_,00140,364
B722__00110.364,13.991418635889033,42.18202997,B722,_,00110,364
B722__00100.364,13.981671312959346,42.179724664999995,B722,_,00100,364
B722__00080.364,13.961455432807544,42.18733253,B722,_,00080,364
B722__00060.364,13.989821016292208,42.197050579999996,B722,_,00060,364
B722__00050.364,13.984158366849918,42.190193185,B722,_,00050,364
B722__00040.364,13.971461532041824,42.19495086,B722,_,00040,364
B722__00030.364,13.961302313707396,42.190611405,B722,_,00030,364
B722__00020.364,13.979602860592,42.203208079999996,B722,_,00020,364
B722__00010.365,13.972512697324131,42.20621772,B722,_,00010,365
B722__00600.365,14.010638399421246,42.128988475,B722,_,00600,365
B722__00540.365,14.039447436244409,42.13959334,B722,_,00540,365
B722__00530.365,14.033173516328596,42.135054435,B722,_,00530,365
B722__00520.365,14.008617197823483,42.136316215,B722,_,00520,365
B722__0051.365,14.006656821299806,42.141100789999996,B722,_,0051,365
B722__00430.365,14.03092393457818,42.150484070000005,B722,_,00430,365
B722__00420.365,14.019071708297218,42.149235195,B722,_,00420,365
B722__00410.365,14.010623844083003,42.15782612,B722,_,00410,365
B722__00400.365,14.002789047512872,42.150967405,B722,_,00400,365
B722__00390.365,13.999232367868313,42.14539857,B722,_,00390,365
B722__00370.365,13.98641160368172,42.139460400000004,B722,_,00370,365
B722__00360.365,13.990735784336632,42.14638187,B722,_,00360,365
B722__00350.365,13.986531564846851,42.148229334999996,B722,_,00350,365
B722__00290.365,14.007205897514925,42.159674644999996,B722,_,00290,365
B722__0028.365,14.000716974983556,42.15776265,B722,_,0028,365
B722__00270.365,13.984156067034025,42.15101927,B722,_,00270,365
B722__00260.365,13.984016111791135,42.155041395,B722,_,00260,365
B722__00250.365,13.977001680063934,42.158722555,B722,_,00250,365
B722__00220.365,14.048552875064065,42.167781489999996,B722,_,00220,365
B722__00210.365,14.03183703437016,42.168928484999995,B722,_,00210,365
B722__00200.365,14.026649800078513,42.16722033,B722,_,00200,365
B722__00190.365,14.006268541947664,42.164856150000006,B722,_,00190,365
B722__00180.365,14.022418811352136,42.17623579,B722,_,00180,365
B722__00150.365,13.991529700199976,42.176102485,B722,_,00150,365
B722__00140.365,13.98941835164375,42.166671879999996,B722,_,00140,365
B722__00110.365,13.991691386242323,42.181964980000004,B722,_,00110,365
B722__00100.365,13.982031437428278,42.179477950000006,B722,_,00100,365
B722__00090.365,13.976969013385528,42.185366525,B722,_,00090,365
B722__00080.365,13.961535027851166,42.18716284,B722,_,00080,365
B722__00070.365,13.995716438315831,42.19359823,B722,_,00070,365
B722__00060.365,13.99026854661759,42.197526755,B722,_,00060,365
B722__00050.365,13.983757462892356,42.190357095,B722,_,00050,365
B722__00040.365,13.972259475762796,42.194910955,B722,_,00040,365
B722__00030.365,13.961546448620208,42.190722629999996,B722,_,00030,365
B722__00020.365,13.979602779278988,42.20415308,B722,_,00020,365
B722__00010.366,13.972639889256882,42.20617521,B722,_,00010,366
B722__00600.366,14.0098697783971,42.12881825,B722,_,00600,366
B722__00540.366,14.040182278650793,42.145045865,B722,_,00540,366
B722__00530.366,14.033748973967267,42.13487447999999,B722,_,00530,366
B722__00520.366,14.00851091497228,42.13615979,B722,_,00520,366
B722__0051.366,14.006429420256811,42.140800935,B722,_,0051,366
B722__00430.366,14.03279052777196,42.15065946,B722,_,00430,366
B722__00420.366,14.007087022290913,42.1451528,B722,_,00420,366
B722__00410.366,14.01076485374234,42.157558030000004,B722,_,00410,366
B722__00400.366,14.002697461871499,42.15087196,B722,_,00400,366
B722__00390.366,13.999522548164238,42.145444275,B722,_,00390,366
B722__00370.366,13.986506401713875,42.139280485,B722,_,00370,366
B722__00360.366,13.99071029812218,42.146975375,B722,_,00360,366
B722__00350.366,13.986180354180966,42.147790075,B722,_,00350,366
B722__0028.366,14.000555560000524,42.157777155000005,B722,_,0028,366
B722__00270.366,13.9847516784201,42.151633239999995,B722,_,00270,366
B722__00260.366,13.98435151193209,42.154866075,B722,_,00260,366
B722__00250.366,13.977094901801916,42.158152515,B722,_,00250,366
B722__00220.366,14.04883629811156,42.167749029999996,B722,_,00220,366
B722__00210.366,14.031332787464956,42.168573115,B722,_,00210,366
B722__00190.366,14.006428324294726,42.16464838,B722,_,00190,366
B722__00180.366,14.029614763111056,42.1729403,B722,_,00180,366
B722__00150.366,13.991450876437256,42.1759596,B722,_,00150,366
B722__00140.366,13.988298719001989,42.16881038,B722,_,00140,366
B722__00130.366,13.980632166108311,42.176968465,B722,_,00130,366
B722__00110.366,13.991913999895054,42.18182181,B722,_,00110,366
B722__00100.366,13.981024565825637,42.17963591,B722,_,00100,366
B722__00090.366,13.97718906801856,42.185174880000005,B722,_,00090,366
B722__00080.366,13.961401101432376,42.18707153,B722,_,00080,366
B722__00070.366,13.996964426246338,42.193833635000004,B722,_,00070,366
B722__00060.366,13.993231904079177,42.1888899,B722,_,00060,366
B722__00050.366,13.983941326559835,42.190706245,B722,_,00050,366
B722__00040.366,13.972056853276142,42.194784505,B722,_,00040,366
B722__00030.366,13.961618326691035,42.190942895,B722,_,00030,366
B722__00020.366,13.979759146418441,42.20417707,B722,_,00020,366
B722__00010.367,13.972952007070841,42.20620572,B722,_,00010,367
B722__00600.367,14.010403432689328,42.12902131,B722,_,00600,367
B722__00540.367,14.040088189369808,42.144845865,B722,_,00540,367
B722__00530.367,14.034012557798349,42.134639885,B722,_,00530,367
B722__00520.367,14.008863289299153,42.136297645,B722,_,00520,367
B722__0051.367,14.006017509171315,42.140855975,B722,_,0051,367
B722__00430.367,14.033859245057,42.150409015,B722,_,00430,367
B722__00420.367,14.007234165256367,42.145317265,B722,_,00420,367
B722__00410.367,14.010881660129463,42.15749977,B722,_,00410,367
B722__00400.367,14.003373163325124,42.15073615,B722,_,00400,367
B722__00390.367,13.997569194903358,42.14307216500001,B722,_,00390,367
B722__00370.367,13.98690237827842,42.139719685,B722,_,00370,367
B722__00360.367,13.991252264811779,42.146436035,B722,_,00360,367
B722__00350.367,13.986399959846615,42.14805418500001,B722,_,00350,367
B722__0028.367,14.000538396801641,42.157852155,B722,_,0028,367
B722__00270.367,13.984722842809365,42.15125443,B722,_,00270,367
B722__00260.367,13.984941241459648,42.155003405,B722,_,00260,367
B722__00250.367,13.977451417976217,42.15808021,B722,_,00250,367
B722__00220.367,14.048738107052152,42.167582185,B722,_,00220,367
B722__00210.367,14.03117393890247,42.16849881500001,B722,_,00210,367
B722__00200.367,14.026912325202847,42.167133809999996,B722,_,00200,367
B722__00190.367,14.007264474346734,42.16492468,B722,_,00190,367
B722__00180.367,14.020027605442454,42.175339095,B722,_,00180,367
B722__00150.367,13.990700462624247,42.176016795,B722,_,00150,367
B722__00140.367,13.986115941633924,42.16921911,B722,_,00140,367
B722__00130.367,13.98135841053264,42.176920355,B722,_,00130,367
B722__00110.367,13.991952401416913,42.182194135,B722,_,00110,367
B722__00100.367,13.98117225097451,42.178754485,B722,_,00100,367
B722__00090.367,13.977340861688175,42.185233625,B722,_,00090,367
B722__00080.367,13.959555704426265,42.18734504,B722,_,00080,367
B722__00070.367,13.996166479393153,42.19370243,B722,_,00070,367
B722__00060.367,13.99316506232369,42.188826715000005,B722,_,00060,367
B722__00050.367,13.984210044917106,42.19100607,B722,_,00050,367
B722__00040.367,13.972670671830212,42.194676900000005,B722,_,00040,367
B722__00030.367,13.961816789776119,42.19056465,B722,_,00030,367
B722__00020.367,13.979939661769865,42.204102434999996,B722,_,00020,367
B722__00010.368,13.97258252176206,42.205982155,B722,_,00010,368
B722__00600.368,14.010591483743294,42.129097755000004,B722,_,00600,368
B722__00540.368,14.040111149308121,42.144585175,B722,_,00540,368
B722__00530.368,14.034239710443146,42.134673015000004,B722,_,00530,368
B722__00520.368,14.009031122440017,42.13608824,B722,_,00520,368
B722__0051.368,14.005578290630208,42.140541784999996,B722,_,0051,368
B722__00430.368,14.03411324110582,42.150235625,B722,_,00430,368
B722__00420.368,14.007135642995873,42.144972249999995,B722,_,00420,368
B722__00410.368,14.011012112342236,42.157503135,B722,_,00410,368
B722__00400.368,14.00228035313161,42.150609020000005,B722,_,00400,368
B722__00390.368,13.997652239675151,42.143195365,B722,_,00390,368
B722__00370.368,13.987130357261169,42.140065035,B722,_,00370,368
B722__00360.368,13.99146749671499,42.14673696,B722,_,00360,368
B722__00350.368,13.986586252839121,42.1482072,B722,_,00350,368
B722__00290.368,14.008188179862305,42.16008934,B722,_,00290,368
B722__0028.368,14.000365863343829,42.157911255,B722,_,0028,368
B722__00270.368,13.99469122703384,42.15741204,B722,_,00270,368
B722__00260.368,13.98480404657316,42.15465878,B722,_,00260,368
B722__00250.368,13.97793905449826,42.158966219999996,B722,_,00250,368
B722__00220.368,14.048503180112224,42.167357985,B722,_,00220,368
B722__00210.368,14.031027731068033,42.16839443,B722,_,00210,368
B722__00200.368,14.02705883153773,42.167102889999995,B722,_,00200,368
B722__00190.368,14.007056145046796,42.164563740000006,B722,_,00190,368
B722__00180.368,14.01973403819733,42.175200805,B722,_,00180,368
B722__00150.368,13.990804475034057,42.175926685,B722,_,00150,368
B722__00140.368,13.982112598072103,42.172088545,B722,_,00140,368
B722__00130.368,13.98171466659382,42.17691907,B722,_,00130,368
B722__00110.368,13.992123055257547,42.182053595,B722,_,00110,368
B722__00100.368,13.981905045025673,42.178387215,B722,_,00100,368
B722__00090.368,13.977099952493754,42.185503315,B722,_,00090,368
B722__00080.368,13.962746300860179,42.18565364,B722,_,00080,368
B722__00070.368,13.996918752157,42.193631194999995,B722,_,00070,368
B722__00060.368,13.990865237006144,42.197387995,B722,_,00060,368
B722__00050.368,13.984290001767192,42.19056137,B722,_,00050,368
B722__00040.368,13.973230440882652,42.19474795,B722,_,00040,368
B722__00030.368,13.962108477302344,42.190709755,B722,_,00030,368
B722__00020.368,13.980231080453638,42.20409827,B722,_,00020,368
B722__00010.369,13.972708551953033,42.205961455,B722,_,00010,369
B722__00600.369,14.011125769910155,42.129653375,B722,_,00600,369
B722__00540.369,14.039927816917935,42.1441242,B722,_,00540,369
B722__00530.369,14.034549453400809,42.13469282,B722,_,00530,369
B722__00520.369,14.009624463356367,42.13642251,B722,_,00520,369
B722__00510.369,14.005468442555875,42.14046462,B722,_,00510,369
B722__00430.369,14.035511565897583,42.150571305,B722,_,00430,369
B722__00420.369,14.007328877973462,42.14515463,B722,_,00420,369
B722__00410.369,14.011252181043865,42.157406005,B722,_,00410,369
B722__00400.369,14.002789810463483,42.150714115,B722,_,00400,369
B722__00390.369,13.99775732395792,42.143244464999995,B722,_,00390,369
B722__00370.369,13.987374166198467,42.140283855,B722,_,00370,369
B722__00360.369,13.991343960065363,42.146992174999994,B722,_,00360,369
B722__00350.369,13.986223100860235,42.147729245,B722,_,00350,369
B722__00290.369,14.008273321670714,42.160186589999995,B722,_,00290,369
B722__0028.369,14.000327229649425,42.1580041,B722,_,0028,369
B722__00270.369,13.98459937357879,42.15047535,B722,_,00270,369
B722__00260.369,13.985272537096424,42.154677805,B722,_,00260,369
B722__00250.369,13.979973454921087,42.15902809000001,B722,_,00250,369
B722__00220.369,14.048585444385076,42.167185795,B722,_,00220,369
B722__00210.369,14.031467227032614,42.168378615,B722,_,00210,369
B722__00200.369,14.02718087395981,42.167043185,B722,_,00200,369
B722__00190.369,14.007313146647608,42.16439567,B722,_,00190,369
B722__00180.369,14.0210871367121,42.17473241,B722,_,00180,369
B722__00150.369,13.990928869697225,42.17584809,B722,_,00150,369
B722__00140.369,13.981836156783727,42.171909885,B722,_,00140,369
B722__00130.369,13.982359949222431,42.1768212,B722,_,00130,369
B722__00110.369,13.992242203445022,42.18207851,B722,_,00110,369
B722__00100.369,13.982035447056198,42.179089775,B722,_,00100,369
B722__00090.369,13.977418894060023,42.185396865,B722,_,00090,369
B722__00080.369,13.965984902267829,42.18591784,B722,_,00080,369
B722__00070.369,13.996062987454815,42.193240825000004,B722,_,00070,369
B722__00060.369,13.991178435243281,42.19740297,B722,_,00060,369
B722__00050.369,13.984631902313218,42.19057721,B722,_,00050,369
B722__00040.369,13.972598012739814,42.194358705,B722,_,00040,369
B722__00030.369,13.962607213424883,42.191065875,B722,_,00030,369
B722__00020.369,13.980457040180196,42.204043745,B722,_,00020,369
B722__00010.37,13.96912983139886,42.21051377,B722,_,00010,37
B722__00610.37,13.997243094322712,42.1218613,B722,_,00610,37
B722__00600.37,14.010683709790651,42.13221679,B722,_,00600,37
B722__00590.37,13.989345961564908,42.12451127,B722,_,00590,37
B722__00540.37,14.03889119251768,42.146350325,B722,_,00540,37
B722__00530.37,14.038030434755242,42.148215875000005,B722,_,00530,37
B722__00520.37,14.010901138036974,42.142509765,B722,_,00520,37
B722__0051.37,14.004225255339204,42.142639360000004,B722,_,0051,37
B722__00500.37,13.992580062718233,42.137951545,B722,_,00500,37
B722__00490.37,13.982994477790463,42.13082425,B722,_,00490,37
B722__00480.37,13.973504724775704,42.138874744999995,B722,_,00480,37
B722__00450.37,14.052616174405607,42.143271424999995,B722,_,00450,37
B722__00440.37,14.046900694560993,42.15481545,B722,_,00440,37
B722__00430.37,14.020036769825612,42.15765031,B722,_,00430,37
B722__00420.37,14.010680808265867,42.149596645,B722,_,00420,37
B722__00410.37,14.009737099012206,42.15898441,B722,_,00410,37
B722__00390.37,13.999644932787032,42.145502745,B722,_,00390,37
B722__00380.37,13.99921049343353,42.14160563,B722,_,00380,37
B722__00370.37,13.98880775375966,42.145295985000004,B722,_,00370,37
B722__00360.37,13.995068242826672,42.152992465,B722,_,00360,37
B722__00350.37,13.980105498570271,42.14618561,B722,_,00350,37
B722__00340.37,13.972138453483067,42.147313690000004,B722,_,00340,37
B722__00330.37,13.972875430857712,42.15155649,B722,_,00330,37
B722__00300.37,14.017897108891978,42.16310472,B722,_,00300,37
B722__00290.37,14.009041050480032,42.162214899999995,B722,_,00290,37
B722__00270.37,13.989451317525113,42.160181144999996,B722,_,00270,37
B722__00260.37,13.982410543916572,42.16483325,B722,_,00260,37
B722__00250.37,13.980485313094661,42.166421895,B722,_,00250,37
B722__00230.37,14.064765795549812,42.168626435,B722,_,00230,37
B722__00220.37,14.051714050992246,42.172252209999996,B722,_,00220,37
B722__00200.37,14.0252997645788,42.169400100000004,B722,_,00200,37
B722__00190.37,14.007061095418884,42.16824818,B722,_,00190,37
B722__00170.37,14.009953986825508,42.180910155,B722,_,00170,37
B722__00160.37,14.011682444033655,42.17501204,B722,_,00160,37
B722__00150.37,13.996032738699617,42.176595965000004,B722,_,00150,37
B722__00140.37,13.98879938269478,42.174092605,B722,_,00140,37
B722__00130.37,13.976936815762532,42.176445535,B722,_,00130,37
B722__00120.37,14.008154164034615,42.192913745,B722,_,00120,37
B722__00110.37,13.999721783726685,42.186087015,B722,_,00110,37
B722__00100.37,13.98486210065759,42.188965255,B722,_,00100,37
B722__00080.37,13.961508704360565,42.189349965000005,B722,_,00080,37
B722__00070.37,13.99901752170912,42.197458775,B722,_,00070,37
B722__00060.37,13.986370893798249,42.199482595,B722,_,00060,37
B722__00050.37,13.982416170060262,42.1945756,B722,_,00050,37
B722__00040.37,13.9743416059653,42.20141638,B722,_,00040,37
B722__00030.37,13.96340941557456,42.19816093,B722,_,00030,37
B722__00020.37,13.978324280249186,42.207428179999994,B722,_,00020,37
B722__00010.370,13.971421043681477,42.205345965,B722,_,00010,370
B722__00600.370,14.010456176782341,42.129417239999995,B722,_,00600,370
B722__00540.370,14.039677609465212,42.143559735,B722,_,00540,370
B722__00530.370,14.034631747608907,42.134828875,B722,_,00530,370
B722__00520.370,14.00993965535639,42.13647364,B722,_,00520,370
B722__00510.370,14.006247241784685,42.14064727,B722,_,00510,370
B722__00430.370,14.036864427621413,42.150528075,B722,_,00430,370
B722__00410.370,14.011196994041212,42.15702992,B722,_,00410,370
B722__00400.370,14.003137329803526,42.15078382,B722,_,00400,370
B722__00390.370,13.997799086781995,42.14293754,B722,_,00390,370
B722__00370.370,13.987576563525993,42.140417935,B722,_,00370,370
B722__00360.370,13.991666530037262,42.14706572,B722,_,00360,370
B722__00350.370,13.986466955098603,42.14798956,B722,_,00350,370
B722__0028.370,14.000109306019002,42.157954665,B722,_,0028,370
B722__00270.370,13.985342263151765,42.15094792,B722,_,00270,370
B722__00250.370,13.98077244241121,42.159741825,B722,_,00250,370
B722__00220.370,14.045793139345015,42.170772285,B722,_,00220,370
B722__00210.370,14.036138751926451,42.16473747,B722,_,00210,370
B722__00190.370,14.007696284221765,42.164374280000004,B722,_,00190,370
B722__00180.370,14.020968423838674,42.174427315,B722,_,00180,370
B722__00150.370,14.003537162908401,42.180538445,B722,_,00150,370
B722__00140.370,13.98165303590287,42.17170285,B722,_,00140,370
B722__00130.370,13.982411777612272,42.17710094,B722,_,00130,370
B722__00110.370,13.992352014588437,42.182118540000005,B722,_,00110,370
B722__00100.370,13.982215262702834,42.179161210000004,B722,_,00100,370
B722__00080.370,13.966000702461464,42.18603935,B722,_,00080,370
B722__00060.370,13.990937309254925,42.196885415,B722,_,00060,370
B722__00050.370,13.984971561191323,42.190777645,B722,_,00050,370
B722__00040.370,13.972938426410234,42.19412253,B722,_,00040,370
B722__00030.370,13.961991318087176,42.19113726,B722,_,00030,370
B722__00020.370,13.980397820876703,42.203924459999996,B722,_,00020,370
B722__00010.371,13.973419988571841,42.205376145,B722,_,00010,371
B722__00600.371,14.010034255897583,42.1291629,B722,_,00600,371
B722__00540.371,14.039707507337157,42.14336231,B722,_,00540,371
B722__00530.371,14.034604850312803,42.13492968,B722,_,00530,371
B722__00520.371,14.010207468736256,42.136486405,B722,_,00520,371
B722__00510.371,14.005837037718582,42.140336975,B722,_,00510,371
B722__00430.371,14.038256334968548,42.150429779999996,B722,_,00430,371
B722__00410.371,14.011379918969826,42.15728087,B722,_,00410,371
B722__00400.371,14.001877239865891,42.151646195,B722,_,00400,371
B722__00390.371,13.997897993953,42.14316029,B722,_,00390,371
B722__00370.371,13.992222296152356,42.140394375,B722,_,00370,371
B722__00360.371,13.992096641883364,42.146559285,B722,_,00360,371
B722__00350.371,13.98675859787723,42.148152929999995,B722,_,00350,371
B722__0028.371,14.000162673141368,42.158046604999996,B722,_,0028,371
B722__00270.371,13.985888409723954,42.151325645,B722,_,00270,371
B722__00260.371,13.981490150796509,42.153252679999994,B722,_,00260,371
B722__00250.371,13.980852202114232,42.159648419999996,B722,_,00250,371
B722__00220.371,14.046679217515775,42.170491135000006,B722,_,00220,371
B722__00210.371,14.035960057323413,42.164853234999995,B722,_,00210,371
B722__00190.371,14.007487906028857,42.164586215,B722,_,00190,371
B722__00180.371,14.021184283550896,42.174264359999995,B722,_,00180,371
B722__00150.371,14.00336286710143,42.180110205,B722,_,00150,371
B722__00140.371,13.98130396060317,42.171400235,B722,_,00140,371
B722__00130.371,13.982240739340561,42.177310954999996,B722,_,00130,371
B722__00110.371,13.995482322432945,42.180513815,B722,_,00110,371
B722__00080.371,13.965671396806961,42.18553149,B722,_,00080,371
B722__00060.371,13.990684546522909,42.196620095,B722,_,00060,371
B722__00050.371,13.986059554899951,42.190136269999996,B722,_,00050,371
B722__00040.371,13.973397353379244,42.194307235,B722,_,00040,371
B722__00030.371,13.962193079405491,42.19123324,B722,_,00030,371
B722__00020.371,13.980323674897619,42.203855485000005,B722,_,00020,371
B722__00010.372,13.973755739453535,42.205167115,B722,_,00010,372
B722__00600.372,14.00935743343549,42.12973385,B722,_,00600,372
B722__00540.372,14.040162263637193,42.143611985,B722,_,00540,372
B722__00530.372,14.034647341241223,42.13507371,B722,_,00530,372
B722__00520.372,14.010379297299844,42.136754895,B722,_,00520,372
B722__00510.372,14.005612942836784,42.140114885,B722,_,00510,372
B722__00430.372,14.037255855000122,42.150309455,B722,_,00430,372
B722__00420.372,14.008712513773585,42.145026395,B722,_,00420,372
B722__00410.372,14.011686320528579,42.157284795,B722,_,00410,372
B722__00400.372,14.00314019487626,42.151480129999996,B722,_,00400,372
B722__00390.372,13.997885892144868,42.14327136,B722,_,00390,372
B722__00370.372,13.992768458456428,42.14067135,B722,_,00370,372
B722__00360.372,13.992502927365077,42.146158385,B722,_,00360,372
B722__00350.372,13.98638829848926,42.147748805,B722,_,00350,372
B722__00290.372,14.008614736659688,42.160013675,B722,_,00290,372
B722__0028.372,14.000172961171437,42.15811338,B722,_,0028,372
B722__00270.372,13.986261800565993,42.150478144999994,B722,_,00270,372
B722__00250.372,13.981147994608396,42.159430085,B722,_,00250,372
B722__00220.372,14.045944700518806,42.170362365,B722,_,00220,372
B722__00210.372,14.038596573388993,42.167862060000004,B722,_,00210,372
B722__00200.372,14.024593981324502,42.168756805,B722,_,00200,372
B722__00190.372,14.007731026852163,42.16498519,B722,_,00190,372
B722__00180.372,14.020502192601846,42.174607075,B722,_,00180,372
B722__00150.372,14.000323191412352,42.17347751,B722,_,00150,372
B722__00140.372,13.9813958108762,42.171468495,B722,_,00140,372
B722__00110.372,13.995352019074032,42.180391465,B722,_,00110,372
B722__00100.372,13.983407041739374,42.17944248,B722,_,00100,372
B722__00090.372,13.977820753204835,42.185181115,B722,_,00090,372
B722__00080.372,13.965581220097999,42.18521349,B722,_,00080,372
B722__00060.372,13.99107494170708,42.196753314999995,B722,_,00060,372
B722__00050.372,13.984566160834381,42.190132715000004,B722,_,00050,372
B722__00040.372,13.97354024236374,42.194017099999996,B722,_,00040,372
B722__00030.372,13.962717855055768,42.191324645,B722,_,00030,372
B722__00020.372,13.98025616539096,42.203792495,B722,_,00020,372
B722__00010.373,13.974147998852416,42.205531449999995,B722,_,00010,373
B722__00600.373,14.009654079699617,42.12989373,B722,_,00600,373
B722__00540.373,14.040029415761445,42.143422,B722,_,00540,373
B722__00530.373,14.034766629521833,42.135241210000004,B722,_,00530,373
B722__00520.373,14.010416134507555,42.1366287,B722,_,00520,373
B722__00510.373,14.006014090431778,42.140164565,B722,_,00510,373
B722__00430.373,14.03751507813134,42.150000235,B722,_,00430,373
B722__00410.373,14.011950620071318,42.15747641,B722,_,00410,373
B722__00400.373,14.003340122128321,42.151479640000005,B722,_,00400,373
B722__00390.373,13.997952041145808,42.14349828,B722,_,00390,373
B722__00370.373,13.992711387502553,42.140938505,B722,_,00370,373
B722__00360.373,13.99305493290835,42.146086385000004,B722,_,00360,373
B722__00350.373,13.986561389391511,42.147794335,B722,_,00350,373
B722__0028.373,14.00046328981244,42.158127555,B722,_,0028,373
B722__00270.373,13.986933346785374,42.150333145000005,B722,_,00270,373
B722__00250.373,13.981154551580051,42.159982385,B722,_,00250,373
B722__00220.373,14.05202516049614,42.17036005,B722,_,00220,373
B722__00210.373,14.03868283826046,42.167786805,B722,_,00210,373
B722__00200.373,14.024454259737423,42.168452814999995,B722,_,00200,373
B722__00190.373,14.00821252065981,42.164849579999995,B722,_,00190,373
B722__00180.373,14.021974371446287,42.17326654,B722,_,00180,373
B722__00150.373,13.991295326914502,42.17382537,B722,_,00150,373
B722__00140.373,13.98181179216186,42.1715006,B722,_,00140,373
B722__00110.373,13.995330038534622,42.18021399,B722,_,00110,373
B722__00100.373,13.98402790676005,42.179170674999995,B722,_,00100,373
B722__00080.373,13.965779627299133,42.185070249999995,B722,_,00080,373
B722__00070.373,13.995734071086645,42.19303667,B722,_,00070,373
B722__00060.373,13.991379228428965,42.197138685,B722,_,00060,373
B722__00050.373,13.980202620125509,42.193836745,B722,_,00050,373
B722__00040.373,13.978293800349142,42.20020296,B722,_,00040,373
B722__00030.373,13.962659390852586,42.19139775,B722,_,00030,373
B722__00020.373,13.980285259323935,42.203740415,B722,_,00020,373
B722__00010.374,13.97327971641948,42.204702444999995,B722,_,00010,374
B722__00600.374,14.010329023895427,42.129939535,B722,_,00600,374
B722__00540.374,14.038861624292903,42.13516963,B722,_,00540,374
B722__00530.374,14.034994742567594,42.135255279999996,B722,_,00530,374
B722__00520.374,14.010338544010347,42.136488455000006,B722,_,00520,374
B722__00510.374,14.006216706695817,42.1401406,B722,_,00510,374
B722__00430.374,14.037914747996803,42.14984915,B722,_,00430,374
B722__00410.374,14.012029801055562,42.15742501,B722,_,00410,374
B722__00400.374,14.00347959015685,42.15151029,B722,_,00400,374
B722__00390.374,13.997474835963146,42.143000095,B722,_,00390,374
B722__00370.374,13.993785361602356,42.139784750000004,B722,_,00370,374
B722__00360.374,13.992980719262526,42.145925930000004,B722,_,00360,374
B722__00350.374,13.986933303064813,42.147999815000006,B722,_,00350,374
B722__00290.374,14.008790943859363,42.159967285,B722,_,00290,374
B722__0028.374,14.00036006233001,42.158136545000005,B722,_,0028,374
B722__00270.374,13.98730857024994,42.150737155,B722,_,00270,374
B722__00250.374,13.981681955348574,42.159976334999996,B722,_,00250,374
B722__00220.374,14.056549105411486,42.170544989999996,B722,_,00220,374
B722__00210.374,14.037394098813163,42.166732205,B722,_,00210,374
B722__00200.374,14.02476308859889,42.1686285,B722,_,00200,374
B722__00190.374,14.00850343374599,42.164675845,B722,_,00190,374
B722__00150.374,13.991732561102388,42.17394126,B722,_,00150,374
B722__00140.374,13.981568810939823,42.171324175,B722,_,00140,374
B722__00110.374,13.995238893408086,42.180097475,B722,_,00110,374
B722__00100.374,13.984544467912476,42.179228120000005,B722,_,00100,374
B722__00080.374,13.96578342545689,42.184978205,B722,_,00080,374
B722__00070.374,13.995851358107934,42.193005060000004,B722,_,00070,374
B722__00060.374,13.991958188511804,42.19721244,B722,_,00060,374
B722__00050.374,13.98442235872681,42.190092555,B722,_,00050,374
B722__00040.374,13.978533711822191,42.200064295000004,B722,_,00040,374
B722__00030.374,13.962695583707077,42.191535415000004,B722,_,00030,374
B722__00020.374,13.980014579825365,42.20324311,B722,_,00020,374
B722__00010.375,13.96772108148532,42.211046125,B722,_,00010,375
B722__00600.375,14.010140293766867,42.129763735,B722,_,00600,375
B722__00540.375,14.038306954701412,42.13574389,B722,_,00540,375
B722__00530.375,14.035094481181357,42.13464472,B722,_,00530,375
B722__00520.375,14.010973284098643,42.136733025,B722,_,00520,375
B722__00510.375,14.006624164244027,42.140305805,B722,_,00510,375
B722__00430.375,14.038220919469316,42.14972931,B722,_,00430,375
B722__00420.375,14.009110294873583,42.14494845,B722,_,00420,375
B722__00410.375,14.012116332676172,42.15762189,B722,_,00410,375
B722__00400.375,14.00321343491062,42.15160761,B722,_,00400,375
B722__00390.375,13.99869058280155,42.143618345,B722,_,00390,375
B722__00370.375,13.993600470682773,42.13951052,B722,_,00370,375
B722__00360.375,13.993628909610553,42.146200855000004,B722,_,00360,375
B722__00350.375,13.986522828447505,42.147638044999994,B722,_,00350,375
B722__00290.375,14.008836885270302,42.160190029999995,B722,_,00290,375
B722__0028.375,14.000642155894262,42.157936195000005,B722,_,0028,375
B722__00270.375,13.987631224806382,42.151067835,B722,_,00270,375
B722__00260.375,13.983314408034481,42.154776665,B722,_,00260,375
B722__00250.375,13.9819860665743,42.16008941,B722,_,00250,375
B722__00220.375,14.05654155182941,42.17037555,B722,_,00220,375
B722__00210.375,14.037229128207855,42.166783675000005,B722,_,00210,375
B722__00200.375,14.02459839135308,42.168414385,B722,_,00200,375
B722__00190.375,14.00873450512193,42.164596135,B722,_,00190,375
B722__00150.375,13.991473634317018,42.1738083,B722,_,00150,375
B722__00140.375,13.98204965165008,42.17131715,B722,_,00140,375
B722__00130.375,13.982382219521174,42.177014494999995,B722,_,00130,375
B722__00110.375,13.995172192238353,42.17993723,B722,_,00110,375
B722__00100.375,13.985542468253891,42.179016155,B722,_,00100,375
B722__00080.375,13.965792616171793,42.1847858,B722,_,00080,375
B722__00070.375,13.99572505822498,42.193140455,B722,_,00070,375
B722__00060.375,13.991742339063226,42.19755216,B722,_,00060,375
B722__00050.375,13.97933993153567,42.19307753,B722,_,00050,375
B722__00040.375,13.978753439943848,42.19998402,B722,_,00040,375
B722__00030.375,13.963522131112914,42.191667339999995,B722,_,00030,375
B722__00020.375,13.98385754081582,42.20407909,B722,_,00020,375
B722__00010.376,13.967693770379384,42.2108719,B722,_,00010,376
B722__00600.376,14.010044030261971,42.129647075,B722,_,00600,376
B722__00540.376,14.047622893573763,42.137087345,B722,_,00540,376
B722__00530.376,14.035505108874974,42.134047519999996,B722,_,00530,376
B722__00520.376,14.011262983647587,42.136822965,B722,_,00520,376
B722__0051.376,14.006473000750887,42.140570135000004,B722,_,0051,376
B722__00430.376,14.0379839759071,42.149401865,B722,_,00430,376
B722__00420.376,14.011064746999509,42.145984389999995,B722,_,00420,376
B722__00410.376,14.012247324426038,42.157652424999995,B722,_,00410,376
B722__00400.376,14.003581510996064,42.15148245,B722,_,00400,376
B722__00390.376,13.998704054015175,42.143898115,B722,_,00390,376
B722__00370.376,13.992826209345129,42.13947928,B722,_,00370,376
B722__00360.376,13.993157387024366,42.145521415,B722,_,00360,376
B722__00350.376,13.986623439757466,42.147682075,B722,_,00350,376
B722__00290.376,14.009066013735406,42.160004695,B722,_,00290,376
B722__00270.376,13.988007777874731,42.15144361,B722,_,00270,376
B722__00260.376,13.983902554655492,42.154410264999996,B722,_,00260,376
B722__00250.376,13.982128087830093,42.159872164999996,B722,_,00250,376
B722__00220.376,14.046353171570978,42.167916680000005,B722,_,00220,376
B722__00210.376,14.03662675096098,42.166184494999996,B722,_,00210,376
B722__00200.376,14.024909061730337,42.168499174999994,B722,_,00200,376
B722__00190.376,14.008082981623405,42.16431272,B722,_,00190,376
B722__00150.376,13.990938863419625,42.17348704,B722,_,00150,376
B722__00140.376,13.984129955480203,42.173408155000004,B722,_,00140,376
B722__00130.376,13.982455380150181,42.17739261,B722,_,00130,376
B722__00110.376,13.99521016695612,42.17977444,B722,_,00110,376
B722__00100.376,13.985725786403556,42.178547275,B722,_,00100,376
B722__00080.376,13.966001835129234,42.18568943,B722,_,00080,376
B722__00070.376,13.996024968036773,42.192941059999995,B722,_,00070,376
B722__00060.376,13.992082215134754,42.19783012,B722,_,00060,376
B722__00050.376,13.984307547730381,42.189900305,B722,_,00050,376
B722__00040.376,13.979002038387664,42.199729405,B722,_,00040,376
B722__00030.376,13.963213621965245,42.19131867,B722,_,00030,376
B722__00020.376,13.980190164344744,42.203151355,B722,_,00020,376
B722__00010.377,13.967710806450665,42.21046715,B722,_,00010,377
B722__00600.377,14.010066329050174,42.13004213,B722,_,00600,377
B722__00540.377,14.03875311725415,42.14171388,B722,_,00540,377
B722__00530.377,14.035844706162372,42.13419777,B722,_,00530,377
B722__00520.377,14.011112170243557,42.136515375,B722,_,00520,377
B722__00510.377,14.006977533436395,42.140108014999996,B722,_,00510,377
B722__00420.377,14.011226151694444,42.146003765,B722,_,00420,377
B722__00410.377,14.012239278414281,42.157222185,B722,_,00410,377
B722__00400.377,14.003570527023301,42.151594175,B722,_,00400,377
B722__00390.377,13.99892489511238,42.144096425,B722,_,00390,377
B722__00370.377,13.995853091624312,42.142535089999996,B722,_,00370,377
B722__00360.377,13.994076249236233,42.146085585,B722,_,00360,377
B722__00350.377,13.98682299363601,42.14777232,B722,_,00350,377
B722__00290.377,14.008908626843532,42.160240959999996,B722,_,00290,377
B722__0028.377,14.000863460518376,42.15784364,B722,_,0028,377
B722__00270.377,13.98846793929988,42.151775009999994,B722,_,00270,377
B722__00260.377,13.984588725665708,42.154163855,B722,_,00260,377
B722__00250.377,13.982200874918915,42.15969724,B722,_,00250,377
B722__00220.377,14.046640940448908,42.16781805,B722,_,00220,377
B722__00210.377,14.036545793119096,42.166039354999995,B722,_,00210,377
B722__00200.377,14.024888825881206,42.168199465,B722,_,00200,377
B722__00190.377,14.008492675174626,42.16424148,B722,_,00190,377
B722__00180.377,14.017037891522062,42.175014555000004,B722,_,00180,377
B722__00150.377,13.991445152151865,42.17306891,B722,_,00150,377
B722__00140.377,13.982498026397224,42.171823675,B722,_,00140,377
B722__00110.377,13.995312839753002,42.179550989999996,B722,_,00110,377
B722__00100.377,13.984565297651356,42.17855663,B722,_,00100,377
B722__00090.377,13.978204502084292,42.185256665,B722,_,00090,377
B722__00080.377,13.966016933547838,42.185460965,B722,_,00080,377
B722__00060.377,13.982993353509716,42.198822045,B722,_,00060,377
B722__00050.377,13.981127062720843,42.19342489,B722,_,00050,377
B722__00040.377,13.979190874804713,42.19971429,B722,_,00040,377
B722__00030.377,13.963133278886014,42.191184905,B722,_,00030,377
B722__00020.377,13.980432929087419,42.203152079999995,B722,_,00020,377
B722__00010.378,13.97163635153795,42.207048725,B722,_,00010,378
B722__00600.378,14.009853168629604,42.129929275,B722,_,00600,378
B722__00540.378,14.039598525392659,42.13551605,B722,_,00540,378
B722__00530.378,14.036246182739244,42.13437579,B722,_,00530,378
B722__00510.378,14.006780977658574,42.14008689,B722,_,00510,378
B722__00430.378,14.02787469159642,42.150422155,B722,_,00430,378
B722__00420.378,14.01125170272472,42.14584162,B722,_,00420,378
B722__00410.378,14.012745453271288,42.157318475,B722,_,00410,378
B722__00400.378,14.00360897439159,42.15160084,B722,_,00400,378
B722__00390.378,13.999070098189373,42.144369600000005,B722,_,00390,378
B722__00360.378,13.994318398459829,42.14591525,B722,_,00360,378
B722__00350.378,13.986531941360262,42.147553329999994,B722,_,00350,378
B722__0028.378,14.001001215328383,42.157794409999994,B722,_,0028,378
B722__00270.378,13.989072970275245,42.151743515,B722,_,00270,378
B722__00260.378,13.98393415282571,42.154019680000005,B722,_,00260,378
B722__00250.378,13.981944152342956,42.15947654,B722,_,00250,378
B722__00220.378,14.04669616707579,42.16843174,B722,_,00220,378
B722__00210.378,14.0408494862669,42.169814169999995,B722,_,00210,378
B722__00200.378,14.02510319642741,42.168413650000005,B722,_,00200,378
B722__00190.378,14.008216385704998,42.16406697,B722,_,00190,378
B722__00180.378,14.017179840417748,42.17501858,B722,_,00180,378
B722__00150.378,14.000518385325314,42.177987189999996,B722,_,00150,378
B722__00140.378,13.982632687532636,42.17123884,B722,_,00140,378
B722__00130.378,13.980581372941053,42.172744655,B722,_,00130,378
B722__00110.378,13.995289123512519,42.179438665,B722,_,00110,378
B722__00080.378,13.96637701143894,42.181171629999994,B722,_,00080,378
B722__00060.378,13.992455455030536,42.19759637,B722,_,00060,378
B722__00050.378,13.984337540610959,42.189515670000006,B722,_,00050,378
B722__00040.378,13.980558825736608,42.199077900000006,B722,_,00040,378
B722__00030.378,13.963571623826024,42.19136246,B722,_,00030,378
B722__00020.378,13.980647360415828,42.203152079999995,B722,_,00020,378
B722__00010.379,13.971362792951346,42.20813445,B722,_,00010,379
B722__00600.379,14.00946432490084,42.13006957,B722,_,00600,379
B722__00540.379,14.039232548266284,42.135737004999996,B722,_,00540,379
B722__00530.379,14.036726143688723,42.134818055,B722,_,00530,379
B722__00510.379,14.00701693562565,42.13989235,B722,_,00510,379
B722__00420.379,14.011576331287335,42.145731215,B722,_,00420,379
B722__00410.379,14.013012598209055,42.157339135,B722,_,00410,379
B722__00400.379,14.003787766610342,42.151488755,B722,_,00400,379
B722__00390.379,13.997998863957198,42.14279379,B722,_,00390,379
B722__00360.379,13.994305103845765,42.146188620000004,B722,_,00360,379
B722__00350.379,13.986664247547402,42.147621744999995,B722,_,00350,379
B722__0028.379,14.001025299871237,42.15792357,B722,_,0028,379
B722__00270.379,13.98934550529978,42.152202845,B722,_,00270,379
B722__00260.379,13.985499517441308,42.154485015,B722,_,00260,379
B722__00250.379,13.982744803095308,42.160299435,B722,_,00250,379
B722__00220.379,14.047071906797123,42.168519035,B722,_,00220,379
B722__00200.379,14.0251206866593,42.168070575,B722,_,00200,379
B722__00190.379,14.00887693874958,42.164328095,B722,_,00190,379
B722__00180.379,14.017460646191344,42.173007575,B722,_,00180,379
B722__00150.379,13.994361778918268,42.178824739999996,B722,_,00150,379
B722__00140.379,13.982883167371845,42.170608224999995,B722,_,00140,379
B722__00130.379,13.980918144417908,42.172870155,B722,_,00130,379
B722__00110.379,13.995162224717012,42.17932285,B722,_,00110,379
B722__00100.379,13.983554410756785,42.178571025,B722,_,00100,379
B722__00090.379,13.978236415388537,42.185515195,B722,_,00090,379
B722__00080.379,13.966698209010247,42.181060509999995,B722,_,00080,379
B722__00060.379,13.992449965601674,42.197488225,B722,_,00060,379
B722__00050.379,13.984592701654094,42.189377585,B722,_,00050,379
B722__00040.379,13.976107955916053,42.201001915,B722,_,00040,379
B722__00030.379,13.963716165707021,42.191582395,B722,_,00030,379
B722__00020.379,13.980484468411948,42.20352958,B722,_,00020,379
B722__00010.38,13.970303797485425,42.21000469,B722,_,00010,38
B722__00610.38,13.997177744447377,42.121436285,B722,_,00610,38
B722__00600.38,14.010848592603287,42.13217529,B722,_,00600,38
B722__00590.38,13.989135621416702,42.125015430000005,B722,_,00590,38
B722__00540.38,14.039842723698998,42.1462345,B722,_,00540,38
B722__00530.38,14.026207818593342,42.147643290000005,B722,_,00530,38
B722__00520.38,14.011169459765252,42.1424745,B722,_,00520,38
B722__0051.38,14.004270699544927,42.14261253,B722,_,0051,38
B722__00500.38,13.992129686596943,42.138001655,B722,_,00500,38
B722__00490.38,13.983250127451022,42.130907175000004,B722,_,00490,38
B722__00480.38,13.973964775040308,42.138271065,B722,_,00480,38
B722__00450.38,14.053526945297588,42.14301886,B722,_,00450,38
B722__00440.38,14.047329853334084,42.15482323,B722,_,00440,38
B722__00430.38,14.035794038635053,42.156734845,B722,_,00430,38
B722__00420.38,14.012558749613063,42.150726954999996,B722,_,00420,38
B722__00400.38,13.998763197208074,42.153055715,B722,_,00400,38
B722__00390.38,13.999119672554162,42.14519703,B722,_,00390,38
B722__00380.38,13.999382777640626,42.14162889,B722,_,00380,38
B722__00370.38,13.988163935347776,42.144751625,B722,_,00370,38
B722__00360.38,13.995404332140184,42.153173025,B722,_,00360,38
B722__00350.38,13.980901544528866,42.146887774999996,B722,_,00350,38
B722__00340.38,13.972454642098205,42.146486550000006,B722,_,00340,38
B722__00330.38,13.974222963890362,42.150062425,B722,_,00330,38
B722__00300.38,14.018940416875148,42.16364035,B722,_,00300,38
B722__00290.38,14.009088780806232,42.16200906,B722,_,00290,38
B722__0028.38,13.99763426404147,42.158869255,B722,_,0028,38
B722__00270.38,13.989570965406678,42.160072334999995,B722,_,00270,38
B722__00260.38,13.983107977989999,42.165280365,B722,_,00260,38
B722__00250.38,13.98083615477693,42.16634324,B722,_,00250,38
B722__00230.38,14.065477788720191,42.16836215,B722,_,00230,38
B722__00220.38,14.05216770555727,42.17129566,B722,_,00220,38
B722__00210.38,14.034114620849806,42.17094146,B722,_,00210,38
B722__00190.38,14.007705825732035,42.168476639999994,B722,_,00190,38
B722__00180.38,14.027340569644583,42.177767825000004,B722,_,00180,38
B722__00170.38,14.011231244037432,42.180099185,B722,_,00170,38
B722__00160.38,14.01191298456109,42.174866425000005,B722,_,00160,38
B722__00150.38,13.99681502630553,42.17706612,B722,_,00150,38
B722__00140.38,13.988857981957356,42.17392128,B722,_,00140,38
B722__00120.38,14.008267625912394,42.192822525,B722,_,00120,38
B722__00110.38,14.000215015978302,42.185139785000004,B722,_,00110,38
B722__00100.38,13.985060312547402,42.188959,B722,_,00100,38
B722__0009.38,13.969093656861,42.18708859,B722,_,0009,38
B722__00080.38,13.96189130651317,42.18943783,B722,_,00080,38
B722__00070.38,13.999440111506578,42.197350985,B722,_,00070,38
B722__00050.38,13.982158195856215,42.194172055,B722,_,00050,38
B722__00040.38,13.97433100236491,42.20125262,B722,_,00040,38
B722__00030.38,13.959411280339364,42.197283575,B722,_,00030,38
B722__00020.38,13.978272812707473,42.207502735000006,B722,_,00020,38
B722__00010.380,13.972350477994638,42.206347359999995,B722,_,00010,380
B722__00600.380,14.00954493457245,42.13012155,B722,_,00600,380
B722__00540.380,14.039662129320263,42.134782205,B722,_,00540,380
B722__00530.380,14.026833490741128,42.13495817,B722,_,00530,380
B722__00520.380,14.015432087684744,42.137847695000005,B722,_,00520,380
B722__00510.380,14.007074666695786,42.13971153999999,B722,_,00510,380
B722__00430.380,14.028780859030556,42.15023682,B722,_,00430,380
B722__00420.380,14.0117615429211,42.145904814999994,B722,_,00420,380
B722__00410.380,14.013986419060451,42.15737946,B722,_,00410,380
B722__00400.380,14.003784771956648,42.151454985,B722,_,00400,380
B722__00370.380,13.985172481688178,42.14343415,B722,_,00370,380
B722__00360.380,13.994247657935404,42.146531105,B722,_,00360,380
B722__00350.380,13.986932260625274,42.147738275,B722,_,00350,380
B722__0028.380,14.000813638882407,42.157987175,B722,_,0028,380
B722__00270.380,13.989709283308638,42.15154553,B722,_,00270,380
B722__00260.380,13.985403893798303,42.154152175,B722,_,00260,380
B722__00250.380,13.982799532230342,42.160428545,B722,_,00250,380
B722__00220.380,14.0473144641961,42.168671095,B722,_,00220,380
B722__00200.380,14.025154747234502,42.168159685,B722,_,00200,380
B722__00190.380,14.009125091679799,42.16411418,B722,_,00190,380
B722__00180.380,14.017423100666187,42.17294672,B722,_,00180,380
B722__00150.380,13.994454667778113,42.17855068,B722,_,00150,380
B722__00140.380,13.983164174640248,42.170487345,B722,_,00140,380
B722__00130.380,13.980784367742338,42.172611065,B722,_,00130,380
B722__00110.380,13.99494947430203,42.17919239,B722,_,00110,380
B722__00100.380,13.982766492627729,42.178657369999996,B722,_,00100,380
B722__00080.380,13.965877812638936,42.181148019999995,B722,_,00080,380
B722__00060.380,13.992428036071761,42.19734037,B722,_,00060,380
B722__00050.380,13.984717232326975,42.18946112,B722,_,00050,380
B722__00040.380,13.977952503473016,42.19675483499999,B722,_,00040,380
B722__00030.380,13.964191724073597,42.191885795,B722,_,00030,380
B722__00020.380,13.980748091998628,42.203783619999996,B722,_,00020,380
B722__00010.381,13.972601135272086,42.20446523,B722,_,00010,381
B722__00600.381,14.009628052667097,42.130218740000004,B722,_,00600,381
B722__00540.381,14.039226774552361,42.135017825000006,B722,_,00540,381
B722__00530.381,14.026890546159203,42.13508737,B722,_,00530,381
B722__00520.381,14.015505359967761,42.138400385,B722,_,00520,381
B722__00510.381,14.00691431785182,42.139679195,B722,_,00510,381
B722__00420.381,14.012003415246365,42.14632732,B722,_,00420,381
B722__00410.381,14.013993794164783,42.158047350000004,B722,_,00410,381
B722__00400.381,14.004050926216756,42.151299655,B722,_,00400,381
B722__00390.381,14.001456402229636,42.14451641,B722,_,00390,381
B722__00370.381,13.985124558334832,42.143291000000005,B722,_,00370,381
B722__00360.381,13.994584407711574,42.146311905000005,B722,_,00360,381
B722__00350.381,13.986544632862621,42.147501379999994,B722,_,00350,381
B722__00270.381,13.991055852290252,42.15224333,B722,_,00270,381
B722__00260.381,13.985144715533188,42.154001475,B722,_,00260,381
B722__00250.381,13.983406857616888,42.16041097,B722,_,00250,381
B722__00220.381,14.04757411896956,42.168723255,B722,_,00220,381
B722__00210.381,14.031586741658376,42.168146055,B722,_,00210,381
B722__00200.381,14.022111175276281,42.170317510000004,B722,_,00200,381
B722__00190.381,14.009265340722466,42.164574525000006,B722,_,00190,381
B722__00180.381,14.017398475506702,42.172875700000006,B722,_,00180,381
B722__00150.381,13.993836746978515,42.178749525,B722,_,00150,381
B722__00140.381,13.98359982967523,42.1707971,B722,_,00140,381
B722__00130.381,13.981022628629482,42.172749135000004,B722,_,00130,381
B722__00110.381,13.993728013216451,42.17894937,B722,_,00110,381
B722__00100.381,13.982454694528379,42.179027985,B722,_,00100,381
B722__00090.381,13.978261895723431,42.18536966,B722,_,00090,381
B722__00080.381,13.966835687664041,42.18163173,B722,_,00080,381
B722__00070.381,13.995649939680423,42.193040785,B722,_,00070,381
B722__00060.381,13.992595449628707,42.197233155000006,B722,_,00060,381
B722__00050.381,13.984781929093032,42.18951757,B722,_,00050,381
B722__00040.381,13.977897775478613,42.196987825,B722,_,00040,381
B722__00030.381,13.96448817620929,42.191576045000005,B722,_,00030,381
B722__00020.381,13.980909900708205,42.203703895000004,B722,_,00020,381
B722__00020.382,13.980918818580909,42.20344722,B722,_,00020,382
B722__00600.382,14.009784730421718,42.130064015,B722,_,00600,382
B722__00540.382,14.044896878553386,42.1335897,B722,_,00540,382
B722__00530.382,14.026875481384897,42.135181335,B722,_,00530,382
B722__00520.382,14.016516142577773,42.137948015,B722,_,00520,382
B722__00510.382,14.00667807549003,42.139546515,B722,_,00510,382
B722__00420.382,14.012093570514615,42.146272370000005,B722,_,00420,382
B722__00410.382,14.01469011945824,42.158093255,B722,_,00410,382
B722__00400.382,14.00256484355064,42.14973656,B722,_,00400,382
B722__00390.382,14.002583467814588,42.144342894999994,B722,_,00390,382
B722__00370.382,13.981935406968969,42.140795945,B722,_,00370,382
B722__00360.382,13.994933748327119,42.14603747,B722,_,00360,382
B722__00350.382,13.986703410178748,42.1475727,B722,_,00350,382
B722__0028.382,14.000971616428007,42.15811806,B722,_,0028,382
B722__00270.382,13.991503238344594,42.152473875,B722,_,00270,382
B722__00260.382,13.984980347916085,42.153649924999996,B722,_,00260,382
B722__00250.382,13.982779105969387,42.15982098,B722,_,00250,382
B722__00220.382,14.04790676329237,42.168775515,B722,_,00220,382
B722__00210.382,14.031433966222654,42.168105555,B722,_,00210,382
B722__00200.382,14.022373941898875,42.170529744999996,B722,_,00200,382
B722__00190.382,13.990774654146499,42.163799895,B722,_,00190,382
B722__00180.382,14.018021372773383,42.17302823,B722,_,00180,382
B722__00150.382,13.998325796881367,42.17732194,B722,_,00150,382
B722__00140.382,13.983762892364968,42.17075505,B722,_,00140,382
B722__00130.382,13.981370487021437,42.172615215,B722,_,00130,382
B722__00110.382,13.994975149555469,42.180821179999995,B722,_,00110,382
B722__00100.382,13.982243437888233,42.179027919999996,B722,_,00100,382
B722__00090.382,13.978280103412047,42.185407515,B722,_,00090,382
B722__00080.382,13.967856238706657,42.181230995,B722,_,00080,382
B722__00070.382,14.000749235644381,42.18925126,B722,_,00070,382
B722__00060.382,13.992719015571463,42.197083925,B722,_,00060,382
B722__00050.382,13.984907637528583,42.189584960000005,B722,_,00050,382
B722__00040.382,13.978056215390966,42.1960785,B722,_,00040,382
B722__00030.382,13.964671520495825,42.191437574999995,B722,_,00030,382
B722__00020.383,13.981004697541682,42.203209295,B722,_,00020,383
B722__00600.383,14.008846648205651,42.12999912,B722,_,00600,383
B722__00540.383,14.044345335373416,42.13428469,B722,_,00540,383
B722__00530.383,14.026786874025989,42.135409665,B722,_,00530,383
B722__00520.383,14.016020376164857,42.138932940000004,B722,_,00520,383
B722__00510.383,14.006664984474787,42.1396532,B722,_,00510,383
B722__00430.383,14.030613719449061,42.149870695,B722,_,00430,383
B722__00420.383,14.012369103137425,42.14637785,B722,_,00420,383
B722__00410.383,14.01626293632205,42.157986315,B722,_,00410,383
B722__00400.383,14.002531855870366,42.149509135,B722,_,00400,383
B722__00390.383,14.00268542609317,42.14442359,B722,_,00390,383
B722__00370.383,13.982386057624334,42.1402403,B722,_,00370,383
B722__00360.383,13.995323750446877,42.146090655,B722,_,00360,383
B722__00350.383,13.987003820876296,42.147697195,B722,_,00350,383
B722__0028.383,14.000818962206331,42.158083425,B722,_,0028,383
B722__00260.383,13.981329375394004,42.15285539,B722,_,00260,383
B722__00250.383,13.973305475551262,42.157556369999995,B722,_,00250,383
B722__00220.383,14.048863408995745,42.17193779,B722,_,00220,383
B722__00210.383,14.0314920858888,42.168006344999995,B722,_,00210,383
B722__00200.383,14.022401797401654,42.169377435,B722,_,00200,383
B722__00190.383,13.990632973697506,42.16371822,B722,_,00190,383
B722__00180.383,14.018149222739055,42.172713605,B722,_,00180,383
B722__00150.383,13.998339211375411,42.178038295,B722,_,00150,383
B722__00140.383,13.98335762953073,42.170479564999994,B722,_,00140,383
B722__00130.383,13.981156541548751,42.172828315000004,B722,_,00130,383
B722__00110.383,13.994810118671069,42.18074622,B722,_,00110,383
B722__00100.383,13.983353003869308,42.178245255,B722,_,00100,383
B722__00090.383,13.978270628978315,42.185463909999996,B722,_,00090,383
B722__00080.383,13.968975821165948,42.18100909,B722,_,00080,383
B722__00070.383,14.000856102776744,42.189389645000006,B722,_,00070,383
B722__00060.383,13.992507924343723,42.19704453,B722,_,00060,383
B722__00050.383,13.984767890882356,42.18992064,B722,_,00050,383
B722__00040.383,13.978041341603195,42.19598574,B722,_,00040,383
B722__00030.383,13.964889932157117,42.19165143,B722,_,00030,383
B722__00020.384,13.981413695459018,42.203584930000005,B722,_,00020,384
B722__00600.384,14.008946792450365,42.130146935,B722,_,00600,384
B722__00540.384,14.042692645620715,42.13655526,B722,_,00540,384
B722__00530.384,14.026393817178072,42.135458729999996,B722,_,00530,384
B722__00520.384,14.016859438867332,42.138947325000004,B722,_,00520,384
B722__00510.384,14.006642006372967,42.13971613,B722,_,00510,384
B722__00430.384,14.030785372784337,42.149721115,B722,_,00430,384
B722__00420.384,14.012363451231174,42.146271305,B722,_,00420,384
B722__00410.384,14.016440132706144,42.15823785,B722,_,00410,384
B722__00400.384,14.002424785583962,42.14936356,B722,_,00400,384
B722__00390.384,14.000132331977863,42.14568065,B722,_,00390,384
B722__00370.384,13.981829416794323,42.13988874,B722,_,00370,384
B722__00360.384,13.995219326893416,42.14699838,B722,_,00360,384
B722__00350.384,13.986565328908078,42.147407105,B722,_,00350,384
B722__0028.384,14.000711059613213,42.158092260000004,B722,_,0028,384
B722__00270.384,13.991551397833275,42.152106615,B722,_,00270,384
B722__00260.384,13.981492702914057,42.152975915,B722,_,00260,384
B722__00250.384,13.973417058183212,42.15790606,B722,_,00250,384
B722__00220.384,14.044806709689396,42.166290775,B722,_,00220,384
B722__00210.384,14.031378190988804,42.16794590000001,B722,_,00210,384
B722__00200.384,14.022195069098446,42.169160035000004,B722,_,00200,384
B722__00190.384,13.991101033699533,42.16378306,B722,_,00190,384
B722__00180.384,14.018225024895681,42.17246052,B722,_,00180,384
B722__00150.384,13.998585251757067,42.17838576,B722,_,00150,384
B722__00140.384,13.983906577416779,42.1707832,B722,_,00140,384
B722__00110.384,13.995098879910673,42.180492615,B722,_,00110,384
B722__00100.384,13.982773231963087,42.17780524,B722,_,00100,384
B722__00090.384,13.978322993672826,42.185496099999995,B722,_,00090,384
B722__00080.384,13.964713383284934,42.188239695,B722,_,00080,384
B722__00070.384,14.00047776468521,42.190047225,B722,_,00070,384
B722__00060.384,13.99301076923323,42.196986960000004,B722,_,00060,384
B722__00050.384,13.985192057857047,42.1896961,B722,_,00050,384
B722__00040.384,13.978031876160468,42.195909564999994,B722,_,00040,384
B722__00030.384,13.964977608904512,42.19184757,B722,_,00030,384
B722__00020.385,13.983728415090031,42.201411115,B722,_,00020,385
B722__00600.385,14.008638911593417,42.130653465,B722,_,00600,385
B722__00540.385,14.044420385784349,42.135049795,B722,_,00540,385
B722__00530.385,14.026385005915175,42.135524419999996,B722,_,00530,385
B722__00520.385,14.016823258116045,42.13934701,B722,_,00520,385
B722__00510.385,14.00658501269638,42.13988856,B722,_,00510,385
B722__00430.385,14.020794320511044,42.157359305,B722,_,00430,385
B722__00420.385,14.012352826299947,42.14613607,B722,_,00420,385
B722__00410.385,14.016746380146552,42.15821407999999,B722,_,00410,385
B722__00400.385,14.002515743982578,42.14923766,B722,_,00400,385
B722__00390.385,14.000344021094415,42.145949695,B722,_,00390,385
B722__00370.385,13.98236641306888,42.140600684999995,B722,_,00370,385
B722__00360.385,13.996283730133339,42.14630753,B722,_,00360,385
B722__00350.385,13.986765627029044,42.147402545000006,B722,_,00350,385
B722__00290.385,14.012082599379266,42.160469675,B722,_,00290,385
B722__0028.385,14.000753496460945,42.158186565,B722,_,0028,385
B722__00270.385,13.991907259872587,42.152053095,B722,_,00270,385
B722__00260.385,13.9815495488097,42.15292892,B722,_,00260,385
B722__00250.385,13.974238036681822,42.15822279,B722,_,00250,385
B722__00220.385,14.045009768378836,42.166173825,B722,_,00220,385
B722__00210.385,14.03141687671885,42.167916590000004,B722,_,00210,385
B722__00200.385,14.029448505631741,42.170384025000004,B722,_,00200,385
B722__00190.385,13.991268260620863,42.163805315000005,B722,_,00190,385
B722__00180.385,14.018297474895636,42.172249699999995,B722,_,00180,385
B722__00150.385,13.999076116016338,42.178497795,B722,_,00150,385
B722__00140.385,13.984075323031043,42.170704605,B722,_,00140,385
B722__00130.385,13.978024650161217,42.179504355,B722,_,00130,385
B722__00110.385,13.994991551055477,42.180413845000004,B722,_,00110,385
B722__00100.385,13.983473332040688,42.177851755,B722,_,00100,385
B722__00090.385,13.978253557127179,42.185623910000004,B722,_,00090,385
B722__00080.385,13.964864324618087,42.188448640000004,B722,_,00080,385
B722__00070.385,13.998919255025879,42.18700156,B722,_,00070,385
B722__00060.385,13.992922908651387,42.197008249999996,B722,_,00060,385
B722__00050.385,13.985345774478676,42.189576595000005,B722,_,00050,385
B722__00040.385,13.975089851126599,42.19582963,B722,_,00040,385
B722__00030.385,13.965108929107311,42.191284825,B722,_,00030,385
B722__00030.386,13.965335942525007,42.19149675,B722,_,00030,386
B722__00600.386,14.008993075480427,42.13024605,B722,_,00600,386
B722__00540.386,14.043146840100029,42.13675505,B722,_,00540,386
B722__00530.386,14.026556929453037,42.13556741,B722,_,00530,386
B722__00520.386,14.017092070389994,42.13932747,B722,_,00520,386
B722__00510.386,14.006529490724791,42.140049835,B722,_,00510,386
B722__00430.386,14.022056598646317,42.158307165,B722,_,00430,386
B722__00420.386,14.01255237023641,42.1461703,B722,_,00420,386
B722__00410.386,14.016686069489882,42.157978514999996,B722,_,00410,386
B722__00400.386,14.00243763309678,42.149091435,B722,_,00400,386
B722__00390.386,14.000515360122964,42.14592125,B722,_,00390,386
B722__00370.386,13.982654913589679,42.140610165,B722,_,00370,386
B722__00360.386,13.996526095802565,42.14702201,B722,_,00360,386
B722__00350.386,13.987022626808725,42.147632235,B722,_,00350,386
B722__00290.386,14.01251575507364,42.16020695,B722,_,00290,386
B722__0028.386,14.000620546278705,42.158189179999994,B722,_,0028,386
B722__00270.386,13.992079264831613,42.152061265,B722,_,00270,386
B722__00260.386,13.981717341477328,42.153122965,B722,_,00260,386
B722__00250.386,13.974738682973886,42.158130665,B722,_,00250,386
B722__00220.386,14.056013679561865,42.169221325,B722,_,00220,386
B722__00210.386,14.038115965655962,42.171777485,B722,_,00210,386
B722__00200.386,14.02922838976448,42.170198819999996,B722,_,00200,386
B722__00190.386,13.991414992702634,42.163573655,B722,_,00190,386
B722__00180.386,14.018340816171339,42.17210231,B722,_,00180,386
B722__00150.386,13.999212006226378,42.17762419,B722,_,00150,386
B722__00140.386,13.98419246575007,42.170660575,B722,_,00140,386
B722__00130.386,13.977884930909802,42.179217894999994,B722,_,00130,386
B722__00110.386,13.994828971609367,42.18018446,B722,_,00110,386
B722__00100.386,13.982716770721314,42.177560675,B722,_,00100,386
B722__00080.386,13.9626931886786,42.18746043,B722,_,00080,386
B722__00070.386,13.995787178009198,42.19681919,B722,_,00070,386
B722__00060.386,13.992970370315945,42.19712855,B722,_,00060,386
B722__00050.386,13.985484843688788,42.18943833,B722,_,00050,386
B722__00040.386,13.978016763438275,42.195822050000004,B722,_,00040,386
B722__00030.387,13.965532467318369,42.191316905,B722,_,00030,387
B722__00600.387,14.00881025043812,42.130554675,B722,_,00600,387
B722__00540.387,14.044160996806877,42.135860390000005,B722,_,00540,387
B722__00530.387,14.026350521394775,42.13573546,B722,_,00530,387
B722__00520.387,14.017425295240109,42.13937309,B722,_,00520,387
B722__00510.387,14.006343333390387,42.139874805,B722,_,00510,387
B722__00430.387,14.019518384877873,42.15621292,B722,_,00430,387
B722__00420.387,14.012729562527728,42.14656579,B722,_,00420,387
B722__00410.387,14.01692161218097,42.15820275,B722,_,00410,387
B722__00400.387,14.00298127896935,42.14998307,B722,_,00400,387
B722__00390.387,14.000484991762104,42.146047675,B722,_,00390,387
B722__00370.387,13.983353859152391,42.140673585,B722,_,00370,387
B722__00360.387,13.996433644051436,42.146814524999996,B722,_,00360,387
B722__00350.387,13.986869577549651,42.147452645,B722,_,00350,387
B722__00290.387,14.01249544299495,42.160346665,B722,_,00290,387
B722__0028.387,14.000381179304265,42.158263875,B722,_,0028,387
B722__00270.387,13.992162629727709,42.151927285,B722,_,00270,387
B722__00260.387,13.982159054444875,42.153363905000006,B722,_,00260,387
B722__00250.387,13.974639259195147,42.157937035,B722,_,00250,387
B722__00220.387,14.05646928966613,42.169344265,B722,_,00220,387
B722__00210.387,14.033519448161787,42.16937842,B722,_,00210,387
B722__00200.387,14.02933345484675,42.170118585,B722,_,00200,387
B722__00190.387,13.991716568452514,42.16397214,B722,_,00190,387
B722__00180.387,14.022058140832087,42.17526681,B722,_,00180,387
B722__00150.387,13.999293098667554,42.177033525,B722,_,00150,387
B722__00140.387,13.983989844757588,42.170601965,B722,_,00140,387
B722__00110.387,13.994813604269364,42.180052425,B722,_,00110,387
B722__00100.387,13.983462320049007,42.17754289,B722,_,00100,387
B722__00090.387,13.978187728551216,42.185526325,B722,_,00090,387
B722__00080.387,13.965193525920613,42.186990455,B722,_,00080,387
B722__00060.387,13.99301131104924,42.197248415000004,B722,_,00060,387
B722__00050.387,13.969592127735854,42.19204232,B722,_,00050,387
B722__00040.387,13.973184448443376,42.1940198,B722,_,00040,387
B722__00020.388,13.983413385775954,42.202599434999996,B722,_,00020,388
B722__00600.388,14.00906298529917,42.13024525,B722,_,00600,388
B722__00540.388,14.041137450144408,42.137387035,B722,_,00540,388
B722__00530.388,14.027491743568985,42.13543334,B722,_,00530,388
B722__00520.388,14.017261305134145,42.140019914999996,B722,_,00520,388
B722__00510.388,14.006446648192286,42.13958107,B722,_,00510,388
B722__00430.388,14.018471480725228,42.157004055,B722,_,00430,388
B722__00410.388,14.017032770177318,42.15802285,B722,_,00410,388
B722__00400.388,14.00301452654925,42.149728205,B722,_,00400,388
B722__00390.388,14.000565624813698,42.14607742,B722,_,00390,388
B722__00370.388,13.995816539970512,42.14207107,B722,_,00370,388
B722__00360.388,13.996667337150988,42.146521525,B722,_,00360,388
B722__00350.388,13.987051724834345,42.147504285,B722,_,00350,388
B722__00290.388,14.013096388994555,42.16040555,B722,_,00290,388
B722__0028.388,14.000425686819412,42.158437065,B722,_,0028,388
B722__00270.388,13.991538410672103,42.15188795,B722,_,00270,388
B722__00260.388,13.982281617649758,42.15333702,B722,_,00260,388
B722__00250.388,13.973616933235368,42.157440615,B722,_,00250,388
B722__00220.388,14.056197652406244,42.16905851,B722,_,00220,388
B722__00210.388,14.033719491699554,42.169051370000005,B722,_,00210,388
B722__00200.388,14.030049887663697,42.17147957,B722,_,00200,388
B722__00190.388,13.992119954945943,42.163920135,B722,_,00190,388
B722__00180.388,14.026279770688557,42.172748854999995,B722,_,00180,388
B722__00140.388,13.983929528453999,42.17052429500001,B722,_,00140,388
B722__00130.388,13.977826474655025,42.179433685,B722,_,00130,388
B722__00110.388,13.994720493120905,42.179888015,B722,_,00110,388
B722__00100.388,13.983246419100919,42.17721288,B722,_,00100,388
B722__00090.388,13.978082340897434,42.18550587,B722,_,00090,388
B722__00080.388,13.965246306877027,42.186393305,B722,_,00080,388
B722__00050.388,13.969876327682403,42.19155668,B722,_,00050,388
B722__00040.388,13.977888305923317,42.195746830000004,B722,_,00040,388
B722__00030.388,13.965649788715563,42.19137515,B722,_,00030,388
B722__00020.389,13.983417518236712,42.20230831,B722,_,00020,389
B722__00600.389,14.008849236061124,42.130614835,B722,_,00600,389
B722__00540.389,14.040028178981206,42.13686034,B722,_,00540,389
B722__00530.389,14.028278848782552,42.135345505000004,B722,_,00530,389
B722__00520.389,14.01775390529712,42.139944415,B722,_,00520,389
B722__00510.389,14.006136393099364,42.13952889,B722,_,00510,389
B722__00430.389,14.018915337247646,42.156512434999996,B722,_,00430,389
B722__00410.389,14.016954593472596,42.157490585000005,B722,_,00410,389
B722__00400.389,14.00304190724015,42.1495711,B722,_,00400,389
B722__00390.389,14.000642101129957,42.14612017,B722,_,00390,389
B722__00370.389,13.995732638129457,42.14205391,B722,_,00370,389
B722__00360.389,13.996931510785675,42.14636609,B722,_,00360,389
B722__00350.389,13.986845449086086,42.14749807,B722,_,00350,389
B722__00290.389,14.013054333456033,42.160202415,B722,_,00290,389
B722__00270.389,13.991097897228464,42.151918385,B722,_,00270,389
B722__00260.389,13.982135455029914,42.153187145,B722,_,00260,389
B722__00250.389,13.977603767590688,42.16078745,B722,_,00250,389
B722__00220.389,14.043981870056879,42.169172195,B722,_,00220,389
B722__00210.389,14.031456631598086,42.16753882,B722,_,00210,389
B722__00200.389,14.029966709405942,42.171594525,B722,_,00200,389
B722__00190.389,13.991595658389521,42.1634753,B722,_,00190,389
B722__00180.389,14.019414965559058,42.17739041,B722,_,00180,389
B722__00150.389,13.993564594332895,42.172026665000004,B722,_,00150,389
B722__00140.389,13.983854190639276,42.173246309999996,B722,_,00140,389
B722__00130.389,13.978017034408147,42.179194255,B722,_,00130,389
B722__00110.389,13.994700725071672,42.17974082,B722,_,00110,389
B722__00100.389,13.98440276968974,42.177540545,B722,_,00100,389
B722__00090.389,13.97796764200297,42.18541235,B722,_,00090,389
B722__00080.389,13.96523161566721,42.18709966,B722,_,00080,389
B722__00060.389,13.99355288449097,42.197586375,B722,_,00060,389
B722__00050.389,13.97001060261973,42.191437025,B722,_,00050,389
B722__00040.389,13.978147293977596,42.195711724999995,B722,_,00040,389
B722__00030.389,13.965697824059738,42.191469545000004,B722,_,00030,389
B722__00010.39,13.968140175019187,42.21007021,B722,_,00010,39
B722__00610.39,13.997058830332676,42.12092447,B722,_,00610,39
B722__00600.39,14.010917596573679,42.132089375,B722,_,00600,39
B722__00590.39,13.989026604351718,42.1253759,B722,_,00590,39
B722__00540.39,14.038754965512744,42.145560375,B722,_,00540,39
B722__00530.39,14.026318687318776,42.14862162,B722,_,00530,39
B722__00520.39,14.00699085834863,42.141902560000005,B722,_,00520,39
B722__0051.39,14.004311951167542,42.14259446,B722,_,0051,39
B722__00500.39,13.993329175487858,42.138412805,B722,_,00500,39
B722__00490.39,13.98353725360474,42.130703894999996,B722,_,00490,39
B722__00480.39,13.974575816145189,42.138876554999996,B722,_,00480,39
B722__00450.39,14.055738741880683,42.14289008,B722,_,00450,39
B722__00440.39,14.047314993964932,42.15504259,B722,_,00440,39
B722__00430.39,14.037043666236793,42.15608128,B722,_,00430,39
B722__00420.39,14.011315471002415,42.151035955,B722,_,00420,39
B722__00410.39,14.004603588806518,42.1571795,B722,_,00410,39
B722__00400.39,14.000024635991782,42.15241966,B722,_,00400,39
B722__00390.39,13.998929036560732,42.144914115,B722,_,00390,39
B722__00380.39,13.999013029632355,42.141264015000004,B722,_,00380,39
B722__00360.39,13.995540661966285,42.153129414999995,B722,_,00360,39
B722__00350.39,13.981483544976069,42.147256835,B722,_,00350,39
B722__00340.39,13.972303017379355,42.145796004999994,B722,_,00340,39
B722__00330.39,13.976118741831186,42.154529075,B722,_,00330,39
B722__00300.39,14.019284833194149,42.163968325,B722,_,00300,39
B722__00290.39,14.0093250567216,42.161946375,B722,_,00290,39
B722__0028.39,13.997594912309271,42.158779179999996,B722,_,0028,39
B722__00270.39,13.989806876385835,42.15986126,B722,_,00270,39
B722__00260.39,13.982851709247676,42.16491857,B722,_,00260,39
B722__00250.39,13.980508409684784,42.16616456,B722,_,00250,39
B722__00230.39,14.06605464800769,42.168888315000004,B722,_,00230,39
B722__00220.39,14.052192558254449,42.171587385,B722,_,00220,39
B722__00210.39,14.036095314476416,42.167097655,B722,_,00210,39
B722__00200.39,14.026533932398376,42.170114330000004,B722,_,00200,39
B722__00190.39,13.996072512182977,42.17028149,B722,_,00190,39
B722__00170.39,14.009602913400682,42.179919215,B722,_,00170,39
B722__00160.39,14.011958920864199,42.174463755000005,B722,_,00160,39
B722__00150.39,13.997544328169578,42.17745463,B722,_,00150,39
B722__00140.39,13.98896010842638,42.17381068,B722,_,00140,39
B722__00130.39,13.976805820145943,42.17667273,B722,_,00130,39
B722__00120.39,14.008493536470239,42.192425805,B722,_,00120,39
B722__00110.39,14.004402137153779,42.183388395,B722,_,00110,39
B722__00100.39,13.98565474635371,42.189050365,B722,_,00100,39
B722__00080.39,13.961965661200992,42.189523859999994,B722,_,00080,39
B722__00070.39,13.999284889518247,42.197054975,B722,_,00070,39
B722__00050.39,13.982363574475052,42.19439961,B722,_,00050,39
B722__00040.39,13.974245088611982,42.200813055,B722,_,00040,39
B722__00030.39,13.963521639374175,42.19814866,B722,_,00030,39
B722__00020.39,13.978177099614427,42.207565625,B722,_,00020,39
B722__00020.390,13.983597067483407,42.201900035,B722,_,00020,390
B722__00600.390,14.009016494743438,42.13045056,B722,_,00600,390
B722__00540.390,14.040269223563081,42.13717483,B722,_,00540,390
B722__00530.390,14.028729125808432,42.135683015,B722,_,00530,390
B722__00520.390,14.018194132565846,42.140253154999996,B722,_,00520,390
B722__00510.390,14.005955826383477,42.139789175000004,B722,_,00510,390
B722__00430.390,14.01884805208611,42.155955595,B722,_,00430,390
B722__00420.390,14.01361500357845,42.146557455,B722,_,00420,390
B722__00410.390,14.011858309001164,42.15691718,B722,_,00410,390
B722__00400.390,14.003058374367447,42.149478904999995,B722,_,00400,390
B722__00390.390,14.000743147275053,42.14621266,B722,_,00390,390
B722__00370.390,13.984323311071375,42.143386385,B722,_,00370,390
B722__00360.390,13.996861479352013,42.14682242,B722,_,00360,390
B722__00350.390,13.98695981771446,42.14737972,B722,_,00350,390
B722__00290.390,14.013544346500316,42.160209374999994,B722,_,00290,390
B722__0028.390,14.000358516470163,42.158605255,B722,_,0028,390
B722__00270.390,13.991204144417352,42.1516334,B722,_,00270,390
B722__00260.390,13.982371684882862,42.15333237,B722,_,00260,390
B722__00250.390,13.975127786727743,42.157947715,B722,_,00250,390
B722__00220.390,14.043442866995424,42.168694675,B722,_,00220,390
B722__00200.390,14.029738529415514,42.17159089,B722,_,00200,390
B722__00190.390,13.991830219064923,42.16345158,B722,_,00190,390
B722__00180.390,14.028875215236551,42.17228864,B722,_,00180,390
B722__00150.390,14.00186642740795,42.175833125,B722,_,00150,390
B722__00140.390,13.983763370372182,42.17043823,B722,_,00140,390
B722__00130.390,13.978010987617322,42.17941625,B722,_,00130,390
B722__00110.390,13.99469768628067,42.179596455,B722,_,00110,390
B722__00100.390,13.98546518492728,42.178086140000005,B722,_,00100,390
B722__00090.390,13.977679978007139,42.1855075,B722,_,00090,390
B722__00080.390,13.96528110159447,42.18726149,B722,_,00080,390
B722__00060.390,13.99417362317422,42.197821579999996,B722,_,00060,390
B722__00050.390,13.970005395455296,42.191369505,B722,_,00050,390
B722__00040.390,13.977982977134866,42.19562793,B722,_,00040,390
B722__00030.390,13.965816998561792,42.191529305,B722,_,00030,390
B722__00020.391,13.983772600613817,42.201889890000004,B722,_,00020,391
B722__00600.391,14.008701522946561,42.13085604,B722,_,00600,391
B722__00540.391,14.040626435817359,42.13771504,B722,_,00540,391
B722__00530.391,14.033756621308061,42.134390295,B722,_,00530,391
B722__00520.391,14.018532038659545,42.14044499,B722,_,00520,391
B722__00510.391,14.005812574194536,42.139621434999995,B722,_,00510,391
B722__00430.391,14.01824187183146,42.15737084,B722,_,00430,391
B722__00420.391,14.013794419011845,42.14663596,B722,_,00420,391
B722__00410.391,14.012810571419427,42.156854519999996,B722,_,00410,391
B722__00400.391,14.002538984619207,42.15391599,B722,_,00400,391
B722__00390.391,14.00064681330716,42.14625002,B722,_,00390,391
B722__00370.391,13.983773201738437,42.14265805,B722,_,00370,391
B722__00360.391,13.997338821585771,42.1470664,B722,_,00360,391
B722__00350.391,13.986858871229044,42.147353905,B722,_,00350,391
B722__00290.391,14.013504255197187,42.160092795,B722,_,00290,391
B722__0028.391,14.000565670459313,42.15867026,B722,_,0028,391
B722__00270.391,13.991122628245812,42.15164454,B722,_,00270,391
B722__00260.391,13.982342552413181,42.15326207,B722,_,00260,391
B722__00250.391,13.975109212477914,42.15754664,B722,_,00250,391
B722__00220.391,14.044465258421376,42.16876102,B722,_,00220,391
B722__00210.391,14.032940323946814,42.170761565,B722,_,00210,391
B722__00200.391,14.014113981734429,42.167782239999994,B722,_,00200,391
B722__00190.391,13.992221333358026,42.162940405,B722,_,00190,391
B722__00180.391,14.017836014857334,42.176301370000004,B722,_,00180,391
B722__00150.391,13.991543497282889,42.171839905,B722,_,00150,391
B722__00140.391,13.983583578004275,42.17039086,B722,_,00140,391
B722__00130.391,13.981957373808992,42.17751069,B722,_,00130,391
B722__00110.391,13.994604691825137,42.179485645,B722,_,00110,391
B722__00100.391,13.985470396757627,42.17755237,B722,_,00100,391
B722__00090.391,13.977355591655025,42.185563564999995,B722,_,00090,391
B722__00080.391,13.965018071546616,42.18664154,B722,_,00080,391
B722__00070.391,13.998000411672752,42.197180505,B722,_,00070,391
B722__00060.391,13.994775423545889,42.197625564999996,B722,_,00060,391
B722__00050.391,13.970023636385948,42.191259125,B722,_,00050,391
B722__00040.391,13.978021835269548,42.1955354,B722,_,00040,391
B722__00030.391,13.965452216289666,42.191661555,B722,_,00030,391
B722__00020.392,13.983996764165838,42.20194425,B722,_,00020,392
B722__00600.392,14.008969167575927,42.13060983,B722,_,00600,392
B722__00540.392,14.041026345360308,42.13804564,B722,_,00540,392
B722__00530.392,14.028825308883047,42.13879647,B722,_,00530,392
B722__00520.392,14.022481653674756,42.142061645,B722,_,00520,392
B722__00510.392,14.005855955981367,42.1394,B722,_,00510,392
B722__00430.392,14.019956162025789,42.154705095,B722,_,00430,392
B722__00420.392,14.013106593100783,42.14626956,B722,_,00420,392
B722__00410.392,14.012712612814525,42.156684265,B722,_,00410,392
B722__00390.392,14.000398618056526,42.144953235,B722,_,00390,392
B722__00360.392,13.997407095319396,42.146882225,B722,_,00360,392
B722__00350.392,13.98654394611666,42.14713486,B722,_,00350,392
B722__00290.392,14.013633016393669,42.16001513,B722,_,00290,392
B722__0028.392,14.000633811222517,42.158428650000005,B722,_,0028,392
B722__00270.392,13.991276924015878,42.15165431,B722,_,00270,392
B722__00260.392,13.982447901919528,42.15314516,B722,_,00260,392
B722__00250.392,13.975430078942711,42.157628845000005,B722,_,00250,392
B722__00220.392,14.044912944639151,42.168605335,B722,_,00220,392
B722__00210.392,14.033710969052606,42.170424569999994,B722,_,00210,392
B722__00200.392,14.013549877244362,42.166999285,B722,_,00200,392
B722__00190.392,13.992396924553184,42.16376045,B722,_,00190,392
B722__00180.392,14.028350224076094,42.1730231,B722,_,00180,392
B722__00150.392,13.992515124612183,42.175778805,B722,_,00150,392
B722__00140.392,13.983480054267126,42.170276175,B722,_,00140,392
B722__00130.392,13.982490150688033,42.17764676,B722,_,00130,392
B722__00110.392,13.994499752248856,42.179368345,B722,_,00110,392
B722__00100.392,13.985513454925684,42.177356155,B722,_,00100,392
B722__00090.392,13.977191004867986,42.185676905,B722,_,00090,392
B722__00080.392,13.96563691103578,42.18667921,B722,_,00080,392
B722__00070.392,14.003506448550862,42.19515049,B722,_,00070,392
B722__00050.392,13.970517734273862,42.191451305,B722,_,00050,392
B722__00040.392,13.978006749427603,42.19544991,B722,_,00040,392
B722__00030.392,13.96544251717988,42.191827065,B722,_,00030,392
B722__00020.393,13.984160196276946,42.20201423,B722,_,00020,393
B722__00600.393,14.009130337451364,42.130855925,B722,_,00600,393
B722__00540.393,14.041070816230981,42.13815692,B722,_,00540,393
B722__00530.393,14.035541669224138,42.13518269,B722,_,00530,393
B722__00520.393,14.020024287978035,42.1406892,B722,_,00520,393
B722__00510.393,14.005994630969527,42.13906094,B722,_,00510,393
B722__00430.393,14.021815643738226,42.15742793,B722,_,00430,393
B722__00420.393,14.013297901383037,42.146383385,B722,_,00420,393
B722__00410.393,14.01317107574691,42.15697288,B722,_,00410,393
B722__00400.393,14.003398091608982,42.153713655,B722,_,00400,393
B722__00390.393,14.000475494459767,42.144996655,B722,_,00390,393
B722__00360.393,13.9974948414524,42.146661550000005,B722,_,00360,393
B722__00350.393,13.98670665422333,42.1472095,B722,_,00350,393
B722__0028.393,14.00058886642666,42.158365985,B722,_,0028,393
B722__00270.393,13.991271729952961,42.15173029,B722,_,00270,393
B722__00260.393,13.982222443300387,42.153087600000006,B722,_,00260,393
B722__00250.393,13.975497989360885,42.156909735,B722,_,00250,393
B722__00220.393,14.045078334725254,42.1655815,B722,_,00220,393
B722__00200.393,14.013841536729496,42.1670181,B722,_,00200,393
B722__00190.393,13.99255625759492,42.16360338,B722,_,00190,393
B722__00180.393,14.028725691642304,42.17288104,B722,_,00180,393
B722__00150.393,13.992659057272919,42.17559576,B722,_,00150,393
B722__00140.393,13.982986723071829,42.16986144,B722,_,00140,393
B722__00130.393,13.981915552566964,42.178012965,B722,_,00130,393
B722__00110.393,13.99430664669812,42.179100565,B722,_,00110,393
B722__00100.393,13.98558426060143,42.177274685,B722,_,00100,393
B722__00090.393,13.977315683959773,42.185701390000006,B722,_,00090,393
B722__00080.393,13.965608284064702,42.186589745000006,B722,_,00080,393
B722__00070.393,13.998824504186302,42.195170095,B722,_,00070,393
B722__00050.393,13.9706964159604,42.19141028,B722,_,00050,393
B722__00040.393,13.977994391772146,42.19536464,B722,_,00040,393
B722__00030.393,13.965533596330022,42.191873130000005,B722,_,00030,393
B722__00020.394,13.98389438348018,42.202292209999996,B722,_,00020,394
B722__00600.394,14.009130761367336,42.13062289,B722,_,00600,394
B722__00540.394,14.041652338940114,42.138939975,B722,_,00540,394
B722__00530.394,14.024535205555122,42.14374781,B722,_,00530,394
B722__00520.394,14.020456574206236,42.14117257,B722,_,00520,394
B722__00510.394,14.006284407247154,42.13925093,B722,_,00510,394
B722__00430.394,14.02126438683436,42.158056595,B722,_,00430,394
B722__00410.394,14.013759297565432,42.15677292,B722,_,00410,394
B722__00390.394,14.0005298629114,42.145188495,B722,_,00390,394
B722__00370.394,13.9944550545383,42.143333235,B722,_,00370,394
B722__00360.394,13.997560261364356,42.14631724,B722,_,00360,394
B722__00350.394,13.986828031125938,42.147001955,B722,_,00350,394
B722__0028.394,14.000640549823828,42.158345405000006,B722,_,0028,394
B722__00270.394,13.991383081553938,42.151760935,B722,_,00270,394
B722__00260.394,13.98232808054258,42.153073415,B722,_,00260,394
B722__00250.394,13.975878017129897,42.157201845,B722,_,00250,394
B722__00220.394,14.04520636148504,42.165497665000004,B722,_,00220,394
B722__00210.394,14.033930022470388,42.16851132,B722,_,00210,394
B722__00200.394,14.01409010859273,42.16698998,B722,_,00200,394
B722__00190.394,13.993432437631181,42.16352871,B722,_,00190,394
B722__00180.394,14.028116332112479,42.172783865,B722,_,00180,394
B722__00150.394,13.999273253637254,42.17513051,B722,_,00150,394
B722__00140.394,13.982657219969138,42.169472240000005,B722,_,00140,394
B722__00130.394,13.981854323381185,42.17776064,B722,_,00130,394
B722__00110.394,13.994542175123364,42.180683869999996,B722,_,00110,394
B722__00100.394,13.986165975363143,42.177103779999996,B722,_,00100,394
B722__00080.394,13.966923234398541,42.186784655,B722,_,00080,394
B722__00070.394,13.999083461911155,42.19517567,B722,_,00070,394
B722__00060.394,13.993464958704333,42.197296435,B722,_,00060,394
B722__00050.394,13.970833428572018,42.191438315,B722,_,00050,394
B722__00040.394,13.977622770810562,42.19557108,B722,_,00040,394
B722__00030.394,13.96503706845186,42.192183455000006,B722,_,00030,394
B722__00020.395,13.984065816681337,42.202383075,B722,_,00020,395
B722__00600.395,14.008700791145856,42.13152451,B722,_,00600,395
B722__00540.395,14.04139484866155,42.13877763,B722,_,00540,395
B722__00530.395,14.024830815685101,42.143719835,B722,_,00530,395
B722__00520.395,14.020612623943599,42.14158476,B722,_,00520,395
B722__00510.395,14.007031846970964,42.13936932,B722,_,00510,395
B722__00430.395,14.021481465780337,42.158027265,B722,_,00430,395
B722__00400.395,14.0040146535522,42.15145049,B722,_,00400,395
B722__00390.395,14.000451963052793,42.145227274999996,B722,_,00390,395
B722__00360.395,13.998002077164639,42.14645024,B722,_,00360,395
B722__00350.395,13.986984703101847,42.14720242,B722,_,00350,395
B722__0028.395,14.000696161866953,42.158399595000006,B722,_,0028,395
B722__00270.395,13.991449852674272,42.15181553,B722,_,00270,395
B722__00260.395,13.982643938694466,42.15322287,B722,_,00260,395
B722__00250.395,13.97713033072655,42.157263244999996,B722,_,00250,395
B722__00220.395,14.045391592825855,42.165582105,B722,_,00220,395
B722__00210.395,14.034203723592253,42.168727435,B722,_,00210,395
B722__00200.395,14.026944860488832,42.16621656,B722,_,00200,395
B722__00190.395,13.992962309235093,42.163076434999994,B722,_,00190,395
B722__00180.395,14.028470634883067,42.17274936,B722,_,00180,395
B722__00150.395,13.999483720357185,42.174965875,B722,_,00150,395
B722__00140.395,13.983007827131374,42.169554160000004,B722,_,00140,395
B722__00130.395,13.98234446806389,42.177673415,B722,_,00130,395
B722__00110.395,13.999842311277503,42.182597945,B722,_,00110,395
B722__00100.395,13.985819182264937,42.17704118,B722,_,00100,395
B722__00080.395,13.965838328180315,42.186489734999995,B722,_,00080,395
B722__00070.395,13.998798810548344,42.19386306,B722,_,00070,395
B722__00060.395,13.993533576876768,42.19724338,B722,_,00060,395
B722__00050.395,13.970486559290594,42.19163766,B722,_,00050,395
B722__00040.395,13.977359666669258,42.19560348,B722,_,00040,395
B722__00030.395,13.966214707211154,42.19243725,B722,_,00030,395
B722__00020.396,13.984286134490034,42.202456275,B722,_,00020,396
B722__00600.396,14.008441833183284,42.13121201,B722,_,00600,396
B722__00540.396,14.041032779885683,42.139150235,B722,_,00540,396
B722__00530.396,14.025521370494417,42.143566955,B722,_,00530,396
B722__00520.396,14.021501992538086,42.141079715000004,B722,_,00520,396
B722__00510.396,14.006269529600704,42.138830850000005,B722,_,00510,396
B722__00430.396,14.023651379404022,42.158581205000004,B722,_,00430,396
B722__00410.396,14.014057321734434,42.156557235,B722,_,00410,396
B722__00400.396,14.003206246476225,42.151775920000006,B722,_,00400,396
B722__00390.396,14.000426529635693,42.145356825,B722,_,00390,396
B722__00370.396,13.994176109774497,42.14330390000001,B722,_,00370,396
B722__00360.396,13.998339845029058,42.146568044999995,B722,_,00360,396
B722__00350.396,13.986826454848027,42.147243884999995,B722,_,00350,396
B722__00290.396,14.012990939620945,42.160146565000005,B722,_,00290,396
B722__0028.396,14.000748630647783,42.15838415499999,B722,_,0028,396
B722__00270.396,13.991410859259778,42.151729689999996,B722,_,00270,396
B722__00260.396,13.982760057079336,42.153349735,B722,_,00260,396
B722__00250.396,13.97784740032112,42.157651005000005,B722,_,00250,396
B722__00220.396,14.045298287024957,42.165353624999995,B722,_,00220,396
B722__00210.396,14.035126971896904,42.169394155,B722,_,00210,396
B722__00200.396,14.029668890632067,42.16789559,B722,_,00200,396
B722__00190.396,13.992674732552237,42.164035150000004,B722,_,00190,396
B722__00180.396,14.017565923398934,42.17547191,B722,_,00180,396
B722__00150.396,14.0003014281953,42.174954645,B722,_,00150,396
B722__00140.396,13.983151802655833,42.169549675,B722,_,00140,396
B722__00130.396,13.981166790128613,42.17731894,B722,_,00130,396
B722__00110.396,13.999948893513894,42.18267142,B722,_,00110,396
B722__00100.396,13.985275750256537,42.177020045000006,B722,_,00100,396
B722__00090.396,13.977667749293765,42.185615555,B722,_,00090,396
B722__00080.396,13.966072599567491,42.183779535,B722,_,00080,396
B722__00070.396,13.99946113617148,42.193613895,B722,_,00070,396
B722__00060.396,13.99353690009071,42.19720931,B722,_,00060,396
B722__00050.396,13.970413180999383,42.192016635,B722,_,00050,396
B722__00040.396,13.977293783059395,42.19492875,B722,_,00040,396
B722__00030.396,13.966187711374491,42.19182587,B722,_,00030,396
B722__00020.397,13.984692465265447,42.20228409,B722,_,00020,397
B722__00600.397,14.008314376154813,42.131059465,B722,_,00600,397
B722__00540.397,14.04005018349956,42.140454605,B722,_,00540,397
B722__00530.397,14.026112213371627,42.14343518,B722,_,00530,397
B722__00520.397,14.022194377441835,42.141368295,B722,_,00520,397
B722__00510.397,14.007278395489685,42.13876874,B722,_,00510,397
B722__00430.397,14.02797890923982,42.158168169999996,B722,_,00430,397
B722__00420.397,14.013513176010004,42.146402785,B722,_,00420,397
B722__00410.397,14.014512912384363,42.157064840000004,B722,_,00410,397
B722__00400.397,14.003403152029412,42.151777385,B722,_,00400,397
B722__00390.397,14.000297253188355,42.14537747,B722,_,00390,397
B722__00370.397,13.99386312168454,42.14303795,B722,_,00370,397
B722__00360.397,13.998472612420258,42.14675751,B722,_,00360,397
B722__00350.397,13.986699184975603,42.1471474,B722,_,00350,397
B722__00290.397,14.013302089572834,42.159858584999995,B722,_,00290,397
B722__0028.397,14.00080402772361,42.158366915,B722,_,0028,397
B722__00270.397,13.991322190393173,42.151552960000004,B722,_,00270,397
B722__00260.397,13.98284916248658,42.153494295,B722,_,00260,397
B722__00250.397,13.978364231855224,42.15766003,B722,_,00250,397
B722__00220.397,14.055067327760774,42.16983257,B722,_,00220,397
B722__00210.397,14.035020980688456,42.16940272,B722,_,00210,397
B722__00200.397,14.029581053100593,42.167807685,B722,_,00200,397
B722__00190.397,13.992745039386424,42.163804805,B722,_,00190,397
B722__00180.397,14.017378245461337,42.174654895,B722,_,00180,397
B722__00150.397,13.999640384201111,42.174427595,B722,_,00150,397
B722__00140.397,13.983274761573519,42.16949325,B722,_,00140,397
B722__00130.397,13.982354995573392,42.177229995000005,B722,_,00130,397
B722__00110.397,14.000307630518996,42.182871765,B722,_,00110,397
B722__00100.397,13.984753288631836,42.176985810000005,B722,_,00100,397
B722__00080.397,13.967550039242287,42.1837921,B722,_,00080,397
B722__00070.397,13.999560781508563,42.193746325000006,B722,_,00070,397
B722__00060.397,13.99346755981399,42.1971461,B722,_,00060,397
B722__00050.397,13.97094998963042,42.191706014999994,B722,_,00050,397
B722__00040.397,13.97710202551108,42.195126744999996,B722,_,00040,397
B722__00030.397,13.967013006462945,42.192036785,B722,_,00030,397
B722__00020.398,13.985018107599036,42.202350620000004,B722,_,00020,398
B722__00600.398,14.007985232744293,42.131512154999996,B722,_,00600,398
B722__00530.398,14.02531450254111,42.143209569999996,B722,_,00530,398
B722__00520.398,14.018861066461934,42.14023916,B722,_,00520,398
B722__00510.398,14.006807074572848,42.138736730000005,B722,_,00510,398
B722__00430.398,14.034651938118635,42.1562652,B722,_,00430,398
B722__00420.398,14.014415070632552,42.146776814999996,B722,_,00420,398
B722__00410.398,14.01537960322344,42.15739436,B722,_,00410,398
B722__00400.398,14.003733927194093,42.151775685000004,B722,_,00400,398
B722__00390.398,14.000166262985694,42.14538491,B722,_,00390,398
B722__00370.398,13.993622314517285,42.142937615,B722,_,00370,398
B722__00360.398,13.99912737402359,42.146117105,B722,_,00360,398
B722__00350.398,13.986844419766408,42.147126245,B722,_,00350,398
B722__00290.398,14.013444510782563,42.15985285,B722,_,00290,398
B722__0028.398,14.000748070312174,42.158310490000005,B722,_,0028,398
B722__00270.398,13.991497985100493,42.151633085,B722,_,00270,398
B722__00260.398,13.983020084380993,42.15357663,B722,_,00260,398
B722__00250.398,13.978925030939791,42.157466775,B722,_,00250,398
B722__00220.398,14.057632821496412,42.166952515,B722,_,00220,398
B722__00210.398,14.040396430491676,42.172120025,B722,_,00210,398
B722__00200.398,14.02962186694128,42.16776089,B722,_,00200,398
B722__00190.398,13.992743881634794,42.16370674,B722,_,00190,398
B722__00150.398,13.999906376880205,42.17460718,B722,_,00150,398
B722__00140.398,13.983687899241357,42.16925912,B722,_,00140,398
B722__00130.398,13.976661661980756,42.175990455000004,B722,_,00130,398
B722__00110.398,14.000358828251876,42.182919285,B722,_,00110,398
B722__00100.398,13.98368717325165,42.17686371,B722,_,00100,398
B722__00090.398,13.977775423776142,42.185681255,B722,_,00090,398
B722__00080.398,13.966560488422058,42.183434985000005,B722,_,00080,398
B722__00070.398,14.001968409804658,42.195176149999995,B722,_,00070,398
B722__00050.398,13.971097189866654,42.19172203,B722,_,00050,398
B722__00040.398,13.977052380018412,42.194997375,B722,_,00040,398
B722__00030.398,13.966798406255682,42.19205892,B722,_,00030,398
B722__00020.399,13.984808731702557,42.202446949999995,B722,_,00020,399
B722__00600.399,14.0077662596896,42.131265315,B722,_,00600,399
B722__00540.399,14.040030024603297,42.139746145000004,B722,_,00540,399
B722__00530.399,14.025741414950215,42.14302971,B722,_,00530,399
B722__00520.399,14.022885670994913,42.141979065,B722,_,00520,399
B722__00430.399,14.021309413321882,42.15717219,B722,_,00430,399
B722__00420.399,14.014772017787752,42.14743516,B722,_,00420,399
B722__00410.399,14.015925877483001,42.157357649999994,B722,_,00410,399
B722__00400.399,14.001718429058219,42.150487765,B722,_,00400,399
B722__00390.399,13.999908865839547,42.14557071,B722,_,00390,399
B722__00370.399,13.994032147935773,42.14290622,B722,_,00370,399
B722__00360.399,13.99977783350953,42.146301995,B722,_,00360,399
B722__00350.399,13.986976859483848,42.147142915,B722,_,00350,399
B722__0028.399,14.000859330946598,42.158349945,B722,_,0028,399
B722__00270.399,13.991711276727905,42.151597269999996,B722,_,00270,399
B722__00260.399,13.983201649822163,42.153634714999995,B722,_,00260,399
B722__00250.399,13.978741448390869,42.15685389,B722,_,00250,399
B722__00220.399,14.057716953096374,42.166689895000005,B722,_,00220,399
B722__00210.399,14.040462359642458,42.172491555,B722,_,00210,399
B722__00200.399,14.029558381469354,42.167685905,B722,_,00200,399
B722__00190.399,13.993002895818037,42.16385838,B722,_,00190,399
B722__00150.399,14.000242332083634,42.17382667,B722,_,00150,399
B722__00140.399,13.983777858613243,42.16976316,B722,_,00140,399
B722__00130.399,13.977437543095647,42.178713365,B722,_,00130,399
B722__00110.399,14.000800713860123,42.182671715,B722,_,00110,399
B722__00100.399,13.98271651165184,42.17693554,B722,_,00100,399
B722__00090.399,13.977516186087783,42.185857835,B722,_,00090,399
B722__00080.399,13.964625850167565,42.18707414,B722,_,00080,399
B722__00070.399,14.002385852196817,42.19515836,B722,_,00070,399
B722__00060.399,13.993750728140014,42.19709398,B722,_,00060,399
B722__00050.399,13.971150110335234,42.1912609,B722,_,00050,399
B722__00040.399,13.977576383781082,42.19487809,B722,_,00040,399
B722__00030.399,13.96672054089689,42.19215923,B722,_,00030,399
B722__00010.4,13.967335711220322,42.210692679999994,B722,_,00010,4
B722__00610.4,13.990250772949206,42.12108639,B722,_,00610,4
B722__00600.4,14.005125036344008,42.128270015,B722,_,00600,4
B722__00590.4,13.987044279136036,42.12431895,B722,_,00590,4
B722__00580.4,13.976409025487104,42.120136035,B722,_,00580,4
B722__00570.4,14.093484250502328,42.09978733,B722,_,00570,4
B722__00560.4,14.079303056344699,42.118042439999996,B722,_,00560,4
B722__00550.4,14.06654607195588,42.137485815000005,B722,_,00550,4
B722__00540.4,14.039298381957632,42.148254605000005,B722,_,00540,4
B722__00520.4,14.00751637212473,42.142418265,B722,_,00520,4
B722__0051.4,14.004005091556323,42.14305399,B722,_,0051,4
B722__00500.4,13.987890187576905,42.13681407,B722,_,00500,4
B722__00490.4,13.982714598713493,42.132048870000006,B722,_,00490,4
B722__00480.4,13.970111384753869,42.1389808,B722,_,00480,4
B722__00470.4,13.96495679946144,42.12279171,B722,_,00470,4
B722__00460.4,14.094147348236557,42.129389065,B722,_,00460,4
B722__00450.4,14.052061140517747,42.146078635,B722,_,00450,4
B722__00440.4,14.040462678332045,42.15472918,B722,_,00440,4
B722__00430.4,14.018832479069776,42.15931855,B722,_,00430,4
B722__00420.4,14.004673106067873,42.151630115,B722,_,00420,4
B722__00410.4,14.004366637442981,42.15834296,B722,_,00410,4
B722__00390.4,14.001137230231746,42.146130760000005,B722,_,00390,4
B722__00380.4,13.998424452256897,42.14245097,B722,_,00380,4
B722__00370.4,13.98757868435256,42.147298425,B722,_,00370,4
B722__00360.4,13.995365104290148,42.154129345,B722,_,00360,4
B722__00350.4,13.97945180680603,42.147343585,B722,_,00350,4
B722__00340.4,13.969671261431753,42.1503378,B722,_,00340,4
B722__00330.4,13.972989213641693,42.156156655,B722,_,00330,4
B722__00320.4,14.08481357844627,42.150021145,B722,_,00320,4
B722__00310.4,14.037778598040184,42.16204179,B722,_,00310,4
B722__00300.4,14.02282630348751,42.16403666,B722,_,00300,4
B722__00290.4,14.001052481618384,42.16206212,B722,_,00290,4
B722__0028.4,13.997132746730092,42.159631535,B722,_,0028,4
B722__00270.4,13.991381501558632,42.16172471,B722,_,00270,4
B722__00260.4,13.983343718622326,42.166283105000005,B722,_,00260,4
B722__00250.4,13.978032749646662,42.168349895,B722,_,00250,4
B722__00240.4,14.103899155015709,42.158533925,B722,_,00240,4
B722__00230.4,14.066672526854155,42.171573914999996,B722,_,00230,4
B722__00220.4,14.043124081578853,42.171553,B722,_,00220,4
B722__00210.4,14.034721139468058,42.17316727,B722,_,00210,4
B722__00200.4,14.01729589230433,42.1709836,B722,_,00200,4
B722__00190.4,13.992355755992943,42.17065278,B722,_,00190,4
B722__00180.4,14.018553565347677,42.18011699,B722,_,00180,4
B722__00170.4,14.012474202710862,42.18256087,B722,_,00170,4
B722__00160.4,14.006810018448306,42.178345695000004,B722,_,00160,4
B722__00150.4,13.994768844769938,42.177943345,B722,_,00150,4
B722__00140.4,13.984903865229949,42.17427001,B722,_,00140,4
B722__00130.4,13.97803063733722,42.17604835,B722,_,00130,4
B722__00120.4,14.004775317128605,42.19520324,B722,_,00120,4
B722__00110.4,13.992699181581841,42.185170005,B722,_,00110,4
B722__0009.4,13.971741725981762,42.18799499,B722,_,0009,4
B722__00080.4,13.96088216679363,42.190576485,B722,_,00080,4
B722__00070.4,13.995938732853583,42.197466715000004,B722,_,00070,4
B722__00060.4,13.988223958963111,42.200989895000006,B722,_,00060,4
B722__00050.4,13.980311037736318,42.19546438,B722,_,00050,4
B722__00040.4,13.97373608334637,42.20358179,B722,_,00040,4
B722__00030.4,13.96763110056255,42.201395025,B722,_,00030,4
B722__00020.4,13.973530969590174,42.208748235,B722,_,00020,4
B722__00010.40,13.968956804938427,42.2098346,B722,_,00010,40
B722__00610.40,13.997707617069294,42.121221265,B722,_,00610,40
B722__00600.40,14.004623138312805,42.12809718,B722,_,00600,40
B722__00590.40,13.989540153535753,42.125097095,B722,_,00590,40
B722__00540.40,14.039499060731274,42.14583965,B722,_,00540,40
B722__00530.40,14.027696627005167,42.14778561,B722,_,00530,40
B722__00520.40,14.006994997901609,42.141878925,B722,_,00520,40
B722__0051.40,14.0043584644669,42.142577195,B722,_,0051,40
B722__00500.40,13.993491674344451,42.138609935000005,B722,_,00500,40
B722__00490.40,13.984258870079191,42.130686065000006,B722,_,00490,40
B722__00480.40,13.975455998321486,42.138155075,B722,_,00480,40
B722__00450.40,14.052079757573985,42.142363950000004,B722,_,00450,40
B722__00440.40,14.047571829896267,42.15527032,B722,_,00440,40
B722__00430.40,14.038166007634825,42.155395215,B722,_,00430,40
B722__00420.40,14.011608666011178,42.151588565,B722,_,00420,40
B722__00410.40,14.00508143643059,42.15793009,B722,_,00410,40
B722__00400.40,14.000809099224824,42.152494655,B722,_,00400,40
B722__00390.40,13.998653940093979,42.144625610000006,B722,_,00390,40
B722__00380.40,13.999123258348432,42.1412557,B722,_,00380,40
B722__00370.40,13.990507264960849,42.14465936,B722,_,00370,40
B722__00360.40,13.99524505201622,42.15297119,B722,_,00360,40
B722__00350.40,13.982508591192508,42.14685129,B722,_,00350,40
B722__00340.40,13.973219886854032,42.145544285,B722,_,00340,40
B722__00330.40,13.977105917947721,42.154144785,B722,_,00330,40
B722__00300.40,14.024523167503244,42.163455085,B722,_,00300,40
B722__00290.40,14.00956851305165,42.16191385,B722,_,00290,40
B722__0028.40,13.997682977279576,42.158837535,B722,_,0028,40
B722__00270.40,13.989947426088172,42.159780595,B722,_,00270,40
B722__00260.40,13.982963263026114,42.16479991,B722,_,00260,40
B722__00250.40,13.980420004108932,42.16606059,B722,_,00250,40
B722__00230.40,14.066586083431247,42.169412725,B722,_,00230,40
B722__00220.40,14.053684266398903,42.17225065,B722,_,00220,40
B722__00210.40,14.035495511933531,42.17130517,B722,_,00210,40
B722__00200.40,14.026876494351542,42.169938865,B722,_,00200,40
B722__00190.40,13.998535946302637,42.17095218,B722,_,00190,40
B722__00170.40,14.006753215240161,42.179115815,B722,_,00170,40
B722__00160.40,14.012198211148775,42.174063505,B722,_,00160,40
B722__00150.40,13.997748057546861,42.176243445,B722,_,00150,40
B722__00140.40,13.988548435500373,42.173768475,B722,_,00140,40
B722__00120.40,14.003950748896756,42.193181635,B722,_,00120,40
B722__00110.40,14.001278428817196,42.185115835000005,B722,_,00110,40
B722__00100.40,13.98114797523315,42.187406089999996,B722,_,00100,40
B722__0009.40,13.969381289414875,42.187174705000004,B722,_,0009,40
B722__00080.40,13.961799079340032,42.189853835,B722,_,00080,40
B722__00070.40,13.999772778181555,42.197448,B722,_,00070,40
B722__00060.40,13.987878070027435,42.20006873,B722,_,00060,40
B722__00050.40,13.982460827877865,42.194418445,B722,_,00050,40
B722__00040.40,13.974107532453505,42.201016325,B722,_,00040,40
B722__00030.40,13.959407118220032,42.197022665,B722,_,00030,40
B722__00020.40,13.97805848109855,42.207645729999996,B722,_,00020,40
B722__00020.400,13.985045109822178,42.202475135,B722,_,00020,400
B722__00600.400,14.007977763520756,42.131282965,B722,_,00600,400
B722__00540.400,14.04010568193168,42.140289100000004,B722,_,00540,400
B722__00530.400,14.02561175452291,42.142759875,B722,_,00530,400
B722__00520.400,14.023044504550658,42.141928609999994,B722,_,00520,400
B722__00430.400,14.024965610891435,42.158340980000006,B722,_,00430,400
B722__00420.400,14.015017266603394,42.14722321,B722,_,00420,400
B722__00410.400,14.016037979352221,42.157392615,B722,_,00410,400
B722__00400.400,14.004380042706263,42.147757405,B722,_,00400,400
B722__00390.400,14.000133830410586,42.145617945,B722,_,00390,400
B722__00370.400,13.994010231611941,42.1429429,B722,_,00370,400
B722__00360.400,13.999604172191344,42.14611544,B722,_,00360,400
B722__00350.400,13.986659250565914,42.146945005,B722,_,00350,400
B722__00290.400,14.012022432228779,42.159636945,B722,_,00290,400
B722__00270.400,13.990994905259335,42.15148331,B722,_,00270,400
B722__00260.400,13.983364677317017,42.153685975,B722,_,00260,400
B722__00250.400,13.979500073924662,42.156903150000005,B722,_,00250,400
B722__00220.400,14.050198675682783,42.171928555,B722,_,00220,400
B722__00210.400,14.03237061423108,42.17241592,B722,_,00210,400
B722__00200.400,14.02977101995444,42.167631905,B722,_,00200,400
B722__00190.400,13.993107346396148,42.163963554999995,B722,_,00190,400
B722__00180.400,14.032901949634098,42.17463415,B722,_,00180,400
B722__00150.400,13.991672856732176,42.174331425,B722,_,00150,400
B722__00140.400,13.983778164730026,42.170093359999996,B722,_,00140,400
B722__00110.400,14.000780464012168,42.182756025,B722,_,00110,400
B722__00100.400,13.982650670927836,42.1766913,B722,_,00100,400
B722__00090.400,13.977901876001447,42.18574787,B722,_,00090,400
B722__00080.400,13.964767819228898,42.18732576,B722,_,00080,400
B722__00070.400,14.002800883260933,42.19527556,B722,_,00070,400
B722__00060.400,13.993680839339493,42.19695409,B722,_,00060,400
B722__00050.400,13.97066596933324,42.191242085,B722,_,00050,400
B722__00040.400,13.977900331613444,42.194849995,B722,_,00040,400
B722__00030.400,13.966995723211518,42.19219621,B722,_,00030,400
B722__00020.401,13.984874250645262,42.202488155,B722,_,00020,401
B722__00600.401,14.007155577388303,42.131085854999995,B722,_,00600,401
B722__00540.401,14.039906623794232,42.14087737,B722,_,00540,401
B722__00530.401,14.025240813740895,42.142860335,B722,_,00530,401
B722__00520.401,14.023001623771595,42.141687520000005,B722,_,00520,401
B722__00510.401,14.005977582269695,42.138822545,B722,_,00510,401
B722__00430.401,14.025022821018595,42.15796881,B722,_,00430,401
B722__00420.401,14.01653820213782,42.148030765,B722,_,00420,401
B722__00410.401,14.01615358215976,42.157764805,B722,_,00410,401
B722__00400.401,14.006953329581416,42.146385915,B722,_,00400,401
B722__00390.401,14.003400959148996,42.143724739999996,B722,_,00390,401
B722__00380.401,14.002509511571589,42.14008524,B722,_,00380,401
B722__00360.401,13.999744326585414,42.145881735,B722,_,00360,401
B722__00350.401,13.986742261939142,42.146947545,B722,_,00350,401
B722__00290.401,14.012165112619048,42.159805465,B722,_,00290,401
B722__00270.401,13.990803888358156,42.151215695,B722,_,00270,401
B722__00260.401,13.983459377494071,42.153874235,B722,_,00260,401
B722__00250.401,13.979811663859063,42.157407895,B722,_,00250,401
B722__00220.401,14.055270206152745,42.16789742,B722,_,00220,401
B722__00210.401,14.032673349479651,42.172424725,B722,_,00210,401
B722__00200.401,14.029766937541854,42.16754669,B722,_,00200,401
B722__00190.401,13.993220200748029,42.163736345000004,B722,_,00190,401
B722__00180.401,14.033200928130798,42.174753304999996,B722,_,00180,401
B722__00150.401,13.994158938609601,42.17375896,B722,_,00150,401
B722__00140.401,13.9845439474777,42.170441835000005,B722,_,00140,401
B722__00120.401,14.010678732341027,42.186402395,B722,_,00120,401
B722__00110.401,14.001028627495913,42.183138075,B722,_,00110,401
B722__00100.401,13.983989275667938,42.176641085,B722,_,00100,401
B722__00090.401,13.978217257447923,42.186048405,B722,_,00090,401
B722__00080.401,13.964226684287214,42.186638025,B722,_,00080,401
B722__00070.401,14.003238941294637,42.195401294999996,B722,_,00070,401
B722__00050.401,13.970744342638397,42.19107056,B722,_,00050,401
B722__00040.401,13.978481476645563,42.195302350000006,B722,_,00040,401
B722__00030.401,13.966574267320487,42.192287685,B722,_,00030,401
B722__00020.402,13.98535680921666,42.202510605,B722,_,00020,402
B722__00540.402,14.039974915312701,42.140586835,B722,_,00540,402
B722__00530.402,14.031549233084618,42.138868825,B722,_,00530,402
B722__00520.402,14.023146356358593,42.141840130000006,B722,_,00520,402
B722__00510.402,14.002423676519637,42.13927675,B722,_,00510,402
B722__00430.402,14.033262983186894,42.156205555,B722,_,00430,402
B722__00420.402,14.016627482634973,42.148120379999995,B722,_,00420,402
B722__00410.402,14.016551114814366,42.15734854,B722,_,00410,402
B722__00400.402,14.00697110452378,42.146263274999995,B722,_,00400,402
B722__00390.402,14.003315356016426,42.143831325,B722,_,00390,402
B722__00380.402,14.002392755660832,42.13996276,B722,_,00380,402
B722__00360.402,13.99921476661974,42.145588895,B722,_,00360,402
B722__00290.402,14.012145112765584,42.159588885000005,B722,_,00290,402
B722__0028.402,14.000921485935514,42.158291335,B722,_,0028,402
B722__00270.402,13.990721360548964,42.151066650000004,B722,_,00270,402
B722__00260.402,13.983517209078842,42.153798935,B722,_,00260,402
B722__00250.402,13.980294901438242,42.157563715,B722,_,00250,402
B722__00220.402,14.043331558246905,42.16819285,B722,_,00220,402
B722__00210.402,14.032906140832557,42.172411245,B722,_,00210,402
B722__00190.402,13.993402119662843,42.163970175,B722,_,00190,402
B722__00150.402,13.993662682570521,42.17196922,B722,_,00150,402
B722__00140.402,13.984774565250405,42.170309599999996,B722,_,00140,402
B722__00120.402,14.010494952928662,42.18625103,B722,_,00120,402
B722__00110.402,14.00127715392732,42.183169705,B722,_,00110,402
B722__00100.402,13.985127127512785,42.176570025000004,B722,_,00100,402
B722__00090.402,13.978082033693276,42.1860512,B722,_,00090,402
B722__00080.402,13.959072650570928,42.187630415,B722,_,00080,402
B722__00070.402,14.003876530813802,42.19550958,B722,_,00070,402
B722__00050.402,13.970938974946087,42.19088418,B722,_,00050,402
B722__00040.402,13.980035329112429,42.195807695,B722,_,00040,402
B722__00030.402,13.966960491878456,42.192258385,B722,_,00030,402
B722__00020.403,13.98513105659839,42.2026001,B722,_,00020,403
B722__00540.403,14.038884876349425,42.143092955,B722,_,00540,403
B722__00530.403,14.03112041698316,42.13847554,B722,_,00530,403
B722__00520.403,14.023399841014585,42.141921690000004,B722,_,00520,403
B722__00510.403,14.002217218347308,42.13897626000001,B722,_,00510,403
B722__00430.403,14.034393269862893,42.156315845,B722,_,00430,403
B722__00420.403,14.016475953131643,42.14828303,B722,_,00420,403
B722__00410.403,14.016884846361902,42.157627665,B722,_,00410,403
B722__00400.403,14.006982208169564,42.14619942,B722,_,00400,403
B722__00390.403,14.002907070503678,42.142437384999994,B722,_,00390,403
B722__00380.403,14.002827041826517,42.141214545,B722,_,00380,403
B722__00370.403,13.994446185150107,42.142341419999994,B722,_,00370,403
B722__00360.403,13.993367762860558,42.145049105,B722,_,00360,403
B722__00290.403,14.01227039797117,42.15964309,B722,_,00290,403
B722__0028.403,14.000963544166666,42.158281305,B722,_,0028,403
B722__00270.403,13.989933069436045,42.150232305,B722,_,00270,403
B722__00260.403,13.98363348508598,42.153696915,B722,_,00260,403
B722__00250.403,13.979568554645262,42.15793717,B722,_,00250,403
B722__00220.403,14.058187592587876,42.165397305,B722,_,00220,403
B722__00210.403,14.033134769420112,42.1722487,B722,_,00210,403
B722__00200.403,14.029859458228586,42.167392835,B722,_,00200,403
B722__00190.403,13.993683368473487,42.163979870000006,B722,_,00190,403
B722__00150.403,13.993854619033268,42.171957935,B722,_,00150,403
B722__00140.403,13.9845780368162,42.17006798,B722,_,00140,403
B722__00110.403,14.000736532479905,42.184117805,B722,_,00110,403
B722__00100.403,13.983731526075802,42.17645247,B722,_,00100,403
B722__00090.403,13.978123492860144,42.186209895,B722,_,00090,403
B722__00080.403,13.958702062336194,42.187452295,B722,_,00080,403
B722__00070.403,14.002202015787747,42.19380113,B722,_,00070,403
B722__00060.403,13.994386578225456,42.19707518,B722,_,00060,403
B722__00050.403,13.9713028164118,42.19085246,B722,_,00050,403
B722__00040.403,13.980080639851613,42.195822930000006,B722,_,00040,403
B722__00030.403,13.966829856800882,42.192436505,B722,_,00030,403
B722__00020.404,13.984754726217023,42.202678934999994,B722,_,00020,404
B722__00540.404,14.038380494608294,42.14399856,B722,_,00540,404
B722__00530.404,14.03167539976237,42.13863345,B722,_,00530,404
B722__00520.404,14.023513976951897,42.1419831,B722,_,00520,404
B722__00430.404,14.024447372147176,42.156389905,B722,_,00430,404
B722__00420.404,14.016832608966673,42.14813268,B722,_,00420,404
B722__00410.404,14.017412379117916,42.157403055,B722,_,00410,404
B722__00400.404,14.006912393843244,42.14610268,B722,_,00400,404
B722__00390.404,14.002670880341572,42.141481784999996,B722,_,00390,404
B722__00360.404,13.993706379765786,42.14492471,B722,_,00360,404
B722__00290.404,14.012564473665847,42.15967187,B722,_,00290,404
B722__00270.404,13.98472307949012,42.149606475,B722,_,00270,404
B722__00260.404,13.981637229640969,42.15285653,B722,_,00260,404
B722__00250.404,13.979136059369115,42.158284995,B722,_,00250,404
B722__00220.404,14.042476225312068,42.169819065,B722,_,00220,404
B722__00210.404,14.038319340798036,42.16735901,B722,_,00210,404
B722__00200.404,14.029460099073951,42.167206695000004,B722,_,00200,404
B722__00190.404,13.993580259665134,42.16324325,B722,_,00190,404
B722__00180.404,14.034245663888466,42.174485065,B722,_,00180,404
B722__00150.404,13.996683820425446,42.175400695,B722,_,00150,404
B722__00140.404,13.984754128973353,42.170090810000005,B722,_,00140,404
B722__00110.404,14.000722630106218,42.184319215,B722,_,00110,404
B722__00100.404,13.983618450412408,42.176352135,B722,_,00100,404
B722__00090.404,13.978486447751077,42.18617508,B722,_,00090,404
B722__00080.404,13.959099740874807,42.187481355,B722,_,00080,404
B722__00070.404,14.002609092294495,42.193125125,B722,_,00070,404
B722__00060.404,13.994457429709737,42.197126185,B722,_,00060,404
B722__00050.404,13.971229314524262,42.19111829,B722,_,00050,404
B722__00040.404,13.98014391373632,42.195845135,B722,_,00040,404
B722__00030.404,13.967235186551912,42.192188355,B722,_,00030,404
B722__00020.405,13.985208362127803,42.202690985000004,B722,_,00020,405
B722__00530.405,14.032420021441709,42.138743545,B722,_,00530,405
B722__00520.405,14.023894319120469,42.142157345,B722,_,00520,405
B722__00430.405,14.023761761945565,42.156322564999996,B722,_,00430,405
B722__00420.405,14.016787815082118,42.148208455,B722,_,00420,405
B722__00410.405,14.015874947264246,42.157114809999996,B722,_,00410,405
B722__00400.405,14.006954512466141,42.146034465,B722,_,00400,405
B722__00380.405,14.002773826795588,42.1402568,B722,_,00380,405
B722__00360.405,13.994020513580395,42.1451056,B722,_,00360,405
B722__00290.405,14.012650986899073,42.159792005,B722,_,00290,405
B722__0028.405,14.001034488650316,42.158300425,B722,_,0028,405
B722__00270.405,13.985245030034665,42.14969357,B722,_,00270,405
B722__00260.405,13.98185738481444,42.153032345,B722,_,00260,405
B722__00250.405,13.97975684448081,42.158680544999996,B722,_,00250,405
B722__00220.405,14.052472857075296,42.1698496,B722,_,00220,405
B722__00210.405,14.03349907487172,42.167022415,B722,_,00210,405
B722__00200.405,14.029993698475412,42.167327490000005,B722,_,00200,405
B722__00190.405,13.99656646205898,42.163389484999996,B722,_,00190,405
B722__00180.405,14.03458221737877,42.174551965,B722,_,00180,405
B722__00150.405,13.9967903472981,42.175324544999995,B722,_,00150,405
B722__00140.405,13.98403563608235,42.173215115,B722,_,00140,405
B722__00110.405,13.997172926193086,42.186154505000005,B722,_,00110,405
B722__00100.405,13.983018798329606,42.176152439999996,B722,_,00100,405
B722__00090.405,13.978463110939156,42.186098715,B722,_,00090,405
B722__00080.405,13.959048101087944,42.187236005,B722,_,00080,405
B722__00070.405,14.002963825943757,42.19331233,B722,_,00070,405
B722__00060.405,13.994456902675918,42.19693691,B722,_,00060,405
B722__00050.405,13.971364888942286,42.191646055,B722,_,00050,405
B722__00040.405,13.970944095707056,42.195975020000006,B722,_,00040,405
B722__00030.405,13.967369785516127,42.192043395,B722,_,00030,405
B722__00020.406,13.98562776302381,42.202673595,B722,_,00020,406
B722__00530.406,14.032715045387132,42.13892531,B722,_,00530,406
B722__00520.406,14.008656329502987,42.135627485,B722,_,00520,406
B722__00510.406,14.00195793802571,42.138789265,B722,_,00510,406
B722__00430.406,14.026021466380083,42.156976215,B722,_,00430,406
B722__00420.406,14.016830535948463,42.148254699999995,B722,_,00420,406
B722__00410.406,14.016135704119076,42.15707983,B722,_,00410,406
B722__00400.406,14.006965462416762,42.145958045,B722,_,00400,406
B722__00380.406,14.002809017434815,42.141356615,B722,_,00380,406
B722__00370.406,13.993027251445135,42.142249695000004,B722,_,00370,406
B722__00360.406,13.994011861721436,42.14563366,B722,_,00360,406
B722__00290.406,14.012733104519175,42.15968223,B722,_,00290,406
B722__00270.406,13.985770503254363,42.14963623,B722,_,00270,406
B722__00260.406,13.981905153101337,42.15291024,B722,_,00260,406
B722__00250.406,13.98044720186192,42.158935920000005,B722,_,00250,406
B722__00220.406,14.058056693840857,42.170337294999996,B722,_,00220,406
B722__00210.406,14.033206971151447,42.16717083,B722,_,00210,406
B722__00200.406,14.029883554300165,42.167205960000004,B722,_,00200,406
B722__00190.406,13.997590495681795,42.16321248,B722,_,00190,406
B722__00180.406,14.035366957089416,42.174492380000004,B722,_,00180,406
B722__00150.406,13.996929389588741,42.17521053,B722,_,00150,406
B722__00140.406,13.984916416954139,42.17013703,B722,_,00140,406
B722__00110.406,13.997376031551255,42.186322925,B722,_,00110,406
B722__00100.406,13.982977150219266,42.176481589999995,B722,_,00100,406
B722__00090.406,13.978352102547813,42.186003555,B722,_,00090,406
B722__00080.406,13.960621425994312,42.189866815,B722,_,00080,406
B722__00070.406,14.003308413616427,42.19465816,B722,_,00070,406
B722__00050.406,13.971568534903197,42.191546395,B722,_,00050,406
B722__00040.406,13.972614238711904,42.19483245,B722,_,00040,406
B722__00030.406,13.967404970584774,42.192307505,B722,_,00030,406
B722__00020.407,13.986070707637674,42.2027478,B722,_,00020,407
B722__00530.407,14.027435039623622,42.13884084,B722,_,00530,407
B722__00520.407,14.008683481652902,42.135815705,B722,_,00520,407
B722__00510.407,14.00224433373,42.13868166,B722,_,00510,407
B722__00430.407,14.025767923787745,42.156802354999996,B722,_,00430,407
B722__00420.407,14.016805931352206,42.14832214,B722,_,00420,407
B722__00410.407,14.01604849793832,42.156796695,B722,_,00410,407
B722__00400.407,14.007051612290308,42.145837189999995,B722,_,00400,407
B722__00390.407,13.998529719418414,42.14316255,B722,_,00390,407
B722__00380.407,14.002809622808627,42.1412975,B722,_,00380,407
B722__00370.407,13.993098841269193,42.141874529999996,B722,_,00370,407
B722__00360.407,13.99437251819153,42.145495845,B722,_,00360,407
B722__0028.407,14.000985812739522,42.15840514,B722,_,0028,407
B722__00270.407,13.986298519293245,42.14966296,B722,_,00270,407
B722__00260.407,13.98185894771974,42.152762715,B722,_,00260,407
B722__00250.407,13.981301345255776,42.158990575000004,B722,_,00250,407
B722__00220.407,14.056667912724254,42.169087489999995,B722,_,00220,407
B722__00210.407,14.03882844057394,42.166955865000006,B722,_,00210,407
B722__00200.407,14.029912457230775,42.167115890000005,B722,_,00200,407
B722__00190.407,13.997150028349514,42.16424466,B722,_,00190,407
B722__00180.407,14.024008805645803,42.174810120000004,B722,_,00180,407
B722__00150.407,13.996838059326361,42.17558451,B722,_,00150,407
B722__00140.407,13.985053407837901,42.170041255,B722,_,00140,407
B722__00110.407,13.998372299036587,42.186194745,B722,_,00110,407
B722__00100.407,13.982537096477405,42.17653793,B722,_,00100,407
B722__00090.407,13.978399381329119,42.185871695,B722,_,00090,407
B722__00080.407,13.960411675261756,42.18999729,B722,_,00080,407
B722__00070.407,14.003731122938806,42.195163185,B722,_,00070,407
B722__00060.407,13.994738478271831,42.19712581,B722,_,00060,407
B722__00050.407,13.971740510954696,42.19160889,B722,_,00050,407
B722__00040.407,13.977664389146723,42.198756825000004,B722,_,00040,407
B722__00030.407,13.967997207179469,42.192574629999996,B722,_,00030,407
B722__00020.408,13.98608335481719,42.20265325,B722,_,00020,408
B722__00530.408,14.027878354351193,42.138947585,B722,_,00530,408
B722__00520.408,14.00882299245852,42.135766015,B722,_,00520,408
B722__00510.408,14.00251497312441,42.13850053,B722,_,00510,408
B722__00430.408,14.021788197555228,42.15461119,B722,_,00430,408
B722__00420.408,14.016805981370233,42.148387505,B722,_,00420,408
B722__00410.408,14.016227256053822,42.15694649,B722,_,00410,408
B722__00400.408,14.00706292938859,42.145762024999996,B722,_,00400,408
B722__00390.408,13.998330241335808,42.143005055,B722,_,00390,408
B722__00370.408,13.992556827680389,42.14191688,B722,_,00370,408
B722__00360.408,13.994648173591088,42.144951365,B722,_,00360,408
B722__00270.408,13.98628862888443,42.149905515,B722,_,00270,408
B722__00260.408,13.982056362050539,42.152575315,B722,_,00260,408
B722__00250.408,13.982244223456426,42.159138014999996,B722,_,00250,408
B722__00220.408,14.055291098892464,42.166806335000004,B722,_,00220,408
B722__00210.408,14.038832272152515,42.166608875,B722,_,00210,408
B722__00200.408,14.029834652621883,42.167016565,B722,_,00200,408
B722__00180.408,14.024630475040354,42.174556965,B722,_,00180,408
B722__00150.408,13.99692201757922,42.175504735000004,B722,_,00150,408
B722__00140.408,13.984630577576715,42.16978615,B722,_,00140,408
B722__00110.408,13.998116984804703,42.18626003,B722,_,00110,408
B722__00100.408,13.983547815897037,42.176086225,B722,_,00100,408
B722__00090.408,13.978324993156026,42.185772439999994,B722,_,00090,408
B722__00080.408,13.95922731274738,42.188032105000005,B722,_,00080,408
B722__00070.408,14.003012171649868,42.195769695,B722,_,00070,408
B722__00060.408,13.994910931462025,42.197249084999996,B722,_,00060,408
B722__00050.408,13.972154916075251,42.191655395,B722,_,00050,408
B722__00040.408,13.978632783232317,42.19543522,B722,_,00040,408
B722__00030.408,13.968398330015365,42.19240945,B722,_,00030,408
B722__00020.409,13.986250806341715,42.202548265000004,B722,_,00020,409
B722__00530.409,14.027729910350438,42.138342214999994,B722,_,00530,409
B722__00520.409,14.008901198060403,42.13569658,B722,_,00520,409
B722__00510.409,14.002807828267748,42.13897926,B722,_,00510,409
B722__00430.409,14.018437745636103,42.154139945,B722,_,00430,409
B722__00420.409,14.01680817846622,42.147659315,B722,_,00420,409
B722__00410.409,14.01627091895249,42.156888475,B722,_,00410,409
B722__00400.409,14.00322211446516,42.15054893,B722,_,00400,409
B722__00390.409,13.99820161698307,42.142947590000006,B722,_,00390,409
B722__00380.409,14.002427267721707,42.14059953,B722,_,00380,409
B722__0028.409,14.000872985657814,42.158428154999996,B722,_,0028,409
B722__00270.409,13.986662598348564,42.14997597,B722,_,00270,409
B722__00260.409,13.982339307418089,42.15278356,B722,_,00260,409
B722__00250.409,13.98257986094114,42.15927132,B722,_,00250,409
B722__00220.409,14.055783886944173,42.166032915,B722,_,00220,409
B722__00210.409,14.039456217571606,42.166675999999995,B722,_,00210,409
B722__00200.409,14.029871261870252,42.166971995,B722,_,00200,409
B722__00190.409,13.998373318012494,42.16439554,B722,_,00190,409
B722__00180.409,14.024890320018077,42.17385784,B722,_,00180,409
B722__00150.409,13.997015991339989,42.175399715,B722,_,00150,409
B722__00140.409,13.984576310653704,42.16938175,B722,_,00140,409
B722__00110.409,13.998467993540858,42.186453805,B722,_,00110,409
B722__00100.409,13.98237682505918,42.175607735,B722,_,00100,409
B722__00090.409,13.972755895379745,42.186153445,B722,_,00090,409
B722__00080.409,13.9596981054167,42.18814044,B722,_,00080,409
B722__00070.409,14.00349099122398,42.195793135,B722,_,00070,409
B722__00060.409,13.982378227472552,42.195803795,B722,_,00060,409
B722__00050.409,13.971842880605218,42.191518695,B722,_,00050,409
B722__00040.409,13.969164600283307,42.2021722,B722,_,00040,409
B722__00030.409,13.968775487510396,42.19194809,B722,_,00030,409
B722__00010.41,13.96869056799401,42.20979757,B722,_,00010,41
B722__00610.41,13.998481320010946,42.12203513,B722,_,00610,41
B722__00600.41,14.0097645565488,42.132531435000004,B722,_,00600,41
B722__00590.41,13.989636050974475,42.12566429,B722,_,00590,41
B722__00540.41,14.040016859801916,42.145486485,B722,_,00540,41
B722__00530.41,14.028129015673874,42.148159265000004,B722,_,00530,41
B722__00520.41,14.007000437692309,42.14184853,B722,_,00520,41
B722__0051.41,14.0043962792229,42.142566540000004,B722,_,0051,41
B722__00500.41,13.99037364783559,42.137417255,B722,_,00500,41
B722__00490.41,13.985445467609884,42.130770534999996,B722,_,00490,41
B722__00480.41,13.975727205507052,42.13883519,B722,_,00480,41
B722__00450.41,14.052562993414995,42.142367045,B722,_,00450,41
B722__00440.41,14.048034238444586,42.155120255,B722,_,00440,41
B722__00430.41,14.018577021469088,42.156799649999996,B722,_,00430,41
B722__00420.41,14.012840934376822,42.151089685,B722,_,00420,41
B722__00400.41,14.001525461094076,42.15262072,B722,_,00400,41
B722__00390.41,13.998687924535048,42.144490565,B722,_,00390,41
B722__00380.41,13.999267017907437,42.141251345,B722,_,00380,41
B722__00370.41,13.98749649456711,42.145929595,B722,_,00370,41
B722__00360.41,13.995330196628665,42.15291845,B722,_,00360,41
B722__00350.41,13.982626322189677,42.1473026,B722,_,00350,41
B722__00340.41,13.9734394910393,42.146315924999996,B722,_,00340,41
B722__00330.41,13.977215248696467,42.15359517500001,B722,_,00330,41
B722__00300.41,14.01635839877125,42.16190585,B722,_,00300,41
B722__00290.41,14.009744759607198,42.162001079999996,B722,_,00290,41
B722__00270.41,13.989953997564967,42.16010067,B722,_,00270,41
B722__00260.41,13.984025974680474,42.1648481,B722,_,00260,41
B722__00250.41,13.98178019716187,42.16544834,B722,_,00250,41
B722__00230.41,14.066514870933014,42.168182625,B722,_,00230,41
B722__00220.41,14.053151589336013,42.172449285,B722,_,00220,41
B722__00210.41,14.035816998621534,42.17130517,B722,_,00210,41
B722__00200.41,14.026897718254087,42.169776175,B722,_,00200,41
B722__00190.41,14.007666761295168,42.169680915,B722,_,00190,41
B722__00170.41,14.010706043422065,42.17991243,B722,_,00170,41
B722__00160.41,14.012537728661073,42.17412912,B722,_,00160,41
B722__00150.41,13.999019928870311,42.176912904999995,B722,_,00150,41
B722__00120.41,14.004386446735884,42.193062685,B722,_,00120,41
B722__00110.41,14.005294523236309,42.181873655000004,B722,_,00110,41
B722__00100.41,13.982213140680386,42.187530025,B722,_,00100,41
B722__0009.41,13.969323575817942,42.187373985,B722,_,0009,41
B722__00080.41,13.962026818017922,42.18986669,B722,_,00080,41
B722__00060.41,13.987778802563678,42.200073075000006,B722,_,00060,41
B722__00050.41,13.9826494814434,42.194486049999995,B722,_,00050,41
B722__00040.41,13.974089861235699,42.20079385,B722,_,00040,41
B722__00030.41,13.964024238649468,42.19828956,B722,_,00030,41
B722__00020.41,13.977894932999366,42.20772386,B722,_,00020,41
B722__00020.410,13.986095772362905,42.202530935,B722,_,00020,410
B722__00530.410,14.027877097498934,42.14130693,B722,_,00530,410
B722__00520.410,14.009000455582436,42.135621145,B722,_,00520,410
B722__00510.410,14.002920132780456,42.138619195000004,B722,_,00510,410
B722__00430.410,14.019268957996534,42.154282505,B722,_,00430,410
B722__00420.410,14.017386416402855,42.147481805,B722,_,00420,410
B722__00410.410,14.016313137649053,42.156820585,B722,_,00410,410
B722__00390.410,14.002429267183238,42.143538230000004,B722,_,00390,410
B722__00380.410,14.002617394091285,42.140511090000004,B722,_,00380,410
B722__00270.410,13.987365437704877,42.150289105,B722,_,00270,410
B722__00260.410,13.982517393030758,42.152925194999995,B722,_,00260,410
B722__00250.410,13.981368186452922,42.158670305,B722,_,00250,410
B722__00220.410,14.05503398660152,42.17203885,B722,_,00220,410
B722__00210.410,14.03995404647317,42.16656836,B722,_,00210,410
B722__00200.410,14.030323963069224,42.1670578,B722,_,00200,410
B722__00190.410,13.998441385685325,42.16410587,B722,_,00190,410
B722__00180.410,14.020525234081568,42.17403971,B722,_,00180,410
B722__00150.410,13.990956706751732,42.174459405,B722,_,00150,410
B722__00140.410,13.984201609486952,42.168969225,B722,_,00140,410
B722__00110.410,13.998342633132813,42.186462605,B722,_,00110,410
B722__00100.410,13.982806092990396,42.175330415000005,B722,_,00100,410
B722__00090.410,13.972758703036417,42.186032804999996,B722,_,00090,410
B722__00080.410,13.95896946032335,42.18846894,B722,_,00080,410
B722__00070.410,14.003909643347816,42.196119885,B722,_,00070,410
B722__00060.410,13.982440176075315,42.19577219,B722,_,00060,410
B722__00050.410,13.971802946787687,42.191187645,B722,_,00050,410
B722__00040.410,13.974401416981827,42.198246005,B722,_,00040,410
B722__00030.410,13.96891069540536,42.191659415000004,B722,_,00030,410
B722__00020.411,13.986094437838592,42.202443775,B722,_,00020,411
B722__00530.411,14.031212413083875,42.138913205,B722,_,00530,411
B722__00520.411,14.009204720893617,42.13562664,B722,_,00520,411
B722__00510.411,14.003282175807172,42.13850617,B722,_,00510,411
B722__00430.411,14.019802597667383,42.15409024,B722,_,00430,411
B722__00420.411,14.019246045218917,42.148464255,B722,_,00420,411
B722__00410.411,14.017376638871415,42.156778669999994,B722,_,00410,411
B722__00400.411,14.00336030803603,42.146737335,B722,_,00400,411
B722__00380.411,14.002670810215253,42.140437255,B722,_,00380,411
B722__00370.411,13.994943482685112,42.13919991,B722,_,00370,411
B722__00360.411,13.996446925328728,42.145519539999995,B722,_,00360,411
B722__00270.411,13.988030482661614,42.1502396,B722,_,00270,411
B722__00260.411,13.982672875984642,42.152797265000004,B722,_,00260,411
B722__00250.411,13.980600814290405,42.158682025000005,B722,_,00250,411
B722__00220.411,14.054715008878325,42.171764965,B722,_,00220,411
B722__00210.411,14.034453591283784,42.169154004999996,B722,_,00210,411
B722__00200.411,14.02361174556193,42.164413685,B722,_,00200,411
B722__00190.411,13.998064965037338,42.16401401,B722,_,00190,411
B722__00180.411,14.02071182595569,42.1736268,B722,_,00180,411
B722__00150.411,13.992461140762455,42.174943174999996,B722,_,00150,411
B722__00140.411,13.984498287936251,42.168710669999996,B722,_,00140,411
B722__00130.411,13.978481637418781,42.17952377,B722,_,00130,411
B722__00110.411,13.998223471119132,42.18651114,B722,_,00110,411
B722__00100.411,13.983148064504565,42.175366915,B722,_,00100,411
B722__00090.411,13.972759615096592,42.185933565,B722,_,00090,411
B722__00080.411,13.95886147191851,42.188308285,B722,_,00080,411
B722__00070.411,13.99708842919785,42.197331295,B722,_,00070,411
B722__00060.411,13.982663236093646,42.195746584999995,B722,_,00060,411
B722__00050.411,13.97192527019207,42.191020815,B722,_,00050,411
B722__00040.411,13.977086711273067,42.196265415,B722,_,00040,411
B722__00030.411,13.968690574191783,42.19161048,B722,_,00030,411
B722__00020.412,13.986097783476952,42.202366555,B722,_,00020,412
B722__00530.412,14.028140573317415,42.14172939,B722,_,00530,412
B722__00520.412,14.00908730332116,42.13576526,B722,_,00520,412
B722__00510.412,14.00342116431171,42.138544845,B722,_,00510,412
B722__00430.412,14.022051623506664,42.155270720000004,B722,_,00430,412
B722__00420.412,14.02081992172078,42.14852464,B722,_,00420,412
B722__00400.412,14.00389768671498,42.14687397,B722,_,00400,412
B722__00390.412,14.002645813232284,42.14290574,B722,_,00390,412
B722__00380.412,14.002553750814233,42.14058158,B722,_,00380,412
B722__00370.412,13.9875878599724,42.139533709999995,B722,_,00370,412
B722__00360.412,13.997757840936421,42.146185024999994,B722,_,00360,412
B722__0028.412,14.000844404630609,42.158519435,B722,_,0028,412
B722__00270.412,13.988021616896873,42.15079414,B722,_,00270,412
B722__00260.412,13.982737019077662,42.15296291,B722,_,00260,412
B722__00250.412,13.980026737267682,42.15850551,B722,_,00250,412
B722__00220.412,14.05491028772393,42.17161176,B722,_,00220,412
B722__00210.412,14.032894718670857,42.168022315,B722,_,00210,412
B722__00200.412,14.024461060640343,42.16473181,B722,_,00200,412
B722__00190.412,13.998575462616186,42.163917645,B722,_,00190,412
B722__00180.412,14.020823732706269,42.17344457,B722,_,00180,412
B722__00140.412,13.985067212728065,42.168850219999996,B722,_,00140,412
B722__00130.412,13.978312675146233,42.179245769999994,B722,_,00130,412
B722__00110.412,13.998397556447685,42.186606319999996,B722,_,00110,412
B722__00100.412,13.983547076779521,42.175454095,B722,_,00100,412
B722__00090.412,13.973805691461843,42.186329135,B722,_,00090,412
B722__00080.412,13.964426347242146,42.182818545,B722,_,00080,412
B722__00070.412,13.996762292694562,42.1976285,B722,_,00070,412
B722__00060.412,13.98245715944265,42.19548726,B722,_,00060,412
B722__00050.412,13.971863440816911,42.190966625,B722,_,00050,412
B722__00040.412,13.977082445862216,42.196057765,B722,_,00040,412
B722__00030.412,13.969143660012271,42.191671055,B722,_,00030,412
B722__00020.413,13.986098802096762,42.20233007,B722,_,00020,413
B722__00530.413,14.027822359825064,42.139656020000004,B722,_,00530,413
B722__00520.413,14.008999412898255,42.135878579999996,B722,_,00520,413
B722__00510.413,14.003384146744954,42.13862942,B722,_,00510,413
B722__00430.413,14.025074120950343,42.15395585,B722,_,00430,413
B722__00420.413,14.022401744726203,42.14913736,B722,_,00420,413
B722__00410.413,14.015113788145566,42.15586785,B722,_,00410,413
B722__00400.413,14.002519145585254,42.147087165,B722,_,00400,413
B722__00390.413,14.002425350892539,42.14273813,B722,_,00390,413
B722__00380.413,14.002832786027174,42.140499070000004,B722,_,00380,413
B722__00370.413,13.987637785724361,42.138740495,B722,_,00370,413
B722__00360.413,13.998088544813099,42.1461475,B722,_,00360,413
B722__0028.413,14.000928273478317,42.158495540000004,B722,_,0028,413
B722__00270.413,13.988667528479859,42.151389855000005,B722,_,00270,413
B722__00250.413,13.980536943601807,42.158435155,B722,_,00250,413
B722__00220.413,14.05503856407109,42.171412180000004,B722,_,00220,413
B722__00210.413,14.032995685863732,42.168244585,B722,_,00210,413
B722__00200.413,14.024460766377324,42.16453541,B722,_,00200,413
B722__00190.413,13.999018047623604,42.164077545,B722,_,00190,413
B722__00180.413,14.025437385995286,42.170896035,B722,_,00180,413
B722__00150.413,13.99730050735267,42.17863049,B722,_,00150,413
B722__00140.413,13.98528522602523,42.169158265,B722,_,00140,413
B722__00130.413,13.977956837440011,42.1797109,B722,_,00130,413
B722__00110.413,13.998337463802994,42.18661998,B722,_,00110,413
B722__00100.413,13.984235424815813,42.175377805,B722,_,00100,413
B722__00090.413,13.974650420560017,42.186261110000004,B722,_,00090,413
B722__00080.413,13.964854534007657,42.18289364,B722,_,00080,413
B722__00070.413,13.997548782826051,42.19638737,B722,_,00070,413
B722__00060.413,13.982792593388732,42.19553331,B722,_,00060,413
B722__00050.413,13.983389238324692,42.19337064,B722,_,00050,413
B722__00040.413,13.977079928992826,42.19583189,B722,_,00040,413
B722__00030.413,13.969186041082635,42.19155875,B722,_,00030,413
B722__00020.414,13.986097420573127,42.202271375,B722,_,00020,414
B722__00530.414,14.02822588566859,42.13935089,B722,_,00530,414
B722__00520.414,14.009275833426917,42.13548857,B722,_,00520,414
B722__00510.414,14.003360658900117,42.138749829999995,B722,_,00510,414
B722__00430.414,14.033250211737268,42.154525025,B722,_,00430,414
B722__00420.414,14.023280541965718,42.147664395,B722,_,00420,414
B722__00400.414,14.00304603857176,42.14726521,B722,_,00400,414
B722__00390.414,14.002306864424455,42.142626605,B722,_,00390,414
B722__00380.414,14.002757512541145,42.140405795,B722,_,00380,414
B722__00370.414,13.989028579653063,42.139328395,B722,_,00370,414
B722__00360.414,13.998799465359806,42.146372005,B722,_,00360,414
B722__0028.414,14.001034804733848,42.158495540000004,B722,_,0028,414
B722__00270.414,13.989224800826744,42.150639115000004,B722,_,00270,414
B722__00260.414,13.983023538738365,42.153311654999996,B722,_,00260,414
B722__00250.414,13.980674611250176,42.15826133,B722,_,00250,414
B722__00220.414,14.061020036630634,42.167397335000004,B722,_,00220,414
B722__00210.414,14.032065608663608,42.169892085,B722,_,00210,414
B722__00200.414,14.024278735236766,42.16438109,B722,_,00200,414
B722__00190.414,14.0083535618965,42.16477327,B722,_,00190,414
B722__00180.414,14.025875753414995,42.1716876,B722,_,00180,414
B722__00150.414,13.997016189693644,42.177978710000005,B722,_,00150,414
B722__00140.414,13.985873583478007,42.169803795,B722,_,00140,414
B722__00130.414,13.977663706479355,42.17926597,B722,_,00130,414
B722__00110.414,13.998285412893837,42.186653605000004,B722,_,00110,414
B722__00100.414,13.984275930132242,42.176040085,B722,_,00100,414
B722__00090.414,13.975114389060638,42.186102285000004,B722,_,00090,414
B722__00080.414,13.960698012206727,42.185885165,B722,_,00080,414
B722__00070.414,13.997685392960083,42.196474370000004,B722,_,00070,414
B722__00060.414,13.982628948210124,42.1954005,B722,_,00060,414
B722__00050.414,13.971589934699196,42.190799525,B722,_,00050,414
B722__00040.414,13.976897672852973,42.195513155,B722,_,00040,414
B722__00030.414,13.969193561907126,42.19134287,B722,_,00030,414
B722__00020.415,13.98596746860442,42.202225694999996,B722,_,00020,415
B722__00530.415,14.028508442311605,42.139288475,B722,_,00530,415
B722__00520.415,14.00925759127773,42.135643259999995,B722,_,00520,415
B722__00430.415,14.01943096144146,42.1529815,B722,_,00430,415
B722__00420.415,14.023697955300467,42.148269495,B722,_,00420,415
B722__00410.415,14.015228582815546,42.155802365,B722,_,00410,415
B722__00400.415,14.003621935249916,42.147299645000004,B722,_,00400,415
B722__00380.415,14.001989666036847,42.14123945,B722,_,00380,415
B722__00370.415,13.989474236231073,42.139766175000005,B722,_,00370,415
B722__00360.415,13.998409016311136,42.145952255,B722,_,00360,415
B722__00270.415,13.990000651932672,42.150548385,B722,_,00270,415
B722__00250.415,13.980353838869348,42.157930205,B722,_,00250,415
B722__00220.415,14.060863667087279,42.167370954999996,B722,_,00220,415
B722__00200.415,14.024081209666544,42.165086035,B722,_,00200,415
B722__00190.415,13.999294237630421,42.164013800000006,B722,_,00190,415
B722__00180.415,14.027351837970109,42.172548405,B722,_,00180,415
B722__00150.415,13.997065804504324,42.179425359999996,B722,_,00150,415
B722__00140.415,13.98521245808991,42.169645365,B722,_,00140,415
B722__00110.415,14.000381347992251,42.185575285,B722,_,00110,415
B722__00100.415,13.984547766072733,42.176009745,B722,_,00100,415
B722__00090.415,13.97256359234184,42.185472575,B722,_,00090,415
B722__00080.415,13.960774666239324,42.18597982,B722,_,00080,415
B722__00070.415,14.001131897579016,42.193666015,B722,_,00070,415
B722__00060.415,13.982441373212804,42.195302569999996,B722,_,00060,415
B722__00050.415,13.971882983406779,42.190823315,B722,_,00050,415
B722__00040.415,13.976767201773642,42.195395245,B722,_,00040,415
B722__00030.415,13.962144634266991,42.190328324999996,B722,_,00030,415
B722__00020.416,13.986011034868342,42.202145474999995,B722,_,00020,416
B722__00530.416,14.02519383958442,42.141201305,B722,_,00530,416
B722__00520.416,14.009335618260135,42.135595685,B722,_,00520,416
B722__00430.416,14.020814264672778,42.153805989999995,B722,_,00430,416
B722__00420.416,14.024143899779482,42.14844093,B722,_,00420,416
B722__00410.416,14.016148480525487,42.156145995,B722,_,00410,416
B722__00390.416,14.00221506978731,42.14267776,B722,_,00390,416
B722__00380.416,14.002070025891786,42.141365475,B722,_,00380,416
B722__00370.416,13.987069852432679,42.139463315,B722,_,00370,416
B722__00360.416,13.995750265591965,42.15358155,B722,_,00360,416
B722__0028.416,14.001130121579862,42.15846501,B722,_,0028,416
B722__00270.416,13.986603591695836,42.149474999999995,B722,_,00270,416
B722__00250.416,13.98080874767172,42.158094739999996,B722,_,00250,416
B722__00220.416,14.061339696249318,42.167637670000005,B722,_,00220,416
B722__00200.416,14.024232206716139,42.164823135000006,B722,_,00200,416
B722__00190.416,13.998912614692685,42.163653675,B722,_,00190,416
B722__00180.416,14.028204280190103,42.17165238,B722,_,00180,416
B722__00150.416,13.998026733566462,42.178407535000005,B722,_,00150,416
B722__00140.416,13.98560458731258,42.169504445,B722,_,00140,416
B722__00110.416,14.002807552850879,42.18645378,B722,_,00110,416
B722__00100.416,13.984526539514142,42.175401005,B722,_,00100,416
B722__00080.416,13.960270572232869,42.18817198,B722,_,00080,416
B722__00070.416,14.001563235332371,42.1892103,B722,_,00070,416
B722__00060.416,13.98277728683983,42.195333614999996,B722,_,00060,416
B722__00050.416,13.971899517341905,42.190498655,B722,_,00050,416
B722__00040.416,13.977380881490756,42.19532769,B722,_,00040,416
B722__00030.416,13.96197009803118,42.190322415,B722,_,00030,416
B722__00020.417,13.986105045662718,42.20212824,B722,_,00020,417
B722__00530.417,14.025196399042805,42.14111452,B722,_,00530,417
B722__00520.417,14.009424590021897,42.135531685000004,B722,_,00520,417
B722__00430.417,14.026886786906584,42.15510462,B722,_,00430,417
B722__00420.417,14.025128090135919,42.148272885,B722,_,00420,417
B722__00410.417,14.016425807258209,42.155919905000005,B722,_,00410,417
B722__00400.417,14.00306012768536,42.151146010000005,B722,_,00400,417
B722__00390.417,14.002220594401955,42.142838075,B722,_,00390,417
B722__00380.417,14.001903248133656,42.14118722,B722,_,00380,417
B722__00370.417,13.986847610761858,42.13918461,B722,_,00370,417
B722__00360.417,13.998543732691271,42.145524574999996,B722,_,00360,417
B722__0028.417,14.00120066724296,42.158468694999996,B722,_,0028,417
B722__00270.417,13.986634420674218,42.14962299,B722,_,00270,417
B722__00250.417,13.981083051542441,42.157992300000004,B722,_,00250,417
B722__00220.417,14.042032067668448,42.16966273,B722,_,00220,417
B722__00200.417,14.024565028914157,42.16507011,B722,_,00200,417
B722__00190.417,13.99912977293067,42.163660645,B722,_,00190,417
B722__00180.417,14.028108984818084,42.172168765,B722,_,00180,417
B722__00150.417,13.997319810209829,42.177788,B722,_,00150,417
B722__00140.417,13.98597801522003,42.169443945,B722,_,00140,417
B722__00110.417,14.00207851611666,42.186597070000005,B722,_,00110,417
B722__00100.417,13.984743079164057,42.17541926,B722,_,00100,417
B722__00080.417,13.965899684301492,42.187156975,B722,_,00080,417
B722__00070.417,14.001215127279423,42.18905994,B722,_,00070,417
B722__00060.417,13.982689155624797,42.19524703,B722,_,00060,417
B722__00050.417,13.972350176882607,42.190645105,B722,_,00050,417
B722__00040.417,13.978032343743084,42.19630482,B722,_,00040,417
B722__00030.417,13.962008235313181,42.190462205,B722,_,00030,417
B722__00030.418,13.962002006529847,42.19061956,B722,_,00030,418
B722__00530.418,14.025500837834315,42.141056495,B722,_,00530,418
B722__00520.418,14.009370880787293,42.135629449999996,B722,_,00520,418
B722__00430.418,14.033542112558846,42.15388408,B722,_,00430,418
B722__00420.418,14.006237657646253,42.144059490000004,B722,_,00420,418
B722__00410.418,14.01734749925669,42.15605032,B722,_,00410,418
B722__00390.418,14.002137487308616,42.142758130000004,B722,_,00390,418
B722__00380.418,14.001901818737071,42.14124173,B722,_,00380,418
B722__00370.418,13.986742078647001,42.139021355,B722,_,00370,418
B722__00360.418,13.99852080907963,42.145019065,B722,_,00360,418
B722__00290.418,14.012736224833635,42.158708965,B722,_,00290,418
B722__0028.418,14.001286930620687,42.15842154,B722,_,0028,418
B722__00270.418,13.986868065203543,42.14956153,B722,_,00270,418
B722__00260.418,13.98326868264143,42.153322365,B722,_,00260,418
B722__00250.418,13.981760320442458,42.15848923,B722,_,00250,418
B722__00220.418,14.042000600213964,42.16950972,B722,_,00220,418
B722__00200.418,14.024650554413238,42.165013115,B722,_,00200,418
B722__00190.418,13.999995076794729,42.164212344999996,B722,_,00190,418
B722__00180.418,14.02361904602689,42.174195755,B722,_,00180,418
B722__00150.418,14.000858309889008,42.17821602,B722,_,00150,418
B722__00140.418,13.986253772258761,42.169718535,B722,_,00140,418
B722__00110.418,13.992549638049308,42.180902365,B722,_,00110,418
B722__00100.418,13.98469656194238,42.17598334,B722,_,00100,418
B722__00090.418,13.972794938027864,42.185155245000004,B722,_,00090,418
B722__00080.418,13.966511566749862,42.187305105,B722,_,00080,418
B722__00070.418,14.000836338782024,42.18894125,B722,_,00070,418
B722__00060.418,13.982452291861447,42.195086555,B722,_,00060,418
B722__00050.418,13.973427904389247,42.190312325,B722,_,00050,418
B722__00040.418,13.97188282706516,42.196846089999994,B722,_,00040,418
B722__00030.419,13.962166306910419,42.190418435,B722,_,00030,419
B722__00530.419,14.025743230793427,42.14099246,B722,_,00530,419
B722__00520.419,14.009751291216874,42.135589225000004,B722,_,00520,419
B722__00430.419,14.034676039090733,42.153907415000006,B722,_,00430,419
B722__00410.419,14.016202799400068,42.155489305,B722,_,00410,419
B722__00400.419,14.004523389554569,42.148542379999995,B722,_,00400,419
B722__00390.419,14.001987179298084,42.142377530000005,B722,_,00390,419
B722__00380.419,14.00183154411716,42.141428755,B722,_,00380,419
B722__00370.419,13.986225277124909,42.139011005,B722,_,00370,419
B722__00360.419,13.994379833664041,42.14477875,B722,_,00360,419
B722__00290.419,14.012888466531493,42.158710735,B722,_,00290,419
B722__0028.419,14.001225731547489,42.158372310000004,B722,_,0028,419
B722__00270.419,13.987070692150198,42.14960919,B722,_,00270,419
B722__00250.419,13.981230279724178,42.157595810000004,B722,_,00250,419
B722__00220.419,14.0547641440345,42.16913125,B722,_,00220,419
B722__00200.419,14.025130836036656,42.165007385,B722,_,00200,419
B722__00190.419,13.99979798765335,42.164022125,B722,_,00190,419
B722__00150.419,14.001681874135217,42.17779976,B722,_,00150,419
B722__00140.419,13.984074100581658,42.173072825,B722,_,00140,419
B722__00100.419,13.985016701237697,42.17591352,B722,_,00100,419
B722__00080.419,13.964590737299527,42.1878267,B722,_,00080,419
B722__00070.419,13.994856011668103,42.19047917,B722,_,00070,419
B722__00060.419,13.982690261584693,42.195094135,B722,_,00060,419
B722__00050.419,13.972228575514475,42.191105335,B722,_,00050,419
B722__00040.419,13.973225700597784,42.196851824999996,B722,_,00040,419
B722__00010.42,13.96836959259253,42.209805035,B722,_,00010,42
B722__00610.42,13.998527298484223,42.12123955,B722,_,00610,42
B722__00600.42,14.011038682533382,42.131968619999995,B722,_,00600,42
B722__00590.42,13.990712875777069,42.12578043,B722,_,00590,42
B722__00540.42,14.040847023532226,42.14531838,B722,_,00540,42
B722__00530.42,14.028494503754096,42.14797084,B722,_,00530,42
B722__00520.42,14.007025593293633,42.14176953,B722,_,00520,42
B722__0051.42,14.004636306056906,42.142379885,B722,_,0051,42
B722__00500.42,13.989743463859977,42.136716805,B722,_,00500,42
B722__00490.42,13.98642905004671,42.13002953,B722,_,00490,42
B722__00480.42,13.975906666872856,42.138577895,B722,_,00480,42
B722__00450.42,14.052876832324642,42.14205998,B722,_,00450,42
B722__00440.42,14.048337452239146,42.154085835000004,B722,_,00440,42
B722__00430.42,14.018566385772314,42.15729188,B722,_,00430,42
B722__00420.42,14.013040049190554,42.15094843,B722,_,00420,42
B722__00410.42,14.005414891743476,42.15761183,B722,_,00410,42
B722__00400.42,14.002095539264673,42.153068095,B722,_,00400,42
B722__00390.42,13.998134578442375,42.14440558,B722,_,00390,42
B722__00380.42,13.999473728842602,42.14152832,B722,_,00380,42
B722__00360.42,13.995196626886052,42.152601974999996,B722,_,00360,42
B722__00350.42,13.982299302441838,42.147443210000006,B722,_,00350,42
B722__00340.42,13.974447741382864,42.145916925,B722,_,00340,42
B722__00330.42,13.97941868986321,42.153195769999996,B722,_,00330,42
B722__00300.42,14.018465622249835,42.161547389999996,B722,_,00300,42
B722__00290.42,14.01010445159815,42.161834725000006,B722,_,00290,42
B722__0028.42,13.997139525549787,42.15895988,B722,_,0028,42
B722__00270.42,13.990124526077867,42.16001826,B722,_,00270,42
B722__00260.42,13.98261538591365,42.16442351,B722,_,00260,42
B722__00250.42,13.9809409198929,42.166665565,B722,_,00250,42
B722__00230.42,14.067116698377292,42.1680583,B722,_,00230,42
B722__00220.42,14.053946962733487,42.17234861,B722,_,00220,42
B722__00210.42,14.036114993225832,42.171086525,B722,_,00210,42
B722__00200.42,14.02772879173081,42.169745899999995,B722,_,00200,42
B722__00190.42,14.00833152420678,42.169245675,B722,_,00190,42
B722__00170.42,14.011198003133519,42.179813745000004,B722,_,00170,42
B722__00160.42,14.012199618604178,42.1738264,B722,_,00160,42
B722__00150.42,13.999705200187414,42.17724105,B722,_,00150,42
B722__00130.42,13.97722834338476,42.17695501,B722,_,00130,42
B722__00120.42,14.005770711672021,42.19519271,B722,_,00120,42
B722__00110.42,14.00140250752932,42.18565877,B722,_,00110,42
B722__00100.42,13.982372643368329,42.187765049999996,B722,_,00100,42
B722__0009.42,13.969407683972694,42.187303854999996,B722,_,0009,42
B722__00080.42,13.962085692559985,42.189970360000004,B722,_,00080,42
B722__00050.42,13.982535955049912,42.194452229999996,B722,_,00050,42
B722__00040.42,13.974326490605822,42.201020845,B722,_,00040,42
B722__00030.42,13.963970828418582,42.197717615,B722,_,00030,42
B722__00020.42,13.978194503791652,42.20787604,B722,_,00020,42
B722__00030.420,13.962225788947244,42.19028173,B722,_,00030,420
B722__00530.420,14.02600891269041,42.140894065,B722,_,00530,420
B722__00520.420,14.009598106589284,42.13569131,B722,_,00520,420
B722__00510.420,14.000740735318665,42.137521840000005,B722,_,00510,420
B722__00430.420,14.018912646648587,42.15292129,B722,_,00430,420
B722__00410.420,14.015889314582076,42.15573086,B722,_,00410,420
B722__00400.420,14.00461825437774,42.148300715000005,B722,_,00400,420
B722__00390.420,14.002210150258545,42.14252189,B722,_,00390,420
B722__00380.420,14.00195682391309,42.141221035,B722,_,00380,420
B722__00370.420,13.987483656440553,42.14006196,B722,_,00370,420
B722__00360.420,13.994457069371347,42.144935535,B722,_,00360,420
B722__0028.420,14.000762020411166,42.15743136,B722,_,0028,420
B722__00270.420,13.98680090709593,42.149217675,B722,_,00270,420
B722__00260.420,13.983343179888411,42.153335674999994,B722,_,00260,420
B722__00250.420,13.98052489149912,42.156964505000005,B722,_,00250,420
B722__00220.420,14.054232505947788,42.169120910000004,B722,_,00220,420
B722__00200.420,14.02502922609369,42.16495953,B722,_,00200,420
B722__00190.420,13.99971660012126,42.16392674,B722,_,00190,420
B722__00180.420,14.025084811038036,42.172182375,B722,_,00180,420
B722__00150.420,14.002480773041999,42.177346185000005,B722,_,00150,420
B722__00140.420,13.97976189466861,42.170748345,B722,_,00140,420
B722__00100.420,13.985275532885193,42.176386359999995,B722,_,00100,420
B722__00080.420,13.963503004404599,42.18827965,B722,_,00080,420
B722__00070.420,14.004001397339758,42.195147795,B722,_,00070,420
B722__00060.420,13.982693388946485,42.19500378,B722,_,00060,420
B722__00050.420,13.97323736664892,42.190934645,B722,_,00050,420
B722__00040.420,13.973226223740614,42.19665903,B722,_,00040,420
B722__00020.421,13.98611882929168,42.201978479999994,B722,_,00020,421
B722__00530.421,14.02635183568946,42.140788405,B722,_,00530,421
B722__00520.421,14.009833987363397,42.13560586,B722,_,00520,421
B722__00510.421,14.000987108530506,42.1377302,B722,_,00510,421
B722__00430.421,14.018765966008663,42.15289058,B722,_,00430,421
B722__00410.421,14.016709806446908,42.155463525,B722,_,00410,421
B722__00390.421,14.001964577910009,42.14249567,B722,_,00390,421
B722__00380.421,14.001903136504318,42.14141932,B722,_,00380,421
B722__00370.421,13.987663892954743,42.14024184,B722,_,00370,421
B722__00360.421,13.994561207642883,42.14464924,B722,_,00360,421
B722__00290.421,14.01192799464126,42.159457805,B722,_,00290,421
B722__0028.421,14.001156141474468,42.15837013,B722,_,0028,421
B722__00270.421,13.98718804233141,42.149062045,B722,_,00270,421
B722__00250.421,13.979645651580196,42.15655564,B722,_,00250,421
B722__00220.421,14.054050055997905,42.169116095,B722,_,00220,421
B722__00200.421,14.024912598227882,42.164920269999996,B722,_,00200,421
B722__00190.421,13.999549500639095,42.16384251,B722,_,00190,421
B722__00180.421,14.026272693908904,42.172059955,B722,_,00180,421
B722__00150.421,14.002728887056692,42.17707412,B722,_,00150,421
B722__00140.421,13.97978185364353,42.17107886,B722,_,00140,421
B722__00100.421,13.985710145009469,42.176451915,B722,_,00100,421
B722__00080.421,13.963501982509115,42.18791292,B722,_,00080,421
B722__00070.421,14.001499103784345,42.193134099999995,B722,_,00070,421
B722__00060.421,13.982732153960976,42.194841624999995,B722,_,00060,421
B722__00050.421,13.974154250527162,42.19041383,B722,_,00050,421
B722__00040.421,13.972990526445905,42.201953075,B722,_,00040,421
B722__00030.421,13.962286619481063,42.190391765,B722,_,00030,421
B722__00030.422,13.962769194712507,42.190411885,B722,_,00030,422
B722__00530.422,14.030508958292888,42.138416455,B722,_,00530,422
B722__00520.422,14.009973622391843,42.13555173,B722,_,00520,422
B722__00510.422,14.001192609498464,42.137749295,B722,_,00510,422
B722__00430.422,14.02332481837577,42.15183949,B722,_,00430,422
B722__00410.422,14.016844603582935,42.155197555,B722,_,00410,422
B722__00390.422,14.002089587027694,42.142604835,B722,_,00390,422
B722__00380.422,14.001916393036126,42.14088066,B722,_,00380,422
B722__00360.422,13.994694190777539,42.14479588499999,B722,_,00360,422
B722__0028.422,14.00114609517246,42.15833472,B722,_,0028,422
B722__00270.422,13.987622886926125,42.149466415,B722,_,00270,422
B722__00250.422,13.979269493824168,42.156347015,B722,_,00250,422
B722__00220.422,14.052319526101758,42.167742985000004,B722,_,00220,422
B722__00200.422,14.024879284661736,42.164825285000006,B722,_,00200,422
B722__00190.422,14.00838699721304,42.16471067,B722,_,00190,422
B722__00150.422,14.001181677343084,42.177912205,B722,_,00150,422
B722__00140.422,13.980431615015974,42.171195215,B722,_,00140,422
B722__00100.422,13.986134622340767,42.176489865,B722,_,00100,422
B722__00080.422,13.962957958875919,42.187500674999995,B722,_,00080,422
B722__00070.422,13.995855823842135,42.193591755,B722,_,00070,422
B722__00060.422,13.982908223500914,42.194726610000004,B722,_,00060,422
B722__00040.422,13.973049203820946,42.201800565,B722,_,00040,422
B722__00030.423,13.962973488690725,42.190543434999995,B722,_,00030,423
B722__00530.423,14.031322460175446,42.137436065,B722,_,00530,423
B722__00520.423,14.010115535764928,42.13549777,B722,_,00520,423
B722__00510.423,14.00143905121491,42.137761995,B722,_,00510,423
B722__00410.423,14.017264734082744,42.15550099,B722,_,00410,423
B722__00380.423,14.00209065917852,42.14105648,B722,_,00380,423
B722__00370.423,13.988759069336009,42.141463925,B722,_,00370,423
B722__00360.423,13.994829953625645,42.144543479999996,B722,_,00360,423
B722__0028.423,14.00114256779954,42.158275725,B722,_,0028,423
B722__00270.423,13.987942124669658,42.14966018,B722,_,00270,423
B722__00250.423,13.98019255967116,42.156571665,B722,_,00250,423
B722__00220.423,14.049933416344333,42.168975599999996,B722,_,00220,423
B722__00200.423,14.024801788624437,42.164726294999994,B722,_,00200,423
B722__00190.423,13.99954188909381,42.163523260000005,B722,_,00190,423
B722__00180.423,14.027377659379479,42.172828460000005,B722,_,00180,423
B722__00150.423,14.002177737106535,42.177203155,B722,_,00150,423
B722__00140.423,13.98055070016455,42.170996345,B722,_,00140,423
B722__00100.423,13.985207061714746,42.175691305,B722,_,00100,423
B722__00090.423,13.97313459648083,42.185106505,B722,_,00090,423
B722__00080.423,13.964472506595195,42.187555695,B722,_,00080,423
B722__00060.423,13.982983002868913,42.194584275,B722,_,00060,423
B722__00050.423,13.974972084677614,42.18995279,B722,_,00050,423
B722__00040.423,13.973104355020494,42.201648685,B722,_,00040,423
B722__00030.424,13.96252592434153,42.19061124,B722,_,00030,424
B722__00530.424,14.028883903559205,42.139294469999996,B722,_,00530,424
B722__00520.424,14.010446121465119,42.135581009999996,B722,_,00520,424
B722__00430.424,14.036447417860169,42.150751729999996,B722,_,00430,424
B722__00420.424,14.00803006332691,42.144388645,B722,_,00420,424
B722__00410.424,14.01747415343047,42.15515413,B722,_,00410,424
B722__00390.424,14.002022509352887,42.14265058,B722,_,00390,424
B722__00380.424,14.002248240125269,42.141098355,B722,_,00380,424
B722__00370.424,13.98826249490404,42.142377735,B722,_,00370,424
B722__00270.424,13.988347388299676,42.14956315,B722,_,00270,424
B722__00250.424,13.97959907855114,42.156262415,B722,_,00250,424
B722__00220.424,14.050055826024437,42.168766045,B722,_,00220,424
B722__00200.424,14.024657548159048,42.164493105000005,B722,_,00200,424
B722__00190.424,13.999830874158071,42.16354649,B722,_,00190,424
B722__00180.424,14.023929356767514,42.174036875,B722,_,00180,424
B722__00150.424,14.002053330214476,42.177060755,B722,_,00150,424
B722__00140.424,13.980782790778363,42.170767694999995,B722,_,00140,424
B722__00100.424,13.98543804815991,42.17555942,B722,_,00100,424
B722__00080.424,13.962673512057052,42.186623585,B722,_,00080,424
B722__00070.424,13.996970476155195,42.19609043,B722,_,00070,424
B722__00060.424,13.98314764917157,42.19445877,B722,_,00060,424
B722__00050.424,13.974968996820902,42.190598935,B722,_,00050,424
B722__00040.424,13.979542077504888,42.196953705,B722,_,00040,424
B722__00030.425,13.962553889406344,42.19079765,B722,_,00030,425
B722__00530.425,14.029160097074321,42.138965209999995,B722,_,00530,425
B722__00520.425,14.01005930082068,42.13611459,B722,_,00520,425
B722__00430.425,14.036446972620428,42.1520138,B722,_,00430,425
B722__00420.425,14.008169641772808,42.1446675,B722,_,00420,425
B722__00410.425,14.0178076280203,42.155260025000004,B722,_,00410,425
B722__00380.425,14.002203133867088,42.140732545000006,B722,_,00380,425
B722__00370.425,13.989271177212771,42.142962170000004,B722,_,00370,425
B722__00360.425,13.994914494409308,42.144673905000005,B722,_,00360,425
B722__0028.425,14.00117330923073,42.158230044999996,B722,_,0028,425
B722__00270.425,13.988902477039003,42.150084910000004,B722,_,00270,425
B722__00260.425,13.983504880283274,42.1534671,B722,_,00260,425
B722__00250.425,13.979743438094559,42.15618374,B722,_,00250,425
B722__00220.425,14.060641201438454,42.16652143,B722,_,00220,425
B722__00200.425,14.02450838710515,42.164280305,B722,_,00200,425
B722__00190.425,13.999563649455407,42.16322821,B722,_,00190,425
B722__00180.425,14.021608075353527,42.178287415,B722,_,00180,425
B722__00150.425,14.00190472892422,42.177059709999995,B722,_,00150,425
B722__00140.425,13.980945606756329,42.170815605,B722,_,00140,425
B722__00100.425,13.985692735950664,42.175670045000004,B722,_,00100,425
B722__00080.425,13.96287896646474,42.187346455,B722,_,00080,425
B722__00060.425,13.983394523452603,42.1942061,B722,_,00060,425
B722__00050.425,13.976099942033535,42.19070218,B722,_,00050,425
B722__00040.425,13.978623752754036,42.196451135,B722,_,00040,425
B722__00020.426,13.986623054560056,42.20219948,B722,_,00020,426
B722__00530.426,14.032433050052587,42.135310655,B722,_,00530,426
B722__00520.426,14.009723725302216,42.136239405,B722,_,00520,426
B722__00430.426,14.035773520098527,42.152183725,B722,_,00430,426
B722__00410.426,14.017160268573491,42.155056795,B722,_,00410,426
B722__00390.426,14.001962452741441,42.142983115,B722,_,00390,426
B722__00380.426,14.002319273209999,42.140806620000006,B722,_,00380,426
B722__00370.426,13.99504080147178,42.139871575,B722,_,00370,426
B722__00360.426,13.994945429829698,42.14464228,B722,_,00360,426
B722__00290.426,14.01417402657789,42.159826435,B722,_,00290,426
B722__0028.426,14.00150196125864,42.15826305,B722,_,0028,426
B722__00270.426,13.988966759795417,42.14964693,B722,_,00270,426
B722__00260.426,13.983678945563671,42.15355685,B722,_,00260,426
B722__00250.426,13.979800695657858,42.155976710000004,B722,_,00250,426
B722__00220.426,14.06076075029248,42.166268474999995,B722,_,00220,426
B722__00200.426,14.024482819209016,42.16629494,B722,_,00200,426
B722__00190.426,14.000560560201816,42.164478895,B722,_,00190,426
B722__00180.426,14.020496422617839,42.17868455,B722,_,00180,426
B722__00150.426,14.002275069159241,42.17666269,B722,_,00150,426
B722__00140.426,13.980989520654157,42.170587995000005,B722,_,00140,426
B722__00100.426,13.986167311408284,42.1757145,B722,_,00100,426
B722__00090.426,13.973193074885023,42.18511189,B722,_,00090,426
B722__00080.426,13.964345788005115,42.1872663,B722,_,00080,426
B722__00060.426,13.983517295845353,42.193871535,B722,_,00060,426
B722__00050.426,13.975724535172732,42.190434425,B722,_,00050,426
B722__00040.426,13.978439078487716,42.199710984999996,B722,_,00040,426
B722__00030.426,13.962902752442869,42.1908773,B722,_,00030,426
B722__00030.427,13.96343098333081,42.190935395,B722,_,00030,427
B722__00530.427,14.0319056256786,42.135167089999996,B722,_,00530,427
B722__00520.427,14.01023968835208,42.136190665,B722,_,00520,427
B722__00430.427,14.035113640786179,42.152085245,B722,_,00430,427
B722__00420.427,14.010495181359959,42.14511014,B722,_,00420,427
B722__00410.427,14.017566227263394,42.15463761,B722,_,00410,427
B722__00390.427,14.002289578693237,42.14300577,B722,_,00390,427
B722__00380.427,14.002504514711351,42.140884875,B722,_,00380,427
B722__00370.427,13.995171436905753,42.139486945,B722,_,00370,427
B722__00360.427,13.995046703338318,42.144627915,B722,_,00360,427
B722__00290.427,14.01472279033871,42.1596833,B722,_,00290,427
B722__0028.427,14.001429855839785,42.158074299999996,B722,_,0028,427
B722__00270.427,13.989250130568792,42.149384510000004,B722,_,00270,427
B722__00260.427,13.983697420453254,42.15342707,B722,_,00260,427
B722__00250.427,13.980383584583883,42.15621075,B722,_,00250,427
B722__00220.427,14.043737369830197,42.169017929999995,B722,_,00220,427
B722__00200.427,14.025147477765156,42.165262095,B722,_,00200,427
B722__00190.427,14.000818861965506,42.164409475,B722,_,00190,427
B722__00180.427,14.020297981021457,42.17843321,B722,_,00180,427
B722__00150.427,14.000968622345955,42.177167235,B722,_,00150,427
B722__00140.427,13.980460654816206,42.171315195,B722,_,00140,427
B722__00100.427,13.986653122031653,42.175823345,B722,_,00100,427
B722__00090.427,13.973220899868261,42.18525959,B722,_,00090,427
B722__00080.427,13.964321430400965,42.187177555000005,B722,_,00080,427
B722__00060.427,13.98373294123631,42.19357124,B722,_,00060,427
B722__00050.427,13.97621931712715,42.190319365,B722,_,00050,427
B722__00040.427,13.977641394471814,42.19911937,B722,_,00040,427
B722__00020.428,13.986558763328965,42.202371365000005,B722,_,00020,428
B722__00530.428,14.032252368256747,42.134979799999996,B722,_,00530,428
B722__00520.428,14.01011040665593,42.135947185,B722,_,00520,428
B722__00430.428,14.028633379706367,42.149931620000004,B722,_,00430,428
B722__00420.428,14.01094061256524,42.145267685,B722,_,00420,428
B722__00410.428,14.016670975528033,42.154747945,B722,_,00410,428
B722__00380.428,14.002662713398454,42.140512,B722,_,00380,428
B722__00370.428,13.990913965073888,42.14490879,B722,_,00370,428
B722__00290.428,14.014769074180233,42.15976699,B722,_,00290,428
B722__0028.428,14.001524946399414,42.158026905,B722,_,0028,428
B722__00270.428,13.987037785679927,42.148419695,B722,_,00270,428
B722__00260.428,13.983806626220112,42.153443679999995,B722,_,00260,428
B722__00250.428,13.974262903596657,42.15711446,B722,_,00250,428
B722__00220.428,14.052586426997959,42.172581855000004,B722,_,00220,428
B722__00200.428,14.02700681233495,42.17041093,B722,_,00200,428
B722__00190.428,14.000342248650096,42.164290210000004,B722,_,00190,428
B722__00180.428,14.02250177211986,42.17506449,B722,_,00180,428
B722__00150.428,14.001043768230947,42.175701395000004,B722,_,00150,428
B722__00140.428,13.980783925437807,42.17129826,B722,_,00140,428
B722__00100.428,13.987226439803553,42.176069525,B722,_,00100,428
B722__00090.428,13.973276963351527,42.185219239999995,B722,_,00090,428
B722__00080.428,13.962729419597231,42.18616145,B722,_,00080,428
B722__00070.428,13.997882114643364,42.194937315000004,B722,_,00070,428
B722__00060.428,13.983369574962069,42.19485014,B722,_,00060,428
B722__00050.428,13.975960934579579,42.190094525,B722,_,00050,428
B722__00040.428,13.980149537039093,42.198695915,B722,_,00040,428
B722__00030.428,13.963500104933521,42.190556745,B722,_,00030,428
B722__00020.429,13.986678311146628,42.20244583,B722,_,00020,429
B722__00530.429,14.03257664576088,42.13481319,B722,_,00530,429
B722__00520.429,14.010171285879899,42.135958079999995,B722,_,00520,429
B722__00430.429,14.034420584283719,42.150115855,B722,_,00430,429
B722__00420.429,14.0114500339116,42.14557460499999,B722,_,00420,429
B722__00410.429,14.017032002242068,42.15465655,B722,_,00410,429
B722__00380.429,14.00270444186302,42.140571845,B722,_,00380,429
B722__00370.429,13.993243572392991,42.1431563,B722,_,00370,429
B722__00290.429,14.014841111903259,42.159717055,B722,_,00290,429
B722__0028.429,14.001577456456765,42.158064859999996,B722,_,0028,429
B722__00270.429,13.987627256749914,42.148599055,B722,_,00270,429
B722__00260.429,13.983534582275281,42.15336268,B722,_,00260,429
B722__00250.429,13.973702764797395,42.15665594,B722,_,00250,429
B722__00220.429,14.052320648880782,42.172420735,B722,_,00220,429
B722__00200.429,14.030710317973568,42.167630634999995,B722,_,00200,429
B722__00190.429,14.000310245006485,42.16401148,B722,_,00190,429
B722__00180.429,14.020779274564898,42.178348494999995,B722,_,00180,429
B722__00150.429,14.001660022887236,42.175871055,B722,_,00150,429
B722__00140.429,13.98084898674345,42.171103195,B722,_,00140,429
B722__00100.429,13.988581295365734,42.176106735,B722,_,00100,429
B722__00090.429,13.97311988171731,42.185344005000005,B722,_,00090,429
B722__00080.429,13.962145594320063,42.185885815,B722,_,00080,429
B722__00070.429,13.997487331100386,42.1949938,B722,_,00070,429
B722__00050.429,13.976041537533167,42.189835485,B722,_,00050,429
B722__00040.429,13.979345014131567,42.198093854999996,B722,_,00040,429
B722__00030.429,13.963738955250964,42.191102465,B722,_,00030,429
B722__00010.43,13.968653080100346,42.20963922,B722,_,00010,43
B722__00610.43,13.999605466624875,42.120846029999996,B722,_,00610,43
B722__00600.43,14.011135307905452,42.13187223,B722,_,00600,43
B722__00590.43,13.989889509762419,42.124960055,B722,_,00590,43
B722__00540.43,14.041065580592655,42.145054525,B722,_,00540,43
B722__00530.43,14.029087962878283,42.14776954,B722,_,00530,43
B722__00520.43,14.007247541393278,42.14185268,B722,_,00520,43
B722__0051.43,14.004176271115899,42.142611020000004,B722,_,0051,43
B722__00500.43,13.989711957603236,42.1362233,B722,_,00500,43
B722__00490.43,13.987014792591086,42.12984008,B722,_,00490,43
B722__00480.43,13.976008701502405,42.138521925,B722,_,00480,43
B722__00450.43,14.056435337498694,42.144251425,B722,_,00450,43
B722__00440.43,14.049182422927839,42.154083985,B722,_,00440,43
B722__00430.43,14.020979068525204,42.157357489999995,B722,_,00430,43
B722__00420.43,14.012862011723499,42.150778009999996,B722,_,00420,43
B722__00410.43,14.005749351908204,42.15805838,B722,_,00410,43
B722__00400.43,14.001978013145107,42.15273612,B722,_,00400,43
B722__00390.43,13.998333453313867,42.144222694999996,B722,_,00390,43
B722__00380.43,13.999581132248334,42.141434149999995,B722,_,00380,43
B722__00360.43,13.995495513558716,42.152847825,B722,_,00360,43
B722__00350.43,13.982729190028781,42.148244065,B722,_,00350,43
B722__00340.43,13.974167458301459,42.146643295000004,B722,_,00340,43
B722__00330.43,13.977096809921463,42.15311591,B722,_,00330,43
B722__00300.43,14.020286354426919,42.161651684999995,B722,_,00300,43
B722__00290.43,14.01067254217594,42.16240286,B722,_,00290,43
B722__0028.43,13.997248364833922,42.15901905,B722,_,0028,43
B722__00270.43,13.990145920529303,42.1602583,B722,_,00270,43
B722__00260.43,13.98273884412697,42.164204745000006,B722,_,00260,43
B722__00250.43,13.981318677753414,42.16665551,B722,_,00250,43
B722__00230.43,14.067473646603343,42.16830093,B722,_,00230,43
B722__00220.43,14.053959189268703,42.17177216,B722,_,00220,43
B722__00210.43,14.036694201582359,42.170870475,B722,_,00210,43
B722__00200.43,14.02755641925538,42.169928615,B722,_,00200,43
B722__00190.43,14.008780200297164,42.169540215,B722,_,00190,43
B722__00180.43,14.027161070087194,42.176254695,B722,_,00180,43
B722__00170.43,14.01147636717746,42.180408145,B722,_,00170,43
B722__00160.43,14.01267974343585,42.173789889999995,B722,_,00160,43
B722__00150.43,13.998772586966385,42.177649,B722,_,00150,43
B722__00140.43,13.988901273948692,42.173704145,B722,_,00140,43
B722__00130.43,13.976811388473802,42.176944184999996,B722,_,00130,43
B722__00120.43,14.004032404831424,42.192579325,B722,_,00120,43
B722__00110.43,14.001657884134186,42.18634676,B722,_,00110,43
B722__00100.43,13.982638670411404,42.18795322,B722,_,00100,43
B722__0009.43,13.969466578712634,42.187260815,B722,_,0009,43
B722__00080.43,13.962241546916735,42.190054700000005,B722,_,00080,43
B722__00070.43,13.995541915745964,42.195944265,B722,_,00070,43
B722__00060.43,13.987581356788318,42.19991946,B722,_,00060,43
B722__00050.43,13.974236041892784,42.195167705,B722,_,00050,43
B722__00040.43,13.974311958158946,42.20073531,B722,_,00040,43
B722__00030.43,13.964384238143436,42.19765667,B722,_,00030,43
B722__00020.43,13.978037422715754,42.20798654,B722,_,00020,43
B722__00030.430,13.96398158825996,42.191561875000005,B722,_,00030,430
B722__00530.430,14.032844536548705,42.13474287,B722,_,00530,430
B722__00520.430,14.010230552787426,42.135984390000004,B722,_,00520,430
B722__00430.430,14.034896773117673,42.14991939,B722,_,00430,430
B722__00410.430,14.017029977958636,42.154196115000005,B722,_,00410,430
B722__00390.430,14.002021521439481,42.142847270000004,B722,_,00390,430
B722__00380.430,14.002542842929476,42.140638835000004,B722,_,00380,430
B722__00290.430,14.014922827605304,42.15961699,B722,_,00290,430
B722__0028.430,14.00159913081105,42.158093199999996,B722,_,0028,430
B722__00270.430,13.987878658340966,42.14886478,B722,_,00270,430
B722__00260.430,13.983609490361493,42.153339885,B722,_,00260,430
B722__00250.430,13.973457348081967,42.156482565000005,B722,_,00250,430
B722__00220.430,14.052633918793475,42.170786269999994,B722,_,00220,430
B722__00200.430,14.027573720940882,42.16886289,B722,_,00200,430
B722__00190.430,14.00038330971335,42.16392165,B722,_,00190,430
B722__00180.430,14.023151499293256,42.17747541,B722,_,00180,430
B722__00150.430,14.001071069091111,42.17612054,B722,_,00150,430
B722__00140.430,13.981493117591423,42.171085205,B722,_,00140,430
B722__00100.430,13.984376253327353,42.188842824999995,B722,_,00100,430
B722__00090.430,13.973219148089354,42.18538512,B722,_,00090,430
B722__00080.430,13.962221472157314,42.186474055000005,B722,_,00080,430
B722__00050.430,13.975073396018534,42.18977254,B722,_,00050,430
B722__00040.430,13.980703710120029,42.19700781,B722,_,00040,430
B722__00030.431,13.964214569823467,42.19115436,B722,_,00030,431
B722__00530.431,14.03236191340864,42.147552295,B722,_,00530,431
B722__00520.431,14.010337737565123,42.136050455,B722,_,00520,431
B722__00510.431,14.002046918987261,42.137526945,B722,_,00510,431
B722__00430.431,14.035381351110022,42.149701095,B722,_,00430,431
B722__00410.431,14.01754158809767,42.154265245000005,B722,_,00410,431
B722__00390.431,14.001557588020173,42.142715725,B722,_,00390,431
B722__00380.431,14.002781172123562,42.140718475,B722,_,00380,431
B722__00290.431,14.015100990632092,42.159642835,B722,_,00290,431
B722__0028.431,14.001614118419617,42.158123085,B722,_,0028,431
B722__00270.431,13.988580136168977,42.14888343,B722,_,00270,431
B722__00260.431,13.983817290362307,42.15336771,B722,_,00260,431
B722__00250.431,13.973235669527188,42.15644558,B722,_,00250,431
B722__00220.431,14.052505019634507,42.170956770000004,B722,_,00220,431
B722__00190.431,14.000066595318748,42.163749415,B722,_,00190,431
B722__00180.431,14.02271353260969,42.177162800000005,B722,_,00180,431
B722__00150.431,14.000692204666265,42.17596201,B722,_,00150,431
B722__00140.431,13.981724729945281,42.171099330000004,B722,_,00140,431
B722__00100.431,13.988942350543317,42.17683725,B722,_,00100,431
B722__00090.431,13.973135162554634,42.185478065,B722,_,00090,431
B722__00080.431,13.965081351638826,42.18616608,B722,_,00080,431
B722__00060.431,13.98417253389589,42.19594064,B722,_,00060,431
B722__00050.431,13.974923264679418,42.18949155,B722,_,00050,431
B722__00040.431,13.980062508386684,42.196276280000006,B722,_,00040,431
B722__00030.432,13.963737742595821,42.190845865,B722,_,00030,432
B722__00530.432,14.026309768693311,42.139852085,B722,_,00530,432
B722__00520.432,14.01043739347282,42.136190665,B722,_,00520,432
B722__00510.432,14.001800683457216,42.137368325,B722,_,00510,432
B722__00430.432,14.027914651730097,42.149987455,B722,_,00430,432
B722__00420.432,14.013850703714272,42.146366045,B722,_,00420,432
B722__00410.432,14.016693293227032,42.153522054999996,B722,_,00410,432
B722__00390.432,14.001759494132944,42.142934575,B722,_,00390,432
B722__00380.432,14.002476660962952,42.14056913,B722,_,00380,432
B722__00360.432,13.995198140906258,42.144453665,B722,_,00360,432
B722__0028.432,14.001633790547343,42.15817791,B722,_,0028,432
B722__00270.432,13.988733896333821,42.14917620999999,B722,_,00270,432
B722__00260.432,13.983550724966912,42.1533049,B722,_,00260,432
B722__00250.432,13.973170801885484,42.15628984,B722,_,00250,432
B722__00220.432,14.053744668993854,42.170336175,B722,_,00220,432
B722__00190.432,14.000251120085501,42.163660844999995,B722,_,00190,432
B722__00180.432,14.021591566446368,42.17770245,B722,_,00180,432
B722__00150.432,13.998724829487255,42.174659235,B722,_,00150,432
B722__00140.432,13.98118043183398,42.171288255,B722,_,00140,432
B722__00100.432,13.988994456511175,42.17731195,B722,_,00100,432
B722__00090.432,13.97314284352467,42.185569995,B722,_,00090,432
B722__00080.432,13.965089829825637,42.185614075,B722,_,00080,432
B722__00070.432,13.996781509785464,42.191515304999996,B722,_,00070,432
B722__00060.432,13.98425918792482,42.1960123,B722,_,00060,432
B722__00050.432,13.9751420518574,42.18943912,B722,_,00050,432
B722__00040.432,13.979048436901518,42.195789579999996,B722,_,00040,432
B722__00030.433,13.963979811813694,42.19072359,B722,_,00030,433
B722__00530.433,14.027606909854548,42.138641455,B722,_,00530,433
B722__00520.433,14.01064202805524,42.135992345000005,B722,_,00520,433
B722__00510.433,14.001611082792138,42.13728314,B722,_,00510,433
B722__00430.433,14.027401114174836,42.150035009999996,B722,_,00430,433
B722__00420.433,14.014094034725272,42.14641647,B722,_,00420,433
B722__00380.433,14.002560632783638,42.140500745,B722,_,00380,433
B722__00360.433,13.995219936236785,42.14420486,B722,_,00360,433
B722__00290.433,14.01579001580506,42.159535405,B722,_,00290,433
B722__00270.433,13.98886558047942,42.14878799,B722,_,00270,433
B722__00260.433,13.98387037533136,42.15332784,B722,_,00260,433
B722__00250.433,13.973568884724724,42.156075615,B722,_,00250,433
B722__00220.433,14.053290229093271,42.170239435,B722,_,00220,433
B722__00200.433,14.019187033580955,42.168760675,B722,_,00200,433
B722__00190.433,14.000408219176304,42.163828045,B722,_,00190,433
B722__00180.433,14.021434809237478,42.17766324,B722,_,00180,433
B722__00140.433,13.981894634843286,42.17097735,B722,_,00140,433
B722__00100.433,13.989129942145073,42.177656325,B722,_,00100,433
B722__00090.433,13.973063410186889,42.18569606,B722,_,00090,433
B722__00080.433,13.965209552106717,42.185434735,B722,_,00080,433
B722__00070.433,13.996432207223428,42.191575924999995,B722,_,00070,433
B722__00060.433,13.984566948431889,42.195922455,B722,_,00060,433
B722__00050.433,13.976224692874492,42.189559555,B722,_,00050,433
B722__00040.433,13.978990247994005,42.195751615000006,B722,_,00040,433
B722__00020.434,13.986380234671316,42.20276342,B722,_,00020,434
B722__00530.434,14.036685616922055,42.136431395,B722,_,00530,434
B722__00520.434,14.01097057368025,42.136041695,B722,_,00520,434
B722__00510.434,14.00125372216225,42.137074,B722,_,00510,434
B722__00420.434,14.015146647648583,42.14644748,B722,_,00420,434
B722__00410.434,14.016985036934113,42.153410980000004,B722,_,00410,434
B722__00380.434,14.002393370972326,42.140376295,B722,_,00380,434
B722__00370.434,13.993125436930487,42.142970930000004,B722,_,00370,434
B722__00360.434,13.995408226543884,42.144352705,B722,_,00360,434
B722__00290.434,14.015921637550353,42.15960134,B722,_,00290,434
B722__0028.434,14.002938377500307,42.15716854,B722,_,0028,434
B722__00270.434,13.988105900903687,42.148436615,B722,_,00270,434
B722__00260.434,13.983649830868444,42.15326985,B722,_,00260,434
B722__00250.434,13.97374029665977,42.156128980000005,B722,_,00250,434
B722__00220.434,14.055712262609102,42.168509765,B722,_,00220,434
B722__00200.434,14.021679614133994,42.17094683,B722,_,00200,434
B722__00190.434,14.000745995796827,42.163842015,B722,_,00190,434
B722__00150.434,13.991307984842969,42.172325494999995,B722,_,00150,434
B722__00140.434,13.98183403217276,42.17092509,B722,_,00140,434
B722__00100.434,13.989852273177227,42.17746033,B722,_,00100,434
B722__00090.434,13.973228413528236,42.185692975,B722,_,00090,434
B722__00080.434,13.960337616922898,42.18501405,B722,_,00080,434
B722__00070.434,13.999031027524108,42.191293715,B722,_,00070,434
B722__00060.434,13.984256411336354,42.195841005,B722,_,00060,434
B722__00050.434,13.975443750037538,42.18941451,B722,_,00050,434
B722__00040.434,13.976652013220448,42.200950275,B722,_,00040,434
B722__00030.434,13.96447179764493,42.19050604,B722,_,00030,434
B722__00020.435,13.986537611889624,42.202773840000006,B722,_,00020,435
B722__00530.435,14.038324620600811,42.13610016,B722,_,00530,435
B722__00520.435,14.011279088408719,42.136284364999995,B722,_,00520,435
B722__00510.435,14.000768565187222,42.13692793,B722,_,00510,435
B722__00430.435,14.027295013426404,42.14984955,B722,_,00430,435
B722__00420.435,14.015241064733786,42.146767975,B722,_,00420,435
B722__00410.435,14.017105277137066,42.153655505,B722,_,00410,435
B722__00380.435,14.002595185239208,42.14038319,B722,_,00380,435
B722__00370.435,13.993556311831645,42.143183379999996,B722,_,00370,435
B722__00360.435,13.995709174330543,42.144471455,B722,_,00360,435
B722__00290.435,14.016139779119534,42.159586255,B722,_,00290,435
B722__00270.435,13.987621345135155,42.148134240000005,B722,_,00270,435
B722__00260.435,13.983575493461375,42.153243805,B722,_,00260,435
B722__00250.435,13.973847042039328,42.15624166,B722,_,00250,435
B722__00220.435,14.04397380747634,42.171290595,B722,_,00220,435
B722__00200.435,14.021193829770542,42.17030199,B722,_,00200,435
B722__00190.435,14.00113727323765,42.16373204,B722,_,00190,435
B722__00140.435,13.982070819357489,42.170886815,B722,_,00140,435
B722__00100.435,13.989897184238114,42.176458679999996,B722,_,00100,435
B722__00090.435,13.973637426424723,42.185606390000004,B722,_,00090,435
B722__00080.435,13.962028745226508,42.184601985,B722,_,00080,435
B722__00070.435,13.998618302022692,42.191085654999995,B722,_,00070,435
B722__00050.435,13.97676424544656,42.1893606,B722,_,00050,435
B722__00040.435,13.97693449032971,42.200873654999995,B722,_,00040,435
B722__00030.435,13.965199941322291,42.189977060000004,B722,_,00030,435
B722__00020.436,13.986791198978072,42.202771895,B722,_,00020,436
B722__00530.436,14.03317823620916,42.145343075,B722,_,00530,436
B722__00520.436,14.011757711818586,42.136321530000004,B722,_,00520,436
B722__00510.436,14.00305291089477,42.13824045,B722,_,00510,436
B722__00430.436,14.023644061407854,42.157674959999994,B722,_,00430,436
B722__00420.436,14.015571820203858,42.14666586,B722,_,00420,436
B722__00410.436,14.017407670834242,42.15360413,B722,_,00410,436
B722__00380.436,14.002602478760728,42.140475465,B722,_,00380,436
B722__00360.436,13.996722680215942,42.144913825,B722,_,00360,436
B722__00290.436,14.016383632904452,42.15935983,B722,_,00290,436
B722__0028.436,14.001704770539838,42.1580992,B722,_,0028,436
B722__00270.436,13.987464440219192,42.147738919999995,B722,_,00270,436
B722__00260.436,13.983535062261339,42.15317028,B722,_,00260,436
B722__00250.436,13.973994323643588,42.156115985,B722,_,00250,436
B722__00220.436,14.053209138163314,42.16891367,B722,_,00220,436
B722__00200.436,14.022078600292545,42.170699345,B722,_,00200,436
B722__00190.436,14.001191649371933,42.164090224999995,B722,_,00190,436
B722__00140.436,13.981938562473506,42.170875370000005,B722,_,00140,436
B722__00100.436,13.98945921832069,42.176194025,B722,_,00100,436
B722__00080.436,13.961610490336106,42.18524293,B722,_,00080,436
B722__00070.436,13.994520783509277,42.188824315000005,B722,_,00070,436
B722__00050.436,13.97614160800368,42.18913867,B722,_,00050,436
B722__00040.436,13.977329369454372,42.20080654,B722,_,00040,436
B722__00030.436,13.965415481085504,42.189962715,B722,_,00030,436
B722__00020.437,13.987095895763591,42.202770695,B722,_,00020,437
B722__00530.437,14.033119425804847,42.145827510000004,B722,_,00530,437
B722__00520.437,14.0123565647135,42.13659699,B722,_,00520,437
B722__00510.437,14.003081486101607,42.138322055,B722,_,00510,437
B722__00430.437,14.036442309655257,42.152454595,B722,_,00430,437
B722__00420.437,14.015149545675648,42.14707749,B722,_,00420,437
B722__00410.437,14.017606039674178,42.154031180000004,B722,_,00410,437
B722__00370.437,13.99355587998419,42.142704495000004,B722,_,00370,437
B722__00360.437,13.996696421346044,42.14444476,B722,_,00360,437
B722__0028.437,14.004570021124337,42.15644406,B722,_,0028,437
B722__00270.437,13.987722418084338,42.147646435,B722,_,00270,437
B722__00260.437,13.983610644184264,42.15314338,B722,_,00260,437
B722__00250.437,13.974197708743313,42.155973405,B722,_,00250,437
B722__00220.437,14.057175431332166,42.16731146,B722,_,00220,437
B722__00200.437,14.022136141401878,42.170577765000004,B722,_,00200,437
B722__00190.437,14.001223651672511,42.164357265,B722,_,00190,437
B722__00140.437,13.983951580761694,42.17278149,B722,_,00140,437
B722__00100.437,13.982293441157372,42.175030164999995,B722,_,00100,437
B722__00090.437,13.97733069718943,42.18637622,B722,_,00090,437
B722__00070.437,13.9940290785297,42.18851174,B722,_,00070,437
B722__00060.437,13.984527177101771,42.19488533,B722,_,00060,437
B722__00050.437,13.97698087779662,42.188990685,B722,_,00050,437
B722__00040.437,13.976475806738474,42.20138543,B722,_,00040,437
B722__00030.437,13.965128096625913,42.190381654999996,B722,_,00030,437
B722__00020.438,13.987131469602655,42.202662545,B722,_,00020,438
B722__00530.438,14.025086316114445,42.143384940000004,B722,_,00530,438
B722__00520.438,14.008950486621373,42.135312875,B722,_,00520,438
B722__00430.438,14.036641775884114,42.15249798,B722,_,00430,438
B722__00420.438,14.016337859600046,42.14648022,B722,_,00420,438
B722__00410.438,14.017640795196417,42.153590365,B722,_,00410,438
B722__00370.438,13.99379966788581,42.14278693,B722,_,00370,438
B722__00360.438,13.997313820687712,42.14480875,B722,_,00360,438
B722__00290.438,14.011386274166348,42.15797245,B722,_,00290,438
B722__0028.438,14.00072069827728,42.15835937,B722,_,0028,438
B722__00270.438,13.992085854925335,42.152926375,B722,_,00270,438
B722__00260.438,13.983590474614926,42.153102375,B722,_,00260,438
B722__00250.438,13.974422500517292,42.156012325000006,B722,_,00250,438
B722__00220.438,14.050099025039373,42.166861225,B722,_,00220,438
B722__00200.438,14.020377611270028,42.170629295,B722,_,00200,438
B722__00190.438,14.001219143115852,42.16421097,B722,_,00190,438
B722__00180.438,14.023162551213167,42.179010149999996,B722,_,00180,438
B722__00140.438,13.981730526930715,42.17075973,B722,_,00140,438
B722__00100.438,13.982155630813635,42.174765234999995,B722,_,00100,438
B722__00090.438,13.974867660257871,42.18655564,B722,_,00090,438
B722__00070.438,13.995195481142002,42.18824224,B722,_,00070,438
B722__00050.438,13.976970010134654,42.188758905,B722,_,00050,438
B722__00040.438,13.976349634458067,42.201471670000004,B722,_,00040,438
B722__00030.438,13.965486151472419,42.190255225,B722,_,00030,438
B722__00020.439,13.98680000025449,42.202670005,B722,_,00020,439
B722__00530.439,14.025232614198236,42.143689685,B722,_,00530,439
B722__00520.439,14.009511518995721,42.135487874999995,B722,_,00520,439
B722__00510.439,14.003428924251562,42.138374725,B722,_,00510,439
B722__00430.439,14.036798537927474,42.152432899999994,B722,_,00430,439
B722__00420.439,14.01726135603447,42.146074049999996,B722,_,00420,439
B722__00410.439,14.018152992543854,42.1537208,B722,_,00410,439
B722__00370.439,13.993648374560454,42.142772675,B722,_,00370,439
B722__00360.439,13.997895291953906,42.144528475,B722,_,00360,439
B722__0028.439,13.998802168930023,42.158686265,B722,_,0028,439
B722__00270.439,13.990345216116847,42.152445130000004,B722,_,00270,439
B722__00260.439,13.983541858911824,42.153006035000004,B722,_,00260,439
B722__00250.439,13.974383611079837,42.15638625,B722,_,00250,439
B722__00220.439,14.046773385633434,42.167321205,B722,_,00220,439
B722__00200.439,14.019895488433786,42.169987945,B722,_,00200,439
B722__00190.439,14.001531697303076,42.164365505,B722,_,00190,439
B722__00180.439,14.02357426544597,42.17891438,B722,_,00180,439
B722__00140.439,13.981756331073392,42.170710835,B722,_,00140,439
B722__00100.439,13.982867132930968,42.174804175,B722,_,00100,439
B722__00090.439,13.974296931585418,42.18538456,B722,_,00090,439
B722__00080.439,13.966008616811415,42.18453718,B722,_,00080,439
B722__00060.439,13.984932023418686,42.19526794,B722,_,00060,439
B722__00050.439,13.97895408616891,42.1899297,B722,_,00050,439
B722__00040.439,13.972512968134984,42.194478255,B722,_,00040,439
B722__00030.439,13.965095994114328,42.190660315,B722,_,00030,439
B722__00010.44,13.968351670398715,42.2096363,B722,_,00010,44
B722__00610.44,14.000396886104522,42.121642969999996,B722,_,00610,44
B722__00600.44,14.01144748529405,42.13139629,B722,_,00600,44
B722__00590.44,13.990456869374508,42.124450245,B722,_,00590,44
B722__00540.44,14.041385902454653,42.144999549999994,B722,_,00540,44
B722__00530.44,14.03136063019297,42.147276345,B722,_,00530,44
B722__00520.44,14.007346576835374,42.141876395,B722,_,00520,44
B722__0051.44,14.003942113261395,42.142461045000005,B722,_,0051,44
B722__00500.44,13.991009968677705,42.136540305,B722,_,00500,44
B722__00490.44,13.987149736239129,42.13020928,B722,_,00490,44
B722__00480.44,13.976095315854383,42.1384041,B722,_,00480,44
B722__00440.44,14.049353659243973,42.15426771,B722,_,00440,44
B722__00430.44,14.021267859298465,42.156930525,B722,_,00430,44
B722__00420.44,14.014110071752878,42.1505664,B722,_,00420,44
B722__00400.44,14.002143149085445,42.15287074,B722,_,00400,44
B722__00390.44,13.997736222081354,42.144001485000004,B722,_,00390,44
B722__00380.44,13.999822127107173,42.14147166,B722,_,00380,44
B722__00370.44,13.985207690602223,42.144390275,B722,_,00370,44
B722__00360.44,13.995813210224586,42.152807565,B722,_,00360,44
B722__00350.44,13.983007892380254,42.147343590000006,B722,_,00350,44
B722__00340.44,13.975639705202914,42.146616574999996,B722,_,00340,44
B722__00330.44,13.977505466241574,42.1521219,B722,_,00330,44
B722__00300.44,14.021936985167304,42.161154635,B722,_,00300,44
B722__00290.44,14.001225552545732,42.161275895,B722,_,00290,44
B722__0028.44,13.997045898791484,42.159075720000004,B722,_,0028,44
B722__00270.44,13.990247918726386,42.16041391,B722,_,00270,44
B722__00260.44,13.982278841708997,42.16423929,B722,_,00260,44
B722__00250.44,13.98138115366514,42.166174855,B722,_,00250,44
B722__00230.44,14.068591834474365,42.16919367,B722,_,00230,44
B722__00220.44,14.053555593139537,42.171261630000004,B722,_,00220,44
B722__00210.44,14.035716896809536,42.17072652,B722,_,00210,44
B722__00200.44,14.027224905715713,42.170087225,B722,_,00200,44
B722__00190.44,14.008627051986078,42.16906057,B722,_,00190,44
B722__00180.44,14.028078646983179,42.177424335,B722,_,00180,44
B722__00170.44,14.011989365694738,42.180009915,B722,_,00170,44
B722__00160.44,14.00257499074364,42.173151965,B722,_,00160,44
B722__00150.44,13.999554207476816,42.17789933,B722,_,00150,44
B722__00130.44,13.97651905569661,42.176933025,B722,_,00130,44
B722__00120.44,14.003831417118075,42.19216793,B722,_,00120,44
B722__00110.44,14.002669464287381,42.186965275,B722,_,00110,44
B722__00100.44,13.983337113946892,42.187954094999995,B722,_,00100,44
B722__0009.44,13.969533767474985,42.187126965000004,B722,_,0009,44
B722__00080.44,13.962528396235252,42.18976233,B722,_,00080,44
B722__00070.44,13.995567671193992,42.197193685,B722,_,00070,44
B722__00060.44,13.987866759655958,42.19974731,B722,_,00060,44
B722__00050.44,13.97409058645929,42.1949527,B722,_,00050,44
B722__00040.44,13.974420332601657,42.20102549,B722,_,00040,44
B722__00030.44,13.964649833703408,42.19788806,B722,_,00030,44
B722__00020.44,13.978285143881664,42.208231705,B722,_,00020,44
B722__00020.440,13.98707405589118,42.202544885,B722,_,00020,440
B722__00530.440,14.034749566885312,42.13893157,B722,_,00530,440
B722__00520.440,14.009622943548576,42.135458165,B722,_,00520,440
B722__00510.440,14.003269261461107,42.138132895,B722,_,00510,440
B722__00430.440,14.03025869552098,42.154498565,B722,_,00430,440
B722__00420.440,14.01738690983553,42.146574425,B722,_,00420,440
B722__00410.440,14.016710370810294,42.153217569999995,B722,_,00410,440
B722__00370.440,13.993496113726241,42.142407545,B722,_,00370,440
B722__00360.440,13.997425009802154,42.144408045,B722,_,00360,440
B722__00290.440,14.011818828412615,42.158105664999994,B722,_,00290,440
B722__0028.440,14.001659322378046,42.158004055,B722,_,0028,440
B722__00270.440,13.989591502195655,42.159953599999994,B722,_,00270,440
B722__00260.440,13.983958389606515,42.15368671,B722,_,00260,440
B722__00250.440,13.97516765428194,42.156191815,B722,_,00250,440
B722__00200.440,14.020649695986599,42.16995503,B722,_,00200,440
B722__00190.440,14.00151168645753,42.164275935,B722,_,00190,440
B722__00180.440,14.021813538722013,42.178327495000005,B722,_,00180,440
B722__00140.440,13.981966211425817,42.170702945,B722,_,00140,440
B722__00100.440,13.983501801588702,42.174645495,B722,_,00100,440
B722__00090.440,13.97403068486111,42.185251495,B722,_,00090,440
B722__00070.440,13.999275052719806,42.196548160000006,B722,_,00070,440
B722__00060.440,13.984511081878615,42.196083724999994,B722,_,00060,440
B722__00050.440,13.978522183294453,42.18982787,B722,_,00050,440
B722__00040.440,13.972762674342853,42.194232275000005,B722,_,00040,440
B722__00030.440,13.965252177979004,42.190781224999995,B722,_,00030,440
B722__00020.441,13.987190945250532,42.20243995,B722,_,00020,441
B722__00530.441,14.034979196987482,42.138904635,B722,_,00530,441
B722__00520.441,14.0098473168945,42.135313275,B722,_,00520,441
B722__00510.441,14.002967431989418,42.13793948,B722,_,00510,441
B722__00430.441,14.029639788529447,42.154253049999994,B722,_,00430,441
B722__00420.441,14.017645670347541,42.146074049999996,B722,_,00420,441
B722__00410.441,14.016709072686947,42.153088885,B722,_,00410,441
B722__00370.441,13.99365956383766,42.142538959999996,B722,_,00370,441
B722__00360.441,13.996815072490516,42.144103779999995,B722,_,00360,441
B722__0028.441,14.00177045851694,42.158105355000004,B722,_,0028,441
B722__00270.441,13.989659550569169,42.15993787,B722,_,00270,441
B722__00260.441,13.984390064174498,42.153785305,B722,_,00260,441
B722__00250.441,13.974641963389622,42.155872485,B722,_,00250,441
B722__00200.441,14.020396544661711,42.16889252,B722,_,00200,441
B722__00190.441,14.001489968733242,42.16411557000001,B722,_,00190,441
B722__00180.441,14.021675441960436,42.17778882,B722,_,00180,441
B722__00140.441,13.98191833123721,42.170694104999995,B722,_,00140,441
B722__00100.441,13.983701770689452,42.17484881,B722,_,00100,441
B722__00070.441,13.999741058582867,42.19615194,B722,_,00070,441
B722__00050.441,13.9784695845563,42.1897546,B722,_,00050,441
B722__00040.441,13.973945646963983,42.196824925,B722,_,00040,441
B722__00030.441,13.96553202159156,42.191063895,B722,_,00030,441
B722__00020.442,13.987215113762886,42.20236785,B722,_,00020,442
B722__00530.442,14.031561448163615,42.143802965,B722,_,00530,442
B722__00520.442,14.01136060834272,42.135548035,B722,_,00520,442
B722__00430.442,14.031226195542903,42.150505905,B722,_,00430,442
B722__00420.442,14.017895773049734,42.14652368,B722,_,00420,442
B722__00410.442,14.017152711239213,42.15314492,B722,_,00410,442
B722__00370.442,13.993973039732134,42.14264361,B722,_,00370,442
B722__00360.442,13.996550474639871,42.143963299999996,B722,_,00360,442
B722__00290.442,14.011870563965562,42.158141255000004,B722,_,00290,442
B722__0028.442,14.00444755068063,42.156429349999996,B722,_,0028,442
B722__00270.442,13.989745580579019,42.159995030000005,B722,_,00270,442
B722__00260.442,13.983987111028924,42.153635375,B722,_,00260,442
B722__00250.442,13.974842191342585,42.155723775,B722,_,00250,442
B722__00220.442,14.05267171113063,42.167365305000004,B722,_,00220,442
B722__00200.442,14.02078826815385,42.168696115,B722,_,00200,442
B722__00190.442,14.001940563774639,42.164445439999994,B722,_,00190,442
B722__00180.442,14.022837581835931,42.177316675,B722,_,00180,442
B722__00140.442,13.981825267357756,42.17053397,B722,_,00140,442
B722__00100.442,13.983697112557376,42.17438002,B722,_,00100,442
B722__00090.442,13.974234049841595,42.1851128,B722,_,00090,442
B722__00080.442,13.96623715629947,42.184331310000005,B722,_,00080,442
B722__00070.442,13.999861767313007,42.19587935,B722,_,00070,442
B722__00050.442,13.977867926135893,42.189694655,B722,_,00050,442
B722__00040.442,13.973892254856619,42.19658598,B722,_,00040,442
B722__00030.442,13.96549315388885,42.190731979999995,B722,_,00030,442
B722__00020.443,13.987717082232859,42.202331785,B722,_,00020,443
B722__00530.443,14.031762050291004,42.143753695,B722,_,00530,443
B722__00520.443,14.011597408895774,42.13577611,B722,_,00520,443
B722__00510.443,14.003311298837396,42.137773120000006,B722,_,00510,443
B722__00430.443,14.031487772649358,42.150649175,B722,_,00430,443
B722__00420.443,14.018218434723538,42.146058010000004,B722,_,00420,443
B722__00410.443,14.017443577617758,42.153209475,B722,_,00410,443
B722__00370.443,13.993749962491485,42.142542705,B722,_,00370,443
B722__00360.443,13.996276190012042,42.143897984999995,B722,_,00360,443
B722__00290.443,14.011786411285001,42.158309625,B722,_,00290,443
B722__0028.443,14.001888601135786,42.157997335,B722,_,0028,443
B722__00270.443,13.993248317968815,42.15585462,B722,_,00270,443
B722__00260.443,13.984394928311545,42.153730589999995,B722,_,00260,443
B722__00250.443,13.975032954476085,42.15566536,B722,_,00250,443
B722__00220.443,14.056445606657018,42.17087711,B722,_,00220,443
B722__00200.443,14.021960907800235,42.169846379999996,B722,_,00200,443
B722__00190.443,14.002107411954698,42.164289315,B722,_,00190,443
B722__00180.443,14.031861917961585,42.174190679999995,B722,_,00180,443
B722__00140.443,13.982136247033456,42.170390655000006,B722,_,00140,443
B722__00100.443,13.983978519044925,42.174480965,B722,_,00100,443
B722__00080.443,13.967521304939034,42.184291380000005,B722,_,00080,443
B722__00070.443,13.999971904008111,42.19556448,B722,_,00070,443
B722__00060.443,13.986059117249477,42.194926565,B722,_,00060,443
B722__00050.443,13.98346800117777,42.193298125,B722,_,00050,443
B722__00040.443,13.973381538801654,42.20342106,B722,_,00040,443
B722__00030.443,13.965687694405016,42.19067056,B722,_,00030,443
B722__00020.444,13.987455285396763,42.202295565,B722,_,00020,444
B722__00530.444,14.031984387785236,42.14375182,B722,_,00530,444
B722__00520.444,14.012694972080858,42.135606295,B722,_,00520,444
B722__00510.444,14.003428493409398,42.137818175,B722,_,00510,444
B722__00430.444,14.032095230186979,42.150610535,B722,_,00430,444
B722__00420.444,14.018609953462008,42.146327275000004,B722,_,00420,444
B722__00410.444,14.017607776230026,42.153355425,B722,_,00410,444
B722__00370.444,13.993614517851153,42.142278985,B722,_,00370,444
B722__00360.444,13.9963238624883,42.14364147,B722,_,00360,444
B722__00290.444,14.011812486496392,42.158213395000004,B722,_,00290,444
B722__0028.444,14.001993128324916,42.15803058,B722,_,0028,444
B722__00270.444,13.993866967135467,42.15526009,B722,_,00270,444
B722__00260.444,13.984069813047979,42.153591844999994,B722,_,00260,444
B722__00250.444,13.97560081783773,42.15588138,B722,_,00250,444
B722__00220.444,14.05138455896851,42.16921955,B722,_,00220,444
B722__00200.444,14.021704956470227,42.169163515,B722,_,00200,444
B722__00190.444,14.001850153933168,42.16408816,B722,_,00190,444
B722__00180.444,14.031807577093234,42.173949660000005,B722,_,00180,444
B722__00140.444,13.981971173604702,42.170590915000005,B722,_,00140,444
B722__00100.444,13.984037142385151,42.174474315,B722,_,00100,444
B722__00090.444,13.974020687932322,42.185051685000005,B722,_,00090,444
B722__00080.444,13.96624598703867,42.184183405,B722,_,00080,444
B722__00060.444,13.986263249434309,42.19493478,B722,_,00060,444
B722__00050.444,13.979554185164082,42.189284505,B722,_,00050,444
B722__00040.444,13.973135344135633,42.203546415000005,B722,_,00040,444
B722__00030.444,13.96584875046359,42.19061168,B722,_,00030,444
B722__00030.445,13.966290677515563,42.19030972,B722,_,00030,445
B722__00530.445,14.028155159406605,42.14644177,B722,_,00530,445
B722__00520.445,14.012433343721648,42.136091665,B722,_,00520,445
B722__00510.445,14.003557875090632,42.137853675,B722,_,00510,445
B722__00430.445,14.01862211347866,42.15582819,B722,_,00430,445
B722__00420.445,14.018729387842567,42.14731080999999,B722,_,00420,445
B722__00410.445,14.017799592292942,42.153503595000004,B722,_,00410,445
B722__00370.445,13.993803690161624,42.142333365,B722,_,00370,445
B722__00360.445,13.996021423221439,42.143593010000004,B722,_,00360,445
B722__00290.445,14.012140773908506,42.15786585,B722,_,00290,445
B722__0028.445,14.001927821438588,42.157930265000005,B722,_,0028,445
B722__00270.445,13.985153991212787,42.153547885,B722,_,00270,445
B722__00260.445,13.984432003345894,42.153660314999996,B722,_,00260,445
B722__00250.445,13.975372409270651,42.155593745000004,B722,_,00250,445
B722__00220.445,14.046252598709238,42.170716715,B722,_,00220,445
B722__00200.445,14.019394485448654,42.16987176,B722,_,00200,445
B722__00190.445,14.002397741290226,42.164297645,B722,_,00190,445
B722__00180.445,14.01985687462765,42.176732709999996,B722,_,00180,445
B722__00140.445,13.980415203093218,42.169036225,B722,_,00140,445
B722__00100.445,13.984096092686919,42.174483595,B722,_,00100,445
B722__00090.445,13.97434343458896,42.185014265,B722,_,00090,445
B722__00080.445,13.967544432798888,42.184243455,B722,_,00080,445
B722__00070.445,13.996396922019336,42.196528095000005,B722,_,00070,445
B722__00060.445,13.9864396604355,42.19512151,B722,_,00060,445
B722__00050.445,13.978292894822689,42.189201155000006,B722,_,00050,445
B722__00040.445,13.973818969675524,42.203238105,B722,_,00040,445
B722__00020.446,13.986781229129601,42.202205129999996,B722,_,00020,446
B722__00530.446,14.028528175174344,42.143479005,B722,_,00530,446
B722__00520.446,14.014425333280126,42.135606295,B722,_,00520,446
B722__00510.446,14.003580638394322,42.13811722,B722,_,00510,446
B722__00430.446,14.01865169770012,42.155920335000005,B722,_,00430,446
B722__00420.446,14.01897543677626,42.14657919,B722,_,00420,446
B722__00410.446,14.017833644499994,42.153319679999996,B722,_,00410,446
B722__00370.446,13.9942027481041,42.142478999999994,B722,_,00370,446
B722__00360.446,13.995876827582796,42.153706595,B722,_,00360,446
B722__00290.446,14.01202109913244,42.158185724999996,B722,_,00290,446
B722__00270.446,13.98515428445438,42.152739065000006,B722,_,00270,446
B722__00260.446,13.984054194357089,42.15350419000001,B722,_,00260,446
B722__00250.446,13.97528268371697,42.155169889999996,B722,_,00250,446
B722__00220.446,14.045236102702631,42.170387125000005,B722,_,00220,446
B722__00190.446,14.00206888312471,42.163964815,B722,_,00190,446
B722__00180.446,14.019687748307854,42.176599855,B722,_,00180,446
B722__00140.446,13.982079981941553,42.17057495,B722,_,00140,446
B722__00100.446,13.984200335602404,42.174532920000004,B722,_,00100,446
B722__00090.446,13.97410591019996,42.184973745,B722,_,00090,446
B722__00080.446,13.967552816648489,42.184146514999995,B722,_,00080,446
B722__00070.446,13.996224418682193,42.19187418,B722,_,00070,446
B722__00060.446,13.98622195312429,42.195180765,B722,_,00060,446
B722__00050.446,13.982462399035075,42.193994055000005,B722,_,00050,446
B722__00040.446,13.975254983862639,42.201701055,B722,_,00040,446
B722__00030.446,13.966289333636446,42.19076737,B722,_,00030,446
B722__00030.447,13.966369043916362,42.19100652,B722,_,00030,447
B722__00530.447,14.028163386949693,42.14549073,B722,_,00530,447
B722__00520.447,14.014035250461781,42.13626384,B722,_,00520,447
B722__00510.447,14.00387461449072,42.137992775,B722,_,00510,447
B722__00430.447,14.018929610452808,42.155638835000005,B722,_,00430,447
B722__00420.447,14.007366237744852,42.147541945,B722,_,00420,447
B722__00410.447,14.016637139747033,42.15297594,B722,_,00410,447
B722__00370.447,13.993892233131003,42.14233892,B722,_,00370,447
B722__00360.447,13.995764513090416,42.153689865000004,B722,_,00360,447
B722__00290.447,14.012097149479867,42.15819868,B722,_,00290,447
B722__00270.447,13.989450371642986,42.153116395,B722,_,00270,447
B722__00260.447,13.984504541788155,42.153643055,B722,_,00260,447
B722__00250.447,13.976344317512368,42.15505734,B722,_,00250,447
B722__00220.447,14.047690728058058,42.171386365000004,B722,_,00220,447
B722__00200.447,14.019028516761566,42.169553055,B722,_,00200,447
B722__00190.447,14.002503618086568,42.164148659999995,B722,_,00190,447
B722__00180.447,14.019533590229596,42.176455045,B722,_,00180,447
B722__00140.447,13.982413096158192,42.1705677,B722,_,00140,447
B722__00100.447,13.9842319940911,42.174408889999995,B722,_,00100,447
B722__00090.447,13.974249024966046,42.184902085000004,B722,_,00090,447
B722__00080.447,13.967555938613827,42.184037785,B722,_,00080,447
B722__00070.447,13.997581817763663,42.196975565,B722,_,00070,447
B722__00060.447,13.98630727469584,42.195216535,B722,_,00060,447
B722__00050.447,13.982336633021113,42.192661865000005,B722,_,00050,447
B722__00040.447,13.975136413619445,42.201584245,B722,_,00040,447
B722__00030.448,13.966414288130718,42.19154028,B722,_,00030,448
B722__00530.448,14.028344434735985,42.14541423,B722,_,00530,448
B722__00520.448,14.01448557084418,42.136392175,B722,_,00520,448
B722__00510.448,14.0038383321798,42.137706275,B722,_,00510,448
B722__00430.448,14.032539235622258,42.153719665,B722,_,00430,448
B722__00420.448,14.019397945835557,42.147301264999996,B722,_,00420,448
B722__00410.448,14.017236046990087,42.1529525,B722,_,00410,448
B722__00370.448,13.993683764741196,42.14208793,B722,_,00370,448
B722__00360.448,13.995680832467293,42.153697085000005,B722,_,00360,448
B722__00290.448,14.012291760455962,42.158009820000004,B722,_,00290,448
B722__0028.448,14.001470035268198,42.158158205,B722,_,0028,448
B722__00270.448,13.993348398641599,42.154144145000004,B722,_,00270,448
B722__00260.448,13.984276638019129,42.153530935000006,B722,_,00260,448
B722__00250.448,13.976769859510505,42.15569775,B722,_,00250,448
B722__00220.448,14.056523613672288,42.17112833,B722,_,00220,448
B722__00200.448,14.019423380819354,42.168937035,B722,_,00200,448
B722__00190.448,14.00285068973693,42.164151135,B722,_,00190,448
B722__00180.448,14.01936555584848,42.176315265,B722,_,00180,448
B722__00140.448,13.98281894551885,42.17032323,B722,_,00140,448
B722__00100.448,13.98424313162276,42.174241519999995,B722,_,00100,448
B722__00080.448,13.967557256053297,42.183941985000004,B722,_,00080,448
B722__00070.448,13.997849636318898,42.19709166,B722,_,00070,448
B722__00060.448,13.9856782542976,42.195833570000005,B722,_,00060,448
B722__00050.448,13.977810877278985,42.188888649999996,B722,_,00050,448
B722__00040.448,13.97562165638108,42.20193927,B722,_,00040,448
B722__00020.449,13.9780846099424,42.20238395,B722,_,00020,449
B722__00530.449,14.028234510320665,42.143943345,B722,_,00530,449
B722__00520.449,14.015708952870208,42.137106735,B722,_,00520,449
B722__00430.449,14.032913692044332,42.153377725,B722,_,00430,449
B722__00420.449,14.01955925856678,42.146786265,B722,_,00420,449
B722__00410.449,14.017971197954505,42.153204745,B722,_,00410,449
B722__00370.449,13.993889297707788,42.142167515,B722,_,00370,449
B722__00360.449,13.993789500488568,42.153008584999995,B722,_,00360,449
B722__00290.449,14.012475851012251,42.158119675,B722,_,00290,449
B722__00270.449,13.98555840490707,42.150393055,B722,_,00270,449
B722__00260.449,13.984436827366787,42.153471285,B722,_,00260,449
B722__00250.449,13.976838318038197,42.156474700000004,B722,_,00250,449
B722__00220.449,14.04203918016485,42.1678839,B722,_,00220,449
B722__00200.449,14.019429108560445,42.16860953,B722,_,00200,449
B722__00190.449,14.002394676393976,42.163702674999996,B722,_,00190,449
B722__00180.449,14.019259196814154,42.17614231,B722,_,00180,449
B722__00140.449,13.981732717204833,42.1705599,B722,_,00140,449
B722__00100.449,13.984328821206624,42.174505515,B722,_,00100,449
B722__00090.449,13.974070009329163,42.184776165,B722,_,00090,449
B722__00080.449,13.967553096224723,42.1838685,B722,_,00080,449
B722__00070.449,13.9980189542976,42.196089375,B722,_,00070,449
B722__00060.449,13.985819490543317,42.19596649,B722,_,00060,449
B722__00050.449,13.969942829787197,42.191023494999996,B722,_,00050,449
B722__00040.449,13.978631707147848,42.199149905,B722,_,00040,449
B722__00030.449,13.966936106415083,42.19103345,B722,_,00030,449
B722__00010.45,13.968357770911426,42.209512020000005,B722,_,00010,45
B722__00610.45,13.992224823021736,42.118824165,B722,_,00610,45
B722__00600.45,14.004783853911093,42.12735567,B722,_,00600,45
B722__00590.45,13.991183795503208,42.12464276,B722,_,00590,45
B722__00540.45,14.041705343268656,42.145656245,B722,_,00540,45
B722__00530.45,14.032547733597571,42.147255064999996,B722,_,00530,45
B722__00520.45,14.007431040030255,42.141880404999995,B722,_,00520,45
B722__0051.45,14.004049283166818,42.14253012,B722,_,0051,45
B722__00500.45,13.993215657336787,42.13748967,B722,_,00500,45
B722__00490.45,13.987360570314902,42.13055794,B722,_,00490,45
B722__00480.45,13.976232220682984,42.138308705,B722,_,00480,45
B722__00440.45,14.037751332250604,42.15336242,B722,_,00440,45
B722__00430.45,14.02144428019531,42.15694043,B722,_,00430,45
B722__00420.45,14.013155915813844,42.151423269999995,B722,_,00420,45
B722__00410.45,14.006396031628451,42.15793348,B722,_,00410,45
B722__00400.45,14.003738790932225,42.154463344999996,B722,_,00400,45
B722__00390.45,13.998283192929392,42.143936115,B722,_,00390,45
B722__00380.45,13.999984798156166,42.141519505,B722,_,00380,45
B722__00370.45,13.985302023722586,42.14407392,B722,_,00370,45
B722__00360.45,13.995715355751276,42.152453945,B722,_,00360,45
B722__00350.45,13.98353955190389,42.14742611,B722,_,00350,45
B722__00340.45,13.975624458196215,42.14619734,B722,_,00340,45
B722__00330.45,13.97482076245581,42.151256595,B722,_,00330,45
B722__00300.45,14.02594073586316,42.16142719,B722,_,00300,45
B722__00290.45,14.001281019904376,42.161729030000004,B722,_,00290,45
B722__0028.45,13.997083377488368,42.159127365,B722,_,0028,45
B722__00270.45,13.990305051722501,42.160628415,B722,_,00270,45
B722__00260.45,13.98284692958445,42.164107245,B722,_,00260,45
B722__00250.45,13.98254073635448,42.16643361,B722,_,00250,45
B722__00230.45,14.06936363405185,42.169900264999995,B722,_,00230,45
B722__00220.45,14.054979967919001,42.172240895,B722,_,00220,45
B722__00210.45,14.037290524795177,42.170361979999996,B722,_,00210,45
B722__00200.45,14.02683645638583,42.17025459,B722,_,00200,45
B722__00190.45,14.008275358451833,42.16879086,B722,_,00190,45
B722__00180.45,14.028964215943844,42.176586135,B722,_,00180,45
B722__00170.45,14.012004145772295,42.179554,B722,_,00170,45
B722__00160.45,14.003549806293762,42.172953265,B722,_,00160,45
B722__00150.45,14.001378414388666,42.177533145,B722,_,00150,45
B722__00130.45,13.976279237225214,42.17692792,B722,_,00130,45
B722__00120.45,14.004309823473077,42.1916033,B722,_,00120,45
B722__00110.45,14.002835422437585,42.187072990000004,B722,_,00110,45
B722__00100.45,13.983328592720977,42.188023279999996,B722,_,00100,45
B722__0009.45,13.969772181850775,42.18715603,B722,_,0009,45
B722__00080.45,13.962428865813315,42.18968029,B722,_,00080,45
B722__00050.45,13.974022119640647,42.194779185,B722,_,00050,45
B722__00040.45,13.974387280085715,42.200780789999996,B722,_,00040,45
B722__00030.45,13.964935073520266,42.19801821,B722,_,00030,45
B722__00020.45,13.978448880456497,42.20830959,B722,_,00020,45
B722__00020.450,13.9784215613082,42.20238395,B722,_,00020,450
B722__00530.450,14.028346218024048,42.14390735,B722,_,00530,450
B722__00520.450,14.016991498028286,42.13736868,B722,_,00520,450
B722__00510.450,14.003492448845478,42.137447914999996,B722,_,00510,450
B722__00430.450,14.033150633285073,42.1532418,B722,_,00430,450
B722__00420.450,14.010113342014737,42.14869988,B722,_,00420,450
B722__00410.450,14.018069665200494,42.15290418,B722,_,00410,450
B722__00370.450,13.99406306767506,42.142206720000004,B722,_,00370,450
B722__00360.450,13.997246880738292,42.15229637,B722,_,00360,450
B722__00290.450,14.012601552088318,42.15788436,B722,_,00290,450
B722__00270.450,13.985056614231828,42.149436890000004,B722,_,00270,450
B722__00260.450,13.984118193032288,42.153287375000005,B722,_,00260,450
B722__00250.450,13.97718817965848,42.156752014999995,B722,_,00250,450
B722__00220.450,14.054281345242643,42.167424485,B722,_,00220,450
B722__00200.450,14.019198402927326,42.168480665000004,B722,_,00200,450
B722__00190.450,14.003164807153606,42.163716505,B722,_,00190,450
B722__00180.450,14.026256309155155,42.17186314,B722,_,00180,450
B722__00150.450,13.991368627007315,42.17253451,B722,_,00150,450
B722__00140.450,13.981818911190345,42.170420525,B722,_,00140,450
B722__00100.450,13.984455863840331,42.174499194999996,B722,_,00100,450
B722__00090.450,13.97286383788975,42.17699853,B722,_,00090,450
B722__00080.450,13.966326538792512,42.183588735,B722,_,00080,450
B722__00070.450,13.998337264944494,42.195655675,B722,_,00070,450
B722__00060.450,13.985971209656826,42.19602094,B722,_,00060,450
B722__00050.450,13.970243756410667,42.191061559999994,B722,_,00050,450
B722__00040.450,13.978457403958135,42.196807925,B722,_,00040,450
B722__00030.450,13.967318696888857,42.190933355,B722,_,00030,450
B722__00020.451,13.978226467485943,42.20202565,B722,_,00020,451
B722__00600.451,14.009747444155451,42.133069809999995,B722,_,00600,451
B722__00530.451,14.028454481637189,42.143859785000004,B722,_,00530,451
B722__00520.451,14.017461109700612,42.138016719999996,B722,_,00520,451
B722__00430.451,14.03288524909669,42.154154125000005,B722,_,00430,451
B722__00420.451,14.02058444116003,42.147532115,B722,_,00420,451
B722__00410.451,14.01833761828443,42.15357664,B722,_,00410,451
B722__00370.451,13.993979196728507,42.14218744,B722,_,00370,451
B722__00360.451,13.998651771213966,42.15256288,B722,_,00360,451
B722__00350.451,13.983941371096378,42.149874955,B722,_,00350,451
B722__00290.451,14.012684836405615,42.158117090000005,B722,_,00290,451
B722__00270.451,13.988043903452944,42.147978135,B722,_,00270,451
B722__00260.451,13.982161026465363,42.152366275,B722,_,00260,451
B722__00250.451,13.977796866748752,42.15596275,B722,_,00250,451
B722__00220.451,14.059233421732447,42.168233035,B722,_,00220,451
B722__00200.451,14.019258963947788,42.168239979999996,B722,_,00200,451
B722__00190.451,14.003489446942547,42.1638381,B722,_,00190,451
B722__00180.451,14.021330776980838,42.17872158,B722,_,00180,451
B722__00140.451,13.981857383975541,42.17038441,B722,_,00140,451
B722__00100.451,13.984148109995509,42.174936705,B722,_,00100,451
B722__00090.451,13.97461946605889,42.185198395,B722,_,00090,451
B722__00080.451,13.966403696384774,42.18345773,B722,_,00080,451
B722__00060.451,13.986186382188233,42.19606824,B722,_,00060,451
B722__00050.451,13.97044640933532,42.19104941,B722,_,00050,451
B722__00040.451,13.979241197989612,42.19723611,B722,_,00040,451
B722__00030.451,13.96743158058698,42.190986105,B722,_,00030,451
B722__00020.452,13.978377754677792,42.202242195,B722,_,00020,452
B722__00530.452,14.027872384628708,42.144497845000004,B722,_,00530,452
B722__00520.452,14.02205965902782,42.13887748,B722,_,00520,452
B722__00430.452,14.031992436717044,42.153042775,B722,_,00430,452
B722__00420.452,14.020634195697511,42.14801416,B722,_,00420,452
B722__00410.452,14.016676554730951,42.152817595,B722,_,00410,452
B722__00370.452,13.993268224553125,42.141746745000006,B722,_,00370,452
B722__00360.452,13.999010439239528,42.15178654,B722,_,00360,452
B722__00350.452,13.98364815447011,42.149966719999995,B722,_,00350,452
B722__00290.452,14.012720454893559,42.158332805,B722,_,00290,452
B722__00270.452,13.995092135281144,42.156232419999995,B722,_,00270,452
B722__00260.452,13.982441964760248,42.1525497,B722,_,00260,452
B722__00250.452,13.978345497971858,42.156414785,B722,_,00250,452
B722__00220.452,14.053769134375113,42.16562407,B722,_,00220,452
B722__00200.452,14.018913315737692,42.1681236,B722,_,00200,452
B722__00190.452,14.004361141700404,42.163201224999995,B722,_,00190,452
B722__00180.452,14.021482070923403,42.17810739,B722,_,00180,452
B722__00150.452,13.991717980871476,42.17218186,B722,_,00150,452
B722__00140.452,13.981947591922328,42.170251355000005,B722,_,00140,452
B722__00100.452,13.984802336444421,42.17511622,B722,_,00100,452
B722__00090.452,13.974804130608721,42.18532619,B722,_,00090,452
B722__00080.452,13.967528515113484,42.183214365,B722,_,00080,452
B722__00070.452,13.995548848401494,42.196051935,B722,_,00070,452
B722__00060.452,13.986678623750922,42.195278255000005,B722,_,00060,452
B722__00050.452,13.970527685003749,42.190996665,B722,_,00050,452
B722__00040.452,13.980307589330323,42.19756921,B722,_,00040,452
B722__00030.452,13.96723369150542,42.19157486,B722,_,00030,452
B722__00020.453,13.978860112535616,42.201862695,B722,_,00020,453
B722__00530.453,14.02782207847067,42.14442794,B722,_,00530,453
B722__00520.453,14.017298966907399,42.13833872,B722,_,00520,453
B722__00510.453,14.0040375019476,42.137167865,B722,_,00510,453
B722__00430.453,14.032481297198721,42.152943140000005,B722,_,00430,453
B722__00410.453,14.017474724204135,42.15255081,B722,_,00410,453
B722__00370.453,13.993865235636504,42.14197248,B722,_,00370,453
B722__00360.453,13.996049914250836,42.1509739,B722,_,00360,453
B722__00290.453,14.01278946277535,42.1584032,B722,_,00290,453
B722__00270.453,13.992343733628765,42.15827237,B722,_,00270,453
B722__00260.453,13.982508321677939,42.152125075,B722,_,00260,453
B722__00250.453,13.978790628159025,42.155573715,B722,_,00250,453
B722__00220.453,14.054023206888338,42.166665475,B722,_,00220,453
B722__00200.453,14.01874833038735,42.16795961,B722,_,00200,453
B722__00190.453,14.005603119679186,42.163339695000005,B722,_,00190,453
B722__00180.453,14.021635108678229,42.17814037,B722,_,00180,453
B722__00150.453,13.991569846871693,42.17246886,B722,_,00150,453
B722__00140.453,13.982220904057707,42.170201160000005,B722,_,00140,453
B722__00100.453,13.984799533997345,42.17463259,B722,_,00100,453
B722__00090.453,13.975026212399765,42.18506997,B722,_,00090,453
B722__00080.453,13.967163610066564,42.183669120000005,B722,_,00080,453
B722__00070.453,13.996571706411956,42.188344105,B722,_,00070,453
B722__00060.453,13.9831119261332,42.198775745,B722,_,00060,453
B722__00050.453,13.970627596639979,42.190917135,B722,_,00050,453
B722__00040.453,13.980355701906168,42.197216514999994,B722,_,00040,453
B722__00030.453,13.961446457625584,42.192427460000005,B722,_,00030,453
B722__00020.454,13.97937222277662,42.202070575,B722,_,00020,454
B722__00530.454,14.027757607366205,42.14432354,B722,_,00530,454
B722__00520.454,14.007576911594096,42.142006035,B722,_,00520,454
B722__00510.454,14.004218315096479,42.137510289999994,B722,_,00510,454
B722__00430.454,14.032833590081513,42.15268034,B722,_,00430,454
B722__00420.454,14.01937324260545,42.14619045,B722,_,00420,454
B722__00410.454,14.017717461163397,42.152604785,B722,_,00410,454
B722__00370.454,13.994058386141324,42.141984795,B722,_,00370,454
B722__00360.454,13.99509848620055,42.150526035,B722,_,00360,454
B722__00290.454,14.012868733751308,42.15810496,B722,_,00290,454
B722__00270.454,13.991991127199418,42.15795487,B722,_,00270,454
B722__00260.454,13.982669202366797,42.15255248,B722,_,00260,454
B722__00250.454,13.979547938063213,42.155648385,B722,_,00250,454
B722__00200.454,14.020168424461044,42.16839581,B722,_,00200,454
B722__00190.454,14.005288613593791,42.16324601,B722,_,00190,454
B722__00180.454,14.021734937035067,42.17644024,B722,_,00180,454
B722__00140.454,13.981553625523716,42.17051076,B722,_,00140,454
B722__00100.454,13.985076653986338,42.174647605000004,B722,_,00100,454
B722__00090.454,13.975348855474898,42.18508558,B722,_,00090,454
B722__00080.454,13.96669989134444,42.18283865,B722,_,00080,454
B722__00070.454,13.997508872845298,42.18781131,B722,_,00070,454
B722__00060.454,13.986602960662466,42.196045905,B722,_,00060,454
B722__00050.454,13.970879361547073,42.190692999999996,B722,_,00050,454
B722__00040.454,13.979343750073276,42.19628881,B722,_,00040,454
B722__00030.454,13.967698886480036,42.19113295,B722,_,00030,454
B722__00020.455,13.983955974997631,42.204552410000005,B722,_,00020,455
B722__00530.455,14.02804116082031,42.143647529999996,B722,_,00530,455
B722__00520.455,14.017456564896122,42.13848435,B722,_,00520,455
B722__00510.455,14.004360883921429,42.13742121,B722,_,00510,455
B722__00430.455,14.022234612341347,42.155734475,B722,_,00430,455
B722__00420.455,14.019836902773914,42.14633269,B722,_,00420,455
B722__00410.455,14.017862779804496,42.15265556,B722,_,00410,455
B722__00370.455,13.993950863210681,42.14197248,B722,_,00370,455
B722__00350.455,13.984945741618636,42.147881805,B722,_,00350,455
B722__00290.455,14.006630102306207,42.162035200000005,B722,_,00290,455
B722__00270.455,13.991718897066544,42.157734425,B722,_,00270,455
B722__00260.455,13.982617056228602,42.15238266,B722,_,00260,455
B722__00250.455,13.98003348262369,42.155499559999996,B722,_,00250,455
B722__00200.455,14.020048834542091,42.16756731,B722,_,00200,455
B722__00190.455,14.005545943396497,42.163852934999994,B722,_,00190,455
B722__00180.455,14.018326180782989,42.175369425,B722,_,00180,455
B722__00150.455,13.991599616060979,42.17235524,B722,_,00150,455
B722__00140.455,13.981054049421747,42.17035005,B722,_,00140,455
B722__00100.455,13.985129609992551,42.17473497500001,B722,_,00100,455
B722__00090.455,13.97569796399236,42.185127925,B722,_,00090,455
B722__00080.455,13.96630160662476,42.183996655,B722,_,00080,455
B722__00060.455,13.986877261382695,42.19530215,B722,_,00060,455
B722__00050.455,13.971109186858367,42.190585569999996,B722,_,00050,455
B722__00040.455,13.98033940715227,42.19620064,B722,_,00040,455
B722__00030.455,13.96797591924944,42.191078695,B722,_,00030,455
B722__00020.456,13.979931399157994,42.202605625,B722,_,00020,456
B722__00530.456,14.026777600590432,42.148786685000005,B722,_,00530,456
B722__00520.456,14.017530067183635,42.13864927,B722,_,00520,456
B722__00510.456,14.004503287250966,42.13721399,B722,_,00510,456
B722__00430.456,14.022304015843044,42.15569073,B722,_,00430,456
B722__00410.456,14.01811004706531,42.152545759999995,B722,_,00410,456
B722__00370.456,13.993827068499714,42.142054535,B722,_,00370,456
B722__00360.456,13.994934469350376,42.151457595,B722,_,00360,456
B722__00290.456,14.012897466118778,42.15837021,B722,_,00290,456
B722__00270.456,13.991010149876447,42.15559246,B722,_,00270,456
B722__00260.456,13.98286399891835,42.152484125,B722,_,00260,456
B722__00250.456,13.979338092346776,42.15545949,B722,_,00250,456
B722__00200.456,14.021836232234499,42.170377445,B722,_,00200,456
B722__00190.456,14.005410441746493,42.16296221,B722,_,00190,456
B722__00180.456,14.01845777522821,42.17536844999999,B722,_,00180,456
B722__00140.456,13.984152581508525,42.172900639999995,B722,_,00140,456
B722__00100.456,13.985187940278568,42.17469382,B722,_,00100,456
B722__00090.456,13.967601031395255,42.18566357,B722,_,00090,456
B722__00080.456,13.96314169380283,42.18780053,B722,_,00080,456
B722__00070.456,14.001969434339568,42.191950455,B722,_,00070,456
B722__00060.456,13.986833941371149,42.196085165,B722,_,00060,456
B722__00050.456,13.9712051399589,42.19045328,B722,_,00050,456
B722__00040.456,13.972210774919024,42.196070004999996,B722,_,00040,456
B722__00030.456,13.96771899450562,42.190938105,B722,_,00030,456
B722__00020.457,13.980075088434333,42.202490350000005,B722,_,00020,457
B722__00530.457,14.03690810577844,42.148018065,B722,_,00530,457
B722__00520.457,14.017279696951976,42.138853940000004,B722,_,00520,457
B722__00510.457,14.00428571892429,42.137275869999996,B722,_,00510,457
B722__00430.457,14.022061184515962,42.15555638,B722,_,00430,457
B722__00420.457,14.020588050679219,42.14674069,B722,_,00420,457
B722__00370.457,13.994298227749393,42.141985285000004,B722,_,00370,457
B722__00360.457,13.994885007271101,42.149779195,B722,_,00360,457
B722__00350.457,13.984935023726383,42.1483057,B722,_,00350,457
B722__00290.457,14.012979903410585,42.158409195000004,B722,_,00290,457
B722__0028.457,14.002766709324888,42.157758325,B722,_,0028,457
B722__00270.457,13.991108613189404,42.155755049999996,B722,_,00270,457
B722__00260.457,13.982998732754416,42.15267136,B722,_,00260,457
B722__00250.457,13.978797302670209,42.155211065,B722,_,00250,457
B722__00200.457,14.021974857344613,42.170408355,B722,_,00200,457
B722__00190.457,14.006263273258062,42.16367674,B722,_,00190,457
B722__00180.457,14.023751429132158,42.17846743,B722,_,00180,457
B722__00140.457,13.980426094149465,42.170089225,B722,_,00140,457
B722__00100.457,13.985565784424693,42.17480813,B722,_,00100,457
B722__00090.457,13.967333947721166,42.185477844999994,B722,_,00090,457
B722__00080.457,13.965384350175277,42.18510426,B722,_,00080,457
B722__00070.457,13.996768619892753,42.188330695000005,B722,_,00070,457
B722__00060.457,13.986957775875501,42.196095135,B722,_,00060,457
B722__00050.457,13.9702705255102,42.190566195,B722,_,00050,457
B722__00040.457,13.972317196830986,42.19597766,B722,_,00040,457
B722__00030.457,13.96781094558833,42.190695245,B722,_,00030,457
B722__00020.458,13.980052562102454,42.202070995,B722,_,00020,458
B722__00510.458,14.004313809653965,42.137245715,B722,_,00510,458
B722__00430.458,14.022104922763011,42.155455495,B722,_,00430,458
B722__00420.458,14.02103086355546,42.14679625,B722,_,00420,458
B722__00370.458,13.994008361580459,42.14211326,B722,_,00370,458
B722__00360.458,13.996093649564218,42.149777255000004,B722,_,00360,458
B722__00350.458,13.984409678403512,42.147851255,B722,_,00350,458
B722__00290.458,14.01298133429491,42.158113995,B722,_,00290,458
B722__00270.458,13.991364411726032,42.155968744999996,B722,_,00270,458
B722__00260.458,13.983259574338557,42.152602465,B722,_,00260,458
B722__00250.458,13.978586591437796,42.154999985,B722,_,00250,458
B722__00200.458,14.015130667106053,42.169697045,B722,_,00200,458
B722__00190.458,13.997683258765445,42.1637834,B722,_,00190,458
B722__00180.458,14.024440795453796,42.17835622,B722,_,00180,458
B722__00140.458,13.980606262302828,42.170191285,B722,_,00140,458
B722__00100.458,13.985493231126135,42.17519346,B722,_,00100,458
B722__00090.458,13.967432917051916,42.18525189,B722,_,00090,458
B722__00080.458,13.964285987033882,42.188156875,B722,_,00080,458
B722__00060.458,13.987143350612318,42.196110184999995,B722,_,00060,458
B722__00050.458,13.96983918068393,42.19040257,B722,_,00050,458
B722__00040.458,13.971201762741511,42.195749975,B722,_,00040,458
B722__00030.458,13.968118951209995,42.190891485,B722,_,00030,458
B722__00020.459,13.979472386851562,42.201849679999995,B722,_,00020,459
B722__00520.459,14.018675876754632,42.138362755,B722,_,00520,459
B722__00510.459,14.00426775099641,42.137219155,B722,_,00510,459
B722__00430.459,14.021921721986004,42.154943540000005,B722,_,00430,459
B722__00420.459,14.021152177767103,42.14638747,B722,_,00420,459
B722__00410.459,14.017400936978595,42.152359265,B722,_,00410,459
B722__00370.459,13.993240051680392,42.141582305,B722,_,00370,459
B722__00360.459,13.992691064755622,42.150449395,B722,_,00360,459
B722__00350.459,13.985017370134804,42.147985015,B722,_,00350,459
B722__00290.459,14.01306332813495,42.15813638,B722,_,00290,459
B722__00270.459,13.99171432435935,42.156075380000004,B722,_,00270,459
B722__00260.459,13.983326761275727,42.15280166,B722,_,00260,459
B722__00250.459,13.978192767241467,42.154903059999995,B722,_,00250,459
B722__00200.459,14.015213549654987,42.16981054,B722,_,00200,459
B722__00190.459,14.006120320386707,42.162912410000004,B722,_,00190,459
B722__00180.459,14.017792850393576,42.17865681,B722,_,00180,459
B722__00140.459,13.980908081451021,42.17025806,B722,_,00140,459
B722__00100.459,13.98602406962371,42.17504146,B722,_,00100,459
B722__00090.459,13.968055988176282,42.18513442,B722,_,00090,459
B722__00070.459,13.996657935506578,42.195325444999995,B722,_,00070,459
B722__00060.459,13.987342362400659,42.195935344999995,B722,_,00060,459
B722__00050.459,13.970824042389614,42.190081805,B722,_,00050,459
B722__00040.459,13.972262058131479,42.195816705,B722,_,00040,459
B722__00030.459,13.968490834628447,42.190988680000004,B722,_,00030,459
B722__00010.46,13.969357087534554,42.209231564999996,B722,_,00010,46
B722__00610.46,13.99271641267207,42.118663585,B722,_,00610,46
B722__00600.46,14.005163244593684,42.12759123,B722,_,00600,46
B722__00590.46,13.991938383520598,42.124733305,B722,_,00590,46
B722__00540.46,14.0417174003993,42.145341825,B722,_,00540,46
B722__00530.46,14.032733147958332,42.147078699999994,B722,_,00530,46
B722__00520.46,14.007509652759111,42.14189439,B722,_,00520,46
B722__0051.46,14.004004737344044,42.14247603,B722,_,0051,46
B722__00500.46,13.992893135491174,42.13773056,B722,_,00500,46
B722__00490.46,13.987429354783721,42.1313875,B722,_,00490,46
B722__00480.46,13.97645433104057,42.138222145,B722,_,00480,46
B722__00440.46,14.038755368592751,42.153663475,B722,_,00440,46
B722__00430.46,14.021487985675229,42.15665978,B722,_,00430,46
B722__00420.46,14.015420774567946,42.15042355,B722,_,00420,46
B722__00400.46,14.002973190846053,42.1531191,B722,_,00400,46
B722__00390.46,13.997275299177186,42.14378189,B722,_,00390,46
B722__00380.46,13.999202689367547,42.14112466,B722,_,00380,46
B722__00370.46,13.984349260470555,42.144052715,B722,_,00370,46
B722__00360.46,13.995728339193436,42.15230948,B722,_,00360,46
B722__00350.46,13.983447204308039,42.14783559,B722,_,00350,46
B722__00340.46,13.96772706312142,42.14596486,B722,_,00340,46
B722__00330.46,13.975364286845656,42.151674299999996,B722,_,00330,46
B722__00300.46,14.029607433956606,42.161099385,B722,_,00300,46
B722__00290.46,14.001411907075683,42.161600115,B722,_,00290,46
B722__00270.46,13.990552077089735,42.160246015,B722,_,00270,46
B722__00260.46,13.982899281422892,42.164041935,B722,_,00260,46
B722__00250.46,13.981586776986713,42.165855975,B722,_,00250,46
B722__00230.46,14.069805071629045,42.16988205,B722,_,00230,46
B722__00220.46,14.05437137445731,42.170851005,B722,_,00220,46
B722__00210.46,14.036194003814995,42.170181299999996,B722,_,00210,46
B722__00190.46,14.009191653776565,42.168942009999995,B722,_,00190,46
B722__00170.46,14.011872941733294,42.17939819,B722,_,00170,46
B722__00160.46,14.0037861357745,42.173027739999995,B722,_,00160,46
B722__00150.46,14.001977791093406,42.17833802,B722,_,00150,46
B722__00140.46,13.988772835650842,42.17360318,B722,_,00140,46
B722__00130.46,13.97689612021578,42.177043805,B722,_,00130,46
B722__00120.46,14.004344873727465,42.19241635,B722,_,00120,46
B722__00110.46,14.002870630437723,42.18721017,B722,_,00110,46
B722__00100.46,13.984555838202226,42.187890964999994,B722,_,00100,46
B722__0009.46,13.969692726730464,42.187292145,B722,_,0009,46
B722__00080.46,13.962399086865851,42.189583965,B722,_,00080,46
B722__00070.46,13.996324425365756,42.19638914,B722,_,00070,46
B722__00060.46,13.988635162221339,42.199813245,B722,_,00060,46
B722__00050.46,13.970513819492062,42.1928898,B722,_,00050,46
B722__00040.46,13.974941879993612,42.201320339999995,B722,_,00040,46
B722__00030.46,13.96481182185075,42.197723375,B722,_,00030,46
B722__00020.46,13.978649966726085,42.20840843,B722,_,00020,46
B722__00020.460,13.979095727019875,42.20151351,B722,_,00020,460
B722__00520.460,14.017962870250615,42.13912032,B722,_,00520,460
B722__00430.460,14.021987349494626,42.154908320000004,B722,_,00430,460
B722__00420.460,14.021440880285319,42.14676629,B722,_,00420,460
B722__00410.460,14.017757890152772,42.15225447,B722,_,00410,460
B722__00370.460,13.993920280447668,42.141852925,B722,_,00370,460
B722__00360.460,13.9901979448608,42.149905255,B722,_,00360,460
B722__00350.460,13.985186364126504,42.147881805,B722,_,00350,460
B722__00290.460,14.013063858764212,42.158325065,B722,_,00290,460
B722__0028.460,14.002595877571714,42.157652525,B722,_,0028,460
B722__00270.460,13.992640766780074,42.1562221,B722,_,00270,460
B722__00260.460,13.98275581309536,42.152308465000004,B722,_,00260,460
B722__00250.460,13.977847440244494,42.15528766,B722,_,00250,460
B722__00200.460,14.018398348596435,42.165517675000004,B722,_,00200,460
B722__00190.460,14.006735376318936,42.16367474,B722,_,00190,460
B722__00180.460,14.01788069553966,42.17853712,B722,_,00180,460
B722__00140.460,13.981035060870262,42.17018901,B722,_,00140,460
B722__00100.460,13.986182267789902,42.175307885,B722,_,00100,460
B722__00090.460,13.968743414675549,42.185118105,B722,_,00090,460
B722__00060.460,13.98722935988105,42.1956394,B722,_,00060,460
B722__00050.460,13.97064982686371,42.189823225,B722,_,00050,460
B722__00040.460,13.972058822544694,42.19540636000001,B722,_,00040,460
B722__00030.460,13.968083170670528,42.19061562,B722,_,00030,460
B722__00020.461,13.980159109586342,42.201873725,B722,_,00020,461
B722__00530.461,14.02942357074556,42.14443834,B722,_,00530,461
B722__00520.461,14.018347208147448,42.1390052,B722,_,00520,461
B722__00510.461,14.004357401300025,42.137157970000004,B722,_,00510,461
B722__00420.461,14.021369644906816,42.147097365,B722,_,00420,461
B722__00410.461,14.01776628079427,42.152386664999995,B722,_,00410,461
B722__00370.461,13.993504627790193,42.141584935,B722,_,00370,461
B722__00360.461,13.991100506744079,42.15061559,B722,_,00360,461
B722__00290.461,14.013140609642367,42.15813638,B722,_,00290,461
B722__0028.461,14.002684486946368,42.157618165,B722,_,0028,461
B722__00270.461,13.99236372150396,42.15626347,B722,_,00270,461
B722__00260.461,13.983405239812463,42.15256259,B722,_,00260,461
B722__00250.461,13.977075989256136,42.15490085,B722,_,00250,461
B722__00200.461,14.029219353378878,42.169702470000004,B722,_,00200,461
B722__00190.461,14.006425875354138,42.162930294999995,B722,_,00190,461
B722__00180.461,14.017353618904417,42.178173265,B722,_,00180,461
B722__00140.461,13.981171367322965,42.17027873,B722,_,00140,461
B722__00100.461,13.986192248634943,42.174910525,B722,_,00100,461
B722__00090.461,13.96856630723893,42.18530406,B722,_,00090,461
B722__00080.461,13.966336599189432,42.183730255,B722,_,00080,461
B722__00070.461,13.998957117063071,42.197070515,B722,_,00070,461
B722__00060.461,13.987248186324678,42.195438595,B722,_,00060,461
B722__00050.461,13.971071293524258,42.189952504999994,B722,_,00050,461
B722__00040.461,13.973039538308038,42.19524259,B722,_,00040,461
B722__00030.461,13.968134272351001,42.190524319999994,B722,_,00030,461
B722__00020.462,13.980426991277946,42.202091955,B722,_,00020,462
B722__00530.462,14.02962528268585,42.14446524,B722,_,00530,462
B722__00520.462,14.019003539622803,42.138827425,B722,_,00520,462
B722__00510.462,14.002144190883968,42.135670995,B722,_,00510,462
B722__00420.462,14.021759974676488,42.147067405,B722,_,00420,462
B722__00410.462,14.010323675303699,42.158487980000004,B722,_,00410,462
B722__00370.462,13.993970449236635,42.14177486,B722,_,00370,462
B722__00360.462,13.989507773073509,42.14919261,B722,_,00360,462
B722__00290.462,14.013249985270676,42.158223254999996,B722,_,00290,462
B722__00270.462,13.99331874560037,42.155580709999995,B722,_,00270,462
B722__00260.462,13.982788580503433,42.152213509999996,B722,_,00260,462
B722__00250.462,13.977604931849733,42.15467934,B722,_,00250,462
B722__00200.462,14.028947384801125,42.169359005000004,B722,_,00200,462
B722__00190.462,14.006853496297094,42.163514195,B722,_,00190,462
B722__00180.462,14.017412674218026,42.17809022,B722,_,00180,462
B722__00140.462,13.981110913923512,42.17015309,B722,_,00140,462
B722__00100.462,13.986327667902502,42.17524727,B722,_,00100,462
B722__00090.462,13.968944336884853,42.185348454999996,B722,_,00090,462
B722__00080.462,13.967163810429161,42.18374471,B722,_,00080,462
B722__00070.462,14.000167262938161,42.197459824999996,B722,_,00070,462
B722__00060.462,13.987090830939612,42.195470405,B722,_,00060,462
B722__00050.462,13.971223069408985,42.19006473,B722,_,00050,462
B722__00040.462,13.972986369328645,42.195112300000005,B722,_,00040,462
B722__00030.462,13.968323997702974,42.190487520000005,B722,_,00030,462
B722__00020.463,13.980419364784161,42.201551065000004,B722,_,00020,463
B722__00530.463,14.02682061517123,42.14936034,B722,_,00530,463
B722__00520.463,14.019167113154749,42.139230600000005,B722,_,00520,463
B722__00430.463,14.036917595118407,42.153159535,B722,_,00430,463
B722__00420.463,14.021880863260236,42.146608785,B722,_,00420,463
B722__00410.463,14.017034840544037,42.152668184999996,B722,_,00410,463
B722__00370.463,13.993804654058364,42.141536575,B722,_,00370,463
B722__00360.463,13.996322981019821,42.14778084,B722,_,00360,463
B722__00290.463,14.013113623682575,42.15851529,B722,_,00290,463
B722__0028.463,14.002840451706078,42.15755667,B722,_,0028,463
B722__00270.463,13.993456982899826,42.155670494999995,B722,_,00270,463
B722__00260.463,13.983249879729449,42.152409395,B722,_,00260,463
B722__00250.463,13.9782262636932,42.154412664999995,B722,_,00250,463
B722__00200.463,14.028835847967137,42.168779575,B722,_,00200,463
B722__00190.463,14.006689091014117,42.16293627,B722,_,00190,463
B722__00180.463,14.020710244755078,42.178843515,B722,_,00180,463
B722__00140.463,13.980739106526283,42.169712385,B722,_,00140,463
B722__00100.463,13.986426569734677,42.175123575,B722,_,00100,463
B722__00090.463,13.96954406544788,42.1851089,B722,_,00090,463
B722__00080.463,13.964650033246858,42.186822305,B722,_,00080,463
B722__00070.463,13.998385231707736,42.18801011,B722,_,00070,463
B722__00060.463,13.986981237885619,42.195127400000004,B722,_,00060,463
B722__00050.463,13.97108612682716,42.18977942,B722,_,00050,463
B722__00040.463,13.972150674082162,42.19500425,B722,_,00040,463
B722__00030.463,13.968662506898966,42.190624815,B722,_,00030,463
B722__00020.464,13.98008311907625,42.200976215,B722,_,00020,464
B722__00530.464,14.026283009795547,42.14771735,B722,_,00530,464
B722__00520.464,14.019251904461662,42.139576309999995,B722,_,00520,464
B722__00510.464,14.004323912897886,42.136806855,B722,_,00510,464
B722__00430.464,14.0185997668827,42.157100115,B722,_,00430,464
B722__00420.464,14.022216971103614,42.14670924,B722,_,00420,464
B722__00410.464,14.009057705948614,42.15801191,B722,_,00410,464
B722__00370.464,13.994028579132266,42.14163728,B722,_,00370,464
B722__00360.464,13.994546856255926,42.14715156,B722,_,00360,464
B722__00290.464,14.01338712206361,42.158715355,B722,_,00290,464
B722__0028.464,14.002896642916067,42.157534525,B722,_,0028,464
B722__00270.464,13.992817786562295,42.155892484999995,B722,_,00270,464
B722__00260.464,13.983493129460015,42.15251058,B722,_,00260,464
B722__00250.464,13.978049993771151,42.154083545000006,B722,_,00250,464
B722__00200.464,14.025475728112902,42.167247615,B722,_,00200,464
B722__00180.464,14.02081610422961,42.178853845,B722,_,00180,464
B722__00140.464,13.9812362211903,42.17002921,B722,_,00140,464
B722__00100.464,13.986518858013948,42.17511289,B722,_,00100,464
B722__00080.464,13.961985900618064,42.189614885,B722,_,00080,464
B722__00070.464,14.001878492630281,42.196988825,B722,_,00070,464
B722__00060.464,13.987332406981832,42.195252690000004,B722,_,00060,464
B722__00050.464,13.971413750998636,42.19002604,B722,_,00050,464
B722__00040.464,13.972235817984304,42.1945875,B722,_,00040,464
B722__00030.464,13.968732551149838,42.190904245,B722,_,00030,464
B722__00020.465,13.98518912959683,42.201492155,B722,_,00020,465
B722__00530.465,14.026342520346109,42.14791057,B722,_,00530,465
B722__00520.465,14.019323738506358,42.13988353,B722,_,00520,465
B722__00510.465,14.004456331114184,42.136896625000006,B722,_,00510,465
B722__00430.465,14.018489028472839,42.156365155,B722,_,00430,465
B722__00420.465,14.022421061698878,42.14691735,B722,_,00420,465
B722__00410.465,14.009613029134375,42.158340375,B722,_,00410,465
B722__00370.465,13.994309857955107,42.14160529,B722,_,00370,465
B722__00360.465,14.000036654915519,42.14863372,B722,_,00360,465
B722__00290.465,14.013913563860761,42.158681945,B722,_,00290,465
B722__0028.465,14.003120821541394,42.157634025,B722,_,0028,465
B722__00270.465,13.99279458211857,42.15567643,B722,_,00270,465
B722__00260.465,13.987285332251036,42.162964465,B722,_,00260,465
B722__00250.465,13.978999319174022,42.154271015,B722,_,00250,465
B722__00200.465,14.025380990278286,42.16715796,B722,_,00200,465
B722__00190.465,14.007236159428711,42.1639624,B722,_,00190,465
B722__00180.465,14.021290961910179,42.178638275,B722,_,00180,465
B722__00100.465,13.986712791815755,42.17511289,B722,_,00100,465
B722__00090.465,13.97157308302474,42.185096724999994,B722,_,00090,465
B722__00080.465,13.966834013187068,42.18777921,B722,_,00080,465
B722__00070.465,14.00103827703199,42.196785495,B722,_,00070,465
B722__00060.465,13.987651872902276,42.195249759999996,B722,_,00060,465
B722__00050.465,13.971574136239251,42.1897659,B722,_,00050,465
B722__00040.465,13.973486050894554,42.194180955,B722,_,00040,465
B722__00030.465,13.96890850296766,42.190761345,B722,_,00030,465
B722__00020.466,13.980607174178084,42.20107554,B722,_,00020,466
B722__00530.466,14.029727503268553,42.146591965,B722,_,00530,466
B722__00520.466,14.019670610129186,42.1397258,B722,_,00520,466
B722__00510.466,14.004466139678929,42.136857655,B722,_,00510,466
B722__00430.466,14.018258426543358,42.15596694,B722,_,00430,466
B722__00420.466,14.02254424860316,42.14733358,B722,_,00420,466
B722__00410.466,14.009778696022666,42.15832809,B722,_,00410,466
B722__00370.466,13.994244489859803,42.141409034999995,B722,_,00370,466
B722__00360.466,13.999932510011913,42.146059585,B722,_,00360,466
B722__0028.466,14.003013196911784,42.15758873,B722,_,0028,466
B722__00270.466,13.992863198859972,42.155558369999994,B722,_,00270,466
B722__00260.466,13.983390577729097,42.152166265000005,B722,_,00260,466
B722__00250.466,13.981050546985383,42.16382333,B722,_,00250,466
B722__00200.466,14.026281169217572,42.166766275,B722,_,00200,466
B722__00190.466,14.00708236742131,42.163553570000005,B722,_,00190,466
B722__00180.466,14.026394438682772,42.17610459,B722,_,00180,466
B722__00140.466,13.98140377811554,42.16983478,B722,_,00140,466
B722__00100.466,13.98693504095447,42.174994625,B722,_,00100,466
B722__00090.466,13.968718257146021,42.18496769,B722,_,00090,466
B722__00080.466,13.96667472445756,42.18770945,B722,_,00080,466
B722__00070.466,14.002372124443117,42.19713122,B722,_,00070,466
B722__00060.466,13.987645970534258,42.195436195,B722,_,00060,466
B722__00050.466,13.971750720361179,42.189688035,B722,_,00050,466
B722__00040.466,13.979340364188815,42.199665975,B722,_,00040,466
B722__00030.466,13.969285802263752,42.19097778,B722,_,00030,466
B722__00020.467,13.980754971963862,42.200982945,B722,_,00020,467
B722__00530.467,14.029806699068835,42.146570534999995,B722,_,00530,467
B722__00520.467,14.01997238787866,42.139472045,B722,_,00520,467
B722__00430.467,14.02368818463292,42.156743070000005,B722,_,00430,467
B722__00420.467,14.022674513985589,42.147005255,B722,_,00420,467
B722__00370.467,13.993974291764024,42.14134772,B722,_,00370,467
B722__00360.467,13.999544784534155,42.145948665,B722,_,00360,467
B722__0028.467,14.003098800961673,42.15755264,B722,_,0028,467
B722__00270.467,13.992765445058124,42.155460015,B722,_,00270,467
B722__00260.467,13.983537309909444,42.151602525,B722,_,00260,467
B722__00250.467,13.979895659400981,42.16657153,B722,_,00250,467
B722__00190.467,14.006928608241314,42.162982055,B722,_,00190,467
B722__00180.467,14.026805718309614,42.175648575,B722,_,00180,467
B722__00140.467,13.981539568377858,42.17029075,B722,_,00140,467
B722__00100.467,13.987343045268114,42.175199355000004,B722,_,00100,467
B722__00090.467,13.967296036783452,42.184756835,B722,_,00090,467
B722__00080.467,13.966549063906495,42.187645515,B722,_,00080,467
B722__00070.467,14.001905610955886,42.197259585,B722,_,00070,467
B722__00060.467,13.987665390277602,42.19580893,B722,_,00060,467
B722__00050.467,13.972114981195187,42.18970866,B722,_,00050,467
B722__00040.467,13.975689792687279,42.202302375,B722,_,00040,467
B722__00030.467,13.969248181783847,42.19067162,B722,_,00030,467
B722__00020.468,13.980887358061228,42.200963295,B722,_,00020,468
B722__00530.468,14.029888174670361,42.14615466,B722,_,00530,468
B722__00520.468,14.020763360383548,42.139132445,B722,_,00520,468
B722__00510.468,14.00463561667171,42.13696178,B722,_,00510,468
B722__00430.468,14.018948628935155,42.15339643,B722,_,00430,468
B722__00420.468,14.023088289667335,42.147121479999996,B722,_,00420,468
B722__00410.468,14.0054296967818,42.156248905,B722,_,00410,468
B722__00370.468,13.994802871703003,42.14139934,B722,_,00370,468
B722__00360.468,13.999264571620923,42.14572602,B722,_,00360,468
B722__00290.468,14.014692340552703,42.158735449999995,B722,_,00290,468
B722__0028.468,14.003070517838662,42.157458860000006,B722,_,0028,468
B722__00270.468,13.992352657052985,42.155533235,B722,_,00270,468
B722__00260.468,13.984121285951375,42.152020629999996,B722,_,00260,468
B722__00250.468,13.980834035637795,42.166866060000004,B722,_,00250,468
B722__00190.468,14.007450030288581,42.163986754999996,B722,_,00190,468
B722__00180.468,14.015973417292706,42.17268453,B722,_,00180,468
B722__00140.468,13.981677024207224,42.16988558,B722,_,00140,468
B722__00090.468,13.967291365216987,42.184492065,B722,_,00090,468
B722__00080.468,13.966058443543876,42.18645667,B722,_,00080,468
B722__00060.468,13.987823183362483,42.195416605,B722,_,00060,468
B722__00050.468,13.97205534946594,42.18991723,B722,_,00050,468
B722__00040.468,13.976189669095902,42.199638885,B722,_,00040,468
B722__00030.468,13.969057984907831,42.190503754999995,B722,_,00030,468
B722__00020.469,13.981039707163685,42.201441835,B722,_,00020,469
B722__00530.469,14.02988303704256,42.14672366,B722,_,00530,469
B722__00520.469,14.021547741511323,42.139709485,B722,_,00520,469
B722__00510.469,14.00463979906154,42.13688105,B722,_,00510,469
B722__00430.469,14.019350002202748,42.15341612,B722,_,00430,469
B722__00420.469,14.023694611658335,42.14691438,B722,_,00420,469
B722__00410.469,14.004372505586758,42.155208994999995,B722,_,00410,469
B722__00370.469,13.994860298675336,42.141197864999995,B722,_,00370,469
B722__00360.469,13.993510583797665,42.145306545,B722,_,00360,469
B722__00270.469,13.992118822505942,42.155568454999994,B722,_,00270,469
B722__00260.469,13.983091264273753,42.15158503,B722,_,00260,469
B722__00250.469,13.977861406180674,42.16431927,B722,_,00250,469
B722__00200.469,14.02753445644855,42.167333619999994,B722,_,00200,469
B722__00190.469,14.00733193423623,42.16360815,B722,_,00190,469
B722__00180.469,14.019380699753118,42.177816719999996,B722,_,00180,469
B722__00140.469,13.980789117351343,42.1690501,B722,_,00140,469
B722__00090.469,13.968066312013551,42.184353740000006,B722,_,00090,469
B722__00080.469,13.964672127485441,42.181860305,B722,_,00080,469
B722__00070.469,13.996747285118772,42.19739959499999,B722,_,00070,469
B722__00060.469,13.98777950218074,42.19545632,B722,_,00060,469
B722__00050.469,13.97270519250054,42.18964018,B722,_,00050,469
B722__00040.469,13.970435688196575,42.200464755,B722,_,00040,469
B722__00030.469,13.96283790637672,42.189877589999995,B722,_,00030,469
B722__00010.47,13.970063433182577,42.208892899999995,B722,_,00010,47
B722__00610.47,13.99271400183227,42.11843871000001,B722,_,00610,47
B722__00600.47,14.006758998600214,42.12801863,B722,_,00600,47
B722__00590.47,13.993351397284268,42.12484757,B722,_,00590,47
B722__00540.47,14.04174080333385,42.14473122,B722,_,00540,47
B722__00530.47,14.03445927982223,42.146987325,B722,_,00530,47
B722__00520.47,14.007666918515017,42.141989075,B722,_,00520,47
B722__0051.47,14.004074958835846,42.14247907,B722,_,0051,47
B722__00500.47,13.993908725659796,42.138061750000006,B722,_,00500,47
B722__00490.47,13.988899194298243,42.131330809999994,B722,_,00490,47
B722__00480.47,13.97754625692514,42.138469225,B722,_,00480,47
B722__00440.47,14.03907241898737,42.153957919999996,B722,_,00440,47
B722__00430.47,14.021871054381997,42.156878785,B722,_,00430,47
B722__00420.47,14.016121557857412,42.15095681,B722,_,00420,47
B722__00410.47,14.004938095783011,42.15660072,B722,_,00410,47
B722__00400.47,14.002780930415588,42.15264509,B722,_,00400,47
B722__00390.47,13.99751127801335,42.14358676,B722,_,00390,47
B722__00380.47,13.999433002987274,42.14112912,B722,_,00380,47
B722__00370.47,13.98452333930733,42.14390326,B722,_,00370,47
B722__00360.47,13.996069067252883,42.1520792,B722,_,00360,47
B722__00350.47,13.984221629636007,42.14818684,B722,_,00350,47
B722__00340.47,13.96736463841141,42.1458628,B722,_,00340,47
B722__00330.47,13.975987566571607,42.151472,B722,_,00330,47
B722__00300.47,14.030818698921673,42.16117475,B722,_,00300,47
B722__00290.47,14.001568935579956,42.16190437,B722,_,00290,47
B722__0028.47,13.997018596802015,42.15916591,B722,_,0028,47
B722__00270.47,13.990510182937456,42.159836389999995,B722,_,00270,47
B722__00260.47,13.98319014461405,42.16382884,B722,_,00260,47
B722__00250.47,13.981743327474694,42.16571888,B722,_,00250,47
B722__00230.47,14.070188630927504,42.170077325,B722,_,00230,47
B722__00220.47,14.055587476171983,42.17112833,B722,_,00220,47
B722__00210.47,14.035639867718272,42.170217855000004,B722,_,00210,47
B722__00200.47,14.02907287076063,42.17172182,B722,_,00200,47
B722__00190.47,14.008462583719197,42.168699995,B722,_,00190,47
B722__00170.47,14.01197877227055,42.180834435,B722,_,00170,47
B722__00160.47,14.004161506445794,42.173182785,B722,_,00160,47
B722__00150.47,14.00297220756623,42.178124235,B722,_,00150,47
B722__00140.47,13.98848015516073,42.17344361,B722,_,00140,47
B722__00130.47,13.98024983248738,42.173662730000004,B722,_,00130,47
B722__00120.47,14.004471162681206,42.193320105,B722,_,00120,47
B722__00110.47,14.003000562458045,42.187527305,B722,_,00110,47
B722__00100.47,13.984195563820355,42.188367045,B722,_,00100,47
B722__00080.47,13.962317036553276,42.189556870000004,B722,_,00080,47
B722__00070.47,13.996511711642171,42.196378605,B722,_,00070,47
B722__00050.47,13.970573177106772,42.192809479999994,B722,_,00050,47
B722__00040.47,13.974648073808552,42.200762665,B722,_,00040,47
B722__00030.47,13.964721610931734,42.197551335,B722,_,00030,47
B722__00020.47,13.978648600583618,42.208112935,B722,_,00020,47
B722__00020.470,13.98072852855255,42.201400105,B722,_,00020,470
B722__00530.470,14.030052791103227,42.146461055,B722,_,00530,470
B722__00520.470,14.021317438165717,42.139763295,B722,_,00520,470
B722__00430.470,14.019971396633135,42.153181605,B722,_,00430,470
B722__00420.470,14.011028815319678,42.14861875,B722,_,00420,470
B722__00410.470,14.004673593005872,42.15522935,B722,_,00410,470
B722__00370.470,13.994310271624151,42.141069755000004,B722,_,00370,470
B722__00360.470,13.996888009032133,42.14374016,B722,_,00360,470
B722__00290.470,14.014698319553991,42.159409984999996,B722,_,00290,470
B722__00270.470,13.992466632502255,42.155138125,B722,_,00270,470
B722__00260.470,13.986294487954073,42.161780629999996,B722,_,00260,470
B722__00250.470,13.97832305005846,42.16358037,B722,_,00250,470
B722__00200.470,14.027860099801707,42.16722113,B722,_,00200,470
B722__00190.470,14.007354441194792,42.1634002,B722,_,00190,470
B722__00180.470,14.019599043188023,42.177706244999996,B722,_,00180,470
B722__00140.470,13.981545906893166,42.169302310000006,B722,_,00140,470
B722__00090.470,13.968666022399766,42.18457603,B722,_,00090,470
B722__00080.470,13.96473832446965,42.181948965000004,B722,_,00080,470
B722__00070.470,14.003841947593168,42.19440677,B722,_,00070,470
B722__00060.470,13.987871687923434,42.195325284999996,B722,_,00060,470
B722__00050.470,13.973087302257493,42.18957341,B722,_,00050,470
B722__00040.470,13.976843809308274,42.198894915,B722,_,00040,470
B722__00030.470,13.962479011401443,42.190204805,B722,_,00030,470
B722__00020.471,13.980893711771776,42.201679995000006,B722,_,00020,471
B722__00530.471,14.029660542546752,42.146154585,B722,_,00530,471
B722__00520.471,14.021901276871397,42.140471524999995,B722,_,00520,471
B722__00510.471,14.000996696307718,42.136060125,B722,_,00510,471
B722__00430.471,14.020154820043249,42.153223894999996,B722,_,00430,471
B722__00420.471,14.02440643543971,42.146644255,B722,_,00420,471
B722__00410.471,14.004649682198345,42.155259095,B722,_,00410,471
B722__00370.471,13.994401564146115,42.141205064999994,B722,_,00370,471
B722__00360.471,13.992003630039278,42.149238710000006,B722,_,00360,471
B722__00290.471,14.014911939709904,42.159444910000005,B722,_,00290,471
B722__00270.471,13.992448537800858,42.154987965000004,B722,_,00270,471
B722__00260.471,13.986917165199557,42.162196205,B722,_,00260,471
B722__00250.471,13.978466636314556,42.164020515,B722,_,00250,471
B722__00200.471,14.02746951638906,42.16731918,B722,_,00200,471
B722__00190.471,14.007198273432017,42.16301892,B722,_,00190,471
B722__00140.471,13.981594924504314,42.169147105,B722,_,00140,471
B722__00100.471,13.988756200452835,42.175546075,B722,_,00100,471
B722__00090.471,13.969264656474325,42.184694615,B722,_,00090,471
B722__00080.471,13.964951085762273,42.182212234999994,B722,_,00080,471
B722__00060.471,13.988083314198164,42.195747350000005,B722,_,00060,471
B722__00050.471,13.972524302829731,42.18981459,B722,_,00050,471
B722__00040.471,13.977545377884898,42.199677980000004,B722,_,00040,471
B722__00030.471,13.96322921910619,42.190362275,B722,_,00030,471
B722__00020.472,13.981293645880783,42.201807515,B722,_,00020,472
B722__00530.472,14.029780683909117,42.14610874,B722,_,00530,472
B722__00520.472,14.021937011311781,42.140865559999995,B722,_,00520,472
B722__00510.472,14.001488439529094,42.136225710000005,B722,_,00510,472
B722__00430.472,14.020215882010095,42.1529363,B722,_,00430,472
B722__00420.472,14.024746787178046,42.146858054999996,B722,_,00420,472
B722__00410.472,14.005102543491024,42.15550676,B722,_,00410,472
B722__00370.472,13.994117121290955,42.140689455,B722,_,00370,472
B722__00360.472,13.994390681707536,42.150189885,B722,_,00360,472
B722__00290.472,14.01505899955253,42.159259215,B722,_,00290,472
B722__00270.472,13.992480790733222,42.154478784999995,B722,_,00270,472
B722__00250.472,13.980431650860947,42.164456125,B722,_,00250,472
B722__00190.472,14.007644108477042,42.163602995000005,B722,_,00190,472
B722__00140.472,13.982004963452088,42.16900161,B722,_,00140,472
B722__00100.472,13.99059485911561,42.17519976,B722,_,00100,472
B722__00090.472,13.969205470476414,42.18458008499999,B722,_,00090,472
B722__00070.472,14.00341882805736,42.19589675,B722,_,00070,472
B722__00060.472,13.988700853367982,42.196144835,B722,_,00060,472
B722__00050.472,13.972583094543115,42.189900995,B722,_,00050,472
B722__00040.472,13.977121422053925,42.199371405,B722,_,00040,472
B722__00030.472,13.963642497571168,42.190325265,B722,_,00030,472
B722__00020.473,13.980976738379713,42.202064405,B722,_,00020,473
B722__00530.473,14.030069159625157,42.146035909999995,B722,_,00530,473
B722__00520.473,14.0228018554741,42.14112541,B722,_,00520,473
B722__00510.473,14.001553442538938,42.1358251,B722,_,00510,473
B722__00430.473,14.021433847503207,42.1513678,B722,_,00430,473
B722__00420.473,14.025130321477988,42.14687042,B722,_,00420,473
B722__00410.473,14.005114395598802,42.15558712,B722,_,00410,473
B722__00370.473,13.994703318934707,42.140947765,B722,_,00370,473
B722__00360.473,13.990773364686973,42.149977664999994,B722,_,00360,473
B722__00290.473,14.015167443920376,42.159389315,B722,_,00290,473
B722__0028.473,14.004469778920567,42.156477385,B722,_,0028,473
B722__00270.473,13.991586458494771,42.154226255,B722,_,00270,473
B722__00260.473,13.985430358640741,42.159104830000004,B722,_,00260,473
B722__00250.473,13.975400386754657,42.16371088,B722,_,00250,473
B722__00200.473,14.027429379564417,42.1672561,B722,_,00200,473
B722__00190.473,14.007661567975532,42.164059304999995,B722,_,00190,473
B722__00140.473,13.982099140699436,42.168944655000004,B722,_,00140,473
B722__00090.473,13.970070871338013,42.184521829999994,B722,_,00090,473
B722__00070.473,14.003385444289924,42.192967245,B722,_,00070,473
B722__00060.473,13.989390785549112,42.196327425,B722,_,00060,473
B722__00050.473,13.97253237703094,42.19004303,B722,_,00050,473
B722__00040.473,13.979482562491546,42.199218419999994,B722,_,00040,473
B722__00030.473,13.964052942236108,42.18971934,B722,_,00030,473
B722__00020.474,13.981038076968606,42.20224654,B722,_,00020,474
B722__00530.474,14.029273162973656,42.145546374999995,B722,_,00530,474
B722__00520.474,14.023951704377788,42.141664625000004,B722,_,00520,474
B722__00510.474,14.001815089557127,42.135243040000006,B722,_,00510,474
B722__00430.474,14.019734852887892,42.152844605,B722,_,00430,474
B722__00420.474,14.005546577621583,42.14390299,B722,_,00420,474
B722__00410.474,14.00500803335235,42.15552373,B722,_,00410,474
B722__00370.474,13.994986440743226,42.14114326,B722,_,00370,474
B722__00360.474,13.99060785694481,42.14980647,B722,_,00360,474
B722__00290.474,14.015566525077038,42.15927005,B722,_,00290,474
B722__0028.474,14.004330311575618,42.15648473,B722,_,0028,474
B722__00270.474,13.992025526625717,42.154302885,B722,_,00270,474
B722__00250.474,13.975886780586972,42.16227024,B722,_,00250,474
B722__00200.474,14.027782339739403,42.16710788,B722,_,00200,474
B722__00190.474,14.007580298524957,42.163075570000004,B722,_,00190,474
B722__00140.474,13.98147365605011,42.168991265,B722,_,00140,474
B722__00100.474,13.982946441793487,42.176375485,B722,_,00100,474
B722__00090.474,13.970082440454249,42.18486129,B722,_,00090,474
B722__00070.474,14.002258687614301,42.19252455,B722,_,00070,474
B722__00060.474,13.989438606053387,42.19615381,B722,_,00060,474
B722__00050.474,13.973461495184896,42.189795849999996,B722,_,00050,474
B722__00040.474,13.979921683989529,42.19950398,B722,_,00040,474
B722__00030.474,13.965551597801994,42.189562125,B722,_,00030,474
B722__00020.475,13.98146032968639,42.202058910000005,B722,_,00020,475
B722__00530.475,14.029290853018985,42.145475195,B722,_,00530,475
B722__00520.475,14.02404393369163,42.14119705,B722,_,00520,475
B722__00510.475,14.002019492887133,42.13499633,B722,_,00510,475
B722__00430.475,14.01987333378121,42.152780664999995,B722,_,00430,475
B722__00420.475,14.00577325499889,42.14358654,B722,_,00420,475
B722__00410.475,14.005503642569844,42.15564423,B722,_,00410,475
B722__00370.475,13.994878830657115,42.14107755,B722,_,00370,475
B722__00360.475,13.990453626614237,42.14976163,B722,_,00360,475
B722__00290.475,14.015664060635125,42.159384795,B722,_,00290,475
B722__0028.475,14.00141070529564,42.1577726,B722,_,0028,475
B722__00270.475,13.991930816307764,42.15420065,B722,_,00270,475
B722__00260.475,13.986741570324146,42.155772285,B722,_,00260,475
B722__00250.475,13.979803765983497,42.162434855,B722,_,00250,475
B722__00200.475,14.027709503407575,42.16707649,B722,_,00200,475
B722__00190.475,14.008019762482599,42.163891155,B722,_,00190,475
B722__00180.475,14.026943187468412,42.17309746,B722,_,00180,475
B722__00140.475,13.98118781844807,42.16877622,B722,_,00140,475
B722__00100.475,13.982484207656025,42.176427505,B722,_,00100,475
B722__00090.475,13.968406026996515,42.18304816,B722,_,00090,475
B722__00070.475,14.003004551616447,42.192949105,B722,_,00070,475
B722__00060.475,13.989091204713922,42.195742815,B722,_,00060,475
B722__00050.475,13.972720688612764,42.18944266,B722,_,00050,475
B722__00040.475,13.972359178958424,42.19664135,B722,_,00040,475
B722__00030.475,13.965586790800309,42.18994027,B722,_,00030,475
B722__00020.476,13.98154549015014,42.202167575,B722,_,00020,476
B722__00530.476,14.029165289368144,42.145307700000004,B722,_,00530,476
B722__00520.476,14.024412218388402,42.141963315,B722,_,00520,476
B722__00510.476,14.002160595779458,42.13489329,B722,_,00510,476
B722__00430.476,14.020085979222566,42.152688685,B722,_,00430,476
B722__00420.476,14.006344753503713,42.143887195000005,B722,_,00420,476
B722__00370.476,13.995051393742687,42.140993545,B722,_,00370,476
B722__00360.476,13.990584053817265,42.149695155,B722,_,00360,476
B722__00290.476,14.015725867706802,42.15935813,B722,_,00290,476
B722__0028.476,14.001886392075436,42.157785004999994,B722,_,0028,476
B722__00270.476,13.992946380956667,42.154236455,B722,_,00270,476
B722__00260.476,13.986121378878078,42.155740995,B722,_,00260,476
B722__00250.476,13.978063677718115,42.160970805000005,B722,_,00250,476
B722__00200.476,14.027380678711111,42.166095215,B722,_,00200,476
B722__00190.476,14.007965441864936,42.16348585,B722,_,00190,476
B722__00180.476,14.018315589059537,42.175086135,B722,_,00180,476
B722__00140.476,13.98106671805953,42.168632615,B722,_,00140,476
B722__00100.476,13.990078282693002,42.17662056,B722,_,00100,476
B722__00090.476,13.96902582959118,42.18400265,B722,_,00090,476
B722__00070.476,14.002312352171739,42.19220746,B722,_,00070,476
B722__00050.476,13.973512984593144,42.188884494999996,B722,_,00050,476
B722__00040.476,13.97222516182104,42.196559975,B722,_,00040,476
B722__00030.476,13.965902708988686,42.190085055,B722,_,00030,476
B722__00020.477,13.98115633034041,42.20235219,B722,_,00020,477
B722__00530.477,14.029219677328477,42.145271515000005,B722,_,00530,477
B722__00520.477,14.008678678157072,42.134701050000004,B722,_,00520,477
B722__00510.477,14.002032289351884,42.13465318,B722,_,00510,477
B722__00430.477,14.020244253103602,42.153504139999995,B722,_,00430,477
B722__00420.477,14.006446845744602,42.143769590000005,B722,_,00420,477
B722__00410.477,14.008506703389568,42.156282155,B722,_,00410,477
B722__00370.477,13.99491865184693,42.14093812,B722,_,00370,477
B722__00360.477,13.990724235711873,42.150096094999995,B722,_,00360,477
B722__00290.477,14.015835875833698,42.159289665,B722,_,00290,477
B722__0028.477,14.001726539982311,42.15774371,B722,_,0028,477
B722__00270.477,13.993361935112734,42.154927855,B722,_,00270,477
B722__00260.477,13.986552904011392,42.155842815,B722,_,00260,477
B722__00250.477,13.980388923647133,42.161406435,B722,_,00250,477
B722__00200.477,14.026404821594696,42.166363614999995,B722,_,00200,477
B722__00190.477,14.007903940018416,42.163130914999996,B722,_,00190,477
B722__00180.477,14.01831872928688,42.17512451,B722,_,00180,477
B722__00140.477,13.981255451230181,42.168540535000005,B722,_,00140,477
B722__00100.477,13.983959567573535,42.187803165,B722,_,00100,477
B722__00090.477,13.97418060320665,42.185572315,B722,_,00090,477
B722__00070.477,14.003811992188098,42.194935924999996,B722,_,00070,477
B722__00050.477,13.973540096142399,42.189200045,B722,_,00050,477
B722__00040.477,13.972783940290963,42.19597766,B722,_,00040,477
B722__00030.477,13.965983486572016,42.18981173,B722,_,00030,477
B722__00020.478,13.980757197487126,42.202326535,B722,_,00020,478
B722__00530.478,14.029675332921562,42.145652514999995,B722,_,00530,478
B722__00520.478,14.009858979234167,42.142113115,B722,_,00520,478
B722__00510.478,14.002464552981245,42.134647105,B722,_,00510,478
B722__00430.478,14.020330331070012,42.153223894999996,B722,_,00430,478
B722__00420.478,14.006508850991345,42.144123934999996,B722,_,00420,478
B722__00410.478,14.008638823351479,42.157295545,B722,_,00410,478
B722__00370.478,13.995140606411471,42.140881015000005,B722,_,00370,478
B722__00360.478,13.99259265181039,42.149894105,B722,_,00360,478
B722__00290.478,14.015739569237638,42.158989905,B722,_,00290,478
B722__0028.478,14.001701210712287,42.157663595,B722,_,0028,478
B722__00270.478,13.993164311679665,42.154375605,B722,_,00270,478
B722__00260.478,13.98704008143526,42.155520495000005,B722,_,00260,478
B722__00250.478,13.978907499250843,42.15889202,B722,_,00250,478
B722__00200.478,14.027802219122542,42.16606436,B722,_,00200,478
B722__00190.478,14.00823481490081,42.16363405,B722,_,00190,478
B722__00180.478,14.018322771645588,42.17515528,B722,_,00180,478
B722__00140.478,13.982004793384935,42.168734685,B722,_,00140,478
B722__00090.478,13.97603222395127,42.18501233,B722,_,00090,478
B722__00070.478,14.00361006626553,42.19480375,B722,_,00070,478
B722__00050.478,13.974182721339531,42.18924459,B722,_,00050,478
B722__00040.478,13.973098896273715,42.195653275,B722,_,00040,478
B722__00030.478,13.966210283455629,42.18971162,B722,_,00030,478
B722__00020.479,13.980587192541238,42.202372215,B722,_,00020,479
B722__00530.479,14.029493208418037,42.145431560000006,B722,_,00530,479
B722__00520.479,14.00863166535594,42.135138635000004,B722,_,00520,479
B722__00510.479,14.002580634536827,42.13481415,B722,_,00510,479
B722__00430.479,14.020622468936498,42.153237405,B722,_,00430,479
B722__00420.479,14.006931641715706,42.143822119999996,B722,_,00420,479
B722__00410.479,14.009013493755909,42.15761184,B722,_,00410,479
B722__00370.479,13.995042232629071,42.140802844999996,B722,_,00370,479
B722__00360.479,13.9914294653749,42.149847925,B722,_,00360,479
B722__00290.479,14.015864410869602,42.158997334999995,B722,_,00290,479
B722__0028.479,14.001781640449291,42.157725029999995,B722,_,0028,479
B722__00270.479,13.991850936278219,42.154850894999996,B722,_,00270,479
B722__00260.479,13.985582582073654,42.15581915,B722,_,00260,479
B722__00250.479,13.97858294891385,42.166595380000004,B722,_,00250,479
B722__00200.479,14.027696144028805,42.16619561,B722,_,00200,479
B722__00190.479,14.008074028356457,42.16312906,B722,_,00190,479
B722__00180.479,14.02191891458548,42.175309940000005,B722,_,00180,479
B722__00140.479,13.981692230037583,42.168354519999994,B722,_,00140,479
B722__00100.479,13.97875468707252,42.182236585,B722,_,00100,479
B722__00090.479,13.968866236000036,42.184074135,B722,_,00090,479
B722__00070.479,14.003751458291976,42.19467,B722,_,00070,479
B722__00050.479,13.9746380165227,42.18949879,B722,_,00050,479
B722__00040.479,13.97199932079689,42.195525185,B722,_,00040,479
B722__00030.479,13.96644403850162,42.1895681,B722,_,00030,479
B722__00010.48,13.969983616375801,42.20904908999999,B722,_,00010,48
B722__00610.48,13.992858776134273,42.118069205,B722,_,00610,48
B722__00600.48,14.00723824634764,42.12813568,B722,_,00600,48
B722__00590.48,13.99475631364393,42.125724835,B722,_,00590,48
B722__00540.48,14.041983227463342,42.145105705,B722,_,00540,48
B722__00530.48,14.034916031354815,42.146885775,B722,_,00530,48
B722__00520.48,14.007632665726177,42.14190603,B722,_,00520,48
B722__0051.48,14.004131148718525,42.14242138,B722,_,0051,48
B722__00500.48,13.991057830775963,42.13615438,B722,_,00500,48
B722__00490.48,13.989742649799737,42.13061487,B722,_,00490,48
B722__00480.48,13.977302029031465,42.139061784999996,B722,_,00480,48
B722__00440.48,14.039354681811233,42.153631225,B722,_,00440,48
B722__00430.48,14.022308076894795,42.157309615,B722,_,00430,48
B722__00420.48,14.016632617318768,42.151213775,B722,_,00420,48
B722__00410.48,14.006415980942915,42.157459775,B722,_,00410,48
B722__00400.48,14.003673833361864,42.15299431,B722,_,00400,48
B722__00390.48,13.997082320768593,42.143503275,B722,_,00390,48
B722__00380.48,13.99947657308779,42.141020455,B722,_,00380,48
B722__00370.48,13.98471308550629,42.14369963,B722,_,00370,48
B722__00360.48,13.996221325985871,42.15190725,B722,_,00360,48
B722__00350.48,13.984354809471675,42.148316415,B722,_,00350,48
B722__00340.48,13.96775443247779,42.14538517,B722,_,00340,48
B722__00330.48,13.976903776751072,42.151480835,B722,_,00330,48
B722__00300.48,14.031945817511161,42.160758385,B722,_,00300,48
B722__00290.48,14.001738359297217,42.161995485,B722,_,00290,48
B722__0028.48,13.996942500259944,42.159295459999996,B722,_,0028,48
B722__00270.48,13.990842976839618,42.159935825000005,B722,_,00270,48
B722__00260.48,13.981727398727173,42.163902115,B722,_,00260,48
B722__00230.48,14.070017984022051,42.1695368,B722,_,00230,48
B722__00220.48,14.05655368593215,42.166838495,B722,_,00220,48
B722__00210.48,14.036929636918572,42.17050689,B722,_,00210,48
B722__00200.48,14.029515103236578,42.17170805,B722,_,00200,48
B722__00190.48,14.008925816236392,42.168851145000005,B722,_,00190,48
B722__00170.48,14.012471176470605,42.180253925,B722,_,00170,48
B722__00160.48,14.004579484316253,42.17328415,B722,_,00160,48
B722__00150.48,14.003233693025152,42.17814928,B722,_,00150,48
B722__00130.48,13.977210174192173,42.17730817,B722,_,00130,48
B722__00120.48,14.004610153142643,42.19231499,B722,_,00120,48
B722__00110.48,14.002309410640505,42.18660424,B722,_,00110,48
B722__00100.48,13.984652471766394,42.18835978,B722,_,00100,48
B722__00080.48,13.962436870960296,42.189480169999996,B722,_,00080,48
B722__00060.48,13.989415658845287,42.19991642,B722,_,00060,48
B722__00050.48,13.974005276250281,42.194677659999996,B722,_,00050,48
B722__00040.48,13.975056560524525,42.201001755,B722,_,00040,48
B722__00030.48,13.965367534697393,42.197679295,B722,_,00030,48
B722__00020.48,13.979072712361702,42.20865268,B722,_,00020,48
B722__00020.480,13.980529424039378,42.20255226,B722,_,00020,480
B722__00530.480,14.029331994197225,42.14521587,B722,_,00530,480
B722__00520.480,14.009305673117733,42.135247989999996,B722,_,00520,480
B722__00510.480,14.00269582114549,42.13486606,B722,_,00510,480
B722__00420.480,14.00723782353301,42.143567385,B722,_,00420,480
B722__00410.480,14.005587203811663,42.155466575,B722,_,00410,480
B722__00370.480,13.99503085637191,42.140690095,B722,_,00370,480
B722__00360.480,13.99119698466096,42.14966733,B722,_,00360,480
B722__00290.480,14.016533665432487,42.15926228,B722,_,00290,480
B722__0028.480,14.001824202904281,42.157710465,B722,_,0028,480
B722__00270.480,13.992078730046904,42.154823844999996,B722,_,00270,480
B722__00260.480,13.985824563887553,42.155973849999995,B722,_,00260,480
B722__00250.480,13.972504010633916,42.159367755,B722,_,00250,480
B722__00200.480,14.02784872358394,42.166238504999995,B722,_,00200,480
B722__00190.480,14.008418445557446,42.16377192,B722,_,00190,480
B722__00180.480,14.02557258826538,42.17335665,B722,_,00180,480
B722__00140.480,13.982059035455428,42.168717975,B722,_,00140,480
B722__00100.480,13.986723937453664,42.186326365,B722,_,00100,480
B722__00090.480,13.969015950486053,42.184137615,B722,_,00090,480
B722__00070.480,14.003899761600252,42.194621955,B722,_,00070,480
B722__00050.480,13.974365489003155,42.189185755,B722,_,00050,480
B722__00040.480,13.98063707811109,42.199030775,B722,_,00040,480
B722__00030.480,13.966886813702747,42.189591235,B722,_,00030,480
B722__00020.481,13.98070897386425,42.20251116,B722,_,00020,481
B722__00530.481,14.029781740391577,42.14561991,B722,_,00530,481
B722__00520.481,14.00922646840749,42.13510274,B722,_,00520,481
B722__00510.481,14.002783893525066,42.134975940000004,B722,_,00510,481
B722__00430.481,14.021905438608421,42.15282939,B722,_,00430,481
B722__00420.481,14.007695333703673,42.14421254,B722,_,00420,481
B722__00410.481,14.005431089412271,42.15424679,B722,_,00410,481
B722__00370.481,13.995004865678414,42.140423865,B722,_,00370,481
B722__00360.481,13.991268974871762,42.149578735,B722,_,00360,481
B722__00290.481,14.016645585583262,42.159257655,B722,_,00290,481
B722__0028.481,14.001766023234614,42.15763134,B722,_,0028,481
B722__00270.481,13.99201410166862,42.154685715,B722,_,00270,481
B722__00260.481,13.98575017384551,42.15603168,B722,_,00260,481
B722__00250.481,13.979820763468771,42.161554885,B722,_,00250,481
B722__00200.481,14.02826397075735,42.166151435,B722,_,00200,481
B722__00190.481,14.008292723458865,42.16342068,B722,_,00190,481
B722__00180.481,14.025310533606648,42.173203755,B722,_,00180,481
B722__00140.481,13.981740527639717,42.16834281,B722,_,00140,481
B722__00100.481,13.986908782453519,42.186047375,B722,_,00100,481
B722__00090.481,13.969020591324778,42.184223195,B722,_,00090,481
B722__00070.481,13.99851598758178,42.19630105,B722,_,00070,481
B722__00060.481,13.990836914394635,42.196247895,B722,_,00060,481
B722__00050.481,13.97463236001693,42.189135215,B722,_,00050,481
B722__00040.481,13.972077009321275,42.195646045000004,B722,_,00040,481
B722__00020.482,13.980891751201469,42.20250103,B722,_,00020,482
B722__00520.482,14.00934791771936,42.135098355,B722,_,00520,482
B722__00510.482,14.003011746350603,42.134698795,B722,_,00510,482
B722__00430.482,14.022035304486657,42.15263039,B722,_,00430,482
B722__00420.482,14.007994430491387,42.144250944999996,B722,_,00420,482
B722__00410.482,14.005804757121663,42.154357745,B722,_,00410,482
B722__00370.482,13.995189684031487,42.140608795000006,B722,_,00370,482
B722__00360.482,13.991393376145195,42.14951644,B722,_,00360,482
B722__00290.482,14.016744548361052,42.159212835,B722,_,00290,482
B722__0028.482,14.001865894487576,42.157579425,B722,_,0028,482
B722__00270.482,13.992021199572736,42.154629135,B722,_,00270,482
B722__00260.482,13.98559948111434,42.15609266,B722,_,00260,482
B722__00250.482,13.980299323541415,42.162607895,B722,_,00250,482
B722__00200.482,14.028170298709313,42.166322835,B722,_,00200,482
B722__00190.482,14.008194770554567,42.1631237,B722,_,00190,482
B722__00180.482,14.025830502875596,42.171808,B722,_,00180,482
B722__00140.482,13.98218381819316,42.169042974999996,B722,_,00140,482
B722__00100.482,13.986815290864712,42.186022109999996,B722,_,00100,482
B722__00090.482,13.969296060013566,42.184429745,B722,_,00090,482
B722__00070.482,13.995252288437797,42.190119475,B722,_,00070,482
B722__00050.482,13.97497098671585,42.189259885,B722,_,00050,482
B722__00040.482,13.978359351535016,42.198708575,B722,_,00040,482
B722__00030.482,13.966973193577909,42.190662955,B722,_,00030,482
B722__00020.483,13.980675805355444,42.202643225,B722,_,00020,483
B722__00520.483,14.009348009293731,42.135036854999996,B722,_,00520,483
B722__00510.483,14.003679729161618,42.13476948,B722,_,00510,483
B722__00430.483,14.019010351447266,42.152635015,B722,_,00430,483
B722__00420.483,14.008624749568337,42.144162685,B722,_,00420,483
B722__00410.483,14.006388382661896,42.153698055,B722,_,00410,483
B722__00370.483,13.99532991347775,42.140924585,B722,_,00370,483
B722__00360.483,13.991525844183776,42.149447030000005,B722,_,00360,483
B722__00290.483,14.01689327627301,42.1591824,B722,_,00290,483
B722__00270.483,13.993995951046687,42.155393419999996,B722,_,00270,483
B722__00250.483,13.98029907546453,42.162476985,B722,_,00250,483
B722__00200.483,14.028333721305472,42.166351885,B722,_,00200,483
B722__00190.483,14.008711135954275,42.163613345,B722,_,00190,483
B722__00180.483,14.031027669751502,42.172986225,B722,_,00180,483
B722__00140.483,13.982264537717295,42.168987224999995,B722,_,00140,483
B722__00100.483,13.986819102281416,42.185940125,B722,_,00100,483
B722__00090.483,13.969724220800533,42.184188495,B722,_,00090,483
B722__00070.483,13.994172398250555,42.189988490000005,B722,_,00070,483
B722__00060.483,13.99123991384501,42.196229755000005,B722,_,00060,483
B722__00050.483,13.975003429687746,42.18898829,B722,_,00050,483
B722__00040.483,13.979326389035636,42.199426455,B722,_,00040,483
B722__00030.483,13.9677452418555,42.190498045,B722,_,00030,483
B722__00020.484,13.980699411188407,42.202763915,B722,_,00020,484
B722__00530.484,14.032841925950432,42.146988985,B722,_,00530,484
B722__00520.484,14.00954621965877,42.13504456,B722,_,00520,484
B722__00510.484,14.004017880029366,42.134863980000006,B722,_,00510,484
B722__00430.484,14.018897353868608,42.152627015,B722,_,00430,484
B722__00420.484,14.009158027930635,42.144494615,B722,_,00420,484
B722__00410.484,14.006483059492702,42.1534675,B722,_,00410,484
B722__00370.484,13.995242319703998,42.140389315,B722,_,00370,484
B722__00360.484,13.99234486690284,42.148262485000004,B722,_,00360,484
B722__00290.484,14.013417364793721,42.15846448,B722,_,00290,484
B722__0028.484,14.002095004042062,42.157733775,B722,_,0028,484
B722__00270.484,13.994306963744531,42.155706695,B722,_,00270,484
B722__00260.484,13.98540683005426,42.156123125,B722,_,00260,484
B722__00250.484,13.98120569491729,42.162309865,B722,_,00250,484
B722__00200.484,14.028622276095971,42.16645778,B722,_,00200,484
B722__00190.484,14.008829538444541,42.16343955,B722,_,00190,484
B722__00180.484,14.02912932858596,42.172096835000005,B722,_,00180,484
B722__00140.484,13.982298374642578,42.16898383,B722,_,00140,484
B722__00100.484,13.98984200618905,42.17705545,B722,_,00100,484
B722__00090.484,13.97015637799883,42.184285645,B722,_,00090,484
B722__00070.484,13.995270371003148,42.189784365,B722,_,00070,484
B722__00060.484,13.985252636422,42.197132495,B722,_,00060,484
B722__00050.484,13.973719985741244,42.189003665,B722,_,00050,484
B722__00040.484,13.972066596506162,42.19957151,B722,_,00040,484
B722__00030.484,13.967723885130452,42.190089535,B722,_,00030,484
B722__00020.485,13.980906430513215,42.20272688,B722,_,00020,485
B722__00530.485,14.032924336125742,42.14682508,B722,_,00530,485
B722__00520.485,14.009603554909301,42.135036625,B722,_,00520,485
B722__00510.485,14.003915850144104,42.135033675,B722,_,00510,485
B722__00430.485,14.018890817124081,42.152428490000005,B722,_,00430,485
B722__00420.485,14.011112586173102,42.145083915,B722,_,00420,485
B722__00410.485,14.005752975649955,42.153341440000005,B722,_,00410,485
B722__00370.485,13.995316350503174,42.140600250000006,B722,_,00370,485
B722__00360.485,13.992212129044585,42.14828851,B722,_,00360,485
B722__00290.485,14.013645534457027,42.15839187500001,B722,_,00290,485
B722__0028.485,14.002066867888058,42.15763221,B722,_,0028,485
B722__00270.485,13.99451936738459,42.155822470000004,B722,_,00270,485
B722__00260.485,13.985172367162171,42.155933335,B722,_,00260,485
B722__00250.485,13.980798527355244,42.16163932,B722,_,00250,485
B722__00200.485,14.028833955006595,42.166449535,B722,_,00200,485
B722__00190.485,14.008547690067706,42.163089665,B722,_,00190,485
B722__00180.485,14.029337305224919,42.172462825,B722,_,00180,485
B722__00140.485,13.98232931820681,42.168974765,B722,_,00140,485
B722__00100.485,13.989500363142188,42.176671784999996,B722,_,00100,485
B722__00090.485,13.970111995021611,42.18410149,B722,_,00090,485
B722__00070.485,13.99526139882279,42.18956607,B722,_,00070,485
B722__00050.485,13.974159953663499,42.18838329,B722,_,00050,485
B722__00040.485,13.972018557011909,42.20003925,B722,_,00040,485
B722__00030.485,13.9679908232272,42.190166265,B722,_,00030,485
B722__00020.486,13.981054028661513,42.202720505,B722,_,00020,486
B722__00530.486,14.033446212303513,42.14751596,B722,_,00530,486
B722__00520.486,14.009653436896327,42.135031775,B722,_,00520,486
B722__00430.486,14.01935790014819,42.152435405,B722,_,00430,486
B722__00420.486,14.011362794537469,42.145321615,B722,_,00420,486
B722__00410.486,14.005992703590312,42.15320981,B722,_,00410,486
B722__00370.486,13.995384014294796,42.14085385,B722,_,00370,486
B722__00360.486,13.999454087222308,42.14809878,B722,_,00360,486
B722__0028.486,14.001979448846757,42.15762607,B722,_,0028,486
B722__00270.486,13.994599136261185,42.155982755,B722,_,00270,486
B722__00260.486,13.985197784625578,42.155194484999996,B722,_,00260,486
B722__00250.486,13.98072253944823,42.16139366,B722,_,00250,486
B722__00200.486,14.028938513061942,42.16649489,B722,_,00200,486
B722__00190.486,14.008970043481368,42.163423325,B722,_,00190,486
B722__00180.486,14.028977489844138,42.172178204999994,B722,_,00180,486
B722__00140.486,13.984182816240597,42.17215913,B722,_,00140,486
B722__00100.486,13.989680284770039,42.17656805,B722,_,00100,486
B722__00090.486,13.9706172817411,42.184237195,B722,_,00090,486
B722__00070.486,13.994673618801915,42.189865295000004,B722,_,00070,486
B722__00050.486,13.974771788061606,42.188295225,B722,_,00050,486
B722__00040.486,13.976321926062667,42.19984265,B722,_,00040,486
B722__00030.486,13.969104003629603,42.19000652,B722,_,00030,486
B722__00020.487,13.98122241667643,42.20270511,B722,_,00020,487
B722__00530.487,14.03360265170021,42.147784005000005,B722,_,00530,487
B722__00520.487,14.009675642418431,42.13499458,B722,_,00520,487
B722__00510.487,14.0034081892129,42.13526809,B722,_,00510,487
B722__00430.487,14.019964759982784,42.152230965,B722,_,00430,487
B722__00420.487,14.011232784477532,42.1449498,B722,_,00420,487
B722__00370.487,13.995524361411817,42.140337645,B722,_,00370,487
B722__00360.487,13.99935819005304,42.148273925,B722,_,00360,487
B722__00290.487,14.013822145519782,42.15839187500001,B722,_,00290,487
B722__00270.487,13.9946557532815,42.15609954,B722,_,00270,487
B722__00260.487,13.986255377421934,42.155669235000005,B722,_,00260,487
B722__00250.487,13.980485974960931,42.161476705,B722,_,00250,487
B722__00200.487,14.029065656170317,42.16651272,B722,_,00200,487
B722__00190.487,14.00888156489098,42.16300364999999,B722,_,00190,487
B722__00180.487,14.02535712133734,42.17425205000001,B722,_,00180,487
B722__00140.487,13.982093785924295,42.16870731,B722,_,00140,487
B722__00100.487,13.979141144838003,42.18500199,B722,_,00100,487
B722__00090.487,13.970738590746059,42.183564685,B722,_,00090,487
B722__00070.487,13.994702022225269,42.189612135000004,B722,_,00070,487
B722__00060.487,13.982774100127113,42.198595069999996,B722,_,00060,487
B722__00050.487,13.974688404089285,42.188079485,B722,_,00050,487
B722__00040.487,13.975799132858834,42.200332509999996,B722,_,00040,487
B722__00030.487,13.969287693315719,42.190281125,B722,_,00030,487
B722__00020.488,13.98122218152906,42.202978205,B722,_,00020,488
B722__00520.488,14.009425037550052,42.134770145000005,B722,_,00520,488
B722__00430.488,14.020277869841726,42.152022165000005,B722,_,00430,488
B722__00420.488,14.011476784729943,42.145189970000004,B722,_,00420,488
B722__00410.488,14.006992293063854,42.150664445000004,B722,_,00410,488
B722__00370.488,13.995615262173697,42.140525755,B722,_,00370,488
B722__00360.488,13.999412832682335,42.148638165,B722,_,00360,488
B722__00290.488,14.014378264309684,42.158461265,B722,_,00290,488
B722__00270.488,13.990706660373512,42.160884695,B722,_,00270,488
B722__00260.488,13.985739926957978,42.15514315,B722,_,00260,488
B722__00250.488,13.981280150639817,42.16118756,B722,_,00250,488
B722__00200.488,14.029119902367626,42.16659439,B722,_,00200,488
B722__00190.488,14.009063470421832,42.1634232,B722,_,00190,488
B722__00180.488,14.024918134066041,42.174725519999996,B722,_,00180,488
B722__00140.488,13.981768694316287,42.168329265,B722,_,00140,488
B722__00090.488,13.970198990533516,42.18368614,B722,_,00090,488
B722__00070.488,13.998899336001127,42.195828665,B722,_,00070,488
B722__00050.488,13.9748853260704,42.188047839999996,B722,_,00050,488
B722__00040.488,13.97597228396102,42.199404130000005,B722,_,00040,488
B722__00030.488,13.962973265958988,42.18977973,B722,_,00030,488
B722__00020.489,13.981367390722042,42.20270511,B722,_,00020,489
B722__00520.489,14.009464632311081,42.13469508,B722,_,00520,489
B722__00430.489,14.020645827630226,42.151639180000004,B722,_,00430,489
B722__00420.489,14.011582376928516,42.145093294999995,B722,_,00420,489
B722__00410.489,14.007650076834288,42.15050526,B722,_,00410,489
B722__00370.489,13.996045755419182,42.140605135,B722,_,00370,489
B722__00360.489,13.995302908751231,42.14691035,B722,_,00360,489
B722__00290.489,14.01447531143333,42.158497389999994,B722,_,00290,489
B722__00270.489,13.990956968689835,42.16066738000001,B722,_,00270,489
B722__00260.489,13.985870458048197,42.15559641,B722,_,00260,489
B722__00250.489,13.98186546995645,42.161283065,B722,_,00250,489
B722__00200.489,14.026564905427884,42.16637744,B722,_,00200,489
B722__00190.489,14.00900082979231,42.16299611,B722,_,00190,489
B722__00180.489,14.024556966165143,42.17490898,B722,_,00180,489
B722__00140.489,13.98220656710556,42.16873951,B722,_,00140,489
B722__00100.489,13.978850477238218,42.18461179,B722,_,00100,489
B722__00090.489,13.969825702276328,42.18378834,B722,_,00090,489
B722__00050.489,13.97503057809632,42.187996805,B722,_,00050,489
B722__00040.489,13.976193028301488,42.19921875,B722,_,00040,489
B722__00030.489,13.962649424754694,42.189796025,B722,_,00030,489
B722__00010.49,13.970015022196998,42.209146695,B722,_,00010,49
B722__00610.49,13.993729664747313,42.118317695,B722,_,00610,49
B722__00600.49,14.007350846489535,42.127803924999995,B722,_,00600,49
B722__00590.49,13.9958456095666,42.12650414,B722,_,00590,49
B722__00540.49,14.04278451849559,42.145571114999996,B722,_,00540,49
B722__00530.49,14.034539568692123,42.147335825,B722,_,00530,49
B722__00520.49,14.007638895687109,42.141853545000004,B722,_,00520,49
B722__0051.49,14.00401277024653,42.142380785,B722,_,0051,49
B722__00500.49,13.994012629973469,42.13772325,B722,_,00500,49
B722__00490.49,13.990814047299722,42.130740814999996,B722,_,00490,49
B722__00480.49,13.977620653918116,42.13896048,B722,_,00480,49
B722__00440.49,14.039576646584617,42.153336445,B722,_,00440,49
B722__00430.49,14.022707518145557,42.15743417,B722,_,00430,49
B722__00420.49,14.016526867196312,42.150934410000005,B722,_,00420,49
B722__00410.49,14.007104928773662,42.15838832,B722,_,00410,49
B722__00390.49,13.997286446409342,42.143353345,B722,_,00390,49
B722__00380.49,13.999647507256945,42.14113985,B722,_,00380,49
B722__00370.49,13.985046635430322,42.143607535,B722,_,00370,49
B722__00360.49,13.996506231659378,42.151730945,B722,_,00360,49
B722__00350.49,13.984223810827775,42.148438575,B722,_,00350,49
B722__00340.49,13.96827668366861,42.145024305,B722,_,00340,49
B722__00330.49,13.976734085130577,42.150712565,B722,_,00330,49
B722__00300.49,14.034305918605051,42.160959865,B722,_,00300,49
B722__00290.49,14.001710770003701,42.162101930000006,B722,_,00290,49
B722__00270.49,13.99110143021678,42.15971742,B722,_,00270,49
B722__00260.49,13.981732979212381,42.16374359,B722,_,00260,49
B722__00250.49,13.97611801303432,42.165728115,B722,_,00250,49
B722__00230.49,14.070708993609408,42.16952515,B722,_,00230,49
B722__00220.49,14.056263745212188,42.17141567,B722,_,00220,49
B722__00210.49,14.037411790827253,42.171297929999994,B722,_,00210,49
B722__00200.49,14.030183635036547,42.171390040000006,B722,_,00200,49
B722__00190.49,14.00899992794141,42.168618574999996,B722,_,00190,49
B722__00170.49,14.007716218798663,42.179008875,B722,_,00170,49
B722__00160.49,14.005214927037002,42.17342769,B722,_,00160,49
B722__00150.49,14.00340807600741,42.178195880000004,B722,_,00150,49
B722__00130.49,13.977826952209838,42.17736396,B722,_,00130,49
B722__00120.49,14.004720128124386,42.192308665,B722,_,00120,49
B722__00110.49,14.002566210656443,42.186481189999995,B722,_,00110,49
B722__0009.49,13.96986298781633,42.187491005,B722,_,0009,49
B722__00080.49,13.962534058952027,42.188706225,B722,_,00080,49
B722__00050.49,13.97390268096166,42.194637505,B722,_,00050,49
B722__00040.49,13.975212346334324,42.200751145,B722,_,00040,49
B722__00030.49,13.966781404391803,42.198096175,B722,_,00030,49
B722__00020.49,13.979435986669081,42.20834743,B722,_,00020,49
B722__00020.490,13.98153651444198,42.202679290000006,B722,_,00020,490
B722__00520.490,14.00963107058827,42.134840365,B722,_,00520,490
B722__00420.490,14.011830532308274,42.14521721,B722,_,00420,490
B722__00410.490,14.009133925001997,42.150313080000004,B722,_,00410,490
B722__00370.490,13.995937479457632,42.14048635,B722,_,00370,490
B722__00360.490,13.995691926353054,42.146464595,B722,_,00360,490
B722__00290.490,14.014587693865092,42.158524854999996,B722,_,00290,490
B722__0028.490,14.002133000776606,42.15762341,B722,_,0028,490
B722__00270.490,13.9889538967257,42.159137335,B722,_,00270,490
B722__00260.490,13.985958715073888,42.15551574,B722,_,00260,490
B722__00250.490,13.981633516632169,42.161259505,B722,_,00250,490
B722__00200.490,14.02767383700435,42.166023285,B722,_,00200,490
B722__00190.490,14.009254934480506,42.163530800000004,B722,_,00190,490
B722__00180.490,14.017003431097706,42.171756715,B722,_,00180,490
B722__00140.490,13.98185522980635,42.168322045,B722,_,00140,490
B722__00100.490,13.97872213304918,42.184435605000004,B722,_,00100,490
B722__00090.490,13.970207026812425,42.18338995,B722,_,00090,490
B722__00060.490,13.992314614718557,42.19581405,B722,_,00060,490
B722__00050.490,13.975080328209739,42.187886430000006,B722,_,00050,490
B722__00040.490,13.969940038071456,42.19835856500001,B722,_,00040,490
B722__00030.490,13.962765730317207,42.18973133,B722,_,00030,490
B722__00020.491,13.981612953281282,42.20255167,B722,_,00020,491
B722__00530.491,14.033421849621957,42.149606250000005,B722,_,00530,491
B722__00520.491,14.009744945662298,42.134947870000005,B722,_,00520,491
B722__00510.491,14.005649631774956,42.13821523,B722,_,00510,491
B722__00430.491,14.018699251350446,42.15210198,B722,_,00430,491
B722__00420.491,14.012065709083629,42.1455229,B722,_,00420,491
B722__00410.491,14.008118472922842,42.1503478,B722,_,00410,491
B722__00370.491,13.9958343325936,42.14024599,B722,_,00370,491
B722__00360.491,13.999645334624686,42.14580291,B722,_,00360,491
B722__00290.491,14.014806103082442,42.15874081,B722,_,00290,491
B722__0028.491,14.00222756578081,42.157683925,B722,_,0028,491
B722__00270.491,13.994883555727364,42.15775692,B722,_,00270,491
B722__00260.491,13.98552156000357,42.15528638,B722,_,00260,491
B722__00250.491,13.984503727738737,42.161879235,B722,_,00250,491
B722__00200.491,14.026681917638362,42.16646104,B722,_,00200,491
B722__00190.491,14.00957366182761,42.16321053,B722,_,00190,491
B722__00180.491,14.017031849965587,42.17159768,B722,_,00180,491
B722__00140.491,13.982363308342531,42.16878502,B722,_,00140,491
B722__00100.491,13.979467230666227,42.185000415,B722,_,00100,491
B722__00090.491,13.970179491543117,42.183228189999994,B722,_,00090,491
B722__00060.491,13.992510605963172,42.19619294,B722,_,00060,491
B722__00050.491,13.975248641174122,42.187920945,B722,_,00050,491
B722__00040.491,13.971153579181621,42.194971865,B722,_,00040,491
B722__00030.491,13.962918872595193,42.189593175,B722,_,00030,491
B722__00020.492,13.98178643712188,42.202258605,B722,_,00020,492
B722__00530.492,14.032938506395421,42.149586165,B722,_,00530,492
B722__00520.492,14.009866856351744,42.13503881,B722,_,00520,492
B722__00510.492,14.006272870801663,42.138482615,B722,_,00510,492
B722__00430.492,14.019136751769462,42.151395135,B722,_,00430,492
B722__00420.492,14.012847116526121,42.145818835,B722,_,00420,492
B722__00410.492,14.008755550026546,42.15033688,B722,_,00410,492
B722__00370.492,13.995881498701621,42.13989028,B722,_,00370,492
B722__00360.492,13.999553488218663,42.145737675,B722,_,00360,492
B722__00290.492,14.014968584705343,42.158723089999995,B722,_,00290,492
B722__0028.492,14.002285920220839,42.157655425,B722,_,0028,492
B722__00270.492,13.994918650694949,42.157729145000005,B722,_,00270,492
B722__00260.492,13.985859752534298,42.154470364999995,B722,_,00260,492
B722__00250.492,13.98460109304687,42.161761014999996,B722,_,00250,492
B722__00200.492,14.02799465923447,42.16608565,B722,_,00200,492
B722__00190.492,13.990664887865858,42.16350957,B722,_,00190,492
B722__00180.492,14.017143402528227,42.171431215,B722,_,00180,492
B722__00140.492,13.982016702648755,42.168350535,B722,_,00140,492
B722__00100.492,13.979315936129495,42.184932965,B722,_,00100,492
B722__00090.492,13.970994145796965,42.183207665,B722,_,00090,492
B722__00070.492,14.001664534412413,42.18744434,B722,_,00070,492
B722__00060.492,13.9931747113751,42.19654575,B722,_,00060,492
B722__00050.492,13.975282554493367,42.187784605000004,B722,_,00050,492
B722__00040.492,13.970962673208678,42.195053085,B722,_,00040,492
B722__00030.492,13.963216898156592,42.189559165000006,B722,_,00030,492
B722__00020.493,13.982215844415311,42.202394940000005,B722,_,00020,493
B722__00530.493,14.032902891216228,42.149434225,B722,_,00530,493
B722__00520.493,14.009810738125395,42.134772255,B722,_,00520,493
B722__00420.493,14.012165527176705,42.145422505,B722,_,00420,493
B722__00410.493,14.009683503897037,42.154253665,B722,_,00410,493
B722__00370.493,13.996261767006622,42.14030864,B722,_,00370,493
B722__00360.493,13.994439813062925,42.14522517,B722,_,00360,493
B722__00290.493,14.015253354785468,42.158888265,B722,_,00290,493
B722__0028.493,14.002195412618914,42.15758932,B722,_,0028,493
B722__00270.493,13.994931101259336,42.157680705000004,B722,_,00270,493
B722__00260.493,13.983904471586623,42.154873625,B722,_,00260,493
B722__00250.493,13.984596285442187,42.16170216,B722,_,00250,493
B722__00200.493,14.028137965936716,42.16610491,B722,_,00200,493
B722__00190.493,13.990427505600119,42.163199255,B722,_,00190,493
B722__00180.493,14.01654832014,42.1718463,B722,_,00180,493
B722__00140.493,13.982322004411968,42.169141315000005,B722,_,00140,493
B722__00100.493,13.97923627151692,42.18475798,B722,_,00100,493
B722__00090.493,13.968241145890852,42.182631560000004,B722,_,00090,493
B722__00070.493,13.999330720752237,42.186807455,B722,_,00070,493
B722__00060.493,13.993118853634636,42.19659646,B722,_,00060,493
B722__00050.493,13.975426281482449,42.18778888,B722,_,00050,493
B722__00040.493,13.970771115045363,42.195077215,B722,_,00040,493
B722__00030.493,13.962919893718778,42.189527874999996,B722,_,00030,493
B722__00020.494,13.98297545960101,42.20210183,B722,_,00020,494
B722__00530.494,14.033150912535158,42.14925554,B722,_,00530,494
B722__00520.494,14.011701914393122,42.142283605,B722,_,00520,494
B722__00510.494,14.006368930849405,42.138408435,B722,_,00510,494
B722__00410.494,14.008132296804039,42.15152392,B722,_,00410,494
B722__00370.494,13.996340776191124,42.140369899999996,B722,_,00370,494
B722__00360.494,13.994805990532216,42.145613475000005,B722,_,00360,494
B722__00290.494,14.015403075113475,42.15870195,B722,_,00290,494
B722__0028.494,14.002134311979521,42.157531,B722,_,0028,494
B722__00270.494,13.98814681706056,42.15465773,B722,_,00270,494
B722__00260.494,13.984004001532618,42.154960615,B722,_,00260,494
B722__00250.494,13.984875777772046,42.1617087,B722,_,00250,494
B722__00200.494,14.024277562128699,42.165492310000005,B722,_,00200,494
B722__00190.494,13.990357994531458,42.163227565,B722,_,00190,494
B722__00180.494,14.016509645274233,42.17170118,B722,_,00180,494
B722__00140.494,13.983096471970153,42.16895125,B722,_,00140,494
B722__00100.494,13.979036996158428,42.184516155,B722,_,00100,494
B722__00090.494,13.968273225544017,42.182546715,B722,_,00090,494
B722__00070.494,14.000356777952785,42.187300345,B722,_,00070,494
B722__00060.494,13.992929773480599,42.1965887,B722,_,00060,494
B722__00050.494,13.975765172048078,42.1877577,B722,_,00050,494
B722__00040.494,13.97060212646745,42.19508898,B722,_,00040,494
B722__00030.494,13.962937289929904,42.18949998,B722,_,00030,494
B722__00020.495,13.982130575660289,42.201890365,B722,_,00020,495
B722__00520.495,14.009878161720444,42.134490189999994,B722,_,00520,495
B722__00510.495,14.006372267397571,42.13817539,B722,_,00510,495
B722__00430.495,14.01867253792075,42.152722354999995,B722,_,00430,495
B722__00420.495,14.01229683687889,42.1453692,B722,_,00420,495
B722__00410.495,14.009616370377344,42.15235957,B722,_,00410,495
B722__00360.495,13.998501190647858,42.146233679999995,B722,_,00360,495
B722__00290.495,14.015752641778926,42.158740699999996,B722,_,00290,495
B722__0028.495,14.002213515281754,42.15750232,B722,_,0028,495
B722__00270.495,13.98826088631104,42.154230905000006,B722,_,00270,495
B722__00260.495,13.980712744380316,42.154359639999996,B722,_,00260,495
B722__00250.495,13.984976057263328,42.16161933,B722,_,00250,495
B722__00200.495,14.028485456681647,42.166088395,B722,_,00200,495
B722__00190.495,13.990794075785836,42.163404555,B722,_,00190,495
B722__00180.495,14.01634204601788,42.171624109999996,B722,_,00180,495
B722__00140.495,13.983354917954252,42.16887331,B722,_,00140,495
B722__00100.495,13.97890447573939,42.1843537,B722,_,00100,495
B722__00090.495,13.968235402775406,42.182168835,B722,_,00090,495
B722__00070.495,14.000074545215135,42.187327425,B722,_,00070,495
B722__00060.495,13.992996088306132,42.19669523,B722,_,00060,495
B722__00050.495,13.975956113598016,42.187431375,B722,_,00050,495
B722__00040.495,13.974495841408514,42.200407135,B722,_,00040,495
B722__00030.495,13.962929840023788,42.189450504999996,B722,_,00030,495
B722__00020.496,13.981814659008883,42.201660575,B722,_,00020,496
B722__00520.496,14.010265661956113,42.134723019999996,B722,_,00520,496
B722__00510.496,14.006511120788964,42.13823196,B722,_,00510,496
B722__00430.496,14.018652536967874,42.152633195,B722,_,00430,496
B722__00410.496,14.009703293912144,42.153113025,B722,_,00410,496
B722__00370.496,13.993447467037836,42.14286525,B722,_,00370,496
B722__00360.496,13.9978867655674,42.145919215000006,B722,_,00360,496
B722__00290.496,14.015984803938457,42.15874051,B722,_,00290,496
B722__0028.496,14.002273675240184,42.157555345,B722,_,0028,496
B722__00270.496,13.995437972876092,42.15586428,B722,_,00270,496
B722__00260.496,13.980322202386187,42.154300225,B722,_,00260,496
B722__00250.496,13.974447408895486,42.158487985,B722,_,00250,496
B722__00200.496,14.028499002956147,42.16618321,B722,_,00200,496
B722__00190.496,13.990613076209186,42.163167515,B722,_,00190,496
B722__00140.496,13.98257224415033,42.168913765,B722,_,00140,496
B722__00100.496,13.978569830749866,42.182804045,B722,_,00100,496
B722__00090.496,13.968386903901456,42.18211169,B722,_,00090,496
B722__00070.496,14.00040542455028,42.18780642,B722,_,00070,496
B722__00060.496,13.992751704542616,42.196670255,B722,_,00060,496
B722__00050.496,13.975989951920972,42.18755084,B722,_,00050,496
B722__00040.496,13.975617892281603,42.199772245,B722,_,00040,496
B722__00030.496,13.963273863384774,42.189421725,B722,_,00030,496
B722__00020.497,13.981766884785227,42.201475634999994,B722,_,00020,497
B722__00520.497,14.010077910417353,42.13478159,B722,_,00520,497
B722__00510.497,14.006549900538287,42.138308265,B722,_,00510,497
B722__00420.497,14.01227847616192,42.145224479999996,B722,_,00420,497
B722__00410.497,14.012805773955257,42.15390382,B722,_,00410,497
B722__00370.497,13.993522351704787,42.142911255,B722,_,00370,497
B722__00360.497,13.998106406357333,42.14570899,B722,_,00360,497
B722__00290.497,14.01631504291964,42.1589101,B722,_,00290,497
B722__0028.497,14.00236946017225,42.15762815,B722,_,0028,497
B722__00270.497,13.987732486036876,42.15413625,B722,_,00270,497
B722__00260.497,13.980463933381607,42.15432867,B722,_,00260,497
B722__00250.497,13.974478680420711,42.15823065,B722,_,00250,497
B722__00200.497,14.028624389504397,42.16619389,B722,_,00200,497
B722__00190.497,13.990540647886156,42.163083795,B722,_,00190,497
B722__00140.497,13.982645305703986,42.168888845,B722,_,00140,497
B722__00100.497,13.981203162639932,42.187991905,B722,_,00100,497
B722__00090.497,13.968500334933413,42.18211183,B722,_,00090,497
B722__00060.497,13.992464707019705,42.19675437,B722,_,00060,497
B722__00050.497,13.976040138638268,42.18772111,B722,_,00050,497
B722__00040.497,13.971103920151977,42.195157685,B722,_,00040,497
B722__00030.497,13.963061502264571,42.18929455,B722,_,00030,497
B722__00020.498,13.981532840871868,42.201395035000004,B722,_,00020,498
B722__00530.498,14.033871824327104,42.14687977,B722,_,00530,498
B722__00520.498,14.010036533052592,42.134820195,B722,_,00520,498
B722__00510.498,14.006666896168188,42.13832304,B722,_,00510,498
B722__00430.498,14.018773863380598,42.152438759999995,B722,_,00430,498
B722__00420.498,14.012778549487585,42.145387865000004,B722,_,00420,498
B722__00410.498,14.012835120529093,42.15204985,B722,_,00410,498
B722__00370.498,13.993816380750179,42.143211480000005,B722,_,00370,498
B722__00360.498,13.998534360788295,42.145707779999995,B722,_,00360,498
B722__00290.498,14.016759518212428,42.15893683,B722,_,00290,498
B722__0028.498,14.00421495139406,42.156443855,B722,_,0028,498
B722__00270.498,13.987822623951276,42.154246065,B722,_,00270,498
B722__00260.498,13.98016278989343,42.154868545,B722,_,00260,498
B722__00250.498,13.980884379189746,42.157815205,B722,_,00250,498
B722__00200.498,14.028818729232704,42.16610733,B722,_,00200,498
B722__00190.498,13.991060765438117,42.163358095,B722,_,00190,498
B722__00140.498,13.982274417851041,42.168509185000005,B722,_,00140,498
B722__00100.498,13.980973075857026,42.187958574999996,B722,_,00100,498
B722__00090.498,13.969212061277657,42.182367005,B722,_,00090,498
B722__00060.498,13.993143499925779,42.19695567,B722,_,00060,498
B722__00050.498,13.976165889044038,42.187666185,B722,_,00050,498
B722__00040.498,13.978800989533928,42.195984765,B722,_,00040,498
B722__00030.498,13.963093709717235,42.18927916,B722,_,00030,498
B722__00020.499,13.981445931355992,42.20132437,B722,_,00020,499
B722__00530.499,14.033821725023262,42.146598534999995,B722,_,00530,499
B722__00520.499,14.009886312852178,42.134344645,B722,_,00520,499
B722__00510.499,14.006504314057157,42.13811596,B722,_,00510,499
B722__00430.499,14.018032272250299,42.15187901,B722,_,00430,499
B722__00420.499,14.014011414972865,42.14561528,B722,_,00420,499
B722__00370.499,13.993384294900405,42.14300884,B722,_,00370,499
B722__00360.499,13.997784252393583,42.14528467,B722,_,00360,499
B722__00290.499,14.016276672925645,42.158508005,B722,_,00290,499
B722__0028.499,14.002342136931059,42.15752927,B722,_,0028,499
B722__00270.499,13.987772433663256,42.15427925,B722,_,00270,499
B722__00260.499,13.980292024380187,42.15485768,B722,_,00260,499
B722__00250.499,13.980681838386612,42.157559070000005,B722,_,00250,499
B722__00200.499,14.028968984951106,42.16615077,B722,_,00200,499
B722__00190.499,13.99098839252235,42.163117830000004,B722,_,00190,499
B722__00140.499,13.982678442264355,42.16865079,B722,_,00140,499
B722__00090.499,13.96950579338586,42.182792899999995,B722,_,00090,499
B722__00060.499,13.993338566320027,42.196478299999995,B722,_,00060,499
B722__00050.499,13.975548770139088,42.18802789,B722,_,00050,499
B722__00040.499,13.974485022106341,42.200747199999995,B722,_,00040,499
B722__00030.499,13.9631701097444,42.189235215,B722,_,00030,499
B722__00010.5,13.96737303377176,42.21059733,B722,_,00010,5
B722__00610.5,13.990474197615836,42.12107787,B722,_,00610,5
B722__00600.5,14.00659255192197,42.130360065,B722,_,00600,5
B722__00590.5,13.987339297843771,42.124582805,B722,_,00590,5
B722__00580.5,13.987365332480408,42.11168236,B722,_,00580,5
B722__00560.5,14.077215865532253,42.11984787,B722,_,00560,5
B722__00550.5,14.070597064404062,42.13104591,B722,_,00550,5
B722__00540.5,14.039916381434784,42.147812615,B722,_,00540,5
B722__00520.5,14.00770870680166,42.142824585,B722,_,00520,5
B722__0051.5,14.004373059306001,42.143342465,B722,_,0051,5
B722__00500.5,13.988015406111238,42.136712485000004,B722,_,00500,5
B722__00490.5,13.982849961416594,42.131820285,B722,_,00490,5
B722__00480.5,13.970542094333268,42.139562845,B722,_,00480,5
B722__00460.5,14.082575190884313,42.14345233,B722,_,00460,5
B722__00450.5,14.054917857426192,42.145470525,B722,_,00450,5
B722__00440.5,14.041145875943611,42.154201555,B722,_,00440,5
B722__00430.5,14.018676999844597,42.15851378,B722,_,00430,5
B722__00400.5,14.001316737765102,42.15384846,B722,_,00400,5
B722__00390.5,14.001478354804433,42.146021765,B722,_,00390,5
B722__00380.5,13.99879721155854,42.142500944999995,B722,_,00380,5
B722__00370.5,13.987763386661113,42.14719425,B722,_,00370,5
B722__00360.5,13.995399524120447,42.15394719,B722,_,00360,5
B722__00350.5,13.979497461488336,42.14776801,B722,_,00350,5
B722__00340.5,13.971323490013845,42.150145015,B722,_,00340,5
B722__00330.5,13.97276714023778,42.156040825,B722,_,00330,5
B722__00320.5,14.100694779366503,42.144528835,B722,_,00320,5
B722__00310.5,14.03841412353086,42.162059555,B722,_,00310,5
B722__00300.5,14.022922547993755,42.16402093,B722,_,00300,5
B722__00290.5,14.001375618898944,42.16232177,B722,_,00290,5
B722__0028.5,13.9973235264699,42.159581599999996,B722,_,0028,5
B722__00270.5,13.991587330950022,42.16160465,B722,_,00270,5
B722__00260.5,13.98335115464899,42.166238925,B722,_,00260,5
B722__00250.5,13.978215908027899,42.168210205,B722,_,00250,5
B722__00240.5,14.102172343889126,42.162047335,B722,_,00240,5
B722__00230.5,14.067230466153148,42.171328485000004,B722,_,00230,5
B722__00220.5,14.043378787006048,42.171634385000004,B722,_,00220,5
B722__00210.5,14.034843231723332,42.173120804999996,B722,_,00210,5
B722__00200.5,14.013900772526034,42.17012192,B722,_,00200,5
B722__00180.5,14.018687395560534,42.179783525000005,B722,_,00180,5
B722__00170.5,14.010981106318432,42.182514855,B722,_,00170,5
B722__00160.5,14.007650758807284,42.17817632,B722,_,00160,5
B722__00150.5,13.993700151827849,42.178566360000005,B722,_,00150,5
B722__00140.5,13.985095414497843,42.17436282,B722,_,00140,5
B722__00130.5,13.978571893880302,42.17926313,B722,_,00130,5
B722__00120.5,14.004603856148652,42.19484865,B722,_,00120,5
B722__00110.5,13.993468706500009,42.1850118,B722,_,00110,5
B722__00100.5,13.980214775623502,42.188564565,B722,_,00100,5
B722__0009.5,13.97125177632093,42.18790125,B722,_,0009,5
B722__00080.5,13.960611197566731,42.19065752,B722,_,00080,5
B722__00070.5,13.996270166166177,42.19750417,B722,_,00070,5
B722__00060.5,13.989110954449508,42.200291855,B722,_,00060,5
B722__00050.5,13.980492926218247,42.19529419,B722,_,00050,5
B722__00040.5,13.974164219398077,42.20342327,B722,_,00040,5
B722__00030.5,13.967420562334521,42.20145239,B722,_,00030,5
B722__00020.5,13.973498765286514,42.20864709999999,B722,_,00020,5
B722__00010.50,13.970179455839471,42.209174219999994,B722,_,00010,50
B722__00610.50,13.993606706526036,42.11882361,B722,_,00610,50
B722__00600.50,14.006611764566129,42.128639915,B722,_,00600,50
B722__00590.50,13.995833209535872,42.12701875,B722,_,00590,50
B722__00540.50,14.04310892591139,42.145203945,B722,_,00540,50
B722__00530.50,14.035140488019767,42.147150495,B722,_,00530,50
B722__00520.50,14.008004903226496,42.14204194,B722,_,00520,50
B722__0051.50,14.004071539480329,42.142351735,B722,_,0051,50
B722__00500.50,13.994718136017315,42.13770973,B722,_,00500,50
B722__00490.50,13.991544432753873,42.130464579999995,B722,_,00490,50
B722__00480.50,13.978297774894695,42.138502155,B722,_,00480,50
B722__00440.50,14.040829165201817,42.153063245,B722,_,00440,50
B722__00430.50,14.022439226768194,42.157836995,B722,_,00430,50
B722__00410.50,14.007338518825321,42.157903855,B722,_,00410,50
B722__00400.50,14.000810328640235,42.151851655,B722,_,00400,50
B722__00390.50,13.99744125734632,42.143120535,B722,_,00390,50
B722__00380.50,13.999693003199685,42.141028004999995,B722,_,00380,50
B722__00370.50,13.985049950077602,42.143466695,B722,_,00370,50
B722__00360.50,13.996639566488238,42.15147452,B722,_,00360,50
B722__00350.50,13.984350606459142,42.148579055,B722,_,00350,50
B722__00340.50,13.96876949829284,42.14545659,B722,_,00340,50
B722__00330.50,13.976036083468184,42.15051741,B722,_,00330,50
B722__00300.50,14.035502385458848,42.1622415,B722,_,00300,50
B722__00290.50,14.002012503623062,42.161907865,B722,_,00290,50
B722__0028.50,13.997275011450673,42.159199025,B722,_,0028,50
B722__00270.50,13.990818507246352,42.15939533,B722,_,00270,50
B722__00260.50,13.981903051528288,42.16376475,B722,_,00260,50
B722__00250.50,13.975946537529417,42.165322329999995,B722,_,00250,50
B722__00230.50,14.070200925656206,42.168911825,B722,_,00230,50
B722__00220.50,14.056225772279577,42.1719272,B722,_,00220,50
B722__00210.50,14.037888922549003,42.171646475,B722,_,00210,50
B722__00200.50,14.029510133211424,42.17054847,B722,_,00200,50
B722__00190.50,14.008697608411683,42.168029625,B722,_,00190,50
B722__00180.50,14.030632522622792,42.176434055,B722,_,00180,50
B722__00170.50,14.009639931611039,42.17927926,B722,_,00170,50
B722__00160.50,14.005167614440374,42.1728705,B722,_,00160,50
B722__00150.50,14.003380510995342,42.178325325,B722,_,00150,50
B722__00130.50,13.974406796946237,42.1738034,B722,_,00130,50
B722__00120.50,14.004923602234792,42.19295689,B722,_,00120,50
B722__00110.50,14.002196588306147,42.18557945,B722,_,00110,50
B722__00100.50,13.985014110177776,42.188285765,B722,_,00100,50
B722__0009.50,13.969860751080418,42.187550560000005,B722,_,0009,50
B722__00080.50,13.962887898317655,42.18880315,B722,_,00080,50
B722__00050.50,13.973897472791746,42.194530145,B722,_,00050,50
B722__00040.50,13.976340907839138,42.201535934999995,B722,_,00040,50
B722__00030.50,13.965531289204204,42.19811179,B722,_,00030,50
B722__00020.50,13.979886001043958,42.208529205000005,B722,_,00020,50
B722__00020.500,13.981418153841288,42.2012808,B722,_,00020,500
B722__00530.500,14.033714926645645,42.146405125,B722,_,00530,500
B722__00520.500,14.010245817506297,42.13432745,B722,_,00520,500
B722__00510.500,14.006879280189214,42.13845972,B722,_,00510,500
B722__00430.500,14.022654048680213,42.15238574,B722,_,00430,500
B722__00420.500,14.014157298186284,42.145870040000005,B722,_,00420,500
B722__00370.500,13.993262711504155,42.143187345,B722,_,00370,500
B722__00360.500,13.997740731857384,42.14493059,B722,_,00360,500
B722__00290.500,14.016258959545763,42.158629794999996,B722,_,00290,500
B722__0028.500,14.004108729862194,42.15639129,B722,_,0028,500
B722__00270.500,13.98765041986909,42.154312425,B722,_,00270,500
B722__00260.500,13.98042351313456,42.15484621,B722,_,00260,500
B722__00250.500,13.981380788502154,42.15822163,B722,_,00250,500
B722__00180.500,14.022194619204218,42.174161225000006,B722,_,00180,500
B722__00140.500,13.982465721857531,42.16828297,B722,_,00140,500
B722__00100.500,13.98136558340926,42.18789284,B722,_,00100,500
B722__00090.500,13.969136821607123,42.183023225,B722,_,00090,500
B722__00070.500,13.995361233288474,42.196789550000005,B722,_,00070,500
B722__00060.500,13.98345647188588,42.198822045,B722,_,00060,500
B722__00050.500,13.975794313862368,42.1881477,B722,_,00050,500
B722__00040.500,13.974619965973325,42.201251049999996,B722,_,00040,500
B722__00030.500,13.963370763183297,42.189551045,B722,_,00030,500
B722__00020.501,13.981345195859767,42.201159905,B722,_,00020,501
B722__00530.501,14.034048489429464,42.146336184999996,B722,_,00530,501
B722__00520.501,14.010691983375029,42.13473371,B722,_,00520,501
B722__00510.501,14.007124513301157,42.138593549999996,B722,_,00510,501
B722__00430.501,14.02240840144984,42.151723855,B722,_,00430,501
B722__00390.501,14.002663338609576,42.14304518,B722,_,00390,501
B722__00370.501,13.993352415326935,42.1431404,B722,_,00370,501
B722__00360.501,13.997883208685792,42.144848705,B722,_,00360,501
B722__00290.501,14.016555770609935,42.15853902,B722,_,00290,501
B722__0028.501,14.002303077031964,42.15746174,B722,_,0028,501
B722__00270.501,13.987616906849615,42.154164845,B722,_,00270,501
B722__00260.501,13.980565348813933,42.154832385000006,B722,_,00260,501
B722__00250.501,13.981001351900943,42.157404835,B722,_,00250,501
B722__00220.501,14.046113341516808,42.169014315,B722,_,00220,501
B722__00200.501,14.028299079897822,42.167211945,B722,_,00200,501
B722__00190.501,13.991418334257343,42.163082855,B722,_,00190,501
B722__00180.501,14.022729588101221,42.173971405,B722,_,00180,501
B722__00150.501,13.991578216516741,42.172435645,B722,_,00150,501
B722__00140.501,13.982783460735924,42.16829899,B722,_,00140,501
B722__00100.501,13.981605607088696,42.187883335,B722,_,00100,501
B722__00090.501,13.969374037064625,42.183080235,B722,_,00090,501
B722__00070.501,13.99709427112899,42.19241696,B722,_,00070,501
B722__00050.501,13.975688693897698,42.188289185,B722,_,00050,501
B722__00040.501,13.975664635852024,42.20191805,B722,_,00040,501
B722__00030.501,13.964367141867339,42.189365249999994,B722,_,00030,501
B722__00020.502,13.981090036396555,42.200860895000005,B722,_,00020,502
B722__00530.502,14.034509687116913,42.146114745,B722,_,00530,502
B722__00520.502,14.011008224605764,42.134589315,B722,_,00520,502
B722__00510.502,14.00714686837113,42.13836943,B722,_,00510,502
B722__00430.502,14.022730282616273,42.15161995,B722,_,00430,502
B722__00420.502,14.015207628464822,42.146092159999995,B722,_,00420,502
B722__00390.502,14.003500618392795,42.14295109,B722,_,00390,502
B722__00370.502,13.993306342337302,42.14313659,B722,_,00370,502
B722__00360.502,13.99832431809704,42.144975505,B722,_,00360,502
B722__00290.502,14.016743411483834,42.158672835,B722,_,00290,502
B722__0028.502,14.001661090953904,42.157570750000005,B722,_,0028,502
B722__00270.502,13.989226985430168,42.153472054999995,B722,_,00270,502
B722__00260.502,13.98070396623503,42.154819085,B722,_,00260,502
B722__00250.502,13.981399147353141,42.157793325,B722,_,00250,502
B722__00220.502,14.045695344250113,42.169159005,B722,_,00220,502
B722__00190.502,14.00168313228016,42.16411557000001,B722,_,00190,502
B722__00180.502,14.025764370538568,42.17648863,B722,_,00180,502
B722__00150.502,13.994791086176402,42.172902144999995,B722,_,00150,502
B722__00140.502,13.982574841628368,42.168356055000004,B722,_,00140,502
B722__00100.502,13.981350709864254,42.18760548,B722,_,00100,502
B722__00090.502,13.970526616623625,42.182735975,B722,_,00090,502
B722__00070.502,13.997011254131529,42.192300845,B722,_,00070,502
B722__00060.502,13.993884776786976,42.196333785,B722,_,00060,502
B722__00050.502,13.975882106214016,42.188451665,B722,_,00050,502
B722__00040.502,13.971605668163502,42.19761434,B722,_,00040,502
B722__00030.502,13.963896670756021,42.18905398,B722,_,00030,502
B722__00020.503,13.98128904508702,42.200842234999996,B722,_,00020,503
B722__00530.503,14.03497096068331,42.146160769999994,B722,_,00530,503
B722__00520.503,14.011276274371815,42.134796535,B722,_,00520,503
B722__00510.503,14.006812673067719,42.13818235,B722,_,00510,503
B722__00430.503,14.023037227065618,42.15157468,B722,_,00430,503
B722__00420.503,14.015330017484612,42.145603985,B722,_,00420,503
B722__00410.503,14.016392721384978,42.15258911,B722,_,00410,503
B722__00370.503,13.993270505811886,42.142988395,B722,_,00370,503
B722__00360.503,13.998326608603454,42.145191455,B722,_,00360,503
B722__00290.503,14.016955732566885,42.158663725,B722,_,00290,503
B722__0028.503,14.001828065249356,42.157426044999994,B722,_,0028,503
B722__00270.503,13.994085672752234,42.155871184999995,B722,_,00270,503
B722__00260.503,13.980860956323784,42.154835465000005,B722,_,00260,503
B722__00250.503,13.981599852425688,42.157936085,B722,_,00250,503
B722__00190.503,13.991571788593244,42.16285429,B722,_,00190,503
B722__00150.503,13.991607892273842,42.17266228,B722,_,00150,503
B722__00140.503,13.983788371795054,42.16863988,B722,_,00140,503
B722__00100.503,13.981456460748596,42.187595525000006,B722,_,00100,503
B722__00090.503,13.970262554938154,42.182437095,B722,_,00090,503
B722__00060.503,13.982889148080465,42.1985073,B722,_,00060,503
B722__00050.503,13.976164347042126,42.188522675,B722,_,00050,503
B722__00030.503,13.964091377219384,42.18890462,B722,_,00030,503
B722__00020.504,13.981382332822795,42.20082781,B722,_,00020,504
B722__00530.504,14.03509215119849,42.145695665000005,B722,_,00530,504
B722__00520.504,14.011680796457732,42.134664985,B722,_,00520,504
B722__00510.504,14.00668500208525,42.13811612,B722,_,00510,504
B722__00430.504,14.018719686209426,42.15366525,B722,_,00430,504
B722__00370.504,13.993307596921175,42.143019135,B722,_,00370,504
B722__00360.504,13.998514309401795,42.14527998,B722,_,00360,504
B722__00290.504,14.01682730698458,42.158584254999994,B722,_,00290,504
B722__0028.504,14.002082057367648,42.157398935,B722,_,0028,504
B722__00270.504,13.99393447614349,42.156044,B722,_,00270,504
B722__00260.504,13.981180571251496,42.15487483,B722,_,00260,504
B722__00250.504,13.980609487176201,42.161317014999995,B722,_,00250,504
B722__00190.504,14.001808084719512,42.163868675,B722,_,00190,504
B722__00180.504,14.02662874591001,42.17411519,B722,_,00180,504
B722__00150.504,13.99182249847528,42.1727556,B722,_,00150,504
B722__00140.504,13.983594039869004,42.168637405,B722,_,00140,504
B722__00100.504,13.981660478617606,42.187677820000005,B722,_,00100,504
B722__00090.504,13.970267713824594,42.18224215,B722,_,00090,504
B722__00060.504,13.98306291830533,42.19846794,B722,_,00060,504
B722__00050.504,13.975996298008237,42.1887655,B722,_,00050,504
B722__00030.504,13.964818043359134,42.188704720000004,B722,_,00030,504
B722__00020.505,13.981700003819995,42.20102611,B722,_,00020,505
B722__00530.505,14.035694708254141,42.145588450000005,B722,_,00530,505
B722__00520.505,14.016023443515579,42.136217869999996,B722,_,00520,505
B722__00510.505,14.00712461685076,42.13820986,B722,_,00510,505
B722__00430.505,14.0185620407097,42.153716685,B722,_,00430,505
B722__00420.505,14.016186758037191,42.145985444999994,B722,_,00420,505
B722__00410.505,14.014289153956478,42.15737946,B722,_,00410,505
B722__00390.505,14.003181630319741,42.14245261,B722,_,00390,505
B722__00370.505,13.993307531839639,42.14411495,B722,_,00370,505
B722__00360.505,13.998711726666034,42.145381825,B722,_,00360,505
B722__00290.505,14.01670726277721,42.158479235,B722,_,00290,505
B722__0028.505,14.002241430921401,42.15738028,B722,_,0028,505
B722__00270.505,13.993573366001787,42.155506145000004,B722,_,00270,505
B722__00260.505,13.981205045010423,42.155283335,B722,_,00260,505
B722__00250.505,13.98088470447571,42.161180705,B722,_,00250,505
B722__00190.505,13.991692086475522,42.16273761,B722,_,00190,505
B722__00180.505,14.027692143083852,42.173886890000006,B722,_,00180,505
B722__00150.505,13.992765921104972,42.172676105,B722,_,00150,505
B722__00140.505,13.983812841534306,42.16853007,B722,_,00140,505
B722__00100.505,13.980829500493325,42.187213115,B722,_,00100,505
B722__00090.505,13.970246400580413,42.18203302,B722,_,00090,505
B722__00060.505,13.994131112567953,42.196285535,B722,_,00060,505
B722__00050.505,13.975813590799198,42.189014130000004,B722,_,00050,505
B722__00030.505,13.96493451417253,42.188904565,B722,_,00030,505
B722__00020.506,13.981960910023714,42.201043865,B722,_,00020,506
B722__00530.506,14.035686362180279,42.145748145,B722,_,00530,506
B722__00520.506,14.016847957825044,42.13622333,B722,_,00520,506
B722__00510.506,14.007216129036872,42.13818556,B722,_,00510,506
B722__00430.506,14.018930068487709,42.153781805,B722,_,00430,506
B722__00420.506,14.016798989796639,42.145688160000006,B722,_,00420,506
B722__00410.506,14.013218930907236,42.156522530000004,B722,_,00410,506
B722__00370.506,13.992805242852466,42.1433897,B722,_,00370,506
B722__00360.506,13.998895485333005,42.145542885,B722,_,00360,506
B722__00290.506,14.016969580861439,42.158494615,B722,_,00290,506
B722__0028.506,14.002179973024932,42.15731333,B722,_,0028,506
B722__00270.506,13.987002958410066,42.152989059999996,B722,_,00270,506
B722__00260.506,13.981074311728939,42.155297360000006,B722,_,00260,506
B722__00250.506,13.981141501999465,42.161065335,B722,_,00250,506
B722__00200.506,14.02850630985248,42.1668734,B722,_,00200,506
B722__00190.506,14.002191884457291,42.163604315,B722,_,00190,506
B722__00180.506,14.028521109139335,42.173760105,B722,_,00180,506
B722__00140.506,13.9834090100961,42.1685074,B722,_,00140,506
B722__00100.506,13.980326926466407,42.187067025,B722,_,00100,506
B722__00090.506,13.970914031408729,42.18198635,B722,_,00090,506
B722__00060.506,13.993805707730873,42.196054945,B722,_,00060,506
B722__00050.506,13.9768366503573,42.1885583,B722,_,00050,506
B722__00030.506,13.965570342871889,42.189441720000005,B722,_,00030,506
B722__00020.507,13.982000199920838,42.200714505,B722,_,00020,507
B722__00530.507,14.035830774430815,42.14576427,B722,_,00530,507
B722__00520.507,14.017609671795132,42.136497344999995,B722,_,00520,507
B722__00510.507,14.006660130358162,42.137874245,B722,_,00510,507
B722__00430.507,14.018481011133309,42.153836865,B722,_,00430,507
B722__00420.507,14.017175326670056,42.145690305,B722,_,00420,507
B722__00390.507,14.001902146215237,42.142539365000005,B722,_,00390,507
B722__00370.507,13.992469119939734,42.14323147,B722,_,00370,507
B722__00360.507,13.998504751584122,42.145548255,B722,_,00360,507
B722__00290.507,14.00000889009931,42.158928215,B722,_,00290,507
B722__0028.507,14.002459939760406,42.157474325,B722,_,0028,507
B722__00270.507,13.987260863625888,42.153072635,B722,_,00270,507
B722__00260.507,13.984652697513127,42.153999455,B722,_,00260,507
B722__00250.507,13.98122221772901,42.166443535,B722,_,00250,507
B722__00200.507,14.028604572464788,42.16683084,B722,_,00200,507
B722__00190.507,13.991948720115255,42.16268667,B722,_,00190,507
B722__00180.507,14.029375318109874,42.173700839999995,B722,_,00180,507
B722__00140.507,13.983594794929282,42.168498475,B722,_,00140,507
B722__00100.507,13.980292847200108,42.186942175,B722,_,00100,507
B722__00090.507,13.971361623213955,42.181912600000004,B722,_,00090,507
B722__00060.507,13.982540492279302,42.19813207,B722,_,00060,507
B722__00050.507,13.977173501548725,42.188536735,B722,_,00050,507
B722__00030.507,13.965591567311943,42.189308870000005,B722,_,00030,507
B722__00020.508,13.982153295703192,42.20045391,B722,_,00020,508
B722__00530.508,14.035814967077776,42.146008065000004,B722,_,00530,508
B722__00520.508,14.017663630945453,42.13688646,B722,_,00520,508
B722__00510.508,14.00469491638767,42.137421085,B722,_,00510,508
B722__00430.508,14.027134913625954,42.151992469999996,B722,_,00430,508
B722__00420.508,14.017319593784682,42.14557141,B722,_,00420,508
B722__00390.508,14.001723173955547,42.142370095000004,B722,_,00390,508
B722__00360.508,13.998457107023189,42.145563255,B722,_,00360,508
B722__00290.508,14.000239268180524,42.158919535,B722,_,00290,508
B722__0028.508,14.002715664729699,42.157404035,B722,_,0028,508
B722__00270.508,13.987368045071682,42.153240385000004,B722,_,00270,508
B722__00260.508,13.984795607135199,42.15395007,B722,_,00260,508
B722__00250.508,13.983628150783844,42.160955945,B722,_,00250,508
B722__00200.508,14.02852976373506,42.166600085,B722,_,00200,508
B722__00190.508,14.003207176836636,42.16419673,B722,_,00190,508
B722__00180.508,14.02856250512695,42.177315414999995,B722,_,00180,508
B722__00150.508,13.992307265275372,42.17285258,B722,_,00150,508
B722__00140.508,13.983823533504594,42.16842857,B722,_,00140,508
B722__00100.508,13.980521685082465,42.186942175,B722,_,00100,508
B722__00090.508,13.971163321977988,42.182233425,B722,_,00090,508
B722__00060.508,13.994295397826114,42.196044979999996,B722,_,00060,508
B722__00050.508,13.977679781355105,42.188477590000005,B722,_,00050,508
B722__00030.508,13.965601784698428,42.189228675,B722,_,00030,508
B722__00020.509,13.982327827492686,42.200703445,B722,_,00020,509
B722__00530.509,14.03587850841993,42.146112529999996,B722,_,00530,509
B722__00520.509,14.017627953216676,42.1374353,B722,_,00520,509
B722__00510.509,14.004773831563487,42.137361420000005,B722,_,00510,509
B722__00430.509,14.027110198105031,42.15157638,B722,_,00430,509
B722__00420.509,14.01886581912219,42.145500444999996,B722,_,00420,509
B722__00410.509,14.015425901522264,42.15580566,B722,_,00410,509
B722__00390.509,14.002372364826506,42.14359075,B722,_,00390,509
B722__00370.509,13.990992912117495,42.143930055,B722,_,00370,509
B722__00360.509,13.998434960362392,42.145580045,B722,_,00360,509
B722__00290.509,14.00022668060961,42.158992139999995,B722,_,00290,509
B722__0028.509,14.002416911562111,42.15730384,B722,_,0028,509
B722__00270.509,13.987679454967086,42.15322625,B722,_,00270,509
B722__00260.509,13.984792890687114,42.15376933,B722,_,00260,509
B722__00250.509,13.978391633423453,42.167539,B722,_,00250,509
B722__00200.509,14.02862730208885,42.166660969999995,B722,_,00200,509
B722__00190.509,13.992212191192408,42.162555485,B722,_,00190,509
B722__00180.509,14.029066896825746,42.17708283,B722,_,00180,509
B722__00150.509,13.99310777867036,42.17266627,B722,_,00150,509
B722__00140.509,13.984219719980324,42.168552975,B722,_,00140,509
B722__00100.509,13.980726417998648,42.186842575,B722,_,00100,509
B722__00090.509,13.971162864111111,42.182641625,B722,_,00090,509
B722__00060.509,13.99441573996436,42.195667265,B722,_,00060,509
B722__00050.509,13.982282488664795,42.192500155000005,B722,_,00050,509
B722__00030.509,13.965614429633513,42.189141155,B722,_,00030,509
B722__00010.51,13.970280468747763,42.209346525,B722,_,00010,51
B722__00610.51,13.994617844656691,42.11909001,B722,_,00610,51
B722__00600.51,14.007694912633992,42.12885327,B722,_,00600,51
B722__00590.51,13.9954943151326,42.127326685,B722,_,00590,51
B722__00540.51,14.043721322524746,42.14519324,B722,_,00540,51
B722__00530.51,14.03575098011056,42.14699451,B722,_,00530,51
B722__00520.51,14.00840453425036,42.142044715,B722,_,00520,51
B722__0051.51,14.004021731945821,42.14232128,B722,_,0051,51
B722__00500.51,13.994953552184281,42.13707355,B722,_,00500,51
B722__00490.51,13.980314214576016,42.13130416,B722,_,00490,51
B722__00480.51,13.978665237813047,42.138261355,B722,_,00480,51
B722__00440.51,14.041353589649724,42.152811235,B722,_,00440,51
B722__00430.51,14.022759848671853,42.157593274999996,B722,_,00430,51
B722__00410.51,14.007566132972975,42.157968665,B722,_,00410,51
B722__00400.51,14.001488032858198,42.15188524,B722,_,00400,51
B722__00390.51,13.997661301331853,42.14293429,B722,_,00390,51
B722__00380.51,13.99996574719882,42.14122828,B722,_,00380,51
B722__00370.51,13.984112505438231,42.143003635,B722,_,00370,51
B722__00360.51,13.997564044194338,42.152294444999995,B722,_,00360,51
B722__00340.51,13.969261160343956,42.14576798,B722,_,00340,51
B722__00330.51,13.974452283090791,42.15039595499999,B722,_,00330,51
B722__00300.51,14.035901054896506,42.162213565,B722,_,00300,51
B722__00290.51,14.00194170576934,42.162066825,B722,_,00290,51
B722__0028.51,13.997272399428946,42.159097195,B722,_,0028,51
B722__00270.51,13.991473491368566,42.159318025000005,B722,_,00270,51
B722__00260.51,13.981835422387526,42.163563025,B722,_,00260,51
B722__00250.51,13.97693812543755,42.165718395,B722,_,00250,51
B722__00230.51,14.060759578735126,42.168694795,B722,_,00230,51
B722__00220.51,14.056927386373978,42.171510385000005,B722,_,00220,51
B722__00210.51,14.038239226939599,42.17217145,B722,_,00210,51
B722__00200.51,14.029395768969708,42.17009944,B722,_,00200,51
B722__00190.51,14.01048891446583,42.1689712,B722,_,00190,51
B722__00180.51,14.03125482461166,42.17648871,B722,_,00180,51
B722__00170.51,14.01426429286289,42.180159599999996,B722,_,00170,51
B722__00160.51,14.005724047547787,42.173667215,B722,_,00160,51
B722__00150.51,14.003491175859722,42.178351934999995,B722,_,00150,51
B722__00140.51,13.9891010289722,42.1735815,B722,_,00140,51
B722__00130.51,13.978004691476198,42.176750600000005,B722,_,00130,51
B722__00120.51,14.005214512542347,42.193194235,B722,_,00120,51
B722__00110.51,14.00244716774559,42.185448265000005,B722,_,00110,51
B722__00100.51,13.985158544712462,42.18862004,B722,_,00100,51
B722__00080.51,13.96271147543926,42.188949765000004,B722,_,00080,51
B722__00070.51,13.996938260681155,42.195791330000006,B722,_,00070,51
B722__00050.51,13.97391942414726,42.194361529999995,B722,_,00050,51
B722__00040.51,13.975793940267488,42.201010585,B722,_,00040,51
B722__00030.51,13.965874417979297,42.19820861,B722,_,00030,51
B722__00020.51,13.979705597538246,42.20832718,B722,_,00020,51
B722__00020.510,13.982180799799199,42.20128955,B722,_,00020,510
B722__00530.510,14.035610015563522,42.145169295,B722,_,00530,510
B722__00520.510,14.018072587667248,42.137225755,B722,_,00520,510
B722__00510.510,14.004841643831067,42.137302649999995,B722,_,00510,510
B722__00430.510,14.021239740884807,42.15157871,B722,_,00430,510
B722__00420.510,14.019108789198837,42.145863155,B722,_,00420,510
B722__00410.510,14.01826916947655,42.153325175,B722,_,00410,510
B722__00390.510,14.002296080455881,42.14352073,B722,_,00390,510
B722__00370.510,13.990413906853387,42.14411765,B722,_,00370,510
B722__00360.510,13.998394476357012,42.145589195,B722,_,00360,510
B722__00290.510,14.000392163202278,42.15904611,B722,_,00290,510
B722__0028.510,14.002550825663509,42.15721098,B722,_,0028,510
B722__00270.510,13.987662571649423,42.153375575,B722,_,00270,510
B722__00260.510,13.98527880131245,42.153844355000004,B722,_,00260,510
B722__00250.510,13.978195583793315,42.167719895,B722,_,00250,510
B722__00200.510,14.028818141410873,42.16678834,B722,_,00200,510
B722__00190.510,13.99267910685074,42.16235372,B722,_,00190,510
B722__00180.510,14.029562735703363,42.17683844,B722,_,00180,510
B722__00150.510,13.993197935136592,42.17275098,B722,_,00150,510
B722__00140.510,13.984348034716604,42.16859555,B722,_,00140,510
B722__00100.510,13.980771931482867,42.1873035,B722,_,00100,510
B722__00090.510,13.971875032052777,42.182281884999995,B722,_,00090,510
B722__00050.510,13.977054328037768,42.18795984,B722,_,00050,510
B722__00030.510,13.965721588359186,42.189015645,B722,_,00030,510
B722__00020.511,13.982345800307844,42.201226614999996,B722,_,00020,511
B722__00530.511,14.035972727453697,42.145200105,B722,_,00530,511
B722__00510.511,14.005054243372854,42.13759211,B722,_,00510,511
B722__00430.511,14.021126627267982,42.151141115,B722,_,00430,511
B722__00420.511,14.020554169995037,42.145667884999995,B722,_,00420,511
B722__00410.511,14.017214093513902,42.1523041,B722,_,00410,511
B722__00390.511,14.002301170049014,42.143485549999994,B722,_,00390,511
B722__00370.511,13.990812986206905,42.14394734,B722,_,00370,511
B722__00360.511,13.99834796516903,42.14557508,B722,_,00360,511
B722__00290.511,14.000532964407538,42.15895126,B722,_,00290,511
B722__0028.511,14.002652074742716,42.157239755000006,B722,_,0028,511
B722__00270.511,13.987841076727209,42.153430900000004,B722,_,00270,511
B722__00260.511,13.98565946215485,42.154133735,B722,_,00260,511
B722__00250.511,13.98232307399378,42.166120375000006,B722,_,00250,511
B722__00200.511,14.028937120946434,42.166821855,B722,_,00200,511
B722__00190.511,13.992676363292532,42.163016075,B722,_,00190,511
B722__00180.511,14.030066229600436,42.176607849999996,B722,_,00180,511
B722__00150.511,13.99325548451203,42.172800935,B722,_,00150,511
B722__00140.511,13.984445256125237,42.16864553,B722,_,00140,511
B722__00100.511,13.981078766246387,42.187156025,B722,_,00100,511
B722__00090.511,13.972443226505227,42.182380280000004,B722,_,00090,511
B722__00060.511,13.984296144346917,42.193647139999996,B722,_,00060,511
B722__00050.511,13.976282647372802,42.18764144,B722,_,00050,511
B722__00030.511,13.965551852603703,42.188795635000005,B722,_,00030,511
B722__00020.512,13.982594731386637,42.20090027,B722,_,00020,512
B722__00530.512,14.03670030911421,42.1458484,B722,_,00530,512
B722__00510.512,14.005456498439496,42.137679434999995,B722,_,00510,512
B722__00430.512,14.028042445156434,42.15090486,B722,_,00430,512
B722__00420.512,14.020832072539587,42.145795855,B722,_,00420,512
B722__00370.512,13.990381398324017,42.1430238,B722,_,00370,512
B722__00360.512,13.998311872001482,42.145557365,B722,_,00360,512
B722__00290.512,14.00059741035318,42.159071999999995,B722,_,00290,512
B722__0028.512,14.002685431103519,42.157172515,B722,_,0028,512
B722__00270.512,13.988146847287151,42.153549819999995,B722,_,00270,512
B722__00260.512,13.986409075934912,42.154973185,B722,_,00260,512
B722__00250.512,13.983551579332675,42.16129044,B722,_,00250,512
B722__00190.512,13.992711636629508,42.162766175,B722,_,00190,512
B722__00180.512,14.026329201286028,42.171700485,B722,_,00180,512
B722__00140.512,13.983339025016665,42.168196245000004,B722,_,00140,512
B722__00100.512,13.981121597427002,42.18689955,B722,_,00100,512
B722__00090.512,13.973299879809506,42.18260495,B722,_,00090,512
B722__00060.512,13.985459025369279,42.19438112,B722,_,00060,512
B722__00050.512,13.97676324738978,42.187629325,B722,_,00050,512
B722__00020.513,13.982776808189985,42.200809289999995,B722,_,00020,513
B722__00530.513,14.026723862958372,42.14925795,B722,_,00530,513
B722__00520.513,14.018527125500782,42.13792809,B722,_,00520,513
B722__00510.513,14.005766465308046,42.13780103,B722,_,00510,513
B722__00430.513,14.03466848978496,42.15142786,B722,_,00430,513
B722__00420.513,14.021204946069153,42.14564279,B722,_,00420,513
B722__00390.513,13.998604331241456,42.142798415,B722,_,00390,513
B722__00370.513,13.991157578479049,42.14366796,B722,_,00370,513
B722__00360.513,13.99832379168975,42.145492875,B722,_,00360,513
B722__00290.513,14.000782626136566,42.159218730000006,B722,_,00290,513
B722__0028.513,14.002901554072334,42.15739552,B722,_,0028,513
B722__00270.513,13.987472022993867,42.152945735,B722,_,00270,513
B722__00260.513,13.98393441286361,42.15477022,B722,_,00260,513
B722__00250.513,13.979407379463016,42.163034965,B722,_,00250,513
B722__00200.513,14.027535544609986,42.16983042,B722,_,00200,513
B722__00190.513,13.992919524184394,42.162728715,B722,_,00190,513
B722__00180.513,14.021607219800536,42.173336485,B722,_,00180,513
B722__00150.513,13.992311333669411,42.172926145,B722,_,00150,513
B722__00140.513,13.983698269163913,42.16821132,B722,_,00140,513
B722__00100.513,13.981521590947445,42.186970025,B722,_,00100,513
B722__00090.513,13.973288674006806,42.18336631,B722,_,00090,513
B722__00060.513,13.98518794792239,42.194000375,B722,_,00060,513
B722__00050.513,13.977030753981118,42.187117810000004,B722,_,00050,513
B722__00030.513,13.966083646331475,42.18849105,B722,_,00030,513
B722__00020.514,13.982928448849588,42.20076851,B722,_,00020,514
B722__00530.514,14.027298426655125,42.14921448,B722,_,00530,514
B722__00520.514,14.018357073129167,42.13818766,B722,_,00520,514
B722__00510.514,14.006065660316548,42.137839325,B722,_,00510,514
B722__00430.514,14.035013649109256,42.150793025,B722,_,00430,514
B722__00420.514,14.022718494948602,42.146145285,B722,_,00420,514
B722__00390.514,13.997746677738505,42.142405015,B722,_,00390,514
B722__00370.514,13.99065645868746,42.14398425,B722,_,00370,514
B722__00360.514,13.998433625667028,42.14550901,B722,_,00360,514
B722__00290.514,14.000810819779586,42.1595946,B722,_,00290,514
B722__0028.514,14.002912240262695,42.15735991,B722,_,0028,514
B722__00270.514,13.987283290483589,42.15281070499999,B722,_,00270,514
B722__00260.514,13.980884684614646,42.155303,B722,_,00260,514
B722__00200.514,14.02537517959846,42.166108725,B722,_,00200,514
B722__00190.514,13.993162853006858,42.163092485,B722,_,00190,514
B722__00180.514,14.02180421672622,42.17331952,B722,_,00180,514
B722__00150.514,13.989560503926963,42.17309928,B722,_,00150,514
B722__00140.514,13.983970893814654,42.16821132,B722,_,00140,514
B722__00100.514,13.981334472117979,42.186692140000005,B722,_,00100,514
B722__00090.514,13.969040500976089,42.18194373,B722,_,00090,514
B722__00060.514,13.985374059957365,42.19419924,B722,_,00060,514
B722__00050.514,13.977090700863954,42.187227039999996,B722,_,00050,514
B722__00020.515,13.983323998850445,42.200819555,B722,_,00020,515
B722__00530.515,14.027096209312877,42.148885199999995,B722,_,00530,515
B722__00520.515,14.019109387154344,42.137882865,B722,_,00520,515
B722__00510.515,14.005807000973004,42.137481095,B722,_,00510,515
B722__00430.515,14.030290162117208,42.151077645,B722,_,00430,515
B722__00420.515,14.023197764142454,42.14650008,B722,_,00420,515
B722__00390.515,13.99790891884962,42.14239513,B722,_,00390,515
B722__00370.515,13.989669333890099,42.14394053,B722,_,00370,515
B722__00360.515,13.998692637132654,42.1450694,B722,_,00360,515
B722__00290.515,14.001092537460654,42.15956275,B722,_,00290,515
B722__0028.515,14.002896501140919,42.15730366,B722,_,0028,515
B722__00270.515,13.987046900326941,42.152723370000004,B722,_,00270,515
B722__00260.515,13.985274616962286,42.162364475000004,B722,_,00260,515
B722__00200.515,14.02513069957395,42.16599617,B722,_,00200,515
B722__00190.515,13.99331744382159,42.162896945,B722,_,00190,515
B722__00180.515,14.028281846617077,42.17243176,B722,_,00180,515
B722__00150.515,13.989514434177586,42.173146705,B722,_,00150,515
B722__00140.515,13.983201863649576,42.16829446,B722,_,00140,515
B722__00100.515,13.980864550872692,42.18714807,B722,_,00100,515
B722__00090.515,13.968941718158884,42.181517805,B722,_,00090,515
B722__00060.515,13.985349194619051,42.19402291,B722,_,00060,515
B722__00050.515,13.977109372816326,42.18729195,B722,_,00050,515
B722__00030.515,13.966018692965799,42.189239920000006,B722,_,00030,515
B722__00020.516,13.98387681060704,42.20444635,B722,_,00020,516
B722__00530.516,14.026464535270915,42.14837392,B722,_,00530,516
B722__00520.516,14.020124103997205,42.137608395,B722,_,00520,516
B722__00510.516,14.006695036028205,42.137600750000004,B722,_,00510,516
B722__00430.516,14.036093774284037,42.15079317,B722,_,00430,516
B722__00420.516,14.023907616775055,42.146579495,B722,_,00420,516
B722__00390.516,13.998165502063948,42.14257331,B722,_,00390,516
B722__00370.516,13.99026029773772,42.14439999,B722,_,00370,516
B722__00360.516,13.999310295670213,42.14589676999999,B722,_,00360,516
B722__00290.516,14.001195870308399,42.159340995,B722,_,00290,516
B722__0028.516,14.003034763370717,42.157357,B722,_,0028,516
B722__00270.516,13.986814138155584,42.152706925000004,B722,_,00270,516
B722__00260.516,13.985999398259434,42.15580961,B722,_,00260,516
B722__00200.516,14.025600666383168,42.16588239,B722,_,00200,516
B722__00190.516,13.993087143275748,42.162467315,B722,_,00190,516
B722__00150.516,13.991500520554066,42.17214274,B722,_,00150,516
B722__00140.516,13.984292900931642,42.172439545,B722,_,00140,516
B722__00100.516,13.989774670260445,42.183110865,B722,_,00100,516
B722__00090.516,13.969256561345517,42.181425625,B722,_,00090,516
B722__00060.516,13.985487324716283,42.193947025,B722,_,00060,516
B722__00050.516,13.977148163306843,42.18735487,B722,_,00050,516
B722__00020.517,13.982543695944013,42.201371995,B722,_,00020,517
B722__00530.517,14.026739818062659,42.147984765000004,B722,_,00530,517
B722__00520.517,14.0210324626165,42.136999225,B722,_,00520,517
B722__00510.517,14.0048119517187,42.137148175,B722,_,00510,517
B722__00430.517,14.032809381337508,42.153510845,B722,_,00430,517
B722__00420.517,14.00579151907409,42.14328519,B722,_,00420,517
B722__00390.517,13.99753132717606,42.142205219999994,B722,_,00390,517
B722__00370.517,13.990335910839796,42.14450164,B722,_,00370,517
B722__00360.517,13.999220385496393,42.14587614,B722,_,00360,517
B722__00290.517,14.001493708835032,42.15934017,B722,_,00290,517
B722__0028.517,14.003069510502183,42.157251675,B722,_,0028,517
B722__00270.517,13.986833116386975,42.152657675,B722,_,00270,517
B722__00260.517,13.984945396268536,42.15555053,B722,_,00260,517
B722__00190.517,13.993680458801748,42.16280573,B722,_,00190,517
B722__00150.517,13.991460172624048,42.172299585000005,B722,_,00150,517
B722__00140.517,13.982963699311108,42.1680327,B722,_,00140,517
B722__00100.517,13.989335859162038,42.182921365,B722,_,00100,517
B722__00090.517,13.969240415063513,42.181288875,B722,_,00090,517
B722__00060.517,13.985754387011607,42.194031429999995,B722,_,00060,517
B722__00050.517,13.977180737242996,42.187424535,B722,_,00050,517
B722__00030.517,13.961445819701346,42.192300185,B722,_,00030,517
B722__00020.518,13.982607474619149,42.201465565,B722,_,00020,518
B722__00530.518,14.025756641288286,42.14807423,B722,_,00530,518
B722__00510.518,14.005009465537537,42.137213325,B722,_,00510,518
B722__00430.518,14.032756404128968,42.153576325,B722,_,00430,518
B722__00420.518,14.006072355817874,42.143365329999995,B722,_,00420,518
B722__00390.518,13.997478078543644,42.14230209,B722,_,00390,518
B722__00370.518,13.990422838376272,42.145300175,B722,_,00370,518
B722__00360.518,13.994157260709217,42.15167486,B722,_,00360,518
B722__00290.518,14.001647513135781,42.159396855,B722,_,00290,518
B722__0028.518,14.002999865730136,42.15725846,B722,_,0028,518
B722__00270.518,13.986878235454586,42.15256413,B722,_,00270,518
B722__00190.518,13.993326828237404,42.162597129999995,B722,_,00190,518
B722__00180.518,14.030380965418722,42.175249405,B722,_,00180,518
B722__00150.518,13.991433006356278,42.172400825,B722,_,00150,518
B722__00140.518,13.980511692401464,42.168663115,B722,_,00140,518
B722__00100.518,13.98841699328387,42.182818205000004,B722,_,00100,518
B722__00090.518,13.969525850784619,42.181201235,B722,_,00090,518
B722__00060.518,13.985796813984702,42.194390545000005,B722,_,00060,518
B722__00050.518,13.977214896701819,42.187491205,B722,_,00050,518
B722__00030.518,13.968211193685379,42.190175870000004,B722,_,00030,518
B722__00020.519,13.982705409772581,42.201554465,B722,_,00020,519
B722__00530.519,14.026903694051896,42.147719699999996,B722,_,00530,519
B722__00520.519,14.021977726377326,42.139348415,B722,_,00520,519
B722__00510.519,14.005101950777146,42.137073380000004,B722,_,00510,519
B722__00430.519,14.03269939518734,42.15364199,B722,_,00430,519
B722__00420.519,14.00583008318295,42.14304387,B722,_,00420,519
B722__00390.519,13.997504488658956,42.1422825,B722,_,00390,519
B722__00370.519,13.989935320131858,42.144695139999996,B722,_,00370,519
B722__00360.519,13.997286380763182,42.14801424,B722,_,00360,519
B722__00290.519,14.001856246521292,42.159574175,B722,_,00290,519
B722__0028.519,14.002819146237186,42.15722837,B722,_,0028,519
B722__00270.519,13.988795233145549,42.15313148,B722,_,00270,519
B722__00260.519,13.98701324632409,42.16289905,B722,_,00260,519
B722__00200.519,14.025751558134118,42.167617789999994,B722,_,00200,519
B722__00190.519,13.993462077442228,42.162392365,B722,_,00190,519
B722__00180.519,14.030197120064376,42.175321175,B722,_,00180,519
B722__00140.519,13.983059518984515,42.16791178,B722,_,00140,519
B722__00100.519,13.988355026473831,42.18255885,B722,_,00100,519
B722__00090.519,13.969699807764012,42.180996565,B722,_,00090,519
B722__00060.519,13.98608985457592,42.19434355,B722,_,00060,519
B722__00050.519,13.97725857842378,42.18755782,B722,_,00050,519
B722__00030.519,13.96962026816191,42.18985667,B722,_,00030,519
B722__00010.52,13.970577713642477,42.209483505,B722,_,00010,52
B722__00610.52,13.994305431756116,42.11857509,B722,_,00610,52
B722__00600.52,14.008315978128618,42.128404715,B722,_,00600,52
B722__00590.52,13.996893800353371,42.127719375,B722,_,00590,52
B722__00540.52,14.043590027482878,42.144733795,B722,_,00540,52
B722__00520.52,14.00868240729615,42.142486155,B722,_,00520,52
B722__0051.52,14.003912733984478,42.14233799,B722,_,0051,52
B722__00500.52,13.995771789744818,42.138012825000004,B722,_,00500,52
B722__00490.52,13.980239914182167,42.13041508,B722,_,00490,52
B722__00480.52,13.979229017697865,42.138236335,B722,_,00480,52
B722__00440.52,14.038022923552976,42.15261785,B722,_,00440,52
B722__00430.52,14.02294039964077,42.157606225,B722,_,00430,52
B722__00410.52,14.007956591137617,42.15813559,B722,_,00410,52
B722__00400.52,14.001946177759478,42.15227829,B722,_,00400,52
B722__00390.52,13.99666270092885,42.143250335,B722,_,00390,52
B722__00380.52,13.999915956569929,42.141032555,B722,_,00380,52
B722__00370.52,13.985281314775401,42.143101630000004,B722,_,00370,52
B722__00360.52,13.997922786164175,42.152796985,B722,_,00360,52
B722__00350.52,13.984636146208153,42.148334415,B722,_,00350,52
B722__00340.52,13.969355345212701,42.14538909,B722,_,00340,52
B722__00330.52,13.975365154371804,42.15051741,B722,_,00330,52
B722__00300.52,14.017718062402288,42.160917705,B722,_,00300,52
B722__00290.52,14.002002359434469,42.162148630000004,B722,_,00290,52
B722__00270.52,13.991765548249987,42.159005934999996,B722,_,00270,52
B722__00260.52,13.981327560516648,42.163673435,B722,_,00260,52
B722__00250.52,13.97810241540556,42.16631408,B722,_,00250,52
B722__00230.52,14.06097493544337,42.168949870000006,B722,_,00230,52
B722__00220.52,14.0421093583034,42.169820810000004,B722,_,00220,52
B722__00210.52,14.03820306422163,42.171039085000004,B722,_,00210,52
B722__00200.52,14.011456980813549,42.168086419999995,B722,_,00200,52
B722__00190.52,14.010354009379135,42.16870255,B722,_,00190,52
B722__00170.52,14.014813338741344,42.18021057,B722,_,00170,52
B722__00160.52,14.00585327639963,42.173221475,B722,_,00160,52
B722__00150.52,14.003641373238988,42.178375775,B722,_,00150,52
B722__00130.52,13.977575503699644,42.176153514999996,B722,_,00130,52
B722__00120.52,14.005281648718928,42.1928499,B722,_,00120,52
B722__00110.52,14.002676216564396,42.18550012,B722,_,00110,52
B722__00100.52,13.985292606231244,42.188785605,B722,_,00100,52
B722__00080.52,13.96283415921212,42.18921253,B722,_,00080,52
B722__00060.52,13.99118695869294,42.19964636,B722,_,00060,52
B722__00050.52,13.975477809787645,42.193990745,B722,_,00050,52
B722__00040.52,13.976107631441643,42.201317325000005,B722,_,00040,52
B722__00030.52,13.965905396027049,42.198513145,B722,_,00030,52
B722__00020.52,13.979518033293928,42.208118035,B722,_,00020,52
B722__00020.520,13.982855383555137,42.20167552,B722,_,00020,520
B722__00520.520,14.022430177851096,42.14007144,B722,_,00520,520
B722__00510.520,14.004886458913985,42.137036155000004,B722,_,00510,520
B722__00430.520,14.032369806814017,42.15305114,B722,_,00430,520
B722__00420.520,14.005935592162064,42.142955305,B722,_,00420,520
B722__00410.520,14.007702763575274,42.151724585,B722,_,00410,520
B722__00390.520,14.0017319102453,42.1430182,B722,_,00390,520
B722__00370.520,13.989526947742002,42.144379575,B722,_,00370,520
B722__00360.520,13.995582320670106,42.146009085,B722,_,00360,520
B722__0028.520,14.002890645282694,42.15721105,B722,_,0028,520
B722__00270.520,13.988067872784056,42.152906275,B722,_,00270,520
B722__00260.520,13.986989478757275,42.16300076,B722,_,00260,520
B722__00200.520,14.014160791076764,42.169611405,B722,_,00200,520
B722__00190.520,13.99395939718262,42.163154035000005,B722,_,00190,520
B722__00180.520,14.022245658542571,42.175779785,B722,_,00180,520
B722__00140.520,13.983324085146268,42.167660835,B722,_,00140,520
B722__00100.520,13.988111858138055,42.18223951,B722,_,00100,520
B722__00090.520,13.970722223285271,42.18116521,B722,_,00090,520
B722__00060.520,13.986386086981478,42.194509115,B722,_,00060,520
B722__00050.520,13.977303237766378,42.18762829,B722,_,00050,520
B722__00030.521,13.96992620575413,42.1897813,B722,_,00030,521
B722__00530.521,14.027737435022257,42.145858919999995,B722,_,00530,521
B722__00520.521,14.022920687820836,42.139913755,B722,_,00520,521
B722__00510.521,14.004880244024452,42.13689059,B722,_,00510,521
B722__00430.521,14.032290815323877,42.153077485,B722,_,00430,521
B722__00420.521,14.006184652320474,42.14320344,B722,_,00420,521
B722__00410.521,14.005944304296987,42.156718735,B722,_,00410,521
B722__00390.521,14.00149989543915,42.142885455,B722,_,00390,521
B722__00370.521,13.988981256200987,42.144589185,B722,_,00370,521
B722__00360.521,13.996082675921663,42.146769785000004,B722,_,00360,521
B722__00290.521,14.000714536263374,42.159013474999995,B722,_,00290,521
B722__0028.521,14.003012610511197,42.15717997,B722,_,0028,521
B722__00270.521,13.993983574263428,42.153339790000004,B722,_,00270,521
B722__00260.521,13.987037193984774,42.163048375,B722,_,00260,521
B722__00200.521,14.029600761135015,42.17214859,B722,_,00200,521
B722__00190.521,13.994069089974449,42.163606744999996,B722,_,00190,521
B722__00180.521,14.022548660566024,42.176000545,B722,_,00180,521
B722__00140.521,13.984063835815034,42.168006835,B722,_,00140,521
B722__00100.521,13.98784289799779,42.182029459999995,B722,_,00100,521
B722__00090.521,13.97017565736932,42.181300255,B722,_,00090,521
B722__00060.521,13.986209476823369,42.194635524999995,B722,_,00060,521
B722__00050.521,13.977585642767593,42.187601130000004,B722,_,00050,521
B722__00020.522,13.98358930384741,42.20102765,B722,_,00020,522
B722__00530.522,14.0275474608357,42.14565322,B722,_,00530,522
B722__00520.522,14.023498737047511,42.14043427,B722,_,00520,522
B722__00510.522,14.005141105903856,42.1369397,B722,_,00510,522
B722__00430.522,14.032205140816334,42.153091915000005,B722,_,00430,522
B722__00420.522,14.006451694085733,42.143251219999996,B722,_,00420,522
B722__00410.522,14.006143616518791,42.156708485,B722,_,00410,522
B722__00390.522,14.00170472524316,42.14259114,B722,_,00390,522
B722__00370.522,13.989632560373183,42.145011145,B722,_,00370,522
B722__00360.522,13.99790589046108,42.14509452,B722,_,00360,522
B722__00290.522,14.00082237819076,42.15905313499999,B722,_,00290,522
B722__0028.522,14.002829944537872,42.15714726,B722,_,0028,522
B722__00270.522,13.984473934730016,42.15283825,B722,_,00270,522
B722__00260.522,13.987695608565227,42.16250827499999,B722,_,00260,522
B722__00200.522,14.029640389738802,42.166764645,B722,_,00200,522
B722__00190.522,13.994398253868521,42.162673354999995,B722,_,00190,522
B722__00180.522,14.025520015005332,42.171776984999994,B722,_,00180,522
B722__00140.522,13.98391203587045,42.168069675,B722,_,00140,522
B722__00100.522,13.987775941044188,42.18172539,B722,_,00100,522
B722__00090.522,13.970183832488285,42.181415025,B722,_,00090,522
B722__00060.522,13.986285071223627,42.19466699,B722,_,00060,522
B722__00050.522,13.977522707273343,42.187513305,B722,_,00050,522
B722__00030.522,13.970000936632294,42.189666865,B722,_,00030,522
B722__00020.523,13.98353135326484,42.201245725,B722,_,00020,523
B722__00530.523,14.027472438642624,42.145505560000004,B722,_,00530,523
B722__00520.523,14.02376820778695,42.140922215,B722,_,00520,523
B722__00510.523,14.005262334712633,42.13705066,B722,_,00510,523
B722__00430.523,14.03636041620252,42.153024970000004,B722,_,00430,523
B722__00420.523,14.006687620925085,42.143422455,B722,_,00420,523
B722__00410.523,14.008976829984793,42.15853353,B722,_,00410,523
B722__00390.523,14.001868304837512,42.142739105000004,B722,_,00390,523
B722__00370.523,13.989748863243177,42.145241625,B722,_,00370,523
B722__00360.523,13.998070132439917,42.145236085,B722,_,00360,523
B722__00290.523,14.000925958221092,42.159055015,B722,_,00290,523
B722__0028.523,14.00403724270896,42.156319845,B722,_,0028,523
B722__00270.523,13.986733368617433,42.152279570000005,B722,_,00270,523
B722__00260.523,13.987540891807697,42.162587720000005,B722,_,00260,523
B722__00200.523,14.027160753681764,42.16829775,B722,_,00200,523
B722__00190.523,13.994029894838054,42.16253252,B722,_,00190,523
B722__00180.523,14.025507473782806,42.171812294999995,B722,_,00180,523
B722__00150.523,13.991164395645788,42.172130905,B722,_,00150,523
B722__00140.523,13.979323556476938,42.170784510000004,B722,_,00140,523
B722__00100.523,13.981839302399411,42.185016899999994,B722,_,00100,523
B722__00090.523,13.970193020944086,42.181569405,B722,_,00090,523
B722__00060.523,13.98678466877308,42.19475138,B722,_,00060,523
B722__00050.523,13.977680772087428,42.18750584,B722,_,00050,523
B722__00030.523,13.970152662246564,42.18954373,B722,_,00030,523
B722__00020.524,13.983425074579404,42.201604110000005,B722,_,00020,524
B722__00530.524,14.027471254381272,42.145987225,B722,_,00530,524
B722__00520.524,14.0248652600816,42.141355105,B722,_,00520,524
B722__00510.524,14.005623374766213,42.137029595,B722,_,00510,524
B722__00430.524,14.019922558789023,42.153317255000005,B722,_,00430,524
B722__00420.524,14.006935619526137,42.143454614999996,B722,_,00420,524
B722__00410.524,14.009015343737696,42.1585541,B722,_,00410,524
B722__00390.524,14.0015900506361,42.142678825000004,B722,_,00390,524
B722__00370.524,13.989099687841426,42.14525499,B722,_,00370,524
B722__00360.524,13.99825311593133,42.145390415,B722,_,00360,524
B722__00290.524,14.001084360170374,42.159132805,B722,_,00290,524
B722__0028.524,14.002914456293066,42.15711398,B722,_,0028,524
B722__00270.524,13.986701666533598,42.152244644999996,B722,_,00270,524
B722__00260.524,13.98794344590143,42.162449795,B722,_,00260,524
B722__00200.524,14.02737174212388,42.16798444,B722,_,00200,524
B722__00190.524,13.994060996241263,42.16241896,B722,_,00190,524
B722__00180.524,14.026447760455387,42.171173775,B722,_,00180,524
B722__00150.524,13.99160944379291,42.172520035000005,B722,_,00150,524
B722__00140.524,13.978832686449522,42.17049378,B722,_,00140,524
B722__00100.524,13.981758670914438,42.184800815,B722,_,00100,524
B722__00090.524,13.970203250709208,42.181748240000005,B722,_,00090,524
B722__00060.524,13.987542828690202,42.19462893,B722,_,00060,524
B722__00050.524,13.977510383440643,42.187440390000006,B722,_,00050,524
B722__00030.524,13.969842900550983,42.189192295,B722,_,00030,524
B722__00020.525,13.983756046537954,42.201608895,B722,_,00020,525
B722__00530.525,14.037438519732486,42.14706285,B722,_,00530,525
B722__00520.525,14.010620885194877,42.133849615,B722,_,00520,525
B722__00510.525,14.006101000112036,42.136914385,B722,_,00510,525
B722__00430.525,14.019809992493235,42.153348295,B722,_,00430,525
B722__00420.525,14.00737517378192,42.143315125,B722,_,00420,525
B722__00410.525,14.009175893326962,42.158843555,B722,_,00410,525
B722__00390.525,14.001756871311951,42.14280441,B722,_,00390,525
B722__00370.525,13.989158641584009,42.145348049999996,B722,_,00370,525
B722__00360.525,13.998102154046583,42.14484444,B722,_,00360,525
B722__00290.525,14.001215058570983,42.159212685,B722,_,00290,525
B722__0028.525,14.002955206290988,42.15709893499999,B722,_,0028,525
B722__00270.525,13.9866496960091,42.15219155,B722,_,00270,525
B722__00260.525,13.98813722049173,42.162458355,B722,_,00260,525
B722__00200.525,14.027283104587095,42.1677447,B722,_,00200,525
B722__00190.525,13.994501039033862,42.163204230000005,B722,_,00190,525
B722__00180.525,14.026457685646175,42.17121042,B722,_,00180,525
B722__00150.525,13.991726593168236,42.172527855,B722,_,00150,525
B722__00140.525,13.978567047908907,42.17007362,B722,_,00140,525
B722__00100.525,13.98152047324659,42.184597085,B722,_,00100,525
B722__00090.525,13.970764278776164,42.181729579999995,B722,_,00090,525
B722__00060.525,13.98260964479259,42.198055795,B722,_,00060,525
B722__00050.525,13.977464918670808,42.187395405000004,B722,_,00050,525
B722__00030.525,13.970070831363973,42.188887089999994,B722,_,00030,525
B722__00020.526,13.985181967569536,42.200103485,B722,_,00020,526
B722__00530.526,14.03776521919535,42.148987465,B722,_,00530,526
B722__00520.526,14.010624387931578,42.13420402,B722,_,00520,526
B722__00510.526,14.006271679268199,42.137272755,B722,_,00510,526
B722__00430.526,14.019705416052414,42.153384775,B722,_,00430,526
B722__00420.526,14.007964542485276,42.143864805,B722,_,00420,526
B722__00410.526,14.009420736387895,42.158736899999994,B722,_,00410,526
B722__00390.526,14.001526768016593,42.142554415,B722,_,00390,526
B722__00370.526,13.989328626228216,42.145343625,B722,_,00370,526
B722__00360.526,13.998208040059954,42.14488748,B722,_,00360,526
B722__00290.526,14.001236466882549,42.159115565,B722,_,00290,526
B722__0028.526,14.002124654918841,42.157457405,B722,_,0028,526
B722__00270.526,13.986607965669753,42.152086835,B722,_,00270,526
B722__00260.526,13.988270788793884,42.162482305,B722,_,00260,526
B722__00200.526,14.028409470112262,42.167811220000004,B722,_,00200,526
B722__00190.526,13.994766814886372,42.16313717,B722,_,00190,526
B722__00180.526,14.02803711690732,42.171976515,B722,_,00180,526
B722__00150.526,13.991714623284032,42.17222039000001,B722,_,00150,526
B722__00140.526,13.984597059058046,42.172524870000004,B722,_,00140,526
B722__00100.526,13.981504654226729,42.184395975,B722,_,00100,526
B722__00090.526,13.970757824395617,42.181526785,B722,_,00090,526
B722__00060.526,13.987728918245903,42.194857819999996,B722,_,00060,526
B722__00050.526,13.977461231318129,42.187334405,B722,_,00050,526
B722__00030.526,13.970097464617442,42.189167505,B722,_,00030,526
B722__00020.527,13.984145107820956,42.20119289,B722,_,00020,527
B722__00530.527,14.038234107736022,42.148871979999996,B722,_,00530,527
B722__00520.527,14.010900072388601,42.13431309,B722,_,00520,527
B722__00510.527,14.006728292989624,42.13735409,B722,_,00510,527
B722__00430.527,14.01966708746659,42.152880870000004,B722,_,00430,527
B722__00420.527,14.00872197821143,42.14396149,B722,_,00420,527
B722__00410.527,14.004805478237696,42.155137825,B722,_,00410,527
B722__00390.527,14.00181357477118,42.14277785,B722,_,00390,527
B722__00370.527,13.989353658838823,42.145472335,B722,_,00370,527
B722__00360.527,13.990936302284503,42.150177740000004,B722,_,00360,527
B722__00290.527,14.001396245936602,42.159141665,B722,_,00290,527
B722__0028.527,14.003030193193567,42.157082384999995,B722,_,0028,527
B722__00270.527,13.98654808987298,42.15198366,B722,_,00270,527
B722__00260.527,13.988420512389924,42.16247765,B722,_,00260,527
B722__00200.527,14.02413133604626,42.16701575,B722,_,00200,527
B722__00190.527,13.994956313599578,42.163255039999996,B722,_,00190,527
B722__00180.527,14.025238209387158,42.178236264999995,B722,_,00180,527
B722__00150.527,13.991794754052481,42.17240362,B722,_,00150,527
B722__00140.527,13.980376602394902,42.170634934999995,B722,_,00140,527
B722__00100.527,13.98107253328114,42.184316475,B722,_,00100,527
B722__00090.527,13.971278790657074,42.181475340000006,B722,_,00090,527
B722__00060.527,13.987910136858881,42.194872885,B722,_,00060,527
B722__00050.527,13.977387699908663,42.187291779999995,B722,_,00050,527
B722__00030.527,13.970337831948191,42.189366995,B722,_,00030,527
B722__00020.528,13.984131692832527,42.20142262,B722,_,00020,528
B722__00530.528,14.027314523051631,42.14505114,B722,_,00530,528
B722__00520.528,14.010822164665163,42.133864035,B722,_,00520,528
B722__00510.528,14.006670358742564,42.137253215,B722,_,00510,528
B722__00430.528,14.0196020886726,42.152917335,B722,_,00430,528
B722__00420.528,14.00884875864098,42.14396149,B722,_,00420,528
B722__00390.528,14.002869795989955,42.141571675,B722,_,00390,528
B722__00370.528,13.988366047791896,42.145716504999996,B722,_,00370,528
B722__00360.528,13.990867217119966,42.14965905,B722,_,00360,528
B722__00290.528,14.001971357644415,42.159000875000004,B722,_,00290,528
B722__0028.528,14.001449912987855,42.157455895,B722,_,0028,528
B722__00270.528,13.987066095190222,42.1522036,B722,_,00270,528
B722__00260.528,13.988109025786848,42.162261040000004,B722,_,00260,528
B722__00200.528,14.02265576431665,42.164461745,B722,_,00200,528
B722__00190.528,13.994869274707504,42.163475735,B722,_,00190,528
B722__00180.528,14.026395767095172,42.177990054999995,B722,_,00180,528
B722__00140.528,13.979117163387851,42.1703881,B722,_,00140,528
B722__00100.528,13.981869709065771,42.182268675,B722,_,00100,528
B722__00090.528,13.971263610206531,42.18168224,B722,_,00090,528
B722__00060.528,13.987889445394039,42.194992365,B722,_,00060,528
B722__00050.528,13.97737557790161,42.18722463,B722,_,00050,528
B722__00030.528,13.970723027776575,42.189342385,B722,_,00030,528
B722__00020.529,13.98470122010221,42.20014498,B722,_,00020,529
B722__00530.529,14.032040377921552,42.14798123,B722,_,00530,529
B722__00520.529,14.010804898707384,42.134140529999996,B722,_,00520,529
B722__00510.529,14.006767624637327,42.1372118,B722,_,00510,529
B722__00430.529,14.019537770843101,42.15294856,B722,_,00430,529
B722__00420.529,14.009917642642318,42.14413836,B722,_,00420,529
B722__00410.529,14.01011828339097,42.15734854,B722,_,00410,529
B722__00390.529,14.002108834839378,42.14331509,B722,_,00390,529
B722__00370.529,13.988549633824757,42.145831325,B722,_,00370,529
B722__00360.529,13.990959555718138,42.149742985,B722,_,00360,529
B722__00270.529,13.987048052609538,42.15216051,B722,_,00270,529
B722__00260.529,13.988238564857262,42.162255795,B722,_,00260,529
B722__00200.529,14.022073893509555,42.16541226,B722,_,00200,529
B722__00190.529,13.995120616657044,42.163238655,B722,_,00190,529
B722__00180.529,14.026605581691008,42.178062194999995,B722,_,00180,529
B722__00140.529,13.979497117516745,42.17062314499999,B722,_,00140,529
B722__00100.529,13.98366547420455,42.183246395,B722,_,00100,529
B722__00090.529,13.972142740646852,42.181665935,B722,_,00090,529
B722__00060.529,13.987999226735147,42.195326550000004,B722,_,00060,529
B722__00050.529,13.97735432428508,42.18718114,B722,_,00050,529
B722__00030.529,13.971078315389324,42.189428395,B722,_,00030,529
B722__00010.53,13.970904825610276,42.20946491,B722,_,00010,53
B722__00610.53,13.994925030393874,42.11866806,B722,_,00610,53
B722__00600.53,14.008691816168401,42.129144499999995,B722,_,00600,53
B722__00590.53,13.998090667118026,42.128003175,B722,_,00590,53
B722__00540.53,14.044362474168171,42.1446999,B722,_,00540,53
B722__00530.53,14.036310654510684,42.146577664999995,B722,_,00530,53
B722__00520.53,14.008699932328483,42.142423664999995,B722,_,00520,53
B722__00500.53,13.99597670463584,42.13754865,B722,_,00500,53
B722__00490.53,13.98108585278229,42.131048754999995,B722,_,00490,53
B722__00480.53,13.980076448703905,42.1383375,B722,_,00480,53
B722__00440.53,14.038741307891485,42.1527057,B722,_,00440,53
B722__00430.53,14.022759691062088,42.157871935,B722,_,00430,53
B722__00400.53,14.001899806909531,42.151891465,B722,_,00400,53
B722__00390.53,13.996813523736218,42.143153515,B722,_,00390,53
B722__00380.53,14.000253238283152,42.141414354999995,B722,_,00380,53
B722__00370.53,13.984975668836919,42.14268346,B722,_,00370,53
B722__00360.53,13.997943709739411,42.153178215,B722,_,00360,53
B722__00340.53,13.970038982708394,42.14543802,B722,_,00340,53
B722__00330.53,13.975070580257853,42.150278325,B722,_,00330,53
B722__00300.53,14.018513405462503,42.160527385,B722,_,00300,53
B722__00290.53,14.001998975992478,42.162223855,B722,_,00290,53
B722__0028.53,13.99736695065336,42.159106914999995,B722,_,0028,53
B722__00270.53,13.992099839451628,42.15889991,B722,_,00270,53
B722__00260.53,13.981513349860082,42.163726095,B722,_,00260,53
B722__00250.53,13.977766695611209,42.165819465,B722,_,00250,53
B722__00230.53,14.062515116211657,42.16835215,B722,_,00230,53
B722__00220.53,14.04252235961978,42.169929995000004,B722,_,00220,53
B722__00210.53,14.03776887889733,42.17082343,B722,_,00210,53
B722__00200.53,14.011474773133093,42.16835967,B722,_,00200,53
B722__00190.53,14.010210531507184,42.168518055,B722,_,00190,53
B722__00180.53,14.030968798970253,42.175018269999995,B722,_,00180,53
B722__00170.53,14.01547549993904,42.180403175,B722,_,00170,53
B722__00160.53,14.00559247467731,42.172717320000004,B722,_,00160,53
B722__00150.53,14.003892389324047,42.17839513,B722,_,00150,53
B722__00120.53,14.005508951382133,42.19283414,B722,_,00120,53
B722__00110.53,14.002912592863336,42.185507869999995,B722,_,00110,53
B722__00100.53,13.98596959776943,42.1887872,B722,_,00100,53
B722__0009.53,13.970126190462727,42.187353294999994,B722,_,0009,53
B722__00080.53,13.957022239121649,42.189002695,B722,_,00080,53
B722__00060.53,13.981809918078529,42.199192305,B722,_,00060,53
B722__00050.53,13.975012893687934,42.194173594999995,B722,_,00050,53
B722__00040.53,13.976465552889191,42.201073285,B722,_,00040,53
B722__00030.53,13.966674625215141,42.198661905,B722,_,00030,53
B722__00020.53,13.979144028132438,42.207996135,B722,_,00020,53
B722__00020.530,13.98503793770703,42.201480145000005,B722,_,00020,530
B722__00530.530,14.032098866011957,42.147839399999995,B722,_,00530,530
B722__00520.530,14.01093979040823,42.13423873,B722,_,00520,530
B722__00510.530,14.006824256018529,42.1371609,B722,_,00510,530
B722__00430.530,14.021132980418457,42.15289133,B722,_,00430,530
B722__00420.530,14.010733096643385,42.14424667,B722,_,00420,530
B722__00410.530,14.010327222337576,42.157114025,B722,_,00410,530
B722__00390.530,14.002294956844795,42.143156794999996,B722,_,00390,530
B722__00370.530,13.989423435778448,42.14606858,B722,_,00370,530
B722__00360.530,13.991061463263653,42.14983427,B722,_,00360,530
B722__00290.530,14.002098441747101,42.159193650000006,B722,_,00290,530
B722__0028.530,14.001636556108167,42.157324405,B722,_,0028,530
B722__00270.530,13.986942273234817,42.15214049,B722,_,00270,530
B722__00260.530,13.988423211338771,42.162256065,B722,_,00260,530
B722__00200.530,14.022251129206605,42.165311020000004,B722,_,00200,530
B722__00180.530,14.025085577768753,42.17734621,B722,_,00180,530
B722__00150.530,13.991779828194701,42.172452155,B722,_,00150,530
B722__00140.530,13.979600865419304,42.170487394999995,B722,_,00140,530
B722__00100.530,13.984198323012642,42.18310621,B722,_,00100,530
B722__00090.530,13.972211318112414,42.18149304,B722,_,00090,530
B722__00060.530,13.988086041318304,42.19510993,B722,_,00060,530
B722__00050.530,13.977186080499141,42.186965650000005,B722,_,00050,530
B722__00030.530,13.971280730471175,42.189374459999996,B722,_,00030,530
B722__00020.531,13.984708143770256,42.2017733,B722,_,00020,531
B722__00530.531,14.032335784189254,42.14781764,B722,_,00530,531
B722__00520.531,14.011227260159972,42.1340005,B722,_,00520,531
B722__00510.531,14.004897050879174,42.13615839,B722,_,00510,531
B722__00430.531,14.022462571181032,42.15299184,B722,_,00430,531
B722__00420.531,14.010690717485733,42.14468961,B722,_,00420,531
B722__00410.531,14.010572320363405,42.15707356,B722,_,00410,531
B722__00390.531,14.001829992081465,42.1430182,B722,_,00390,531
B722__00370.531,13.988697769981925,42.14582568,B722,_,00370,531
B722__00360.531,13.99123409249681,42.1499843,B722,_,00360,531
B722__00290.531,14.002261966856093,42.15925408,B722,_,00290,531
B722__0028.531,14.001552011213088,42.157217075000005,B722,_,0028,531
B722__00270.531,13.98698909075135,42.152017345,B722,_,00270,531
B722__00260.531,13.988567476413827,42.162250195,B722,_,00260,531
B722__00200.531,14.021773971121737,42.164865635,B722,_,00200,531
B722__00190.531,13.996114400805661,42.162562789999996,B722,_,00190,531
B722__00180.531,14.026519920241878,42.177713659999995,B722,_,00180,531
B722__00140.531,13.980084383795372,42.17050227,B722,_,00140,531
B722__00100.531,13.983724080863922,42.182785055,B722,_,00100,531
B722__00060.531,13.988180788258749,42.195038499999995,B722,_,00060,531
B722__00050.531,13.97735810782228,42.186979035,B722,_,00050,531
B722__00030.531,13.971441505093175,42.189395565,B722,_,00030,531
B722__00020.532,13.984281438924606,42.202062775,B722,_,00020,532
B722__00530.532,14.027488138571062,42.143230115,B722,_,00530,532
B722__00520.532,14.011549489279084,42.133936735,B722,_,00520,532
B722__00510.532,14.005336022651782,42.136220195,B722,_,00510,532
B722__00430.532,14.020888605873685,42.151810525,B722,_,00430,532
B722__00420.532,14.011394197628526,42.144706525,B722,_,00420,532
B722__00410.532,14.01063054215481,42.157011615,B722,_,00410,532
B722__00390.532,14.001971063614645,42.143115605,B722,_,00390,532
B722__00370.532,13.988764413574321,42.145601415,B722,_,00370,532
B722__00360.532,13.99202340622352,42.14884499,B722,_,00360,532
B722__00290.532,14.000908177534079,42.158818464999996,B722,_,00290,532
B722__00270.532,13.98694271901612,42.151918705,B722,_,00270,532
B722__00260.532,13.98866823838516,42.162350195,B722,_,00260,532
B722__00200.532,14.022286089934871,42.165091135,B722,_,00200,532
B722__00190.532,13.9963608941198,42.162670395,B722,_,00190,532
B722__00180.532,14.026718889175879,42.177709285,B722,_,00180,532
B722__00150.532,13.992161227549408,42.17312574,B722,_,00150,532
B722__00140.532,13.979969976888999,42.170397609999995,B722,_,00140,532
B722__00100.532,13.983444510686823,42.181990355,B722,_,00100,532
B722__00090.532,13.972109805840981,42.181087415,B722,_,00090,532
B722__00060.532,13.985334168021904,42.19931228,B722,_,00060,532
B722__00050.532,13.977477933764657,42.187022830000004,B722,_,00050,532
B722__00030.532,13.971573426840894,42.189462565,B722,_,00030,532
B722__00020.533,13.985584676514147,42.2000983,B722,_,00020,533
B722__00530.533,14.033230967280907,42.135898995000005,B722,_,00530,533
B722__00520.533,14.011661516040562,42.134204715,B722,_,00520,533
B722__00510.533,14.005289434916453,42.136699725,B722,_,00510,533
B722__00430.533,14.02113717626958,42.151928690000005,B722,_,00430,533
B722__00420.533,14.011853070437153,42.144940675,B722,_,00420,533
B722__00410.533,14.00554421711583,42.153681945,B722,_,00410,533
B722__00390.533,14.002686278913139,42.141705945,B722,_,00390,533
B722__00370.533,13.988314884749185,42.14603208,B722,_,00370,533
B722__00360.533,13.99159117882126,42.14612901,B722,_,00360,533
B722__00290.533,14.00079833727802,42.158768054999996,B722,_,00290,533
B722__0028.533,14.003816142916627,42.15617981,B722,_,0028,533
B722__00270.533,13.991207043480838,42.151701395,B722,_,00270,533
B722__00260.533,13.98871822862635,42.162348245000004,B722,_,00260,533
B722__00200.533,14.022488805137328,42.16510854,B722,_,00200,533
B722__00190.533,13.994919395654497,42.162165325000004,B722,_,00190,533
B722__00180.533,14.026549727066215,42.177130695,B722,_,00180,533
B722__00140.533,13.979880486580075,42.170106655,B722,_,00140,533
B722__00100.533,13.98246096878951,42.18234808,B722,_,00100,533
B722__00090.533,13.972400368828886,42.180755469999994,B722,_,00090,533
B722__00060.533,13.98838838168695,42.194868705,B722,_,00060,533
B722__00050.533,13.977796837764117,42.18731215,B722,_,00050,533
B722__00030.533,13.971635136621087,42.189382175,B722,_,00030,533
B722__00020.534,13.98467457140093,42.20202568,B722,_,00020,534
B722__00530.534,14.033244473128962,42.136026799999996,B722,_,00530,534
B722__00520.534,14.011996037873686,42.134432975,B722,_,00520,534
B722__00510.534,14.005751907002455,42.136700225,B722,_,00510,534
B722__00420.534,14.01203269021212,42.144876034999996,B722,_,00420,534
B722__00410.534,14.00550540701732,42.15334689,B722,_,00410,534
B722__00390.534,14.002732861712197,42.141705945,B722,_,00390,534
B722__00370.534,13.988524936050446,42.146163445,B722,_,00370,534
B722__00360.534,13.990444647600622,42.150087174999996,B722,_,00360,534
B722__00290.534,14.001147972432143,42.15876806,B722,_,00290,534
B722__00270.534,13.990995846314032,42.1513845,B722,_,00270,534
B722__00260.534,13.98878083486425,42.162347675,B722,_,00260,534
B722__00200.534,14.022659668272027,42.16508075,B722,_,00200,534
B722__00190.534,13.995501141921403,42.16187846,B722,_,00190,534
B722__00180.534,14.026682638238325,42.17736532,B722,_,00180,534
B722__00140.534,13.980283054846346,42.169920065,B722,_,00140,534
B722__00100.534,13.98563140527898,42.182559749999996,B722,_,00100,534
B722__00090.534,13.972803403673485,42.181028725000004,B722,_,00090,534
B722__00060.534,13.98867775403836,42.194879639999996,B722,_,00060,534
B722__00050.534,13.97767382438056,42.187411705,B722,_,00050,534
B722__00030.534,13.971355441183196,42.189083235,B722,_,00030,534
B722__00020.535,13.98514876257936,42.201647300000005,B722,_,00020,535
B722__00530.535,14.033403093368035,42.136165844999994,B722,_,00530,535
B722__00520.535,14.0123374802188,42.1345364,B722,_,00520,535
B722__00510.535,14.006072730275092,42.136542335,B722,_,00510,535
B722__00430.535,14.019041199250488,42.151792665,B722,_,00430,535
B722__00420.535,14.012202313403831,42.145022615,B722,_,00420,535
B722__00410.535,14.005343494544697,42.152983655,B722,_,00410,535
B722__00370.535,13.988636668857374,42.146315205,B722,_,00370,535
B722__00360.535,13.997586179969439,42.14599957,B722,_,00360,535
B722__0028.535,14.00181485889617,42.156977170000005,B722,_,0028,535
B722__00270.535,13.99092085304769,42.151304745000004,B722,_,00270,535
B722__00260.535,13.988903624035249,42.162339355,B722,_,00260,535
B722__00200.535,14.022806898713405,42.165019,B722,_,00200,535
B722__00190.535,13.994982095881555,42.162063145000005,B722,_,00190,535
B722__00180.535,14.02681223009812,42.177286265,B722,_,00180,535
B722__00150.535,13.991773435599391,42.173157645,B722,_,00150,535
B722__00140.535,13.984899377853287,42.17259342,B722,_,00140,535
B722__00100.535,13.984975274524546,42.182740245,B722,_,00100,535
B722__00090.535,13.97330374257885,42.18109196,B722,_,00090,535
B722__00060.535,13.989182948994372,42.19505884,B722,_,00060,535
B722__00050.535,13.977813471192464,42.187523245,B722,_,00050,535
B722__00030.535,13.97096485699474,42.18905464,B722,_,00030,535
B722__00020.536,13.984791419887632,42.20207507,B722,_,00020,536
B722__00530.536,14.03363927731369,42.136232504999995,B722,_,00530,536
B722__00520.536,14.01695218504365,42.135361419999995,B722,_,00520,536
B722__00510.536,14.006208918049811,42.13663243,B722,_,00510,536
B722__00420.536,14.013126824282692,42.14539753,B722,_,00420,536
B722__00410.536,14.005130816966592,42.151328995,B722,_,00410,536
B722__00370.536,13.98846403308314,42.14635376,B722,_,00370,536
B722__00360.536,13.9979125039542,42.146103145,B722,_,00360,536
B722__00290.536,14.001485567133713,42.158595045,B722,_,00290,536
B722__0028.536,14.002160683185508,42.156775705,B722,_,0028,536
B722__00270.536,13.991083744981708,42.151306535,B722,_,00270,536
B722__00260.536,13.98714308550359,42.16189285,B722,_,00260,536
B722__00200.536,14.023021524624815,42.165017004999996,B722,_,00200,536
B722__00190.536,13.995591137858433,42.16199591,B722,_,00190,536
B722__00180.536,14.027019371239426,42.177251095,B722,_,00180,536
B722__00140.536,13.97933201065786,42.170304970000004,B722,_,00140,536
B722__00100.536,13.978258310050373,42.184568795000004,B722,_,00100,536
B722__00090.536,13.973388655274032,42.18142197,B722,_,00090,536
B722__00060.536,13.984483784387319,42.19807513,B722,_,00060,536
B722__00050.536,13.977715029534625,42.187793244999995,B722,_,00050,536
B722__00030.536,13.970624705540702,42.18903359,B722,_,00030,536
B722__00020.537,13.981239440318511,42.202407629999996,B722,_,00020,537
B722__00530.537,14.033683339633564,42.136519515,B722,_,00530,537
B722__00520.537,14.017362836307072,42.13492916,B722,_,00520,537
B722__00510.537,14.006217474558873,42.136820764999996,B722,_,00510,537
B722__00420.537,14.011980733128661,42.14470877,B722,_,00420,537
B722__00410.537,14.005413686451682,42.150930575000004,B722,_,00410,537
B722__00390.537,14.002776605502612,42.141670954999995,B722,_,00390,537
B722__00370.537,13.988632269854804,42.14675158,B722,_,00370,537
B722__0028.537,14.002154597485724,42.156872480000004,B722,_,0028,537
B722__00270.537,13.991236540605026,42.151129465,B722,_,00270,537
B722__00260.537,13.98726985269436,42.16218492,B722,_,00260,537
B722__00200.537,14.014214260506463,42.168257255,B722,_,00200,537
B722__00190.537,13.995825541511175,42.162006235,B722,_,00190,537
B722__00180.537,14.027026396886917,42.177015505,B722,_,00180,537
B722__00150.537,13.99182914939394,42.172531140000004,B722,_,00150,537
B722__00140.537,13.984721999144764,42.172811055,B722,_,00140,537
B722__00100.537,13.978995314983248,42.185740945000006,B722,_,00100,537
B722__00090.537,13.972514653126161,42.185058495,B722,_,00090,537
B722__00050.537,13.978035162432647,42.187936480000005,B722,_,00050,537
B722__00030.537,13.97047192714091,42.1889262,B722,_,00030,537
B722__00020.538,13.98158641657579,42.2022458,B722,_,00020,538
B722__00530.538,14.028449797321173,42.136352099999996,B722,_,00530,538
B722__00520.538,14.017900679978347,42.135180989999995,B722,_,00520,538
B722__00510.538,14.006511152733022,42.136842395,B722,_,00510,538
B722__00430.538,14.018841074162532,42.15219524,B722,_,00430,538
B722__00410.538,14.005627413996464,42.150822059999996,B722,_,00410,538
B722__00390.538,14.0026035642822,42.141526584999994,B722,_,00390,538
B722__00370.538,13.988315721685627,42.146380205,B722,_,00370,538
B722__00270.538,13.991190564184219,42.151228035,B722,_,00270,538
B722__00260.538,13.987508176358045,42.162232335,B722,_,00260,538
B722__00200.538,14.026896458769354,42.167865989999996,B722,_,00200,538
B722__00190.538,13.995919174976876,42.161831515,B722,_,00190,538
B722__00180.538,14.027035429114065,42.176927665,B722,_,00180,538
B722__00150.538,13.991895894937578,42.172432515,B722,_,00150,538
B722__00140.538,13.979283166423265,42.16970516,B722,_,00140,538
B722__00100.538,13.985616370446857,42.184419430000005,B722,_,00100,538
B722__00090.538,13.973136641164988,42.184590025000006,B722,_,00090,538
B722__00050.538,13.977976938797536,42.18817069,B722,_,00050,538
B722__00030.538,13.97090400673968,42.18886847,B722,_,00030,538
B722__00020.539,13.985115269725,42.202083015,B722,_,00020,539
B722__00530.539,14.028388931455932,42.136226715,B722,_,00530,539
B722__00520.539,14.017423400921595,42.13627927,B722,_,00520,539
B722__00510.539,14.006691326657318,42.136780900000005,B722,_,00510,539
B722__00430.539,14.021975534487515,42.151745625000004,B722,_,00430,539
B722__00420.539,14.013057205413698,42.145240189999996,B722,_,00420,539
B722__00410.539,14.009217306855843,42.151980545,B722,_,00410,539
B722__00390.539,14.00175806298681,42.142504305,B722,_,00390,539
B722__00370.539,13.988010265911296,42.14620597,B722,_,00370,539
B722__0028.539,14.003789478213822,42.156267725,B722,_,0028,539
B722__00270.539,13.991166982092398,42.15105873,B722,_,00270,539
B722__00260.539,13.987621594281682,42.162250775,B722,_,00260,539
B722__00200.539,14.026924061492185,42.167964909999995,B722,_,00200,539
B722__00190.539,13.995825100062799,42.162138885000005,B722,_,00190,539
B722__00180.539,14.027257835274176,42.177317130000006,B722,_,00180,539
B722__00150.539,13.992009801178924,42.172388795,B722,_,00150,539
B722__00140.539,13.979835509506188,42.169608235,B722,_,00140,539
B722__00100.539,13.983248263782045,42.18485489,B722,_,00100,539
B722__00090.539,13.973554604271428,42.18424422,B722,_,00090,539
B722__00050.539,13.978181407335773,42.188371759999995,B722,_,00050,539
B722__00030.539,13.970941415391591,42.18857652,B722,_,00030,539
B722__00010.54,13.970942141617968,42.209153490000006,B722,_,00010,54
B722__00610.54,13.99495145569966,42.11835413,B722,_,00610,54
B722__00600.54,14.009359079401404,42.1294646,B722,_,00600,54
B722__00590.54,13.998352663816597,42.128584090000004,B722,_,00590,54
B722__00540.54,14.044456087078824,42.14458863,B722,_,00540,54
B722__00530.54,14.037162780877399,42.147076049999995,B722,_,00530,54
B722__00520.54,14.008640554185021,42.142188615,B722,_,00520,54
B722__00500.54,13.996346274848007,42.13714068,B722,_,00500,54
B722__00490.54,13.981146695755953,42.130750365,B722,_,00490,54
B722__00480.54,13.97977577990136,42.138541860000004,B722,_,00480,54
B722__00440.54,14.0399315874022,42.152839415,B722,_,00440,54
B722__00430.54,14.02320973975794,42.15772684,B722,_,00430,54
B722__00410.54,14.008343917730194,42.15867082,B722,_,00410,54
B722__00400.54,14.002325260343135,42.152181955,B722,_,00400,54
B722__00390.54,13.996959431541052,42.14305664,B722,_,00390,54
B722__00380.54,14.000846409640914,42.14154565,B722,_,00380,54
B722__00370.54,13.985270998859345,42.142487005,B722,_,00370,54
B722__00360.54,13.998280441981747,42.152803750000004,B722,_,00360,54
B722__00340.54,13.970279030594874,42.14510874,B722,_,00340,54
B722__00330.54,13.974892487248212,42.149994105,B722,_,00330,54
B722__00300.54,14.027205278994828,42.16013167,B722,_,00300,54
B722__00290.54,14.002037321150267,42.162247985,B722,_,00290,54
B722__00270.54,13.992773795693726,42.159012875,B722,_,00270,54
B722__00260.54,13.981619975466813,42.16374044,B722,_,00260,54
B722__00250.54,13.978096587300293,42.165541505,B722,_,00250,54
B722__00230.54,14.063212825097652,42.168595545,B722,_,00230,54
B722__00220.54,14.04281054258077,42.17028683,B722,_,00220,54
B722__00210.54,14.037992916846154,42.17040448,B722,_,00210,54
B722__00200.54,14.0116994741111,42.168601585000005,B722,_,00200,54
B722__00190.54,14.009828488486708,42.168478390000004,B722,_,00190,54
B722__00180.54,14.01820823820484,42.17921199,B722,_,00180,54
B722__00170.54,14.014268287310475,42.179981375,B722,_,00170,54
B722__00160.54,14.00622192030458,42.17314478,B722,_,00160,54
B722__00150.54,14.003841424910377,42.17862044,B722,_,00150,54
B722__00120.54,14.005972945324466,42.19272563,B722,_,00120,54
B722__00110.54,14.003157777440206,42.18546547,B722,_,00110,54
B722__00100.54,13.985393341932124,42.18849067,B722,_,00100,54
B722__0009.54,13.970055864307149,42.18724858,B722,_,0009,54
B722__00080.54,13.957203969165496,42.18900971,B722,_,00080,54
B722__00060.54,13.981941857775535,42.19892097,B722,_,00060,54
B722__00050.54,13.975298958217866,42.194378885000006,B722,_,00050,54
B722__00040.54,13.976972720430012,42.201301040000004,B722,_,00040,54
B722__00030.54,13.96607636828129,42.198901680000006,B722,_,00030,54
B722__00020.54,13.978876377475164,42.207818155,B722,_,00020,54
B722__00020.540,13.985847942326906,42.201967345,B722,_,00020,540
B722__00530.540,14.028383552197024,42.13610077,B722,_,00530,540
B722__00520.540,14.01874098323594,42.136098515,B722,_,00520,540
B722__00510.540,14.006866958461249,42.13682687,B722,_,00510,540
B722__00430.540,14.024345939896492,42.154567375,B722,_,00430,540
B722__00420.540,14.012107975390226,42.144566935,B722,_,00420,540
B722__00410.540,14.00951055324541,42.15182326,B722,_,00410,540
B722__00390.540,14.002009495984753,42.14270577,B722,_,00390,540
B722__00370.540,13.988109770713331,42.14642927,B722,_,00370,540
B722__0028.540,14.002466357931889,42.15711511,B722,_,0028,540
B722__00270.540,13.991327899766766,42.15128731,B722,_,00270,540
B722__00260.540,13.987727247128001,42.162270545,B722,_,00260,540
B722__00200.540,14.028367417312793,42.167093539999996,B722,_,00200,540
B722__00190.540,13.995901408669638,42.162320065,B722,_,00190,540
B722__00180.540,14.027251080338793,42.176965179999996,B722,_,00180,540
B722__00150.540,13.991850070160844,42.173067364999994,B722,_,00150,540
B722__00140.540,13.980033762614188,42.169586105,B722,_,00140,540
B722__00100.540,13.980099819920534,42.18504702,B722,_,00100,540
B722__00090.540,13.973530517610296,42.184179310000005,B722,_,00090,540
B722__00050.540,13.978193282891745,42.188477455,B722,_,00050,540
B722__00030.540,13.970401986062726,42.188698939999995,B722,_,00030,540
B722__00020.541,13.985768694036906,42.201926055,B722,_,00020,541
B722__00530.541,14.026798218439476,42.1472929,B722,_,00530,541
B722__00520.541,14.019349252659627,42.136687315,B722,_,00520,541
B722__00510.541,14.006528441838547,42.136471979999996,B722,_,00510,541
B722__00430.541,14.024888535709511,42.154632344999996,B722,_,00430,541
B722__00420.541,14.012739643731981,42.144982815000006,B722,_,00420,541
B722__00410.541,14.015207527396862,42.158093255,B722,_,00410,541
B722__00390.541,14.002472560624543,42.14291423,B722,_,00390,541
B722__00370.541,13.988442120427706,42.146889345000005,B722,_,00370,541
B722__0028.541,14.00248329988393,42.157031195,B722,_,0028,541
B722__00270.541,13.991477277983766,42.151461350000005,B722,_,00270,541
B722__00260.541,13.987572379412066,42.162038485,B722,_,00260,541
B722__00200.541,14.028134674576755,42.167906455,B722,_,00200,541
B722__00190.541,13.995980238850592,42.1622036,B722,_,00190,541
B722__00180.541,14.027245813359384,42.17691245,B722,_,00180,541
B722__00140.541,13.980116844692542,42.16944941,B722,_,00140,541
B722__00100.541,13.980711989783948,42.18532444,B722,_,00100,541
B722__00090.541,13.973500736117401,42.18412021,B722,_,00090,541
B722__00060.541,13.990750886069332,42.195433745,B722,_,00060,541
B722__00050.541,13.969919945534464,42.19368263,B722,_,00050,541
B722__00030.541,13.969794962182242,42.188578435,B722,_,00030,541
B722__00020.542,13.985581348860414,42.201645145,B722,_,00020,542
B722__00530.542,14.026886246427551,42.14713017,B722,_,00530,542
B722__00520.542,14.019421378933247,42.13546389,B722,_,00520,542
B722__00510.542,14.006276203109767,42.136432165,B722,_,00510,542
B722__00430.542,14.025395856065808,42.15458562,B722,_,00430,542
B722__00420.542,14.011579503246969,42.144246725,B722,_,00420,542
B722__00410.542,14.015556138533821,42.15797716,B722,_,00410,542
B722__00390.542,14.002436538393065,42.142873245000004,B722,_,00390,542
B722__00370.542,13.988342917569458,42.14693649,B722,_,00370,542
B722__00290.542,14.001802062174248,42.158885229999996,B722,_,00290,542
B722__0028.542,14.003739777493497,42.1562533,B722,_,0028,542
B722__00270.542,13.991490402418378,42.15153582,B722,_,00270,542
B722__00260.542,13.987456773514985,42.161934075000005,B722,_,00260,542
B722__00190.542,13.996027214013147,42.162328405,B722,_,00190,542
B722__00180.542,14.027620522027819,42.177351189999996,B722,_,00180,542
B722__00150.542,13.991560916835386,42.173161295,B722,_,00150,542
B722__00140.542,13.979696838995153,42.169420970000004,B722,_,00140,542
B722__00100.542,13.98100742491608,42.18509169,B722,_,00100,542
B722__00090.542,13.973480408609326,42.18405622,B722,_,00090,542
B722__00050.542,13.978371647860996,42.18818385,B722,_,00050,542
B722__00030.542,13.969674978946085,42.18889042,B722,_,00030,542
B722__00020.543,13.98550742655193,42.20149494,B722,_,00020,543
B722__00530.543,14.027193380039447,42.147131064999996,B722,_,00530,543
B722__00520.543,14.020152985416047,42.135762785,B722,_,00520,543
B722__00510.543,14.006157106564608,42.136352865,B722,_,00510,543
B722__00430.543,14.025890608924463,42.15430718,B722,_,00430,543
B722__00420.543,14.011606255956302,42.144482405000005,B722,_,00420,543
B722__00410.543,14.015735280276466,42.1580749,B722,_,00410,543
B722__00390.543,14.00251147865525,42.143076165,B722,_,00390,543
B722__00370.543,13.987983925060501,42.14652388,B722,_,00370,543
B722__0028.543,14.003641094240878,42.156228965,B722,_,0028,543
B722__00270.543,13.991185152919453,42.151560450000005,B722,_,00270,543
B722__00260.543,13.987877807244622,42.16227864,B722,_,00260,543
B722__00200.543,14.026898230539302,42.1703132,B722,_,00200,543
B722__00190.543,13.996162232320327,42.16213724,B722,_,00190,543
B722__00180.543,14.027477276916917,42.176920805,B722,_,00180,543
B722__00150.543,13.992005880441635,42.173157645,B722,_,00150,543
B722__00140.543,13.98513285658107,42.17316921,B722,_,00140,543
B722__00090.543,13.973151037445131,42.184041295,B722,_,00090,543
B722__00050.543,13.978381262577198,42.188123895000004,B722,_,00050,543
B722__00030.543,13.969376213323073,42.18907259,B722,_,00030,543
B722__00020.544,13.985775190641258,42.200179985000005,B722,_,00020,544
B722__00530.544,14.027473346390344,42.14716263,B722,_,00530,544
B722__00520.544,14.02175644267654,42.136513730000004,B722,_,00520,544
B722__00510.544,14.006717136316512,42.13630734,B722,_,00510,544
B722__00430.544,14.027428517799903,42.154562729999995,B722,_,00430,544
B722__00420.544,14.011886191507,42.144512835,B722,_,00420,544
B722__00410.544,14.014865962578625,42.157055605,B722,_,00410,544
B722__00390.544,14.00231628450165,42.142897605,B722,_,00390,544
B722__00370.544,13.987759307538603,42.14628148,B722,_,00370,544
B722__00270.544,13.991178950255732,42.15148384,B722,_,00270,544
B722__00260.544,13.987941386278985,42.162140165,B722,_,00260,544
B722__00200.544,14.023226668488952,42.16627765,B722,_,00200,544
B722__00190.544,14.009110972200494,42.163643300000004,B722,_,00190,544
B722__00180.544,14.027400084813813,42.17691245,B722,_,00180,544
B722__00150.544,13.992404606571863,42.17438128,B722,_,00150,544
B722__00140.544,13.979584894227443,42.16917293,B722,_,00140,544
B722__00100.544,13.981115892457698,42.188179794999996,B722,_,00100,544
B722__00090.544,13.973088185991587,42.1839811,B722,_,00090,544
B722__00050.544,13.97838743015874,42.18808013,B722,_,00050,544
B722__00030.544,13.968885439162943,42.189137790000004,B722,_,00030,544
B722__00020.545,13.985515441855231,42.20129487,B722,_,00020,545
B722__00530.545,14.027632556174995,42.14710773,B722,_,00530,545
B722__00520.545,14.02195847331053,42.136459525,B722,_,00520,545
B722__00510.545,14.007093837292635,42.136897364999996,B722,_,00510,545
B722__00430.545,14.02641379523308,42.153034475,B722,_,00430,545
B722__00420.545,14.01317526470785,42.14504045,B722,_,00420,545
B722__00410.545,14.015316245284072,42.156892685,B722,_,00410,545
B722__00390.545,14.00239040909255,42.142976520000005,B722,_,00390,545
B722__00370.545,13.988196560378562,42.147035785,B722,_,00370,545
B722__00290.545,14.002761619420891,42.15871108,B722,_,00290,545
B722__0028.545,14.002527561502824,42.15682193,B722,_,0028,545
B722__00270.545,13.99069030455463,42.151839285,B722,_,00270,545
B722__00260.545,13.987879684099536,42.161889204999994,B722,_,00260,545
B722__00190.545,13.995938549544462,42.16171637,B722,_,00190,545
B722__00180.545,14.027521703717834,42.176419915,B722,_,00180,545
B722__00150.545,13.99316343864951,42.174603165,B722,_,00150,545
B722__00140.545,13.979803533480615,42.16908024,B722,_,00140,545
B722__00100.545,13.979834805026346,42.186068649999996,B722,_,00100,545
B722__00090.545,13.973005770529515,42.1839811,B722,_,00090,545
B722__00050.545,13.978271279464028,42.187897495,B722,_,00050,545
B722__00030.545,13.968575543515314,42.188894055,B722,_,00030,545
B722__00020.546,13.984768648150801,42.201483945,B722,_,00020,546
B722__00530.546,14.027885829788712,42.147161775,B722,_,00530,546
B722__00520.546,14.02206374934752,42.13644972,B722,_,00520,546
B722__00510.546,14.007032726331442,42.136587885,B722,_,00510,546
B722__00430.546,14.019236740088282,42.1519376,B722,_,00430,546
B722__00420.546,14.012879528441804,42.14479094,B722,_,00420,546
B722__00410.546,14.015660510936579,42.156652435,B722,_,00410,546
B722__00390.546,14.002685086038808,42.142879575,B722,_,00390,546
B722__00370.546,13.987804699117376,42.146618895,B722,_,00370,546
B722__00290.546,14.002976427065565,42.158781565,B722,_,00290,546
B722__0028.546,14.003633979379241,42.156124125000005,B722,_,0028,546
B722__00270.546,13.990922458428724,42.15189735,B722,_,00270,546
B722__00260.546,13.987844833386234,42.16170527,B722,_,00260,546
B722__00200.546,14.027718150417597,42.168808874999996,B722,_,00200,546
B722__00190.546,13.995909926823645,42.16160326,B722,_,00190,546
B722__00180.546,14.027768922420798,42.176725684999994,B722,_,00180,546
B722__00150.546,13.991435987885232,42.172802625,B722,_,00150,546
B722__00140.546,13.984756746677844,42.168480985,B722,_,00140,546
B722__00100.546,13.979936165123956,42.185770700000006,B722,_,00100,546
B722__00090.546,13.973006998463811,42.184039535,B722,_,00090,546
B722__00060.546,13.990972454148082,42.195407075,B722,_,00060,546
B722__00050.546,13.97849137225592,42.187890795,B722,_,00050,546
B722__00030.546,13.969347093389556,42.188431135,B722,_,00030,546
B722__00020.547,13.984844407729026,42.201232445,B722,_,00020,547
B722__00530.547,14.027926022469387,42.14688915,B722,_,00530,547
B722__00520.547,14.022435877576662,42.136506065,B722,_,00520,547
B722__00510.547,14.007198057964061,42.13645831,B722,_,00510,547
B722__00430.547,14.029041129515447,42.15210047,B722,_,00430,547
B722__00420.547,14.014874060742255,42.144600115,B722,_,00420,547
B722__00410.547,14.015934318447414,42.15654114,B722,_,00410,547
B722__00370.547,13.987602173073821,42.146391585,B722,_,00370,547
B722__00270.547,13.990821815340047,42.152147685,B722,_,00270,547
B722__00260.547,13.987799686222283,42.16212383,B722,_,00260,547
B722__00190.547,14.004238681342308,42.162945574999995,B722,_,00190,547
B722__00180.547,14.02794677283762,42.176717925,B722,_,00180,547
B722__00150.547,13.991377440762118,42.172791270000005,B722,_,00150,547
B722__00140.547,13.984616401949175,42.173136799999995,B722,_,00140,547
B722__00100.547,13.98251871493211,42.184127015,B722,_,00100,547
B722__00090.547,13.972877649168336,42.184039909999996,B722,_,00090,547
B722__00050.547,13.97851887368839,42.187784635,B722,_,00050,547
B722__00030.547,13.969138501648702,42.18837619999999,B722,_,00030,547
B722__00020.548,13.984733962409106,42.201155375,B722,_,00020,548
B722__00530.548,14.028117312209705,42.147657550000005,B722,_,00530,548
B722__00520.548,14.022983684952358,42.1365647,B722,_,00520,548
B722__00510.548,14.00753295342491,42.13627296,B722,_,00510,548
B722__00430.548,14.025457294893453,42.15388487,B722,_,00430,548
B722__00420.548,14.015467718417032,42.144526600000006,B722,_,00420,548
B722__00370.548,13.987193486488387,42.14611728,B722,_,00370,548
B722__00290.548,14.003311544810412,42.158289935,B722,_,00290,548
B722__00270.548,13.990334905842502,42.150577745,B722,_,00270,548
B722__00260.548,13.987973812071187,42.16144648,B722,_,00260,548
B722__00200.548,14.024207887639879,42.167954095,B722,_,00200,548
B722__00190.548,13.996062948927568,42.16188029,B722,_,00190,548
B722__00150.548,13.991614156421937,42.172274709999996,B722,_,00150,548
B722__00140.548,13.981793642707022,42.170688735,B722,_,00140,548
B722__00100.548,13.986141319779552,42.18102575,B722,_,00100,548
B722__00090.548,13.972877405162569,42.183983229999996,B722,_,00090,548
B722__00060.548,13.991107637624541,42.19533203,B722,_,00060,548
B722__00030.548,13.969031464564072,42.188220195,B722,_,00030,548
B722__00020.549,13.985110602674032,42.20097973,B722,_,00020,549
B722__00530.549,14.034801264436515,42.144037015,B722,_,00530,549
B722__00520.549,14.023475613219968,42.136413239999996,B722,_,00520,549
B722__00510.549,14.00719473075087,42.136230084999994,B722,_,00510,549
B722__00430.549,14.018903249605827,42.152746765,B722,_,00430,549
B722__00370.549,13.987606312834242,42.146775115,B722,_,00370,549
B722__00290.549,14.003515081760728,42.158170260000006,B722,_,00290,549
B722__0028.549,14.003634763316903,42.156028455,B722,_,0028,549
B722__00270.549,13.990512093418094,42.150704985000004,B722,_,00270,549
B722__00260.549,13.986777793852129,42.161335664999996,B722,_,00260,549
B722__00200.549,14.02429557917413,42.167818085,B722,_,00200,549
B722__00190.549,13.996405566416044,42.162147434999994,B722,_,00190,549
B722__00180.549,14.028168672801222,42.176313305,B722,_,00180,549
B722__00150.549,13.98981146579171,42.17380966,B722,_,00150,549
B722__00140.549,13.985066555577735,42.173269454999996,B722,_,00140,549
B722__00090.549,13.97317229755236,42.183951,B722,_,00090,549
B722__00060.549,13.991279552281114,42.195081785,B722,_,00060,549
B722__00050.549,13.978587280813105,42.18754548,B722,_,00050,549
B722__00030.549,13.968901528747729,42.188119674999996,B722,_,00030,549
B722__00010.55,13.971225299569245,42.20933671,B722,_,00010,55
B722__00610.55,13.995619054371879,42.118836345000005,B722,_,00610,55
B722__00590.55,13.99866295482908,42.128990985,B722,_,00590,55
B722__00540.55,14.044542901989239,42.144384735,B722,_,00540,55
B722__00530.55,14.037890854479985,42.14691418,B722,_,00530,55
B722__00520.55,14.008953624255131,42.14226717,B722,_,00520,55
B722__00500.55,13.997566495958413,42.137707379999995,B722,_,00500,55
B722__00490.55,13.981312073082877,42.13039163,B722,_,00490,55
B722__00480.55,13.980335969124683,42.138653265,B722,_,00480,55
B722__00440.55,14.040217011456825,42.152737025,B722,_,00440,55
B722__00430.55,14.023672155742616,42.15829712,B722,_,00430,55
B722__00420.55,14.017386591928542,42.15087305,B722,_,00420,55
B722__00400.55,14.002626956821224,42.15217523,B722,_,00400,55
B722__00390.55,13.997073478167483,42.142972990000004,B722,_,00390,55
B722__00380.55,14.000764534512987,42.141747765000005,B722,_,00380,55
B722__00370.55,13.985466118653495,42.142750015000004,B722,_,00370,55
B722__00360.55,13.998265889925037,42.152643784999995,B722,_,00360,55
B722__00340.55,13.970702766130351,42.144881345,B722,_,00340,55
B722__00330.55,13.975873351783417,42.14986861,B722,_,00330,55
B722__00300.55,14.018354548678555,42.160034870000004,B722,_,00300,55
B722__00290.55,14.002349180899312,42.162050995,B722,_,00290,55
B722__00270.55,13.993117628816876,42.15927399,B722,_,00270,55
B722__00260.55,13.98157747764149,42.16368274,B722,_,00260,55
B722__00250.55,13.978845274623353,42.165759615,B722,_,00250,55
B722__00230.55,14.062775095080418,42.169058774999996,B722,_,00230,55
B722__00220.55,14.043499685839025,42.170293175,B722,_,00220,55
B722__00210.55,14.03764925901437,42.16992814,B722,_,00210,55
B722__00200.55,14.012310755023446,42.168689044999994,B722,_,00200,55
B722__00170.55,14.015703751341462,42.179629175,B722,_,00170,55
B722__00160.55,14.006466730104165,42.172728254999996,B722,_,00160,55
B722__00150.55,14.00416301995114,42.17911914,B722,_,00150,55
B722__00140.55,13.98877907702656,42.173264245,B722,_,00140,55
B722__00130.55,13.976075183894121,42.17553117,B722,_,00130,55
B722__00120.55,14.004893276331902,42.192211650000004,B722,_,00120,55
B722__00110.55,14.003139874032428,42.1860207,B722,_,00110,55
B722__00100.55,13.985206521314385,42.188195005,B722,_,00100,55
B722__0009.55,13.970055661611674,42.18716125,B722,_,0009,55
B722__00080.55,13.957402449949228,42.188997435,B722,_,00080,55
B722__00060.55,13.982063369919128,42.1992715,B722,_,00060,55
B722__00040.55,13.969027053230493,42.202191,B722,_,00040,55
B722__00030.55,13.966634522814946,42.19899375,B722,_,00030,55
B722__00020.55,13.978745214178051,42.207518815,B722,_,00020,55
B722__00020.550,13.984799436201703,42.200966795,B722,_,00020,550
B722__00530.550,14.03465504115281,42.143764270000005,B722,_,00530,550
B722__00520.550,14.025911993093466,42.137662105000004,B722,_,00520,550
B722__00510.550,14.006989254730978,42.1361866,B722,_,00510,550
B722__00430.550,14.019126916604751,42.152397125,B722,_,00430,550
B722__00420.550,14.01558776445008,42.145226465,B722,_,00420,550
B722__00370.550,13.987859847105112,42.147038370000004,B722,_,00370,550
B722__00290.550,14.003437415504475,42.158427425,B722,_,00290,550
B722__0028.550,14.003530931521041,42.156159835,B722,_,0028,550
B722__00270.550,13.990702757639669,42.150772939999996,B722,_,00270,550
B722__00260.550,13.987422777945945,42.161180085,B722,_,00260,550
B722__00200.550,14.02471389302988,42.16835336,B722,_,00200,550
B722__00190.550,13.997032245829647,42.162842245,B722,_,00190,550
B722__00180.550,14.028109198284595,42.176323845,B722,_,00180,550
B722__00150.550,13.989711251502778,42.173574224999996,B722,_,00150,550
B722__00140.550,13.98465793566249,42.17303104,B722,_,00140,550
B722__00090.550,13.972865198723227,42.183798075,B722,_,00090,550
B722__00050.550,13.978590770902095,42.187486615,B722,_,00050,550
B722__00020.551,13.984680129054478,42.200903415,B722,_,00020,551
B722__00530.551,14.030744675011983,42.1422752,B722,_,00530,551
B722__00520.551,14.024898463714804,42.13833626,B722,_,00520,551
B722__00510.551,14.006999959267848,42.136086434999996,B722,_,00510,551
B722__00430.551,14.018542501886593,42.151858000000004,B722,_,00430,551
B722__00420.551,14.016256916477609,42.14478248,B722,_,00420,551
B722__00410.551,14.005837834667954,42.155989155,B722,_,00410,551
B722__00400.551,14.003975153972897,42.150966495,B722,_,00400,551
B722__00370.551,13.987245111904638,42.14701941,B722,_,00370,551
B722__00290.551,14.003677116488252,42.158420895,B722,_,00290,551
B722__0028.551,14.002662082006033,42.157061325,B722,_,0028,551
B722__00270.551,13.990403745868644,42.15098761,B722,_,00270,551
B722__00250.551,13.979102004623522,42.166574495,B722,_,00250,551
B722__00210.551,14.03087001703702,42.169842955,B722,_,00210,551
B722__00200.551,14.024816474843597,42.168282305000005,B722,_,00200,551
B722__00190.551,13.996851436536883,42.162633965,B722,_,00190,551
B722__00150.551,13.98975737219385,42.171984695,B722,_,00150,551
B722__00140.551,13.98501334845545,42.173356725,B722,_,00140,551
B722__00100.551,13.980184270521521,42.187930355,B722,_,00100,551
B722__00050.551,13.978268000082627,42.187517905,B722,_,00050,551
B722__00030.551,13.968807634547801,42.18785398,B722,_,00030,551
B722__00020.552,13.984302804179109,42.200822169999995,B722,_,00020,552
B722__00530.552,14.031130099997945,42.142414005000006,B722,_,00530,552
B722__00520.552,14.024061792913642,42.138773885,B722,_,00520,552
B722__00510.552,14.00481724995052,42.13545349,B722,_,00510,552
B722__00410.552,14.010765552090515,42.154208964999995,B722,_,00410,552
B722__00400.552,14.00276447726922,42.154473734999996,B722,_,00400,552
B722__00390.552,14.00278529755774,42.14312591,B722,_,00390,552
B722__00370.552,13.987274384448003,42.14683927,B722,_,00370,552
B722__00360.552,13.99493743435603,42.14478647,B722,_,00360,552
B722__00290.552,14.003705081983894,42.158588955,B722,_,00290,552
B722__0028.552,14.002614686679127,42.156959525,B722,_,0028,552
B722__00270.552,13.990564847415476,42.15103404,B722,_,00270,552
B722__00260.552,13.987958699971163,42.16119847,B722,_,00260,552
B722__00210.552,14.031077670947424,42.169842955,B722,_,00210,552
B722__00200.552,14.022320147205974,42.16633011,B722,_,00200,552
B722__00190.552,13.996964728237336,42.16252626,B722,_,00190,552
B722__00180.552,14.028351301744404,42.17612169,B722,_,00180,552
B722__00150.552,13.990585180915225,42.17211263,B722,_,00150,552
B722__00140.552,13.984965324615606,42.17343675,B722,_,00140,552
B722__00100.552,13.980271929404283,42.18769664,B722,_,00100,552
B722__00090.552,13.972913562674822,42.18381541,B722,_,00090,552
B722__00060.552,13.991795249109334,42.195437725,B722,_,00060,552
B722__00050.552,13.978217501042163,42.18748643,B722,_,00050,552
B722__00020.553,13.98456539555473,42.200699404999995,B722,_,00020,553
B722__00530.553,14.031460338399476,42.14236849,B722,_,00530,553
B722__00520.553,14.024272398872284,42.139201549999996,B722,_,00520,553
B722__00430.553,14.024730928959322,42.157196625,B722,_,00430,553
B722__00420.553,14.018537202730869,42.14479724,B722,_,00420,553
B722__00410.553,14.011030623739973,42.154258490000004,B722,_,00410,553
B722__00400.553,13.999839862001043,42.153977155,B722,_,00400,553
B722__00390.553,14.002880217162286,42.14346839,B722,_,00390,553
B722__00370.553,13.987328531444604,42.14669915,B722,_,00370,553
B722__00360.553,13.994995648255957,42.144604920000006,B722,_,00360,553
B722__00290.553,14.003810628982233,42.15863275,B722,_,00290,553
B722__0028.553,14.002729095608359,42.156931735,B722,_,0028,553
B722__00270.553,13.990634158809609,42.151309315,B722,_,00270,553
B722__00260.553,13.98791393785749,42.16100874,B722,_,00260,553
B722__00210.553,14.03113836993177,42.169662990000006,B722,_,00210,553
B722__00200.553,14.022800969621388,42.1668415,B722,_,00200,553
B722__00190.553,13.9972884282578,42.162267670000006,B722,_,00190,553
B722__00180.553,14.028216442170937,42.176143975,B722,_,00180,553
B722__00150.553,13.98977609114402,42.171879695,B722,_,00150,553
B722__00140.553,13.984575843173069,42.173273885,B722,_,00140,553
B722__00100.553,13.98029610057527,42.18749167,B722,_,00100,553
B722__00090.553,13.972961850183255,42.183801925,B722,_,00090,553
B722__00060.553,13.991615476451141,42.195399365,B722,_,00060,553
B722__00050.553,13.978241364869348,42.1874339,B722,_,00050,553
B722__00030.553,13.969065211236712,42.187682095,B722,_,00030,553
B722__00020.554,13.984116541617436,42.20055995,B722,_,00020,554
B722__00530.554,14.030667608230544,42.142051435,B722,_,00530,554
B722__00520.554,14.02466993964443,42.140154245,B722,_,00520,554
B722__00510.554,14.005037712242995,42.135876999999994,B722,_,00510,554
B722__00430.554,14.024834852677273,42.15709047,B722,_,00430,554
B722__00420.554,14.01787883948318,42.144392385,B722,_,00420,554
B722__00410.554,14.011292911267883,42.154202565,B722,_,00410,554
B722__00400.554,14.00304518443443,42.15406132,B722,_,00400,554
B722__00370.554,13.986999009141586,42.14677461,B722,_,00370,554
B722__00360.554,13.995046881891383,42.144563989999995,B722,_,00360,554
B722__00290.554,14.003994241492641,42.158847005,B722,_,00290,554
B722__0028.554,14.003834178405956,42.15635197,B722,_,0028,554
B722__00270.554,13.990675214602529,42.151497445000004,B722,_,00270,554
B722__00260.554,13.987740801102348,42.16094359,B722,_,00260,554
B722__00210.554,14.031149804440986,42.16978813,B722,_,00210,554
B722__00200.554,14.026658464515268,42.169111255,B722,_,00200,554
B722__00190.554,13.997188429604355,42.161763965000006,B722,_,00190,554
B722__00180.554,14.027401292813016,42.17547769,B722,_,00180,554
B722__00150.554,13.990465223602682,42.171959505000004,B722,_,00150,554
B722__00140.554,13.98448264145441,42.17363848,B722,_,00140,554
B722__00100.554,13.980415963972028,42.187459495,B722,_,00100,554
B722__00090.554,13.97301762848418,42.183793605,B722,_,00090,554
B722__00050.554,13.978126226931902,42.187386575,B722,_,00050,554
B722__00030.554,13.96915158104606,42.18765214,B722,_,00030,554
B722__00020.555,13.984207483306005,42.2003002,B722,_,00020,555
B722__00530.555,14.031145101731614,42.14206342,B722,_,00530,555
B722__00520.555,14.025056842788564,42.13960749,B722,_,00520,555
B722__00510.555,14.005191646266947,42.13583873,B722,_,00510,555
B722__00430.555,14.02512421605769,42.157264409999996,B722,_,00430,555
B722__00420.555,14.018496721225784,42.14418524,B722,_,00420,555
B722__00410.555,14.005877191592273,42.15565264,B722,_,00410,555
B722__00400.555,14.002820350020226,42.153911495,B722,_,00400,555
B722__00370.555,13.986996473999834,42.14685848,B722,_,00370,555
B722__00360.555,13.995136083799876,42.144567935,B722,_,00360,555
B722__00290.555,14.003918161682567,42.15839962,B722,_,00290,555
B722__0028.555,14.002887422490774,42.156968245,B722,_,0028,555
B722__00270.555,13.990057956546476,42.15120446,B722,_,00270,555
B722__00260.555,13.987379865046927,42.160685385,B722,_,00260,555
B722__00210.555,14.034135528318629,42.171410965,B722,_,00210,555
B722__00200.555,14.029165384244523,42.16859177,B722,_,00200,555
B722__00190.555,13.997446854529985,42.161854524999995,B722,_,00190,555
B722__00180.555,14.028481511432279,42.175970255,B722,_,00180,555
B722__00150.555,13.990227468218656,42.17177002,B722,_,00150,555
B722__00140.555,13.984389922887258,42.173455585,B722,_,00140,555
B722__00100.555,13.980646891473812,42.187453945,B722,_,00100,555
B722__00090.555,13.973070024699926,42.183747765,B722,_,00090,555
B722__00050.555,13.977970117278094,42.187483095000005,B722,_,00050,555
B722__00030.555,13.96924209207955,42.18763197,B722,_,00030,555
B722__00020.556,13.984266220102082,42.20036749,B722,_,00020,556
B722__00530.556,14.025569623403953,42.140711405000005,B722,_,00530,556
B722__00520.556,14.025387537656957,42.140280215000004,B722,_,00520,556
B722__00510.556,14.005393737674865,42.135912704999996,B722,_,00510,556
B722__00430.556,14.025227415862341,42.15722281,B722,_,00430,556
B722__00420.556,14.018984588477684,42.144314120000004,B722,_,00420,556
B722__00410.556,14.005818060916834,42.15549177,B722,_,00410,556
B722__00400.556,14.00288050225803,42.154153355000005,B722,_,00400,556
B722__00390.556,14.00276688536044,42.142976315,B722,_,00390,556
B722__00370.556,13.988692546716829,42.146160795,B722,_,00370,556
B722__00360.556,13.997861701498925,42.153508395,B722,_,00360,556
B722__0028.556,14.002850674900067,42.15689313,B722,_,0028,556
B722__00270.556,13.990056613289717,42.15131222,B722,_,00270,556
B722__00260.556,13.986698577354016,42.16049805,B722,_,00260,556
B722__00210.556,14.035516552472462,42.171671655,B722,_,00210,556
B722__00200.556,14.027384643576937,42.16996307,B722,_,00200,556
B722__00190.556,13.997597939424379,42.16201094,B722,_,00190,556
B722__00180.556,14.028021467863471,42.175262669999995,B722,_,00180,556
B722__00150.556,13.990562322414693,42.17162557,B722,_,00150,556
B722__00140.556,13.984422811481691,42.173336675,B722,_,00140,556
B722__00100.556,13.980390275736081,42.18725955,B722,_,00100,556
B722__00090.556,13.973154854019496,42.183730319999995,B722,_,00090,556
B722__00050.556,13.977733172776226,42.187322805,B722,_,00050,556
B722__00030.556,13.969665230054801,42.1879003,B722,_,00030,556
B722__00020.557,13.984314588217266,42.200456955,B722,_,00020,557
B722__00530.557,14.025653426246501,42.14053706,B722,_,00530,557
B722__00520.557,14.025683153705359,42.139434765000004,B722,_,00520,557
B722__00510.557,14.005550024630093,42.135800165,B722,_,00510,557
B722__00430.557,14.025521235294311,42.157488385,B722,_,00430,557
B722__00420.557,14.01930907410105,42.144148445,B722,_,00420,557
B722__00410.557,14.00588745247973,42.155442199999996,B722,_,00410,557
B722__00400.557,14.002603472030618,42.154153355000005,B722,_,00400,557
B722__00390.557,14.002742305247256,42.14291766,B722,_,00390,557
B722__00360.557,13.994962818234882,42.14432105,B722,_,00360,557
B722__00290.557,14.004425877921102,42.15899207,B722,_,00290,557
B722__0028.557,14.002760381033239,42.156853534999996,B722,_,0028,557
B722__00270.557,13.99006427207669,42.151439339999996,B722,_,00270,557
B722__00200.557,14.02593159816679,42.16830889,B722,_,00200,557
B722__00190.557,13.997644266634012,42.16289019,B722,_,00190,557
B722__00180.557,14.028606956792117,42.175847680000004,B722,_,00180,557
B722__00150.557,13.991822774623838,42.173032305,B722,_,00150,557
B722__00140.557,13.984555477602987,42.173320065,B722,_,00140,557
B722__00100.557,13.980208148663944,42.18818193,B722,_,00100,557
B722__00090.557,13.973369624918313,42.18368506,B722,_,00090,557
B722__00060.557,13.991066069781088,42.195674804999996,B722,_,00060,557
B722__00050.557,13.9778810648464,42.18726407,B722,_,00050,557
B722__00020.558,13.984356208891933,42.200439395000004,B722,_,00020,558
B722__00530.558,14.025946592405568,42.140506435,B722,_,00530,558
B722__00520.558,14.01152106588097,42.13339116,B722,_,00520,558
B722__00510.558,14.005970195159684,42.135538795,B722,_,00510,558
B722__00430.558,14.025615625671048,42.157449494999994,B722,_,00430,558
B722__00420.558,14.020144696433773,42.144721605,B722,_,00420,558
B722__00410.558,14.00593716210852,42.155322805,B722,_,00410,558
B722__00400.558,14.003327698713658,42.154071015,B722,_,00400,558
B722__00390.558,14.002817258966953,42.141541544999995,B722,_,00390,558
B722__00360.558,13.9948914395216,42.14462043,B722,_,00360,558
B722__0028.558,14.002672507778616,42.156850004999995,B722,_,0028,558
B722__00270.558,13.990207438826655,42.151343260000004,B722,_,00270,558
B722__00260.558,13.987126006608854,42.159691089999995,B722,_,00260,558
B722__00210.558,14.03077102250618,42.16873429,B722,_,00210,558
B722__00200.558,14.025086007456824,42.16830643,B722,_,00200,558
B722__00190.558,13.997678336753298,42.163020755000005,B722,_,00190,558
B722__00180.558,14.028728025979198,42.17580656,B722,_,00180,558
B722__00140.558,13.98425240426784,42.173572055,B722,_,00140,558
B722__00100.558,13.980288753842803,42.18807075,B722,_,00100,558
B722__00090.558,13.973405029770081,42.18378468,B722,_,00090,558
B722__00060.558,13.991082190890141,42.195881165,B722,_,00060,558
B722__00050.558,13.977988149834374,42.18722092,B722,_,00050,558
B722__00030.558,13.97002045439022,42.188105815,B722,_,00030,558
B722__00020.559,13.98453065611092,42.20034862,B722,_,00020,559
B722__00530.559,14.026370823519969,42.140368795,B722,_,00530,559
B722__00520.559,14.01163317411829,42.13361914,B722,_,00520,559
B722__00510.559,14.006061640397238,42.135662975,B722,_,00510,559
B722__00430.559,14.029909813038811,42.156321745,B722,_,00430,559
B722__00420.559,14.020114118273714,42.144864395,B722,_,00420,559
B722__00410.559,14.018344019685722,42.152766424999996,B722,_,00410,559
B722__00400.559,14.00323355340777,42.153883005,B722,_,00400,559
B722__00390.559,14.002886392714043,42.14149872,B722,_,00390,559
B722__00290.559,14.005280140490957,42.159149979999995,B722,_,00290,559
B722__0028.559,14.002681863286078,42.156738005,B722,_,0028,559
B722__00270.559,13.990259811435445,42.151406415,B722,_,00270,559
B722__00260.559,13.983515309735946,42.159220075,B722,_,00260,559
B722__00200.559,14.023844925518869,42.164221055,B722,_,00200,559
B722__00190.559,13.997743644632978,42.16358036,B722,_,00190,559
B722__00180.559,14.028612370630679,42.17502655,B722,_,00180,559
B722__00150.559,13.991673732097556,42.172923600000004,B722,_,00150,559
B722__00140.559,13.98828013433716,42.17306323,B722,_,00140,559
B722__00100.559,13.980352710669315,42.187974510000004,B722,_,00100,559
B722__00090.559,13.973429507654371,42.18385659,B722,_,00090,559
B722__00060.559,13.991395586591024,42.195725485,B722,_,00060,559
B722__00050.559,13.978097843619196,42.18719873,B722,_,00050,559
B722__00010.56,13.97041136371686,42.20896494,B722,_,00010,56
B722__00610.56,13.993592097904607,42.117515635000004,B722,_,00610,56
B722__00600.56,14.009895723479485,42.1303713,B722,_,00600,56
B722__00590.56,13.988694530276831,42.123218075,B722,_,00590,56
B722__00540.56,14.045560835616822,42.144684760000004,B722,_,00540,56
B722__00530.56,14.026457610904032,42.146579475,B722,_,00530,56
B722__00520.56,14.009550749656931,42.142605205,B722,_,00520,56
B722__00500.56,13.998123693228322,42.13807978,B722,_,00500,56
B722__00490.56,13.980817587647106,42.130135325,B722,_,00490,56
B722__00480.56,13.980295376954832,42.138804055,B722,_,00480,56
B722__00440.56,14.04050707142374,42.152541850000006,B722,_,00440,56
B722__00430.56,14.023806876912676,42.158225735,B722,_,00430,56
B722__00420.56,14.017167148455124,42.15088916,B722,_,00420,56
B722__00410.56,14.005650990071723,42.157137344999995,B722,_,00410,56
B722__00400.56,14.002617731508956,42.152326495,B722,_,00400,56
B722__00390.56,13.997100361871654,42.142950905,B722,_,00390,56
B722__00380.56,14.000991008259533,42.141556205,B722,_,00380,56
B722__00370.56,13.98568126340141,42.142200935,B722,_,00370,56
B722__00360.56,13.997972170393966,42.152374345,B722,_,00360,56
B722__00340.56,13.971091740290042,42.14463371,B722,_,00340,56
B722__00330.56,13.97543642045106,42.14974062,B722,_,00330,56
B722__00300.56,14.01977983120505,42.16010731,B722,_,00300,56
B722__00290.56,14.002597649607033,42.162066960000004,B722,_,00290,56
B722__00270.56,13.993357815529308,42.159109825,B722,_,00270,56
B722__00260.56,13.981579014935683,42.163617285,B722,_,00260,56
B722__00250.56,13.978737999611361,42.165655845,B722,_,00250,56
B722__00230.56,14.063213048864803,42.168037229999996,B722,_,00230,56
B722__00220.56,14.044540370961283,42.17011827,B722,_,00220,56
B722__00210.56,14.03735821584466,42.169716629999996,B722,_,00210,56
B722__00200.56,14.011775462647215,42.168966665,B722,_,00200,56
B722__00190.56,14.010790596736374,42.16812157,B722,_,00190,56
B722__00170.56,14.016231058103628,42.180354475,B722,_,00170,56
B722__00160.56,14.007901902649735,42.173400775000005,B722,_,00160,56
B722__00150.56,13.991121875084119,42.175447004999995,B722,_,00150,56
B722__00130.56,13.976996266045258,42.175397935,B722,_,00130,56
B722__00120.56,14.006221585902939,42.192379145000004,B722,_,00120,56
B722__00110.56,14.003028624683578,42.18657454,B722,_,00110,56
B722__00100.56,13.98579698267914,42.187811695,B722,_,00100,56
B722__0009.56,13.970029345023814,42.18708912,B722,_,0009,56
B722__00080.56,13.95809798825486,42.189080385,B722,_,00080,56
B722__00070.56,13.996873445587857,42.19646261,B722,_,00070,56
B722__00060.56,13.982449517589714,42.199066495,B722,_,00060,56
B722__00050.56,13.976117130018828,42.194577745000004,B722,_,00050,56
B722__00040.56,13.969005154752871,42.202055195,B722,_,00040,56
B722__00030.56,13.967811409702191,42.199265705,B722,_,00030,56
B722__00020.56,13.979132678396113,42.207485475,B722,_,00020,56
B722__00020.560,13.984430106567443,42.200282985,B722,_,00020,560
B722__00530.560,14.030878101388048,42.136360710000005,B722,_,00530,560
B722__00520.560,14.011879817201063,42.133609055,B722,_,00520,560
B722__00510.560,14.006212221409502,42.135525224999995,B722,_,00510,560
B722__00430.560,14.023266933742958,42.15644013,B722,_,00430,560
B722__00420.560,14.019869094152673,42.145292760000004,B722,_,00420,560
B722__00410.560,14.018527462984075,42.15344378,B722,_,00410,560
B722__00400.560,14.003667631219617,42.154022514999994,B722,_,00400,560
B722__00390.560,14.002898567747007,42.141536725,B722,_,00390,560
B722__00290.560,14.005574585371907,42.159151495,B722,_,00290,560
B722__0028.560,14.00278930947297,42.15674403,B722,_,0028,560
B722__00270.560,13.990361344457249,42.151439355,B722,_,00270,560
B722__00260.560,13.983294718388247,42.159164865,B722,_,00260,560
B722__00210.560,14.032624896547018,42.16794535,B722,_,00210,560
B722__00200.560,14.028893451454646,42.168389145000006,B722,_,00200,560
B722__00190.560,13.997780579228655,42.1637834,B722,_,00190,560
B722__00180.560,14.028965860577276,42.175487724999996,B722,_,00180,560
B722__00150.560,13.991834511111723,42.172972830000006,B722,_,00150,560
B722__00140.560,13.986338831955964,42.17201439,B722,_,00140,560
B722__00100.560,13.980400699394899,42.18778413,B722,_,00100,560
B722__00090.560,13.973451200152606,42.18393652,B722,_,00090,560
B722__00060.560,13.992542217894364,42.195717,B722,_,00060,560
B722__00050.560,13.977809271909543,42.187096675,B722,_,00050,560
B722__00030.560,13.970162570551482,42.18778099,B722,_,00030,560
B722__00020.561,13.984356355750853,42.20024474,B722,_,00020,561
B722__00530.561,14.031003465059708,42.135867829999995,B722,_,00530,561
B722__00520.561,14.012065265687031,42.133383055,B722,_,00520,561
B722__00510.561,14.00622761248682,42.135982475,B722,_,00510,561
B722__00430.561,14.029232953139424,42.155500595,B722,_,00430,561
B722__00420.561,14.020456384556647,42.14519328,B722,_,00420,561
B722__00410.561,14.018627830319593,42.153032115,B722,_,00410,561
B722__00400.561,14.003570104989592,42.15392036,B722,_,00400,561
B722__00390.561,14.0025171660911,42.14296627,B722,_,00390,561
B722__0028.561,14.003893169782508,42.15585777,B722,_,0028,561
B722__00270.561,13.9905742681897,42.151681214999996,B722,_,00270,561
B722__00260.561,13.983051923769157,42.159030025,B722,_,00260,561
B722__00210.561,14.031681880186515,42.16751562,B722,_,00210,561
B722__00200.561,14.028874590063374,42.168022664999995,B722,_,00200,561
B722__00190.561,13.998064235655407,42.163660085000004,B722,_,00190,561
B722__00150.561,14.003749804897986,42.18005755,B722,_,00150,561
B722__00140.561,13.983311212302237,42.171990195,B722,_,00140,561
B722__00100.561,13.980683891208477,42.187605270000006,B722,_,00100,561
B722__00090.561,13.973465562079548,42.18399883,B722,_,00090,561
B722__00060.561,13.992756663587944,42.195739270000004,B722,_,00060,561
B722__00050.561,13.977922453519465,42.186993395,B722,_,00050,561
B722__00020.562,13.985031116126612,42.200440760000006,B722,_,00020,562
B722__00530.562,14.031700017250984,42.135557745,B722,_,00530,562
B722__00520.562,14.012220608459359,42.133302795000006,B722,_,00520,562
B722__00510.562,14.006563648515375,42.13570385,B722,_,00510,562
B722__00430.562,14.028682319257792,42.15478213,B722,_,00430,562
B722__00420.562,14.020446415074545,42.14480284,B722,_,00420,562
B722__00410.562,14.016856102694799,42.15733728,B722,_,00410,562
B722__00400.562,14.003600494676105,42.15406642,B722,_,00400,562
B722__00390.562,14.002557021167995,42.142947705,B722,_,00390,562
B722__0028.562,14.002842906432903,42.156811399999995,B722,_,0028,562
B722__00270.562,13.990399035815823,42.151619249999996,B722,_,00270,562
B722__00260.562,13.982729703678913,42.158848805000005,B722,_,00260,562
B722__00200.562,14.02551837910708,42.16930286,B722,_,00200,562
B722__00190.562,13.99788453980272,42.16321137,B722,_,00190,562
B722__00180.562,14.029083365679902,42.175613729999995,B722,_,00180,562
B722__00150.562,14.005032354374933,42.180055429999996,B722,_,00150,562
B722__00140.562,13.983518982522092,42.17221808,B722,_,00140,562
B722__00100.562,13.980825735587082,42.18759878,B722,_,00100,562
B722__00090.562,13.974455762182757,42.184118264999995,B722,_,00090,562
B722__00060.562,13.992885592777093,42.19575317,B722,_,00060,562
B722__00050.562,13.978203078739284,42.1870016,B722,_,00050,562
B722__00030.562,13.970465264020856,42.18795784,B722,_,00030,562
B722__00020.563,13.985127236868585,42.200511735,B722,_,00020,563
B722__00530.563,14.030993549918577,42.14510756,B722,_,00530,563
B722__00520.563,14.011760332769892,42.142263615000005,B722,_,00520,563
B722__00510.563,14.006383990711797,42.13516581499999,B722,_,00510,563
B722__00430.563,14.028867617710574,42.154776505,B722,_,00430,563
B722__00420.563,14.02037382363455,42.144561624999994,B722,_,00420,563
B722__00410.563,14.016701451239296,42.157052905,B722,_,00410,563
B722__00400.563,14.003411797410799,42.15392445,B722,_,00400,563
B722__00390.563,14.002585960837067,42.142932775000006,B722,_,00390,563
B722__0028.563,14.002905482061871,42.156822930000004,B722,_,0028,563
B722__00270.563,13.99024301535589,42.151604315,B722,_,00270,563
B722__00260.563,13.9829782501848,42.158629465,B722,_,00260,563
B722__00200.563,14.026921462870945,42.169856655000004,B722,_,00200,563
B722__00190.563,13.997794079372067,42.16289019,B722,_,00190,563
B722__00180.563,14.029172341075862,42.17497989,B722,_,00180,563
B722__00150.563,14.001415328868848,42.17933007,B722,_,00150,563
B722__00140.563,13.983023745288602,42.171761155,B722,_,00140,563
B722__00100.563,13.985057773995317,42.1849778,B722,_,00100,563
B722__00090.563,13.973044923635772,42.176836825,B722,_,00090,563
B722__00050.563,13.978182344422471,42.18708194,B722,_,00050,563
B722__00020.564,13.983816165321674,42.204373375,B722,_,00020,564
B722__00530.564,14.031167886748571,42.145146885,B722,_,00530,564
B722__00520.564,14.012016781422652,42.133748804999996,B722,_,00520,564
B722__00510.564,14.006869688043182,42.135440145000004,B722,_,00510,564
B722__00430.564,14.035074368144308,42.15338465,B722,_,00430,564
B722__00420.564,14.021264522499997,42.144812275,B722,_,00420,564
B722__00410.564,14.016730035103302,42.156943705,B722,_,00410,564
B722__00400.564,14.003762461743756,42.153898420000004,B722,_,00400,564
B722__00390.564,14.001104206517635,42.14233608,B722,_,00390,564
B722__0028.564,14.00300942078452,42.156804535,B722,_,0028,564
B722__00270.564,13.990243969353017,42.151671905,B722,_,00270,564
B722__00260.564,13.98306175184055,42.15857756,B722,_,00260,564
B722__00200.564,14.029281498296037,42.169549814999996,B722,_,00200,564
B722__00190.564,13.998081663168552,42.163205864999995,B722,_,00190,564
B722__00150.564,13.989801141367415,42.17423852,B722,_,00150,564
B722__00140.564,13.983154527960249,42.17220985,B722,_,00140,564
B722__00100.564,13.98392217728884,42.184277615,B722,_,00100,564
B722__00090.564,13.975177219321573,42.182988155000004,B722,_,00090,564
B722__00060.564,13.993032184724079,42.195418114999995,B722,_,00060,564
B722__00050.564,13.978296379095223,42.187013675,B722,_,00050,564
B722__00020.565,13.98423863613484,42.20459968,B722,_,00020,565
B722__00530.565,14.030019927596282,42.144144735,B722,_,00530,565
B722__00520.565,14.01248403364973,42.13392351,B722,_,00520,565
B722__00510.565,14.006986115992216,42.13570723,B722,_,00510,565
B722__00430.565,14.03478537590754,42.153065815000005,B722,_,00430,565
B722__00420.565,14.022203942663952,42.145023890000004,B722,_,00420,565
B722__00410.565,14.014743145896853,42.151947025,B722,_,00410,565
B722__00400.565,14.004520208714078,42.151105505000004,B722,_,00400,565
B722__00390.565,14.001060507357177,42.142247685,B722,_,00390,565
B722__00360.565,13.995428134723145,42.145118775,B722,_,00360,565
B722__0028.565,14.00296237605004,42.156739224999995,B722,_,0028,565
B722__00270.565,13.990068615585914,42.15061955,B722,_,00270,565
B722__00260.565,13.983218694258419,42.15857756,B722,_,00260,565
B722__00210.565,14.0322764574887,42.16828529,B722,_,00210,565
B722__00200.565,14.028916016531987,42.169400644999996,B722,_,00200,565
B722__00190.565,13.99826585399807,42.163333115,B722,_,00190,565
B722__00180.565,14.029406517564592,42.175348395,B722,_,00180,565
B722__00150.565,13.991569067711442,42.17292619,B722,_,00150,565
B722__00140.565,13.98285149561084,42.171925275,B722,_,00140,565
B722__00100.565,13.980777141735329,42.18351459,B722,_,00100,565
B722__00090.565,13.977427036550742,42.184782635,B722,_,00090,565
B722__00060.565,13.993217358114329,42.19551353,B722,_,00060,565
B722__00050.565,13.978326110403641,42.18693566,B722,_,00050,565
B722__00030.565,13.97015891213125,42.18858435,B722,_,00030,565
B722__00020.566,13.985384571861147,42.20022777,B722,_,00020,566
B722__00530.566,14.029246561237668,42.14315157,B722,_,00530,566
B722__00520.566,14.013243979052755,42.13407431,B722,_,00520,566
B722__00430.566,14.028264882557112,42.15086341,B722,_,00430,566
B722__00420.566,14.022672258922537,42.145222755000006,B722,_,00420,566
B722__00410.566,14.012520520028856,42.157285849999994,B722,_,00410,566
B722__00400.566,14.003533317176089,42.149287655,B722,_,00400,566
B722__00390.566,14.001064898520795,42.14215881,B722,_,00390,566
B722__00360.566,13.995192296887357,42.14540309,B722,_,00360,566
B722__0028.566,14.002734238148758,42.156684795000004,B722,_,0028,566
B722__00270.566,13.989391619359338,42.149572415,B722,_,00270,566
B722__00260.566,13.98668650945276,42.15609098,B722,_,00260,566
B722__00210.566,14.031982756495841,42.16802622,B722,_,00210,566
B722__00200.566,14.024139003522581,42.166617925,B722,_,00200,566
B722__00190.566,13.998884487211372,42.16331401,B722,_,00190,566
B722__00180.566,14.029475034331753,42.175534119999995,B722,_,00180,566
B722__00140.566,13.983341711493978,42.172344280000004,B722,_,00140,566
B722__00100.566,13.980790709698862,42.183368075000004,B722,_,00100,566
B722__00090.566,13.977270191899372,42.1838214,B722,_,00090,566
B722__00060.566,13.993338292776713,42.195588895,B722,_,00060,566
B722__00050.566,13.97836390588457,42.187136545,B722,_,00050,566
B722__00020.567,13.98531770026324,42.20060908,B722,_,00020,567
B722__00530.567,14.031084620800907,42.141030625,B722,_,00530,567
B722__00520.567,14.01401180429719,42.134235605,B722,_,00520,567
B722__00510.567,14.006685678133273,42.13562446,B722,_,00510,567
B722__00430.567,14.021097809500546,42.15554980500001,B722,_,00430,567
B722__00420.567,14.022770336881706,42.14493027,B722,_,00420,567
B722__00410.567,14.01568253915159,42.15733614,B722,_,00410,567
B722__00400.567,14.004048163930538,42.15008367,B722,_,00400,567
B722__00390.567,14.003073616048287,42.142631385,B722,_,00390,567
B722__00360.567,13.99572473487926,42.144789669999994,B722,_,00360,567
B722__00290.567,14.00857988142602,42.15959513,B722,_,00290,567
B722__0028.567,14.002675671046472,42.156672775000004,B722,_,0028,567
B722__00270.567,13.98953052619051,42.149804239999995,B722,_,00270,567
B722__00260.567,13.98653194129949,42.156087825,B722,_,00260,567
B722__00210.567,14.031905400355733,42.16788608,B722,_,00210,567
B722__00200.567,14.024281377739612,42.166877475,B722,_,00200,567
B722__00180.567,14.02952998748615,42.17534533,B722,_,00180,567
B722__00140.567,13.98335054278244,42.171476585,B722,_,00140,567
B722__00100.567,13.987205696618634,42.175230549999995,B722,_,00100,567
B722__00090.567,13.974082286449914,42.18161637,B722,_,00090,567
B722__00060.567,13.993424515359333,42.19558118,B722,_,00060,567
B722__00050.567,13.978413183006229,42.187340885,B722,_,00050,567
B722__00020.568,13.985881719891047,42.20023649,B722,_,00020,568
B722__00530.568,14.031433344692383,42.14103652,B722,_,00530,568
B722__00520.568,14.014925953464402,42.134402335,B722,_,00520,568
B722__00510.568,14.007229299878393,42.136018465,B722,_,00510,568
B722__00430.568,14.021346358577162,42.155767745,B722,_,00430,568
B722__00420.568,14.022702801619822,42.14562999,B722,_,00420,568
B722__00410.568,14.006330870829604,42.158775805,B722,_,00410,568
B722__00400.568,14.003995160090223,42.150911395,B722,_,00400,568
B722__00390.568,14.002855487163878,42.14267266,B722,_,00390,568
B722__00360.568,13.99496112961675,42.14512551,B722,_,00360,568
B722__00290.568,14.00847303304242,42.16272179,B722,_,00290,568
B722__0028.568,14.002606000801073,42.156621385,B722,_,0028,568
B722__00270.568,13.9888246341559,42.15911127,B722,_,00270,568
B722__00260.568,13.986782753326699,42.15556023,B722,_,00260,568
B722__00210.568,14.030812996451743,42.168137875,B722,_,00210,568
B722__00200.568,14.0244195447752,42.16712027,B722,_,00200,568
B722__00190.568,14.009025979718867,42.163668845000004,B722,_,00190,568
B722__00150.568,13.990066717577914,42.174276625,B722,_,00150,568
B722__00140.568,13.983556258245937,42.171304695,B722,_,00140,568
B722__00100.568,13.987055260475653,42.175043385,B722,_,00100,568
B722__00090.568,13.975041480301734,42.181911045,B722,_,00090,568
B722__00060.568,13.994156484588975,42.19513157,B722,_,00060,568
B722__00050.568,13.978556206882967,42.18737585,B722,_,00050,568
B722__00020.569,13.985844693235476,42.200487365,B722,_,00020,569
B722__00530.569,14.029354684323252,42.14191558,B722,_,00530,569
B722__00520.569,14.016362021121846,42.134558625,B722,_,00520,569
B722__00510.569,14.007754514748674,42.13625148,B722,_,00510,569
B722__00430.569,14.021807125005557,42.15560371,B722,_,00430,569
B722__00420.569,14.023710761977178,42.14553559,B722,_,00420,569
B722__00410.569,14.010724453158415,42.153331075,B722,_,00410,569
B722__00400.569,14.00400751287168,42.150880975,B722,_,00400,569
B722__00360.569,13.995287038938564,42.14493796,B722,_,00360,569
B722__00290.569,14.014656633836182,42.161680849999996,B722,_,00290,569
B722__0028.569,14.003767051469783,42.15633006,B722,_,0028,569
B722__00270.569,13.984231129230096,42.152151775,B722,_,00270,569
B722__00260.569,13.986904315258405,42.155516930000005,B722,_,00260,569
B722__00210.569,14.032221781210282,42.16755791,B722,_,00210,569
B722__00190.569,13.998499513735347,42.162972885,B722,_,00190,569
B722__00180.569,14.02977600867059,42.175528955,B722,_,00180,569
B722__00150.569,13.98997221292428,42.174225515,B722,_,00150,569
B722__00140.569,13.98370676526907,42.171185485,B722,_,00140,569
B722__00100.569,13.987314638750547,42.175461865,B722,_,00100,569
B722__00090.569,13.97560996030613,42.181506875,B722,_,00090,569
B722__00060.569,13.985641089284972,42.193509219999996,B722,_,00060,569
B722__00050.569,13.978586599160812,42.18742325,B722,_,00050,569
B722__00030.569,13.970334895265555,42.18836932,B722,_,00030,569
B722__00010.57,13.970745885724074,42.20892162,B722,_,00010,57
B722__00610.57,13.994168383498693,42.118109065,B722,_,00610,57
B722__00600.57,14.010271220761467,42.13023913,B722,_,00600,57
B722__00590.57,13.989256267190374,42.123777489999995,B722,_,00590,57
B722__00540.57,14.044997574118028,42.145628634999994,B722,_,00540,57
B722__00530.57,14.026652495247417,42.147392870000004,B722,_,00530,57
B722__00520.57,14.009733916861148,42.142574915,B722,_,00520,57
B722__0051.57,14.004173989194918,42.142164935,B722,_,0051,57
B722__00490.57,13.9807317177251,42.12988231,B722,_,00490,57
B722__00480.57,13.980142737105819,42.139167549999996,B722,_,00480,57
B722__00440.57,14.04108535225669,42.152461509999995,B722,_,00440,57
B722__00430.57,14.023986680702878,42.158316854999995,B722,_,00430,57
B722__00420.57,14.017272736686346,42.151001179999994,B722,_,00420,57
B722__00410.57,14.005982451517207,42.15714973,B722,_,00410,57
B722__00400.57,14.002667207183489,42.15239946,B722,_,00400,57
B722__00390.57,13.9971513489658,42.14294937,B722,_,00390,57
B722__00380.57,14.00095434789839,42.14171569,B722,_,00380,57
B722__00370.57,13.986037388657053,42.142306385,B722,_,00370,57
B722__00360.57,13.998429312830499,42.15256882,B722,_,00360,57
B722__00350.57,13.986536294069523,42.148697415,B722,_,00350,57
B722__00340.57,13.971972126151964,42.144068375,B722,_,00340,57
B722__00330.57,13.975603122283111,42.149637014999996,B722,_,00330,57
B722__00300.57,14.020019314517683,42.160100424999996,B722,_,00300,57
B722__00290.57,14.002385533118137,42.162186355,B722,_,00290,57
B722__0028.57,13.99748053927592,42.159173530000004,B722,_,0028,57
B722__00270.57,13.99371728835774,42.15931562,B722,_,00270,57
B722__00260.57,13.98136287712121,42.16351745,B722,_,00260,57
B722__00250.57,13.978782672388636,42.165584325,B722,_,00250,57
B722__00230.57,14.063545689528656,42.16807352,B722,_,00230,57
B722__00220.57,14.044799451439022,42.169888935,B722,_,00220,57
B722__00210.57,14.038344222304698,42.169549685,B722,_,00210,57
B722__00190.57,14.010733418459859,42.167955675,B722,_,00190,57
B722__00170.57,14.01624466673145,42.17953453,B722,_,00170,57
B722__00160.57,14.007926176127922,42.173190165,B722,_,00160,57
B722__00150.57,13.99155007218021,42.175614530000004,B722,_,00150,57
B722__00130.57,13.977945418720552,42.175578635,B722,_,00130,57
B722__00120.57,14.00644377185002,42.191745315000006,B722,_,00120,57
B722__00110.57,14.003278417109536,42.18647414,B722,_,00110,57
B722__00100.57,13.985788082012395,42.188236155,B722,_,00100,57
B722__0009.57,13.970236493790853,42.187119795,B722,_,0009,57
B722__00080.57,13.957751216554316,42.189336115,B722,_,00080,57
B722__00060.57,13.988107543215756,42.200494005,B722,_,00060,57
B722__00050.57,13.976254982246624,42.193867409999996,B722,_,00050,57
B722__00040.57,13.9692911609661,42.202059785,B722,_,00040,57
B722__00030.57,13.967800896692568,42.198978775,B722,_,00030,57
B722__00020.57,13.979463823134406,42.207507905,B722,_,00020,57
B722__00020.570,13.985639115336934,42.200786525,B722,_,00020,570
B722__00530.570,14.029729064496667,42.141737425,B722,_,00530,570
B722__00520.570,14.017836972985283,42.13479279,B722,_,00520,570
B722__00430.570,14.021646007023389,42.155938075,B722,_,00430,570
B722__00420.570,14.023861529337541,42.144761689999996,B722,_,00420,570
B722__00410.570,14.010665261744492,42.152850875,B722,_,00410,570
B722__00400.570,14.003913061067962,42.15125089,B722,_,00400,570
B722__00360.570,13.995545339360229,42.14464631,B722,_,00360,570
B722__00290.570,14.01034072518814,42.159845075,B722,_,00290,570
B722__00270.570,13.988584585874088,42.152780285,B722,_,00270,570
B722__00260.570,13.987013430922365,42.155685065,B722,_,00260,570
B722__00210.570,14.03039789086555,42.168287559999996,B722,_,00210,570
B722__00190.570,13.998705890032543,42.162866865,B722,_,00190,570
B722__00180.570,14.02980331405288,42.175491165,B722,_,00180,570
B722__00150.570,13.99006453721417,42.1742166,B722,_,00150,570
B722__00140.570,13.98519164902157,42.170672945,B722,_,00140,570
B722__00100.570,13.987045908124674,42.175457,B722,_,00100,570
B722__00090.570,13.975539644571978,42.18202605,B722,_,00090,570
B722__00060.570,13.985427433931765,42.193461740000004,B722,_,00060,570
B722__00050.570,13.979112854545996,42.18738861,B722,_,00050,570
B722__00030.570,13.970301136960948,42.18837877,B722,_,00030,570
B722__00020.571,13.9860044053917,42.20076747,B722,_,00020,571
B722__00530.571,14.030430675592086,42.14149941,B722,_,00530,571
B722__00520.571,14.019015608767855,42.13522176,B722,_,00520,571
B722__00510.571,14.007184095398454,42.13588186,B722,_,00510,571
B722__00430.571,14.021601475137581,42.156178615,B722,_,00430,571
B722__00420.571,14.005722238141374,42.14268152,B722,_,00420,571
B722__00410.571,14.011222441687096,42.152554190000004,B722,_,00410,571
B722__00400.571,14.004083225276498,42.15065579,B722,_,00400,571
B722__00290.571,14.01331266245791,42.161562965,B722,_,00290,571
B722__0028.571,14.002760381050118,42.15653298,B722,_,0028,571
B722__00270.571,13.989196011146404,42.152694354999994,B722,_,00270,571
B722__00260.571,13.98693206551884,42.155855355,B722,_,00260,571
B722__00190.571,13.99812065780003,42.16281265,B722,_,00190,571
B722__00180.571,14.030303930369701,42.175951350000005,B722,_,00180,571
B722__00150.571,13.990122320826734,42.174273854999996,B722,_,00150,571
B722__00140.571,13.987487023644965,42.169037700000004,B722,_,00140,571
B722__00100.571,13.986909939598068,42.175445339999996,B722,_,00100,571
B722__00090.571,13.974488145462292,42.18244458,B722,_,00090,571
B722__00060.571,13.985186420168496,42.19349331,B722,_,00060,571
B722__00050.571,13.979343214974644,42.18743054,B722,_,00050,571
B722__00030.571,13.970900727949982,42.188398605,B722,_,00030,571
B722__00050.572,13.97919877144996,42.187599905,B722,_,00050,572
B722__00530.572,14.031203547796204,42.141731545,B722,_,00530,572
B722__00520.572,14.019299899809106,42.134930080000004,B722,_,00520,572
B722__00510.572,14.007614648374851,42.136043735,B722,_,00510,572
B722__00430.572,14.021579758312786,42.155668245,B722,_,00430,572
B722__00420.572,14.006682720672263,42.142745614999995,B722,_,00420,572
B722__00410.572,14.011673351594782,42.152702765,B722,_,00410,572
B722__00400.572,14.003770084341781,42.15074117499999,B722,_,00400,572
B722__00290.572,14.003793500233947,42.158704555,B722,_,00290,572
B722__0028.572,14.001110158817985,42.157675775,B722,_,0028,572
B722__00270.572,13.98969078560523,42.152739795,B722,_,00270,572
B722__00260.572,13.986961907930318,42.156080305,B722,_,00260,572
B722__00190.572,13.998326600937084,42.162558995,B722,_,00190,572
B722__00180.572,14.030110937206224,42.17555601,B722,_,00180,572
B722__00150.572,13.98954096883497,42.174248135,B722,_,00150,572
B722__00140.572,13.988864099200354,42.16855712,B722,_,00140,572
B722__00060.572,13.984501400065593,42.19883467,B722,_,00060,572
B722__00020.573,13.986478209964055,42.20052934,B722,_,00020,573
B722__00530.573,14.03183576857278,42.141519425,B722,_,00530,573
B722__00510.573,14.007240667771878,42.13583164,B722,_,00510,573
B722__00430.573,14.021752044001554,42.15594506,B722,_,00430,573
B722__00420.573,14.007435311715488,42.14315714,B722,_,00420,573
B722__00410.573,14.01082757292589,42.15052129,B722,_,00410,573
B722__00400.573,14.003832422113984,42.150818805,B722,_,00400,573
B722__0028.573,14.002620600800784,42.15631194,B722,_,0028,573
B722__00270.573,13.992647853406156,42.153358999999995,B722,_,00270,573
B722__00260.573,13.987048722830565,42.156202969999995,B722,_,00260,573
B722__00210.573,14.0302209825863,42.16835733,B722,_,00210,573
B722__00200.573,14.020464405996073,42.170065105000006,B722,_,00200,573
B722__00190.573,13.998612156816435,42.16259043,B722,_,00190,573
B722__00180.573,14.03015564323048,42.17539128,B722,_,00180,573
B722__00150.573,13.991406922165918,42.17275923,B722,_,00150,573
B722__00140.573,13.98658332906084,42.16761677,B722,_,00140,573
B722__00100.573,13.987188572616432,42.175045045000005,B722,_,00100,573
B722__00030.573,13.97066889290969,42.188053034999996,B722,_,00030,573
B722__00020.574,13.986728747285877,42.200809125,B722,_,00020,574
B722__00530.574,14.031942467281278,42.140959885,B722,_,00530,574
B722__00520.574,14.020066656275924,42.13456167,B722,_,00520,574
B722__00510.574,14.007654631468291,42.135972179999996,B722,_,00510,574
B722__00430.574,14.021395310722015,42.15464317,B722,_,00430,574
B722__00420.574,14.007579007662322,42.1431006,B722,_,00420,574
B722__00410.574,14.01180808289151,42.15226323,B722,_,00410,574
B722__00400.574,14.00382624984976,42.153834849999996,B722,_,00400,574
B722__00290.574,14.017040296056377,42.1584365,B722,_,00290,574
B722__0028.574,14.00311788756106,42.156062275,B722,_,0028,574
B722__00270.574,13.992185525937682,42.157237425000005,B722,_,00270,574
B722__00260.574,13.98693138083868,42.156254305000004,B722,_,00260,574
B722__00210.574,14.030417232999667,42.16834876,B722,_,00210,574
B722__00200.574,14.020195362703392,42.17023085,B722,_,00200,574
B722__00190.574,13.99873447569026,42.162657835,B722,_,00190,574
B722__00180.574,14.03070583629766,42.175818199999995,B722,_,00180,574
B722__00150.574,13.98947286301862,42.174090230000004,B722,_,00150,574
B722__00140.574,13.9892886163601,42.167733585,B722,_,00140,574
B722__00100.574,13.982019282201108,42.18786789,B722,_,00100,574
B722__00090.574,13.974930390945401,42.18246087,B722,_,00090,574
B722__00050.574,13.979021966275555,42.187599399999996,B722,_,00050,574
B722__00030.574,13.971043607745052,42.187946695,B722,_,00030,574
B722__00020.575,13.983846342804181,42.204916775,B722,_,00020,575
B722__00530.575,14.032415212197748,42.1407368,B722,_,00530,575
B722__00520.575,14.021855220723165,42.135407515,B722,_,00520,575
B722__00510.575,14.00806556548575,42.13603381,B722,_,00510,575
B722__00430.575,14.021235720815628,42.154819415,B722,_,00430,575
B722__00420.575,14.007647269201403,42.14296935,B722,_,00420,575
B722__00410.575,14.011802496884926,42.15161792,B722,_,00410,575
B722__00400.575,14.004215565305213,42.150439840000004,B722,_,00400,575
B722__00290.575,14.017045743744802,42.15826243,B722,_,00290,575
B722__0028.575,14.003282898103446,42.156124695,B722,_,0028,575
B722__00270.575,13.992054445957447,42.16045829,B722,_,00270,575
B722__00260.575,13.986836753008863,42.156290389999995,B722,_,00260,575
B722__00200.575,14.02110976684063,42.170775535,B722,_,00200,575
B722__00190.575,13.998885169196683,42.162649085,B722,_,00190,575
B722__00180.575,14.030608044998338,42.175593455,B722,_,00180,575
B722__00150.575,13.989910756811934,42.174118289999996,B722,_,00150,575
B722__00140.575,13.98916689788371,42.167215385,B722,_,00140,575
B722__00100.575,13.981970342315307,42.187614155,B722,_,00100,575
B722__00060.575,13.98507038562495,42.19317761,B722,_,00060,575
B722__00050.575,13.97886878841074,42.18760005,B722,_,00050,575
B722__00030.575,13.970715207751187,42.18788099,B722,_,00030,575
B722__00020.576,13.98695545884386,42.20030895,B722,_,00020,576
B722__00530.576,14.032785238723434,42.140668755,B722,_,00530,576
B722__00520.576,14.020845515909517,42.136100975,B722,_,00520,576
B722__00510.576,14.007834270130846,42.135856340000004,B722,_,00510,576
B722__00420.576,14.007710779055541,42.142907635,B722,_,00420,576
B722__00410.576,14.012076191912463,42.151655309999995,B722,_,00410,576
B722__00400.576,14.004274657293577,42.150384035,B722,_,00400,576
B722__00290.576,14.008986083390417,42.159558445,B722,_,00290,576
B722__0028.576,14.003386081646308,42.15607462,B722,_,0028,576
B722__00270.576,13.992248501620015,42.16085936,B722,_,00270,576
B722__00260.576,13.981263598825032,42.15599708,B722,_,00260,576
B722__00200.576,14.019903763845033,42.169089709999994,B722,_,00200,576
B722__00190.576,13.998522761849873,42.162241725,B722,_,00190,576
B722__00180.576,14.030540346850461,42.175433165,B722,_,00180,576
B722__00150.576,13.992107138689484,42.172024615,B722,_,00150,576
B722__00140.576,13.989984074019517,42.167574015,B722,_,00140,576
B722__00100.576,13.981909772437985,42.187286185000005,B722,_,00100,576
B722__00090.576,13.975147467002467,42.1823874,B722,_,00090,576
B722__00060.576,13.985261512777953,42.19318271,B722,_,00060,576
B722__00050.576,13.978849146339169,42.18764498,B722,_,00050,576
B722__00030.576,13.971026882436515,42.18781827,B722,_,00030,576
B722__00020.577,13.986964696375214,42.20020031,B722,_,00020,577
B722__00530.577,14.038167655687637,42.138793635,B722,_,00530,577
B722__00520.577,14.023984817082745,42.1364029,B722,_,00520,577
B722__00510.577,14.007294243685752,42.135669625,B722,_,00510,577
B722__00430.577,14.030016376253965,42.151597395,B722,_,00430,577
B722__00420.577,14.007756424685155,42.143244929999994,B722,_,00420,577
B722__00410.577,14.012408620806887,42.151643965000005,B722,_,00410,577
B722__00400.577,14.004151659022394,42.150416855,B722,_,00400,577
B722__00290.577,14.009021684155451,42.15968775,B722,_,00290,577
B722__0028.577,14.003466566406622,42.15758574,B722,_,0028,577
B722__00270.577,13.991338052208771,42.16077171,B722,_,00270,577
B722__00260.577,13.982246484216628,42.155744955,B722,_,00260,577
B722__00210.577,14.031055535145555,42.16798758,B722,_,00210,577
B722__00200.577,14.019935998132429,42.16929164,B722,_,00200,577
B722__00190.577,13.998327748806844,42.162215795,B722,_,00190,577
B722__00180.577,14.03095906343247,42.175394765,B722,_,00180,577
B722__00150.577,13.989804970617765,42.17330561,B722,_,00150,577
B722__00140.577,13.989733140710326,42.167067814999996,B722,_,00140,577
B722__00100.577,13.981852651796068,42.187679155,B722,_,00100,577
B722__00090.577,13.975097232380575,42.18250861,B722,_,00090,577
B722__00050.577,13.979154108499209,42.187700515,B722,_,00050,577
B722__00030.577,13.971088230175592,42.187828445,B722,_,00030,577
B722__00020.578,13.987068814810218,42.200199235,B722,_,00020,578
B722__00530.578,14.026974937089538,42.14000887,B722,_,00530,578
B722__00520.578,14.024530569563735,42.136684974999994,B722,_,00520,578
B722__00510.578,14.007548107399595,42.135464335,B722,_,00510,578
B722__00430.578,14.030721969900853,42.151442794999994,B722,_,00430,578
B722__00420.578,14.008054175922858,42.14316105,B722,_,00420,578
B722__00410.578,14.010051308307986,42.15288214,B722,_,00410,578
B722__00400.578,14.004194082373534,42.15019606,B722,_,00400,578
B722__00290.578,14.009118798805503,42.159840795,B722,_,00290,578
B722__0028.578,14.003274603282492,42.157337145,B722,_,0028,578
B722__00270.578,13.991725084768287,42.160268705,B722,_,00270,578
B722__00260.578,13.982576226330988,42.155788265,B722,_,00260,578
B722__00210.578,14.030961103000003,42.168246485,B722,_,00210,578
B722__00200.578,14.020122531572259,42.169290535,B722,_,00200,578
B722__00190.578,13.998038012318126,42.16232233,B722,_,00190,578
B722__00180.578,14.031044716822421,42.17562309,B722,_,00180,578
B722__00150.578,13.98935879857478,42.172557780000005,B722,_,00150,578
B722__00140.578,13.98632018468408,42.16603535,B722,_,00140,578
B722__00100.578,13.981748306455925,42.187340285000005,B722,_,00100,578
B722__00090.578,13.974949696519676,42.18267254,B722,_,00090,578
B722__00050.578,13.978989366760775,42.187757855,B722,_,00050,578
B722__00030.578,13.968177370134262,42.201855835,B722,_,00030,578
B722__00030.579,13.968316386260497,42.200907369999996,B722,_,00030,579
B722__00530.579,14.02714469965916,42.139928545000004,B722,_,00530,579
B722__00520.579,14.024923317007676,42.136629674999995,B722,_,00520,579
B722__00510.579,14.008024850576266,42.135724825,B722,_,00510,579
B722__00430.579,14.027802386564769,42.150372475,B722,_,00430,579
B722__00420.579,14.008018325706832,42.143025695,B722,_,00420,579
B722__00410.579,14.018520567132835,42.152860465,B722,_,00410,579
B722__00400.579,14.004100335111733,42.15040662,B722,_,00400,579
B722__0028.579,14.003444889663907,42.157422505,B722,_,0028,579
B722__00270.579,13.992112316799766,42.16024264,B722,_,00270,579
B722__00260.579,13.982777926230538,42.15633627,B722,_,00260,579
B722__00210.579,14.03158283372597,42.167985189999996,B722,_,00210,579
B722__00200.579,14.020239039316317,42.169431615,B722,_,00200,579
B722__00190.579,13.997614390131213,42.161457065,B722,_,00190,579
B722__00180.579,14.03111483513952,42.17581203,B722,_,00180,579
B722__00150.579,13.989535067733769,42.172575235,B722,_,00150,579
B722__00100.579,13.978467639769248,42.184816600000005,B722,_,00100,579
B722__00090.579,13.975124018131783,42.18304328,B722,_,00090,579
B722__00060.579,13.985572724169518,42.193147695,B722,_,00060,579
B722__00050.579,13.979029438780724,42.187999755,B722,_,00050,579
B722__00010.58,13.97079823671357,42.20887338,B722,_,00010,58
B722__00610.58,13.99421765259638,42.117414735,B722,_,00610,58
B722__00590.58,13.989859402865326,42.12378787,B722,_,00590,58
B722__00540.58,14.045983915629973,42.145087450000005,B722,_,00540,58
B722__00530.58,14.026647803229208,42.146304235,B722,_,00530,58
B722__00520.58,14.00988999855512,42.142542955,B722,_,00520,58
B722__00500.58,13.998372696608449,42.137806795,B722,_,00500,58
B722__00490.58,13.980733939528948,42.129517515,B722,_,00490,58
B722__00480.58,13.980901452955749,42.1380882,B722,_,00480,58
B722__00440.58,14.04138215168756,42.15199719,B722,_,00440,58
B722__00430.58,14.024118934956961,42.15841573,B722,_,00430,58
B722__00420.58,14.017056124456541,42.15112823,B722,_,00420,58
B722__00410.58,14.005670933900733,42.156775855,B722,_,00410,58
B722__00400.58,14.002614083077395,42.152498055,B722,_,00400,58
B722__00390.58,13.997177220880397,42.14291119000001,B722,_,00390,58
B722__00380.58,14.001041796148865,42.14161453,B722,_,00380,58
B722__00370.58,13.986129578886437,42.14241645,B722,_,00370,58
B722__00360.58,13.997910031913705,42.15193139,B722,_,00360,58
B722__00350.58,13.97461577903205,42.144901755,B722,_,00350,58
B722__00340.58,13.972747630781404,42.144943479999995,B722,_,00340,58
B722__00330.58,13.976022365051758,42.149456525000005,B722,_,00330,58
B722__00300.58,14.0201265835874,42.159950359999996,B722,_,00300,58
B722__00290.58,14.003287854883702,42.16193987,B722,_,00290,58
B722__00270.58,13.989427948603238,42.159727450000005,B722,_,00270,58
B722__00260.58,13.981198794656297,42.163450104999995,B722,_,00260,58
B722__00250.58,13.978731959504259,42.16543236,B722,_,00250,58
B722__00230.58,14.063740370869573,42.1680641,B722,_,00230,58
B722__00220.58,14.046001515124459,42.169583555,B722,_,00220,58
B722__00210.58,14.038839862684235,42.170336055,B722,_,00210,58
B722__00190.58,14.010736859752903,42.167519784999996,B722,_,00190,58
B722__00170.58,14.016552954867464,42.18007816,B722,_,00170,58
B722__00160.58,14.0068353235492,42.172472979999995,B722,_,00160,58
B722__00150.58,13.991725797347335,42.17587603,B722,_,00150,58
B722__00140.58,13.98814081341731,42.16879301,B722,_,00140,58
B722__00130.58,13.980611400328762,42.176657989999995,B722,_,00130,58
B722__00120.58,14.006660125023226,42.192266995,B722,_,00120,58
B722__00110.58,14.003425613086474,42.185771149999994,B722,_,00110,58
B722__00100.58,13.9862681547981,42.188491845,B722,_,00100,58
B722__0009.58,13.970271377998095,42.18715554,B722,_,0009,58
B722__00080.58,13.958034002541334,42.18933278,B722,_,00080,58
B722__00060.58,13.983061856439202,42.199483655,B722,_,00060,58
B722__00050.58,13.97700923451387,42.19368592,B722,_,00050,58
B722__00040.58,13.969607795153976,42.201593915000004,B722,_,00040,58
B722__00030.58,13.967709123299876,42.198810280000004,B722,_,00030,58
B722__00020.58,13.980005935664437,42.208303985,B722,_,00020,58
B722__00020.580,13.987323221587545,42.20004744,B722,_,00020,580
B722__00530.580,14.027249905535566,42.139866215,B722,_,00530,580
B722__00520.580,14.023951596920584,42.13699498,B722,_,00520,580
B722__00510.580,14.008045303251768,42.135586055000005,B722,_,00510,580
B722__00430.580,14.027775318172003,42.150319825,B722,_,00430,580
B722__00420.580,14.00817563458856,42.14337828,B722,_,00420,580
B722__00410.580,14.018320427566351,42.1530521,B722,_,00410,580
B722__00400.580,14.004070063783605,42.1502166,B722,_,00400,580
B722__00290.580,14.009487099378399,42.159866394999995,B722,_,00290,580
B722__0028.580,14.003688804486124,42.156319475000004,B722,_,0028,580
B722__00270.580,13.988936603888263,42.156760005,B722,_,00270,580
B722__00260.580,13.982679477224707,42.156351709999996,B722,_,00260,580
B722__00210.580,14.031409860081908,42.167847605,B722,_,00210,580
B722__00200.580,14.019662445384313,42.169944385,B722,_,00200,580
B722__00190.580,13.996357171652836,42.16160606,B722,_,00190,580
B722__00180.580,14.031398655245324,42.175398959999995,B722,_,00180,580
B722__00150.580,13.99059327552034,42.17327227,B722,_,00150,580
B722__00140.580,13.986810774419007,42.16624144,B722,_,00140,580
B722__00100.580,13.978892720627002,42.18632864,B722,_,00100,580
B722__00090.580,13.975388954096548,42.182837135,B722,_,00090,580
B722__00050.580,13.978763544765716,42.188042980000006,B722,_,00050,580
B722__00030.580,13.968630400400375,42.201034379999996,B722,_,00030,580
B722__00030.581,13.9685378034704,42.200638014999996,B722,_,00030,581
B722__00530.581,14.030892636277164,42.140586760000005,B722,_,00530,581
B722__00520.581,14.024746160478667,42.137074255,B722,_,00520,581
B722__00510.581,14.001493480750632,42.13426673,B722,_,00510,581
B722__00430.581,14.027757906605714,42.150266185,B722,_,00430,581
B722__00420.581,14.007745660789164,42.14338164,B722,_,00420,581
B722__00410.581,14.01243313190822,42.15723173,B722,_,00410,581
B722__00400.581,14.003920093414873,42.150357514999996,B722,_,00400,581
B722__0028.581,14.003521858374105,42.157406895,B722,_,0028,581
B722__00270.581,13.995607883350026,42.157138975,B722,_,00270,581
B722__00260.581,13.983091098757441,42.156261865000005,B722,_,00260,581
B722__00210.581,14.031281382445515,42.167741109999994,B722,_,00210,581
B722__00200.581,14.025744205539464,42.165953755000004,B722,_,00200,581
B722__00190.581,13.99385196983723,42.162562935,B722,_,00190,581
B722__00180.581,14.031468509735685,42.175651654999996,B722,_,00180,581
B722__00150.581,13.99064518267731,42.17328096,B722,_,00150,581
B722__00140.581,13.987408567316743,42.16599531,B722,_,00140,581
B722__00100.581,13.979096951971744,42.186450805,B722,_,00100,581
B722__00090.581,13.975370667563212,42.182771114999994,B722,_,00090,581
B722__00060.581,13.985433839579613,42.193148789999995,B722,_,00060,581
B722__00050.581,13.979084414320132,42.188067079999996,B722,_,00050,581
B722__00030.582,13.969075484725682,42.200514694999995,B722,_,00030,582
B722__00530.582,14.031178472492307,42.139856269999996,B722,_,00530,582
B722__00520.582,14.025640917511268,42.13673354,B722,_,00520,582
B722__00510.582,14.002277756160698,42.133684990000006,B722,_,00510,582
B722__00430.582,14.027707636648532,42.150187095,B722,_,00430,582
B722__00410.582,14.012659353504494,42.15705015,B722,_,00410,582
B722__00400.582,14.003956417153152,42.15021332,B722,_,00400,582
B722__00290.582,14.00957451768124,42.160153875,B722,_,00290,582
B722__0028.582,14.003806809847461,42.157327325,B722,_,0028,582
B722__00270.582,13.98530865820697,42.151254345,B722,_,00270,582
B722__00260.582,13.983034342483336,42.15627737,B722,_,00260,582
B722__00210.582,14.031281109781238,42.167944045,B722,_,00210,582
B722__00200.582,14.02515020784547,42.16613604,B722,_,00200,582
B722__00190.582,13.999074188518277,42.1623534,B722,_,00190,582
B722__00180.582,14.031501075624057,42.175786134999996,B722,_,00180,582
B722__00150.582,13.99076930124735,42.17337681,B722,_,00150,582
B722__00140.582,13.987745369518343,42.16569336,B722,_,00140,582
B722__00100.582,13.979211327959119,42.186382655,B722,_,00100,582
B722__00090.582,13.975384350353988,42.182665875,B722,_,00090,582
B722__00060.582,13.985539303342307,42.193082364999995,B722,_,00060,582
B722__00050.582,13.978915286653997,42.188154305,B722,_,00050,582
B722__00030.583,13.968664886088765,42.200314815,B722,_,00030,583
B722__00530.583,14.029014440465051,42.137055724999996,B722,_,00530,583
B722__00520.583,14.026203757972649,42.136902485,B722,_,00520,583
B722__00510.583,14.001144502412611,42.133349159999995,B722,_,00510,583
B722__00430.583,14.027943492371435,42.150074595,B722,_,00430,583
B722__00420.583,14.009023412423254,42.143679215,B722,_,00420,583
B722__00410.583,14.012553723634099,42.157022595,B722,_,00410,583
B722__00400.583,14.003767559403052,42.150387565,B722,_,00400,583
B722__00290.583,14.00928546863826,42.159514715,B722,_,00290,583
B722__0028.583,14.004286162760543,42.15778957,B722,_,0028,583
B722__00270.583,13.984618277191483,42.152153505,B722,_,00270,583
B722__00260.583,13.982957166455666,42.156293685,B722,_,00260,583
B722__00210.583,14.031121791743097,42.16809664,B722,_,00210,583
B722__00200.583,14.023027673464625,42.166261684999995,B722,_,00200,583
B722__00190.583,13.999080371520256,42.161566375,B722,_,00190,583
B722__00180.583,14.031877184021198,42.175225495,B722,_,00180,583
B722__00150.583,13.990863524164379,42.17227356,B722,_,00150,583
B722__00140.583,13.988703154204952,42.165781285,B722,_,00140,583
B722__00100.583,13.979337440588758,42.18629068,B722,_,00100,583
B722__00090.583,13.975441360588233,42.182528175,B722,_,00090,583
B722__00060.583,13.985675456366678,42.19331364,B722,_,00060,583
B722__00050.583,13.978882382111706,42.188288665,B722,_,00050,583
B722__00030.584,13.969115554660664,42.200254830000006,B722,_,00030,584
B722__00530.584,14.029271590917066,42.136772165,B722,_,00530,584
B722__00520.584,14.02677590857958,42.13716762,B722,_,00520,584
B722__00510.584,14.000875976568246,42.133272595,B722,_,00510,584
B722__00430.584,14.027769533810845,42.14988744,B722,_,00430,584
B722__00410.584,14.010020797042838,42.15783316,B722,_,00410,584
B722__00400.584,14.003219537998675,42.150424725,B722,_,00400,584
B722__0028.584,14.004120589827362,42.15742377,B722,_,0028,584
B722__00270.584,13.99306197624179,42.160088845,B722,_,00270,584
B722__00260.584,13.98176741599397,42.15309551,B722,_,00260,584
B722__00210.584,14.031332787136744,42.167905525,B722,_,00210,584
B722__00200.584,14.02783165815965,42.169479365,B722,_,00200,584
B722__00190.584,13.998887507521815,42.16147495,B722,_,00190,584
B722__00180.584,14.031970662045289,42.17568665,B722,_,00180,584
B722__00150.584,13.990969936514762,42.17228632,B722,_,00150,584
B722__00140.584,13.987675930170607,42.164130275,B722,_,00140,584
B722__00100.584,13.985875727345132,42.184216414999995,B722,_,00100,584
B722__00090.584,13.975885749156747,42.18254781,B722,_,00090,584
B722__00050.584,13.97889789647095,42.188402870000004,B722,_,00050,584
B722__00030.585,13.969023637120038,42.19939105,B722,_,00030,585
B722__00530.585,14.029477561834918,42.136522745,B722,_,00530,585
B722__00520.585,14.026942541293202,42.137937660000006,B722,_,00520,585
B722__00510.585,14.00138671442737,42.132967825,B722,_,00510,585
B722__00430.585,14.027311184665464,42.15017573,B722,_,00430,585
B722__00420.585,14.009181727212955,42.143570935,B722,_,00420,585
B722__00410.585,14.010086207031474,42.15776668,B722,_,00410,585
B722__00400.585,14.00352603117866,42.150522484999996,B722,_,00400,585
B722__0028.585,14.003608195829093,42.156302975,B722,_,0028,585
B722__00270.585,13.993298863477946,42.159912715000004,B722,_,00270,585
B722__00260.585,13.981808321620749,42.153066075,B722,_,00260,585
B722__00210.585,14.032136339648995,42.167454039999996,B722,_,00210,585
B722__00200.585,14.027425726967198,42.16943985,B722,_,00200,585
B722__00190.585,13.999238943797256,42.161715490000006,B722,_,00190,585
B722__00180.585,14.031842872712058,42.175784125,B722,_,00180,585
B722__00150.585,13.991609009183781,42.17199868,B722,_,00150,585
B722__00140.585,13.987652036403318,42.163999425,B722,_,00140,585
B722__00100.585,13.98605782555658,42.18430178,B722,_,00100,585
B722__00090.585,13.97646097859904,42.18269501,B722,_,00090,585
B722__00050.585,13.978856057489681,42.188518880000004,B722,_,00050,585
B722__00020.586,13.987380836358728,42.20023958,B722,_,00020,586
B722__00530.586,14.02989535985074,42.13619799,B722,_,00530,586
B722__00520.586,14.026030271023073,42.1389014,B722,_,00520,586
B722__00510.586,14.00134502499133,42.1331404,B722,_,00510,586
B722__00430.586,14.027270187006497,42.14995432,B722,_,00430,586
B722__00420.586,14.009340130622691,42.14363013,B722,_,00420,586
B722__00410.586,14.009773633213394,42.158528294999996,B722,_,00410,586
B722__00400.586,14.003817617717734,42.15065559,B722,_,00400,586
B722__0028.586,14.00322075415237,42.157163749999995,B722,_,0028,586
B722__00270.586,13.993429104517359,42.15979513,B722,_,00270,586
B722__00260.586,13.982441732406919,42.153323595,B722,_,00260,586
B722__00200.586,14.029397694007306,42.16868311,B722,_,00200,586
B722__00190.586,14.000024247152368,42.161882675,B722,_,00190,586
B722__00180.586,14.03220723429893,42.17604924,B722,_,00180,586
B722__00150.586,13.991718005558065,42.171996504999996,B722,_,00150,586
B722__00140.586,13.987644221818428,42.16390004,B722,_,00140,586
B722__00100.586,13.986060953989789,42.18416773,B722,_,00100,586
B722__00090.586,13.976905614869654,42.18270801,B722,_,00090,586
B722__00050.586,13.978751603768917,42.188593014999995,B722,_,00050,586
B722__00030.586,13.969567203248292,42.199705359999996,B722,_,00030,586
B722__00020.587,13.986971395088048,42.200383654999996,B722,_,00020,587
B722__00530.587,14.035951906388334,42.136847095,B722,_,00530,587
B722__00520.587,14.024426775881292,42.13485637,B722,_,00520,587
B722__00510.587,14.00224989283328,42.133462115,B722,_,00510,587
B722__00410.587,14.009989028773136,42.15854281,B722,_,00410,587
B722__00400.587,14.003688290607766,42.150518045,B722,_,00400,587
B722__00290.587,14.009530200404708,42.15977343,B722,_,00290,587
B722__0028.587,14.003477349609026,42.156294925,B722,_,0028,587
B722__00270.587,13.9938416675122,42.15948462,B722,_,00270,587
B722__00260.587,13.982535062070628,42.15338103,B722,_,00260,587
B722__00190.587,13.999581138313687,42.162205615000005,B722,_,00190,587
B722__00180.587,14.032508942242611,42.175710665,B722,_,00180,587
B722__00150.587,13.99192373040026,42.17184824,B722,_,00150,587
B722__00140.587,13.987705174548664,42.16368739,B722,_,00140,587
B722__00100.587,13.986185381727772,42.18415817499999,B722,_,00100,587
B722__00090.587,13.976411756219093,42.18285682,B722,_,00090,587
B722__00060.587,13.986944431647373,42.19336808,B722,_,00060,587
B722__00050.587,13.978578691290192,42.188707095,B722,_,00050,587
B722__00030.587,13.969404073979973,42.199384815,B722,_,00030,587
B722__00020.588,13.986991870162583,42.200426525,B722,_,00020,588
B722__00530.588,14.036262017633252,42.137265205,B722,_,00530,588
B722__00520.588,14.024687032626687,42.135373375,B722,_,00520,588
B722__00510.588,14.002385189363682,42.13335207,B722,_,00510,588
B722__00430.588,14.027684339298546,42.149775125,B722,_,00430,588
B722__00400.588,14.003839519913665,42.15070853,B722,_,00400,588
B722__00290.588,14.009884728271093,42.159851474999996,B722,_,00290,588
B722__0028.588,14.003209047049943,42.15706816,B722,_,0028,588
B722__00270.588,13.991129741682254,42.16027537,B722,_,00270,588
B722__00260.588,13.983547842499961,42.153770890000004,B722,_,00260,588
B722__00180.588,14.032653401312562,42.175605935,B722,_,00180,588
B722__00150.588,13.991901017853348,42.17205327,B722,_,00150,588
B722__00140.588,13.987990833821911,42.163357785,B722,_,00140,588
B722__00100.588,13.978499707095189,42.185429955000004,B722,_,00100,588
B722__00090.588,13.976869455146979,42.182818355,B722,_,00090,588
B722__00060.588,13.98648101475275,42.19341536,B722,_,00060,588
B722__00050.588,13.979179136976478,42.188753180000006,B722,_,00050,588
B722__00030.588,13.969496666483728,42.19878848,B722,_,00030,588
B722__00030.589,13.969474878570871,42.19830861,B722,_,00030,589
B722__00530.589,14.031751879297655,42.13694307,B722,_,00530,589
B722__00520.589,14.025784478536856,42.135085149999995,B722,_,00520,589
B722__00510.589,14.000438823266778,42.1327325,B722,_,00510,589
B722__00430.589,14.021146918617024,42.15769529,B722,_,00430,589
B722__00420.589,14.009481431257619,42.14333057,B722,_,00420,589
B722__00290.589,14.009819721376783,42.160020275,B722,_,00290,589
B722__0028.589,14.00327432836881,42.1570593,B722,_,0028,589
B722__00270.589,13.992877527606643,42.159229214999996,B722,_,00270,589
B722__00260.589,13.983601176398121,42.153753285,B722,_,00260,589
B722__00210.589,14.030559368674359,42.168261935000004,B722,_,00210,589
B722__00190.589,13.995816846550689,42.162320065,B722,_,00190,589
B722__00180.589,14.033935265153668,42.175377905000005,B722,_,00180,589
B722__00150.589,13.99050374578881,42.172839505,B722,_,00150,589
B722__00140.589,13.988672670876198,42.163236725000004,B722,_,00140,589
B722__00100.589,13.97899315504034,42.18528954,B722,_,00100,589
B722__00090.589,13.977103044630125,42.18301742,B722,_,00090,589
B722__00060.589,13.985638864341581,42.193749284999996,B722,_,00060,589
B722__00050.589,13.979502297401467,42.18817284,B722,_,00050,589
B722__00010.59,13.970779376252636,42.20883792,B722,_,00010,59
B722__00610.59,13.994380364764064,42.11786794,B722,_,00610,59
B722__00600.59,14.010524569032036,42.12992103,B722,_,00600,59
B722__00590.59,13.989698635324523,42.123478925,B722,_,00590,59
B722__00540.59,14.04667816040305,42.145197235,B722,_,00540,59
B722__00530.59,14.026795153508521,42.146214605,B722,_,00530,59
B722__00520.59,14.010124503338176,42.14252662,B722,_,00520,59
B722__0051.59,14.004396371126152,42.14228199,B722,_,0051,59
B722__00500.59,13.998857951287437,42.13753299,B722,_,00500,59
B722__00490.59,13.981259794978289,42.129569329999995,B722,_,00490,59
B722__00480.59,13.981415906327603,42.13822192,B722,_,00480,59
B722__00440.59,14.042558343206853,42.152434455000005,B722,_,00440,59
B722__00430.59,14.024397644373941,42.158430505,B722,_,00430,59
B722__00420.59,14.017240775093924,42.15116178,B722,_,00420,59
B722__00410.59,14.00634326643009,42.15683063,B722,_,00410,59
B722__00400.59,14.002783757480923,42.152513935,B722,_,00400,59
B722__00390.59,13.997196489244443,42.14274484,B722,_,00390,59
B722__00380.59,14.001116457188335,42.141676634999996,B722,_,00380,59
B722__00370.59,13.985800922659706,42.14273729,B722,_,00370,59
B722__00360.59,13.998116628418497,42.151792365,B722,_,00360,59
B722__00350.59,13.975010018523157,42.144838035,B722,_,00350,59
B722__00340.59,13.97331927851645,42.144337875,B722,_,00340,59
B722__00330.59,13.976396799042785,42.149645275,B722,_,00330,59
B722__00300.59,14.020276701603597,42.15995822,B722,_,00300,59
B722__0028.59,13.99752055192186,42.159096645,B722,_,0028,59
B722__00270.59,13.988986280683044,42.15948791,B722,_,00270,59
B722__00260.59,13.981343537211075,42.16340466,B722,_,00260,59
B722__00250.59,13.978618645630055,42.165231565,B722,_,00250,59
B722__00230.59,14.06413457349441,42.16820765,B722,_,00230,59
B722__00220.59,14.046411386401221,42.169487515,B722,_,00220,59
B722__00210.59,14.039220150428264,42.169598025,B722,_,00210,59
B722__00200.59,14.012253875445714,42.169204005,B722,_,00200,59
B722__00190.59,14.009267268553273,42.16775379,B722,_,00190,59
B722__00180.59,14.031696798840898,42.17470831999999,B722,_,00180,59
B722__00170.59,14.017054934697965,42.179994895,B722,_,00170,59
B722__00160.59,14.007337758926461,42.172664385,B722,_,00160,59
B722__00150.59,13.992182376495332,42.175849435,B722,_,00150,59
B722__00120.59,14.006984064022777,42.192579144999996,B722,_,00120,59
B722__00110.59,14.003388453570032,42.185474740000004,B722,_,00110,59
B722__00100.59,13.986416494694362,42.188190039999995,B722,_,00100,59
B722__0009.59,13.970251267352568,42.187212245,B722,_,0009,59
B722__00080.59,13.958428698526571,42.189257350000005,B722,_,00080,59
B722__00070.59,13.997473644664344,42.196999065,B722,_,00070,59
B722__00060.59,13.985943449246225,42.193758915000004,B722,_,00060,59
B722__00050.59,13.977483876050798,42.193790074999995,B722,_,00050,59
B722__00040.59,13.969219599487584,42.20103639,B722,_,00040,59
B722__00030.59,13.967614882058939,42.19853769,B722,_,00030,59
B722__00020.59,13.984524073696221,42.20703985,B722,_,00020,59
B722__00020.590,13.98707188208353,42.200665619999995,B722,_,00020,590
B722__00530.590,14.035963180479383,42.13613974,B722,_,00530,590
B722__00520.590,14.025160073823663,42.13593538,B722,_,00520,590
B722__00510.590,14.0007134113048,42.13279994,B722,_,00510,590
B722__00430.590,14.021229322453475,42.157681675,B722,_,00430,590
B722__00420.590,14.009799162743882,42.14354865,B722,_,00420,590
B722__00410.590,14.007321561407222,42.15179885,B722,_,00410,590
B722__00290.590,14.00958407569778,42.159777855,B722,_,00290,590
B722__0028.590,14.003202924128487,42.15701248,B722,_,0028,590
B722__00270.590,13.992551863553107,42.159248575,B722,_,00270,590
B722__00260.590,13.983479396373767,42.153337755,B722,_,00260,590
B722__00200.590,14.024802277581355,42.165862025,B722,_,00200,590
B722__00190.590,13.999934975980448,42.162854275,B722,_,00190,590
B722__00180.590,14.033746292457618,42.175680785,B722,_,00180,590
B722__00150.590,13.990823434539234,42.17286274,B722,_,00150,590
B722__00140.590,13.990241860611807,42.1637044,B722,_,00140,590
B722__00100.590,13.983189756367459,42.185280995,B722,_,00100,590
B722__00090.590,13.977006831570272,42.18264318,B722,_,00090,590
B722__00060.590,13.986269934367773,42.193724225,B722,_,00060,590
B722__00050.590,13.979769181565763,42.18714914,B722,_,00050,590
B722__00030.590,13.96946444780231,42.198070915,B722,_,00030,590
B722__00020.591,13.987212012367529,42.200700510000004,B722,_,00020,591
B722__00530.591,14.030199751834065,42.135775980000005,B722,_,00530,591
B722__00520.591,14.026152838297337,42.136573600000006,B722,_,00520,591
B722__00510.591,14.000215377558792,42.13242725,B722,_,00510,591
B722__00430.591,14.02129963152714,42.15765537,B722,_,00430,591
B722__00420.591,14.009960477481542,42.143700949999996,B722,_,00420,591
B722__00410.591,14.007448561997041,42.15197208,B722,_,00410,591
B722__0028.591,14.003303747776098,42.157060584999996,B722,_,0028,591
B722__00270.591,13.992110005813368,42.159610670000006,B722,_,00270,591
B722__00260.591,13.983748152497423,42.153313765,B722,_,00260,591
B722__00200.591,14.023862646327014,42.167038524999995,B722,_,00200,591
B722__00180.591,14.033587431324229,42.175742345,B722,_,00180,591
B722__00150.591,13.990912025872039,42.172866850000005,B722,_,00150,591
B722__00140.591,13.990081531162659,42.163331285,B722,_,00140,591
B722__00100.591,13.98338547413438,42.1852405,B722,_,00100,591
B722__00090.591,13.976184335288373,42.182562835,B722,_,00090,591
B722__00060.591,13.986595465623033,42.193763915000005,B722,_,00060,591
B722__00030.591,13.969553886660263,42.197874635000005,B722,_,00030,591
B722__00020.592,13.987302701492784,42.200790735,B722,_,00020,592
B722__00530.592,14.030310673004593,42.135707890000006,B722,_,00530,592
B722__00520.592,14.027729758099877,42.137730075,B722,_,00520,592
B722__00510.592,14.000425019542313,42.13225164,B722,_,00510,592
B722__00430.592,14.021016021314122,42.157337174999995,B722,_,00430,592
B722__00420.592,14.01009851871365,42.143810634999994,B722,_,00420,592
B722__00410.592,14.00718866728201,42.15261769,B722,_,00410,592
B722__00290.592,14.00970423414359,42.159779935,B722,_,00290,592
B722__0028.592,14.004200434611132,42.15680039,B722,_,0028,592
B722__00270.592,13.991882455063848,42.159881565,B722,_,00270,592
B722__00210.592,14.030823722868863,42.168579865,B722,_,00210,592
B722__00200.592,14.015974836056554,42.17139889,B722,_,00200,592
B722__00190.592,13.996457522289028,42.1625667,B722,_,00190,592
B722__00180.592,14.02937353163109,42.174928210000004,B722,_,00180,592
B722__00150.592,13.990665550880038,42.172717039999995,B722,_,00150,592
B722__00140.592,13.981779388237047,42.17000858,B722,_,00140,592
B722__00100.592,13.983583112607029,42.185162485,B722,_,00100,592
B722__00090.592,13.97645254372183,42.182523425,B722,_,00090,592
B722__00060.592,13.986287718455177,42.194169314999996,B722,_,00060,592
B722__00030.592,13.969693566594641,42.197421070000004,B722,_,00030,592
B722__00030.593,13.96967427514153,42.197063625,B722,_,00030,593
B722__00520.593,14.01107251147451,42.13333853,B722,_,00520,593
B722__00510.593,14.000864008940658,42.132214825,B722,_,00510,593
B722__00430.593,14.021097617049037,42.157298005,B722,_,00430,593
B722__00420.593,14.010408932164065,42.14378648,B722,_,00420,593
B722__00410.593,14.007244416476633,42.152832485000005,B722,_,00410,593
B722__00290.593,14.00978939559942,42.15972102,B722,_,00290,593
B722__0028.593,14.003899503671713,42.15692713,B722,_,0028,593
B722__00270.593,13.991696834655718,42.159974435,B722,_,00270,593
B722__00260.593,13.986413198412347,42.15586836,B722,_,00260,593
B722__00210.593,14.030969225951848,42.168564125,B722,_,00210,593
B722__00200.593,14.016358650460287,42.169552655000004,B722,_,00200,593
B722__00190.593,14.001074974126395,42.16290791,B722,_,00190,593
B722__00180.593,14.029525947319472,42.17513993,B722,_,00180,593
B722__00150.593,13.990851767386552,42.17272351,B722,_,00150,593
B722__00140.593,13.981772636625141,42.16937579499999,B722,_,00140,593
B722__00100.593,13.983839627958758,42.185098765000006,B722,_,00100,593
B722__00090.593,13.976646007749224,42.182514850000004,B722,_,00090,593
B722__00060.593,13.984310791421375,42.198380355,B722,_,00060,593
B722__00020.594,13.986564916021205,42.200930165,B722,_,00020,594
B722__00530.594,14.03216684110902,42.139838385000004,B722,_,00530,594
B722__00520.594,14.024834962043254,42.14225879,B722,_,00520,594
B722__00510.594,14.000994473583273,42.131850705000005,B722,_,00510,594
B722__00430.594,14.021165900564334,42.15722149,B722,_,00430,594
B722__00420.594,14.009879890369387,42.143147755,B722,_,00420,594
B722__00410.594,14.009960644251162,42.1546769,B722,_,00410,594
B722__0028.594,14.003339429166294,42.157133825,B722,_,0028,594
B722__00270.594,13.991557915967284,42.160272864999996,B722,_,00270,594
B722__00260.594,13.98630841177587,42.155912645,B722,_,00260,594
B722__00190.594,14.001051682895824,42.162633514999996,B722,_,00190,594
B722__00180.594,14.029669678367755,42.17532498,B722,_,00180,594
B722__00150.594,13.99092289120586,42.172696204999994,B722,_,00150,594
B722__00140.594,13.984260140913484,42.170203835,B722,_,00140,594
B722__00100.594,13.979432790490005,42.184012725,B722,_,00100,594
B722__00090.594,13.976895828426159,42.18245125,B722,_,00090,594
B722__00060.594,13.986738955829757,42.194130935,B722,_,00060,594
B722__00050.594,13.979207260068627,42.187184134999995,B722,_,00050,594
B722__00030.594,13.966607945960984,42.195285625,B722,_,00030,594
B722__00020.595,13.986389743130326,42.201152515000004,B722,_,00020,595
B722__00530.595,14.031862269506195,42.13965532,B722,_,00530,595
B722__00520.595,14.025000849746107,42.142703505,B722,_,00520,595
B722__00510.595,14.001240121564223,42.132149135,B722,_,00510,595
B722__00420.595,14.010100196393717,42.14310412,B722,_,00420,595
B722__00410.595,14.012220104649181,42.15343081,B722,_,00410,595
B722__0028.595,14.003464508172822,42.157130655,B722,_,0028,595
B722__00270.595,13.991866775721196,42.16060537,B722,_,00270,595
B722__00260.595,13.98480401729875,42.164433715,B722,_,00260,595
B722__00210.595,14.030637131139903,42.16833051,B722,_,00210,595
B722__00190.595,13.999986116442624,42.163484100000005,B722,_,00190,595
B722__00180.595,14.029724887367728,42.175515489999995,B722,_,00180,595
B722__00150.595,13.989383830770656,42.172433905,B722,_,00150,595
B722__00140.595,13.985708978160034,42.16912087,B722,_,00140,595
B722__00100.595,13.978599912979227,42.185189890000004,B722,_,00100,595
B722__00060.595,13.984281466837068,42.19852648,B722,_,00060,595
B722__00050.595,13.978824936782045,42.18723732,B722,_,00050,595
B722__00030.595,13.96316211457216,42.19450988,B722,_,00030,595
B722__00030.596,13.961340795652635,42.192179885,B722,_,00030,596
B722__00530.596,14.032999987917906,42.13896183,B722,_,00530,596
B722__00520.596,14.011810104709149,42.142327385,B722,_,00520,596
B722__00510.596,14.001666752676336,42.132499120000006,B722,_,00510,596
B722__00430.596,14.033444162895487,42.15065946,B722,_,00430,596
B722__00420.596,14.00983514162641,42.143262215,B722,_,00420,596
B722__00410.596,14.012873469934352,42.15349028,B722,_,00410,596
B722__00290.596,14.009384193322774,42.159512875000004,B722,_,00290,596
B722__0028.596,14.003666883309295,42.157072155,B722,_,0028,596
B722__00270.596,13.992143125034254,42.160037700000004,B722,_,00270,596
B722__00260.596,13.985062747021185,42.164587925,B722,_,00260,596
B722__00210.596,14.030597223856358,42.16862451,B722,_,00210,596
B722__00200.596,14.028866645274928,42.16719971,B722,_,00200,596
B722__00190.596,14.000067602439954,42.163309205000004,B722,_,00190,596
B722__00180.596,14.029678109219951,42.174849019999996,B722,_,00180,596
B722__00150.596,13.989751846210964,42.17255973499999,B722,_,00150,596
B722__00140.596,13.981256312455113,42.16926851,B722,_,00140,596
B722__00100.596,13.978681000838046,42.185006375,B722,_,00100,596
B722__00090.596,13.976924307991922,42.182499289999996,B722,_,00090,596
B722__00060.596,13.98713804521836,42.193820795,B722,_,00060,596
B722__00050.596,13.97872355287937,42.18735856000001,B722,_,00050,596
B722__00030.597,13.96854081980732,42.192476029999995,B722,_,00030,597
B722__00530.597,14.02910573345979,42.144515305,B722,_,00530,597
B722__00520.597,14.007537551469493,42.14152165,B722,_,00520,597
B722__00510.597,14.001811827466597,42.132669715000006,B722,_,00510,597
B722__00420.597,14.009913878921633,42.143430949999996,B722,_,00420,597
B722__00410.597,14.01378439070114,42.15289654,B722,_,00410,597
B722__00290.597,14.009461663044412,42.159511025,B722,_,00290,597
B722__0028.597,14.00364072997045,42.156892495,B722,_,0028,597
B722__00270.597,13.994669750155758,42.154572795,B722,_,00270,597
B722__00260.597,13.982378259738795,42.165509595,B722,_,00260,597
B722__00210.597,14.03059256328201,42.168721,B722,_,00210,597
B722__00200.597,14.028961326076187,42.167125385,B722,_,00200,597
B722__00190.597,14.000256115772508,42.162925564999995,B722,_,00190,597
B722__00180.597,14.02991290540081,42.17502953,B722,_,00180,597
B722__00150.597,13.99055175043987,42.172985545,B722,_,00150,597
B722__00140.597,13.980295522101668,42.17120238,B722,_,00140,597
B722__00100.597,13.978959044749594,42.18552765,B722,_,00100,597
B722__00090.597,13.976920233266615,42.182536295,B722,_,00090,597
B722__00060.597,13.987258709481864,42.193826435000005,B722,_,00060,597
B722__00050.597,13.978673958550909,42.186975395000005,B722,_,00050,597
B722__00020.598,13.986343692061121,42.20181871,B722,_,00020,598
B722__00530.598,14.029931240924736,42.144626985,B722,_,00530,598
B722__00510.598,14.002497231594958,42.133044005,B722,_,00510,598
B722__00420.598,14.01010457998488,42.14331779,B722,_,00420,598
B722__00410.598,14.016808033084153,42.158009975,B722,_,00410,598
B722__00290.598,14.00952396657342,42.159511955,B722,_,00290,598
B722__0028.598,14.003284908654148,42.156953725,B722,_,0028,598
B722__00260.598,13.982142669510491,42.16554114,B722,_,00260,598
B722__00210.598,14.030501181874612,42.168269725,B722,_,00210,598
B722__00200.598,14.028877617352538,42.167108635000005,B722,_,00200,598
B722__00190.598,14.000446108665402,42.163053645000005,B722,_,00190,598
B722__00180.598,14.029931783166601,42.175250575,B722,_,00180,598
B722__00150.598,13.990788391853982,42.173007764999994,B722,_,00150,598
B722__00140.598,13.97982653074808,42.17123986,B722,_,00140,598
B722__00100.598,13.978777587586988,42.185533745,B722,_,00100,598
B722__00090.598,13.977107962601007,42.182690385,B722,_,00090,598
B722__00060.598,13.987229178560604,42.19389134,B722,_,00060,598
B722__00050.598,13.978483721283094,42.18690425,B722,_,00050,598
B722__00030.598,13.968101893841602,42.193460655,B722,_,00030,598
B722__00020.599,13.986373077875719,42.20189374,B722,_,00020,599
B722__00530.599,14.027018523737851,42.148804905,B722,_,00530,599
B722__00520.599,14.007024420995544,42.1413855,B722,_,00520,599
B722__00510.599,14.002072701847489,42.13301776,B722,_,00510,599
B722__00420.599,14.010210273051882,42.143410485000004,B722,_,00420,599
B722__00410.599,14.01411972233183,42.15318977,B722,_,00410,599
B722__00290.599,14.009884603953772,42.15945358,B722,_,00290,599
B722__0028.599,14.00384337439073,42.156675265000004,B722,_,0028,599
B722__00260.599,13.98193196133045,42.165292875,B722,_,00260,599
B722__00210.599,14.03089611500987,42.168059015,B722,_,00210,599
B722__00200.599,14.028621265369233,42.167466884999996,B722,_,00200,599
B722__00190.599,14.000726456805197,42.163305275,B722,_,00190,599
B722__00180.599,14.029997721348156,42.17464734,B722,_,00180,599
B722__00150.599,13.990835930156084,42.17304328,B722,_,00150,599
B722__00140.599,13.979562226027978,42.170985110000004,B722,_,00140,599
B722__00100.599,13.978769468400177,42.186192795,B722,_,00100,599
B722__00060.599,13.987253742810822,42.193931705,B722,_,00060,599
B722__00050.599,13.978646117283688,42.186880865,B722,_,00050,599
B722__00030.599,13.961430763990565,42.19064244,B722,_,00030,599
B722__00010.6,13.967851683687485,42.211044535,B722,_,00010,6
B722__00610.6,13.990437862775131,42.12082581,B722,_,00610,6
B722__00600.6,14.006853660161395,42.13015226,B722,_,00600,6
B722__00590.6,13.987617008374135,42.12485695,B722,_,00590,6
B722__00580.6,13.988521988831105,42.1116121,B722,_,00580,6
B722__00560.6,14.086561726597957,42.1189969,B722,_,00560,6
B722__00540.6,14.042338669127972,42.14722859,B722,_,00540,6
B722__00530.6,14.031144638391925,42.14963922,B722,_,00530,6
B722__00520.6,14.007844731696968,42.14267284,B722,_,00520,6
B722__0051.6,14.00440628055262,42.14318539,B722,_,0051,6
B722__00500.6,13.98897993696976,42.137325335,B722,_,00500,6
B722__00490.6,13.983073625881755,42.131820285,B722,_,00490,6
B722__00480.6,13.970993451382089,42.13914174,B722,_,00480,6
B722__00460.6,14.098994827049843,42.133202964999995,B722,_,00460,6
B722__00450.6,14.054936168624579,42.146551005,B722,_,00450,6
B722__00440.6,14.041368553500185,42.154638675,B722,_,00440,6
B722__00400.6,14.002075616621344,42.1541653,B722,_,00400,6
B722__00390.6,14.001251420471373,42.145857835,B722,_,00390,6
B722__00380.6,13.999368260973899,42.143028025,B722,_,00380,6
B722__00370.6,13.98748677298856,42.14711495,B722,_,00370,6
B722__00360.6,13.995524146777342,42.15376632,B722,_,00360,6
B722__00350.6,13.97935487303522,42.148295355,B722,_,00350,6
B722__00340.6,13.971029073833456,42.151312695,B722,_,00340,6
B722__00330.6,13.972510243684265,42.155809535,B722,_,00330,6
B722__00320.6,14.077405759439678,42.144334584999996,B722,_,00320,6
B722__00310.6,14.039142386165349,42.162039785000005,B722,_,00310,6
B722__00300.6,14.023031559951455,42.16399984,B722,_,00300,6
B722__00290.6,14.00154896690718,42.16219367,B722,_,00290,6
B722__00270.6,13.991425568077641,42.16152859,B722,_,00270,6
B722__00260.6,13.983446478501108,42.166176955,B722,_,00260,6
B722__00250.6,13.978373392276676,42.168516745000005,B722,_,00250,6
B722__00240.6,14.10798747546539,42.159141364999996,B722,_,00240,6
B722__00230.6,14.067892100564048,42.171280265,B722,_,00230,6
B722__00220.6,14.04343337299401,42.171560875,B722,_,00220,6
B722__00210.6,14.033164005106507,42.172973475,B722,_,00210,6
B722__00200.6,14.014701220955015,42.168719935,B722,_,00200,6
B722__00190.6,13.992507751578799,42.171093420000005,B722,_,00190,6
B722__00180.6,14.019131515484025,42.180061605,B722,_,00180,6
B722__00170.6,14.011533417211622,42.18262335,B722,_,00170,6
B722__00160.6,14.004846700645288,42.178051440000004,B722,_,00160,6
B722__00150.6,13.993975168964003,42.1783095,B722,_,00150,6
B722__00140.6,13.985791458665052,42.174066405000005,B722,_,00140,6
B722__00130.6,13.978447319383477,42.17884695,B722,_,00130,6
B722__00120.6,14.004730109149145,42.194683100000006,B722,_,00120,6
B722__00110.6,13.993676364479242,42.185086104999996,B722,_,00110,6
B722__00080.6,13.959929488698652,42.190864635,B722,_,00080,6
B722__00070.6,13.99727622179005,42.19778105,B722,_,00070,6
B722__00060.6,13.98805007024551,42.200680515,B722,_,00060,6
B722__00050.6,13.980620356300383,42.19514345,B722,_,00050,6
B722__00040.6,13.974679881237414,42.203582765,B722,_,00040,6
B722__00030.6,13.967646096082692,42.201074164999994,B722,_,00030,6
B722__00020.6,13.973432672861541,42.208550705,B722,_,00020,6
B722__00010.60,13.970749678585854,42.208801765000004,B722,_,00010,60
B722__00610.60,13.99496065101945,42.117918785,B722,_,00610,60
B722__00600.60,14.010317240785014,42.130478100000005,B722,_,00600,60
B722__00590.60,13.99005210229079,42.123385244999994,B722,_,00590,60
B722__00540.60,14.039408436800306,42.146818775,B722,_,00540,60
B722__00530.60,14.026965923470286,42.14614263,B722,_,00530,60
B722__00520.60,14.010070219956829,42.14245923,B722,_,00520,60
B722__0051.60,14.004546775214079,42.142052245,B722,_,0051,60
B722__00500.60,13.997373449752919,42.136867640000006,B722,_,00500,60
B722__00490.60,13.98226120738073,42.12978688,B722,_,00490,60
B722__00480.60,13.981762725175773,42.138366105,B722,_,00480,60
B722__00440.60,14.043591510214728,42.15203687,B722,_,00440,60
B722__00430.60,14.024557358571707,42.158309405,B722,_,00430,60
B722__00420.60,14.017417236568212,42.151013250000005,B722,_,00420,60
B722__00410.60,14.006546495153962,42.156898585,B722,_,00410,60
B722__00400.60,14.003166116204365,42.15256354,B722,_,00400,60
B722__00390.60,13.997386297564832,42.142741375,B722,_,00390,60
B722__00380.60,14.001104373410374,42.141566765,B722,_,00380,60
B722__00370.60,13.985528367255016,42.1432156,B722,_,00370,60
B722__00360.60,13.998443159806268,42.152091585,B722,_,00360,60
B722__00350.60,13.975706941138132,42.1449739,B722,_,00350,60
B722__00340.60,13.974612791319196,42.145327460000004,B722,_,00340,60
B722__00330.60,13.979811879602149,42.153329095000004,B722,_,00330,60
B722__00300.60,14.020347351952868,42.159952770000004,B722,_,00300,60
B722__00290.60,14.004281533959404,42.161923105,B722,_,00290,60
B722__0028.60,13.997599541292285,42.159149485,B722,_,0028,60
B722__00270.60,13.989092014101786,42.159172444999996,B722,_,00270,60
B722__00260.60,13.981275913397493,42.163293325,B722,_,00260,60
B722__00250.60,13.978601851782347,42.165073735,B722,_,00250,60
B722__00230.60,14.061438229864834,42.167029830000004,B722,_,00230,60
B722__00220.60,14.047629975524847,42.16962051,B722,_,00220,60
B722__00210.60,14.039355737837997,42.169979645,B722,_,00210,60
B722__00200.60,14.012850326951554,42.16928676,B722,_,00200,60
B722__00190.60,14.00944646251314,42.167322005,B722,_,00190,60
B722__00180.60,14.032516235077075,42.175441355000004,B722,_,00180,60
B722__00170.60,14.01771560730828,42.18012985,B722,_,00170,60
B722__00160.60,14.007273556724815,42.17243998,B722,_,00160,60
B722__00150.60,13.991895775739627,42.175133065,B722,_,00150,60
B722__00140.60,13.98890163047033,42.17325041,B722,_,00140,60
B722__00130.60,13.981096704623367,42.175924625,B722,_,00130,60
B722__00120.60,14.007012601048553,42.19227802,B722,_,00120,60
B722__00110.60,14.002708226354656,42.184854235,B722,_,00110,60
B722__00100.60,13.98327185822877,42.18863444,B722,_,00100,60
B722__0009.60,13.970256088816488,42.187276080000004,B722,_,0009,60
B722__00080.60,13.958102008773807,42.189459,B722,_,00080,60
B722__00070.60,13.997235765644103,42.19619285,B722,_,00070,60
B722__00060.60,13.98354437539367,42.19943734,B722,_,00060,60
B722__00050.60,13.977434652435866,42.193911595,B722,_,00050,60
B722__00040.60,13.969918444831482,42.201182974999995,B722,_,00040,60
B722__00030.60,13.967820883940842,42.19853769,B722,_,00030,60
B722__00020.60,13.98061540726246,42.208571835,B722,_,00020,60
B722__00030.600,13.967138024671776,42.192013114999995,B722,_,00030,600
B722__00530.600,14.033001502613233,42.138479860000004,B722,_,00530,600
B722__00520.600,14.00775940617801,42.141087545,B722,_,00520,600
B722__00510.600,14.002212255422966,42.132930355,B722,_,00510,600
B722__00430.600,14.018108901820705,42.15120417,B722,_,00430,600
B722__00420.600,14.01036681470399,42.143564819999995,B722,_,00420,600
B722__00260.600,13.988854791501502,42.16074142,B722,_,00260,600
B722__00210.600,14.03100731304998,42.168179625,B722,_,00210,600
B722__00200.600,14.028743660615838,42.167460825,B722,_,00200,600
B722__00190.600,14.00060543857467,42.163537645000005,B722,_,00190,600
B722__00180.600,14.030098688819844,42.174930884999995,B722,_,00180,600
B722__00150.600,13.990694560362915,42.172571345,B722,_,00150,600
B722__00140.600,13.982463328491697,42.17024164,B722,_,00140,600
B722__00100.600,13.978993884256017,42.186126315,B722,_,00100,600
B722__00090.600,13.977273544158805,42.18280983,B722,_,00090,600
B722__00060.600,13.987321424123344,42.193956244999995,B722,_,00060,600
B722__00020.601,13.986990299261041,42.20139633,B722,_,00020,601
B722__00530.601,14.03325022309723,42.138395145000004,B722,_,00530,601
B722__00520.601,14.010183528520031,42.141716904999996,B722,_,00520,601
B722__00510.601,14.002665289646384,42.133351785,B722,_,00510,601
B722__00430.601,14.018163751547013,42.15123666,B722,_,00430,601
B722__00370.601,13.997070493994535,42.14160287,B722,_,00370,601
B722__00290.601,14.010338279290249,42.159507725,B722,_,00290,601
B722__0028.601,14.003888335115619,42.1565854,B722,_,0028,601
B722__00260.601,13.986222019670702,42.15507608,B722,_,00260,601
B722__00210.601,14.03106653213192,42.1682716,B722,_,00210,601
B722__00200.601,14.028793575183006,42.167490135,B722,_,00200,601
B722__00190.601,14.001298712225744,42.16344025,B722,_,00190,601
B722__00180.601,14.030088057919912,42.17511868,B722,_,00180,601
B722__00150.601,13.990880156895027,42.17258339,B722,_,00150,601
B722__00140.601,13.98627233258949,42.174659899999995,B722,_,00140,601
B722__00100.601,13.979197613650047,42.186060330000004,B722,_,00100,601
B722__00060.601,13.987442916824993,42.194065475,B722,_,00060,601
B722__00050.601,13.978807286821471,42.18694747,B722,_,00050,601
B722__00030.601,13.962525392527423,42.19027235,B722,_,00030,601
B722__00030.602,13.967689192418852,42.190713079999995,B722,_,00030,602
B722__00530.602,14.03263321213246,42.138397955,B722,_,00530,602
B722__00520.602,14.011021462553929,42.141708815,B722,_,00520,602
B722__00510.602,14.002760245893985,42.133215715000006,B722,_,00510,602
B722__00430.602,14.019023058821414,42.151155755000005,B722,_,00430,602
B722__00370.602,13.996985335714339,42.141627875,B722,_,00370,602
B722__0028.602,14.00368605078847,42.156692934999995,B722,_,0028,602
B722__00260.602,13.983708320340256,42.15420962,B722,_,00260,602
B722__00210.602,14.030852203436643,42.168321705,B722,_,00210,602
B722__00200.602,14.028819682636279,42.167518285,B722,_,00200,602
B722__00190.602,14.001353709269335,42.16313365,B722,_,00190,602
B722__00180.602,14.03104293584656,42.17491905,B722,_,00180,602
B722__00150.602,13.990928798843544,42.172602645,B722,_,00150,602
B722__00140.602,13.981299979894619,42.169007390000004,B722,_,00140,602
B722__00100.602,13.986483512305359,42.184076160000004,B722,_,00100,602
B722__00070.602,13.997301514536591,42.195498314999995,B722,_,00070,602
B722__00060.602,13.987877810994924,42.194080799999995,B722,_,00060,602
B722__00050.602,13.978876590598457,42.186931515,B722,_,00050,602
B722__00020.603,13.98700840740792,42.20144046,B722,_,00020,603
B722__00530.603,14.033206656602957,42.137998135000004,B722,_,00530,603
B722__00520.603,14.012331209794645,42.141243509999995,B722,_,00520,603
B722__00510.603,14.002843315597818,42.133221165,B722,_,00510,603
B722__00430.603,14.01881905149439,42.151064675,B722,_,00430,603
B722__00410.603,14.005083622776258,42.15876398,B722,_,00410,603
B722__00370.603,13.997247394878144,42.14165317,B722,_,00370,603
B722__00290.603,14.010386862645365,42.15944294,B722,_,00290,603
B722__0028.603,14.003151392864776,42.15651157,B722,_,0028,603
B722__00260.603,13.982914853777487,42.163997644999995,B722,_,00260,603
B722__00210.603,14.031140424900709,42.167887055,B722,_,00210,603
B722__00190.603,14.001491729724926,42.16336503,B722,_,00190,603
B722__00180.603,14.03027320028508,42.17489623,B722,_,00180,603
B722__00150.603,13.990945703658536,42.172451995,B722,_,00150,603
B722__00140.603,13.98239651297957,42.168473075,B722,_,00140,603
B722__00100.603,13.986608548430958,42.18400432,B722,_,00100,603
B722__00090.603,13.977446307463437,42.18274544,B722,_,00090,603
B722__00070.603,13.997299773201375,42.19545753,B722,_,00070,603
B722__00060.603,13.98752069625683,42.19427258,B722,_,00060,603
B722__00050.603,13.979017075204688,42.18706222,B722,_,00050,603
B722__00030.603,13.963245925836603,42.190043695,B722,_,00030,603
B722__00030.604,13.963006274903648,42.18989534,B722,_,00030,604
B722__00530.604,14.03251845910325,42.138215285,B722,_,00530,604
B722__00520.604,14.01667052324108,42.141731699999994,B722,_,00520,604
B722__00510.604,14.002478114592204,42.132817175,B722,_,00510,604
B722__00430.604,14.019708225508282,42.151290355,B722,_,00430,604
B722__00420.604,14.014939260329847,42.14403745,B722,_,00420,604
B722__00410.604,14.005608090760646,42.158813095,B722,_,00410,604
B722__00370.604,13.997397086868073,42.141815824999995,B722,_,00370,604
B722__00290.604,14.010487774471944,42.15944754,B722,_,00290,604
B722__0028.604,14.003316298706881,42.156580195000004,B722,_,0028,604
B722__00260.604,13.982983063132806,42.163952550000005,B722,_,00260,604
B722__00210.604,14.031241361327046,42.167984489999995,B722,_,00210,604
B722__00190.604,13.9963838075324,42.16179443,B722,_,00190,604
B722__00180.604,14.03085883727902,42.17489716,B722,_,00180,604
B722__00150.604,13.991168693095844,42.172451995,B722,_,00150,604
B722__00140.604,13.982044750059355,42.168182985,B722,_,00140,604
B722__00100.604,13.986625067467108,42.18386005,B722,_,00100,604
B722__00090.604,13.977382662610633,42.182645210000004,B722,_,00090,604
B722__00070.604,13.995212530611678,42.19628823,B722,_,00070,604
B722__00060.604,13.988080449466676,42.194314335,B722,_,00060,604
B722__00030.605,13.962990190148592,42.18935107,B722,_,00030,605
B722__00530.605,14.037383090145344,42.134294185,B722,_,00530,605
B722__00520.605,14.00744456434601,42.139682595,B722,_,00520,605
B722__00430.605,14.01955613394339,42.150879875,B722,_,00430,605
B722__00420.605,14.016035071753663,42.14415916,B722,_,00420,605
B722__00410.605,14.005390423252098,42.158935315,B722,_,00410,605
B722__00370.605,13.997496478641658,42.14171699,B722,_,00370,605
B722__00290.605,14.010545761328263,42.159744735000004,B722,_,00290,605
B722__0028.605,14.003436542089297,42.156556845,B722,_,0028,605
B722__00260.605,13.984030335950274,42.157720435,B722,_,00260,605
B722__00210.605,14.031775288452195,42.168144749999996,B722,_,00210,605
B722__00200.605,14.02886925519114,42.16754612,B722,_,00200,605
B722__00190.605,14.001782445976716,42.163420055,B722,_,00190,605
B722__00180.605,14.031243926511912,42.17479273,B722,_,00180,605
B722__00150.605,13.990962720955505,42.172391855,B722,_,00150,605
B722__00140.605,13.982201917986515,42.168131575000004,B722,_,00140,605
B722__00090.605,13.975070710014744,42.185408215,B722,_,00090,605
B722__00070.605,13.997682552471122,42.19591713,B722,_,00070,605
B722__00060.605,13.988449893804036,42.194201930000006,B722,_,00060,605
B722__00050.605,13.97931180468063,42.187115770000005,B722,_,00050,605
B722__00030.606,13.967889730677618,42.193981995,B722,_,00030,606
B722__00530.606,14.027799723328645,42.14885733,B722,_,00530,606
B722__00520.606,14.01835855495564,42.141746095,B722,_,00520,606
B722__00510.606,14.00006668145644,42.13212629,B722,_,00510,606
B722__00430.606,14.019953618371094,42.151252265,B722,_,00430,606
B722__00420.606,14.019686170494458,42.149727729999995,B722,_,00420,606
B722__00370.606,13.9974582516911,42.14176282,B722,_,00370,606
B722__0028.606,14.003835902270927,42.15641933,B722,_,0028,606
B722__00260.606,13.987923459298962,42.16017338499999,B722,_,00260,606
B722__00210.606,14.031691944223947,42.16817417,B722,_,00210,606
B722__00200.606,14.028927052490738,42.167585645,B722,_,00200,606
B722__00190.606,13.997633812586471,42.161937965,B722,_,00190,606
B722__00180.606,14.03032988477734,42.17481112,B722,_,00180,606
B722__00150.606,13.991183682897518,42.172405475000005,B722,_,00150,606
B722__00140.606,13.985298702276689,42.16840139,B722,_,00140,606
B722__00070.606,13.997102224355604,42.195551210000005,B722,_,00070,606
B722__00060.606,13.988553313655064,42.194395575,B722,_,00060,606
B722__00050.606,13.979634471990483,42.18711671,B722,_,00050,606
B722__00030.607,13.967696013281445,42.194181990000004,B722,_,00030,607
B722__00530.607,14.027680012981621,42.14870964,B722,_,00530,607
B722__00520.607,14.008010162329194,42.1388309,B722,_,00520,607
B722__00510.607,14.000691471186368,42.131861155,B722,_,00510,607
B722__00430.607,14.019711665859731,42.15083065,B722,_,00430,607
B722__00420.607,14.019167177749353,42.149950775,B722,_,00420,607
B722__00370.607,13.996749687292693,42.14251906,B722,_,00370,607
B722__00290.607,14.010585762844848,42.159455025,B722,_,00290,607
B722__0028.607,14.003548473407655,42.15648817,B722,_,0028,607
B722__00260.607,13.988116333313823,42.16003332,B722,_,00260,607
B722__00210.607,14.032099301114531,42.168276315,B722,_,00210,607
B722__00200.607,14.027022539469328,42.166620955,B722,_,00200,607
B722__00190.607,14.00159159516292,42.16374594,B722,_,00190,607
B722__00180.607,14.030371879588005,42.174880045,B722,_,00180,607
B722__00150.607,13.991503669,42.17248351,B722,_,00150,607
B722__00140.607,13.985221414248482,42.168168865,B722,_,00140,607
B722__00090.607,13.976806134278595,42.184703755,B722,_,00090,607
B722__00070.607,13.997045395132151,42.1962329,B722,_,00070,607
B722__00060.607,13.988686359284184,42.194411825,B722,_,00060,607
B722__00050.607,13.979619164548188,42.187059875,B722,_,00050,607
B722__00030.608,13.96164060535656,42.194527289999996,B722,_,00030,608
B722__00530.608,14.027466256092982,42.148133385,B722,_,00530,608
B722__00520.608,14.007651864171997,42.13859637,B722,_,00520,608
B722__00510.608,14.000344199221995,42.131433834999996,B722,_,00510,608
B722__00430.608,14.02019651210438,42.151179334999995,B722,_,00430,608
B722__00420.608,14.016857326557862,42.144093694999995,B722,_,00420,608
B722__00410.608,14.005825069614161,42.158218495,B722,_,00410,608
B722__00370.608,13.99688447834393,42.142468640000004,B722,_,00370,608
B722__00290.608,14.010678248090018,42.159577525,B722,_,00290,608
B722__0028.608,14.003627976178345,42.156464655,B722,_,0028,608
B722__00260.608,13.984187963058034,42.16000402,B722,_,00260,608
B722__00210.608,14.031845804594294,42.168058419999994,B722,_,00210,608
B722__00200.608,14.0274322930831,42.166473069999995,B722,_,00200,608
B722__00190.608,14.002054105868591,42.16344125,B722,_,00190,608
B722__00180.608,14.030630988347115,42.174822265,B722,_,00180,608
B722__00150.608,13.991741226798531,42.172399535,B722,_,00150,608
B722__00140.608,13.982407729188473,42.16913031,B722,_,00140,608
B722__00090.608,13.977481551681407,42.182302750000005,B722,_,00090,608
B722__00060.608,13.988940955604306,42.194502334999996,B722,_,00060,608
B722__00030.609,13.961362914139734,42.19202249,B722,_,00030,609
B722__00530.609,14.0273379649725,42.147915675,B722,_,00530,609
B722__00520.609,14.007934523727258,42.138525595000004,B722,_,00520,609
B722__00510.609,13.999937408274658,42.13142661,B722,_,00510,609
B722__00430.609,14.019887341228326,42.150801215,B722,_,00430,609
B722__00420.609,14.017583322078679,42.143952985,B722,_,00420,609
B722__00370.609,13.996854725341246,42.142505685,B722,_,00370,609
B722__00290.609,14.010847252479047,42.1595916,B722,_,00290,609
B722__0028.609,14.003723100209722,42.156419105,B722,_,0028,609
B722__00260.609,13.983438589033899,42.16338748,B722,_,00260,609
B722__00210.609,14.032030798319632,42.16779443,B722,_,00210,609
B722__00200.609,14.027697643618541,42.166587070000006,B722,_,00200,609
B722__00190.609,14.002203145027845,42.163458025,B722,_,00190,609
B722__00180.609,14.030643967634965,42.174905915,B722,_,00180,609
B722__00150.609,13.991730765600968,42.17244798,B722,_,00150,609
B722__00140.609,13.985674358378311,42.17048439,B722,_,00140,609
B722__00100.609,13.979632844340767,42.184205840000004,B722,_,00100,609
B722__00090.609,13.974351512970212,42.18129181,B722,_,00090,609
B722__00060.609,13.98917176611419,42.194591495,B722,_,00060,609
B722__00050.609,13.97947060289831,42.186932375,B722,_,00050,609
B722__00010.61,13.97073862246166,42.20876217,B722,_,00010,61
B722__00610.61,13.994700663633406,42.11804173,B722,_,00610,61
B722__00600.61,14.010767121609675,42.13035505,B722,_,00600,61
B722__00590.61,13.98863879331292,42.122449610000004,B722,_,00590,61
B722__00540.61,14.046064157923414,42.144684760000004,B722,_,00540,61
B722__00530.61,14.027300379281193,42.14608674,B722,_,00530,61
B722__00520.61,14.010085313059541,42.1423657,B722,_,00520,61
B722__00500.61,13.999355830552513,42.13725966,B722,_,00500,61
B722__00490.61,13.982241267576565,42.130226495,B722,_,00490,61
B722__00480.61,13.982730095758164,42.138497045,B722,_,00480,61
B722__00440.61,14.044484437926407,42.15149791499999,B722,_,00440,61
B722__00430.61,14.023825198727847,42.15799791,B722,_,00430,61
B722__00410.61,14.006343852420283,42.157295545,B722,_,00410,61
B722__00400.61,14.003993276172686,42.152936155000006,B722,_,00400,61
B722__00390.61,13.997657530869471,42.14263267,B722,_,00390,61
B722__00380.61,14.001343001092021,42.141701635000004,B722,_,00380,61
B722__00370.61,13.986142016767964,42.142906435,B722,_,00370,61
B722__00360.61,13.99875696927568,42.152300159999996,B722,_,00360,61
B722__00350.61,13.976292599487369,42.144230015,B722,_,00350,61
B722__00340.61,13.973099693361007,42.144004225,B722,_,00340,61
B722__00330.61,13.979216810982859,42.152718719999996,B722,_,00330,61
B722__00300.61,14.020416697153419,42.159930525,B722,_,00300,61
B722__00290.61,14.004522718897139,42.16189506,B722,_,00290,61
B722__00270.61,13.989306901685218,42.15939006,B722,_,00270,61
B722__00260.61,13.98142822124725,42.16335234,B722,_,00260,61
B722__00250.61,13.978766199857063,42.16498761,B722,_,00250,61
B722__00230.61,14.061377529495758,42.167883454999995,B722,_,00230,61
B722__00220.61,14.047321664638385,42.170143575,B722,_,00220,61
B722__00210.61,14.039634858194338,42.170249355,B722,_,00210,61
B722__00200.61,14.013159221228843,42.16903494,B722,_,00200,61
B722__00190.61,14.009802380003777,42.167274500000005,B722,_,00190,61
B722__00180.61,14.03234086642501,42.174904690000005,B722,_,00180,61
B722__00170.61,14.006137384074993,42.178820855,B722,_,00170,61
B722__00160.61,14.008493907240009,42.173020815,B722,_,00160,61
B722__00150.61,13.992123260902428,42.17492661,B722,_,00150,61
B722__00140.61,13.988036815646495,42.16887116,B722,_,00140,61
B722__00120.61,14.00759519668689,42.19248114,B722,_,00120,61
B722__00110.61,14.003094462363864,42.184884785,B722,_,00110,61
B722__00100.61,13.983360112720343,42.188412244999995,B722,_,00100,61
B722__0009.61,13.970260871174009,42.18734857,B722,_,0009,61
B722__00080.61,13.958223778311856,42.189558489999996,B722,_,00080,61
B722__00070.61,13.997411909578345,42.196408235,B722,_,00070,61
B722__00060.61,13.983383248743472,42.199311405,B722,_,00060,61
B722__00050.61,13.977293491793837,42.194323395,B722,_,00050,61
B722__00040.61,13.969927609732911,42.20100416,B722,_,00040,61
B722__00030.61,13.968640959536906,42.198440035000004,B722,_,00030,61
B722__00020.61,13.98040126744634,42.208298615000004,B722,_,00020,61
B722__00020.610,13.98743685029927,42.201684209999996,B722,_,00020,610
B722__00530.610,14.034031430775368,42.144483550000004,B722,_,00530,610
B722__00520.610,14.007713158862366,42.1382582,B722,_,00520,610
B722__00510.610,13.99974119016424,42.131813025,B722,_,00510,610
B722__00430.610,14.020446122862037,42.15109943,B722,_,00430,610
B722__00420.610,14.018649470582124,42.143679160000005,B722,_,00420,610
B722__00370.610,13.994388587441385,42.143829505,B722,_,00370,610
B722__0028.610,14.003895306713595,42.15641889,B722,_,0028,610
B722__00210.610,14.031827874952238,42.167283015,B722,_,00210,610
B722__00200.610,14.027856135318316,42.166667045,B722,_,00200,610
B722__00180.610,14.030927148102503,42.17480678,B722,_,00180,610
B722__00150.610,13.991320045373687,42.172205995,B722,_,00150,610
B722__00140.610,13.985773662237161,42.170612655,B722,_,00140,610
B722__00100.610,13.979920979683584,42.1843311,B722,_,00100,610
B722__00090.610,13.975008671619488,42.181299255,B722,_,00090,610
B722__00050.610,13.979314022040828,42.186974705,B722,_,00050,610
B722__00030.610,13.961497758329912,42.19189978,B722,_,00030,610
B722__00020.611,13.987211458163184,42.201974695000004,B722,_,00020,611
B722__00530.611,14.033654098318372,42.14405164,B722,_,00530,611
B722__00520.611,14.010360258342228,42.136820965,B722,_,00520,611
B722__00510.611,13.999836468288208,42.132048455,B722,_,00510,611
B722__00430.611,14.020086503493738,42.15077409,B722,_,00430,611
B722__00420.611,14.019529926673215,42.14367906,B722,_,00420,611
B722__00410.611,14.007202614170847,42.15878778,B722,_,00410,611
B722__00370.611,13.994269182754756,42.143671435,B722,_,00370,611
B722__0028.611,14.003678195214068,42.156595815,B722,_,0028,611
B722__00210.611,14.032058007849304,42.167681355,B722,_,00210,611
B722__00200.611,14.028161084426714,42.16671419,B722,_,00200,611
B722__00180.611,14.031091629861482,42.174833475,B722,_,00180,611
B722__00150.611,13.991247536177177,42.172245905,B722,_,00150,611
B722__00140.611,13.98624690524484,42.170602540000004,B722,_,00140,611
B722__00100.611,13.983048564327028,42.184695430000005,B722,_,00100,611
B722__00090.611,13.974806806120588,42.18117632,B722,_,00090,611
B722__00060.611,13.989586544909795,42.194443615,B722,_,00060,611
B722__00050.611,13.979271595278192,42.186908235000004,B722,_,00050,611
B722__00030.611,13.96092190148934,42.1919302,B722,_,00030,611
B722__00020.612,13.987402829102486,42.202031840000004,B722,_,00020,612
B722__00530.612,14.035827172824074,42.137360130000005,B722,_,00530,612
B722__00520.612,14.010395276486314,42.13669964,B722,_,00520,612
B722__00510.612,13.99937651257634,42.13175191,B722,_,00510,612
B722__00430.612,14.020838134953019,42.15114154,B722,_,00430,612
B722__00420.612,14.020055270321127,42.14433546,B722,_,00420,612
B722__00370.612,13.994013028242575,42.143637139999996,B722,_,00370,612
B722__0028.612,14.003930143870004,42.15624671,B722,_,0028,612
B722__00210.612,14.031896521922347,42.16727869,B722,_,00210,612
B722__00200.612,14.025264574381548,42.16996746,B722,_,00200,612
B722__00190.612,13.997912044108414,42.161791495,B722,_,00190,612
B722__00180.612,14.030920969442349,42.17457635,B722,_,00180,612
B722__00150.612,13.991262887393134,42.17218823,B722,_,00150,612
B722__00140.612,13.985520836566511,42.16840612,B722,_,00140,612
B722__00100.612,13.98288409294057,42.18460256,B722,_,00100,612
B722__00090.612,13.97530720473182,42.181196355,B722,_,00090,612
B722__00070.612,13.995034642474657,42.1964416,B722,_,00070,612
B722__00060.612,13.990142279361905,42.19438023,B722,_,00060,612
B722__00050.612,13.979011793980124,42.186811039999995,B722,_,00050,612
B722__00030.612,13.961116058530951,42.19166634,B722,_,00030,612
B722__00020.613,13.987644983406053,42.20205994,B722,_,00020,613
B722__00530.613,14.027597482674611,42.146386695000004,B722,_,00530,613
B722__00520.613,14.02165313148468,42.141547835,B722,_,00520,613
B722__00510.613,13.998855961212751,42.13149684,B722,_,00510,613
B722__00430.613,14.020864800833369,42.150642725,B722,_,00430,613
B722__00420.613,14.020253229988944,42.14413581,B722,_,00420,613
B722__00370.613,13.994155772619678,42.14341478,B722,_,00370,613
B722__0028.613,14.003798476373937,42.156568205,B722,_,0028,613
B722__00210.613,14.031986245443992,42.167365685,B722,_,00210,613
B722__00200.613,14.02685499567318,42.167637049999996,B722,_,00200,613
B722__00180.613,14.03135166739618,42.174731745,B722,_,00180,613
B722__00150.613,13.991349138950557,42.172279,B722,_,00150,613
B722__00140.613,13.98558121506241,42.167218309999996,B722,_,00140,613
B722__00100.613,13.982797169804453,42.18443897,B722,_,00100,613
B722__00090.613,13.975869306214097,42.181132505,B722,_,00090,613
B722__00050.613,13.978890079212167,42.186799455,B722,_,00050,613
B722__00030.613,13.960825349943097,42.19157318,B722,_,00030,613
B722__00020.614,13.987657769685597,42.201684209999996,B722,_,00020,614
B722__00530.614,14.031486923815635,42.140101125,B722,_,00530,614
B722__00520.614,14.023358575100882,42.141879075,B722,_,00520,614
B722__00510.614,13.998373423193573,42.130811135,B722,_,00510,614
B722__00430.614,14.02173180793071,42.150891845000004,B722,_,00430,614
B722__00420.614,14.020716874203037,42.144131525000006,B722,_,00420,614
B722__0028.614,14.004197757887969,42.156655435,B722,_,0028,614
B722__00210.614,14.031953548501871,42.167263145,B722,_,00210,614
B722__00200.614,14.028083226071487,42.16747343,B722,_,00200,614
B722__00190.614,14.003686683478811,42.16649138,B722,_,00190,614
B722__00180.614,14.031505388432517,42.17460947,B722,_,00180,614
B722__00150.614,13.991357804751274,42.172288370000004,B722,_,00150,614
B722__00140.614,13.986276248150823,42.167654725000006,B722,_,00140,614
B722__00100.614,13.98373253937876,42.18890632,B722,_,00100,614
B722__00090.614,13.976010690188982,42.18127849,B722,_,00090,614
B722__00070.614,13.994627296259932,42.189269519999996,B722,_,00070,614
B722__00060.614,13.990553668156574,42.194802845,B722,_,00060,614
B722__00050.614,13.978951275620492,42.186647395,B722,_,00050,614
B722__00030.614,13.961207673421999,42.191379845,B722,_,00030,614
B722__00020.615,13.987823639645992,42.201639435000004,B722,_,00020,615
B722__00530.615,14.029081466100386,42.14387594,B722,_,00530,615
B722__00520.615,14.023308893007268,42.141839705,B722,_,00520,615
B722__00510.615,13.998754120562689,42.130553045,B722,_,00510,615
B722__00430.615,14.021220702220731,42.15055271,B722,_,00430,615
B722__00420.615,14.021260380054823,42.14400532,B722,_,00420,615
B722__00280.615,14.000409496707194,42.15662336,B722,_,00280,615
B722__00210.615,14.032032088025037,42.167346505,B722,_,00210,615
B722__00200.615,14.029287990511644,42.167214380000004,B722,_,00200,615
B722__00190.615,14.002533397408069,42.16460944,B722,_,00190,615
B722__00180.615,14.031551245035118,42.17467745,B722,_,00180,615
B722__00150.615,13.991228791276747,42.172238645,B722,_,00150,615
B722__00140.615,13.986391352939965,42.167707315,B722,_,00140,615
B722__00100.615,13.980637854265796,42.18656307,B722,_,00100,615
B722__00090.615,13.97638064268003,42.181840065,B722,_,00090,615
B722__00070.615,13.994541603380682,42.18897898,B722,_,00070,615
B722__00060.615,13.990850220325314,42.194619645,B722,_,00060,615
B722__00050.615,13.97900032207847,42.186638265,B722,_,00050,615
B722__00030.615,13.960918081726465,42.191265294999994,B722,_,00030,615
B722__00020.616,13.988197139904969,42.201956565,B722,_,00020,616
B722__00530.616,14.036717905222236,42.13591873,B722,_,00530,616
B722__00520.616,14.011843722085988,42.136068030000004,B722,_,00520,616
B722__00510.616,13.999170646477435,42.131098675000004,B722,_,00510,616
B722__00430.616,14.022673679734769,42.150717295,B722,_,00430,616
B722__00420.616,14.021375741252918,42.14421946,B722,_,00420,616
B722__00410.616,14.005497648664928,42.157833505,B722,_,00410,616
B722__00290.616,14.011666309666014,42.159769,B722,_,00290,616
B722__00210.616,14.032010631058261,42.167247375,B722,_,00210,616
B722__00200.616,14.02761030786878,42.169783145,B722,_,00200,616
B722__00180.616,14.031937629788743,42.17445664,B722,_,00180,616
B722__00150.616,13.991202797519534,42.17217481,B722,_,00150,616
B722__00140.616,13.98649060998384,42.167721885,B722,_,00140,616
B722__00100.616,13.983525826679735,42.18901851,B722,_,00100,616
B722__00090.616,13.976744738413636,42.181067955,B722,_,00090,616
B722__00070.616,13.994245215225678,42.18807742,B722,_,00070,616
B722__00060.616,13.991067748840177,42.19456368,B722,_,00060,616
B722__00050.616,13.979040863884457,42.18663278,B722,_,00050,616
B722__00030.616,13.96080349047767,42.190974014999995,B722,_,00030,616
B722__00020.617,13.98818633033314,42.201577885,B722,_,00020,617
B722__00530.617,14.037066659777992,42.135918865,B722,_,00530,617
B722__00520.617,14.017568954474878,42.138854195,B722,_,00520,617
B722__00510.617,13.999364785067918,42.13101213,B722,_,00510,617
B722__00430.617,14.022192490712953,42.150341850000004,B722,_,00430,617
B722__00420.617,14.021980943287122,42.144346315,B722,_,00420,617
B722__00410.617,14.005194083332906,42.157376920000004,B722,_,00410,617
B722__00370.617,13.994176059218923,42.14367749,B722,_,00370,617
B722__00290.617,14.01064565701766,42.15944191,B722,_,00290,617
B722__00280.617,13.997194807556138,42.16050783,B722,_,00280,617
B722__00210.617,14.031761525325164,42.167464865,B722,_,00210,617
B722__00190.617,14.001138854741729,42.16561978,B722,_,00190,617
B722__00180.617,14.031998369847972,42.17452652,B722,_,00180,617
B722__00150.617,13.991129247878582,42.17211882,B722,_,00150,617
B722__00140.617,13.985522323706121,42.167465645,B722,_,00140,617
B722__00100.617,13.980810490267116,42.18637296,B722,_,00100,617
B722__00090.617,13.976647469300236,42.181192395,B722,_,00090,617
B722__00070.617,13.99411507195028,42.188306714999996,B722,_,00070,617
B722__00060.617,13.991499578704776,42.194474985,B722,_,00060,617
B722__00050.617,13.979083514701372,42.18663352,B722,_,00050,617
B722__00030.617,13.962128873544208,42.192120905,B722,_,00030,617
B722__00020.618,13.988500893609357,42.201639625,B722,_,00020,618
B722__00530.618,14.037142607160911,42.135649744999995,B722,_,00530,618
B722__00520.618,14.018284297677146,42.138559925,B722,_,00520,618
B722__00510.618,13.99956271725266,42.130938035,B722,_,00510,618
B722__00430.618,14.023496457894396,42.150594080000005,B722,_,00430,618
B722__00420.618,14.021646115444156,42.14442971,B722,_,00420,618
B722__00370.618,13.994006872676817,42.143864245,B722,_,00370,618
B722__00290.618,14.010773190694568,42.15939983,B722,_,00290,618
B722__00280.618,13.993367863661078,42.161062965,B722,_,00280,618
B722__00210.618,14.030327986087286,42.168495885,B722,_,00210,618
B722__00200.618,14.030250236812421,42.16818836,B722,_,00200,618
B722__00190.618,14.001337617179644,42.165614175,B722,_,00190,618
B722__00180.618,14.032236387098202,42.174522395,B722,_,00180,618
B722__00150.618,13.991353817059618,42.17216263,B722,_,00150,618
B722__00140.618,13.985688722106183,42.16748384,B722,_,00140,618
B722__00100.618,13.981002837678112,42.18631441,B722,_,00100,618
B722__00090.618,13.976574138412666,42.181873894999995,B722,_,00090,618
B722__00070.618,13.997342333687518,42.197040055,B722,_,00070,618
B722__00060.618,13.991920678555655,42.194972594999996,B722,_,00060,618
B722__00050.618,13.979111590527879,42.186663025,B722,_,00050,618
B722__00030.618,13.96208408434747,42.192042085,B722,_,00030,618
B722__00020.619,13.988263524304738,42.20142769,B722,_,00020,619
B722__00530.619,14.03753199733455,42.13552813,B722,_,00530,619
B722__00520.619,14.020244699338331,42.139950755,B722,_,00520,619
B722__00510.619,14.001444363170274,42.130935185,B722,_,00510,619
B722__00430.619,14.023012195533145,42.15018551,B722,_,00430,619
B722__00420.619,14.00922138752897,42.147617409999995,B722,_,00420,619
B722__00410.619,14.005863581650548,42.158519420000005,B722,_,00410,619
B722__00370.619,13.994096931174171,42.143854675,B722,_,00370,619
B722__00280.619,13.994402190421809,42.160898015,B722,_,00280,619
B722__00210.619,14.03066696649254,42.168256755,B722,_,00210,619
B722__00200.619,14.03032871953333,42.167781395,B722,_,00200,619
B722__00190.619,14.001596799099884,42.16584114,B722,_,00190,619
B722__00180.619,14.032237649046863,42.174455315,B722,_,00180,619
B722__00150.619,13.991883371889624,42.172283879999995,B722,_,00150,619
B722__00140.619,13.989476719430773,42.16710949,B722,_,00140,619
B722__00100.619,13.98501977732365,42.189073045,B722,_,00100,619
B722__00090.619,13.976535563889037,42.182231505000004,B722,_,00090,619
B722__00060.619,13.992354305672057,42.19472427,B722,_,00060,619
B722__00030.619,13.962466478445846,42.19185143,B722,_,00030,619
B722__00010.62,13.971833186498337,42.20938368,B722,_,00010,62
B722__00610.62,13.995561092785046,42.11823005,B722,_,00610,62
B722__00600.62,14.011297314201933,42.13047695,B722,_,00600,62
B722__00590.62,13.990045155198283,42.122995204999995,B722,_,00590,62
B722__00540.62,14.046916407805394,42.14432108,B722,_,00540,62
B722__00530.62,14.027551122587878,42.146070755,B722,_,00530,62
B722__00520.62,14.010206035237804,42.142469680000005,B722,_,00520,62
B722__0051.62,14.004295760823261,42.141983205,B722,_,0051,62
B722__00500.62,13.993514670396664,42.136816025,B722,_,00500,62
B722__00490.62,13.983189567464876,42.13016795,B722,_,00490,62
B722__00480.62,13.98344300995019,42.137733185,B722,_,00480,62
B722__00440.62,14.046827066397263,42.151363285,B722,_,00440,62
B722__00430.62,14.023930470955754,42.157907019999996,B722,_,00430,62
B722__00410.62,14.00664717808418,42.15740844,B722,_,00410,62
B722__00400.62,14.002061953146661,42.1517468,B722,_,00400,62
B722__00380.62,14.001265329701354,42.141353595,B722,_,00380,62
B722__00370.62,13.986413265426268,42.1424229,B722,_,00370,62
B722__00360.62,13.998625033590471,42.151821575,B722,_,00360,62
B722__00350.62,13.976886175476906,42.145021205000006,B722,_,00350,62
B722__00340.62,13.967331975793751,42.144962455,B722,_,00340,62
B722__00300.62,14.020720458378918,42.15982482,B722,_,00300,62
B722__00290.62,14.004624996419416,42.16195228,B722,_,00290,62
B722__0028.62,13.99756013881915,42.15922666,B722,_,0028,62
B722__00270.62,13.989627250046357,42.15940269,B722,_,00270,62
B722__00260.62,13.980953625439174,42.163386955,B722,_,00260,62
B722__00250.62,13.979026121285974,42.16491104,B722,_,00250,62
B722__00230.62,14.062059172500009,42.167155484999995,B722,_,00230,62
B722__00220.62,14.049615149527694,42.170234595,B722,_,00220,62
B722__00210.62,14.039830047749463,42.171436195,B722,_,00210,62
B722__00200.62,14.013182335153497,42.169444545000005,B722,_,00200,62
B722__00190.62,14.010451492290784,42.167138215,B722,_,00190,62
B722__00170.62,14.014127120029368,42.180146055,B722,_,00170,62
B722__00160.62,14.008710280461589,42.17242169,B722,_,00160,62
B722__00150.62,13.991907869488191,42.17476608,B722,_,00150,62
B722__00130.62,13.978957767891842,42.174132635,B722,_,00130,62
B722__00120.62,14.007414831996782,42.19225705,B722,_,00120,62
B722__00110.62,14.003479389459608,42.18478427,B722,_,00110,62
B722__00100.62,13.986649162865287,42.188008745000005,B722,_,00100,62
B722__00080.62,13.95890870317136,42.189642635,B722,_,00080,62
B722__00070.62,13.997605962527194,42.196422575,B722,_,00070,62
B722__00060.62,13.985321401126829,42.19408226,B722,_,00060,62
B722__00050.62,13.970453031096245,42.191872075,B722,_,00050,62
B722__00040.62,13.969824787873407,42.20077519,B722,_,00040,62
B722__00030.62,13.967268127348364,42.198287025,B722,_,00030,62
B722__00020.62,13.980261643036794,42.20810524,B722,_,00020,62
B722__00020.620,13.98864465683278,42.201443435,B722,_,00020,620
B722__00530.620,14.03770365429503,42.135142415,B722,_,00530,620
B722__00520.620,14.0102038120169,42.13503733,B722,_,00520,620
B722__00510.620,14.000570709442623,42.130897884999996,B722,_,00510,620
B722__00430.620,14.023913623042262,42.15012206,B722,_,00430,620
B722__00420.620,14.021938677197364,42.14450794,B722,_,00420,620
B722__00410.620,14.00548404597143,42.156948145,B722,_,00410,620
B722__00370.620,13.99460545782117,42.14418225,B722,_,00370,620
B722__00290.620,14.010794847739836,42.159482735,B722,_,00290,620
B722__00280.620,13.995260491137913,42.160518804999995,B722,_,00280,620
B722__00210.620,14.030942029337082,42.168887165,B722,_,00210,620
B722__00180.620,14.032313325742969,42.174371645,B722,_,00180,620
B722__00150.620,13.991825299103585,42.172322545,B722,_,00150,620
B722__00140.620,13.989202849370342,42.166869704999996,B722,_,00140,620
B722__00100.620,13.985152329034145,42.189072485,B722,_,00100,620
B722__00090.620,13.976936404647354,42.181168,B722,_,00090,620
B722__00070.620,13.99716490356533,42.196156474999995,B722,_,00070,620
B722__00050.620,13.972431821650105,42.19093436,B722,_,00050,620
B722__00030.620,13.96466045509018,42.190824864999996,B722,_,00030,620
B722__00020.621,13.988903200144918,42.201254250000005,B722,_,00020,621
B722__00520.621,14.009991007500753,42.13514539,B722,_,00520,621
B722__00510.621,14.000965258726744,42.13026129,B722,_,00510,621
B722__00430.621,14.024833545291246,42.150326295,B722,_,00430,621
B722__00420.621,14.022255662279928,42.144575495,B722,_,00420,621
B722__00410.621,14.00667600437265,42.157151490000004,B722,_,00410,621
B722__00370.621,13.994680698202789,42.14424439,B722,_,00370,621
B722__00290.621,14.010847184250819,42.159486145,B722,_,00290,621
B722__00280.621,13.997257210840312,42.160913785,B722,_,00280,621
B722__00210.621,14.031071649845476,42.168582400000005,B722,_,00210,621
B722__00200.621,14.023055071337899,42.165800595,B722,_,00200,621
B722__00190.621,14.001600668048507,42.165591365,B722,_,00190,621
B722__00180.621,14.032553955026454,42.174107105000004,B722,_,00180,621
B722__00150.621,13.99176101574433,42.172290015,B722,_,00150,621
B722__00140.621,13.98975949452042,42.167204760000004,B722,_,00140,621
B722__00100.621,13.984922898591702,42.18889727,B722,_,00100,621
B722__00090.621,13.977166236983889,42.181185185000004,B722,_,00090,621
B722__00070.621,13.99571130011575,42.19342553,B722,_,00070,621
B722__00060.621,13.992387840128913,42.195132580000006,B722,_,00060,621
B722__00050.621,13.975585638761174,42.18926573,B722,_,00050,621
B722__00030.621,13.964321739376583,42.190061965,B722,_,00030,621
B722__00020.622,13.989143144664485,42.20124195,B722,_,00020,622
B722__00530.622,14.0349925867101,42.143006584999995,B722,_,00530,622
B722__00520.622,14.010237270777825,42.134826935,B722,_,00520,622
B722__00510.622,14.000283494224556,42.129557475,B722,_,00510,622
B722__00430.622,14.024830947346567,42.150111335000005,B722,_,00430,622
B722__00420.622,14.022220130348236,42.143795425,B722,_,00420,622
B722__00410.622,14.006794667631436,42.156984144999996,B722,_,00410,622
B722__00370.622,13.99463735290215,42.14439274,B722,_,00370,622
B722__00290.622,14.010949976981763,42.15948805,B722,_,00290,622
B722__00280.622,13.997546382473084,42.160928325,B722,_,00280,622
B722__00200.622,14.0246152772619,42.167504125,B722,_,00200,622
B722__00190.622,14.001802606039746,42.165757189999994,B722,_,00190,622
B722__00180.622,14.032581631122323,42.174291335,B722,_,00180,622
B722__00150.622,13.99060138345683,42.17322826,B722,_,00150,622
B722__00140.622,13.989998335440538,42.16728938,B722,_,00140,622
B722__00100.622,13.984968029543458,42.18884335,B722,_,00100,622
B722__00090.622,13.977253962817269,42.181706105,B722,_,00090,622
B722__00060.622,13.992872211639423,42.19508859,B722,_,00060,622
B722__00050.622,13.97625040373737,42.188945815,B722,_,00050,622
B722__00030.622,13.964686889969702,42.189783175,B722,_,00030,622
B722__00020.623,13.98915200376948,42.200938199999996,B722,_,00020,623
B722__00530.623,14.034729836001759,42.14250398,B722,_,00530,623
B722__00520.623,14.009777932583166,42.134344645,B722,_,00520,623
B722__00510.623,14.001146864050504,42.130023505,B722,_,00510,623
B722__00430.623,14.02629601094529,42.15030134,B722,_,00430,623
B722__00420.623,14.022695626900827,42.143958305,B722,_,00420,623
B722__00370.623,13.994811724576877,42.14402609,B722,_,00370,623
B722__00290.623,14.011007847628825,42.159382640000004,B722,_,00290,623
B722__00280.623,13.997808741221998,42.161146695,B722,_,00280,623
B722__00200.623,14.028486917041871,42.167616845,B722,_,00200,623
B722__00190.623,14.001837273749814,42.165611725000005,B722,_,00190,623
B722__00180.623,14.032651201331529,42.174313085,B722,_,00180,623
B722__00150.623,13.990690564804712,42.173229004999996,B722,_,00150,623
B722__00140.623,13.987911268045423,42.173003894999994,B722,_,00140,623
B722__00100.623,13.985113915854148,42.188910765,B722,_,00100,623
B722__00090.623,13.97746057369984,42.18153867,B722,_,00090,623
B722__00060.623,13.992907988722788,42.19473535,B722,_,00060,623
B722__00050.623,13.97654326182726,42.188781750000004,B722,_,00050,623
B722__00030.623,13.960956845630832,42.196774695,B722,_,00030,623
B722__00020.624,13.989599047729786,42.200961629999995,B722,_,00020,624
B722__00530.624,14.035132764197495,42.142509755000006,B722,_,00530,624
B722__00520.624,14.010766893191018,42.134651469999994,B722,_,00520,624
B722__00510.624,14.00185682162515,42.13046369,B722,_,00510,624
B722__00430.624,14.025790352698932,42.15000426,B722,_,00430,624
B722__00420.624,14.022567445009063,42.143581495,B722,_,00420,624
B722__00370.624,13.99494600533327,42.14411503,B722,_,00370,624
B722__00280.624,13.997912854848984,42.160874820000004,B722,_,00280,624
B722__00210.624,14.030441321128635,42.1682796,B722,_,00210,624
B722__00200.624,14.029130034889864,42.16794474,B722,_,00200,624
B722__00190.624,14.001857191574656,42.165333435,B722,_,00190,624
B722__00180.624,14.032856259551897,42.174094525,B722,_,00180,624
B722__00150.624,13.990915204034954,42.173237965,B722,_,00150,624
B722__00140.624,13.98687202647554,42.17161529,B722,_,00140,624
B722__00100.624,13.98521715966103,42.18889507,B722,_,00100,624
B722__00090.624,13.977450979754437,42.181156405,B722,_,00090,624
B722__00070.624,13.996018151193109,42.19332351,B722,_,00070,624
B722__00050.624,13.97963137760442,42.188874635,B722,_,00050,624
B722__00030.624,13.960740370028677,42.19669914,B722,_,00030,624
B722__00020.625,13.983725288211218,42.199610320000005,B722,_,00020,625
B722__00530.625,14.035493307881381,42.143005715,B722,_,00530,625
B722__00520.625,14.010687886072443,42.13466252,B722,_,00520,625
B722__00510.625,14.002211670917195,42.130384750000005,B722,_,00510,625
B722__00430.625,14.026624437429287,42.150034500000004,B722,_,00430,625
B722__00420.625,14.022423648002224,42.144075189999995,B722,_,00420,625
B722__00410.625,14.007690448725299,42.156453895,B722,_,00410,625
B722__00370.625,13.994925227713498,42.144240659999994,B722,_,00370,625
B722__00280.625,13.998344086950436,42.161023725,B722,_,00280,625
B722__00210.625,14.030062883269075,42.16845594,B722,_,00210,625
B722__00200.625,14.026802892095757,42.169675035,B722,_,00200,625
B722__00180.625,14.032787384793377,42.174070475,B722,_,00180,625
B722__00150.625,13.991076666320133,42.172163645,B722,_,00150,625
B722__00140.625,13.98201762262265,42.169535155000005,B722,_,00140,625
B722__00100.625,13.985800603149908,42.188964905,B722,_,00100,625
B722__00090.625,13.977488698235295,42.182034224999995,B722,_,00090,625
B722__00070.625,13.99592049411472,42.19332268,B722,_,00070,625
B722__00060.625,13.99333211086026,42.194454385,B722,_,00060,625
B722__00050.625,13.980240580471953,42.18878687,B722,_,00050,625
B722__00030.625,13.960643185982557,42.19649475,B722,_,00030,625
B722__00020.626,13.98240820698747,42.200182784999996,B722,_,00020,626
B722__00530.626,14.037632301774957,42.14940186,B722,_,00530,626
B722__00520.626,14.010960585715331,42.13482108,B722,_,00520,626
B722__00510.626,14.00276827835314,42.131112015,B722,_,00510,626
B722__00430.626,14.026505824995507,42.149837215000005,B722,_,00430,626
B722__00420.626,14.022557078768983,42.144243634999995,B722,_,00420,626
B722__00370.626,13.994786305419122,42.143734515,B722,_,00370,626
B722__00290.626,14.010535757519195,42.159362145,B722,_,00290,626
B722__00280.626,13.998273358211325,42.160679925,B722,_,00280,626
B722__00210.626,14.030220588282786,42.16849594,B722,_,00210,626
B722__00200.626,14.02688981051443,42.169645465,B722,_,00200,626
B722__00180.626,14.032715067616127,42.174066185,B722,_,00180,626
B722__00150.626,13.991136328105005,42.172232805,B722,_,00150,626
B722__00100.626,13.985854781599999,42.18891791,B722,_,00100,626
B722__00070.626,13.995967231029411,42.19316757,B722,_,00070,626
B722__00060.626,13.993775751418214,42.194574175,B722,_,00060,626
B722__00050.626,13.972285207888309,42.19142295,B722,_,00050,626
B722__00030.626,13.961174331048332,42.19627077,B722,_,00030,626
B722__00020.627,13.982546101579521,42.200072070000004,B722,_,00020,627
B722__00530.627,14.034888304928106,42.14157792,B722,_,00530,627
B722__00520.627,14.011089461926016,42.134549390000004,B722,_,00520,627
B722__00510.627,14.002715904843868,42.134276,B722,_,00510,627
B722__00430.627,14.027126868278613,42.149755345,B722,_,00430,627
B722__00420.627,14.02265425968448,42.14437544,B722,_,00420,627
B722__00410.627,14.006940241879594,42.156319435,B722,_,00410,627
B722__00370.627,13.995039859724768,42.14399104,B722,_,00370,627
B722__00290.627,14.010519229368285,42.159313855,B722,_,00290,627
B722__00280.627,13.998668870495838,42.16097675,B722,_,00280,627
B722__00210.627,14.0302885154905,42.16841689,B722,_,00210,627
B722__00190.627,14.009345113978988,42.164690195000006,B722,_,00190,627
B722__00180.627,14.033036948130597,42.174067914999995,B722,_,00180,627
B722__00150.627,13.991138930953294,42.17217481,B722,_,00150,627
B722__00140.627,13.982130616156342,42.169535155000005,B722,_,00140,627
B722__00100.627,13.984706924689405,42.188880035,B722,_,00100,627
B722__00070.627,13.997165347004174,42.19637264,B722,_,00070,627
B722__00060.627,13.993398238141872,42.194759094999995,B722,_,00060,627
B722__00050.627,13.972415460825552,42.19142873,B722,_,00050,627
B722__00030.627,13.96092652885142,42.19624559499999,B722,_,00030,627
B722__00020.628,13.982623565158626,42.20003804,B722,_,00020,628
B722__00530.628,14.037746099883815,42.141851470000006,B722,_,00530,628
B722__00520.628,14.010181434474468,42.13476102,B722,_,00520,628
B722__00510.628,14.002755693450077,42.13390032,B722,_,00510,628
B722__00430.628,14.027001301251314,42.149674645,B722,_,00430,628
B722__00420.628,14.022732376097359,42.144499695,B722,_,00420,628
B722__00410.628,14.00814166596895,42.156288935,B722,_,00410,628
B722__00370.628,13.995067879077599,42.14396431,B722,_,00370,628
B722__00290.628,14.010571814726845,42.15931851,B722,_,00290,628
B722__00280.628,13.998832101307675,42.160667405,B722,_,00280,628
B722__00210.628,14.030293721071429,42.168385565,B722,_,00210,628
B722__00200.628,14.028121916167027,42.16689341,B722,_,00200,628
B722__00190.628,14.009495131434662,42.164774695000006,B722,_,00190,628
B722__00180.628,14.033009199496899,42.17390586,B722,_,00180,628
B722__00150.628,13.991167325483168,42.172269670000006,B722,_,00150,628
B722__00140.628,13.982261882423973,42.169541225,B722,_,00140,628
B722__00100.628,13.98386606057189,42.175442495,B722,_,00100,628
B722__00090.628,13.968703854265591,42.180224065,B722,_,00090,628
B722__00070.628,13.997093959120075,42.19627964,B722,_,00070,628
B722__00060.628,13.994163691291886,42.194664085,B722,_,00060,628
B722__00050.628,13.97254853857161,42.191509065000005,B722,_,00050,628
B722__00030.628,13.960996303047082,42.196366815,B722,_,00030,628
B722__00020.629,13.982579194323772,42.19963578,B722,_,00020,629
B722__00520.629,14.023319687178585,42.137435409999995,B722,_,00520,629
B722__00510.629,14.003224331589795,42.133641345,B722,_,00510,629
B722__00430.629,14.027885255304904,42.149497365,B722,_,00430,629
B722__00420.629,14.023271516773493,42.144232475,B722,_,00420,629
B722__00410.629,14.00882999941977,42.156982264999996,B722,_,00410,629
B722__00370.629,13.995075716069586,42.143871775,B722,_,00370,629
B722__00280.629,13.998872715322243,42.16060238,B722,_,00280,629
B722__00210.629,14.030458210676098,42.16834146,B722,_,00210,629
B722__00190.629,14.0094596106183,42.164921795,B722,_,00190,629
B722__00180.629,14.03367989381615,42.17444566,B722,_,00180,629
B722__00150.629,13.991327615706965,42.172293585,B722,_,00150,629
B722__00140.629,13.982463949637289,42.169650475,B722,_,00140,629
B722__00100.629,13.983864668011577,42.17581738,B722,_,00100,629
B722__00090.629,13.969527879997777,42.180845425,B722,_,00090,629
B722__00070.629,13.997048482119025,42.196379465,B722,_,00070,629
B722__00060.629,13.993696334092563,42.194806650000004,B722,_,00060,629
B722__00050.629,13.972647717844993,42.19146881,B722,_,00050,629
B722__00030.629,13.960543640200555,42.19623524,B722,_,00030,629
B722__00010.63,13.97178546990564,42.20927888,B722,_,00010,63
B722__00610.63,13.995372419502953,42.11787094,B722,_,00610,63
B722__00600.63,14.011676689463627,42.130384365,B722,_,00600,63
B722__00590.63,13.989955422914324,42.122548975,B722,_,00590,63
B722__00540.63,14.047548503702014,42.144834474999996,B722,_,00540,63
B722__00530.63,14.028322825399247,42.14676216,B722,_,00530,63
B722__00520.63,14.010296279785734,42.14244096,B722,_,00520,63
B722__0051.63,14.004007763103052,42.138685595,B722,_,0051,63
B722__00500.63,13.993229883454452,42.136569574999996,B722,_,00500,63
B722__00490.63,13.983819280380455,42.129927815,B722,_,00490,63
B722__00480.63,13.983957388554636,42.137597584999995,B722,_,00480,63
B722__00440.63,14.046556672010976,42.1519782,B722,_,00440,63
B722__00430.63,14.024173584431265,42.15802525,B722,_,00430,63
B722__00410.63,14.006948192024776,42.157372875,B722,_,00410,63
B722__00400.63,14.002920348644338,42.151907914999995,B722,_,00400,63
B722__00390.63,13.999338518107788,42.144527409999995,B722,_,00390,63
B722__00380.63,14.001344946512088,42.141344105,B722,_,00380,63
B722__00370.63,13.986784063732438,42.14282675,B722,_,00370,63
B722__00360.63,13.998638503237284,42.151590855,B722,_,00360,63
B722__00350.63,13.976941860516314,42.14550387,B722,_,00350,63
B722__00340.63,13.967485103555337,42.145144290000005,B722,_,00340,63
B722__00300.63,14.021607301280614,42.159410199999996,B722,_,00300,63
B722__00290.63,14.004706103600572,42.161958165,B722,_,00290,63
B722__00270.63,13.990291627178287,42.159518685,B722,_,00270,63
B722__00260.63,13.981381212338928,42.163272445000004,B722,_,00260,63
B722__00250.63,13.979136013181002,42.165077620000005,B722,_,00250,63
B722__00230.63,14.062090973839581,42.16755601,B722,_,00230,63
B722__00220.63,14.048507255942773,42.17084129,B722,_,00220,63
B722__00210.63,14.039341620042546,42.171193810000005,B722,_,00210,63
B722__00200.63,14.01320976744126,42.169453295,B722,_,00200,63
B722__00190.63,13.990726430067738,42.170230625,B722,_,00190,63
B722__00170.63,14.007039409050027,42.17863973,B722,_,00170,63
B722__00160.63,14.009078978735797,42.17273067,B722,_,00160,63
B722__00150.63,13.992522977541663,42.175092735,B722,_,00150,63
B722__00130.63,13.981757408596312,42.17518828,B722,_,00130,63
B722__00120.63,14.007247313489536,42.19201242,B722,_,00120,63
B722__00110.63,14.00583613668164,42.182101195,B722,_,00110,63
B722__00100.63,13.985493277595907,42.188380165,B722,_,00100,63
B722__00080.63,13.959394355530414,42.18955656,B722,_,00080,63
B722__00070.63,13.997825278548378,42.196506764999995,B722,_,00070,63
B722__00060.63,13.984646756578964,42.19920926,B722,_,00060,63
B722__00050.63,13.97799333841435,42.194393680000005,B722,_,00050,63
B722__00040.63,13.970482216060548,42.201131985,B722,_,00040,63
B722__00030.63,13.966585841499361,42.197648744999995,B722,_,00030,63
B722__00020.63,13.980134880429105,42.2079131,B722,_,00020,63
B722__00020.630,13.982694243095153,42.2000076,B722,_,00020,630
B722__00530.630,14.037986190766329,42.1445249,B722,_,00530,630
B722__00520.630,14.027071355957581,42.137472540000005,B722,_,00520,630
B722__00510.630,14.003267745080976,42.133562225,B722,_,00510,630
B722__00430.630,14.027711130369838,42.149480485,B722,_,00430,630
B722__00420.630,14.023173989146393,42.14445580500001,B722,_,00420,630
B722__00370.630,13.995245116126192,42.143889115,B722,_,00370,630
B722__00280.630,13.998850522714417,42.16098882,B722,_,00280,630
B722__00210.630,14.030206935718503,42.168311955,B722,_,00210,630
B722__00190.630,13.998455436930936,42.161523955,B722,_,00190,630
B722__00180.630,14.033148674854477,42.17387367,B722,_,00180,630
B722__00150.630,13.991087373805541,42.172259870000005,B722,_,00150,630
B722__00140.630,13.982693092488748,42.169739175000004,B722,_,00140,630
B722__00100.630,13.98288686687198,42.176279655,B722,_,00100,630
B722__00090.630,13.969990559914216,42.180877625,B722,_,00090,630
B722__00060.630,13.994087741239024,42.194794215,B722,_,00060,630
B722__00050.630,13.97247938689233,42.191089815,B722,_,00050,630
B722__00030.630,13.960330878406863,42.196151465,B722,_,00030,630
B722__00020.631,13.982947787933519,42.200179635,B722,_,00020,631
B722__00530.631,14.03799385080314,42.14466399,B722,_,00530,631
B722__00520.631,14.009728176296232,42.13450019,B722,_,00520,631
B722__00510.631,14.003654982498098,42.13352238,B722,_,00510,631
B722__00430.631,14.028434978203215,42.149510175,B722,_,00430,631
B722__00420.631,14.023341116772642,42.144497085,B722,_,00420,631
B722__00370.631,13.995357805106405,42.143905035,B722,_,00370,631
B722__00290.631,14.010958828476095,42.159107184999996,B722,_,00290,631
B722__00280.631,13.9992749064166,42.1606336,B722,_,00280,631
B722__00210.631,14.030438250199051,42.168364525,B722,_,00210,631
B722__00190.631,14.000317762362364,42.162376179999995,B722,_,00190,631
B722__00150.631,13.991156015729974,42.17231556,B722,_,00150,631
B722__00140.631,13.981982697078168,42.169952495,B722,_,00140,631
B722__00100.631,13.982431293085886,42.176316639999996,B722,_,00100,631
B722__00090.631,13.970256015741295,42.180859080000005,B722,_,00090,631
B722__00070.631,13.99707251812342,42.196399965,B722,_,00070,631
B722__00060.631,13.994369148990332,42.194749485,B722,_,00060,631
B722__00050.631,13.972792602999059,42.191386609999995,B722,_,00050,631
B722__00030.631,13.96683941182735,42.19679483,B722,_,00030,631
B722__00020.632,13.982962192973043,42.20006826,B722,_,00020,632
B722__00530.632,14.037756895079918,42.145609300000004,B722,_,00530,632
B722__00520.632,14.009642231298244,42.140739655000004,B722,_,00520,632
B722__00510.632,14.003799889646034,42.134152764999996,B722,_,00510,632
B722__00430.632,14.028186022758025,42.1493567,B722,_,00430,632
B722__00420.632,14.024303365790292,42.14431603,B722,_,00420,632
B722__00370.632,13.995304970676706,42.1436317,B722,_,00370,632
B722__00280.632,13.999253728482799,42.160848744999996,B722,_,00280,632
B722__00210.632,14.030199848788136,42.168287675,B722,_,00210,632
B722__00200.632,14.028497891794043,42.168819424999995,B722,_,00200,632
B722__00190.632,14.000487325055639,42.162235445,B722,_,00190,632
B722__00180.632,14.033499868994529,42.173799805,B722,_,00180,632
B722__00150.632,13.990997389923471,42.172298659999996,B722,_,00150,632
B722__00140.632,13.982197156113479,42.169921325000004,B722,_,00140,632
B722__00100.632,13.98366947971331,42.176292475,B722,_,00100,632
B722__00090.632,13.969595828481049,42.180737995,B722,_,00090,632
B722__00070.632,13.997138596918182,42.196297625,B722,_,00070,632
B722__00060.632,13.994928944614752,42.194706685,B722,_,00060,632
B722__00050.632,13.972977348384966,42.191382645,B722,_,00050,632
B722__00030.632,13.96123698973777,42.196563225,B722,_,00030,632
B722__00020.633,13.983012044996045,42.199816940000005,B722,_,00020,633
B722__00530.633,14.036875342567802,42.147097795,B722,_,00530,633
B722__00510.633,14.003053469787812,42.134419980000004,B722,_,00510,633
B722__00430.633,14.028571047366285,42.149296735,B722,_,00430,633
B722__00420.633,14.024056073095473,42.14440533,B722,_,00420,633
B722__00280.633,13.999375435458465,42.160972105,B722,_,00280,633
B722__00210.633,14.032380942538179,42.16751877,B722,_,00210,633
B722__00200.633,14.02845214026011,42.168926505,B722,_,00200,633
B722__00190.633,14.001777623089755,42.165407935,B722,_,00190,633
B722__00180.633,14.03335998560706,42.175501780000005,B722,_,00180,633
B722__00150.633,13.993197211048864,42.172986895,B722,_,00150,633
B722__00140.633,13.982417927184317,42.169958075,B722,_,00140,633
B722__00100.633,13.98377528349944,42.17604853,B722,_,00100,633
B722__00090.633,13.969687542778082,42.180666585,B722,_,00090,633
B722__00070.633,13.997159112929092,42.196358885,B722,_,00070,633
B722__00060.633,13.99514091893364,42.19449062,B722,_,00060,633
B722__00050.633,13.973348004060352,42.191214365,B722,_,00050,633
B722__00030.633,13.96129974003837,42.19770391,B722,_,00030,633
B722__00020.634,13.983155228060244,42.200118615,B722,_,00020,634
B722__00530.634,14.036239501256498,42.147652074999996,B722,_,00530,634
B722__00520.634,14.017488701226181,42.141510069999995,B722,_,00520,634
B722__00510.634,14.003546522493615,42.134535639999996,B722,_,00510,634
B722__00430.634,14.029107701794146,42.14989,B722,_,00430,634
B722__00420.634,14.010406974901773,42.143048775,B722,_,00420,634
B722__00410.634,14.0100838906909,42.156790075,B722,_,00410,634
B722__00370.634,13.994461756595566,42.143401780000005,B722,_,00370,634
B722__00280.634,13.999366480399125,42.16113659,B722,_,00280,634
B722__00210.634,14.032138080663788,42.167196295,B722,_,00210,634
B722__00200.634,14.029052877442439,42.168831245,B722,_,00200,634
B722__00190.634,14.001764532569872,42.1654674,B722,_,00190,634
B722__00180.634,14.033380549000041,42.17569611,B722,_,00180,634
B722__00150.634,13.99298143128738,42.17299111,B722,_,00150,634
B722__00140.634,13.982653169556524,42.1699899,B722,_,00140,634
B722__00100.634,13.984844135184971,42.175981535000005,B722,_,00100,634
B722__00090.634,13.970224836883723,42.18075944,B722,_,00090,634
B722__00060.634,13.994956409438863,42.19437643,B722,_,00060,634
B722__00050.634,13.973403584874706,42.191344755,B722,_,00050,634
B722__00030.634,13.961695649339077,42.19765368,B722,_,00030,634
B722__00020.635,13.983931529355793,42.20039486500001,B722,_,00020,635
B722__00530.635,14.030324752968635,42.148632235,B722,_,00530,635
B722__00520.635,14.022047436260348,42.138728035,B722,_,00520,635
B722__00510.635,14.004261866423988,42.13478001,B722,_,00510,635
B722__00430.635,14.028779632808678,42.149307495,B722,_,00430,635
B722__00420.635,14.010814419147339,42.142954565,B722,_,00420,635
B722__00410.635,14.011239852140008,42.156454675000006,B722,_,00410,635
B722__00370.635,13.995487425530245,42.14380936,B722,_,00370,635
B722__00280.635,13.99929026666342,42.16130304,B722,_,00280,635
B722__00210.635,14.03218777659663,42.167205589999995,B722,_,00210,635
B722__00200.635,14.02893226653875,42.168926915,B722,_,00200,635
B722__00190.635,14.00198374542471,42.16562689,B722,_,00190,635
B722__00180.635,14.03334531793989,42.17581987,B722,_,00180,635
B722__00150.635,13.99224233655302,42.17301152,B722,_,00150,635
B722__00140.635,13.983024854037229,42.17008108,B722,_,00140,635
B722__00100.635,13.98473415060532,42.175521305,B722,_,00100,635
B722__00090.635,13.970350473544872,42.18068645,B722,_,00090,635
B722__00060.635,13.994272956716177,42.194351435,B722,_,00060,635
B722__00050.635,13.973362929222944,42.191442475,B722,_,00050,635
B722__00030.635,13.961502875474393,42.19410545,B722,_,00030,635
B722__00020.636,13.98400988658868,42.20032247,B722,_,00020,636
B722__00530.636,14.029954914564659,42.148561064999996,B722,_,00530,636
B722__00520.636,14.021793195287799,42.13871828,B722,_,00520,636
B722__00430.636,14.029291953509915,42.149796045,B722,_,00430,636
B722__00420.636,14.011004715085981,42.142867575,B722,_,00420,636
B722__00370.636,13.995381856176675,42.143760645,B722,_,00370,636
B722__00280.636,13.999421131281412,42.161366465,B722,_,00280,636
B722__00210.636,14.032253526654848,42.167241475,B722,_,00210,636
B722__00190.636,14.00204578236685,42.16562218,B722,_,00190,636
B722__00180.636,14.032901432197686,42.175878335,B722,_,00180,636
B722__00150.636,13.992138304049451,42.173014305,B722,_,00150,636
B722__00140.636,13.98790667067016,42.173701455,B722,_,00140,636
B722__00100.636,13.985959992374422,42.175634810000005,B722,_,00100,636
B722__00090.636,13.969801033492004,42.18059794,B722,_,00090,636
B722__00060.636,13.994289868897734,42.19425177,B722,_,00060,636
B722__00050.636,13.97173015359545,42.18915332500001,B722,_,00050,636
B722__00030.636,13.961582348743752,42.19404842,B722,_,00030,636
B722__00020.637,13.984010331252708,42.200267095,B722,_,00020,637
B722__00530.637,14.02955547975356,42.14867778,B722,_,00530,637
B722__00520.637,14.021490997076443,42.13852016,B722,_,00520,637
B722__00510.637,14.003793039826087,42.13321339,B722,_,00510,637
B722__00430.637,14.029014021836126,42.14929916,B722,_,00430,637
B722__00420.637,14.011221238248387,42.14279371,B722,_,00420,637
B722__00370.637,13.993765399828515,42.143506349999996,B722,_,00370,637
B722__00280.637,13.99953086623423,42.16138268,B722,_,00280,637
B722__00200.637,14.029711747757176,42.168167125,B722,_,00200,637
B722__00190.637,14.002136172723139,42.165600569999995,B722,_,00190,637
B722__00180.637,14.032898840776165,42.175714185000004,B722,_,00180,637
B722__00150.637,13.992615772570637,42.17303833,B722,_,00150,637
B722__00100.637,13.981023658416763,42.18492856,B722,_,00100,637
B722__00090.637,13.969864805847898,42.180456625,B722,_,00090,637
B722__00070.637,13.996476405235,42.19403763,B722,_,00070,637
B722__00060.637,13.993841256329292,42.19421907,B722,_,00060,637
B722__00050.637,13.972010548468258,42.189115635,B722,_,00050,637
B722__00030.637,13.961784465839665,42.19401446,B722,_,00030,637
B722__00020.638,13.983805003525184,42.20029321,B722,_,00020,638
B722__00530.638,14.030864951423698,42.148583630000005,B722,_,00530,638
B722__00520.638,14.022181206389519,42.138200104999996,B722,_,00520,638
B722__00510.638,14.003997909591153,42.133699765,B722,_,00510,638
B722__00430.638,14.029669687625749,42.149837745,B722,_,00430,638
B722__00420.638,14.011487111018926,42.142678724999996,B722,_,00420,638
B722__00370.638,13.993118390733787,42.142622685,B722,_,00370,638
B722__00290.638,14.011700748834421,42.159538595,B722,_,00290,638
B722__00280.638,13.999747658188625,42.161490715,B722,_,00280,638
B722__00190.638,13.999195815396133,42.163247819999995,B722,_,00190,638
B722__00180.638,14.03288613916516,42.17553284,B722,_,00180,638
B722__00150.638,13.993145569858516,42.172752259999996,B722,_,00150,638
B722__00140.638,13.986262557708898,42.173506294999996,B722,_,00140,638
B722__00100.638,13.979807204211488,42.18574153,B722,_,00100,638
B722__00090.638,13.970080166696967,42.180336555,B722,_,00090,638
B722__00070.638,13.996926167640638,42.19419602,B722,_,00070,638
B722__00060.638,13.994741680879489,42.19395063,B722,_,00060,638
B722__00050.638,13.972283492152808,42.18909978,B722,_,00050,638
B722__00030.638,13.962022221932758,42.19403217,B722,_,00030,638
B722__00020.639,13.984134767462827,42.200140329999996,B722,_,00020,639
B722__00530.639,14.031689753405718,42.149494825000005,B722,_,00530,639
B722__00520.639,14.023161486526817,42.139159989999996,B722,_,00520,639
B722__00510.639,14.004248478590402,42.13361501,B722,_,00510,639
B722__00430.639,14.029386222530992,42.149338575,B722,_,00430,639
B722__00370.639,13.993064086696524,42.1425163,B722,_,00370,639
B722__00290.639,14.011692597134425,42.15962684,B722,_,00290,639
B722__00280.639,13.99962677725037,42.161086015,B722,_,00280,639
B722__00200.639,14.02576164258958,42.169664714999996,B722,_,00200,639
B722__00190.639,14.003379313927221,42.163220195,B722,_,00190,639
B722__00180.639,14.033084460027311,42.175516845,B722,_,00180,639
B722__00150.639,13.993059220155907,42.172755785,B722,_,00150,639
B722__00140.639,13.986271687420535,42.173454725,B722,_,00140,639
B722__00100.639,13.979662073864777,42.185704355,B722,_,00100,639
B722__00090.639,13.969914170080806,42.180212420000004,B722,_,00090,639
B722__00070.639,13.996186601635067,42.193403315,B722,_,00070,639
B722__00060.639,13.994999311410899,42.193936805,B722,_,00060,639
B722__00050.639,13.972025774302494,42.188755355,B722,_,00050,639
B722__00030.639,13.962136156044956,42.194176315,B722,_,00030,639
B722__00010.64,13.971714078148135,42.2090771,B722,_,00010,64
B722__00610.64,13.995957877478803,42.11810603,B722,_,00610,64
B722__00600.64,14.0053847389598,42.12620534,B722,_,00600,64
B722__00590.64,13.989868482399011,42.122331685,B722,_,00590,64
B722__00540.64,14.047911226719558,42.145169365,B722,_,00540,64
B722__00530.64,14.028742926427253,42.14644177,B722,_,00530,64
B722__00520.64,14.010371764365184,42.14240887,B722,_,00520,64
B722__0051.64,14.004708253856105,42.14192778,B722,_,0051,64
B722__00500.64,13.994041527286086,42.136308685,B722,_,00500,64
B722__00490.64,13.984276199811221,42.13011356,B722,_,00490,64
B722__00480.64,13.984436255091818,42.137808495,B722,_,00480,64
B722__00440.64,14.049075709906026,42.151046035,B722,_,00440,64
B722__00430.64,14.024027997825016,42.157837560000004,B722,_,00430,64
B722__00400.64,14.003027487600754,42.15198293,B722,_,00400,64
B722__00390.64,13.999133252295834,42.144497975,B722,_,00390,64
B722__00380.64,14.00035463639002,42.14111081,B722,_,00380,64
B722__00370.64,13.986360671060696,42.14330691,B722,_,00370,64
B722__00360.64,13.998982568805033,42.151590855,B722,_,00360,64
B722__00350.64,13.978637544030665,42.145615115,B722,_,00350,64
B722__00340.64,13.967731431930888,42.14443012,B722,_,00340,64
B722__00300.64,14.022478661139282,42.159317290000004,B722,_,00300,64
B722__00290.64,14.00464448575855,42.161719335,B722,_,00290,64
B722__00270.64,13.990125029536257,42.15909525,B722,_,00270,64
B722__00260.64,13.98167425812227,42.16299639,B722,_,00260,64
B722__00250.64,13.979162843155008,42.165217604999995,B722,_,00250,64
B722__00230.64,14.062419284442932,42.167297975,B722,_,00230,64
B722__00220.64,14.04911094007727,42.170893545,B722,_,00220,64
B722__00210.64,14.039723125389209,42.172296355,B722,_,00210,64
B722__00200.64,14.013340934961523,42.169607064999994,B722,_,00200,64
B722__00190.64,13.989887426151187,42.16985267,B722,_,00190,64
B722__00180.64,14.032679494307224,42.174702625,B722,_,00180,64
B722__00170.64,14.007637960971145,42.17839825,B722,_,00170,64
B722__00160.64,14.009265524997117,42.172346565,B722,_,00160,64
B722__00150.64,13.993184880635937,42.175358505,B722,_,00150,64
B722__00140.64,13.988117457058594,42.168814485,B722,_,00140,64
B722__00130.64,13.98211957540175,42.175110169999996,B722,_,00130,64
B722__00120.64,14.004514090091703,42.192355295,B722,_,00120,64
B722__00110.64,14.00387157329443,42.184581565,B722,_,00110,64
B722__00100.64,13.98532103778795,42.18810913,B722,_,00100,64
B722__0009.64,13.970265886776733,42.187550335,B722,_,0009,64
B722__00080.64,13.959862931120874,42.189477894999996,B722,_,00080,64
B722__00060.64,13.984937457744717,42.199107569999995,B722,_,00060,64
B722__00050.64,13.978307905329228,42.194593555,B722,_,00050,64
B722__00040.64,13.970745807795566,42.20103045,B722,_,00040,64
B722__00030.64,13.96691711518835,42.19759078,B722,_,00030,64
B722__00020.64,13.980130659825516,42.207776705,B722,_,00020,64
B722__00020.640,13.984016084439165,42.20014699,B722,_,00020,640
B722__00530.640,14.031626012570602,42.149279965000005,B722,_,00530,640
B722__00520.640,14.023034480154562,42.138886545000005,B722,_,00520,640
B722__00510.640,14.004448052258951,42.133845969999996,B722,_,00510,640
B722__00430.640,14.030172470679904,42.14985231,B722,_,00430,640
B722__00410.640,14.013603951592959,42.156254965,B722,_,00410,640
B722__00370.640,13.993367454401016,42.142626985,B722,_,00370,640
B722__00200.640,14.025957570064085,42.16950401,B722,_,00200,640
B722__00190.640,13.989478758009625,42.169063625,B722,_,00190,640
B722__00180.640,14.033123153924887,42.175704295,B722,_,00180,640
B722__00150.640,13.992610325047238,42.172777255,B722,_,00150,640
B722__00140.640,13.986281214972431,42.173395819999996,B722,_,00140,640
B722__00100.640,13.979713030390911,42.186749235,B722,_,00100,640
B722__00090.640,13.970117281112207,42.180045385,B722,_,00090,640
B722__00070.640,13.995947778372052,42.19339326,B722,_,00070,640
B722__00060.640,13.994912242366059,42.193786985,B722,_,00060,640
B722__00050.640,13.97237333314158,42.188842750000006,B722,_,00050,640
B722__00030.640,13.9622818445241,42.194168375000004,B722,_,00030,640
B722__00020.641,13.983738969128527,42.20014955,B722,_,00020,641
B722__00530.641,14.031417004061666,42.148765885,B722,_,00530,641
B722__00520.641,14.023350944796054,42.138727079999995,B722,_,00520,641
B722__00510.641,14.004833431043542,42.134296085,B722,_,00510,641
B722__00430.641,14.029620867255252,42.14928714,B722,_,00430,641
B722__00410.641,14.014683990252522,42.15587251,B722,_,00410,641
B722__00200.641,14.02610798774523,42.169751615,B722,_,00200,641
B722__00190.641,13.990202129813103,42.16910345,B722,_,00190,641
B722__00180.641,14.033140627793154,42.175887485000004,B722,_,00180,641
B722__00150.641,13.99210900600415,42.172811155000005,B722,_,00150,641
B722__00140.641,13.986288022991527,42.17333899,B722,_,00140,641
B722__00100.641,13.979613187423343,42.186709394999994,B722,_,00100,641
B722__00090.641,13.969897543454188,42.18000991,B722,_,00090,641
B722__00070.641,13.996078654601696,42.193367345,B722,_,00070,641
B722__00060.641,13.995023367294428,42.193744135,B722,_,00060,641
B722__00050.641,13.972807750211174,42.188801485,B722,_,00050,641
B722__00030.641,13.962427482818496,42.19419552,B722,_,00030,641
B722__00020.642,13.983603705662425,42.200092784999995,B722,_,00020,642
B722__00530.642,14.031077641991697,42.148920090000004,B722,_,00530,642
B722__00520.642,14.024157919431563,42.138603685,B722,_,00520,642
B722__00510.642,14.004841061408971,42.13384209,B722,_,00510,642
B722__00370.642,13.993062340543627,42.142695995,B722,_,00370,642
B722__00200.642,14.026270883965172,42.16969675,B722,_,00200,642
B722__00190.642,13.991413456309527,42.163996685,B722,_,00190,642
B722__00180.642,14.03335968709121,42.17352457,B722,_,00180,642
B722__00150.642,13.993176144817943,42.17281162,B722,_,00150,642
B722__00140.642,13.986293051733341,42.17329868,B722,_,00140,642
B722__00100.642,13.979436914769042,42.18665532,B722,_,00100,642
B722__00090.642,13.969862273575586,42.17986727,B722,_,00090,642
B722__00060.642,13.995262651953102,42.193727675,B722,_,00060,642
B722__00050.642,13.973168444540997,42.188638725000004,B722,_,00050,642
B722__00030.642,13.961270503288663,42.194566435,B722,_,00030,642
B722__00020.643,13.983535861604617,42.19998389,B722,_,00020,643
B722__00530.643,14.031936744132828,42.149444835,B722,_,00530,643
B722__00520.643,14.02370393214268,42.13856388,B722,_,00520,643
B722__00510.643,14.005208565788191,42.13364834,B722,_,00510,643
B722__00420.643,14.01280303778698,42.14257005499999,B722,_,00420,643
B722__00410.643,14.014656216233211,42.15568582,B722,_,00410,643
B722__00370.643,13.99274786312698,42.142731534999996,B722,_,00370,643
B722__00290.643,14.010845411451097,42.159096875,B722,_,00290,643
B722__00150.643,13.993038878587882,42.172817699999996,B722,_,00150,643
B722__00140.643,13.987090466594063,42.173486170000004,B722,_,00140,643
B722__00100.643,13.979270951587466,42.18665595,B722,_,00100,643
B722__00090.643,13.970216068153725,42.179703885,B722,_,00090,643
B722__00070.643,13.997026013334573,42.1959768,B722,_,00070,643
B722__00060.643,13.995386806222662,42.19379634,B722,_,00060,643
B722__00050.643,13.971809923879967,42.188661735,B722,_,00050,643
B722__00030.643,13.961390986629105,42.194511175,B722,_,00030,643
B722__00020.644,13.98408412341818,42.204879405,B722,_,00020,644
B722__00530.644,14.031822595967263,42.14926443,B722,_,00530,644
B722__00520.644,14.023192630330783,42.13853299,B722,_,00520,644
B722__00510.644,14.005670662692554,42.1339059,B722,_,00510,644
B722__00420.644,14.012581266499453,42.14232088,B722,_,00420,644
B722__00410.644,14.01515876046945,42.155676995,B722,_,00410,644
B722__00370.644,13.993260867089885,42.142777769999995,B722,_,00370,644
B722__00290.644,14.011032748780405,42.1589967,B722,_,00290,644
B722__00280.644,14.000435149648524,42.16153639,B722,_,00280,644
B722__00180.644,14.032477575178616,42.173211195,B722,_,00180,644
B722__00150.644,13.99275014237287,42.17282799,B722,_,00150,644
B722__00140.644,13.987089766268378,42.173314340000005,B722,_,00140,644
B722__00100.644,13.979215431171932,42.1866491,B722,_,00100,644
B722__00090.644,13.970522923907891,42.179838265,B722,_,00090,644
B722__00060.644,13.985875398577797,42.190843685000004,B722,_,00060,644
B722__00050.644,13.972301230310372,42.18848034,B722,_,00050,644
B722__00030.644,13.96112222120264,42.194554635,B722,_,00030,644
B722__00020.645,13.98325041507531,42.199731065,B722,_,00020,645
B722__00530.645,14.032368686166704,42.149709375,B722,_,00530,645
B722__00520.645,14.022918672818356,42.13849693,B722,_,00520,645
B722__00510.645,14.005673053364728,42.13383639,B722,_,00510,645
B722__00420.645,14.013052988108115,42.142519664999995,B722,_,00420,645
B722__00410.645,14.015398146120202,42.155589725,B722,_,00410,645
B722__00290.645,14.011198068774714,42.159041625,B722,_,00290,645
B722__00280.645,14.001037621299815,42.161723045,B722,_,00280,645
B722__00190.645,14.007684008438734,42.163927055,B722,_,00190,645
B722__00180.645,14.03298690683588,42.173801145,B722,_,00180,645
B722__00150.645,13.993187263584574,42.172889905000005,B722,_,00150,645
B722__00140.645,13.987975940974083,42.17485292,B722,_,00140,645
B722__00100.645,13.979211779748214,42.186803815000005,B722,_,00100,645
B722__00090.645,13.97077489098911,42.179765105,B722,_,00090,645
B722__00070.645,13.997144505271493,42.196508109999996,B722,_,00070,645
B722__00050.645,13.97175483499828,42.18844723,B722,_,00050,645
B722__00030.645,13.96191268381984,42.19450643,B722,_,00030,645
B722__00030.646,13.962040643478726,42.194501495,B722,_,00030,646
B722__00530.646,14.032069208961621,42.149228425000004,B722,_,00530,646
B722__00520.646,14.02396644011063,42.13840852,B722,_,00520,646
B722__00510.646,14.00580940902359,42.133795315,B722,_,00510,646
B722__00420.646,14.013322407821473,42.142440140000005,B722,_,00420,646
B722__00370.646,13.993457620847817,42.143035839999996,B722,_,00370,646
B722__00290.646,14.011244835942065,42.159051195,B722,_,00290,646
B722__00280.646,14.001125753845074,42.161706095,B722,_,00280,646
B722__00190.646,14.006881202608259,42.16438345500001,B722,_,00190,646
B722__00180.646,14.032459392612244,42.173673485,B722,_,00180,646
B722__00150.646,13.993019958861932,42.172874809999996,B722,_,00150,646
B722__00140.646,13.98806623142315,42.174604415000005,B722,_,00140,646
B722__00100.646,13.979572904190091,42.18538672,B722,_,00100,646
B722__00090.646,13.970969583311952,42.179746785,B722,_,00090,646
B722__00060.646,13.985046395644508,42.193095655,B722,_,00060,646
B722__00050.646,13.971465713284136,42.188365155,B722,_,00050,646
B722__00020.647,13.984752516927726,42.200219165,B722,_,00020,647
B722__00530.647,14.032563273557372,42.149586165,B722,_,00530,647
B722__00520.647,14.023439825935768,42.138382324999995,B722,_,00520,647
B722__00510.647,14.004016619701659,42.133062475,B722,_,00510,647
B722__00370.647,13.994373225469728,42.14359615,B722,_,00370,647
B722__00190.647,13.995034908140884,42.165379475,B722,_,00190,647
B722__00140.647,13.988151114787689,42.174466069999994,B722,_,00140,647
B722__00100.647,13.978286473951286,42.184153609999996,B722,_,00100,647
B722__00090.647,13.971192522418276,42.179871399999996,B722,_,00090,647
B722__00060.647,13.989171736304336,42.19726403999999,B722,_,00060,647
B722__00050.647,13.971862839999641,42.188180105,B722,_,00050,647
B722__00030.647,13.962242558490773,42.19455119,B722,_,00030,647
B722__00020.648,13.986227009284624,42.200608765,B722,_,00020,648
B722__00530.648,14.032236126906497,42.149181535,B722,_,00530,648
B722__00520.648,14.022547853842106,42.13811435,B722,_,00520,648
B722__00510.648,14.003911657224814,42.132551575,B722,_,00510,648
B722__00410.648,14.016535756960788,42.15415781,B722,_,00410,648
B722__00370.648,13.991789344953215,42.1451236,B722,_,00370,648
B722__00290.648,14.011263329893985,42.159166255,B722,_,00290,648
B722__00280.648,13.996576031451523,42.159892549999995,B722,_,00280,648
B722__00190.648,13.99447590612942,42.165320945,B722,_,00190,648
B722__00150.648,13.993191951856296,42.17312087,B722,_,00150,648
B722__00100.648,13.977904130165404,42.18421101,B722,_,00100,648
B722__00090.648,13.971143036736128,42.18002025,B722,_,00090,648
B722__00070.648,13.997275712279604,42.196387095,B722,_,00070,648
B722__00050.648,13.972552176148717,42.188003345,B722,_,00050,648
B722__00030.648,13.96321063649734,42.190935395,B722,_,00030,648
B722__00020.649,13.987624915625535,42.200736774999996,B722,_,00020,649
B722__00530.649,14.033210026184634,42.149108299999995,B722,_,00530,649
B722__00520.649,14.023245009118515,42.13803877,B722,_,00520,649
B722__00510.649,14.00441464813963,42.132825145,B722,_,00510,649
B722__00420.649,14.019957622297165,42.142552554999995,B722,_,00420,649
B722__00410.649,14.01606432435357,42.153205325,B722,_,00410,649
B722__00370.649,13.991528984931781,42.144901065,B722,_,00370,649
B722__00290.649,14.011391299727952,42.159100265,B722,_,00290,649
B722__00280.649,13.996787839100243,42.159874045,B722,_,00280,649
B722__00190.649,13.994608449278477,42.165378675,B722,_,00190,649
B722__00150.649,13.992928565700222,42.17315147,B722,_,00150,649
B722__00140.649,13.988107500096703,42.171106025,B722,_,00140,649
B722__00100.649,13.978240402590057,42.18408499,B722,_,00100,649
B722__00090.649,13.971072577252617,42.18024164,B722,_,00090,649
B722__00060.649,13.985374841698363,42.199926935,B722,_,00060,649
B722__00050.649,13.97252703350669,42.1882155,B722,_,00050,649
B722__00030.649,13.964078431270854,42.191230305000005,B722,_,00030,649
B722__00010.65,13.971678572796844,42.20889792,B722,_,00010,65
B722__00610.65,13.996155192664666,42.11835911,B722,_,00610,65
B722__00600.65,14.00593487447701,42.12619513,B722,_,00600,65
B722__00590.65,13.989741387907964,42.12207654,B722,_,00590,65
B722__00540.65,14.049949320144744,42.14432019,B722,_,00540,65
B722__00530.65,14.02934932789517,42.146467725,B722,_,00530,65
B722__00520.65,14.010476424390717,42.142377445,B722,_,00520,65
B722__0051.65,14.004902291820638,42.14222657,B722,_,0051,65
B722__00500.65,13.994508691152404,42.13573309,B722,_,00500,65
B722__00490.65,13.98491478890045,42.130245915,B722,_,00490,65
B722__00480.65,13.985134324297473,42.138217025,B722,_,00480,65
B722__00440.65,14.050052617995624,42.150971479999995,B722,_,00440,65
B722__00430.65,14.024326915011262,42.157954345,B722,_,00430,65
B722__00400.65,14.00311720244196,42.152110835,B722,_,00400,65
B722__00390.65,13.999245792037517,42.144380855,B722,_,00390,65
B722__00380.65,14.000551507165895,42.14136043,B722,_,00380,65
B722__00370.65,13.986139109595072,42.14366707,B722,_,00370,65
B722__00360.65,13.99907525704404,42.151431545,B722,_,00360,65
B722__00350.65,13.979095774458983,42.14522132,B722,_,00350,65
B722__00340.65,13.968341637043011,42.144622014999996,B722,_,00340,65
B722__00330.65,13.982847706059548,42.151431665000004,B722,_,00330,65
B722__00300.65,14.022781809210553,42.159159535,B722,_,00300,65
B722__00290.65,14.004735524580209,42.161667555,B722,_,00290,65
B722__00270.65,13.990662331594446,42.159212124999996,B722,_,00270,65
B722__00260.65,13.986121992103186,42.164937375,B722,_,00260,65
B722__00250.65,13.979266767869401,42.16530295,B722,_,00250,65
B722__00230.65,14.063432720656913,42.167642055,B722,_,00230,65
B722__00220.65,14.05086676748588,42.17060112,B722,_,00220,65
B722__00210.65,14.040015252086029,42.172545400000004,B722,_,00210,65
B722__00200.65,14.013520081922483,42.169323975,B722,_,00200,65
B722__00190.65,13.989278798105566,42.169389265,B722,_,00190,65
B722__00170.65,14.007846538922447,42.178694175000004,B722,_,00170,65
B722__00160.65,14.010013871042469,42.172922639999996,B722,_,00160,65
B722__00150.65,13.993402429941984,42.175832,B722,_,00150,65
B722__00140.65,13.988089107774517,42.168834285,B722,_,00140,65
B722__00130.65,13.979569046037323,42.17360268,B722,_,00130,65
B722__00120.65,14.006935432554094,42.19153387,B722,_,00120,65
B722__00110.65,14.004192432790472,42.184615570000005,B722,_,00110,65
B722__00100.65,13.979664749550489,42.18654546,B722,_,00100,65
B722__0009.65,13.970333192926038,42.18754844,B722,_,0009,65
B722__00080.65,13.960180014275917,42.189439785,B722,_,00080,65
B722__00070.65,13.997975913020735,42.19706952,B722,_,00070,65
B722__00050.65,13.979104823217906,42.19457142,B722,_,00050,65
B722__00040.65,13.970878718523593,42.200906355,B722,_,00040,65
B722__00030.65,13.967273839349183,42.197811970000004,B722,_,00030,65
B722__00020.65,13.97998849961221,42.207635010000004,B722,_,00020,65
B722__00020.650,13.989343329467708,42.200938199999996,B722,_,00020,650
B722__00530.650,14.032361714429328,42.149176815000004,B722,_,00530,650
B722__00520.650,14.02336721274871,42.137951445,B722,_,00520,650
B722__00510.650,14.004386608303928,42.13292102,B722,_,00510,650
B722__00420.650,14.019833062754461,42.143154895,B722,_,00420,650
B722__00410.650,14.016300883420325,42.153349774999995,B722,_,00410,650
B722__00370.650,13.993522821358383,42.14326495,B722,_,00370,650
B722__00280.650,13.996876769872166,42.1598441,B722,_,00280,650
B722__00190.650,13.99491467391865,42.165486885,B722,_,00190,650
B722__00150.650,13.992365978442095,42.173175165,B722,_,00150,650
B722__00140.650,13.985120276254612,42.172005049999996,B722,_,00140,650
B722__00100.650,13.977843619796044,42.183476354999996,B722,_,00100,650
B722__00090.650,13.97066842847196,42.18024966,B722,_,00090,650
B722__00060.650,13.986330788548461,42.193046045,B722,_,00060,650
B722__00050.650,13.97326576877935,42.188145715000005,B722,_,00050,650
B722__00030.650,13.964360595027102,42.191058670000004,B722,_,00030,650
B722__00020.651,13.983601136306781,42.199843715,B722,_,00020,651
B722__00530.651,14.033046108781669,42.148891745,B722,_,00530,651
B722__00520.651,14.0235774363097,42.13794826,B722,_,00520,651
B722__00510.651,14.004262536533226,42.132897209999996,B722,_,00510,651
B722__00420.651,14.020618516529762,42.1431021,B722,_,00420,651
B722__00410.651,14.016487319736475,42.153582099999994,B722,_,00410,651
B722__00370.651,13.9949228392028,42.143561614999996,B722,_,00370,651
B722__00290.651,14.011652497661434,42.159147899999994,B722,_,00290,651
B722__00280.651,13.99817316449235,42.160340565,B722,_,00280,651
B722__00270.651,13.992122008354562,42.15271677,B722,_,00270,651
B722__00260.651,13.989107980175302,42.16245169,B722,_,00260,651
B722__00190.651,13.994417632750665,42.165119454999996,B722,_,00190,651
B722__00140.651,13.98506816142443,42.17174398,B722,_,00140,651
B722__00100.651,13.977678238426378,42.183452085,B722,_,00100,651
B722__00090.651,13.970978090185376,42.18045754,B722,_,00090,651
B722__00060.651,13.986404383284306,42.19307603,B722,_,00060,651
B722__00050.651,13.97313083864541,42.188410565,B722,_,00050,651
B722__00030.651,13.967002532129627,42.19369923,B722,_,00030,651
B722__00030.652,13.967492023684455,42.193791805000004,B722,_,00030,652
B722__00530.652,14.032662457449845,42.148966845000004,B722,_,00530,652
B722__00520.652,14.02383788193039,42.137962685000005,B722,_,00520,652
B722__00510.652,14.004159151925398,42.132885810000005,B722,_,00510,652
B722__00420.652,14.02065469760327,42.142679709999996,B722,_,00420,652
B722__00370.652,13.994164716362643,42.143344345,B722,_,00370,652
B722__00290.652,14.011629090306572,42.15909715,B722,_,00290,652
B722__00280.652,13.997844803060637,42.160542335,B722,_,00280,652
B722__00270.652,13.992440633339491,42.153129684999996,B722,_,00270,652
B722__00260.652,13.989178777201253,42.16215341,B722,_,00260,652
B722__00190.652,13.994445741388274,42.16519795,B722,_,00190,652
B722__00150.652,13.98957191131002,42.17325587,B722,_,00150,652
B722__00140.652,13.984443876321183,42.171219840000006,B722,_,00140,652
B722__00100.652,13.978835882265411,42.183459465,B722,_,00100,652
B722__00090.652,13.970656164332015,42.180501365,B722,_,00090,652
B722__00060.652,13.986463471610382,42.19309416,B722,_,00060,652
B722__00050.652,13.973314572761133,42.188523325,B722,_,00050,652
B722__00020.653,13.98412947570855,42.200015565,B722,_,00020,653
B722__00530.653,14.03345287210092,42.148655845,B722,_,00530,653
B722__00520.653,14.024498091584869,42.137777525000004,B722,_,00520,653
B722__00510.653,14.004154366074477,42.13296752,B722,_,00510,653
B722__00420.653,14.02125520787131,42.14305026,B722,_,00420,653
B722__00280.653,13.997825986575796,42.160052394999994,B722,_,00280,653
B722__00270.653,13.992933890427485,42.152962904999995,B722,_,00270,653
B722__00260.653,13.989195450896169,42.16200547,B722,_,00260,653
B722__00190.653,13.995047603542934,42.16504386,B722,_,00190,653
B722__00150.653,13.989465740476241,42.173195,B722,_,00150,653
B722__00140.653,13.985032085977496,42.17141625,B722,_,00140,653
B722__00100.653,13.979065105988134,42.183406985,B722,_,00100,653
B722__00090.653,13.970898078673546,42.18064263,B722,_,00090,653
B722__00070.653,13.995352431467149,42.196183945,B722,_,00070,653
B722__00060.653,13.986557868313994,42.193115245,B722,_,00060,653
B722__00050.653,13.969339004775392,42.193643875,B722,_,00050,653
B722__00030.653,13.967652331908061,42.193946795,B722,_,00030,653
B722__00020.654,13.985751318241354,42.20326984,B722,_,00020,654
B722__00530.654,14.033189715374863,42.14860476,B722,_,00530,654
B722__00520.654,14.021417167203795,42.139546535,B722,_,00520,654
B722__00510.654,14.004868821435988,42.132993055,B722,_,00510,654
B722__00420.654,14.021300597744311,42.1426029,B722,_,00420,654
B722__00370.654,13.99437152958103,42.142997015000006,B722,_,00370,654
B722__00260.654,13.98930658168158,42.16245169,B722,_,00260,654
B722__00190.654,13.994892100018134,42.16482463,B722,_,00190,654
B722__00140.654,13.985532348891674,42.17083252,B722,_,00140,654
B722__00100.654,13.979759666298055,42.18179374,B722,_,00100,654
B722__00090.654,13.9709160699845,42.180785175,B722,_,00090,654
B722__00070.654,13.995702414234191,42.19612851,B722,_,00070,654
B722__00060.654,13.986731937487402,42.19312879,B722,_,00060,654
B722__00050.654,13.972967266028466,42.187995725,B722,_,00050,654
B722__00030.654,13.967844030619005,42.19381695,B722,_,00030,654
B722__00030.655,13.965857493163043,42.193572015,B722,_,00030,655
B722__00530.655,14.03454515020977,42.148904335,B722,_,00530,655
B722__00520.655,14.021427617420585,42.139460400000004,B722,_,00520,655
B722__00510.655,14.004886145983068,42.13335519,B722,_,00510,655
B722__00420.655,14.02144490066504,42.14293642,B722,_,00420,655
B722__00370.655,13.9935458981384,42.143228905,B722,_,00370,655
B722__00290.655,14.010772082615091,42.158788125,B722,_,00290,655
B722__00280.655,13.998789517581752,42.160023455,B722,_,00280,655
B722__00270.655,13.99152691165322,42.152296575,B722,_,00270,655
B722__00190.655,13.994904680398474,42.164678985,B722,_,00190,655
B722__00140.655,13.986258899541795,42.17127485,B722,_,00140,655
B722__00090.655,13.970961020218127,42.180900275,B722,_,00090,655
B722__00060.655,13.986480550216612,42.193255655,B722,_,00060,655
B722__00050.655,13.973758141963781,42.188141335,B722,_,00050,655
B722__00030.656,13.966160432480411,42.1940746,B722,_,00030,656
B722__00530.656,14.033887613920093,42.14821097,B722,_,00530,656
B722__00520.656,14.020376438758177,42.136148645,B722,_,00520,656
B722__00510.656,14.005141001522443,42.13331795,B722,_,00510,656
B722__00420.656,14.021920392835304,42.143347524999996,B722,_,00420,656
B722__00280.656,13.99908597181458,42.160234545,B722,_,00280,656
B722__00260.656,13.989554278618417,42.162054065,B722,_,00260,656
B722__00190.656,13.994994177133547,42.164538285,B722,_,00190,656
B722__00140.656,13.98676056185666,42.17111529,B722,_,00140,656
B722__00090.656,13.971777260939328,42.180653965000005,B722,_,00090,656
B722__00060.656,13.986652789255263,42.19327645,B722,_,00060,656
B722__00050.656,13.973656457830023,42.18802447,B722,_,00050,656
B722__00030.657,13.966157209161189,42.193657255000005,B722,_,00030,657
B722__00530.657,14.035427068535501,42.1485886,B722,_,00530,657
B722__00520.657,14.02369647574063,42.14042224,B722,_,00520,657
B722__00510.657,14.005153124306739,42.133265175,B722,_,00510,657
B722__00420.657,14.021719354320386,42.14290568,B722,_,00420,657
B722__00410.657,14.011396903506164,42.157035905,B722,_,00410,657
B722__00290.657,14.01097075286627,42.158922525,B722,_,00290,657
B722__00280.657,13.999170428787952,42.160412425000004,B722,_,00280,657
B722__00270.657,13.983996422177636,42.152283,B722,_,00270,657
B722__00190.657,13.994186539528165,42.16419444,B722,_,00190,657
B722__00140.657,13.985865956631763,42.171066165,B722,_,00140,657
B722__00100.657,13.978805409133697,42.18124442,B722,_,00100,657
B722__00090.657,13.971903669265263,42.18027651,B722,_,00090,657
B722__00070.657,13.996643195732457,42.19633766,B722,_,00070,657
B722__00060.657,13.98762630620173,42.19324331,B722,_,00060,657
B722__00050.657,13.973883164942539,42.187983065,B722,_,00050,657
B722__00020.658,13.98644767980835,42.202138,B722,_,00020,658
B722__00530.658,14.035089272306195,42.148132735000004,B722,_,00530,658
B722__00520.658,14.023911562465669,42.140137145,B722,_,00520,658
B722__00510.658,14.005166385733357,42.133224565,B722,_,00510,658
B722__00420.658,14.02200827350965,42.142913660000005,B722,_,00420,658
B722__00290.658,14.011299110153512,42.15889895,B722,_,00290,658
B722__00280.658,13.999439547772855,42.160380485000005,B722,_,00280,658
B722__00270.658,13.983929536683233,42.15231668,B722,_,00270,658
B722__00260.658,13.988828848778308,42.161723745,B722,_,00260,658
B722__00190.658,13.994201089325156,42.164111950000006,B722,_,00190,658
B722__00140.658,13.987635776348329,42.172540760000004,B722,_,00140,658
B722__00100.658,13.97901287466284,42.18132428,B722,_,00100,658
B722__00090.658,13.97149313818855,42.180293930000005,B722,_,00090,658
B722__00050.658,13.97391250091535,42.188102404999995,B722,_,00050,658
B722__00030.658,13.96075711804018,42.198222650000005,B722,_,00030,658
B722__00030.659,13.96008697080329,42.198335305,B722,_,00030,659
B722__00530.659,14.035447602050063,42.148401225,B722,_,00530,659
B722__00520.659,14.02396307427197,42.14023695,B722,_,00520,659
B722__00510.659,14.005064742735799,42.133047045,B722,_,00510,659
B722__00420.659,14.022191030143723,42.142908774999995,B722,_,00420,659
B722__00410.659,14.013455771867488,42.157024255,B722,_,00410,659
B722__00290.659,14.011374425754505,42.158975465,B722,_,00290,659
B722__00280.659,13.9995959838973,42.16044348,B722,_,00280,659
B722__00270.659,13.984096521974156,42.152290605000005,B722,_,00270,659
B722__00260.659,13.988585315095374,42.161709525,B722,_,00260,659
B722__00190.659,13.994215074776022,42.164026495,B722,_,00190,659
B722__00140.659,13.985382990496227,42.169565465000005,B722,_,00140,659
B722__00100.659,13.979088236016752,42.181206125,B722,_,00100,659
B722__00090.659,13.971532734156057,42.180107774999996,B722,_,00090,659
B722__00070.659,13.996736330982273,42.196306115,B722,_,00070,659
B722__00060.659,13.987792733950876,42.193401785000006,B722,_,00060,659
B722__00050.659,13.974071183652839,42.18807479,B722,_,00050,659
B722__00010.66,13.966562804550229,42.209184640000004,B722,_,00010,66
B722__00610.66,13.996819327382653,42.118212635,B722,_,00610,66
B722__00600.66,14.006111929766227,42.12627435,B722,_,00600,66
B722__00590.66,13.989312216586969,42.12209704,B722,_,00590,66
B722__00540.66,14.050556377581428,42.1444343,B722,_,00540,66
B722__00530.66,14.030489443601695,42.146582045,B722,_,00530,66
B722__00520.66,14.010389145326634,42.14232156,B722,_,00520,66
B722__0051.66,14.00500514310017,42.141934605,B722,_,0051,66
B722__00500.66,13.995440203941953,42.136409889999996,B722,_,00500,66
B722__00490.66,13.985869039363969,42.130073375,B722,_,00490,66
B722__00480.66,13.985811253693758,42.1387038,B722,_,00480,66
B722__00440.66,14.03785587210452,42.15192975,B722,_,00440,66
B722__00430.66,14.024504186618294,42.15791643,B722,_,00430,66
B722__00400.66,14.002969168723695,42.152165935,B722,_,00400,66
B722__00390.66,13.999417906707412,42.144335635000004,B722,_,00390,66
B722__00380.66,14.000864106394442,42.14141363,B722,_,00380,66
B722__00370.66,13.986332064927822,42.143755905,B722,_,00370,66
B722__00360.66,13.999357861171745,42.15140572,B722,_,00360,66
B722__00350.66,13.9798475242236,42.14549533,B722,_,00350,66
B722__00340.66,13.96868001147819,42.144596664999995,B722,_,00340,66
B722__00330.66,13.981842794706264,42.15100451,B722,_,00330,66
B722__00300.66,14.023034474990476,42.158963650000004,B722,_,00300,66
B722__00290.66,14.00483270736914,42.161649784999994,B722,_,00290,66
B722__0028.66,13.99772665771058,42.15921328,B722,_,0028,66
B722__00270.66,13.990597029874234,42.159031635000005,B722,_,00270,66
B722__00260.66,13.982468240685364,42.162752075,B722,_,00260,66
B722__00250.66,13.979134939517284,42.165614965,B722,_,00250,66
B722__00230.66,14.063916326056239,42.16750387,B722,_,00230,66
B722__00220.66,14.050658198797588,42.17008,B722,_,00220,66
B722__00210.66,14.040264598024311,42.172831564999996,B722,_,00210,66
B722__00200.66,14.012691899361624,42.16954932,B722,_,00200,66
B722__00190.66,13.99124285388211,42.16993705,B722,_,00190,66
B722__00170.66,14.010303728232032,42.179046325,B722,_,00170,66
B722__00160.66,14.010126741707067,42.17237387,B722,_,00160,66
B722__00150.66,13.994201748387628,42.175905725,B722,_,00150,66
B722__00140.66,13.988465148076653,42.17335985,B722,_,00140,66
B722__00130.66,13.97999917361836,42.17366594,B722,_,00130,66
B722__00120.66,14.007511293494828,42.191534355,B722,_,00120,66
B722__00110.66,13.990450621985804,42.184300375,B722,_,00110,66
B722__00100.66,13.983879883793907,42.18390377,B722,_,00100,66
B722__00080.66,13.960094100265824,42.189328745,B722,_,00080,66
B722__00070.66,13.997889637080178,42.197179184999996,B722,_,00070,66
B722__00060.66,13.984639325076882,42.199340164999995,B722,_,00060,66
B722__00050.66,13.979393806105312,42.194383224999996,B722,_,00050,66
B722__00040.66,13.97108514912296,42.201025,B722,_,00040,66
B722__00030.66,13.96726405634979,42.197550445000005,B722,_,00030,66
B722__00020.66,13.979674115486791,42.207295575,B722,_,00020,66
B722__00020.660,13.986448643785954,42.202065175,B722,_,00020,660
B722__00530.660,14.035246527369695,42.148131525,B722,_,00530,660
B722__00520.660,14.024115084815122,42.140235285,B722,_,00520,660
B722__00510.660,14.005604745916912,42.133137399999995,B722,_,00510,660
B722__00420.660,14.02245068252761,42.14295971999999,B722,_,00420,660
B722__00410.660,14.012465583257057,42.15674296,B722,_,00410,660
B722__00290.660,14.01141208141783,42.158998705,B722,_,00290,660
B722__00280.660,13.99972926078432,42.160576485,B722,_,00280,660
B722__00270.660,13.992038647397019,42.15337666,B722,_,00270,660
B722__00260.660,13.988557655017242,42.161170805,B722,_,00260,660
B722__00190.660,13.99422740194593,42.163941145,B722,_,00190,660
B722__00140.660,13.988508692510692,42.173341915,B722,_,00140,660
B722__00100.660,13.978202379083124,42.180703705,B722,_,00100,660
B722__00090.660,13.971503548328805,42.179976679999996,B722,_,00090,660
B722__00070.660,13.996791092276514,42.196293350000005,B722,_,00070,660
B722__00060.660,13.987959704479401,42.193960075,B722,_,00060,660
B722__00050.660,13.974205689752733,42.188031445,B722,_,00050,660
B722__00030.660,13.960078750619196,42.198174370000004,B722,_,00030,660
B722__00030.661,13.962832551046088,42.196588555,B722,_,00030,661
B722__00530.661,14.035727402400916,42.148450785,B722,_,00530,661
B722__00520.661,14.021257412945413,42.135324605,B722,_,00520,661
B722__00510.661,14.005552472696507,42.133303944999994,B722,_,00510,661
B722__00420.661,14.022655628608447,42.14292173,B722,_,00420,661
B722__00290.661,14.011657120529396,42.15891631,B722,_,00290,661
B722__00280.661,13.999780295636938,42.16070138,B722,_,00280,661
B722__00270.661,13.991707529436685,42.153325235,B722,_,00270,661
B722__00260.661,13.988433902837276,42.161253295,B722,_,00260,661
B722__00190.661,13.99390026150063,42.163795375,B722,_,00190,661
B722__00140.661,13.988592431383415,42.173332075000005,B722,_,00140,661
B722__00100.661,13.980304190633852,42.180829814999996,B722,_,00100,661
B722__00090.661,13.97142505104378,42.179721674999996,B722,_,00090,661
B722__00070.661,13.996796894289492,42.19683871,B722,_,00070,661
B722__00060.661,13.988210906306973,42.19394371,B722,_,00060,661
B722__00050.661,13.974467925180086,42.187625409999995,B722,_,00050,661
B722__00020.662,13.98568486094494,42.203232674999995,B722,_,00020,662
B722__00530.662,14.035552380475142,42.148077105,B722,_,00530,662
B722__00520.662,14.020877463412347,42.13524255,B722,_,00520,662
B722__00420.662,14.02282645854213,42.14289612,B722,_,00420,662
B722__00410.662,14.013189959133394,42.156852119999996,B722,_,00410,662
B722__00290.662,14.010818311609611,42.15869996,B722,_,00290,662
B722__00280.662,13.999974054347668,42.160880485,B722,_,00280,662
B722__00270.662,13.989479440718611,42.1533088,B722,_,00270,662
B722__00260.662,13.988354695785608,42.161074905,B722,_,00260,662
B722__00100.662,13.980393362918335,42.180694125,B722,_,00100,662
B722__00090.662,13.971711533880253,42.179820975,B722,_,00090,662
B722__00070.662,13.996972465021715,42.196212849999995,B722,_,00070,662
B722__00060.662,13.988414765650154,42.193546675,B722,_,00060,662
B722__00050.662,13.9745031638986,42.18778958,B722,_,00050,662
B722__00030.662,13.962803868380531,42.196715569999995,B722,_,00030,662
B722__00020.663,13.983551545049213,42.199754760000005,B722,_,00020,663
B722__00530.663,14.035893587878444,42.148186555,B722,_,00530,663
B722__00520.663,14.02086347226297,42.13499118,B722,_,00520,663
B722__00420.663,14.022957385372791,42.142847485000004,B722,_,00420,663
B722__00290.663,14.009585110890427,42.159758765,B722,_,00290,663
B722__00280.663,14.000216977996757,42.160977275,B722,_,00280,663
B722__00270.663,13.992750925194724,42.160366984999996,B722,_,00270,663
B722__00260.663,13.988233999302349,42.161085605,B722,_,00260,663
B722__00190.663,13.994859030405053,42.164169125,B722,_,00190,663
B722__00100.663,13.980326475488592,42.18059635,B722,_,00100,663
B722__00090.663,13.972238174298042,42.17987866,B722,_,00090,663
B722__00070.663,13.996046531433379,42.19625971,B722,_,00070,663
B722__00060.663,13.988692056300053,42.19363914,B722,_,00060,663
B722__00050.663,13.974594329450813,42.187758360000004,B722,_,00050,663
B722__00030.663,13.96564305081689,42.198589825,B722,_,00030,663
B722__00020.664,13.984301479546652,42.20491759,B722,_,00020,664
B722__00530.664,14.03574678801128,42.148040815,B722,_,00530,664
B722__00520.664,14.02129316940847,42.135977765,B722,_,00520,664
B722__00420.664,14.02325370871068,42.14283471,B722,_,00420,664
B722__00290.664,14.010844041699837,42.15876472,B722,_,00290,664
B722__00280.664,14.00033645817077,42.16105691,B722,_,00280,664
B722__00270.664,13.990984429242197,42.158553465,B722,_,00270,664
B722__00190.664,13.994865389858898,42.164098405000004,B722,_,00190,664
B722__00100.664,13.987799089027687,42.182426969999995,B722,_,00100,664
B722__00090.664,13.972226777576179,42.180078045,B722,_,00090,664
B722__00070.664,13.99585997568283,42.196287915,B722,_,00070,664
B722__00060.664,13.988814467403905,42.193653045,B722,_,00060,664
B722__00050.664,13.97359717984294,42.187739050000005,B722,_,00050,664
B722__00030.664,13.966551672031022,42.198559325,B722,_,00030,664
B722__00020.665,13.98344871099378,42.204489995,B722,_,00020,665
B722__00530.665,14.02685974539131,42.149483045,B722,_,00530,665
B722__00520.665,14.021997425736915,42.135786124999996,B722,_,00520,665
B722__00510.665,14.004002626395245,42.13244995,B722,_,00510,665
B722__00420.665,14.006725894312833,42.14403598,B722,_,00420,665
B722__00290.665,14.011095253735384,42.158713405,B722,_,00290,665
B722__00280.665,14.000620179536355,42.16119344,B722,_,00280,665
B722__00190.665,13.994868866918896,42.164027185,B722,_,00190,665
B722__00100.665,13.984459206694961,42.188844835,B722,_,00100,665
B722__00090.665,13.972330982206541,42.180175765,B722,_,00090,665
B722__00060.665,13.988932821491652,42.193631685,B722,_,00060,665
B722__00050.665,13.97398767052928,42.187607015,B722,_,00050,665
B722__00030.665,13.962176972038524,42.1909362,B722,_,00030,665
B722__00020.666,13.981038301040915,42.20547367,B722,_,00020,666
B722__00530.666,14.026919338887943,42.14956299,B722,_,00530,666
B722__00520.666,14.022270089313302,42.13543093,B722,_,00520,666
B722__00510.666,14.003818833853785,42.13225431,B722,_,00510,666
B722__00420.666,14.017349056649213,42.143068944999996,B722,_,00420,666
B722__00290.666,14.011103135010831,42.158784775,B722,_,00290,666
B722__00280.666,14.000873829335754,42.16144982,B722,_,00280,666
B722__00260.666,13.988041717821016,42.16073746,B722,_,00260,666
B722__00190.666,13.9948292540412,42.164410235,B722,_,00190,666
B722__00140.666,13.984357335586616,42.1730047,B722,_,00140,666
B722__00090.666,13.972320636988826,42.18062902,B722,_,00090,666
B722__00070.666,13.995863827781395,42.19637851,B722,_,00070,666
B722__00060.666,13.989225305967555,42.19376482,B722,_,00060,666
B722__00050.666,13.974311611681053,42.18750835,B722,_,00050,666
B722__00030.666,13.962143338455704,42.19116723,B722,_,00030,666
B722__00020.667,13.980497226716993,42.207622495,B722,_,00020,667
B722__00530.667,14.035280675406291,42.147514135,B722,_,00530,667
B722__00520.667,14.022376250570556,42.135283045,B722,_,00520,667
B722__00510.667,14.0038889143453,42.132241555,B722,_,00510,667
B722__00420.667,14.024275275735612,42.147368924999995,B722,_,00420,667
B722__00410.667,14.004878608783983,42.15795481,B722,_,00410,667
B722__00280.667,13.992336098243122,42.161594385,B722,_,00280,667
B722__00260.667,13.987958306961916,42.16080770000001,B722,_,00260,667
B722__00190.667,13.994694997254882,42.16454347,B722,_,00190,667
B722__00140.667,13.984585949038209,42.173203825,B722,_,00140,667
B722__00090.667,13.972434677419509,42.180499645,B722,_,00090,667
B722__00070.667,13.99653339273705,42.19698952,B722,_,00070,667
B722__00060.667,13.988621907308584,42.193342855,B722,_,00060,667
B722__00050.667,13.974093767814034,42.187451440000004,B722,_,00050,667
B722__00030.667,13.962714777532192,42.19183214500001,B722,_,00030,667
B722__00020.668,13.98040499200429,42.207317384999996,B722,_,00020,668
B722__00530.668,14.03482045793871,42.147994215,B722,_,00530,668
B722__00520.668,14.022843076638026,42.135376175,B722,_,00520,668
B722__00510.668,14.003963160210418,42.132224705,B722,_,00510,668
B722__00420.668,14.024645514534642,42.147532735,B722,_,00420,668
B722__00410.668,14.00749502164629,42.15893869999999,B722,_,00410,668
B722__00280.668,13.993205397483521,42.16101766,B722,_,00280,668
B722__00260.668,13.987860910945978,42.160811995,B722,_,00260,668
B722__00190.668,13.994567831798037,42.164686285,B722,_,00190,668
B722__00140.668,13.984513961909611,42.16849388,B722,_,00140,668
B722__00100.668,13.9871585939668,42.185590094999995,B722,_,00100,668
B722__00090.668,13.973031867158232,42.180206964999996,B722,_,00090,668
B722__00070.668,13.997457365903827,42.19735388,B722,_,00070,668
B722__00060.668,13.988134281273105,42.19319185,B722,_,00060,668
B722__00050.668,13.97349515007973,42.18769478,B722,_,00050,668
B722__00030.668,13.963254964433684,42.19178135,B722,_,00030,668
B722__00020.669,13.97789676850504,42.206467535,B722,_,00020,669
B722__00530.669,14.034459273746947,42.14782014,B722,_,00530,669
B722__00520.669,14.023260918332038,42.135433664999994,B722,_,00520,669
B722__00510.669,14.004010196507938,42.13217099,B722,_,00510,669
B722__00420.669,14.024876452067648,42.147684835,B722,_,00420,669
B722__00280.669,13.995838991803819,42.161182025,B722,_,00280,669
B722__00260.669,13.986759129410103,42.159919595,B722,_,00260,669
B722__00190.669,13.994525293186234,42.16480354,B722,_,00190,669
B722__00140.669,13.984771444394461,42.168401875,B722,_,00140,669
B722__00100.669,13.986719130444937,42.18655927499999,B722,_,00100,669
B722__00090.669,13.972971611449944,42.180804734999995,B722,_,00090,669
B722__00070.669,13.99496208421727,42.19689771,B722,_,00070,669
B722__00060.669,13.98813020264912,42.193099430000004,B722,_,00060,669
B722__00050.669,13.97331973075208,42.187605794999996,B722,_,00050,669
B722__00030.669,13.963385245005007,42.19776651,B722,_,00030,669
B722__00010.67,13.967148465216056,42.209551735000005,B722,_,00010,67
B722__00610.67,13.99664164666704,42.119175185,B722,_,00610,67
B722__00600.67,14.006329701678855,42.126564245,B722,_,00600,67
B722__00590.67,13.989468574092584,42.12144893,B722,_,00590,67
B722__00540.67,14.051157196185846,42.144538905,B722,_,00540,67
B722__00530.67,14.031147698632244,42.146730864999995,B722,_,00530,67
B722__00520.67,14.010655389708713,42.14249383,B722,_,00520,67
B722__0051.67,14.004743733502535,42.141637540000005,B722,_,0051,67
B722__00500.67,13.995743300467185,42.13616437,B722,_,00500,67
B722__00490.67,13.985398536498568,42.12975556,B722,_,00490,67
B722__00480.67,13.985877797658526,42.13859206,B722,_,00480,67
B722__00440.67,14.039031260010539,42.151482849999994,B722,_,00440,67
B722__00430.67,14.024108869480234,42.15778072,B722,_,00430,67
B722__00400.67,14.002914979126526,42.15222186,B722,_,00400,67
B722__00390.67,13.99984286033232,42.14461973,B722,_,00390,67
B722__00380.67,14.000887424817844,42.141216275000005,B722,_,00380,67
B722__00370.67,13.985709752143658,42.14380114,B722,_,00370,67
B722__00360.67,13.999556286076942,42.151339545,B722,_,00360,67
B722__00350.67,13.980390185274834,42.14530466,B722,_,00350,67
B722__00340.67,13.969157183399943,42.145166335,B722,_,00340,67
B722__00330.67,13.981616043766213,42.150736635,B722,_,00330,67
B722__00300.67,14.030108276256392,42.15896575,B722,_,00300,67
B722__00290.67,14.005514990142917,42.162084295,B722,_,00290,67
B722__00270.67,13.991015298865964,42.15899538,B722,_,00270,67
B722__00260.67,13.981576211631776,42.164138565,B722,_,00260,67
B722__00250.67,13.979192764518075,42.165860845,B722,_,00250,67
B722__00230.67,14.064568080685007,42.167434985,B722,_,00230,67
B722__00220.67,14.051462778929915,42.170209715,B722,_,00220,67
B722__00210.67,14.040958062954513,42.172383315000005,B722,_,00210,67
B722__00200.67,14.013574848642634,42.16993502,B722,_,00200,67
B722__00190.67,13.992049363939165,42.169753915,B722,_,00190,67
B722__00170.67,14.009565908201107,42.17859871,B722,_,00170,67
B722__00160.67,14.010710491175724,42.172614335000006,B722,_,00160,67
B722__00150.67,13.995184293518074,42.176199374999996,B722,_,00150,67
B722__00130.67,13.980202179446401,42.173512790000004,B722,_,00130,67
B722__00120.67,14.007973509897806,42.192063835,B722,_,00120,67
B722__00110.67,13.999511767474162,42.18183174,B722,_,00110,67
B722__00100.67,13.979781202790337,42.18641841,B722,_,00100,67
B722__0009.67,13.970260758885264,42.187664319999996,B722,_,0009,67
B722__00060.67,13.984387937639143,42.19964995,B722,_,00060,67
B722__00050.67,13.97790771799718,42.19335278,B722,_,00050,67
B722__00040.67,13.971392263287232,42.200868745,B722,_,00040,67
B722__00030.67,13.967519872602729,42.197354225,B722,_,00030,67
B722__00020.67,13.979452290966954,42.207115955,B722,_,00020,67
B722__00020.670,13.978234313324375,42.206201705,B722,_,00020,670
B722__00530.670,14.03459644678777,42.14800151,B722,_,00530,670
B722__00520.670,14.023462926711652,42.13534237499999,B722,_,00520,670
B722__00510.670,14.004328552603132,42.132206405000005,B722,_,00510,670
B722__00420.670,14.025168881254164,42.147828155,B722,_,00420,670
B722__00410.670,14.013605266810302,42.157514435,B722,_,00410,670
B722__00280.670,13.993417110545693,42.160882189999995,B722,_,00280,670
B722__00260.670,13.986957735048286,42.159787449999996,B722,_,00260,670
B722__00190.670,13.994484719827097,42.164914010000004,B722,_,00190,670
B722__00140.670,13.984296043260485,42.168464130000004,B722,_,00140,670
B722__00100.670,13.98821327797327,42.18491066,B722,_,00100,670
B722__00090.670,13.973698657852832,42.18099468,B722,_,00090,670
B722__00070.670,13.995209228449632,42.197144089999995,B722,_,00070,670
B722__00060.670,13.988700326928527,42.19311719,B722,_,00060,670
B722__00030.670,13.963406886383087,42.192654995,B722,_,00030,670
B722__00020.671,13.977795025236091,42.2051335,B722,_,00020,671
B722__00530.671,14.034205287063894,42.14782003,B722,_,00530,671
B722__00520.671,14.023757070112715,42.135087354999996,B722,_,00520,671
B722__00510.671,14.004759247951368,42.132184824999996,B722,_,00510,671
B722__00420.671,14.02576527155433,42.147464525000004,B722,_,00420,671
B722__00410.671,14.013262131045368,42.157411045,B722,_,00410,671
B722__00280.671,13.99351447715739,42.16081198,B722,_,00280,671
B722__00260.671,13.987182316742635,42.160201795000006,B722,_,00260,671
B722__00190.671,13.994416593177919,42.164955155,B722,_,00190,671
B722__00140.671,13.984202271905579,42.168310725,B722,_,00140,671
B722__00100.671,13.988521709735284,42.184527915000004,B722,_,00100,671
B722__00090.671,13.973843879550962,42.18043347,B722,_,00090,671
B722__00070.671,13.995784835114325,42.19648203,B722,_,00070,671
B722__00060.671,13.988164024683147,42.193009700000005,B722,_,00060,671
B722__00050.671,13.969944166941184,42.193394895,B722,_,00050,671
B722__00030.671,13.963273741259545,42.192180445,B722,_,00030,671
B722__00020.672,13.977673237759506,42.205074795,B722,_,00020,672
B722__00530.672,14.033888846737135,42.148052905,B722,_,00530,672
B722__00520.672,14.009715824761308,42.138954665,B722,_,00520,672
B722__00510.672,14.004606138453491,42.13222741,B722,_,00510,672
B722__00420.672,14.025759882704877,42.146869914999996,B722,_,00420,672
B722__00410.672,14.013464824214964,42.157927765,B722,_,00410,672
B722__00290.672,14.01038362086732,42.15846225,B722,_,00290,672
B722__00280.672,13.993587387301723,42.160761865,B722,_,00280,672
B722__00260.672,13.987290975093192,42.160098919999996,B722,_,00260,672
B722__00140.672,13.987071068205832,42.172532965,B722,_,00140,672
B722__00100.672,13.985467736808385,42.18522129,B722,_,00100,672
B722__00090.672,13.973606636266057,42.180059545,B722,_,00090,672
B722__00070.672,13.996607470270762,42.195146545,B722,_,00070,672
B722__00060.672,13.988781986985725,42.19302523,B722,_,00060,672
B722__00050.672,13.972061725162673,42.193748975000005,B722,_,00050,672
B722__00030.672,13.965640433873201,42.19033435,B722,_,00030,672
B722__00020.673,13.980509213930883,42.205291895,B722,_,00020,673
B722__00530.673,14.033948378588878,42.147784720000004,B722,_,00530,673
B722__00520.673,14.010434322960009,42.142641929999996,B722,_,00520,673
B722__00510.673,14.00443319910961,42.132452795,B722,_,00510,673
B722__00420.673,14.025854360451127,42.146154179999996,B722,_,00420,673
B722__00410.673,14.013105189848975,42.157779415,B722,_,00410,673
B722__00280.673,13.993679115978473,42.160713485,B722,_,00280,673
B722__00260.673,13.987329825631429,42.160044315,B722,_,00260,673
B722__00140.673,13.987067858280241,42.1724029,B722,_,00140,673
B722__00100.673,13.984254355696336,42.18565333,B722,_,00100,673
B722__00090.673,13.973868677424594,42.17980502,B722,_,00090,673
B722__00070.673,13.996306955252173,42.195176974999995,B722,_,00070,673
B722__00060.673,13.989524128688426,42.193206805,B722,_,00060,673
B722__00050.673,13.972453496830088,42.19401149,B722,_,00050,673
B722__00030.673,13.965143264620382,42.19072507,B722,_,00030,673
B722__00020.674,13.974952475532502,42.207418475,B722,_,00020,674
B722__00530.674,14.033786722359645,42.148074125,B722,_,00530,674
B722__00520.674,14.009606846563482,42.14289125,B722,_,00520,674
B722__00510.674,14.004842323867525,42.1324159,B722,_,00510,674
B722__00420.674,14.025640673755875,42.145938425,B722,_,00420,674
B722__00290.674,14.010603361550524,42.158586150000005,B722,_,00290,674
B722__00280.674,13.993878728874705,42.16057839,B722,_,00280,674
B722__00260.674,13.986976672195357,42.15969056,B722,_,00260,674
B722__00140.674,13.984492716874865,42.168341119999994,B722,_,00140,674
B722__00100.674,13.987831176561476,42.184389955,B722,_,00100,674
B722__00090.674,13.974118568801096,42.179780595,B722,_,00090,674
B722__00070.674,13.996388238546334,42.19314181,B722,_,00070,674
B722__00060.674,13.989302617776907,42.193373965000006,B722,_,00060,674
B722__00050.674,13.976281580759212,42.19236406,B722,_,00050,674
B722__00030.674,13.969489452399081,42.188621545000004,B722,_,00030,674
B722__00020.675,13.975039971840697,42.20746513500001,B722,_,00020,675
B722__00530.675,14.03307068486026,42.147907195,B722,_,00530,675
B722__00520.675,14.008875014849322,42.14307171,B722,_,00520,675
B722__00510.675,14.005316806333438,42.132676685,B722,_,00510,675
B722__00420.675,14.025236559139362,42.145996795,B722,_,00420,675
B722__00290.675,14.01051907421649,42.158325680000004,B722,_,00290,675
B722__00280.675,13.993822047883391,42.160829915,B722,_,00280,675
B722__00260.675,13.986905166555509,42.159697815,B722,_,00260,675
B722__00140.675,13.980069732742166,42.16898487500001,B722,_,00140,675
B722__00100.675,13.987453465660417,42.184556255000004,B722,_,00100,675
B722__00090.675,13.974354601139424,42.179796945,B722,_,00090,675
B722__00070.675,13.99644537793043,42.193197534999996,B722,_,00070,675
B722__00060.675,13.98949686061234,42.193754855,B722,_,00060,675
B722__00050.675,13.977053250395777,42.193522615,B722,_,00050,675
B722__00030.675,13.96275100188706,42.197442585000005,B722,_,00030,675
B722__00020.676,13.975594736127253,42.207281065000004,B722,_,00020,676
B722__00530.676,14.033384729743474,42.148308095000004,B722,_,00530,676
B722__00520.676,14.00899804777472,42.143039875,B722,_,00520,676
B722__00510.676,14.005681578706536,42.132958465,B722,_,00510,676
B722__00420.676,14.025125374773367,42.14591438,B722,_,00420,676
B722__00410.676,14.005885981505578,42.15744913,B722,_,00410,676
B722__00290.676,14.01070451395858,42.158433454999994,B722,_,00290,676
B722__00280.676,13.99405900531189,42.160463305,B722,_,00280,676
B722__00260.676,13.986857638648534,42.159708405,B722,_,00260,676
B722__00100.676,13.987099946556825,42.18467464,B722,_,00100,676
B722__00090.676,13.968689703544847,42.17887924,B722,_,00090,676
B722__00060.676,13.989931791548841,42.19384395,B722,_,00060,676
B722__00050.676,13.980222388634044,42.192645185,B722,_,00050,676
B722__00030.676,13.968187336458763,42.190474365,B722,_,00030,676
B722__00020.677,13.975698904772592,42.20724994,B722,_,00020,677
B722__00530.677,14.032770610188656,42.148314514999996,B722,_,00530,677
B722__00520.677,14.008960041692738,42.142742365000004,B722,_,00520,677
B722__00420.677,14.02485448169806,42.14578867,B722,_,00420,677
B722__00290.677,14.010759830169572,42.15847293,B722,_,00290,677
B722__00280.677,13.993886408625594,42.160332645,B722,_,00280,677
B722__00260.677,13.987376067329533,42.159819795000004,B722,_,00260,677
B722__00190.677,13.994275836373768,42.16476736,B722,_,00190,677
B722__00140.677,13.986110091251103,42.17407614,B722,_,00140,677
B722__00100.677,13.986815607432927,42.184927705,B722,_,00100,677
B722__00090.677,13.968672659442612,42.17907097,B722,_,00090,677
B722__00060.677,13.990269731240009,42.194377180000004,B722,_,00060,677
B722__00050.677,13.979284132430502,42.192715925,B722,_,00050,677
B722__00030.677,13.968519188863336,42.190492155,B722,_,00030,677
B722__00020.678,13.985245907210599,42.201099385,B722,_,00020,678
B722__00530.678,14.032981404230105,42.148541664999996,B722,_,00530,678
B722__00520.678,14.007750899972987,42.14274415,B722,_,00520,678
B722__00510.678,14.003807262565967,42.13158453,B722,_,00510,678
B722__00420.678,14.024864917053536,42.145392939999994,B722,_,00420,678
B722__00290.678,14.010803285720474,42.158502389999995,B722,_,00290,678
B722__00280.678,13.994199355429451,42.160410625,B722,_,00280,678
B722__00260.678,13.987131432525793,42.15988604499999,B722,_,00260,678
B722__00190.678,13.994364221561401,42.164706980000005,B722,_,00190,678
B722__00140.678,13.987265237758622,42.173092405,B722,_,00140,678
B722__00100.678,13.98648814126299,42.18512593,B722,_,00100,678
B722__00090.678,13.968613548988024,42.17927265,B722,_,00090,678
B722__00070.678,13.995148286893967,42.196530095,B722,_,00070,678
B722__00060.678,13.990105132566967,42.194123965,B722,_,00060,678
B722__00050.678,13.969132742013748,42.19293974,B722,_,00050,678
B722__00030.678,13.96032955647627,42.19184565,B722,_,00030,678
B722__00020.679,13.98306995025964,42.20075645,B722,_,00020,679
B722__00530.679,14.031854402562317,42.148262044999996,B722,_,00530,679
B722__00520.679,14.01027901667771,42.141514345000004,B722,_,00520,679
B722__00510.679,14.004244899628551,42.13148313,B722,_,00510,679
B722__00420.679,14.026149840577354,42.145480475,B722,_,00420,679
B722__00290.679,14.010835157738445,42.158545385,B722,_,00290,679
B722__00280.679,13.994026651197768,42.160226995,B722,_,00280,679
B722__00260.679,13.985847201902166,42.158731880000005,B722,_,00260,679
B722__00190.679,13.994332438721269,42.164571785,B722,_,00190,679
B722__00140.679,13.988763285844028,42.172673645,B722,_,00140,679
B722__00100.679,13.986062550092658,42.185179090000005,B722,_,00100,679
B722__00090.679,13.968954983622393,42.179289749999995,B722,_,00090,679
B722__00070.679,13.995350734746687,42.1964446,B722,_,00070,679
B722__00060.679,13.990494932890119,42.194070874999994,B722,_,00060,679
B722__00050.679,13.969327632965813,42.19282309,B722,_,00050,679
B722__00030.679,13.969329066817027,42.190417405000005,B722,_,00030,679
B722__00010.68,13.970121071513224,42.21111657,B722,_,00010,68
B722__00610.68,13.997390146675322,42.11974882,B722,_,00610,68
B722__00600.68,14.005573466252624,42.127089655000006,B722,_,00600,68
B722__00590.68,13.990014957814918,42.121491485,B722,_,00590,68
B722__00540.68,14.03880553430309,42.14458214,B722,_,00540,68
B722__00530.68,14.031552221991646,42.14655749,B722,_,00530,68
B722__00520.68,14.010681613435073,42.142453315,B722,_,00520,68
B722__00500.68,13.9962653402347,42.136520329999996,B722,_,00500,68
B722__00490.68,13.985805075397082,42.129750720000004,B722,_,00490,68
B722__00480.68,13.986092777023106,42.138068085,B722,_,00480,68
B722__00440.68,14.044196156597685,42.154184855,B722,_,00440,68
B722__00430.68,14.024298944677598,42.15767903,B722,_,00430,68
B722__00400.68,14.002988880999572,42.15240363,B722,_,00400,68
B722__00390.68,13.999970043290377,42.144445415,B722,_,00390,68
B722__00380.68,14.000842684208152,42.14102209,B722,_,00380,68
B722__00370.68,13.985666962954705,42.143847539999996,B722,_,00370,68
B722__00360.68,13.999417989990398,42.151099445,B722,_,00360,68
B722__00350.68,13.980590453183652,42.14504777,B722,_,00350,68
B722__00340.68,13.968947870820365,42.144401605,B722,_,00340,68
B722__00330.68,13.983348202685377,42.150733515,B722,_,00330,68
B722__00300.68,14.01650407400296,42.159842615,B722,_,00300,68
B722__00290.68,14.005500808985559,42.16225524,B722,_,00290,68
B722__00260.68,13.983735010338151,42.16311413,B722,_,00260,68
B722__00250.68,13.979366737533041,42.16581457,B722,_,00250,68
B722__00230.68,14.064630670925885,42.16762065,B722,_,00230,68
B722__00220.68,14.051486537684694,42.171131735,B722,_,00220,68
B722__00210.68,14.04157867247444,42.172264505,B722,_,00210,68
B722__00200.68,14.01391703083753,42.169352599999996,B722,_,00200,68
B722__00190.68,13.991988110147972,42.16908019,B722,_,00190,68
B722__00180.68,14.03415187007749,42.174512289999996,B722,_,00180,68
B722__00170.68,14.00999377982464,42.1784347,B722,_,00170,68
B722__00160.68,14.012084035795224,42.173441964999995,B722,_,00160,68
B722__00150.68,13.995421567156834,42.175986595,B722,_,00150,68
B722__00140.68,13.989151158094659,42.173417244999996,B722,_,00140,68
B722__00130.68,13.980486398646969,42.173499625,B722,_,00130,68
B722__00120.68,14.008040958458292,42.192342984999996,B722,_,00120,68
B722__00110.68,13.990817536540536,42.183877255,B722,_,00110,68
B722__00100.68,13.980268926207792,42.18680062999999,B722,_,00100,68
B722__00080.68,13.960018595770688,42.189008645,B722,_,00080,68
B722__00070.68,13.99802764466224,42.1965191,B722,_,00070,68
B722__00060.68,13.985222164293084,42.199757934999994,B722,_,00060,68
B722__00050.68,13.9786433554455,42.193842700000005,B722,_,00050,68
B722__00040.68,13.972142544695568,42.201077444999996,B722,_,00040,68
B722__00030.68,13.967321444865501,42.19708435,B722,_,00030,68
B722__00020.68,13.979398229646186,42.20703335,B722,_,00020,68
B722__00020.680,13.983187177183044,42.200767029999994,B722,_,00020,680
B722__00530.680,14.032651574657372,42.148769650000006,B722,_,00530,680
B722__00520.680,14.011011040564462,42.141798645,B722,_,00520,680
B722__00510.680,14.004021745388954,42.13191966,B722,_,00510,680
B722__00420.680,14.02646576820571,42.14504241,B722,_,00420,680
B722__00290.680,14.010890307674153,42.158615534999996,B722,_,00290,680
B722__00260.680,13.98591913508538,42.158668649999996,B722,_,00260,680
B722__00190.680,13.994384315840469,42.164445009999994,B722,_,00190,680
B722__00140.680,13.988295981139695,42.172379585,B722,_,00140,680
B722__00100.680,13.989265153019975,42.184572525,B722,_,00100,680
B722__00090.680,13.969076797938175,42.17947735,B722,_,00090,680
B722__00070.680,13.995342941717801,42.196583085,B722,_,00070,680
B722__00060.680,13.990913104245415,42.194248205,B722,_,00060,680
B722__00050.680,13.970338689629319,42.192753275,B722,_,00050,680
B722__00030.680,13.970901506224632,42.18851565,B722,_,00030,680
B722__00020.681,13.979790918090385,42.203467335,B722,_,00020,681
B722__00530.681,14.03204150316013,42.148683860000006,B722,_,00530,681
B722__00520.681,14.01055269314565,42.142113565,B722,_,00520,681
B722__00510.681,14.004749113271302,42.131812835,B722,_,00510,681
B722__00420.681,14.024582201336425,42.14525872,B722,_,00420,681
B722__00290.681,14.010964276817141,42.158654795000004,B722,_,00290,681
B722__00280.681,13.994033411609577,42.16005971,B722,_,00280,681
B722__00260.681,13.986170743637938,42.1585002,B722,_,00260,681
B722__00190.681,13.993886633427298,42.16416447,B722,_,00190,681
B722__00140.681,13.988420111932394,42.17193621,B722,_,00140,681
B722__00100.681,13.981287014706513,42.183835349999995,B722,_,00100,681
B722__00090.681,13.969218481444543,42.179432315,B722,_,00090,681
B722__00070.681,13.995580588474677,42.196544435,B722,_,00070,681
B722__00060.681,13.991064188397987,42.194070874999994,B722,_,00060,681
B722__00050.681,13.97026438051634,42.19267335,B722,_,00050,681
B722__00030.681,13.967732279800414,42.196024395,B722,_,00030,681
B722__00020.682,13.979717472421878,42.20328224,B722,_,00020,682
B722__00530.682,14.032410457715407,42.148931295,B722,_,00530,682
B722__00520.682,14.010403285166394,42.142063015000005,B722,_,00520,682
B722__00510.682,14.004855947194773,42.13161426,B722,_,00510,682
B722__00420.682,14.024408497159065,42.145060834999995,B722,_,00420,682
B722__00410.682,14.007353369494673,42.15691774,B722,_,00410,682
B722__00290.682,14.011015058919345,42.15869378,B722,_,00290,682
B722__00280.682,13.994416394262554,42.160189785,B722,_,00280,682
B722__00260.682,13.98592141381498,42.158890295,B722,_,00260,682
B722__00190.682,13.993891986832448,42.164081034999995,B722,_,00190,682
B722__00140.682,13.988884194439974,42.17157626,B722,_,00140,682
B722__00100.682,13.981511759086555,42.18341647,B722,_,00100,682
B722__00090.682,13.96920063725607,42.179549205,B722,_,00090,682
B722__00070.682,13.99840687664927,42.196863265000005,B722,_,00070,682
B722__00060.682,13.990779345962954,42.193789505,B722,_,00060,682
B722__00050.682,13.970119767421714,42.19251935,B722,_,00050,682
B722__00030.682,13.968040833285322,42.196005084999996,B722,_,00030,682
B722__00020.683,13.979811031523898,42.20158763,B722,_,00020,683
B722__00530.683,14.031012901415234,42.1482209,B722,_,00530,683
B722__00520.683,14.0105074748517,42.1419597,B722,_,00520,683
B722__00510.683,14.005042171344899,42.131447890000004,B722,_,00510,683
B722__00420.683,14.024785850441717,42.14473649,B722,_,00420,683
B722__00410.683,14.00739004837557,42.15677232,B722,_,00410,683
B722__00280.683,13.9942416870471,42.15990701,B722,_,00280,683
B722__00260.683,13.986066201637527,42.158819425000004,B722,_,00260,683
B722__00190.683,13.993898571457391,42.163991855000006,B722,_,00190,683
B722__00140.683,13.989242411788002,42.17196088,B722,_,00140,683
B722__00100.683,13.98129600234995,42.18329942,B722,_,00100,683
B722__00090.683,13.969397520812644,42.179550225,B722,_,00090,683
B722__00070.683,13.99804850024,42.196863265000005,B722,_,00070,683
B722__00060.683,13.990615357677815,42.19340938,B722,_,00060,683
B722__00050.683,13.970036005950206,42.19241832,B722,_,00050,683
B722__00030.683,13.968359934827,42.19599979,B722,_,00030,683
B722__00020.684,13.979865747640524,42.20156317,B722,_,00020,684
B722__00530.684,14.030556624972963,42.148195855,B722,_,00530,684
B722__00520.684,14.010676234767537,42.14195604,B722,_,00520,684
B722__00510.684,14.00542999696162,42.13127661,B722,_,00510,684
B722__00420.684,14.025605765819776,42.14450271,B722,_,00420,684
B722__00410.684,14.007837498347492,42.157071685000005,B722,_,00410,684
B722__00290.684,14.011125967152596,42.15867593,B722,_,00290,684
B722__00280.684,13.994817202838528,42.16008099,B722,_,00280,684
B722__00260.684,13.986519060825913,42.15858479,B722,_,00260,684
B722__00190.684,13.993902334543295,42.16391351,B722,_,00190,684
B722__00140.684,13.9872872400225,42.16695289,B722,_,00140,684
B722__00100.684,13.985408118685456,42.183497095,B722,_,00100,684
B722__00090.684,13.969638759391978,42.17950007,B722,_,00090,684
B722__00070.684,13.99794360363238,42.196796465,B722,_,00070,684
B722__00060.684,13.991204661233676,42.19360126,B722,_,00060,684
B722__00050.684,13.971560136169886,42.192463939999996,B722,_,00050,684
B722__00030.684,13.969511609822888,42.18994243,B722,_,00030,684
B722__00020.685,13.979919719637362,42.201540775,B722,_,00020,685
B722__00530.685,14.028215760449616,42.14900541,B722,_,00530,685
B722__00520.685,14.011530081300469,42.140275239999994,B722,_,00520,685
B722__00510.685,14.00523405389865,42.131645405,B722,_,00510,685
B722__00420.685,14.025763660129122,42.14437484,B722,_,00420,685
B722__00290.685,14.011197907334651,42.158598985,B722,_,00290,685
B722__00280.685,13.99476261914472,42.159935544999996,B722,_,00280,685
B722__00260.685,13.986073309081853,42.15910685,B722,_,00260,685
B722__00190.685,13.995014231158448,42.165573475,B722,_,00190,685
B722__00140.685,13.981605292711702,42.16890447,B722,_,00140,685
B722__00100.685,13.985586362966579,42.183495175000004,B722,_,00100,685
B722__00090.685,13.96977083079399,42.179580115,B722,_,00090,685
B722__00070.685,13.997886746168145,42.19676142,B722,_,00070,685
B722__00060.685,13.991520891224251,42.193601279999996,B722,_,00060,685
B722__00050.685,13.972195131424744,42.191856235,B722,_,00050,685
B722__00030.685,13.969752953343916,42.189799875,B722,_,00030,685
B722__00020.686,13.979983627879115,42.201509125,B722,_,00020,686
B722__00530.686,14.028174935312503,42.149221355,B722,_,00530,686
B722__00520.686,14.011551298498507,42.140701495,B722,_,00520,686
B722__00510.686,14.00503375575838,42.132281750000004,B722,_,00510,686
B722__00420.686,14.02295899891891,42.14357541,B722,_,00420,686
B722__00410.686,14.004680547195917,42.156925085,B722,_,00410,686
B722__00290.686,14.011289133954005,42.15851907,B722,_,00290,686
B722__00280.686,13.994402818460614,42.15945943,B722,_,00280,686
B722__00260.686,13.98627310598319,42.15903433,B722,_,00260,686
B722__00190.686,13.995150196884056,42.165387755,B722,_,00190,686
B722__00140.686,13.981727186120109,42.16880159,B722,_,00140,686
B722__00100.686,13.985752444120251,42.1834741,B722,_,00100,686
B722__00090.686,13.969721107072349,42.179304439999996,B722,_,00090,686
B722__00070.686,13.997631458812062,42.196782995,B722,_,00070,686
B722__00060.686,13.987434994113933,42.19884822,B722,_,00060,686
B722__00050.686,13.973021916522656,42.19230678,B722,_,00050,686
B722__00030.686,13.969081851268175,42.18831254,B722,_,00030,686
B722__00020.687,13.980079158743802,42.201467019999996,B722,_,00020,687
B722__00530.687,14.027372207174263,42.149332205,B722,_,00530,687
B722__00520.687,14.010984689413439,42.14219037,B722,_,00520,687
B722__00420.687,14.02336202577204,42.143610945,B722,_,00420,687
B722__00280.687,13.99491110239492,42.15959274,B722,_,00280,687
B722__00260.687,13.986732177932648,42.15877508,B722,_,00260,687
B722__00190.687,13.995229167185192,42.16522423,B722,_,00190,687
B722__00140.687,13.981905579487181,42.168775870000005,B722,_,00140,687
B722__00100.687,13.985801149137881,42.18371109,B722,_,00100,687
B722__00090.687,13.97001111497411,42.179460925,B722,_,00090,687
B722__00070.687,13.996784801076181,42.196939985,B722,_,00070,687
B722__00060.687,13.992420253617212,42.19342846,B722,_,00060,687
B722__00050.687,13.974797010971331,42.192163185,B722,_,00050,687
B722__00030.687,13.969457891498905,42.188234249999994,B722,_,00030,687
B722__00020.688,13.979478911203937,42.201313305,B722,_,00020,688
B722__00530.688,14.027393166600678,42.14942458,B722,_,00530,688
B722__00520.688,14.01139488973715,42.141330100000005,B722,_,00520,688
B722__00420.688,14.023911809885107,42.143552165,B722,_,00420,688
B722__00410.688,14.00509619227241,42.15841655,B722,_,00410,688
B722__00290.688,14.011576193331857,42.15856557,B722,_,00290,688
B722__00280.688,13.994404706585204,42.159223534999995,B722,_,00280,688
B722__00260.688,13.986671409323495,42.159687434999995,B722,_,00260,688
B722__00190.688,13.99527305539914,42.165056164999996,B722,_,00190,688
B722__00140.688,13.981465151654287,42.16850196,B722,_,00140,688
B722__00100.688,13.986335417342659,42.183010034999995,B722,_,00100,688
B722__00090.688,13.970250475288488,42.179222045,B722,_,00090,688
B722__00070.688,13.996972321486238,42.196671595,B722,_,00070,688
B722__00060.688,13.992799396521262,42.193381255000006,B722,_,00060,688
B722__00050.688,13.97999979548433,42.190914649999996,B722,_,00050,688
B722__00030.688,13.970019200550752,42.18801359,B722,_,00030,688
B722__00020.689,13.979552056842667,42.20128578,B722,_,00020,689
B722__00530.689,14.03008992339408,42.147461664999994,B722,_,00530,689
B722__00520.689,14.01151644100296,42.141351115,B722,_,00520,689
B722__00420.689,14.024312145991223,42.143548304999996,B722,_,00420,689
B722__00410.689,14.004016971489715,42.1582243,B722,_,00410,689
B722__00280.689,13.994839545897657,42.15930623,B722,_,00280,689
B722__00260.689,13.986791292606313,42.159617945,B722,_,00260,689
B722__00190.689,13.995245489829234,42.16486665,B722,_,00190,689
B722__00140.689,13.98159699153398,42.1684081,B722,_,00140,689
B722__00100.689,13.98628596510023,42.183115584999996,B722,_,00100,689
B722__00090.689,13.970543481356675,42.17899756,B722,_,00090,689
B722__00060.689,13.991543988024333,42.194065835,B722,_,00060,689
B722__00050.689,13.98038117547349,42.189233465,B722,_,00050,689
B722__00030.689,13.970016889022245,42.187958545,B722,_,00030,689
B722__00010.69,13.967184426179301,42.209398605000004,B722,_,00010,69
B722__00610.69,13.99797412803493,42.118717465,B722,_,00610,69
B722__00600.69,14.005997079846617,42.127296185000006,B722,_,00600,69
B722__00590.69,13.990286577626254,42.12189304,B722,_,00590,69
B722__00540.69,14.039078369308369,42.14382079,B722,_,00540,69
B722__00530.69,14.032088633274661,42.14695845,B722,_,00530,69
B722__00520.69,14.010668465114122,42.142301669999995,B722,_,00520,69
B722__00500.69,13.997193012913176,42.13658296,B722,_,00500,69
B722__00490.69,13.986063754883475,42.129485675,B722,_,00490,69
B722__00480.69,13.98630256303808,42.138623785,B722,_,00480,69
B722__00440.69,14.039955981249014,42.152175215,B722,_,00440,69
B722__00430.69,14.02449952678538,42.15772149,B722,_,00430,69
B722__00400.69,14.002903039226325,42.152326495,B722,_,00400,69
B722__00390.69,14.000310300761324,42.14464198,B722,_,00390,69
B722__00380.69,14.000905778661494,42.140971865,B722,_,00380,69
B722__00370.69,13.985757284097335,42.143904840000005,B722,_,00370,69
B722__00360.69,13.99288639513762,42.152171980000006,B722,_,00360,69
B722__00350.69,13.981089378254016,42.14486873,B722,_,00350,69
B722__00340.69,13.970106525681501,42.143973265,B722,_,00340,69
B722__00330.69,13.983433637344998,42.15054239,B722,_,00330,69
B722__00300.69,14.016595125474142,42.15978362,B722,_,00300,69
B722__00290.69,14.004993776549227,42.16176458,B722,_,00290,69
B722__00270.69,13.991544222240371,42.16171524,B722,_,00270,69
B722__00260.69,13.983627208217584,42.16321126,B722,_,00260,69
B722__00250.69,13.979425851713605,42.165519935000006,B722,_,00250,69
B722__00230.69,14.065195705043726,42.167631424999996,B722,_,00230,69
B722__00220.69,14.05315725589214,42.17060031,B722,_,00220,69
B722__00210.69,14.041436994797056,42.17271393,B722,_,00210,69
B722__00200.69,14.013797700137143,42.16869845,B722,_,00200,69
B722__00180.69,14.017185375920405,42.178784795,B722,_,00180,69
B722__00170.69,14.010136000348794,42.17864237,B722,_,00170,69
B722__00160.69,14.012935711978034,42.173606025,B722,_,00160,69
B722__00150.69,13.99579599055801,42.175943395,B722,_,00150,69
B722__00140.69,13.989023053306607,42.173352089999995,B722,_,00140,69
B722__00130.69,13.980769973309261,42.173526275,B722,_,00130,69
B722__00120.69,14.008476366363297,42.19208338,B722,_,00120,69
B722__00110.69,13.991000506728604,42.184565895000006,B722,_,00110,69
B722__00100.69,13.980377253156135,42.186612475000004,B722,_,00100,69
B722__0009.69,13.970372500683897,42.187662825000004,B722,_,0009,69
B722__00080.69,13.959284444110581,42.188865070000006,B722,_,00080,69
B722__00060.69,13.990217692174937,42.200644685,B722,_,00060,69
B722__00050.69,13.978462961537865,42.19359574,B722,_,00050,69
B722__00040.69,13.972565210226389,42.200827875,B722,_,00040,69
B722__00030.69,13.967708148044151,42.196991995,B722,_,00030,69
B722__00020.69,13.979041771026111,42.20690865,B722,_,00020,69
B722__00020.690,13.979625555538053,42.201259065,B722,_,00020,690
B722__00530.690,14.030183439852546,42.147937935,B722,_,00530,690
B722__00520.690,14.00951110586601,42.138813575,B722,_,00520,690
B722__00510.690,14.00580938811807,42.13208806,B722,_,00510,690
B722__00420.690,14.024214346807417,42.14284971,B722,_,00420,690
B722__00290.690,14.011478235461784,42.15843007,B722,_,00290,690
B722__00280.690,13.99428200352556,42.15904023,B722,_,00280,690
B722__00260.690,13.986504997060251,42.15946399,B722,_,00260,690
B722__00190.690,13.995210905461384,42.164681959999996,B722,_,00190,690
B722__00140.690,13.987420727638971,42.174635789999996,B722,_,00140,690
B722__00100.690,13.986334674077497,42.183146065,B722,_,00100,690
B722__00090.690,13.97004919935083,42.17954221,B722,_,00090,690
B722__00070.690,13.997188108408078,42.196809200000004,B722,_,00070,690
B722__00060.690,13.991412061560336,42.194258860000005,B722,_,00060,690
B722__00050.690,13.98034171673779,42.18954625,B722,_,00050,690
B722__00030.690,13.970015903768772,42.18784378,B722,_,00030,690
B722__00020.691,13.979713844086323,42.201228045,B722,_,00020,691
B722__00520.691,14.008182442099127,42.139692025,B722,_,00520,691
B722__00510.691,14.005679712368892,42.13211375,B722,_,00510,691
B722__00410.691,14.004171749378227,42.15538321,B722,_,00410,691
B722__00290.691,14.011649798939242,42.158344045,B722,_,00290,691
B722__00280.691,13.994942408424494,42.159069725,B722,_,00280,691
B722__00260.691,13.98662050089386,42.159395655,B722,_,00260,691
B722__00190.691,13.995185095268148,42.164541799999995,B722,_,00190,691
B722__00140.691,13.984279724421974,42.17391592,B722,_,00140,691
B722__00100.691,13.986439076819586,42.183150115000004,B722,_,00100,691
B722__00090.691,13.970451780225353,42.179354115,B722,_,00090,691
B722__00060.691,13.99188653627053,42.19425594,B722,_,00060,691
B722__00050.691,13.980381676475213,42.189890829999996,B722,_,00050,691
B722__00030.691,13.9700251870423,42.187739495,B722,_,00030,691
B722__00020.692,13.97983138584263,42.201185785,B722,_,00020,692
B722__00520.692,14.007520250445825,42.140472925,B722,_,00520,692
B722__00510.692,14.005370887720733,42.13189941,B722,_,00510,692
B722__00420.692,14.025166022541015,42.14397511999999,B722,_,00420,692
B722__00410.692,14.004276645150966,42.155031475,B722,_,00410,692
B722__00280.692,13.995810511971275,42.159435035,B722,_,00280,692
B722__00260.692,13.986714888163448,42.15934124,B722,_,00260,692
B722__00190.692,13.99516103676355,42.16440217,B722,_,00190,692
B722__00100.692,13.988602650516171,42.184099759999995,B722,_,00100,692
B722__00090.692,13.970915939032999,42.178995065,B722,_,00090,692
B722__00070.692,13.99689111306732,42.196713625,B722,_,00070,692
B722__00060.692,13.991899335922916,42.194434095,B722,_,00060,692
B722__00050.692,13.980799957772874,42.190298354999996,B722,_,00050,692
B722__00030.692,13.961867869442958,42.198619885,B722,_,00030,692
B722__00020.693,13.980205868065468,42.201857355,B722,_,00020,693
B722__00520.693,14.007492266467256,42.14036662,B722,_,00520,693
B722__00510.693,14.005904590927845,42.131997285,B722,_,00510,693
B722__00420.693,14.02523694886767,42.144030705,B722,_,00420,693
B722__00280.693,13.9962948180182,42.159256735,B722,_,00280,693
B722__00260.693,13.987484562706875,42.160455600000006,B722,_,00260,693
B722__00190.693,13.995136456816695,42.164251665,B722,_,00190,693
B722__00140.693,13.990416198246962,42.16659032,B722,_,00140,693
B722__00090.693,13.970846650430502,42.17913777,B722,_,00090,693
B722__00060.693,13.992077111222109,42.19436852,B722,_,00060,693
B722__00050.693,13.980398236455123,42.18937786,B722,_,00050,693
B722__00030.693,13.961966396379115,42.19859878,B722,_,00030,693
B722__00020.694,13.980247254744796,42.201841959999996,B722,_,00020,694
B722__00520.694,14.007576935840621,42.14036301,B722,_,00520,694
B722__00510.694,14.005855213385246,42.13191973,B722,_,00510,694
B722__00420.694,14.025579520376024,42.143772905,B722,_,00420,694
B722__00290.694,14.011917083254211,42.158427565,B722,_,00290,694
B722__00280.694,13.99466608248377,42.15869713,B722,_,00280,694
B722__00260.694,13.98747448102915,42.16029304,B722,_,00260,694
B722__00190.694,13.995117999511564,42.16413742,B722,_,00190,694
B722__00140.694,13.98852856137341,42.16658975,B722,_,00140,694
B722__00100.694,13.988105662796293,42.183475924999996,B722,_,00100,694
B722__00090.694,13.97061540557981,42.179337655,B722,_,00090,694
B722__00070.694,13.99744937096024,42.196829025,B722,_,00070,694
B722__00060.694,13.992159491204852,42.194445200000004,B722,_,00060,694
B722__00050.694,13.981298261522163,42.19002398,B722,_,00050,694
B722__00030.694,13.96207747538441,42.198567695,B722,_,00030,694
B722__00020.695,13.980303307687628,42.201827210000005,B722,_,00020,695
B722__00520.695,14.007497412352567,42.140290225,B722,_,00520,695
B722__00420.695,14.02585776559334,42.143755445,B722,_,00420,695
B722__00280.695,13.994751881910318,42.15857559,B722,_,00280,695
B722__00260.695,13.987547299342165,42.160261125000005,B722,_,00260,695
B722__00190.695,13.99510603181582,42.164060245,B722,_,00190,695
B722__00140.695,13.98499759349591,42.17405384,B722,_,00140,695
B722__00100.695,13.987549430739985,42.183024085,B722,_,00100,695
B722__00090.695,13.970356194852776,42.1795279,B722,_,00090,695
B722__00060.695,13.98561515069541,42.199926000000005,B722,_,00060,695
B722__00050.695,13.980318175912698,42.189696165,B722,_,00050,695
B722__00030.695,13.960156293070684,42.197553415,B722,_,00030,695
B722__00020.696,13.980384191644871,42.20180265,B722,_,00020,696
B722__00520.696,14.007579941858904,42.140286985,B722,_,00520,696
B722__00510.696,14.006972587033783,42.13204698,B722,_,00510,696
B722__00420.696,14.025432636011292,42.14414683,B722,_,00420,696
B722__00410.696,14.00445001424259,42.154939604999996,B722,_,00410,696
B722__00290.696,14.011892803246605,42.158529105,B722,_,00290,696
B722__00280.696,13.995230876719583,42.15883932,B722,_,00280,696
B722__00260.696,13.98631835764066,42.159307895,B722,_,00260,696
B722__00190.696,13.995093596828392,42.163985045000004,B722,_,00190,696
B722__00100.696,13.987734773451168,42.183044795,B722,_,00100,696
B722__00090.696,13.970752535594201,42.17938301,B722,_,00090,696
B722__00070.696,13.99705265838001,42.196523685,B722,_,00070,696
B722__00060.696,13.992280991137115,42.19443852,B722,_,00060,696
B722__00050.696,13.980900178515228,42.189470115000006,B722,_,00050,696
B722__00030.696,13.960255196278913,42.19746365,B722,_,00030,696
B722__00020.697,13.98046795412894,42.202079585,B722,_,00020,697
B722__00520.697,14.008631179572664,42.136814009999995,B722,_,00520,697
B722__00510.697,14.006202311179099,42.13171784,B722,_,00510,697
B722__00420.697,14.026216851558814,42.14394815,B722,_,00420,697
B722__00410.697,14.01620072540342,42.15738815,B722,_,00410,697
B722__00290.697,14.01197506356753,42.158515865,B722,_,00290,697
B722__00280.697,13.995051313100777,42.15860706,B722,_,00280,697
B722__00260.697,13.986454344313831,42.159224304999995,B722,_,00260,697
B722__00190.697,13.995077298521142,42.163908615,B722,_,00190,697
B722__00100.697,13.986518310518264,42.18081397,B722,_,00100,697
B722__00090.697,13.97096621240673,42.179348965,B722,_,00090,697
B722__00060.697,13.9930491486824,42.193600700000005,B722,_,00060,697
B722__00050.697,13.981000225812716,42.189305520000005,B722,_,00050,697
B722__00030.697,13.96037210515324,42.197441395,B722,_,00030,697
B722__00020.698,13.980505987671712,42.2020675,B722,_,00020,698
B722__00520.698,14.008865407008514,42.13689815,B722,_,00520,698
B722__00510.698,14.006680030692646,42.13155888,B722,_,00510,698
B722__00420.698,14.026472217785063,42.14422419500001,B722,_,00420,698
B722__00410.698,14.017700251480179,42.156516515,B722,_,00410,698
B722__00280.698,13.995027614390686,42.158411875,B722,_,00280,698
B722__00260.698,13.986937852567936,42.158899325,B722,_,00260,698
B722__00190.698,13.991270811813678,42.165513345,B722,_,00190,698
B722__00140.698,13.989519437449957,42.17124686,B722,_,00140,698
B722__00100.698,13.986955858851351,42.18108093,B722,_,00100,698
B722__00090.698,13.971169315773734,42.179482019999995,B722,_,00090,698
B722__00060.698,13.994732057310117,42.19343686,B722,_,00060,698
B722__00050.698,13.980980862193029,42.189202234999996,B722,_,00050,698
B722__00030.698,13.960514766670691,42.19746432,B722,_,00030,698
B722__00020.699,13.980547220601682,42.20205244,B722,_,00020,699
B722__00520.699,14.008450952409799,42.13666395,B722,_,00520,699
B722__00510.699,14.005807880420349,42.131425269999994,B722,_,00510,699
B722__00420.699,14.024813103909082,42.143132135,B722,_,00420,699
B722__00280.699,13.995112858360992,42.158356940000004,B722,_,00280,699
B722__00260.699,13.988174547993097,42.161254209999996,B722,_,00260,699
B722__00190.699,13.991482191734626,42.165279795000004,B722,_,00190,699
B722__00140.699,13.98953284374257,42.17110339,B722,_,00140,699
B722__00100.699,13.986561629285628,42.178054315,B722,_,00100,699
B722__00090.699,13.97133683214783,42.17919033,B722,_,00090,699
B722__00060.699,13.994318915902342,42.193272655,B722,_,00060,699
B722__00050.699,13.981556162698844,42.189111145,B722,_,00050,699
B722__00030.699,13.959997301088379,42.196912435,B722,_,00030,699
B722__00010.7,13.967877485873657,42.21082394,B722,_,00010,7
B722__00610.7,13.991314946146836,42.121312,B722,_,00610,7
B722__00600.7,14.00709800956862,42.13010072,B722,_,00600,7
B722__00590.7,13.987593802414416,42.125065164999995,B722,_,00590,7
B722__00580.7,13.991585868152498,42.11149333,B722,_,00580,7
B722__00560.7,14.077033531727027,42.12804894,B722,_,00560,7
B722__00540.7,14.043327581532115,42.14703398,B722,_,00540,7
B722__00530.7,14.031500047376252,42.149593105,B722,_,00530,7
B722__00520.7,14.007844628988947,42.142578825,B722,_,00520,7
B722__0051.7,14.004420600324952,42.143137565,B722,_,0051,7
B722__00500.7,13.98502777370826,42.136087399999994,B722,_,00500,7
B722__00490.7,13.983149194325811,42.131555219999996,B722,_,00490,7
B722__00480.7,13.971734433455765,42.13960766,B722,_,00480,7
B722__00460.7,14.110045661031576,42.14039753,B722,_,00460,7
B722__00450.7,14.05589712729609,42.146505215000005,B722,_,00450,7
B722__00440.7,14.041533728986352,42.15430937,B722,_,00440,7
B722__00430.7,14.018812407920827,42.158170670000004,B722,_,00430,7
B722__00410.7,14.004198856639988,42.15804628,B722,_,00410,7
B722__00400.7,14.002189318546488,42.153611275,B722,_,00400,7
B722__00390.7,14.001376757304188,42.145788395,B722,_,00390,7
B722__00380.7,13.999489400166473,42.1428968,B722,_,00380,7
B722__00360.7,13.99614505307241,42.154133235,B722,_,00360,7
B722__00350.7,13.980128238156418,42.148071775000005,B722,_,00350,7
B722__00340.7,13.971907153515895,42.150660740000006,B722,_,00340,7
B722__00330.7,13.972083248348731,42.155248505,B722,_,00330,7
B722__00320.7,14.08006689666648,42.143215979999994,B722,_,00320,7
B722__00310.7,14.039750350049397,42.16255642,B722,_,00310,7
B722__00300.7,14.023148679102317,42.163982925,B722,_,00300,7
B722__00290.7,14.00193675655413,42.162745755,B722,_,00290,7
B722__0028.7,14.00277230753684,42.156799135,B722,_,0028,7
B722__00270.7,13.99137306119324,42.161402345,B722,_,00270,7
B722__00260.7,13.983830181909887,42.166077915,B722,_,00260,7
B722__00250.7,13.97889504443399,42.168212745000005,B722,_,00250,7
B722__00240.7,14.110450899862798,42.157706245,B722,_,00240,7
B722__00230.7,14.068228288736364,42.171224455,B722,_,00230,7
B722__00220.7,14.043579638999276,42.171553655,B722,_,00220,7
B722__00210.7,14.035577279259837,42.17389376,B722,_,00210,7
B722__00200.7,14.014413188911675,42.1701434,B722,_,00200,7
B722__00190.7,13.994098906176223,42.168450905,B722,_,00190,7
B722__00180.7,14.019114718783111,42.179734365,B722,_,00180,7
B722__00170.7,14.012621937457277,42.182161550000004,B722,_,00170,7
B722__00160.7,14.005746795208058,42.1776647,B722,_,00160,7
B722__00150.7,13.994234103836618,42.178855045000006,B722,_,00150,7
B722__00130.7,13.978813524463664,42.179328145,B722,_,00130,7
B722__00120.7,14.005220486734103,42.195701445,B722,_,00120,7
B722__00110.7,13.993126110943294,42.185407194999996,B722,_,00110,7
B722__00080.7,13.959839521327758,42.190759905,B722,_,00080,7
B722__00070.7,13.997234803411335,42.19759477,B722,_,00070,7
B722__00060.7,13.988026626168878,42.20059807,B722,_,00060,7
B722__00050.7,13.980654489911736,42.19480118,B722,_,00050,7
B722__00040.7,13.975226494325344,42.20361649,B722,_,00040,7
B722__00030.7,13.967507692707446,42.200636575000004,B722,_,00030,7
B722__00020.7,13.973564153292564,42.208236595,B722,_,00020,7
B722__00010.70,13.971335176231985,42.206010535000004,B722,_,00010,70
B722__00610.70,13.997865718325258,42.119843865,B722,_,00610,70
B722__00600.70,14.006675725077255,42.127101010000004,B722,_,00600,70
B722__00590.70,13.990077693015852,42.12199071,B722,_,00590,70
B722__00540.70,14.039954550879024,42.145267995,B722,_,00540,70
B722__00530.70,14.032409495648263,42.14661077,B722,_,00530,70
B722__00520.70,14.01074268288249,42.142349635,B722,_,00520,70
B722__00500.70,13.99636673619474,42.136315409999995,B722,_,00500,70
B722__00490.70,13.986468556521151,42.129304265,B722,_,00490,70
B722__00480.70,13.987017886484612,42.138015949999996,B722,_,00480,70
B722__00440.70,14.040341116727792,42.151615225,B722,_,00440,70
B722__00430.70,14.024467904347969,42.15753655,B722,_,00430,70
B722__00410.70,14.007883366271976,42.157313125,B722,_,00410,70
B722__00400.70,14.003458258012483,42.152443935,B722,_,00400,70
B722__00390.70,13.998468462047718,42.143515934999996,B722,_,00390,70
B722__00380.70,14.001024052185407,42.141001095,B722,_,00380,70
B722__00370.70,13.986597437833279,42.144092279999995,B722,_,00370,70
B722__00360.70,13.99213715017253,42.151638340000005,B722,_,00360,70
B722__00350.70,13.981467973809515,42.145111725,B722,_,00350,70
B722__00340.70,13.969389005842284,42.14400392,B722,_,00340,70
B722__00330.70,13.983501981633186,42.150456415,B722,_,00330,70
B722__00300.70,14.016659648390135,42.159594365000004,B722,_,00300,70
B722__00260.70,13.98389465817447,42.163844615,B722,_,00260,70
B722__00250.70,13.979824967595128,42.1660137,B722,_,00250,70
B722__00230.70,14.065547661487418,42.16737793,B722,_,00230,70
B722__00220.70,14.042084460228592,42.16898798,B722,_,00220,70
B722__00210.70,14.041930301949687,42.172005205,B722,_,00210,70
B722__00200.70,14.014058212122137,42.16831273,B722,_,00200,70
B722__00190.70,13.98990105131307,42.169079435,B722,_,00190,70
B722__00180.70,14.017655021167654,42.178932270000004,B722,_,00180,70
B722__00170.70,14.010660584324123,42.178223525,B722,_,00170,70
B722__00160.70,14.002300570007591,42.17226834,B722,_,00160,70
B722__00150.70,13.996277290351209,42.175735805,B722,_,00150,70
B722__00140.70,13.989192942354942,42.173415025,B722,_,00140,70
B722__00130.70,13.982039120096374,42.174063145,B722,_,00130,70
B722__00120.70,14.008236157581036,42.191918505000004,B722,_,00120,70
B722__00110.70,13.991483192819558,42.184218294999994,B722,_,00110,70
B722__00100.70,13.980799241890063,42.186505385000004,B722,_,00100,70
B722__00080.70,13.960037898478326,42.18876085,B722,_,00080,70
B722__00060.70,13.985880132228857,42.199616695,B722,_,00060,70
B722__00050.70,13.97824103764485,42.19330517,B722,_,00050,70
B722__00040.70,13.972657032949149,42.20049473,B722,_,00040,70
B722__00030.70,13.967712163546421,42.197755349999994,B722,_,00030,70
B722__00020.70,13.979842712139408,42.206419264999994,B722,_,00020,70
B722__00020.700,13.98060152663582,42.202033775000004,B722,_,00020,700
B722__00520.700,14.008714922992809,42.13667841,B722,_,00520,700
B722__00510.700,14.006966611578314,42.131710444999996,B722,_,00510,700
B722__00420.700,14.026115394735832,42.143624970000005,B722,_,00420,700
B722__00410.700,14.017690174276833,42.152138965000006,B722,_,00410,700
B722__00290.700,14.012046296284453,42.158399095,B722,_,00290,700
B722__00280.700,13.995217228681957,42.158523535,B722,_,00280,700
B722__00260.700,13.988372981558735,42.161262449999995,B722,_,00260,700
B722__00190.700,13.992874054942032,42.16727161,B722,_,00190,700
B722__00140.700,13.987574109056508,42.167919745,B722,_,00140,700
B722__00100.700,13.986661981747158,42.1775909,B722,_,00100,700
B722__00090.700,13.971257384214763,42.179120275,B722,_,00090,700
B722__00070.700,13.996189621509178,42.196224945,B722,_,00070,700
B722__00060.700,13.99384654743927,42.193401345,B722,_,00060,700
B722__00050.700,13.982791931344538,42.18982955,B722,_,00050,700
B722__00030.700,13.966973155702693,42.19691694,B722,_,00030,700
B722__00020.701,13.984721899643382,42.205356775,B722,_,00020,701
B722__00520.701,14.009185244899264,42.136853835,B722,_,00520,701
B722__00510.701,14.006233049286113,42.133236925,B722,_,00510,701
B722__00430.701,14.018840235692256,42.15830415,B722,_,00430,701
B722__00420.701,14.025352105368043,42.14421543,B722,_,00420,701
B722__00280.701,13.995633469220767,42.158785375,B722,_,00280,701
B722__00260.701,13.98701039049502,42.16010221,B722,_,00260,701
B722__00190.701,13.992091103603112,42.166077875,B722,_,00190,701
B722__00180.701,14.023046145661326,42.178154570000004,B722,_,00180,701
B722__00140.701,13.987900324990623,42.167818464999996,B722,_,00140,701
B722__00100.701,13.986791144998952,42.17709603,B722,_,00100,701
B722__00090.701,13.971111118517985,42.179014895,B722,_,00090,701
B722__00070.701,13.996120238213834,42.19611558,B722,_,00070,701
B722__00060.701,13.994586559192427,42.192950145,B722,_,00060,701
B722__00050.701,13.98294296646467,42.18946362,B722,_,00050,701
B722__00030.701,13.967298903064933,42.1949568,B722,_,00030,701
B722__00020.702,13.984812492951676,42.205079760000004,B722,_,00020,702
B722__00520.702,14.00964428276056,42.13827484,B722,_,00520,702
B722__00510.702,14.007108839253725,42.13127765,B722,_,00510,702
B722__00430.702,14.01819566312302,42.158503679999995,B722,_,00430,702
B722__00420.702,14.025118045474157,42.144106305,B722,_,00420,702
B722__00410.702,14.00510189355375,42.158235995,B722,_,00410,702
B722__00290.702,14.009303590781371,42.15989795,B722,_,00290,702
B722__00280.702,13.995801830226842,42.159056785000004,B722,_,00280,702
B722__00260.702,13.987167242146601,42.15996925,B722,_,00260,702
B722__00200.702,14.028490645264153,42.169595305,B722,_,00200,702
B722__00180.702,14.022854423420618,42.178072735,B722,_,00180,702
B722__00140.702,13.987186380587406,42.174393385,B722,_,00140,702
B722__00100.702,13.986540669630722,42.176565845,B722,_,00100,702
B722__00090.702,13.970923578131103,42.178902475,B722,_,00090,702
B722__00070.702,13.996283300098817,42.19619058,B722,_,00070,702
B722__00060.702,13.994875188201615,42.192574699999994,B722,_,00060,702
B722__00050.702,13.983075512983849,42.19021895,B722,_,00050,702
B722__00030.702,13.967305174495667,42.194905555,B722,_,00030,702
B722__00020.703,13.98146888683534,42.20821421,B722,_,00020,703
B722__00520.703,14.010411670051703,42.13649006,B722,_,00520,703
B722__00430.703,14.018202431170781,42.158468655,B722,_,00430,703
B722__00420.703,14.02501932465756,42.144059845,B722,_,00420,703
B722__00410.703,14.00528129349458,42.158689655,B722,_,00410,703
B722__00280.703,13.995356488400454,42.15825896,B722,_,00280,703
B722__00260.703,13.987220080015499,42.159956085,B722,_,00260,703
B722__00190.703,13.992982666683352,42.16667391,B722,_,00190,703
B722__00180.703,14.025616959111488,42.173752125,B722,_,00180,703
B722__00100.703,13.986533370971191,42.176166655,B722,_,00100,703
B722__00090.703,13.971119305475728,42.17895258,B722,_,00090,703
B722__00070.703,13.996170680549866,42.196088765,B722,_,00070,703
B722__00060.703,13.994831554618518,42.192859545000005,B722,_,00060,703
B722__00050.703,13.981965778599605,42.190428690000005,B722,_,00050,703
B722__00030.703,13.967302684505508,42.1948642,B722,_,00030,703
B722__00020.704,13.981596853036205,42.208017604999995,B722,_,00020,704
B722__00520.704,14.0104759987628,42.136485045,B722,_,00520,704
B722__00430.704,14.02079011465592,42.153057655,B722,_,00430,704
B722__00420.704,14.025829294358086,42.144299305000004,B722,_,00420,704
B722__00280.704,13.995504888169172,42.158370865,B722,_,00280,704
B722__00260.704,13.985166825548557,42.157973485,B722,_,00260,704
B722__00200.704,14.026383738682735,42.16594456,B722,_,00200,704
B722__00190.704,13.992904132115058,42.165825435,B722,_,00190,704
B722__00180.704,14.02518049805641,42.173490355,B722,_,00180,704
B722__00140.704,13.985876569730724,42.17439182,B722,_,00140,704
B722__00100.704,13.98697695439273,42.180402685000004,B722,_,00100,704
B722__00090.704,13.971211098711539,42.178928,B722,_,00090,704
B722__00070.704,13.996451086729628,42.19611219,B722,_,00070,704
B722__00060.704,13.995364631406563,42.192538580000004,B722,_,00060,704
B722__00050.704,13.972885554166492,42.190490815000004,B722,_,00050,704
B722__00030.704,13.96731276136943,42.194824440000005,B722,_,00030,704
B722__00020.705,13.981394966660286,42.207849005,B722,_,00020,705
B722__00520.705,14.010595620762746,42.13640758,B722,_,00520,705
B722__00430.705,14.02096315171077,42.152949815,B722,_,00430,705
B722__00290.705,14.009650323140292,42.15993309,B722,_,00290,705
B722__00280.705,13.99573211310935,42.158384514999995,B722,_,00280,705
B722__00260.705,13.985179706996805,42.157888705,B722,_,00260,705
B722__00200.705,14.028122772950908,42.167720855,B722,_,00200,705
B722__00190.705,13.992936629111702,42.166482935000005,B722,_,00190,705
B722__00180.705,14.032692401054282,42.173716395,B722,_,00180,705
B722__00100.705,13.987409867267054,42.180625219999996,B722,_,00100,705
B722__00090.705,13.971280069805257,42.17887824,B722,_,00090,705
B722__00070.705,13.996312307670824,42.19605604,B722,_,00070,705
B722__00060.705,13.995403878765018,42.192767579999995,B722,_,00060,705
B722__00050.705,13.973614927367475,42.190884440000005,B722,_,00050,705
B722__00030.705,13.966879922005063,42.196885875,B722,_,00030,705
B722__00020.706,13.982731168395688,42.20702602,B722,_,00020,706
B722__00520.706,14.01092290794766,42.13638949,B722,_,00520,706
B722__00510.706,14.00619545188621,42.13473201,B722,_,00510,706
B722__00430.706,14.018419708389512,42.151408545,B722,_,00430,706
B722__00420.706,14.024656575990665,42.143210145,B722,_,00420,706
B722__00290.706,14.009444813196957,42.160033049999996,B722,_,00290,706
B722__00280.706,13.995919961630623,42.158499625000005,B722,_,00280,706
B722__00260.706,13.98525778804611,42.157832775,B722,_,00260,706
B722__00200.706,14.029102632630948,42.16710825,B722,_,00200,706
B722__00180.706,14.033022003486796,42.17332449,B722,_,00180,706
B722__00140.706,13.988122155244284,42.172787299999996,B722,_,00140,706
B722__00100.706,13.98790067965986,42.17821396,B722,_,00100,706
B722__00090.706,13.971325508391907,42.178810665,B722,_,00090,706
B722__00070.706,13.996719132536533,42.195895500000006,B722,_,00070,706
B722__00060.706,13.985317901958588,42.19207734,B722,_,00060,706
B722__00050.706,13.97685471039043,42.190307759999996,B722,_,00050,706
B722__00030.706,13.96196817904286,42.19690079,B722,_,00030,706
B722__00020.707,13.98258564422688,42.206905905,B722,_,00020,707
B722__00520.707,14.009814498647598,42.134917205,B722,_,00520,707
B722__00510.707,14.006608526568591,42.134900355,B722,_,00510,707
B722__00420.707,14.024393569006799,42.143193005,B722,_,00420,707
B722__00290.707,14.009455874894837,42.159961725,B722,_,00290,707
B722__00280.707,13.996165999979976,42.15864043,B722,_,00280,707
B722__00260.707,13.985423878884227,42.158237725,B722,_,00260,707
B722__00190.707,13.993073824858556,42.165294125,B722,_,00190,707
B722__00180.707,14.023221390376662,42.17311278,B722,_,00180,707
B722__00140.707,13.990362894513527,42.166166095,B722,_,00140,707
B722__00100.707,13.987992901800228,42.177809015,B722,_,00100,707
B722__00090.707,13.971427920949218,42.178772519999995,B722,_,00090,707
B722__00070.707,13.996562496767648,42.195804795,B722,_,00070,707
B722__00050.707,13.976835368575092,42.19021811,B722,_,00050,707
B722__00030.707,13.961928322608811,42.19680918,B722,_,00030,707
B722__00020.708,13.983885389195187,42.207006750000005,B722,_,00020,708
B722__00520.708,14.007267697599168,42.140882250000004,B722,_,00520,708
B722__00510.708,14.006860746443605,42.13515519,B722,_,00510,708
B722__00430.708,14.018014593408271,42.15137432,B722,_,00430,708
B722__00420.708,14.008044326188942,42.145968685,B722,_,00420,708
B722__00280.708,13.996591132632838,42.1589609,B722,_,00280,708
B722__00260.708,13.985481435857597,42.15820895,B722,_,00260,708
B722__00190.708,13.993162765783328,42.165390114999994,B722,_,00190,708
B722__00180.708,14.023520632219817,42.172790925,B722,_,00180,708
B722__00140.708,13.989957788270358,42.165793824999994,B722,_,00140,708
B722__00100.708,13.987758264963645,42.177182715,B722,_,00100,708
B722__00090.708,13.971507729205822,42.178716465,B722,_,00090,708
B722__00070.708,13.996525860825702,42.195792545,B722,_,00070,708
B722__00050.708,13.976782142732901,42.19014824,B722,_,00050,708
B722__00030.708,13.961885664394707,42.19671522,B722,_,00030,708
B722__00020.709,13.977683893020984,42.202800785,B722,_,00020,709
B722__00520.709,14.007443146226999,42.140861165000004,B722,_,00520,709
B722__00510.709,14.007158874139488,42.13515019,B722,_,00510,709
B722__00430.709,14.018120447851484,42.151472415,B722,_,00430,709
B722__00420.709,14.007881679667797,42.145505310000004,B722,_,00420,709
B722__00290.709,14.01046272808125,42.15955946,B722,_,00290,709
B722__00280.709,13.996013791107792,42.158187785,B722,_,00280,709
B722__00260.709,13.98563134926461,42.15811968,B722,_,00260,709
B722__00190.709,13.996661624496472,42.163316345,B722,_,00190,709
B722__00180.709,14.024010334956289,42.17286077,B722,_,00180,709
B722__00140.709,13.989096474427097,42.172143805000005,B722,_,00140,709
B722__00100.709,13.987553968560185,42.176736825000006,B722,_,00100,709
B722__00090.709,13.97152597849902,42.17889519,B722,_,00090,709
B722__00070.709,13.996862043270689,42.195721500000005,B722,_,00070,709
B722__00060.709,13.986471509676164,42.192240479999995,B722,_,00060,709
B722__00050.709,13.972415033225035,42.189753565000004,B722,_,00050,709
B722__00030.709,13.96708143814661,42.1969648,B722,_,00030,709
B722__00010.71,13.967463796796324,42.20925202,B722,_,00010,71
B722__00610.71,13.99808148836654,42.119962029999996,B722,_,00610,71
B722__00600.71,14.0072735626018,42.126807785,B722,_,00600,71
B722__00590.71,13.990089430064653,42.122159984999996,B722,_,00590,71
B722__00540.71,14.040233431987527,42.143952334999994,B722,_,00540,71
B722__00530.71,14.033272528434441,42.14659431,B722,_,00530,71
B722__00520.71,14.010837774808367,42.142402765,B722,_,00520,71
B722__00500.71,13.996604961571526,42.136195805,B722,_,00500,71
B722__00490.71,13.987141972164972,42.129013674999996,B722,_,00490,71
B722__00480.71,13.972106320594243,42.135926075,B722,_,00480,71
B722__00440.71,14.040681852075004,42.151373855,B722,_,00440,71
B722__00430.71,14.024621639093862,42.157607105,B722,_,00430,71
B722__00400.71,14.003857854181156,42.152594055,B722,_,00400,71
B722__00390.71,13.998899515071164,42.14345556,B722,_,00390,71
B722__00380.71,14.001216517319463,42.14120925,B722,_,00380,71
B722__00370.71,13.98658239078016,42.143782215,B722,_,00370,71
B722__00360.71,13.993336688259657,42.15205144,B722,_,00360,71
B722__00350.71,13.981147499546973,42.146088500000005,B722,_,00350,71
B722__00340.71,13.971346179879362,42.142948165,B722,_,00340,71
B722__00300.71,14.017652600482844,42.15978179,B722,_,00300,71
B722__00290.71,14.00543610576571,42.161625115,B722,_,00290,71
B722__0028.71,13.99782964934009,42.159176630000005,B722,_,0028,71
B722__00270.71,13.991332873823238,42.158512345000005,B722,_,00270,71
B722__00260.71,13.984131290644033,42.16433313,B722,_,00260,71
B722__00250.71,13.979763192942887,42.165861,B722,_,00250,71
B722__00230.71,14.066170774972274,42.16754332,B722,_,00230,71
B722__00220.71,14.042757907809328,42.1692546,B722,_,00220,71
B722__00210.71,14.042484451617874,42.171673415,B722,_,00210,71
B722__00200.71,14.014373955561414,42.16838094,B722,_,00200,71
B722__00190.71,13.98967418138103,42.168852470000004,B722,_,00190,71
B722__00180.71,14.016658296384083,42.17813479,B722,_,00180,71
B722__00170.71,14.010162185035423,42.178884894999996,B722,_,00170,71
B722__00160.71,14.003102149530186,42.172474785,B722,_,00160,71
B722__00150.71,13.99576983650567,42.175425579999995,B722,_,00150,71
B722__00140.71,13.989133367496235,42.173342605,B722,_,00140,71
B722__00130.71,13.980978053992043,42.173322365000004,B722,_,00130,71
B722__00120.71,14.008125946696493,42.191962035,B722,_,00120,71
B722__00110.71,13.99209398426905,42.18407253,B722,_,00110,71
B722__00100.71,13.981330709523174,42.186282320000004,B722,_,00100,71
B722__00080.71,13.959269442465448,42.188791635,B722,_,00080,71
B722__00060.71,13.985266398604239,42.199448950000004,B722,_,00060,71
B722__00050.71,13.97904658074797,42.19328761,B722,_,00050,71
B722__00040.71,13.972014603567885,42.20065031,B722,_,00040,71
B722__00030.71,13.968563011654144,42.197108005000004,B722,_,00030,71
B722__00020.71,13.980251577567618,42.20654804,B722,_,00020,71
B722__00020.710,13.977827203279794,42.20269099,B722,_,00020,710
B722__00520.710,14.007590961607143,42.140802275,B722,_,00520,710
B722__00510.710,14.00765910941281,42.135302725,B722,_,00510,710
B722__00420.710,14.009571467949122,42.14599792,B722,_,00420,710
B722__00290.710,14.010518240283155,42.159641465,B722,_,00290,710
B722__00280.710,13.995791625358997,42.158180709999996,B722,_,00280,710
B722__00260.710,13.98564004367325,42.158547985,B722,_,00260,710
B722__00190.710,13.99679632415762,42.16327975,B722,_,00190,710
B722__00180.710,14.024423607205202,42.17195219,B722,_,00180,710
B722__00140.710,13.989138820677923,42.17203352,B722,_,00140,710
B722__00100.710,13.987099078197962,42.176354845,B722,_,00100,710
B722__00090.710,13.971697164705514,42.179101724999995,B722,_,00090,710
B722__00070.710,13.996901522702107,42.19568112,B722,_,00070,710
B722__00060.710,13.992230567169276,42.19890878,B722,_,00060,710
B722__00050.710,13.973121560167822,42.189690835,B722,_,00050,710
B722__00030.710,13.96534944166855,42.19877911,B722,_,00030,710
B722__00020.711,13.984035664803184,42.202007645,B722,_,00020,711
B722__00520.711,14.007740366344237,42.14075726,B722,_,00520,711
B722__00510.711,14.007802833350738,42.135264975,B722,_,00510,711
B722__00430.711,14.018159745561855,42.151391285,B722,_,00430,711
B722__00420.711,14.01012631630837,42.14726301,B722,_,00420,711
B722__00290.711,14.010947426531432,42.15935685,B722,_,00290,711
B722__00280.711,13.996321548054027,42.158609569999996,B722,_,00280,711
B722__00260.711,13.985679991904153,42.15841819,B722,_,00260,711
B722__00200.711,14.027308444739957,42.166831865,B722,_,00200,711
B722__00190.711,13.997719205325758,42.163399874999996,B722,_,00190,711
B722__00180.711,14.02466996233954,42.17218692,B722,_,00180,711
B722__00100.711,13.988292404409483,42.180363995,B722,_,00100,711
B722__00090.711,13.971498114568602,42.17909526,B722,_,00090,711
B722__00070.711,13.996562391613482,42.19567371,B722,_,00070,711
B722__00050.711,13.973184610479201,42.189779904999995,B722,_,00050,711
B722__00030.711,13.965614152536716,42.199052415,B722,_,00030,711
B722__00020.712,13.98079151486926,42.202779005,B722,_,00020,712
B722__00520.712,14.007951922138458,42.14073399,B722,_,00520,712
B722__00510.712,14.008082558813129,42.135224949999994,B722,_,00510,712
B722__00430.712,14.01881313871165,42.152536185,B722,_,00430,712
B722__00420.712,14.010329011318678,42.147243790000005,B722,_,00420,712
B722__00280.712,13.996664815890227,42.158752164999996,B722,_,00280,712
B722__00260.712,13.985871084017136,42.15825512,B722,_,00260,712
B722__00190.712,13.995514020007843,42.16809101,B722,_,00190,712
B722__00180.712,14.024824413773281,42.172288945000005,B722,_,00180,712
B722__00140.712,13.989160927214531,42.172867315000005,B722,_,00140,712
B722__00090.712,13.971567104335804,42.17916909,B722,_,00090,712
B722__00070.712,13.9966063430264,42.1956294,B722,_,00070,712
B722__00050.712,13.976259431905575,42.188103815,B722,_,00050,712
B722__00030.712,13.968464629560692,42.19966225,B722,_,00030,712
B722__00020.713,13.982595599397474,42.20062266,B722,_,00020,713
B722__00520.713,14.00986836028823,42.13620623,B722,_,00520,713
B722__00510.713,14.007613160745109,42.135109529999994,B722,_,00510,713
B722__00420.713,14.01120758093894,42.14661069,B722,_,00420,713
B722__00290.713,14.011425433771844,42.15872098,B722,_,00290,713
B722__00280.713,13.996813846685356,42.157298765,B722,_,00280,713
B722__00260.713,13.98484900186505,42.157646025000005,B722,_,00260,713
B722__00200.713,14.028051005213728,42.170863815000004,B722,_,00200,713
B722__00190.713,13.995615173249611,42.16805309,B722,_,00190,713
B722__00180.713,14.030045802551015,42.172568805,B722,_,00180,713
B722__00100.713,13.987503893356232,42.18364891,B722,_,00100,713
B722__00090.713,13.971600655372232,42.17919647,B722,_,00090,713
B722__00070.713,13.996589988825173,42.195533785,B722,_,00070,713
B722__00060.713,13.987809726598993,42.192308025,B722,_,00060,713
B722__00050.713,13.975327529495424,42.18843627,B722,_,00050,713
B722__00030.713,13.968478599313254,42.1989941,B722,_,00030,713
B722__00020.714,13.981559525128077,42.206183964999994,B722,_,00020,714
B722__00520.714,14.010028344039956,42.136251545,B722,_,00520,714
B722__00510.714,14.007830011062012,42.135051329999996,B722,_,00510,714
B722__00430.714,14.018499529548432,42.152158665,B722,_,00430,714
B722__00420.714,14.01123855652471,42.14656493,B722,_,00420,714
B722__00290.714,14.011345213871703,42.158667664999996,B722,_,00290,714
B722__00280.714,13.997378553148625,42.158013125,B722,_,00280,714
B722__00260.714,13.98485766152703,42.157539485,B722,_,00260,714
B722__00200.714,14.028434361249241,42.170615385000005,B722,_,00200,714
B722__00190.714,14.00700768768535,42.163979475000005,B722,_,00190,714
B722__00180.714,14.030482744304155,42.172480995,B722,_,00180,714
B722__00100.714,13.987302764029796,42.183683380000005,B722,_,00100,714
B722__00090.714,13.971631282035997,42.1792309,B722,_,00090,714
B722__00070.714,13.996722466873663,42.19556697,B722,_,00070,714
B722__00060.714,13.988160195823394,42.192256465,B722,_,00060,714
B722__00050.714,13.977821372577722,42.187948845,B722,_,00050,714
B722__00030.714,13.962460702277298,42.19869072,B722,_,00030,714
B722__00020.715,13.981772029720823,42.206176084999996,B722,_,00020,715
B722__00520.715,14.010199468241865,42.13628902,B722,_,00520,715
B722__00510.715,14.007611232203264,42.13492954,B722,_,00510,715
B722__00430.715,14.018377539828766,42.15220599,B722,_,00430,715
B722__00420.715,14.01126527373357,42.14652595,B722,_,00420,715
B722__00290.715,14.011260248060907,42.158659045,B722,_,00290,715
B722__00280.715,13.996567438793447,42.157163825,B722,_,00280,715
B722__00260.715,13.984912931682924,42.15751012,B722,_,00260,715
B722__00200.715,14.02873293279572,42.17042257,B722,_,00200,715
B722__00190.715,14.00062885758785,42.16219674,B722,_,00190,715
B722__00180.715,14.029904607319775,42.176074995,B722,_,00180,715
B722__00100.715,13.987237289989208,42.18367294,B722,_,00100,715
B722__00090.715,13.971643623302054,42.179279385,B722,_,00090,715
B722__00070.715,13.996413532889438,42.19560247,B722,_,00070,715
B722__00060.715,13.98836640229807,42.19271406,B722,_,00060,715
B722__00050.715,13.978057993230713,42.18765913,B722,_,00050,715
B722__00030.715,13.962057220263304,42.198370525,B722,_,00030,715
B722__00020.716,13.981806410435066,42.205794065000006,B722,_,00020,716
B722__00520.716,14.009769524065044,42.134486945,B722,_,00520,716
B722__00510.716,14.007911329487156,42.134883869999996,B722,_,00510,716
B722__00430.716,14.0184435792185,42.152210620000005,B722,_,00430,716
B722__00420.716,14.011298706758515,42.146459985,B722,_,00420,716
B722__00290.716,14.011316053034985,42.158571894999994,B722,_,00290,716
B722__00280.716,13.997216989182537,42.157428605,B722,_,00280,716
B722__00260.716,13.984036392752685,42.15704323,B722,_,00260,716
B722__00200.716,14.028911398222714,42.17019227,B722,_,00200,716
B722__00190.716,13.99665782215002,42.162602205,B722,_,00190,716
B722__00180.716,14.029541168065037,42.176208095,B722,_,00180,716
B722__00100.716,13.988583278133412,42.18568741,B722,_,00100,716
B722__00090.716,13.971524265377798,42.179369645,B722,_,00090,716
B722__00070.716,13.996391931827304,42.195539735,B722,_,00070,716
B722__00060.716,13.992410965385858,42.19925256,B722,_,00060,716
B722__00050.716,13.978181135863313,42.187827985,B722,_,00050,716
B722__00030.716,13.962078518920801,42.198282365,B722,_,00030,716
B722__00020.717,13.981767961187956,42.205768835,B722,_,00020,717
B722__00520.717,14.009908964101463,42.134561685,B722,_,00520,717
B722__0051.717,14.00741020234836,42.134769625,B722,_,0051,717
B722__00430.717,14.018381580937259,42.1522321,B722,_,00430,717
B722__00420.717,14.011327492300113,42.14650799,B722,_,00420,717
B722__00290.717,14.01147557714732,42.158562785,B722,_,00290,717
B722__00280.717,13.997369466808792,42.157592195,B722,_,00280,717
B722__00260.717,13.983989104221916,42.15661515,B722,_,00260,717
B722__00200.717,14.02824746376145,42.167151755,B722,_,00200,717
B722__00190.717,13.996711555131508,42.162153345,B722,_,00190,717
B722__00180.717,14.029312737217303,42.176332880000004,B722,_,00180,717
B722__00100.717,13.98543486825743,42.17940331,B722,_,00100,717
B722__00090.717,13.971785580227625,42.179369645,B722,_,00090,717
B722__00070.717,13.996401972619255,42.195415525,B722,_,00070,717
B722__00060.717,13.988970343480485,42.19274738,B722,_,00060,717
B722__00050.717,13.978474482619067,42.187952935,B722,_,00050,717
B722__00030.717,13.966755874975842,42.19794277,B722,_,00030,717
B722__00020.718,13.981644159454488,42.205789304999996,B722,_,00020,718
B722__00520.718,14.010059603861434,42.13462364,B722,_,00520,718
B722__0051.718,14.007301600858137,42.13458242,B722,_,0051,718
B722__00430.718,14.0182553566944,42.152327655,B722,_,00430,718
B722__00280.718,13.997455134811517,42.15772888,B722,_,00280,718
B722__00260.718,13.984441427444814,42.156872755,B722,_,00260,718
B722__00200.718,14.030504339137659,42.167654325,B722,_,00200,718
B722__00190.718,13.996727869788671,42.161778549999994,B722,_,00190,718
B722__00180.718,14.028554506979118,42.176476315,B722,_,00180,718
B722__00100.718,13.979737508588673,42.18275883,B722,_,00100,718
B722__00090.718,13.971900034828767,42.179494265,B722,_,00090,718
B722__00070.718,13.99658163925288,42.195402175,B722,_,00070,718
B722__00060.718,13.988280854637939,42.192821249999994,B722,_,00060,718
B722__00050.718,13.97852514158713,42.18702073,B722,_,00050,718
B722__00030.718,13.966492382379013,42.197920295,B722,_,00030,718
B722__00020.719,13.981438489091982,42.206156289999996,B722,_,00020,719
B722__00520.719,14.009067919669768,42.135826565,B722,_,00520,719
B722__0051.719,14.006882350312063,42.134503804999994,B722,_,0051,719
B722__00430.719,14.018113202179913,42.151397349999996,B722,_,00430,719
B722__00420.719,14.01297548278853,42.14692172,B722,_,00420,719
B722__00410.719,14.00878476404616,42.157271655,B722,_,00410,719
B722__00280.719,13.99745733020591,42.157830895000004,B722,_,00280,719
B722__00260.719,13.981991759890391,42.15481067,B722,_,00260,719
B722__00200.719,14.030731187931117,42.168050539999996,B722,_,00200,719
B722__00190.719,13.996851158811868,42.161535075,B722,_,00190,719
B722__00180.719,14.029279034309774,42.1761116,B722,_,00180,719
B722__00100.719,13.985435598204134,42.17780242,B722,_,00100,719
B722__00090.719,13.97186292254527,42.17969735,B722,_,00090,719
B722__00070.719,13.995639716693887,42.195178935,B722,_,00070,719
B722__00060.719,13.98891254637821,42.19284012,B722,_,00060,719
B722__00050.719,13.973835935239087,42.18779292,B722,_,00050,719
B722__00030.719,13.966387909587064,42.197939475,B722,_,00030,719
B722__00010.72,13.967239281793884,42.209139095,B722,_,00010,72
B722__00610.72,13.99854078138002,42.12000682,B722,_,00610,72
B722__00600.72,14.007302948073754,42.12705048,B722,_,00600,72
B722__00590.72,13.990187553834357,42.122409149999996,B722,_,00590,72
B722__00540.72,14.04058802857665,42.14425435,B722,_,00540,72
B722__00530.72,14.03366720474611,42.14696904,B722,_,00530,72
B722__00520.72,14.010822762484235,42.142293894999995,B722,_,00520,72
B722__00500.72,13.995321516595531,42.135305405,B722,_,00500,72
B722__00490.72,13.987838052247287,42.1289399,B722,_,00490,72
B722__00480.72,13.972676946378199,42.136036974999996,B722,_,00480,72
B722__00440.72,14.041368679386968,42.151136414999996,B722,_,00440,72
B722__00430.72,14.02501794413504,42.157793085,B722,_,00430,72
B722__00390.72,13.999092429138194,42.14358158,B722,_,00390,72
B722__00380.72,14.001329680823455,42.141165064999996,B722,_,00380,72
B722__00370.72,13.987218546434725,42.144066955,B722,_,00370,72
B722__00360.72,13.993450329929118,42.151800210000005,B722,_,00360,72
B722__00350.72,13.982117827281346,42.14608227,B722,_,00350,72
B722__00340.72,13.971096953382949,42.14394807,B722,_,00340,72
B722__00300.72,14.017185758259242,42.159842915,B722,_,00300,72
B722__00290.72,14.00579467044129,42.161760385,B722,_,00290,72
B722__0028.72,13.997863899878002,42.159141975,B722,_,0028,72
B722__00270.72,13.991715223019192,42.158695585000004,B722,_,00270,72
B722__00260.72,13.984293767537501,42.164323984999996,B722,_,00260,72
B722__00250.72,13.9801075577785,42.16582006,B722,_,00250,72
B722__00230.72,14.06649785946237,42.167378135,B722,_,00230,72
B722__00220.72,14.04410462510628,42.169434415,B722,_,00220,72
B722__00210.72,14.041764582249238,42.171628229999996,B722,_,00210,72
B722__00200.72,14.01448138452032,42.168700605,B722,_,00200,72
B722__00190.72,13.989727314003403,42.168666015,B722,_,00190,72
B722__00180.72,14.018620945401356,42.179254220000004,B722,_,00180,72
B722__00170.72,14.010548399374553,42.179155715,B722,_,00170,72
B722__00160.72,14.00337286206398,42.172252745,B722,_,00160,72
B722__00150.72,13.995902713758174,42.17517179,B722,_,00150,72
B722__00140.72,13.989156430779216,42.173301545,B722,_,00140,72
B722__00130.72,13.981534605089683,42.173255265,B722,_,00130,72
B722__00120.72,14.007865132222602,42.191817275,B722,_,00120,72
B722__00110.72,13.992545605927894,42.18410494,B722,_,00110,72
B722__00100.72,13.982500371102002,42.1861179,B722,_,00100,72
B722__0009.72,13.970749333360569,42.187706755,B722,_,0009,72
B722__00080.72,13.960031028914063,42.188704994999995,B722,_,00080,72
B722__00070.72,13.99903520807245,42.19645077,B722,_,00070,72
B722__00060.72,13.985627438791099,42.19943359,B722,_,00060,72
B722__00050.72,13.978846681953726,42.19375952,B722,_,00050,72
B722__00040.72,13.971979014762578,42.20058406,B722,_,00040,72
B722__00030.72,13.968707584570648,42.19718305,B722,_,00030,72
B722__00020.720,13.981586827654805,42.206003225,B722,_,00020,720
B722__00520.720,14.00913561546659,42.135780295,B722,_,00520,720
B722__0051.720,14.006583205297844,42.134596654999996,B722,_,0051,720
B722__00430.720,14.018208967420179,42.15142719,B722,_,00430,720
B722__00420.720,14.018360797090601,42.149280149999996,B722,_,00420,720
B722__00410.720,14.00894516147893,42.15724914,B722,_,00410,720
B722__00280.720,13.997584918601529,42.157933240000006,B722,_,00280,720
B722__00260.720,13.982623257364775,42.155164685,B722,_,00260,720
B722__00190.720,13.998724539856369,42.16367552,B722,_,00190,720
B722__00180.720,14.028834446136223,42.176030229999995,B722,_,00180,720
B722__00100.720,13.978919043805712,42.17993678,B722,_,00100,720
B722__00090.720,13.972004151330987,42.17954828,B722,_,00090,720
B722__00070.720,13.995964054967672,42.19516571,B722,_,00070,720
B722__00060.720,13.989539293087137,42.19285346,B722,_,00060,720
B722__00050.720,13.974082937923438,42.187873929999995,B722,_,00050,720
B722__00030.720,13.966248253624446,42.19781545,B722,_,00030,720
B722__00020.721,13.983201137614936,42.20681589,B722,_,00020,721
B722__00520.721,14.00920720895963,42.1357328,B722,_,00520,721
B722__0051.721,14.006480800840325,42.13438728,B722,_,0051,721
B722__00430.721,14.018254045291084,42.151537145,B722,_,00430,721
B722__00420.721,14.013263854449733,42.14679318,B722,_,00420,721
B722__00410.721,14.009115814000776,42.157227255,B722,_,00410,721
B722__00290.721,14.010464488098822,42.159687175,B722,_,00290,721
B722__00280.721,13.997811359139165,42.157989095,B722,_,00280,721
B722__00260.721,13.983002969825025,42.155100575000006,B722,_,00260,721
B722__00190.721,13.995918365947016,42.162198735000004,B722,_,00190,721
B722__00180.721,14.029240586880722,42.175843029999996,B722,_,00180,721
B722__00100.721,13.990230358434044,42.1762811,B722,_,00100,721
B722__00090.721,13.97215389739233,42.179524365,B722,_,00090,721
B722__00070.721,13.996010402809713,42.195165445,B722,_,00070,721
B722__00060.721,13.990683269898746,42.193092140000005,B722,_,00060,721
B722__00050.721,13.978650333429595,42.190711885,B722,_,00050,721
B722__00030.721,13.965943833650234,42.197779055,B722,_,00030,721
B722__00020.722,13.981141987846858,42.206171909999995,B722,_,00020,722
B722__00520.722,14.010290506010858,42.134796460000004,B722,_,00520,722
B722__0051.722,14.006960295195128,42.13444913,B722,_,0051,722
B722__00430.722,14.018284518783407,42.151569280000004,B722,_,00430,722
B722__00420.722,14.014633718254146,42.146555275,B722,_,00420,722
B722__00290.722,14.01050079705577,42.15848033,B722,_,00290,722
B722__00280.722,13.996385721163161,42.15697501,B722,_,00280,722
B722__00260.722,13.982926629720351,42.155749015,B722,_,00260,722
B722__00190.722,13.995950989963713,42.162090225,B722,_,00190,722
B722__00180.722,14.029715945401048,42.175741009999996,B722,_,00180,722
B722__00100.722,13.990269937934503,42.176474865,B722,_,00100,722
B722__00090.722,13.972029538122793,42.179721045,B722,_,00090,722
B722__00070.722,13.99543697349576,42.195415245,B722,_,00070,722
B722__00050.722,13.97135562140955,42.194223754999996,B722,_,00050,722
B722__00030.722,13.965663184725198,42.197779055,B722,_,00030,722
B722__00020.723,13.98133601502603,42.205965340000006,B722,_,00020,723
B722__00520.723,14.010426934720536,42.13484338,B722,_,00520,723
B722__0051.723,14.00537760673664,42.13974586,B722,_,0051,723
B722__00430.723,14.023833854077242,42.151817885,B722,_,00430,723
B722__00420.723,14.00649436048797,42.14439897,B722,_,00420,723
B722__00290.723,14.011553556377153,42.158894114999995,B722,_,00290,723
B722__00280.723,13.997484263950028,42.157369470000006,B722,_,00280,723
B722__00260.723,13.9832147948805,42.155788845000004,B722,_,00260,723
B722__00200.723,14.030522569971849,42.168099905,B722,_,00200,723
B722__00190.723,13.994891893355174,42.16522578,B722,_,00190,723
B722__00180.723,14.029464774720413,42.17584216,B722,_,00180,723
B722__00100.723,13.988004712241295,42.183322285,B722,_,00100,723
B722__00090.723,13.972114370321725,42.179723375,B722,_,00090,723
B722__00070.723,13.995782951043854,42.195389199999994,B722,_,00070,723
B722__00060.723,13.990993282747175,42.19318969,B722,_,00060,723
B722__00050.723,13.976506971413102,42.19482224,B722,_,00050,723
B722__00030.723,13.96556523881399,42.197803605000004,B722,_,00030,723
B722__00020.724,13.978270670861901,42.206816919999994,B722,_,00020,724
B722__00520.724,14.010714478645564,42.134940645,B722,_,00520,724
B722__0051.724,14.007338313125114,42.13445823,B722,_,0051,724
B722__00430.724,14.023853085980399,42.151542515,B722,_,00430,724
B722__00290.724,14.006078007908485,42.161944715000004,B722,_,00290,724
B722__00280.724,13.99786987018921,42.157838749999996,B722,_,00280,724
B722__00260.724,13.983527505928016,42.155950884999996,B722,_,00260,724
B722__00190.724,13.989838710573027,42.168420945,B722,_,00190,724
B722__00100.724,13.98765247750903,42.183757119999996,B722,_,00100,724
B722__00090.724,13.972251882055412,42.179691455,B722,_,00090,724
B722__00070.724,13.996042584548956,42.19539577,B722,_,00070,724
B722__00060.724,13.991166083774175,42.19309231,B722,_,00060,724
B722__00050.724,13.979716600771884,42.193667860000005,B722,_,00050,724
B722__00030.724,13.965451125044197,42.19785761,B722,_,00030,724
B722__00020.725,13.978124927416737,42.20694106,B722,_,00020,725
B722__00520.725,14.027960390607348,42.137471175,B722,_,00520,725
B722__0051.725,14.00784014977838,42.134274635,B722,_,0051,725
B722__00430.725,14.018580926534586,42.15250571,B722,_,00430,725
B722__00410.725,14.00404779520673,42.157964675,B722,_,00410,725
B722__00290.725,14.007118280304462,42.16211337,B722,_,00290,725
B722__00280.725,13.997906402677192,42.157566565,B722,_,00280,725
B722__00260.725,13.983403071015122,42.155368965,B722,_,00260,725
B722__00200.725,14.030658293672495,42.168099905,B722,_,00200,725
B722__00190.725,13.989903515393344,42.168377570000004,B722,_,00190,725
B722__00180.725,14.029279410857761,42.175294140000005,B722,_,00180,725
B722__00100.725,13.986173814853306,42.18751511,B722,_,00100,725
B722__00090.725,13.97269202709641,42.17966367,B722,_,00090,725
B722__00070.725,13.996062149909214,42.195279215,B722,_,00070,725
B722__00060.725,13.991433032174188,42.19292652,B722,_,00060,725
B722__00050.725,13.98283370811738,42.193215795,B722,_,00050,725
B722__00030.725,13.96926858881957,42.197936125,B722,_,00030,725
B722__00020.726,13.978795065656348,42.206526685,B722,_,00020,726
B722__00520.726,14.02779090769197,42.137418655000005,B722,_,00520,726
B722__00510.726,14.008019827588734,42.134553095,B722,_,00510,726
B722__00430.726,14.018592776414284,42.151358925,B722,_,00430,726
B722__00420.726,14.017805774660978,42.145762039999994,B722,_,00420,726
B722__00410.726,14.004341518010147,42.15805864,B722,_,00410,726
B722__00290.726,14.005229235557849,42.162040575000006,B722,_,00290,726
B722__00280.726,13.998182329472279,42.157765330000004,B722,_,00280,726
B722__00260.726,13.983069038143938,42.15558203,B722,_,00260,726
B722__00190.726,13.99430406583997,42.165149389999996,B722,_,00190,726
B722__00180.726,14.02705645346046,42.17174824,B722,_,00180,726
B722__00100.726,13.986197010075482,42.187337604999996,B722,_,00100,726
B722__00090.726,13.972557526314969,42.17960707,B722,_,00090,726
B722__00070.726,13.996137476602769,42.19540427,B722,_,00070,726
B722__00060.726,13.991477415336137,42.19289813,B722,_,00060,726
B722__00050.726,13.982813859483116,42.193058844999996,B722,_,00050,726
B722__00030.726,13.962718613948663,42.19719147,B722,_,00030,726
B722__00020.727,13.97896627029785,42.20642616000001,B722,_,00020,727
B722__00520.727,14.010374436209739,42.134279355,B722,_,00520,727
B722__00510.727,14.008026462627196,42.13475178,B722,_,00510,727
B722__00430.727,14.018292061305957,42.15171351,B722,_,00430,727
B722__00420.727,14.0207668763658,42.14637414,B722,_,00420,727
B722__00410.727,14.004112853682308,42.158328624999996,B722,_,00410,727
B722__00280.727,13.9982644381551,42.15789305,B722,_,00280,727
B722__00260.727,13.980692924166412,42.15352448,B722,_,00260,727
B722__00200.727,14.030469719291752,42.167781395,B722,_,00200,727
B722__00190.727,13.995878203866269,42.168581245,B722,_,00190,727
B722__00180.727,14.02731079717524,42.171395195,B722,_,00180,727
B722__00100.727,13.987584860667166,42.17608543,B722,_,00100,727
B722__00090.727,13.972492323122822,42.17953564,B722,_,00090,727
B722__00070.727,13.996018267063222,42.19559986,B722,_,00070,727
B722__00060.727,13.99167020268913,42.19296773000001,B722,_,00060,727
B722__00050.727,13.976066719277764,42.187907859999996,B722,_,00050,727
B722__00030.727,13.959277878844292,42.19696643,B722,_,00030,727
B722__00030.728,13.962358052021457,42.196589585,B722,_,00030,728
B722__00520.728,14.010458829578774,42.134298775000005,B722,_,00520,728
B722__0051.728,14.00639974477387,42.134192685,B722,_,0051,728
B722__00430.728,14.018237136346148,42.151684465,B722,_,00430,728
B722__00420.728,14.009068682957466,42.144345615000006,B722,_,00420,728
B722__00290.728,14.01607089452105,42.16137818,B722,_,00290,728
B722__00280.728,13.998368408960427,42.157890865,B722,_,00280,728
B722__00260.728,13.980923075108787,42.153377445,B722,_,00260,728
B722__00200.728,14.028166570877389,42.16687775,B722,_,00200,728
B722__00190.728,13.996464110472576,42.168793965,B722,_,00190,728
B722__00100.728,13.987879416205676,42.17603929,B722,_,00100,728
B722__00090.728,13.972413932400281,42.179397175000005,B722,_,00090,728
B722__00070.728,13.995507890336864,42.195491849999996,B722,_,00070,728
B722__00050.728,13.975832316207079,42.18757354,B722,_,00050,728
B722__00020.729,13.978396220552593,42.2077501,B722,_,00020,729
B722__00520.729,14.01055848254875,42.134377875,B722,_,00520,729
B722__0051.729,14.007020931664282,42.134323645,B722,_,0051,729
B722__00420.729,14.009541325184443,42.14432189,B722,_,00420,729
B722__00280.729,13.99617022803569,42.156703,B722,_,00280,729
B722__00260.729,13.981059963737378,42.15321642,B722,_,00260,729
B722__00200.729,14.029335457977787,42.167181225,B722,_,00200,729
B722__00190.729,14.002461469833985,42.16391827,B722,_,00190,729
B722__00100.729,13.988090000555363,42.175995515,B722,_,00100,729
B722__00090.729,13.974125832253401,42.180096665,B722,_,00090,729
B722__00070.729,13.995834356498335,42.195516870000006,B722,_,00070,729
B722__00060.729,13.992142195421838,42.193200945,B722,_,00060,729
B722__00050.729,13.97689622610686,42.18747018,B722,_,00050,729
B722__00030.729,13.969161886870127,42.19604495,B722,_,00030,729
B722__00010.73,13.967158305806224,42.20897258,B722,_,00010,73
B722__00610.73,13.99960339053275,42.1202641,B722,_,00610,73
B722__00600.73,14.007890352659391,42.127297575,B722,_,00600,73
B722__00590.73,13.99031653675371,42.12267669,B722,_,00590,73
B722__00540.73,14.041061846200726,42.14422336,B722,_,00540,73
B722__00530.73,14.037408703383239,42.146287380000004,B722,_,00530,73
B722__00500.73,13.992250480500243,42.13561168,B722,_,00500,73
B722__00490.73,13.988846414452741,42.1291123,B722,_,00490,73
B722__00480.73,13.972560458222357,42.136494315,B722,_,00480,73
B722__00440.73,14.042304231232247,42.151018109999995,B722,_,00440,73
B722__00430.73,14.025093361903824,42.15772692,B722,_,00430,73
B722__00400.73,14.00121561381852,42.15133324999999,B722,_,00400,73
B722__00390.73,13.999452583607486,42.143952195,B722,_,00390,73
B722__00380.73,14.001379972223475,42.141054139999994,B722,_,00380,73
B722__00370.73,13.987711533571936,42.143971365,B722,_,00370,73
B722__00360.73,13.9931156711692,42.151671995,B722,_,00360,73
B722__00350.73,13.983426729910931,42.146288819999995,B722,_,00350,73
B722__00340.73,13.972382444155766,42.14295315,B722,_,00340,73
B722__00330.73,13.978912673102204,42.152276490000006,B722,_,00330,73
B722__00300.73,14.017345582770112,42.15975779,B722,_,00300,73
B722__00290.73,14.00694757615061,42.161986005,B722,_,00290,73
B722__00270.73,13.991915187642688,42.158483275,B722,_,00270,73
B722__00260.73,13.984410885040438,42.164265175,B722,_,00260,73
B722__00250.73,13.97983111910456,42.16526895,B722,_,00250,73
B722__00230.73,14.06669347943888,42.16702382,B722,_,00230,73
B722__00220.73,14.052210596436684,42.167986575,B722,_,00220,73
B722__00210.73,14.041324536416749,42.171623374999996,B722,_,00210,73
B722__00200.73,14.014842578081153,42.1688792,B722,_,00200,73
B722__00190.73,13.990100261369456,42.16856319,B722,_,00190,73
B722__00180.73,14.018732555624993,42.17882292,B722,_,00180,73
B722__00170.73,14.010683441535608,42.178584055,B722,_,00170,73
B722__00160.73,14.003927276207946,42.17222987,B722,_,00160,73
B722__00150.73,13.996366866579377,42.174982695,B722,_,00150,73
B722__00140.73,13.989168316594371,42.173279629999996,B722,_,00140,73
B722__00130.73,13.984002359815484,42.174025764999996,B722,_,00130,73
B722__00120.73,14.008924255798306,42.19143015,B722,_,00120,73
B722__00110.73,13.992321459205735,42.18428238,B722,_,00110,73
B722__00100.73,13.983032963049958,42.18627329,B722,_,00100,73
B722__00080.73,13.960064852803256,42.188642865000006,B722,_,00080,73
B722__00070.73,13.9995821473182,42.195780455000005,B722,_,00070,73
B722__00060.73,13.985341446831578,42.199375035,B722,_,00060,73
B722__00050.73,13.979470493546149,42.193945060000004,B722,_,00050,73
B722__00040.73,13.971802279389413,42.200487390000006,B722,_,00040,73
B722__00030.73,13.96858075042455,42.19766708,B722,_,00030,73
B722__00020.73,13.980145958383872,42.206898705,B722,_,00020,73
B722__00020.730,13.979808058293017,42.205907245000006,B722,_,00020,730
B722__00520.730,14.010698883131901,42.134403795,B722,_,00520,730
B722__0051.730,14.006371263059517,42.133877705,B722,_,0051,730
B722__00420.730,14.007828281743496,42.14356609,B722,_,00420,730
B722__00280.730,13.996573695150225,42.156866925,B722,_,00280,730
B722__00260.730,13.98686391877666,42.15955331,B722,_,00260,730
B722__00200.730,14.029886635980684,42.168122005,B722,_,00200,730
B722__00190.730,13.994280466670194,42.163777325,B722,_,00190,730
B722__00100.730,13.988163072785134,42.17593205,B722,_,00100,730
B722__00090.730,13.97232993249898,42.179272065,B722,_,00090,730
B722__00070.730,13.996139102245763,42.195517835000004,B722,_,00070,730
B722__00060.730,13.992659293197276,42.192797965,B722,_,00060,730
B722__00050.730,13.978236047034734,42.187644845,B722,_,00050,730
B722__00030.730,13.969311412862325,42.196618205,B722,_,00030,730
B722__00020.731,13.979178990596889,42.20598094,B722,_,00020,731
B722__00520.731,14.01078516210848,42.134515754999995,B722,_,00520,731
B722__0051.731,14.006790528913562,42.134053565,B722,_,0051,731
B722__00420.731,14.022096574944872,42.145736940000006,B722,_,00420,731
B722__00410.731,14.004932627230833,42.154695739999994,B722,_,00410,731
B722__00290.731,14.012457290586703,42.16160676,B722,_,00290,731
B722__00280.731,13.997052244792737,42.15694157,B722,_,00280,731
B722__00260.731,13.986788671064794,42.159573519999995,B722,_,00260,731
B722__00100.731,13.989079421846284,42.175422655000006,B722,_,00100,731
B722__00090.731,13.972225437061251,42.179216440000005,B722,_,00090,731
B722__00070.731,13.996216533470113,42.19604805,B722,_,00070,731
B722__00060.731,13.993023744417782,42.192899569999994,B722,_,00060,731
B722__00050.731,13.97642680100752,42.18768795,B722,_,00050,731
B722__00030.731,13.965975050943694,42.194175465,B722,_,00030,731
B722__00020.732,13.97956255516959,42.20581808,B722,_,00020,732
B722__00520.732,14.010873170019416,42.134374605000005,B722,_,00520,732
B722__0051.732,14.007440697467668,42.13403701,B722,_,0051,732
B722__00420.732,14.022408677248553,42.14476747,B722,_,00420,732
B722__00290.732,14.012368757683435,42.16152268,B722,_,00290,732
B722__00280.732,13.997071305679675,42.157013375,B722,_,00280,732
B722__00260.732,13.98674400202626,42.159581875,B722,_,00260,732
B722__00190.732,14.004766367388847,42.169781564999994,B722,_,00190,732
B722__00100.732,13.989338547293809,42.175305975,B722,_,00100,732
B722__00090.732,13.97211691465416,42.17908928,B722,_,00090,732
B722__00070.732,13.996362577806416,42.195982455000006,B722,_,00070,732
B722__00060.732,13.99349762971314,42.192773735,B722,_,00060,732
B722__00050.732,13.97653720173785,42.187682785,B722,_,00050,732
B722__00030.732,13.966409889739676,42.19492753,B722,_,00030,732
B722__00020.733,13.983344456496331,42.205483494999996,B722,_,00020,733
B722__00520.733,14.010983832232004,42.134458605000006,B722,_,00520,733
B722__00510.733,14.00820234988761,42.134417355,B722,_,00510,733
B722__00420.733,14.02452257410197,42.14462071,B722,_,00420,733
B722__00410.733,14.004477346528326,42.155453824999995,B722,_,00410,733
B722__00290.733,14.001826001374473,42.16122815,B722,_,00290,733
B722__00280.733,13.997118582707934,42.157051949999996,B722,_,00280,733
B722__00260.733,13.989637836300414,42.162452695,B722,_,00260,733
B722__00200.733,14.030239847237523,42.167694010000005,B722,_,00200,733
B722__00190.733,14.004805941432778,42.169135195,B722,_,00190,733
B722__00090.733,13.971764724385043,42.17900908,B722,_,00090,733
B722__00070.733,13.996503592887768,42.195948265,B722,_,00070,733
B722__00060.733,13.994038802279508,42.192539185,B722,_,00060,733
B722__00050.733,13.976556884071691,42.187519335000005,B722,_,00050,733
B722__00030.733,13.963713761231109,42.192183505,B722,_,00030,733
B722__00020.734,13.98316554573081,42.205269505000004,B722,_,00020,734
B722__00520.734,14.011134449195028,42.13448038,B722,_,00520,734
B722__00510.734,14.008411640030259,42.13438917,B722,_,00510,734
B722__00420.734,14.007047356247401,42.143049015,B722,_,00420,734
B722__00290.734,14.001571139994958,42.16110063,B722,_,00290,734
B722__00280.734,13.99693327294597,42.156724905000004,B722,_,00280,734
B722__00260.734,13.989463767415009,42.161478224999996,B722,_,00260,734
B722__00190.734,14.004468685572114,42.16919646,B722,_,00190,734
B722__00100.734,13.989320758920353,42.175072195,B722,_,00100,734
B722__00090.734,13.971894370199896,42.178916650000005,B722,_,00090,734
B722__00070.734,13.996514813019218,42.195981235000005,B722,_,00070,734
B722__00060.734,13.9934905970646,42.192916815000004,B722,_,00060,734
B722__00050.734,13.97559316335329,42.187749425,B722,_,00050,734
B722__00030.734,13.965201809606189,42.192305765,B722,_,00030,734
B722__00020.735,13.984105828271097,42.207143675,B722,_,00020,735
B722__00520.735,14.011241342914438,42.133683105,B722,_,00520,735
B722__0051.735,14.008051856029812,42.13415152,B722,_,0051,735
B722__00420.735,14.009358456045256,42.14344387,B722,_,00420,735
B722__00410.735,14.017472083829007,42.151783715,B722,_,00410,735
B722__00290.735,14.009929793640985,42.160832979999995,B722,_,00290,735
B722__00280.735,13.997175195308426,42.1567606,B722,_,00280,735
B722__00260.735,13.989510828374279,42.16109417,B722,_,00260,735
B722__00200.735,14.030237290084097,42.16819055,B722,_,00200,735
B722__00190.735,13.992414288195894,42.16954808,B722,_,00190,735
B722__00100.735,13.989715293060073,42.17506949,B722,_,00100,735
B722__00090.735,13.97199365475436,42.178903205,B722,_,00090,735
B722__00070.735,13.996242895761824,42.195616994999995,B722,_,00070,735
B722__00060.735,13.993665245744324,42.19289526,B722,_,00060,735
B722__00050.735,13.982368133664579,42.191196225,B722,_,00050,735
B722__00030.735,13.966781198764552,42.192270365,B722,_,00030,735
B722__00020.736,13.977027431929052,42.20885863,B722,_,00020,736
B722__00520.736,14.018322310747388,42.139754585000006,B722,_,00520,736
B722__0051.736,14.007624453302205,42.13388648,B722,_,0051,736
B722__00420.736,14.009718390229011,42.14371289,B722,_,00420,736
B722__00290.736,14.009735670853093,42.160982954999994,B722,_,00290,736
B722__00280.736,13.997247283605136,42.156790815,B722,_,00280,736
B722__00260.736,13.983304665961722,42.153406765,B722,_,00260,736
B722__00200.736,14.030074194428868,42.16794793,B722,_,00200,736
B722__00190.736,13.992504595762547,42.16922891,B722,_,00190,736
B722__00100.736,13.98933694990231,42.174791119999995,B722,_,00100,736
B722__00090.736,13.972099795689466,42.17888543,B722,_,00090,736
B722__00070.736,13.996126480359997,42.195813965,B722,_,00070,736
B722__00060.736,13.994241507427988,42.192572240000004,B722,_,00060,736
B722__00050.736,13.975852184198862,42.18941619,B722,_,00050,736
B722__00030.736,13.967512043422186,42.192362079999995,B722,_,00030,736
B722__00020.737,13.977324711629745,42.208596165,B722,_,00020,737
B722__00520.737,14.01868256854132,42.139553225,B722,_,00520,737
B722__0051.737,14.007524731470571,42.133675554999996,B722,_,0051,737
B722__00420.737,14.01084569100821,42.143510675,B722,_,00420,737
B722__00280.737,13.99731932709105,42.156826045,B722,_,00280,737
B722__00260.737,13.983365076937204,42.15341136,B722,_,00260,737
B722__00190.737,13.989778641094283,42.168809435,B722,_,00190,737
B722__00100.737,13.989629578511376,42.174728005000006,B722,_,00100,737
B722__00090.737,13.972183786886628,42.17877243,B722,_,00090,737
B722__00060.737,13.994167003419193,42.192716680000004,B722,_,00060,737
B722__00050.737,13.97587226621148,42.189355930000005,B722,_,00050,737
B722__00030.737,13.967894394970966,42.19207352,B722,_,00030,737
B722__00020.738,13.979089952562894,42.20847741,B722,_,00020,738
B722__00520.738,14.018608845699529,42.1400302,B722,_,00520,738
B722__0051.738,14.006899481990551,42.133632885,B722,_,0051,738
B722__00280.738,13.997388815435363,42.156859475,B722,_,00280,738
B722__00260.738,13.983183416215777,42.15335727,B722,_,00260,738
B722__00200.738,14.019619936125778,42.169178290000005,B722,_,00200,738
B722__00190.738,13.989580763790478,42.168680464999994,B722,_,00190,738
B722__00100.738,13.989772505194328,42.174693355,B722,_,00100,738
B722__00090.738,13.972355027566714,42.17873461000001,B722,_,00090,738
B722__00070.738,13.996272350679881,42.195524755,B722,_,00070,738
B722__00060.738,13.99429590272743,42.192891669999995,B722,_,00060,738
B722__00050.738,13.978862746196818,42.18834134,B722,_,00050,738
B722__00030.738,13.967590369375158,42.191880585,B722,_,00030,738
B722__00020.739,13.979319177358414,42.208521794999996,B722,_,00020,739
B722__00520.739,14.018975371844821,42.13980458,B722,_,00520,739
B722__0051.739,14.006651391835003,42.1334449,B722,_,0051,739
B722__00420.739,14.023048340818438,42.144376245000004,B722,_,00420,739
B722__00290.739,14.012444391816999,42.160967305,B722,_,00290,739
B722__00280.739,13.997183556264591,42.156574559999996,B722,_,00280,739
B722__00200.739,14.019203397044185,42.16966129,B722,_,00200,739
B722__00190.739,13.990119859140284,42.16863583,B722,_,00190,739
B722__00100.739,13.989972621807286,42.17466388,B722,_,00100,739
B722__00090.739,13.972792647523885,42.17860599,B722,_,00090,739
B722__00070.739,13.996219630598397,42.19540261,B722,_,00070,739
B722__00060.739,13.994709222039543,42.192309405,B722,_,00060,739
B722__00050.739,13.978760004965093,42.1887185,B722,_,00050,739
B722__00030.739,13.968141445766754,42.191749105,B722,_,00030,739
B722__00010.74,13.96694493432194,42.208957005,B722,_,00010,74
B722__00610.74,14.000715009225527,42.120683965,B722,_,00610,74
B722__00600.74,14.007860888096758,42.12712711,B722,_,00600,74
B722__00590.74,13.99073521892414,42.122967215,B722,_,00590,74
B722__00540.74,14.041362931260672,42.143957895,B722,_,00540,74
B722__00530.74,14.037868435695177,42.145845695000006,B722,_,00530,74
B722__00500.74,13.992044324204468,42.13599035,B722,_,00500,74
B722__00490.74,13.9893898584242,42.128944950000005,B722,_,00490,74
B722__00480.74,13.972520305374974,42.136907285,B722,_,00480,74
B722__00440.74,14.044175411358491,42.15061389,B722,_,00440,74
B722__00430.74,14.025161336453614,42.157669645,B722,_,00430,74
B722__00420.74,14.018525597601455,42.150692965000005,B722,_,00420,74
B722__00410.74,14.008025813846487,42.157894195,B722,_,00410,74
B722__00400.74,14.002084704308636,42.15138634,B722,_,00400,74
B722__00390.74,13.999423218364115,42.143737965,B722,_,00390,74
B722__00380.74,14.001553520560215,42.14132488,B722,_,00380,74
B722__00370.74,13.987859089032646,42.143566795,B722,_,00370,74
B722__00360.74,13.994451871598681,42.151353175,B722,_,00360,74
B722__00350.74,13.983839537998374,42.14646297,B722,_,00350,74
B722__00340.74,13.966832124394564,42.14458713,B722,_,00340,74
B722__00330.74,13.978537843701407,42.151968145,B722,_,00330,74
B722__00300.74,14.017184348982767,42.159736285,B722,_,00300,74
B722__00290.74,14.007375462783946,42.162054854999994,B722,_,00290,74
B722__0028.74,13.997887280216062,42.15910185,B722,_,0028,74
B722__00270.74,13.992303156945162,42.15832535,B722,_,00270,74
B722__00260.74,13.984469808150894,42.164138445,B722,_,00260,74
B722__00250.74,13.980447651876311,42.16560855,B722,_,00250,74
B722__00230.74,14.06706059856107,42.167306839999995,B722,_,00230,74
B722__00220.74,14.045363490436614,42.16852729,B722,_,00220,74
B722__00210.74,14.040649168341389,42.171506515000004,B722,_,00210,74
B722__00200.74,14.01556058064491,42.16888874,B722,_,00200,74
B722__00180.74,14.018314752187504,42.178856305,B722,_,00180,74
B722__00170.74,14.010814822169134,42.17889103,B722,_,00170,74
B722__00160.74,14.00445834562548,42.172191815000005,B722,_,00160,74
B722__00150.74,13.99683014454381,42.174830650000004,B722,_,00150,74
B722__00140.74,13.989270859184632,42.17327679,B722,_,00140,74
B722__00130.74,13.983604989638604,42.174024785,B722,_,00130,74
B722__00120.74,14.008377960599965,42.191592224999994,B722,_,00120,74
B722__00110.74,13.991635571767134,42.18457555,B722,_,00110,74
B722__00100.74,13.98292461778089,42.186386435,B722,_,00100,74
B722__00080.74,13.960428017542782,42.188593495,B722,_,00080,74
B722__00070.74,13.999520686940796,42.19621404,B722,_,00070,74
B722__00060.74,13.985809487261896,42.199404545,B722,_,00060,74
B722__00050.74,13.97938443502661,42.19412283,B722,_,00050,74
B722__00040.74,13.97232424608405,42.200136795000006,B722,_,00040,74
B722__00030.74,13.969085728858868,42.19743941,B722,_,00030,74
B722__00020.74,13.980231872875002,42.20699544,B722,_,00020,74
B722__00020.740,13.978168024975773,42.205271780000004,B722,_,00020,740
B722__00420.740,14.023388613374648,42.144311695,B722,_,00420,740
B722__00290.740,14.012569318155172,42.161043320000005,B722,_,00290,740
B722__00280.740,13.99729692114002,42.156583694999995,B722,_,00280,740
B722__00200.740,14.027838704744095,42.168747875,B722,_,00200,740
B722__00190.740,13.98973345744383,42.168420075,B722,_,00190,740
B722__00100.740,13.990137518918353,42.17466012,B722,_,00100,740
B722__00090.740,13.973112209022029,42.178669525000004,B722,_,00090,740
B722__00070.740,13.996174213735559,42.195337745,B722,_,00070,740
B722__00060.740,13.994913412917413,42.19204949,B722,_,00060,740
B722__00050.740,13.979172837545454,42.18868601,B722,_,00050,740
B722__00030.740,13.968391617097923,42.191592865000004,B722,_,00030,740
B722__00020.741,13.979915438879349,42.20229906,B722,_,00020,741
B722__00520.741,14.019515335400182,42.141421035,B722,_,00520,741
B722__0051.741,14.007950227374177,42.133001705,B722,_,0051,741
B722__00410.741,14.008396641720768,42.15643816,B722,_,00410,741
B722__00290.741,14.013450167436364,42.160759569999996,B722,_,00290,741
B722__00280.741,13.99741123982849,42.156583805,B722,_,00280,741
B722__00200.741,14.028289882942904,42.1691236,B722,_,00200,741
B722__00090.741,13.97324559234184,42.178473575,B722,_,00090,741
B722__00070.741,13.995378767859684,42.19558998,B722,_,00070,741
B722__00060.741,13.992612377235526,42.199202205000006,B722,_,00060,741
B722__00050.741,13.971157392263365,42.19173351,B722,_,00050,741
B722__00030.741,13.969097762189023,42.19022419,B722,_,00030,741
B722__00020.742,13.980176854440533,42.202266865,B722,_,00020,742
B722__00520.742,14.023637178550027,42.14165232,B722,_,00520,742
B722__00510.742,14.007696293048683,42.133206900000005,B722,_,00510,742
B722__00420.742,14.012482054279584,42.142311434999996,B722,_,00420,742
B722__00290.742,14.014636033145273,42.16052406,B722,_,00290,742
B722__00280.742,13.997524050202754,42.156597340000005,B722,_,00280,742
B722__00200.742,14.028335525107146,42.169200204999996,B722,_,00200,742
B722__00190.742,13.993051415799998,42.166047309999996,B722,_,00190,742
B722__00100.742,13.9802876915992,42.185202595,B722,_,00100,742
B722__00090.742,13.97358665230652,42.17850492,B722,_,00090,742
B722__00070.742,13.9956670073693,42.19559986,B722,_,00070,742
B722__00060.742,13.98595921550045,42.191535775,B722,_,00060,742
B722__00050.742,13.9712011570487,42.191795150000004,B722,_,00050,742
B722__00030.742,13.968836487524968,42.19035049,B722,_,00030,742
B722__00020.743,13.97373762960597,42.20833597,B722,_,00020,743
B722__00520.743,14.02350163965324,42.141542064999996,B722,_,00520,743
B722__00420.743,14.025940156671012,42.14385731,B722,_,00420,743
B722__00290.743,14.015386101787076,42.160568555,B722,_,00290,743
B722__00280.743,13.997654827486809,42.15664801,B722,_,00280,743
B722__00260.743,13.983173263392075,42.153035540000005,B722,_,00260,743
B722__00200.743,14.029434175765399,42.167390645,B722,_,00200,743
B722__00190.743,13.993294754988755,42.165535164999994,B722,_,00190,743
B722__00090.743,13.97312154125957,42.179250775,B722,_,00090,743
B722__00070.743,13.996689647550708,42.19642493,B722,_,00070,743
B722__00060.743,13.985768309587048,42.19131171,B722,_,00060,743
B722__00050.743,13.971242419713612,42.191434655,B722,_,00050,743
B722__00030.743,13.96867147357021,42.190326855,B722,_,00030,743
B722__00020.744,13.983717185832086,42.206239505,B722,_,00020,744
B722__00520.744,14.023446693961809,42.14142107,B722,_,00520,744
B722__0051.744,14.007608394040348,42.133536095,B722,_,0051,744
B722__00420.744,14.005679470450058,42.148992995,B722,_,00420,744
B722__00290.744,14.002556653759749,42.16057102,B722,_,00290,744
B722__00280.744,13.997509263026686,42.15694623,B722,_,00280,744
B722__00260.744,13.983313796476098,42.153314285,B722,_,00260,744
B722__00200.744,14.029449330175273,42.16728332,B722,_,00200,744
B722__00190.744,14.003113477560177,42.165976334999996,B722,_,00190,744
B722__00090.744,13.972928189573217,42.179438024999996,B722,_,00090,744
B722__00070.744,13.996270569051433,42.19691114,B722,_,00070,744
B722__00060.744,13.986203748868824,42.191591185,B722,_,00060,744
B722__00050.744,13.971263116359982,42.19136159,B722,_,00050,744
B722__00030.744,13.968555252457687,42.1903029,B722,_,00030,744
B722__00020.745,13.983692185699486,42.206073575,B722,_,00020,745
B722__00520.745,14.02336181219422,42.14133365,B722,_,00520,745
B722__0051.745,14.008054536714734,42.13321128,B722,_,0051,745
B722__00420.745,14.006340887576183,42.149037875,B722,_,00420,745
B722__00290.745,14.00432353059978,42.160170550000004,B722,_,00290,745
B722__00280.745,13.997529988925649,42.15710162,B722,_,00280,745
B722__00260.745,13.983201414019053,42.153283685000005,B722,_,00260,745
B722__00200.745,14.029343996199916,42.167304805,B722,_,00200,745
B722__00190.745,14.00246319562346,42.16537405,B722,_,00190,745
B722__00090.745,13.974137966833519,42.17954311,B722,_,00090,745
B722__00070.745,13.996129400749535,42.1969012,B722,_,00070,745
B722__00060.745,13.993937204848784,42.198596620000004,B722,_,00060,745
B722__00050.745,13.979525141792177,42.18862549,B722,_,00050,745
B722__00030.745,13.968477467446636,42.19026926,B722,_,00030,745
B722__00020.746,13.983629296662919,42.205828995000005,B722,_,00020,746
B722__00520.746,14.023234174403001,42.14129397,B722,_,00520,746
B722__0051.746,14.009100794204654,42.133954239999994,B722,_,0051,746
B722__00420.746,14.010289393628597,42.145386475,B722,_,00420,746
B722__00410.746,14.00536182217841,42.153931130000004,B722,_,00410,746
B722__00290.746,14.012509066957923,42.160684785,B722,_,00290,746
B722__00280.746,13.997894746917233,42.15685673,B722,_,00280,746
B722__00200.746,14.029311192419357,42.167371849999995,B722,_,00200,746
B722__00190.746,14.002762539590027,42.165346665,B722,_,00190,746
B722__00090.746,13.974477035966054,42.17937605,B722,_,00090,746
B722__00060.746,13.986547679611874,42.19180787,B722,_,00060,746
B722__00050.746,13.979477948056493,42.18851822,B722,_,00050,746
B722__00030.746,13.964478334573561,42.18880573,B722,_,00030,746
B722__00020.747,13.982868240035893,42.204567835,B722,_,00020,747
B722__00520.747,14.023393758264842,42.14107406,B722,_,00520,747
B722__0051.747,14.008891562208273,42.13385619,B722,_,0051,747
B722__00420.747,14.010546501971131,42.145458625,B722,_,00420,747
B722__00410.747,14.00577591556413,42.15398429,B722,_,00410,747
B722__00280.747,13.99802412706954,42.156870715,B722,_,00280,747
B722__00260.747,13.982981245746494,42.1531011,B722,_,00260,747
B722__00200.747,14.029367915507757,42.167275274999994,B722,_,00200,747
B722__00190.747,13.990520054294985,42.16424642,B722,_,00190,747
B722__00100.747,13.981280374299754,42.180920815,B722,_,00100,747
B722__00090.747,13.974328564499851,42.180724595,B722,_,00090,747
B722__00070.747,13.996247789496795,42.196660645,B722,_,00070,747
B722__00060.747,13.986665729715671,42.192024335,B722,_,00060,747
B722__00050.747,13.979448169690077,42.18839344,B722,_,00050,747
B722__00030.747,13.965121377191618,42.1886536,B722,_,00030,747
B722__00020.748,13.982497987815771,42.203614275,B722,_,00020,748
B722__00520.748,14.0233215080957,42.141003735,B722,_,00520,748
B722__0051.748,14.009207066002745,42.133841434999994,B722,_,0051,748
B722__00420.748,14.009247509691061,42.1444763,B722,_,00420,748
B722__00410.748,14.005846521062235,42.153912105,B722,_,00410,748
B722__00280.748,13.998763921148077,42.15744564,B722,_,00280,748
B722__00260.748,13.981611479320563,42.15361301,B722,_,00260,748
B722__00200.748,14.029324277393943,42.167685905,B722,_,00200,748
B722__00190.748,13.990881691987163,42.164072075,B722,_,00190,748
B722__00100.748,13.9814528029348,42.180853535,B722,_,00100,748
B722__00090.748,13.97483665669671,42.18101113,B722,_,00090,748
B722__00050.748,13.979568090226934,42.18876499,B722,_,00050,748
B722__00030.748,13.969195713770855,42.188902685,B722,_,00030,748
B722__00020.749,13.983514825905202,42.202869905,B722,_,00020,749
B722__00520.749,14.023241280762214,42.140908214999996,B722,_,00520,749
B722__00510.749,14.009319290596368,42.134243155,B722,_,00510,749
B722__00420.749,14.009945547551482,42.144748590000006,B722,_,00420,749
B722__00410.749,14.005125810241108,42.153880685000004,B722,_,00410,749
B722__00290.749,14.012687314450023,42.160534325,B722,_,00290,749
B722__00280.749,13.998185586200865,42.15763483,B722,_,00280,749
B722__00260.749,13.981861252555102,42.15337994,B722,_,00260,749
B722__00200.749,14.029358731083653,42.167628855000004,B722,_,00200,749
B722__00190.749,13.992499466668434,42.16335748,B722,_,00190,749
B722__00100.749,13.981630573321997,42.18080438,B722,_,00100,749
B722__00090.749,13.974681415689979,42.180946649999996,B722,_,00090,749
B722__00070.749,13.996478972323803,42.196731580000005,B722,_,00070,749
B722__00060.749,13.982444883800259,42.197292,B722,_,00060,749
B722__00050.749,13.97946758292305,42.187757855,B722,_,00050,749
B722__00030.749,13.969013119484838,42.188759605,B722,_,00030,749
B722__00010.75,13.967698842536148,42.209285445000006,B722,_,00010,75
B722__00610.75,14.002311760789706,42.121462815,B722,_,00610,75
B722__00600.75,14.008442685896606,42.127050170000004,B722,_,00600,75
B722__00590.75,13.990755257667768,42.12346342,B722,_,00590,75
B722__00540.75,14.041724950887716,42.144058825,B722,_,00540,75
B722__00530.75,14.02668013089668,42.145601604999996,B722,_,00530,75
B722__00520.75,14.011390828711264,42.1422997,B722,_,00520,75
B722__00500.75,13.992711570339356,42.13624513,B722,_,00500,75
B722__00490.75,13.989738575789922,42.12928936,B722,_,00490,75
B722__00480.75,13.972711611037894,42.137737355,B722,_,00480,75
B722__00440.75,14.044999905833418,42.150448505,B722,_,00440,75
B722__00430.75,14.025229254627625,42.157619775,B722,_,00430,75
B722__00420.75,14.018605613445107,42.1507722,B722,_,00420,75
B722__00400.75,14.001471450247804,42.151594634999995,B722,_,00400,75
B722__00390.75,13.999978028872102,42.144048175,B722,_,00390,75
B722__00380.75,14.001551607580272,42.14103265,B722,_,00380,75
B722__00370.75,13.988503348877543,42.14354304,B722,_,00370,75
B722__00360.75,13.994848925714486,42.1511677,B722,_,00360,75
B722__00350.75,13.98425432578107,42.14646611,B722,_,00350,75
B722__00340.75,13.967181292752318,42.144119455,B722,_,00340,75
B722__00330.75,13.978490819136464,42.151592595,B722,_,00330,75
B722__00300.75,14.018296599464925,42.159769515,B722,_,00300,75
B722__00290.75,14.00762333141985,42.161862549999995,B722,_,00290,75
B722__0028.75,13.997987057184304,42.159176470000006,B722,_,0028,75
B722__00270.75,13.992726208274608,42.15838947,B722,_,00270,75
B722__00260.75,13.984271960809906,42.163589955,B722,_,00260,75
B722__00250.75,13.97570258779906,42.164886125,B722,_,00250,75
B722__00230.75,14.067226097747106,42.16755728,B722,_,00230,75
B722__00210.75,14.041272456014854,42.171218065,B722,_,00210,75
B722__00200.75,14.01483882855722,42.169432115,B722,_,00200,75
B722__00190.75,14.008032224328904,42.168615294999995,B722,_,00190,75
B722__00180.75,14.01772961561657,42.17878941,B722,_,00180,75
B722__00170.75,14.010871618042653,42.179072895000004,B722,_,00170,75
B722__00160.75,14.005026190416714,42.172148945,B722,_,00160,75
B722__00150.75,13.99889211116341,42.17912435,B722,_,00150,75
B722__00140.75,13.98922492537525,42.173185610000004,B722,_,00140,75
B722__00130.75,13.971615791289327,42.174061734999995,B722,_,00130,75
B722__00120.75,14.00903874981147,42.191990155,B722,_,00120,75
B722__00110.75,13.992214082590793,42.184566540000006,B722,_,00110,75
B722__00100.75,13.98251793284964,42.186364174999994,B722,_,00100,75
B722__00080.75,13.960431664543691,42.188652745,B722,_,00080,75
B722__00070.75,13.999340898978325,42.19658894,B722,_,00070,75
B722__00060.75,13.985831608041071,42.199353134999996,B722,_,00060,75
B722__00050.75,13.980603085757984,42.194519365,B722,_,00050,75
B722__00040.75,13.972745177762917,42.19994383,B722,_,00040,75
B722__00030.75,13.968973453831333,42.19799921,B722,_,00030,75
B722__00020.75,13.9803439942741,42.207154685,B722,_,00020,75
B722__00020.750,13.984226389460929,42.203176490000004,B722,_,00020,750
B722__00520.750,14.02317139988046,42.14081118,B722,_,00520,750
B722__00510.750,14.009216751396378,42.134335655,B722,_,00510,750
B722__00420.750,14.010322874032887,42.144769705,B722,_,00420,750
B722__00410.750,14.005086225496843,42.15375938,B722,_,00410,750
B722__00290.750,14.012872225952808,42.16072174,B722,_,00290,750
B722__00280.750,13.998485473379546,42.157689239999996,B722,_,00280,750
B722__00260.750,13.982172161421559,42.15350871,B722,_,00260,750
B722__00200.750,14.02916369796946,42.167589750000005,B722,_,00200,750
B722__00190.750,13.992731033740277,42.163313825,B722,_,00190,750
B722__00100.750,13.981830238594561,42.18092718,B722,_,00100,750
B722__00090.750,13.975013933988155,42.180847255,B722,_,00090,750
B722__00070.750,13.996605025774874,42.19675119,B722,_,00070,750
B722__00060.750,13.986767981816689,42.19180362,B722,_,00060,750
B722__00050.750,13.979727008124591,42.187640675,B722,_,00050,750
B722__00030.750,13.968834714849248,42.18857516,B722,_,00030,750
B722__00020.751,13.986178672520946,42.20221726,B722,_,00020,751
B722__00530.751,14.029952358468798,42.1374723,B722,_,00530,751
B722__00520.751,14.022450097783032,42.141937435,B722,_,00520,751
B722__00420.751,14.010254852600127,42.144624945000004,B722,_,00420,751
B722__00410.751,14.006087344772371,42.155946375,B722,_,00410,751
B722__00290.751,14.012390041562501,42.16050747,B722,_,00290,751
B722__00280.751,13.998663168711461,42.157864790000005,B722,_,00280,751
B722__00260.751,13.982502035946537,42.153656084999994,B722,_,00260,751
B722__00200.751,14.029244791170363,42.168462039999994,B722,_,00200,751
B722__00190.751,13.992921602203818,42.163407885,B722,_,00190,751
B722__00140.751,13.988884733330863,42.172987805000005,B722,_,00140,751
B722__00100.751,13.981973321513529,42.180799795,B722,_,00100,751
B722__00090.751,13.975073838192085,42.180750545,B722,_,00090,751
B722__00070.751,13.996533898740521,42.196863574999995,B722,_,00070,751
B722__00060.751,13.986793638688411,42.19216969,B722,_,00060,751
B722__00050.751,13.979598100875833,42.187502165,B722,_,00050,751
B722__00030.751,13.968774861382055,42.18801162,B722,_,00030,751
B722__00030.752,13.96955590492361,42.187840285,B722,_,00030,752
B722__00530.752,14.029941238542673,42.137292475,B722,_,00530,752
B722__00520.752,14.022498898125427,42.141828935,B722,_,00520,752
B722__00510.752,14.007777748046536,42.131976800000004,B722,_,00510,752
B722__00420.752,14.010960681373387,42.144774835,B722,_,00420,752
B722__00290.752,14.014986455849694,42.16003598,B722,_,00290,752
B722__00280.752,13.99875548627557,42.157786654999995,B722,_,00280,752
B722__00260.752,13.981850475512733,42.153500835,B722,_,00260,752
B722__00200.752,14.029150578711285,42.16841502,B722,_,00200,752
B722__00190.752,13.993096844925278,42.163453770000004,B722,_,00190,752
B722__00140.752,13.988905838337825,42.1730006,B722,_,00140,752
B722__00100.752,13.982146272133136,42.18079645500001,B722,_,00100,752
B722__00090.752,13.975603472444888,42.180892345000004,B722,_,00090,752
B722__00060.752,13.98773607363491,42.191875175,B722,_,00060,752
B722__00050.752,13.979671507932885,42.187410549999996,B722,_,00050,752
B722__00020.753,13.984445549912312,42.20142262,B722,_,00020,753
B722__00530.753,14.029291222362701,42.13807181999999,B722,_,00530,753
B722__00520.753,14.020747462173818,42.1414921,B722,_,00520,753
B722__00510.753,14.007758259667698,42.132410315,B722,_,00510,753
B722__00420.753,14.011110376708455,42.144670735,B722,_,00420,753
B722__00410.753,14.006202761495684,42.156129449999995,B722,_,00410,753
B722__00290.753,14.015784973199494,42.16008855,B722,_,00290,753
B722__00280.753,13.99883859665901,42.15774367,B722,_,00280,753
B722__00260.753,13.982026210835308,42.153749925,B722,_,00260,753
B722__00200.753,14.028590781651973,42.169512325,B722,_,00200,753
B722__00190.753,13.993268050317596,42.163489575,B722,_,00190,753
B722__00100.753,13.982390518755533,42.18071475000001,B722,_,00100,753
B722__00090.753,13.975404493467385,42.180517045,B722,_,00090,753
B722__00070.753,13.996596041781402,42.196466665,B722,_,00070,753
B722__00060.753,13.986961744378673,42.19190874,B722,_,00060,753
B722__00050.753,13.971480572731162,42.190279955,B722,_,00050,753
B722__00030.753,13.969755040497699,42.187846835,B722,_,00030,753
B722__00020.754,13.986632290918276,42.200487195,B722,_,00020,754
B722__00530.754,14.029799422891882,42.138078449999995,B722,_,00530,754
B722__00520.754,14.02086313402,42.14147345000001,B722,_,00520,754
B722__00510.754,14.008247183531537,42.13242486,B722,_,00510,754
B722__00420.754,14.011192764541303,42.144566335,B722,_,00420,754
B722__00290.754,14.015883861596915,42.160052775,B722,_,00290,754
B722__00280.754,13.998354242644556,42.157462735,B722,_,00280,754
B722__00260.754,13.98232413980146,42.1538533,B722,_,00260,754
B722__00200.754,14.028731038783713,42.169534569999996,B722,_,00200,754
B722__00190.754,13.999842490091813,42.163864975,B722,_,00190,754
B722__00100.754,13.982420334545882,42.180418695,B722,_,00100,754
B722__00090.754,13.97515606403851,42.180425025,B722,_,00090,754
B722__00070.754,13.996639894976909,42.1961703,B722,_,00070,754
B722__00060.754,13.98719492459347,42.191732785,B722,_,00060,754
B722__00050.754,13.971316065605382,42.189829305,B722,_,00050,754
B722__00030.754,13.969393096404284,42.18759701,B722,_,00030,754
B722__00030.755,13.968066558318078,42.19775989,B722,_,00030,755
B722__00520.755,14.020902496105137,42.141379095,B722,_,00520,755
B722__00510.755,14.008332459668814,42.133048474999995,B722,_,00510,755
B722__00420.755,14.011260413977336,42.1444295,B722,_,00420,755
B722__00410.755,14.005027623204992,42.15402188,B722,_,00410,755
B722__00290.755,13.99853893150451,42.15919198,B722,_,00290,755
B722__00280.755,13.997865171453935,42.156669105,B722,_,00280,755
B722__00260.755,13.981656846308566,42.15391058,B722,_,00260,755
B722__00200.755,14.028912995341816,42.16815224,B722,_,00200,755
B722__00190.755,13.99983872724321,42.16383715,B722,_,00190,755
B722__00100.755,13.982502790938295,42.18026474,B722,_,00100,755
B722__00070.755,13.996868092783771,42.19628096,B722,_,00070,755
B722__00060.755,13.986612495001873,42.191464984999996,B722,_,00060,755
B722__00050.755,13.970694801271474,42.190060439999996,B722,_,00050,755
B722__00030.756,13.968073725603578,42.197305744999994,B722,_,00030,756
B722__00520.756,14.020967957253863,42.141375115,B722,_,00520,756
B722__00510.756,14.00854838956931,42.13284428,B722,_,00510,756
B722__00420.756,14.011343566701825,42.144313319999995,B722,_,00420,756
B722__00410.756,14.006890710113769,42.15605707,B722,_,00410,756
B722__00290.756,14.000156677585796,42.159139395,B722,_,00290,756
B722__00280.756,13.998034024761177,42.15671064,B722,_,00280,756
B722__00260.756,13.981938256815658,42.15413712,B722,_,00260,756
B722__00200.756,14.029366707700959,42.168039539999995,B722,_,00200,756
B722__00190.756,13.999647090594896,42.163771305,B722,_,00190,756
B722__00140.756,13.985458662414029,42.174095045,B722,_,00140,756
B722__00100.756,13.98262251475988,42.180070029999996,B722,_,00100,756
B722__00090.756,13.976116195138918,42.1795546,B722,_,00090,756
B722__00060.756,13.98274265141287,42.197360065,B722,_,00060,756
B722__00050.756,13.970402799745216,42.190134165,B722,_,00050,756
B722__00020.757,13.985257899676231,42.201239055,B722,_,00020,757
B722__00520.757,14.021128145091275,42.141475240000005,B722,_,00520,757
B722__00510.757,14.008964402422745,42.132874355,B722,_,00510,757
B722__00420.757,14.009145567813267,42.144283040000005,B722,_,00420,757
B722__00410.757,14.007219744085843,42.156014940000006,B722,_,00410,757
B722__00280.757,13.998146216791316,42.156737235,B722,_,00280,757
B722__00260.757,13.982594144520933,42.1543189,B722,_,00260,757
B722__00200.757,14.028929500418737,42.16717919,B722,_,00200,757
B722__00190.757,13.999812254321899,42.163722715000006,B722,_,00190,757
B722__00140.757,13.986164950903591,42.17444259,B722,_,00140,757
B722__00100.757,13.982585866804172,42.179945425,B722,_,00100,757
B722__00090.757,13.975745306505408,42.180090105,B722,_,00090,757
B722__00060.757,13.986019333715241,42.191063675,B722,_,00060,757
B722__00050.757,13.969951285261269,42.190126655,B722,_,00050,757
B722__00030.757,13.968254372826141,42.19697086,B722,_,00030,757
B722__00030.758,13.968315823550357,42.196635165000004,B722,_,00030,758
B722__00520.758,14.021228790017187,42.141469285,B722,_,00520,758
B722__00510.758,14.009085025512476,42.13356559,B722,_,00510,758
B722__00420.758,14.010750062934711,42.144652910000005,B722,_,00420,758
B722__00410.758,14.006617575409397,42.15576995,B722,_,00410,758
B722__00280.758,13.998280634324983,42.15678068,B722,_,00280,758
B722__00260.758,13.982615739161673,42.15386418,B722,_,00260,758
B722__00200.758,14.027957268593475,42.167270025,B722,_,00200,758
B722__00190.758,14.001526695161221,42.164302015000004,B722,_,00190,758
B722__00140.758,13.986242427555322,42.174452849999994,B722,_,00140,758
B722__00100.758,13.982483327443589,42.1797396,B722,_,00100,758
B722__00090.758,13.97579373238485,42.18041862,B722,_,00090,758
B722__00060.758,13.982920348910785,42.197328615,B722,_,00060,758
B722__00050.758,13.969804329210575,42.190242765,B722,_,00050,758
B722__00020.759,13.978346026024782,42.203034200000005,B722,_,00020,759
B722__00520.759,14.021280897924996,42.141438685,B722,_,00520,759
B722__00510.759,14.009516803540933,42.133555654999995,B722,_,00510,759
B722__00420.759,14.010883330734394,42.14458431,B722,_,00420,759
B722__00410.759,14.007323201975723,42.155560125,B722,_,00410,759
B722__00280.759,13.998886880315705,42.157062775,B722,_,00280,759
B722__00260.759,13.982865846341632,42.153073945,B722,_,00260,759
B722__00190.759,13.990561203263033,42.163545764999995,B722,_,00190,759
B722__00140.759,13.986641568835724,42.174609115,B722,_,00140,759
B722__00100.759,13.982381465067366,42.179606525,B722,_,00100,759
B722__00090.759,13.976063035113441,42.180849275,B722,_,00090,759
B722__00060.759,13.986440131608946,42.1910303,B722,_,00060,759
B722__00050.759,13.970014958685027,42.190002635,B722,_,00050,759
B722__00030.759,13.968477033653842,42.195316725,B722,_,00030,759
B722__00010.76,13.967707645320509,42.209050345,B722,_,00010,76
B722__00610.76,14.001802113807052,42.120449745,B722,_,00610,76
B722__00600.76,14.008592342603194,42.126706825,B722,_,00600,76
B722__00590.76,13.99145594527322,42.123819885,B722,_,00590,76
B722__00540.76,14.041971553773273,42.144302589999995,B722,_,00540,76
B722__00530.76,14.027946701943451,42.146133899999995,B722,_,00530,76
B722__00520.76,14.011503999611344,42.14239456999999,B722,_,00520,76
B722__00500.76,13.99318565817815,42.135787375,B722,_,00500,76
B722__00490.76,13.989751599180913,42.129804039999996,B722,_,00490,76
B722__00480.76,13.973560473550684,42.13786739,B722,_,00480,76
B722__00440.76,14.047313144005905,42.150657624999994,B722,_,00440,76
B722__00430.76,14.025343979227994,42.157541285,B722,_,00430,76
B722__00400.76,14.001963224177612,42.151704525,B722,_,00400,76
B722__00390.76,13.99976834487449,42.143674759999996,B722,_,00390,76
B722__00380.76,14.001726093054161,42.141110455,B722,_,00380,76
B722__00370.76,13.988363733240018,42.142790715000004,B722,_,00370,76
B722__00360.76,13.995035372121563,42.151322575,B722,_,00360,76
B722__00350.76,13.984610324185052,42.14646611,B722,_,00350,76
B722__00340.76,13.967646989346045,42.144087315,B722,_,00340,76
B722__00330.76,13.978193663993718,42.151386625,B722,_,00330,76
B722__00300.76,14.017273787778255,42.159639385,B722,_,00300,76
B722__00290.76,14.008345231933934,42.162054975,B722,_,00290,76
B722__0028.76,13.997953836645703,42.159063700000004,B722,_,0028,76
B722__00270.76,13.993270090494452,42.158757865,B722,_,00270,76
B722__00260.76,13.984356281941498,42.163406824999996,B722,_,00260,76
B722__00250.76,13.97608787642033,42.164524475,B722,_,00250,76
B722__00230.76,14.067550604704476,42.167300305,B722,_,00230,76
B722__00220.76,14.04678938125971,42.16923885,B722,_,00220,76
B722__00210.76,14.041588299090035,42.171023195000004,B722,_,00210,76
B722__00200.76,14.015022718426113,42.1689983,B722,_,00200,76
B722__00190.76,13.991445504834525,42.16938311,B722,_,00190,76
B722__00180.76,14.0172169875,42.17816748,B722,_,00180,76
B722__00170.76,14.010015115305267,42.177856855,B722,_,00170,76
B722__00160.76,14.006184763085713,42.17167512,B722,_,00160,76
B722__00150.76,13.997079210234661,42.174830650000004,B722,_,00150,76
B722__00140.76,13.983072240718911,42.173140384999996,B722,_,00140,76
B722__00130.76,13.973849203383491,42.174611424999995,B722,_,00130,76
B722__00120.76,14.004504391302262,42.18599557,B722,_,00120,76
B722__00110.76,13.992542950783669,42.184402070000004,B722,_,00110,76
B722__00100.76,13.98270703345403,42.186477069999995,B722,_,00100,76
B722__0009.76,13.970521711242498,42.187493450000005,B722,_,0009,76
B722__00080.76,13.960430497046755,42.18870583,B722,_,00080,76
B722__00070.76,13.9995204259597,42.19660697,B722,_,00070,76
B722__00060.76,13.9851768580616,42.19920926,B722,_,00060,76
B722__00050.76,13.980415263825343,42.19437404999999,B722,_,00050,76
B722__00040.76,13.973466145544014,42.199724794999995,B722,_,00040,76
B722__00030.76,13.969525431665053,42.197475725000004,B722,_,00030,76
B722__00020.76,13.980448121136426,42.20746682,B722,_,00020,76
B722__00020.760,13.983091363386814,42.2023432,B722,_,00020,760
B722__00520.760,14.021362498971385,42.141379764999996,B722,_,00520,760
B722__00510.760,14.009778238426003,42.13356837,B722,_,00510,760
B722__00420.760,14.011023574221747,42.14447175,B722,_,00420,760
B722__00410.760,14.006151497038648,42.15576995,B722,_,00410,760
B722__00290.760,14.005879431025367,42.1591162,B722,_,00290,760
B722__00280.760,13.998980862669981,42.157222745,B722,_,00280,760
B722__00260.760,13.982919555280496,42.152918355,B722,_,00260,760
B722__00190.760,13.99317953278388,42.162467925,B722,_,00190,760
B722__00140.760,13.986821477505003,42.174499045,B722,_,00140,760
B722__00100.760,13.980888566194722,42.18076928,B722,_,00100,760
B722__00090.760,13.975959146719916,42.180483425000006,B722,_,00090,760
B722__00060.760,13.98698669434599,42.191232695,B722,_,00060,760
B722__00050.760,13.976358952238161,42.188903205,B722,_,00050,760
B722__00030.760,13.96114051813639,42.193497975,B722,_,00030,760
B722__00020.761,13.983113936487277,42.206595445,B722,_,00020,761
B722__00520.761,14.021066828973089,42.140782095000006,B722,_,00520,761
B722__00510.761,14.00970771546385,42.133919275,B722,_,00510,761
B722__00420.761,14.011093881783466,42.144411515,B722,_,00420,761
B722__00290.761,14.006060498761737,42.15910886,B722,_,00290,761
B722__00280.761,13.999119314408613,42.1572486,B722,_,00280,761
B722__00260.761,13.984834366078228,42.155705565,B722,_,00260,761
B722__00200.761,14.027563077970266,42.16736283,B722,_,00200,761
B722__00190.761,13.998336919465958,42.163270695,B722,_,00190,761
B722__00140.761,13.987139457740597,42.174115895,B722,_,00140,761
B722__00100.761,13.98091888884857,42.18060228,B722,_,00100,761
B722__00090.761,13.97585186349627,42.179987755,B722,_,00090,761
B722__00060.761,13.98750337856874,42.190837665000004,B722,_,00060,761
B722__00050.761,13.976416944543935,42.188876410000006,B722,_,00050,761
B722__00030.761,13.968848820878769,42.194748399999995,B722,_,00030,761
B722__00020.762,13.982867725108708,42.206559965,B722,_,00020,762
B722__00520.762,14.021161339158484,42.14055066,B722,_,00520,762
B722__00510.762,14.010080091663848,42.133674985,B722,_,00510,762
B722__00420.762,14.011119688996637,42.144286705,B722,_,00420,762
B722__00290.762,14.012383186192208,42.15964309,B722,_,00290,762
B722__00280.762,13.999153446868885,42.157431939999995,B722,_,00280,762
B722__00260.762,13.985057628263274,42.156047975,B722,_,00260,762
B722__00200.762,14.028158531251599,42.16714705,B722,_,00200,762
B722__00190.762,13.998489084031993,42.163302235,B722,_,00190,762
B722__00140.762,13.987175267015346,42.17390757,B722,_,00140,762
B722__00100.762,13.980970717550946,42.180411199999995,B722,_,00100,762
B722__00090.762,13.976043082649202,42.180105095,B722,_,00090,762
B722__00060.762,13.987845591786481,42.190988614999995,B722,_,00060,762
B722__00050.762,13.976451748720043,42.18907455,B722,_,00050,762
B722__00030.762,13.963445923079869,42.190271095,B722,_,00030,762
B722__00020.763,13.984022514809013,42.2055052,B722,_,00020,763
B722__00520.763,14.021056824332273,42.140383345000004,B722,_,00520,763
B722__00420.763,14.010944685312115,42.1459712,B722,_,00420,763
B722__00410.763,14.00580857186976,42.15881433,B722,_,00410,763
B722__00280.763,13.99953710125396,42.157404084999996,B722,_,00280,763
B722__00200.763,14.028247955819886,42.16706187,B722,_,00200,763
B722__00190.763,13.99866997304976,42.16330532,B722,_,00190,763
B722__00140.763,13.98716179087407,42.173888115,B722,_,00140,763
B722__00100.763,13.981230029999619,42.180406895,B722,_,00100,763
B722__00090.763,13.97634201822597,42.18043771000001,B722,_,00090,763
B722__00060.763,13.987758896056826,42.191120940000005,B722,_,00060,763
B722__00050.763,13.976861603382622,42.18918718,B722,_,00050,763
B722__00030.763,13.96577125620827,42.190009745,B722,_,00030,763
B722__00020.764,13.98419656157558,42.20583835,B722,_,00020,764
B722__00520.764,14.020986208959016,42.14026738,B722,_,00520,764
B722__00420.764,14.01094307026427,42.145931175,B722,_,00420,764
B722__00410.764,14.005877347042913,42.158945384999996,B722,_,00410,764
B722__00280.764,13.999792098391618,42.157381865000005,B722,_,00280,764
B722__00260.764,13.98474265851874,42.155587285,B722,_,00260,764
B722__00200.764,14.029428288072108,42.167471045,B722,_,00200,764
B722__00190.764,13.998875247979246,42.16320648,B722,_,00190,764
B722__00140.764,13.985967892911209,42.174101895,B722,_,00140,764
B722__00100.764,13.981064274462494,42.180069505,B722,_,00100,764
B722__00090.764,13.976746062099382,42.180930145000005,B722,_,00090,764
B722__00050.764,13.976742628440531,42.18901596,B722,_,00050,764
B722__00030.764,13.969363187748879,42.1886533,B722,_,00030,764
B722__00020.765,13.985626856911644,42.202330675,B722,_,00020,765
B722__00520.765,14.02149085627605,42.140655030000005,B722,_,00520,765
B722__00420.765,14.01113661977945,42.14578316,B722,_,00420,765
B722__00280.765,13.999854002706584,42.157311070000006,B722,_,00280,765
B722__00260.765,13.985051823402824,42.15566619,B722,_,00260,765
B722__00190.765,14.0012518966852,42.162752365,B722,_,00190,765
B722__00140.765,13.98606833561173,42.174173705,B722,_,00140,765
B722__00100.765,13.981386262678626,42.180346515,B722,_,00100,765
B722__00090.765,13.97696015861219,42.181007199999996,B722,_,00090,765
B722__00060.765,13.987380145021923,42.191591895,B722,_,00060,765
B722__00050.765,13.975853974310112,42.188345385000005,B722,_,00050,765
B722__00030.765,13.970176529891992,42.188345115000004,B722,_,00030,765
B722__00020.766,13.984369220057143,42.206580169999995,B722,_,00020,766
B722__00520.766,14.021579609299575,42.141019685,B722,_,00520,766
B722__00510.766,14.003816071278262,42.13150139,B722,_,00510,766
B722__00420.766,14.011066229459255,42.145690845,B722,_,00420,766
B722__00200.766,14.029839625022332,42.16747362,B722,_,00200,766
B722__00190.766,14.00144507887562,42.162989374999995,B722,_,00190,766
B722__00140.766,13.986191408190823,42.17429955,B722,_,00140,766
B722__00100.766,13.98153942945602,42.18027176,B722,_,00100,766
B722__00090.766,13.976947183835787,42.18091453,B722,_,00090,766
B722__00060.766,13.98789914951475,42.191431890000004,B722,_,00060,766
B722__00050.766,13.97409163823447,42.19033523,B722,_,00050,766
B722__00030.766,13.963186087571259,42.18986564,B722,_,00030,766
B722__00020.767,13.985955832847992,42.200309695,B722,_,00020,767
B722__00520.767,14.021339326971521,42.14086272,B722,_,00520,767
B722__00510.767,14.003742366678583,42.131426835,B722,_,00510,767
B722__00420.767,14.010949892667124,42.14569946,B722,_,00420,767
B722__00290.767,14.014679209725433,42.159493874999995,B722,_,00290,767
B722__00280.767,14.000123508316205,42.15737828,B722,_,00280,767
B722__00260.767,13.984740680586018,42.15548946,B722,_,00260,767
B722__00190.767,14.001780466961483,42.163100674999995,B722,_,00190,767
B722__00140.767,13.986465048536658,42.174240325,B722,_,00140,767
B722__00100.767,13.981665740076448,42.180086195,B722,_,00100,767
B722__00060.767,13.98788087525147,42.19137135,B722,_,00060,767
B722__00050.767,13.97419165120256,42.190780745,B722,_,00050,767
B722__00030.767,13.963206577376273,42.189660165,B722,_,00030,767
B722__00030.768,13.968416404622,42.19040725,B722,_,00030,768
B722__00520.768,14.021387831904942,42.140782924999996,B722,_,00520,768
B722__00510.768,14.003681565793208,42.131354814999995,B722,_,00510,768
B722__00420.768,14.0109316767181,42.145660885,B722,_,00420,768
B722__00280.768,13.99606997580414,42.15627294,B722,_,00280,768
B722__00200.768,14.026768857733405,42.16716331,B722,_,00200,768
B722__00190.768,14.00210613742562,42.16317455,B722,_,00190,768
B722__00100.768,13.981832247587999,42.180109535,B722,_,00100,768
B722__00090.768,13.977608381904476,42.18038072,B722,_,00090,768
B722__00060.768,13.98856689385763,42.19180606,B722,_,00060,768
B722__00050.768,13.974639021350658,42.19007902,B722,_,00050,768
B722__00020.769,13.984749059828719,42.200580825,B722,_,00020,769
B722__00520.769,14.024832100249885,42.141320295,B722,_,00520,769
B722__00510.769,14.003798410353074,42.131187125,B722,_,00510,769
B722__00420.769,14.01099274240428,42.145554454999996,B722,_,00420,769
B722__00290.769,14.01598884373784,42.158854545,B722,_,00290,769
B722__00280.769,13.99635785856239,42.15616784,B722,_,00280,769
B722__00200.769,14.028372014200233,42.167293235,B722,_,00200,769
B722__00190.769,14.002481624442714,42.1632463,B722,_,00190,769
B722__00140.769,13.986331718676205,42.17424404,B722,_,00140,769
B722__00100.769,13.98197456784617,42.17995746,B722,_,00100,769
B722__00060.769,13.98805765200888,42.19100896,B722,_,00060,769
B722__00050.769,13.975153475734478,42.1901728,B722,_,00050,769
B722__00030.769,13.968323881040092,42.19037581,B722,_,00030,769
B722__00010.77,13.967571570970957,42.20899792,B722,_,00010,77
B722__00610.77,13.994524532911427,42.11703053,B722,_,00610,77
B722__00600.77,14.009361325674892,42.12723436,B722,_,00600,77
B722__00590.77,13.991491654683392,42.123256335,B722,_,00590,77
B722__00540.77,14.042261028189223,42.14482059,B722,_,00540,77
B722__00530.77,14.028364764872933,42.145983125,B722,_,00530,77
B722__00520.77,14.011580547461406,42.142311625,B722,_,00520,77
B722__0051.77,14.003573770276276,42.142428345,B722,_,0051,77
B722__00500.77,13.99459374931942,42.134778855,B722,_,00500,77
B722__00490.77,13.990316391353442,42.13016744,B722,_,00490,77
B722__00480.77,13.97320253522414,42.13751463,B722,_,00480,77
B722__00440.77,14.048628655704421,42.150810375,B722,_,00440,77
B722__00430.77,14.025705985113941,42.1574029,B722,_,00430,77
B722__00410.77,14.008555290077814,42.157598885,B722,_,00410,77
B722__00400.77,14.00243803428327,42.151512505,B722,_,00400,77
B722__00390.77,14.00003358225517,42.143545295,B722,_,00390,77
B722__00370.77,13.989033949612871,42.14250116,B722,_,00370,77
B722__00360.77,13.996742102887893,42.154028205,B722,_,00360,77
B722__00350.77,13.984760373242509,42.146588165,B722,_,00350,77
B722__00340.77,13.96791050476319,42.1440482,B722,_,00340,77
B722__00330.77,13.978204871738043,42.15099015,B722,_,00330,77
B722__00300.77,14.017085105291901,42.15958808,B722,_,00300,77
B722__00290.77,14.008424114447983,42.161716555,B722,_,00290,77
B722__0028.77,13.998034765355941,42.159153384999996,B722,_,0028,77
B722__00270.77,13.993842448019738,42.158676369999995,B722,_,00270,77
B722__00260.77,13.984915265360037,42.163846295,B722,_,00260,77
B722__00250.77,13.976386663331681,42.164930825,B722,_,00250,77
B722__00230.77,14.061238021152214,42.16606853,B722,_,00230,77
B722__00220.77,14.046894126468327,42.169022615,B722,_,00220,77
B722__00210.77,14.042362433615182,42.171004685,B722,_,00210,77
B722__00200.77,14.017638917487965,42.16723232,B722,_,00200,77
B722__00190.77,13.990830931034223,42.16913199,B722,_,00190,77
B722__00180.77,14.018119692728963,42.17847958,B722,_,00180,77
B722__00170.77,14.010468482745523,42.177834739999994,B722,_,00170,77
B722__00160.77,14.006360207111413,42.17171156,B722,_,00160,77
B722__00150.77,13.99962042500151,42.178300285000006,B722,_,00150,77
B722__00130.77,13.974434576083645,42.17451779,B722,_,00130,77
B722__00120.77,14.003531073476687,42.19049606,B722,_,00120,77
B722__00110.77,13.992938183897575,42.18455513,B722,_,00110,77
B722__0009.77,13.97049852145879,42.187444015,B722,_,0009,77
B722__00080.77,13.960971717139913,42.18868569,B722,_,00080,77
B722__00070.77,13.999720833475532,42.19676294,B722,_,00070,77
B722__00060.77,13.985317466526869,42.199214565000005,B722,_,00060,77
B722__00050.77,13.980385318513527,42.194221085,B722,_,00050,77
B722__00040.77,13.973856685882506,42.20003547,B722,_,00040,77
B722__00030.77,13.969481325499062,42.197192665,B722,_,00030,77
B722__00020.77,13.980669001289023,42.208262149999996,B722,_,00020,77
B722__00020.770,13.984888165434368,42.200363635,B722,_,00020,770
B722__00520.770,14.024892951695147,42.14122861,B722,_,00520,770
B722__00510.770,14.003865140711163,42.13097155,B722,_,00510,770
B722__00420.770,14.010959494647903,42.14545339,B722,_,00420,770
B722__00410.770,14.007907786363294,42.15765544,B722,_,00410,770
B722__00290.770,14.017044408440851,42.158987285,B722,_,00290,770
B722__00280.770,13.996451238576338,42.156003645,B722,_,00280,770
B722__00190.770,13.990282249751292,42.169022485,B722,_,00190,770
B722__00140.770,13.986349086010005,42.17417038,B722,_,00140,770
B722__00100.770,13.982214156173258,42.180259225,B722,_,00100,770
B722__00090.770,13.974042348807291,42.17855213,B722,_,00090,770
B722__00060.770,13.988246066737357,42.190994955,B722,_,00060,770
B722__00050.770,13.973738572497801,42.19111917,B722,_,00050,770
B722__00030.770,13.963517437582869,42.196234669999996,B722,_,00030,770
B722__00020.771,13.98370867766489,42.200214345,B722,_,00020,771
B722__00520.771,14.024955766276761,42.14113216,B722,_,00520,771
B722__00510.771,14.00420200222913,42.1310644,B722,_,00510,771
B722__00420.771,14.011332349917323,42.14553963,B722,_,00420,771
B722__00290.771,14.000358273306862,42.158902275,B722,_,00290,771
B722__00280.771,13.997013248599611,42.156030285,B722,_,00280,771
B722__00190.771,13.996523491670594,42.169389685,B722,_,00190,771
B722__00140.771,13.98672772256386,42.174199235,B722,_,00140,771
B722__00100.771,13.982237086219259,42.179954054999996,B722,_,00100,771
B722__00090.771,13.974542736148372,42.178725815,B722,_,00090,771
B722__00070.771,13.996487494068923,42.19578778499999,B722,_,00070,771
B722__00060.771,13.98877055554832,42.19057384,B722,_,00060,771
B722__00050.771,13.982723422160735,42.19112083,B722,_,00050,771
B722__00030.771,13.963781942834977,42.19644848,B722,_,00030,771
B722__00020.772,13.985599919330681,42.20414616,B722,_,00020,772
B722__00520.772,14.024720688303976,42.14092017,B722,_,00520,772
B722__00510.772,14.00471036235728,42.131152445,B722,_,00510,772
B722__00420.772,14.01128057251761,42.145497935,B722,_,00420,772
B722__00410.772,14.00810961710798,42.15773437,B722,_,00410,772
B722__00280.772,13.997416594003901,42.156296085,B722,_,00280,772
B722__00190.772,13.996557145835663,42.169313630000005,B722,_,00190,772
B722__00140.772,13.986702606668889,42.174056930000006,B722,_,00140,772
B722__00100.772,13.982176918317535,42.17980471,B722,_,00100,772
B722__00090.772,13.974499405756816,42.178383395,B722,_,00090,772
B722__00070.772,13.996380986570895,42.19574722,B722,_,00070,772
B722__00060.772,13.989107526819868,42.19055267,B722,_,00060,772
B722__00050.772,13.977999802010137,42.18829619,B722,_,00050,772
B722__00030.772,13.963653928041408,42.19672552,B722,_,00030,772
B722__00020.773,13.986063166787018,42.204315335000004,B722,_,00020,773
B722__00520.773,14.023941332047102,42.140541060000004,B722,_,00520,773
B722__00510.773,14.004704780443161,42.131319094999995,B722,_,00510,773
B722__00420.773,14.025998611447626,42.145267225,B722,_,00420,773
B722__00290.773,14.014097471203616,42.162374505,B722,_,00290,773
B722__00280.773,13.996943694635046,42.155667844999996,B722,_,00280,773
B722__00190.773,13.99614098253937,42.169258475,B722,_,00190,773
B722__00140.773,13.986786842682776,42.173992240000004,B722,_,00140,773
B722__00100.773,13.982115467814523,42.17964658,B722,_,00100,773
B722__00090.773,13.974553909988682,42.178089935,B722,_,00090,773
B722__00070.773,13.99712233501123,42.195997840000004,B722,_,00070,773
B722__00060.773,13.989191216308768,42.190629650000005,B722,_,00060,773
B722__00050.773,13.97632977061517,42.189382005,B722,_,00050,773
B722__00020.774,13.986358182377636,42.204438440000004,B722,_,00020,774
B722__00520.774,14.020199128627308,42.13467323,B722,_,00520,774
B722__00510.774,14.004831385692022,42.131174869999995,B722,_,00510,774
B722__00420.774,14.025918143064345,42.145197095,B722,_,00420,774
B722__00280.774,13.997916213302023,42.1562478,B722,_,00280,774
B722__00200.774,14.02881488535068,42.167255325,B722,_,00200,774
B722__00190.774,13.996177292775718,42.16919875,B722,_,00190,774
B722__00140.774,13.986964439065181,42.174130755,B722,_,00140,774
B722__00100.774,13.980567865881179,42.180670365,B722,_,00100,774
B722__00070.774,13.997070931870013,42.19595684,B722,_,00070,774
B722__00060.774,13.988825028514112,42.19072002,B722,_,00060,774
B722__00050.774,13.976385667633071,42.189281984999994,B722,_,00050,774
B722__00030.774,13.967883672680355,42.196172435,B722,_,00030,774
B722__00020.775,13.9789477266124,42.203172175,B722,_,00020,775
B722__00520.775,14.020286515648316,42.134708184999994,B722,_,00520,775
B722__00510.775,14.004944239240587,42.13115853,B722,_,00510,775
B722__00420.775,14.0258750460009,42.14513916,B722,_,00420,775
B722__00290.775,14.017233694644158,42.158445555,B722,_,00290,775
B722__00280.775,13.998370273407842,42.156592204999995,B722,_,00280,775
B722__00190.775,13.995883356915982,42.169211149999995,B722,_,00190,775
B722__00140.775,13.987015388309384,42.173952415,B722,_,00140,775
B722__00100.775,13.980615497076016,42.180438730000006,B722,_,00100,775
B722__00070.775,13.997184080062421,42.195955055,B722,_,00070,775
B722__00060.775,13.988855526651506,42.190802829999996,B722,_,00060,775
B722__00050.775,13.978007550618553,42.187426169999995,B722,_,00050,775
B722__00030.775,13.96788901763984,42.196329335,B722,_,00030,775
B722__00030.776,13.970959125718444,42.188639484999996,B722,_,00030,776
B722__00520.776,14.020385591207795,42.134720009999995,B722,_,00520,776
B722__00510.776,14.005207444889718,42.13114759,B722,_,00510,776
B722__00420.776,14.025779064090784,42.14506095,B722,_,00420,776
B722__00290.776,14.01728877687213,42.158215565000006,B722,_,00290,776
B722__00280.776,13.998597737945694,42.15662672,B722,_,00280,776
B722__00140.776,13.98702530447041,42.17390117,B722,_,00140,776
B722__00100.776,13.9806543081612,42.180307979999995,B722,_,00100,776
B722__00090.776,13.976630338891507,42.17882598,B722,_,00090,776
B722__00070.776,13.997152024863835,42.195893245,B722,_,00070,776
B722__00060.776,13.9888726137032,42.19086752,B722,_,00060,776
B722__00050.776,13.975851547343163,42.191333945,B722,_,00050,776
B722__00020.777,13.978859931775713,42.206104374999995,B722,_,00020,777
B722__00520.777,14.020613830811786,42.134829575,B722,_,00520,777
B722__0051.777,14.003617176205626,42.142692565000004,B722,_,0051,777
B722__00420.777,14.02566407960504,42.14495348,B722,_,00420,777
B722__00290.777,14.005378504192155,42.1603069,B722,_,00290,777
B722__00280.777,13.998908558840004,42.15682248,B722,_,00280,777
B722__00190.777,13.990845733901487,42.168758,B722,_,00190,777
B722__00140.777,13.986321144296474,42.174367345,B722,_,00140,777
B722__00100.777,13.980700397595864,42.180129525,B722,_,00100,777
B722__00090.777,13.96746068915226,42.177225825,B722,_,00090,777
B722__00070.777,13.997136619901575,42.19578628,B722,_,00070,777
B722__00060.777,13.988830316057314,42.19099938,B722,_,00060,777
B722__00050.777,13.975981170430476,42.19163195,B722,_,00050,777
B722__00030.777,13.962201655247299,42.196153365,B722,_,00030,777
B722__00020.778,13.983513515864228,42.201449485,B722,_,00020,778
B722__00520.778,14.010481124220117,42.14233617,B722,_,00520,778
B722__0051.778,14.004264893507646,42.142083959999994,B722,_,0051,778
B722__00420.778,14.007999789634692,42.145799675,B722,_,00420,778
B722__00290.778,14.005444248766588,42.1602783,B722,_,00290,778
B722__00280.778,13.998839154933695,42.156897154999996,B722,_,00280,778
B722__00190.778,13.991194726232983,42.168841555,B722,_,00190,778
B722__00140.778,13.985903546561296,42.173989215,B722,_,00140,778
B722__00100.778,13.98000580813249,42.182576850000004,B722,_,00100,778
B722__00090.778,13.96907875068969,42.178709229999996,B722,_,00090,778
B722__00070.778,13.997263356307705,42.195842639999995,B722,_,00070,778
B722__00060.778,13.988729226002732,42.191144914999995,B722,_,00060,778
B722__00050.778,13.976723445294972,42.191585630000006,B722,_,00050,778
B722__00030.778,13.963129377716754,42.195810359999996,B722,_,00030,778
B722__00020.779,13.983392099215845,42.20145699,B722,_,00020,779
B722__00520.779,14.019741471300431,42.135712299999994,B722,_,00520,779
B722__00420.779,14.00800020041596,42.145719655,B722,_,00420,779
B722__00290.779,14.004644678369782,42.161661815,B722,_,00290,779
B722__00280.779,13.999037600608741,42.15693591,B722,_,00280,779
B722__00190.779,13.992581723645376,42.1688376,B722,_,00190,779
B722__00070.779,13.997222643879276,42.195862885,B722,_,00070,779
B722__00060.779,13.989283182266012,42.191195335,B722,_,00060,779
B722__00050.779,13.976535957007373,42.191340915,B722,_,00050,779
B722__00030.779,13.960765206045025,42.19183613,B722,_,00030,779
B722__00010.78,13.967547085485991,42.208707315,B722,_,00010,78
B722__00610.78,13.994501205527945,42.116499595,B722,_,00610,78
B722__00600.78,14.009364371447193,42.12791808,B722,_,00600,78
B722__00590.78,13.992331489538461,42.123833614999995,B722,_,00590,78
B722__00540.78,14.042365520481326,42.144656005,B722,_,00540,78
B722__00530.78,14.028982345068547,42.145759145,B722,_,00530,78
B722__00520.78,14.011660222787778,42.142360225,B722,_,00520,78
B722__0051.78,14.003548042294137,42.142482834999996,B722,_,0051,78
B722__00500.78,13.993688347794318,42.134612655,B722,_,00500,78
B722__00490.78,13.990601198941167,42.129935125,B722,_,00490,78
B722__00480.78,13.97359490735749,42.13730154,B722,_,00480,78
B722__00440.78,14.048918863054071,42.150223055,B722,_,00440,78
B722__00430.78,14.025840284752737,42.157363790000005,B722,_,00430,78
B722__00410.78,14.008474091094463,42.15804309,B722,_,00410,78
B722__00400.78,14.002466842841546,42.15172768,B722,_,00400,78
B722__00390.78,13.998147042764657,42.14334923,B722,_,00390,78
B722__00370.78,13.989706395361187,42.143353149999996,B722,_,00370,78
B722__00360.78,13.995297649198427,42.151885934999996,B722,_,00360,78
B722__00350.78,13.985119675372601,42.14658431,B722,_,00350,78
B722__00340.78,13.968321813416633,42.14398263,B722,_,00340,78
B722__00330.78,13.97920895344328,42.15156917,B722,_,00330,78
B722__00300.78,14.017224068805321,42.159460894999995,B722,_,00300,78
B722__00290.78,14.008658809241808,42.16177716,B722,_,00290,78
B722__00270.78,13.988523938205814,42.158700355,B722,_,00270,78
B722__00260.78,13.984619646519187,42.164014574999996,B722,_,00260,78
B722__00250.78,13.97665849654721,42.165123105,B722,_,00250,78
B722__00230.78,14.061637951185531,42.1663475,B722,_,00230,78
B722__00220.78,14.046200818627812,42.167750375,B722,_,00220,78
B722__00210.78,14.042207205606111,42.17076047,B722,_,00210,78
B722__00200.78,14.015003070051804,42.16960194,B722,_,00200,78
B722__00190.78,13.992046702669843,42.168684424999995,B722,_,00190,78
B722__00180.78,14.025974172862417,42.171152135,B722,_,00180,78
B722__00170.78,14.010804590734715,42.177726164999996,B722,_,00170,78
B722__00160.78,14.006589818109546,42.172139834999996,B722,_,00160,78
B722__00150.78,13.99822327891344,42.174971279999994,B722,_,00150,78
B722__00140.78,13.983573459544713,42.173494825000006,B722,_,00140,78
B722__00130.78,13.974388692419726,42.174882775,B722,_,00130,78
B722__00120.78,14.004398569396667,42.190862485,B722,_,00120,78
B722__00110.78,13.993071161344023,42.184537675,B722,_,00110,78
B722__00100.78,13.97882386376994,42.1813426,B722,_,00100,78
B722__0009.78,13.970750226638687,42.187424405,B722,_,0009,78
B722__00080.78,13.960972425828173,42.18862498,B722,_,00080,78
B722__00070.78,14.000402598333963,42.19707246,B722,_,00070,78
B722__00060.78,13.985483736224978,42.198983580000004,B722,_,00060,78
B722__00050.78,13.970742349283196,42.191673269999995,B722,_,00050,78
B722__00040.78,13.974868685441601,42.19988296,B722,_,00040,78
B722__00030.78,13.96951640606835,42.197076870000004,B722,_,00030,78
B722__00020.78,13.980883147481254,42.20820593,B722,_,00020,78
B722__00020.780,13.981408872695573,42.208017604999995,B722,_,00020,780
B722__00520.780,14.025081020390122,42.142693554999994,B722,_,00520,780
B722__0051.780,14.003886152593992,42.139246715,B722,_,0051,780
B722__00420.780,14.008089310584477,42.145673285,B722,_,00420,780
B722__00290.780,14.004673570061446,42.161613970000005,B722,_,00290,780
B722__00280.780,13.999521564794405,42.157182344999995,B722,_,00280,780
B722__00200.780,14.028781702275946,42.167185085,B722,_,00200,780
B722__00190.780,13.990932242345778,42.168652315,B722,_,00190,780
B722__00140.780,13.985997801796442,42.174136090000005,B722,_,00140,780
B722__00100.780,13.980977406045183,42.182369375,B722,_,00100,780
B722__00090.780,13.970192775813322,42.178858055,B722,_,00090,780
B722__00070.780,13.99720885307445,42.195697214999996,B722,_,00070,780
B722__00060.780,13.989226990194613,42.191831255,B722,_,00060,780
B722__00050.780,13.985704670633657,42.18936413,B722,_,00050,780
B722__00030.780,13.961068237234716,42.191788925,B722,_,00030,780
B722__00020.781,13.980233217161812,42.20332001,B722,_,00020,781
B722__00520.781,14.02503983065874,42.142431645,B722,_,00520,781
B722__0051.781,14.004216011586896,42.13932451,B722,_,0051,781
B722__00420.781,14.008109483828353,42.14561923,B722,_,00420,781
B722__00290.781,14.00293234988996,42.16159299,B722,_,00290,781
B722__00280.781,13.997480501148504,42.155566734999994,B722,_,00280,781
B722__00190.781,13.991110461381174,42.164045125,B722,_,00190,781
B722__00140.781,13.986417865282883,42.174298265,B722,_,00140,781
B722__00070.781,13.997117072175623,42.19574585,B722,_,00070,781
B722__00060.781,13.989933922598315,42.19138883,B722,_,00060,781
B722__00050.781,13.985805830812183,42.18928946,B722,_,00050,781
B722__00030.781,13.960137840992974,42.192052805,B722,_,00030,781
B722__00020.782,13.980301554020791,42.20333343,B722,_,00020,782
B722__00520.782,14.025154904115041,42.14244305,B722,_,00520,782
B722__0051.782,14.004278967517905,42.139291555,B722,_,0051,782
B722__00420.782,14.008141495950667,42.145543715,B722,_,00420,782
B722__00290.782,14.00321652719686,42.161470025,B722,_,00290,782
B722__00280.782,13.997852862277337,42.15577644,B722,_,00280,782
B722__00190.782,13.992626988602161,42.164680919999995,B722,_,00190,782
B722__00140.782,13.988384583327312,42.17362626,B722,_,00140,782
B722__00100.782,13.984841484279173,42.18124431,B722,_,00100,782
B722__00060.782,13.989540868803262,42.190838604999996,B722,_,00060,782
B722__00050.782,13.981065783066033,42.191677490000004,B722,_,00050,782
B722__00030.782,13.961326628467821,42.191894315,B722,_,00030,782
B722__00020.783,13.987511011369525,42.200567395,B722,_,00020,783
B722__00520.783,14.025264648169681,42.1424224,B722,_,00520,783
B722__00420.783,14.008182578670363,42.145457915,B722,_,00420,783
B722__00290.783,14.012055073346527,42.161058235,B722,_,00290,783
B722__00280.783,13.998138938726033,42.155877985000004,B722,_,00280,783
B722__00200.783,14.029533775116043,42.168185475,B722,_,00200,783
B722__00190.783,13.989869933828823,42.169365510000006,B722,_,00190,783
B722__00140.783,13.988877189750902,42.173132265,B722,_,00140,783
B722__00100.783,13.98511884659777,42.181177045,B722,_,00100,783
B722__00070.783,13.997047043426836,42.195837600000004,B722,_,00070,783
B722__00060.783,13.990037554368687,42.19121224,B722,_,00060,783
B722__00050.783,13.977255792180237,42.19460649,B722,_,00050,783
B722__00030.783,13.968761034050083,42.19488724,B722,_,00030,783
B722__00030.784,13.964839405982172,42.193623110000004,B722,_,00030,784
B722__00520.784,14.025089560304611,42.141923160000005,B722,_,00520,784
B722__00420.784,14.008203303623855,42.145398015,B722,_,00420,784
B722__00290.784,14.014208923186388,42.160507714999994,B722,_,00290,784
B722__00280.784,13.998320004181249,42.155958275,B722,_,00280,784
B722__00200.784,14.029404099471982,42.168247315,B722,_,00200,784
B722__00190.784,13.992210113496974,42.164333885000005,B722,_,00190,784
B722__00140.784,13.988949927241599,42.173105375,B722,_,00140,784
B722__00090.784,13.969213268190622,42.178070815,B722,_,00090,784
B722__00070.784,13.997024694295085,42.195744425,B722,_,00070,784
B722__00060.784,13.991293325252233,42.19079154,B722,_,00060,784
B722__00050.784,13.977655134927588,42.19455978,B722,_,00050,784
B722__00020.785,13.97835550227213,42.204554509999994,B722,_,00020,785
B722__00520.785,14.025298631754344,42.141996665,B722,_,00520,785
B722__0051.785,14.004458179097362,42.138313925000006,B722,_,0051,785
B722__00420.785,14.008468612675728,42.145422589999995,B722,_,00420,785
B722__00290.785,14.015998356087469,42.160037224999996,B722,_,00290,785
B722__00280.785,13.998343054382048,42.156304715000005,B722,_,00280,785
B722__00200.785,14.029683211516797,42.168306834999996,B722,_,00200,785
B722__00190.785,13.989973090506101,42.164412175,B722,_,00190,785
B722__00140.785,13.989100719522082,42.17314981,B722,_,00140,785
B722__00100.785,13.979264134403707,42.18199857,B722,_,00100,785
B722__00090.785,13.970231952919347,42.178280215,B722,_,00090,785
B722__00060.785,13.991228499319678,42.19196167,B722,_,00060,785
B722__00050.785,13.977914918804288,42.194530495,B722,_,00050,785
B722__00030.785,13.965046519263208,42.193677795,B722,_,00030,785
B722__00020.786,13.985617517131065,42.201911815,B722,_,00020,786
B722__00520.786,14.02536582002843,42.141924105,B722,_,00520,786
B722__0051.786,14.006487009718484,42.14112385,B722,_,0051,786
B722__00290.786,14.016087018292298,42.159932100000006,B722,_,00290,786
B722__00280.786,13.998513777467313,42.15627721,B722,_,00280,786
B722__00200.786,14.02930108194045,42.168298325,B722,_,00200,786
B722__00190.786,14.009617503334784,42.167673,B722,_,00190,786
B722__00140.786,13.98896914805297,42.173186245,B722,_,00140,786
B722__00100.786,13.986510048680596,42.18230645,B722,_,00100,786
B722__00090.786,13.969857855457562,42.178280215,B722,_,00090,786
B722__00070.786,13.997569570604547,42.195902225,B722,_,00070,786
B722__00060.786,13.99158574844888,42.19174146,B722,_,00060,786
B722__00050.786,13.978317721838131,42.194486395,B722,_,00050,786
B722__00030.786,13.96603289137538,42.19262119,B722,_,00030,786
B722__00020.787,13.985615730906131,42.201801044999996,B722,_,00020,787
B722__00520.787,14.025426787917322,42.141967785000006,B722,_,00520,787
B722__0051.787,14.006600956376367,42.14119953,B722,_,0051,787
B722__00290.787,14.016191345482635,42.15989648,B722,_,00290,787
B722__00280.787,13.998579138374653,42.15640689,B722,_,00280,787
B722__00190.787,14.010390981410412,42.167628734999994,B722,_,00190,787
B722__00140.787,13.989254098619345,42.17288514,B722,_,00140,787
B722__00100.787,13.986743779627263,42.18251704,B722,_,00100,787
B722__00090.787,13.970796597200579,42.178747375,B722,_,00090,787
B722__00060.787,13.991648745486462,42.19201177,B722,_,00060,787
B722__00050.787,13.98138244748053,42.192194044999994,B722,_,00050,787
B722__00030.787,13.965792071975091,42.192352705000005,B722,_,00030,787
B722__00030.788,13.965624136585639,42.1922439,B722,_,00030,788
B722__00520.788,14.02553376748068,42.14207152,B722,_,00520,788
B722__00510.788,14.005887300294553,42.13957091499999,B722,_,00510,788
B722__00290.788,14.01597123449687,42.15984385,B722,_,00290,788
B722__00280.788,13.998807495823058,42.15638595,B722,_,00280,788
B722__00190.788,14.009612928794777,42.168311395,B722,_,00190,788
B722__00140.788,13.98929933324468,42.17307433,B722,_,00140,788
B722__00100.788,13.98720985011377,42.181753665,B722,_,00100,788
B722__00070.788,13.997563948443137,42.19597856,B722,_,00070,788
B722__00060.788,13.991949888358231,42.191639609999996,B722,_,00060,788
B722__00050.788,13.981362473548177,42.192265515,B722,_,00050,788
B722__00020.789,13.982405768619941,42.20229933,B722,_,00020,789
B722__00520.789,14.020253562136228,42.13750264,B722,_,00520,789
B722__00510.789,14.006032799205176,42.13946428,B722,_,00510,789
B722__00420.789,14.007867807387568,42.145393465,B722,_,00420,789
B722__00290.789,14.016071120313867,42.159849304999995,B722,_,00290,789
B722__00280.789,13.998792762861925,42.1565236,B722,_,00280,789
B722__00200.789,14.029406572514038,42.16841772,B722,_,00200,789
B722__00190.789,14.009963726041164,42.167829080000004,B722,_,00190,789
B722__00140.789,13.989370226183006,42.17292011,B722,_,00140,789
B722__00100.789,13.987307424457239,42.18192865,B722,_,00100,789
B722__00090.789,13.971231646504481,42.1778372,B722,_,00090,789
B722__00070.789,13.995173939932776,42.196179045,B722,_,00070,789
B722__00060.789,13.985855616145436,42.199804040000004,B722,_,00060,789
B722__00050.789,13.981311677918733,42.19244804,B722,_,00050,789
B722__00030.789,13.966066245995751,42.192180820000004,B722,_,00030,789
B722__00010.79,13.968260796096832,42.20898056,B722,_,00010,79
B722__00610.79,13.995410369602464,42.116377834999994,B722,_,00610,79
B722__00600.79,14.008760614513598,42.128058225000004,B722,_,00600,79
B722__00590.79,13.992943262438828,42.12392732,B722,_,00590,79
B722__00540.79,14.04248285785421,42.14429578,B722,_,00540,79
B722__00520.79,14.01204883665715,42.142160925,B722,_,00520,79
B722__0051.79,14.00370708074655,42.14236734,B722,_,0051,79
B722__00500.79,13.994155130231054,42.134397095,B722,_,00500,79
B722__00490.79,13.990545797410874,42.12945967500001,B722,_,00490,79
B722__00480.79,13.974596984244638,42.137573090000004,B722,_,00480,79
B722__00440.79,14.049831798891745,42.150216385,B722,_,00440,79
B722__00430.79,14.027391896906302,42.156792515,B722,_,00430,79
B722__00410.79,14.008322334437073,42.158314544999996,B722,_,00410,79
B722__00400.79,14.002759033555165,42.15170616,B722,_,00400,79
B722__00390.79,13.998360335390696,42.143149050000005,B722,_,00390,79
B722__00380.79,14.002284246510236,42.14155541,B722,_,00380,79
B722__00370.79,13.990052798688616,42.143187620000006,B722,_,00370,79
B722__00360.79,13.99555147090124,42.151885934999996,B722,_,00360,79
B722__00350.79,13.98527109584866,42.147101344999996,B722,_,00350,79
B722__00340.79,13.968236094281824,42.14362163,B722,_,00340,79
B722__00330.79,13.980218077229274,42.151334274999996,B722,_,00330,79
B722__00300.79,14.017940544053474,42.15949673,B722,_,00300,79
B722__0028.79,14.004466608733114,42.156355905,B722,_,0028,79
B722__00270.79,13.98887811108331,42.158528005,B722,_,00270,79
B722__00260.79,13.984857580327175,42.164160370000005,B722,_,00260,79
B722__00250.79,13.977182565578222,42.165091360000005,B722,_,00250,79
B722__00230.79,14.061915658197009,42.16671337,B722,_,00230,79
B722__00220.79,14.048483222774513,42.168966255,B722,_,00220,79
B722__00210.79,14.041574819415189,42.17021999,B722,_,00210,79
B722__00200.79,14.01583844481006,42.169167535,B722,_,00200,79
B722__00190.79,13.990499130245228,42.169681714999996,B722,_,00190,79
B722__00180.79,14.01805603389116,42.178127105,B722,_,00180,79
B722__00170.79,14.011170304268353,42.178012195,B722,_,00170,79
B722__00160.79,14.006615090444118,42.17192057,B722,_,00160,79
B722__00150.79,13.998876375357327,42.175082,B722,_,00150,79
B722__00140.79,13.984004511818629,42.17369352,B722,_,00140,79
B722__00130.79,13.974551316918964,42.174930704999994,B722,_,00130,79
B722__00120.79,14.004531741358731,42.191601325,B722,_,00120,79
B722__00110.79,13.993335039481934,42.18463534999999,B722,_,00110,79
B722__00100.79,13.982572945246854,42.186534105,B722,_,00100,79
B722__0009.79,13.970532977145632,42.187337055,B722,_,0009,79
B722__00080.79,13.960961511703298,42.188562160000004,B722,_,00080,79
B722__00070.79,14.000105315458404,42.1965066,B722,_,00070,79
B722__00060.79,13.985611714951112,42.198982465,B722,_,00060,79
B722__00050.79,13.980368562930138,42.19413328,B722,_,00050,79
B722__00040.79,13.9755802026291,42.20043887,B722,_,00040,79
B722__00020.79,13.981620600709462,42.208340045,B722,_,00020,79
B722__00020.790,13.982578132910788,42.202233230000004,B722,_,00020,790
B722__00520.790,14.024536429120676,42.136587295,B722,_,00520,790
B722__00420.790,14.007887547688672,42.14533903,B722,_,00420,790
B722__00290.790,14.016107914093269,42.159841165,B722,_,00290,790
B722__00280.790,13.998863072573176,42.15662416,B722,_,00280,790
B722__00200.790,14.0275305803919,42.16699145,B722,_,00200,790
B722__00190.790,14.009346249354675,42.16806678,B722,_,00190,790
B722__00140.790,13.9878292427166,42.17461058,B722,_,00140,790
B722__00100.790,13.979386962044082,42.18126152,B722,_,00100,790
B722__00090.790,13.970597472464792,42.177687935,B722,_,00090,790
B722__00060.790,13.99225230024291,42.192509315,B722,_,00060,790
B722__00050.790,13.978013820939273,42.194184485,B722,_,00050,790
B722__00030.790,13.962171469084362,42.19627443,B722,_,00030,790
B722__00020.791,13.980705196185314,42.205261969999995,B722,_,00020,791
B722__00520.791,14.018028964601463,42.135576795,B722,_,00520,791
B722__00420.791,14.007836965124874,42.14527504,B722,_,00420,791
B722__00290.791,14.009636266819726,42.160363505,B722,_,00290,791
B722__00280.791,13.998788026098811,42.156734854999996,B722,_,00280,791
B722__00200.791,14.027298468589779,42.167176355,B722,_,00200,791
B722__00190.791,14.009411696723568,42.16833181,B722,_,00190,791
B722__00140.791,13.987988369990454,42.17435466,B722,_,00140,791
B722__00100.791,13.979497728604203,42.181098605,B722,_,00100,791
B722__00090.791,13.970484249796488,42.17753881,B722,_,00090,791
B722__00060.791,13.992275245535861,42.192195845,B722,_,00060,791
B722__00050.791,13.97738425269044,42.194028585,B722,_,00050,791
B722__00020.792,13.98735843698076,42.201205895,B722,_,00020,792
B722__00520.792,14.01809775421388,42.13470857,B722,_,00520,792
B722__00510.792,14.002789230653097,42.13827964,B722,_,00510,792
B722__00420.792,14.007901801705561,42.145165379999995,B722,_,00420,792
B722__00280.792,13.998987597521403,42.156689,B722,_,00280,792
B722__00200.792,14.027181689863731,42.167292180000004,B722,_,00200,792
B722__00190.792,13.994192505002639,42.162926555,B722,_,00190,792
B722__00140.792,13.987656357678064,42.174252635,B722,_,00140,792
B722__00100.792,13.979554506838406,42.180232724999996,B722,_,00100,792
B722__00090.792,13.971371638670913,42.17748718,B722,_,00090,792
B722__00070.792,13.995480971662364,42.196244475,B722,_,00070,792
B722__00060.792,13.992601571069763,42.19248844,B722,_,00060,792
B722__00050.792,13.977905382742705,42.19398213,B722,_,00050,792
B722__00020.793,13.987250709635212,42.20140571,B722,_,00020,793
B722__00520.793,14.018090415766679,42.13461038,B722,_,00520,793
B722__00510.793,14.002873944909169,42.13802235,B722,_,00510,793
B722__00420.793,14.008765717851563,42.1464898,B722,_,00420,793
B722__00290.793,14.009501890306023,42.16055679,B722,_,00290,793
B722__00280.793,13.999159659820663,42.156734485,B722,_,00280,793
B722__00190.793,14.000184695019534,42.164495855,B722,_,00190,793
B722__00140.793,13.987445639376302,42.174362635,B722,_,00140,793
B722__00100.793,13.983044269905577,42.180660315,B722,_,00100,793
B722__00090.793,13.971430023765556,42.177406884999996,B722,_,00090,793
B722__00060.793,13.992863163237594,42.192345075,B722,_,00060,793
B722__00050.793,13.979580221232448,42.19280649,B722,_,00050,793
B722__00030.793,13.971027679253371,42.18802997,B722,_,00030,793
B722__00020.794,13.982361466711424,42.20201664,B722,_,00020,794
B722__00520.794,14.017530267266164,42.134474555,B722,_,00520,794
B722__00420.794,14.008721324240017,42.146356585,B722,_,00420,794
B722__00290.794,14.015478204273752,42.16005596,B722,_,00290,794
B722__00280.794,13.999308499173143,42.156824785,B722,_,00280,794
B722__00200.794,14.027123736190582,42.16721119,B722,_,00200,794
B722__00190.794,14.000582680683262,42.16417563,B722,_,00190,794
B722__00100.794,13.989355391694431,42.18333824,B722,_,00100,794
B722__00090.794,13.970423843175851,42.17730608,B722,_,00090,794
B722__00070.794,13.995623466616102,42.196284524999996,B722,_,00070,794
B722__00060.794,13.993167954884907,42.192336444999995,B722,_,00060,794
B722__00050.794,13.979059645741536,42.19287941,B722,_,00050,794
B722__00030.794,13.965528926315567,42.192637695,B722,_,00030,794
B722__00020.795,13.981988907254243,42.201733735000005,B722,_,00020,795
B722__00520.795,14.017852306245711,42.134483335,B722,_,00520,795
B722__00420.795,14.008346197338202,42.14604803,B722,_,00420,795
B722__00290.795,14.01562761914239,42.15992258,B722,_,00290,795
B722__00280.795,13.999627519793798,42.15699065,B722,_,00280,795
B722__00200.795,14.028534687450497,42.1671075,B722,_,00200,795
B722__00190.795,13.994320365127592,42.163578235,B722,_,00190,795
B722__00140.795,13.989027517459201,42.173637375,B722,_,00140,795
B722__00100.795,13.988876194129169,42.183217549999995,B722,_,00100,795
B722__00090.795,13.969730942776204,42.177001794999995,B722,_,00090,795
B722__00070.795,13.996022051614972,42.193102945,B722,_,00070,795
B722__00060.795,13.994076685335486,42.192164105,B722,_,00060,795
B722__00050.795,13.982696851529269,42.19222035,B722,_,00050,795
B722__00030.795,13.965830741542167,42.192686935,B722,_,00030,795
B722__00020.796,13.987230255282988,42.199829875,B722,_,00020,796
B722__00520.796,14.018339763314213,42.13451875,B722,_,00520,796
B722__00510.796,14.002171323815972,42.13442362,B722,_,00510,796
B722__00420.796,14.008731763773312,42.146219849999994,B722,_,00420,796
B722__00290.796,14.015669662708776,42.159884955,B722,_,00290,796
B722__00280.796,13.999646913455393,42.15715184,B722,_,00280,796
B722__00200.796,14.028344143948564,42.166883575,B722,_,00200,796
B722__00190.796,13.994621435238251,42.163553365,B722,_,00190,796
B722__00140.796,13.989054846688148,42.17343574,B722,_,00140,796
B722__00100.796,13.989123586494708,42.182414595,B722,_,00100,796
B722__00090.796,13.968993855742873,42.17698873,B722,_,00090,796
B722__00070.796,13.99602761698585,42.193045635000004,B722,_,00070,796
B722__00060.796,13.993722077101467,42.19202496,B722,_,00060,796
B722__00050.796,13.979078214984986,42.193392715,B722,_,00050,796
B722__00030.796,13.961475423540136,42.191755674999996,B722,_,00030,796
B722__00020.797,13.98705664720432,42.199807910000004,B722,_,00020,797
B722__00520.797,14.018353590229971,42.13445194,B722,_,00520,797
B722__00510.797,14.00270382911415,42.134584415,B722,_,00510,797
B722__00420.797,14.008401476294935,42.145979385000004,B722,_,00420,797
B722__00290.797,14.011165392322606,42.161345555,B722,_,00290,797
B722__00280.797,13.999728107729748,42.157080365,B722,_,00280,797
B722__00200.797,14.028619290676076,42.16706444,B722,_,00200,797
B722__00190.797,13.994831031590753,42.163657375,B722,_,00190,797
B722__00140.797,13.988967924177764,42.17347515,B722,_,00140,797
B722__00100.797,13.98171218620494,42.18393795,B722,_,00100,797
B722__00090.797,13.96910788164693,42.176881155000004,B722,_,00090,797
B722__00070.797,13.996043263783509,42.193132295,B722,_,00070,797
B722__00060.797,13.994318687157374,42.191739635,B722,_,00060,797
B722__00050.797,13.979264789685818,42.193648745000004,B722,_,00050,797
B722__00030.797,13.960480976561353,42.192071365000004,B722,_,00030,797
B722__00020.798,13.983876766864917,42.20191751,B722,_,00020,798
B722__00510.798,14.002857157747755,42.134661935,B722,_,00510,798
B722__00420.798,14.008537881584688,42.1459979,B722,_,00420,798
B722__00290.798,14.011512015585277,42.16126391,B722,_,00290,798
B722__00280.798,13.999987786828168,42.15697632,B722,_,00280,798
B722__00190.798,13.994919832374826,42.163813415,B722,_,00190,798
B722__00140.798,13.9890173009485,42.17351532,B722,_,00140,798
B722__00100.798,13.98171839558349,42.183489730000005,B722,_,00100,798
B722__00090.798,13.969023958937179,42.17676907,B722,_,00090,798
B722__00070.798,13.996298542274737,42.193048860000005,B722,_,00070,798
B722__00060.798,13.993518081438769,42.191876304999994,B722,_,00060,798
B722__00050.798,13.980179315461903,42.193201625,B722,_,00050,798
B722__00030.798,13.961729870811906,42.191444255,B722,_,00030,798
B722__00030.799,13.969109904530335,42.189333864999995,B722,_,00030,799
B722__00420.799,14.008575940531884,42.1459911,B722,_,00420,799
B722__00290.799,14.013405834532916,42.16145483,B722,_,00290,799
B722__00280.799,13.99809850963273,42.155630695,B722,_,00280,799
B722__00200.799,14.028236433798579,42.16700711,B722,_,00200,799
B722__00190.799,13.994460102446979,42.162673985,B722,_,00190,799
B722__00140.799,13.989221056261226,42.17353995,B722,_,00140,799
B722__00100.799,13.979590489081412,42.182230025,B722,_,00100,799
B722__00090.799,13.96908690366537,42.17673754,B722,_,00090,799
B722__00070.799,13.997267243855612,42.195626585,B722,_,00070,799
B722__00060.799,13.994246230360842,42.191582115,B722,_,00060,799
B722__00050.799,13.97833735491543,42.187322179999995,B722,_,00050,799
B722__00010.8,13.967889786476968,42.21044675,B722,_,00010,8
B722__00610.8,13.990977224908736,42.121526875,B722,_,00610,8
B722__00600.8,14.007612575926213,42.129620185,B722,_,00600,8
B722__00590.8,13.988276776314347,42.125265915,B722,_,00590,8
B722__00580.8,13.993972881491771,42.11351443,B722,_,00580,8
B722__00560.8,14.085551535984402,42.107581415,B722,_,00560,8
B722__00540.8,14.042838486291718,42.148189720000005,B722,_,00540,8
B722__00520.8,14.007897204480457,42.142524800000004,B722,_,00520,8
B722__0051.8,14.004236551132468,42.142954015,B722,_,0051,8
B722__00500.8,13.985400558863994,42.13602244,B722,_,00500,8
B722__00490.8,13.98356120526234,42.131512835,B722,_,00490,8
B722__00480.8,13.972640058578762,42.139450265,B722,_,00480,8
B722__00460.8,14.109769490951233,42.13684766,B722,_,00460,8
B722__00450.8,14.056398602902277,42.146252455,B722,_,00450,8
B722__00440.8,14.042163741157768,42.153976455,B722,_,00440,8
B722__00430.8,14.017949078838479,42.157791415000005,B722,_,00430,8
B722__00410.8,14.004357653127549,42.158193335,B722,_,00410,8
B722__00400.8,14.002058325326878,42.153572624999995,B722,_,00400,8
B722__00390.8,14.000295135469937,42.145750039999996,B722,_,00390,8
B722__00380.8,13.999757342867131,42.143096335,B722,_,00380,8
B722__00360.8,13.99660627180517,42.154601475,B722,_,00360,8
B722__00350.8,13.97951889918431,42.146969920000004,B722,_,00350,8
B722__00340.8,13.972546445657354,42.15014809,B722,_,00340,8
B722__00330.8,13.972414314560064,42.155062075000004,B722,_,00330,8
B722__00320.8,14.079790036814297,42.143767045000004,B722,_,00320,8
B722__00310.8,14.048477819246306,42.161441385,B722,_,00310,8
B722__00300.8,14.02359490561589,42.163969315,B722,_,00300,8
B722__00290.8,14.002161743457906,42.162451540000006,B722,_,00290,8
B722__00270.8,13.990808902196685,42.161240989999996,B722,_,00270,8
B722__00260.8,13.984405754746259,42.165913814999996,B722,_,00260,8
B722__00250.8,13.97965242671177,42.167954825,B722,_,00250,8
B722__00240.8,14.084587689645662,42.156429360000004,B722,_,00240,8
B722__00230.8,14.068531147261085,42.17114591,B722,_,00230,8
B722__00220.8,14.043741413650839,42.171307725,B722,_,00220,8
B722__00210.8,14.035817463766332,42.173946959999995,B722,_,00210,8
B722__00200.8,14.015761927778305,42.170271065,B722,_,00200,8
B722__00190.8,13.991873659989551,42.170369050000005,B722,_,00190,8
B722__00180.8,14.0193034621841,42.179401725000005,B722,_,00180,8
B722__00170.8,14.013780511168573,42.182255985,B722,_,00170,8
B722__00160.8,14.005940274839759,42.1773743,B722,_,00160,8
B722__00150.8,13.995081573310518,42.178442430000004,B722,_,00150,8
B722__00130.8,13.978387050941969,42.17978289,B722,_,00130,8
B722__00120.8,14.00533276840401,42.195557125,B722,_,00120,8
B722__00110.8,13.994065576893654,42.18537835,B722,_,00110,8
B722__00100.8,13.980827608023173,42.18839907,B722,_,00100,8
B722__0009.8,13.971293635566141,42.187729395000005,B722,_,0009,8
B722__00080.8,13.960543565104768,42.19055575,B722,_,00080,8
B722__00070.8,13.996305479153058,42.197382195,B722,_,00070,8
B722__00060.8,13.988379644211442,42.190936405,B722,_,00060,8
B722__00050.8,13.98157854676301,42.194800205,B722,_,00050,8
B722__00040.8,13.975486217404356,42.203102055,B722,_,00040,8
B722__00030.8,13.967896134702457,42.200838065,B722,_,00030,8
B722__00020.8,13.974006023369714,42.208834875,B722,_,00020,8
B722__00010.80,13.968941996655591,42.208869155,B722,_,00010,80
B722__00610.80,13.99549954632029,42.117265235000005,B722,_,00610,80
B722__00600.80,14.00945968494923,42.12898231,B722,_,00600,80
B722__00590.80,13.993104522418879,42.1241184,B722,_,00590,80
B722__00540.80,14.043417879594202,42.143811195,B722,_,00540,80
B722__00520.80,14.012146947155003,42.142135525,B722,_,00520,80
B722__00500.80,13.994212269445914,42.13466714,B722,_,00500,80
B722__00490.80,13.991458957534437,42.129237184999994,B722,_,00490,80
B722__00480.80,13.975203241067394,42.137031085000004,B722,_,00480,80
B722__00440.80,14.049653334746214,42.150633,B722,_,00440,80
B722__00430.80,14.026382747304982,42.15778249,B722,_,00430,80
B722__00410.80,14.008823049039165,42.15779471,B722,_,00410,80
B722__00400.80,14.002777541458602,42.15173856,B722,_,00400,80
B722__00390.80,13.99887303171154,42.14322514,B722,_,00390,80
B722__00380.80,14.002226797553671,42.14133274,B722,_,00380,80
B722__00360.80,13.995891006228296,42.15192523,B722,_,00360,80
B722__00350.80,13.985219720926693,42.14721704,B722,_,00350,80
B722__00340.80,13.973393075925328,42.149444900000006,B722,_,00340,80
B722__00330.80,13.981336690153526,42.15152655,B722,_,00330,80
B722__00300.80,14.018392515316794,42.1593833,B722,_,00300,80
B722__00290.80,14.009355213334352,42.1616221,B722,_,00290,80
B722__00270.80,13.989225169399333,42.158704735,B722,_,00270,80
B722__00260.80,13.984695351838038,42.16457402,B722,_,00260,80
B722__00250.80,13.976709508230538,42.164826274999996,B722,_,00250,80
B722__00230.80,14.06220471268545,42.166232115,B722,_,00230,80
B722__00220.80,14.048729225925953,42.16950747,B722,_,00220,80
B722__00210.80,14.041431410694557,42.17067052,B722,_,00210,80
B722__00200.80,14.015964479128158,42.16869494,B722,_,00200,80
B722__00190.80,13.992851459230828,42.168432685,B722,_,00190,80
B722__00180.80,14.018937425584753,42.179223289999996,B722,_,00180,80
B722__00170.80,14.011100321026923,42.178458625000005,B722,_,00170,80
B722__00160.80,14.006719994467723,42.17211216,B722,_,00160,80
B722__00150.80,13.998814476409265,42.17487063,B722,_,00150,80
B722__00140.80,13.984281526025551,42.173786469999996,B722,_,00140,80
B722__00130.80,13.974816086081454,42.17497825,B722,_,00130,80
B722__00120.80,14.00566052302919,42.191400855,B722,_,00120,80
B722__00110.80,13.993063452268224,42.18399202,B722,_,00110,80
B722__00100.80,13.982605754370722,42.18660879,B722,_,00100,80
B722__0009.80,13.970524107095217,42.18727321,B722,_,0009,80
B722__00080.80,13.961787191307593,42.188400525,B722,_,00080,80
B722__00070.80,14.000542210143728,42.196475285000005,B722,_,00070,80
B722__00060.80,13.985815133265191,42.19928179,B722,_,00060,80
B722__00050.80,13.980346241190771,42.194018395,B722,_,00050,80
B722__00040.80,13.975713111995264,42.20003253,B722,_,00040,80
B722__00030.80,13.969400105670497,42.19690514,B722,_,00030,80
B722__00020.80,13.982192085450404,42.20765946,B722,_,00020,80
B722__00020.800,13.987321502719766,42.199928334999996,B722,_,00020,800
B722__00510.800,14.00399553633023,42.13567914,B722,_,00510,800
B722__00420.800,14.00846722110921,42.145791485000004,B722,_,00420,800
B722__00290.800,14.01350099739806,42.161371805,B722,_,00290,800
B722__00280.800,13.998456294093122,42.15599852,B722,_,00280,800
B722__00200.800,14.012343016838088,42.168873665,B722,_,00200,800
B722__00190.800,13.99443022362686,42.16262098,B722,_,00190,800
B722__00140.800,13.989200807861383,42.17348209,B722,_,00140,800
B722__00100.800,13.97994091923806,42.184728805000006,B722,_,00100,800
B722__00090.800,13.969156612352783,42.17671684,B722,_,00090,800
B722__00070.800,13.997238552714713,42.195588395,B722,_,00070,800
B722__00060.800,13.994260766578492,42.191328670000004,B722,_,00060,800
B722__00050.800,13.978264000164497,42.18730409,B722,_,00050,800
B722__00030.800,13.96955677243673,42.18809803,B722,_,00030,800
B722__00030.801,13.969447004909878,42.187989425,B722,_,00030,801
B722__00520.801,14.016308801587984,42.141880555,B722,_,00520,801
B722__00510.801,14.003281913413756,42.135598995,B722,_,00510,801
B722__00420.801,14.00887152703664,42.1459513,B722,_,00420,801
B722__00410.801,14.010569648463896,42.157367905,B722,_,00410,801
B722__00290.801,14.01362595867222,42.16129977,B722,_,00290,801
B722__00280.801,13.998592605011687,42.15599559,B722,_,00280,801
B722__00200.801,14.028805221289383,42.16777174,B722,_,00200,801
B722__00190.801,13.994549423765786,42.16252095,B722,_,00190,801
B722__00140.801,13.988495612397044,42.173289205,B722,_,00140,801
B722__00100.801,13.978278720283985,42.18305427,B722,_,00100,801
B722__00090.801,13.969201295127723,42.176680945,B722,_,00090,801
B722__00070.801,13.997099826847041,42.195601935,B722,_,00070,801
B722__00060.801,13.993094035255064,42.1916902,B722,_,00060,801
B722__00050.801,13.978299799612888,42.18720093,B722,_,00050,801
B722__00020.802,13.987008232842598,42.200457535,B722,_,00020,802
B722__00520.802,14.016350919154414,42.14196405,B722,_,00520,802
B722__00510.802,14.005234712567855,42.137362145,B722,_,00510,802
B722__00420.802,14.008821900981712,42.145880415,B722,_,00420,802
B722__00410.802,14.010390530183958,42.157282035,B722,_,00410,802
B722__00290.802,14.013806302127975,42.161303634999996,B722,_,00290,802
B722__00280.802,13.99872875518612,42.156008285,B722,_,00280,802
B722__00190.802,13.994213890743842,42.162488755,B722,_,00190,802
B722__00140.802,13.988582583363412,42.173246199999994,B722,_,00140,802
B722__00100.802,13.978855027243407,42.182979794999994,B722,_,00100,802
B722__00090.802,13.969135425489263,42.176598235,B722,_,00090,802
B722__00070.802,13.99702902202866,42.195626275,B722,_,00070,802
B722__00060.802,13.992974625545143,42.19158254,B722,_,00060,802
B722__00050.802,13.977898319203378,42.1874958,B722,_,00050,802
B722__00030.802,13.969015506932354,42.187947565,B722,_,00030,802
B722__00020.803,13.979386868558384,42.20344508,B722,_,00020,803
B722__00510.803,14.006369180858837,42.137613200000004,B722,_,00510,803
B722__00420.803,14.0088244963673,42.14584386,B722,_,00420,803
B722__00410.803,14.004622651568532,42.158878810000004,B722,_,00410,803
B722__00290.803,14.013900906719265,42.1610794,B722,_,00290,803
B722__00280.803,13.998893250032882,42.15605088,B722,_,00280,803
B722__00190.803,13.994347824514303,42.162485704999995,B722,_,00190,803
B722__00140.803,13.98860075263585,42.17314373,B722,_,00140,803
B722__00100.803,13.978591222267347,42.183320855,B722,_,00100,803
B722__00090.803,13.969271010729106,42.176603255,B722,_,00090,803
B722__00070.803,13.997006360398856,42.19563222,B722,_,00070,803
B722__00050.803,13.977993444741642,42.186952555000005,B722,_,00050,803
B722__00020.804,13.983543739122583,42.200867365,B722,_,00020,804
B722__00510.804,14.00674569618221,42.136977110000004,B722,_,00510,804
B722__00420.804,14.008829485088759,42.145776915,B722,_,00420,804
B722__00290.804,14.01401759449189,42.16078229,B722,_,00290,804
B722__00280.804,13.999222688970814,42.15618983,B722,_,00280,804
B722__00190.804,13.99444489791776,42.16247125,B722,_,00190,804
B722__00140.804,13.985970419502332,42.174173705,B722,_,00140,804
B722__00100.804,13.980117719651266,42.18248123,B722,_,00100,804
B722__00090.804,13.969481673688541,42.176571530000004,B722,_,00090,804
B722__00070.804,13.997015676429958,42.195550595,B722,_,00070,804
B722__00060.804,13.993417373441766,42.190835085,B722,_,00060,804
B722__00050.804,13.978021989235003,42.18685445,B722,_,00050,804
B722__00050.805,13.976069727627614,42.18864418,B722,_,00050,805
B722__00520.805,14.017009930614066,42.142222145,B722,_,00520,805
B722__00510.805,14.006781608328167,42.136556795000004,B722,_,00510,805
B722__00420.805,14.008829437600841,42.145696975,B722,_,00420,805
B722__00290.805,14.014319561654178,42.161179385,B722,_,00290,805
B722__00280.805,13.999287537982735,42.15655171,B722,_,00280,805
B722__00200.805,14.012119022020805,42.169002524999996,B722,_,00200,805
B722__00190.805,13.994430582622963,42.162926555,B722,_,00190,805
B722__00100.805,13.979568970975395,42.18126152,B722,_,00100,805
B722__00090.805,13.969565992695864,42.176488230000004,B722,_,00090,805
B722__00070.805,13.997066765557488,42.19549183,B722,_,00070,805
B722__00060.805,13.993102903943724,42.190252985,B722,_,00060,805
B722__00020.806,13.983328095347636,42.2034673,B722,_,00020,806
B722__00520.806,14.017143348322275,42.142304685,B722,_,00520,806
B722__00510.806,14.007944571276933,42.13621107,B722,_,00510,806
B722__00420.806,14.00860000736579,42.145696830000006,B722,_,00420,806
B722__00290.806,14.014835758203066,42.16121791,B722,_,00290,806
B722__00280.806,13.999399155271588,42.15672042,B722,_,00280,806
B722__00200.806,14.028843750242412,42.169050265,B722,_,00200,806
B722__00190.806,13.994687913447095,42.162809355,B722,_,00190,806
B722__00100.806,13.982320395321088,42.182038500000004,B722,_,00100,806
B722__00090.806,13.96967852948207,42.176301135,B722,_,00090,806
B722__00070.806,13.99722395004969,42.19541922,B722,_,00070,806
B722__00060.806,13.987058748161314,42.190670135000005,B722,_,00060,806
B722__00050.806,13.976027245125005,42.18849537,B722,_,00050,806
B722__00030.806,13.970027870613599,42.188367619999994,B722,_,00030,806
B722__00020.807,13.97753188695556,42.20312031,B722,_,00020,807
B722__00520.807,14.017315210012983,42.142328835,B722,_,00520,807
B722__00510.807,14.00805310947152,42.136147,B722,_,00510,807
B722__00420.807,14.008712492568048,42.145591265,B722,_,00420,807
B722__00290.807,14.015207985102325,42.16095319,B722,_,00290,807
B722__00280.807,13.999776401188964,42.156818345,B722,_,00280,807
B722__00190.807,13.994341456514048,42.16267445,B722,_,00190,807
B722__00100.807,13.983123799883234,42.18231921,B722,_,00100,807
B722__00090.807,13.970225208066788,42.176090375,B722,_,00090,807
B722__00070.807,13.99764668459498,42.195748765,B722,_,00070,807
B722__00060.807,13.982304764933678,42.199249975,B722,_,00060,807
B722__00050.807,13.977239838411613,42.188234980000004,B722,_,00050,807
B722__00030.807,13.970252818002198,42.188385065000006,B722,_,00030,807
B722__00020.808,13.985230372384768,42.203600215,B722,_,00020,808
B722__00520.808,14.01908511170468,42.141685935,B722,_,00520,808
B722__00510.808,14.002087495629944,42.133810235,B722,_,00510,808
B722__00420.808,14.0087858319132,42.145546055,B722,_,00420,808
B722__00290.808,14.014434294106243,42.160936039999996,B722,_,00290,808
B722__00280.808,13.99945374641151,42.156456434999996,B722,_,00280,808
B722__00190.808,13.994319075377307,42.16257262,B722,_,00190,808
B722__00090.808,13.971104018766887,42.176389435000004,B722,_,00090,808
B722__00070.808,13.997664380712184,42.195650795,B722,_,00070,808
B722__00060.808,13.987569684043667,42.190579615000004,B722,_,00060,808
B722__00050.808,13.977604169129307,42.18827083,B722,_,00050,808
B722__00030.808,13.970548111599069,42.18829487,B722,_,00030,808
B722__00020.809,13.977207496063878,42.20377138,B722,_,00020,809
B722__00520.809,14.019355299053212,42.14170525,B722,_,00520,809
B722__00510.809,14.001431278923471,42.13347503,B722,_,00510,809
B722__00420.809,14.00888253909907,42.145517435,B722,_,00420,809
B722__00290.809,14.013903398956625,42.16052014,B722,_,00290,809
B722__00280.809,13.999617021955164,42.156695165,B722,_,00280,809
B722__00200.809,14.02884709087364,42.167719915,B722,_,00200,809
B722__00190.809,13.994851168365926,42.16324209,B722,_,00190,809
B722__00100.809,13.977629064052085,42.183180355,B722,_,00100,809
B722__00090.809,13.970317166655589,42.17625909,B722,_,00090,809
B722__00070.809,13.997615243142032,42.195496320000004,B722,_,00070,809
B722__00060.809,13.987386644891476,42.190424655,B722,_,00060,809
B722__00050.809,13.977524599774092,42.188120615,B722,_,00050,809
B722__00010.81,13.968530068050281,42.20858009,B722,_,00010,81
B722__00610.81,13.996013961702744,42.117112344999995,B722,_,00610,81
B722__00590.81,13.993328623851548,42.124195145,B722,_,00590,81
B722__00540.81,14.043842258659758,42.143766369999994,B722,_,00540,81
B722__00530.81,14.029124921787812,42.1460086,B722,_,00530,81
B722__00520.81,14.01223948398437,42.142063625,B722,_,00520,81
B722__00500.81,13.990576374029203,42.135719475,B722,_,00500,81
B722__00490.81,13.991919623180271,42.13009974,B722,_,00490,81
B722__00480.81,13.976275981275258,42.13770825,B722,_,00480,81
B722__00440.81,14.050161880257535,42.150236835,B722,_,00440,81
B722__00430.81,14.026853414203817,42.157643675,B722,_,00430,81
B722__00410.81,14.008689383813778,42.158437695,B722,_,00410,81
B722__00400.81,14.00284308893752,42.151820385,B722,_,00400,81
B722__00390.81,13.99908266697472,42.143239385,B722,_,00390,81
B722__00380.81,14.0023903859944,42.141338825,B722,_,00380,81
B722__00370.81,13.988594187285404,42.14216806,B722,_,00370,81
B722__00360.81,13.996264677818708,42.15158404,B722,_,00360,81
B722__00350.81,13.98508366978692,42.14722509,B722,_,00350,81
B722__00340.81,13.968714333328887,42.14345046,B722,_,00340,81
B722__00330.81,13.980568391193804,42.15062647,B722,_,00330,81
B722__00300.81,14.017930862852477,42.15918617,B722,_,00300,81
B722__00290.81,14.010712785037313,42.161775025,B722,_,00290,81
B722__0028.81,13.998045085372677,42.159003845,B722,_,0028,81
B722__00270.81,13.988385499691883,42.158364595,B722,_,00270,81
B722__00260.81,13.984870637213625,42.164695699999996,B722,_,00260,81
B722__00250.81,13.976807975728693,42.164777834999995,B722,_,00250,81
B722__00230.81,14.06240023942076,42.16589603,B722,_,00230,81
B722__00220.81,14.049708270323137,42.16947347,B722,_,00220,81
B722__00210.81,14.04032578002906,42.170572254999996,B722,_,00210,81
B722__00200.81,14.016057229269858,42.16849894,B722,_,00200,81
B722__00190.81,13.993348808775934,42.168131904999996,B722,_,00190,81
B722__00180.81,14.019060856601808,42.179169055,B722,_,00180,81
B722__00170.81,14.011391013347614,42.178679435,B722,_,00170,81
B722__00160.81,14.006684345954127,42.171677634999995,B722,_,00160,81
B722__00150.81,13.99843177087217,42.174203770000005,B722,_,00150,81
B722__00140.81,13.984566801497541,42.173989815,B722,_,00140,81
B722__00130.81,13.975457765528073,42.175052359999995,B722,_,00130,81
B722__00120.81,14.005782046685997,42.190836884999996,B722,_,00120,81
B722__00110.81,13.993825194987835,42.184613115000005,B722,_,00110,81
B722__00100.81,13.978109444060046,42.181032355,B722,_,00100,81
B722__00080.81,13.962314259261277,42.188405585,B722,_,00080,81
B722__00070.81,14.000355667880852,42.19615615,B722,_,00070,81
B722__00060.81,13.985685810050219,42.199167405,B722,_,00060,81
B722__00050.81,13.980463227570063,42.195035184999995,B722,_,00050,81
B722__00040.81,13.97616375013856,42.20003253,B722,_,00040,81
B722__00030.81,13.960120535402533,42.19800161,B722,_,00030,81
B722__00020.81,13.981338683504807,42.20731649,B722,_,00020,81
B722__00020.810,13.980041850478052,42.20226836,B722,_,00020,810
B722__00520.810,14.019900226499434,42.141925,B722,_,00520,810
B722__00510.810,14.000400391343039,42.13291108,B722,_,00510,810
B722__00420.810,14.00903739642258,42.14648353,B722,_,00420,810
B722__00290.810,14.013955546378313,42.160442445,B722,_,00290,810
B722__00280.810,13.999816713845311,42.156714425000004,B722,_,00280,810
B722__00200.810,14.028775789951677,42.167742090000004,B722,_,00200,810
B722__00190.810,13.994961484799003,42.163652735,B722,_,00190,810
B722__00100.810,13.989013532310585,42.187021455,B722,_,00100,810
B722__00090.810,13.970418699539799,42.176497444999995,B722,_,00090,810
B722__00070.810,13.997875864952295,42.19563007,B722,_,00070,810
B722__00060.810,13.987527713660587,42.190275244999995,B722,_,00060,810
B722__00050.810,13.978963555336588,42.18794661,B722,_,00050,810
B722__00020.811,13.9803114475239,42.202099595,B722,_,00020,811
B722__00520.811,14.01842775231226,42.141221200000004,B722,_,00520,811
B722__00510.811,14.000589855237703,42.133052095,B722,_,00510,811
B722__00420.811,14.00920872097068,42.14652706,B722,_,00420,811
B722__00290.811,14.014801373123326,42.160929825,B722,_,00290,811
B722__00280.811,13.999969483737384,42.156807575,B722,_,00280,811
B722__00190.811,13.995036930142582,42.16379556,B722,_,00190,811
B722__00140.811,13.985980265376345,42.174281135,B722,_,00140,811
B722__00100.811,13.978679848022932,42.18418218,B722,_,00100,811
B722__00090.811,13.971614233593648,42.17682071,B722,_,00090,811
B722__00070.811,13.997815501289159,42.195586500000005,B722,_,00070,811
B722__00050.811,13.978816833865206,42.187898545,B722,_,00050,811
B722__00030.811,13.970609134675325,42.18822359,B722,_,00030,811
B722__00020.812,13.979488748010112,42.201650889999996,B722,_,00020,812
B722__00520.812,14.018334493248926,42.141029384999996,B722,_,00520,812
B722__00510.812,14.000416466078532,42.13190098,B722,_,00510,812
B722__00420.812,14.009372405633124,42.14647257,B722,_,00420,812
B722__00280.812,13.999960711342357,42.1567223,B722,_,00280,812
B722__00200.812,14.029145765413052,42.169200110000006,B722,_,00200,812
B722__00190.812,14.009839841574042,42.168346310000004,B722,_,00190,812
B722__00140.812,13.985929290816895,42.174281135,B722,_,00140,812
B722__00100.812,13.9844990770069,42.186351735,B722,_,00100,812
B722__00090.812,13.971328691524054,42.17686573,B722,_,00090,812
B722__00070.812,13.997788692730783,42.19541702,B722,_,00070,812
B722__00060.812,13.988065247305116,42.190401304999995,B722,_,00060,812
B722__00050.812,13.979131940121462,42.187909535,B722,_,00050,812
B722__00030.812,13.970692891875395,42.187966759999995,B722,_,00030,812
B722__00020.813,13.979736952836427,42.201650889999996,B722,_,00020,813
B722__00520.813,14.019079867137268,42.14088089,B722,_,00520,813
B722__00510.813,13.998566499437437,42.13031644,B722,_,00510,813
B722__00420.813,14.009235809229867,42.14627175,B722,_,00420,813
B722__00410.813,14.004770960388939,42.158470075,B722,_,00410,813
B722__00280.813,13.99875454582175,42.15574678,B722,_,00280,813
B722__00200.813,14.028343352583496,42.167238925,B722,_,00200,813
B722__00190.813,13.991774473461899,42.16599655,B722,_,00190,813
B722__00140.813,13.985853299715398,42.1742274,B722,_,00140,813
B722__00100.813,13.978243541535907,42.184727839999994,B722,_,00100,813
B722__00090.813,13.971327271880956,42.17693569,B722,_,00090,813
B722__00070.813,13.998101495411886,42.195541265,B722,_,00070,813
B722__00060.813,13.987964762006134,42.190597625,B722,_,00060,813
B722__00050.813,13.978977895234914,42.18786248,B722,_,00050,813
B722__00030.813,13.96967300832858,42.188203145,B722,_,00030,813
B722__00020.814,13.979243193247989,42.201366925,B722,_,00020,814
B722__00520.814,14.017572521096447,42.14082159,B722,_,00520,814
B722__00510.814,13.999079044152882,42.13005111,B722,_,00510,814
B722__00420.814,14.009142430587353,42.146203099999994,B722,_,00420,814
B722__00410.814,14.010084529451692,42.158388425,B722,_,00410,814
B722__00280.814,13.999659371501224,42.156293860000005,B722,_,00280,814
B722__00200.814,14.028353781945182,42.167263535000004,B722,_,00200,814
B722__00190.814,14.001758783648874,42.163639270000004,B722,_,00190,814
B722__00100.814,13.978003866870669,42.184362615,B722,_,00100,814
B722__00090.814,13.971315235123722,42.17698059,B722,_,00090,814
B722__00070.814,13.998056711701725,42.195482565000006,B722,_,00070,814
B722__00060.814,13.988130726163739,42.190338815000004,B722,_,00060,814
B722__00050.814,13.97898474083747,42.18765109,B722,_,00050,814
B722__00030.814,13.970344544544055,42.188291985,B722,_,00030,814
B722__00020.815,13.979392333253546,42.201356315,B722,_,00020,815
B722__00520.815,14.017945828057918,42.14062017,B722,_,00520,815
B722__00510.815,14.00306519371081,42.132731145,B722,_,00510,815
B722__00420.815,14.009233360879598,42.146097595,B722,_,00420,815
B722__00290.815,14.014478058329209,42.158864640000004,B722,_,00290,815
B722__00280.815,13.999993920003007,42.156633115000005,B722,_,00280,815
B722__00200.815,14.028435109851484,42.16727063,B722,_,00200,815
B722__00190.815,13.998728992176346,42.166308105,B722,_,00190,815
B722__00140.815,13.98587207502484,42.174326475,B722,_,00140,815
B722__00100.815,13.979329187016777,42.18313974,B722,_,00100,815
B722__00090.815,13.970777879858776,42.177229385000004,B722,_,00090,815
B722__00070.815,13.9979171210036,42.19527078,B722,_,00070,815
B722__00060.815,13.988290280420102,42.19059958,B722,_,00060,815
B722__00050.815,13.979169780523579,42.187645724999996,B722,_,00050,815
B722__00030.815,13.970461319057957,42.1883146,B722,_,00030,815
B722__00020.816,13.985626491442257,42.202417365,B722,_,00020,816
B722__00520.816,14.01820808087515,42.14056472,B722,_,00520,816
B722__00510.816,14.002995443401243,42.133123325,B722,_,00510,816
B722__00420.816,14.00924987292286,42.146025865,B722,_,00420,816
B722__00280.816,14.000094684965884,42.156677995,B722,_,00280,816
B722__00200.816,14.028469061707352,42.167219239999994,B722,_,00200,816
B722__00190.816,13.992808093409392,42.16462099,B722,_,00190,816
B722__00140.816,13.98596561381733,42.174258465,B722,_,00140,816
B722__00100.816,13.988466476087654,42.183112435,B722,_,00100,816
B722__00090.816,13.970136373725559,42.177030595,B722,_,00090,816
B722__00070.816,13.996904134203408,42.19561091,B722,_,00070,816
B722__00060.816,13.988795810611027,42.190440194999994,B722,_,00060,816
B722__00050.816,13.977623436802851,42.187323555,B722,_,00050,816
B722__00050.817,13.97748746553066,42.18730025,B722,_,00050,817
B722__00520.817,14.01695324707336,42.141631065,B722,_,00520,817
B722__00510.817,14.003029501614442,42.134122105,B722,_,00510,817
B722__00420.817,14.009084631055593,42.14594696,B722,_,00420,817
B722__00280.817,14.00025119939595,42.156768385,B722,_,00280,817
B722__00200.817,14.0285282865003,42.167178320000005,B722,_,00200,817
B722__00190.817,13.991350474288845,42.165442685,B722,_,00190,817
B722__00100.817,13.989467704494457,42.183151089999996,B722,_,00100,817
B722__00090.817,13.971019818465887,42.17726665,B722,_,00090,817
B722__00070.817,13.996974367267729,42.19560525,B722,_,00070,817
B722__00060.817,13.988849393689907,42.19033203,B722,_,00060,817
B722__00030.818,13.970348583418343,42.187813735,B722,_,00030,818
B722__00520.818,14.016884804743647,42.141495969999994,B722,_,00520,818
B722__00510.818,14.002474535857022,42.134199695,B722,_,00510,818
B722__00420.818,14.009369992083208,42.14594696,B722,_,00420,818
B722__00290.818,14.015250158044626,42.159231225,B722,_,00290,818
B722__00280.818,13.998309613866972,42.15518274,B722,_,00280,818
B722__00200.818,14.02842481944996,42.1673177,B722,_,00200,818
B722__00190.818,14.003275175532998,42.164824535,B722,_,00190,818
B722__00100.818,13.981530216950034,42.18566686,B722,_,00100,818
B722__00090.818,13.971579248957731,42.17733475,B722,_,00090,818
B722__00070.818,13.996973656167258,42.195558585,B722,_,00070,818
B722__00060.818,13.987556525489119,42.190128814999994,B722,_,00060,818
B722__00050.818,13.982135062169148,42.18887134,B722,_,00050,818
B722__00050.819,13.98225013762973,42.189013465,B722,_,00050,819
B722__00520.819,14.016915936373579,42.141273705,B722,_,00520,819
B722__00510.819,14.003254636646627,42.133333629999996,B722,_,00510,819
B722__00420.819,14.009199546248825,42.145866855,B722,_,00420,819
B722__00410.819,14.005398620960477,42.158817335,B722,_,00410,819
B722__00290.819,14.015012271550091,42.15935247,B722,_,00290,819
B722__00280.819,13.99947893860407,42.15582741,B722,_,00280,819
B722__00200.819,14.028443514833047,42.167274125,B722,_,00200,819
B722__00100.819,13.980757361958457,42.185556055000006,B722,_,00100,819
B722__00090.819,13.971717623960682,42.177274125,B722,_,00090,819
B722__00060.819,13.98835479227336,42.190174909999996,B722,_,00060,819
B722__00010.82,13.968875739137847,42.208586365,B722,_,00010,82
B722__00610.82,13.996356956562664,42.11741983,B722,_,00610,82
B722__00600.82,14.011945038221143,42.130107155000005,B722,_,00600,82
B722__00590.82,13.993514603626434,42.124421155,B722,_,00590,82
B722__00540.82,14.043800397987756,42.143959565,B722,_,00540,82
B722__00520.82,14.01236284080808,42.142032415,B722,_,00520,82
B722__0051.82,14.003789253954817,42.142306454999996,B722,_,0051,82
B722__00500.82,13.990134105526877,42.13527773,B722,_,00500,82
B722__00490.82,13.992277805980772,42.129627885000005,B722,_,00490,82
B722__00480.82,13.976651529740815,42.13687611,B722,_,00480,82
B722__00440.82,14.050378367450428,42.150345105,B722,_,00440,82
B722__00430.82,14.027658398955236,42.157011055,B722,_,00430,82
B722__00410.82,14.008870589170794,42.15796909,B722,_,00410,82
B722__00400.82,14.003452458287242,42.15188454,B722,_,00400,82
B722__00390.82,13.998891629536077,42.143021625,B722,_,00390,82
B722__00380.82,14.002402857757838,42.141281055,B722,_,00380,82
B722__00370.82,13.988935698865888,42.1418261,B722,_,00370,82
B722__00360.82,13.995812370943174,42.151710965,B722,_,00360,82
B722__00350.82,13.984934325966048,42.14722684,B722,_,00350,82
B722__00340.82,13.969277111341167,42.143427735,B722,_,00340,82
B722__00330.82,13.980835817194503,42.150248305000005,B722,_,00330,82
B722__00300.82,14.018362825728675,42.159264095,B722,_,00300,82
B722__00290.82,14.01123018050823,42.161963085,B722,_,00290,82
B722__0028.82,13.998165243226705,42.158999925,B722,_,0028,82
B722__00270.82,13.989577974238554,42.157967025000005,B722,_,00270,82
B722__00260.82,13.98516041842003,42.16426463,B722,_,00260,82
B722__00250.82,13.977013420769278,42.164731384999996,B722,_,00250,82
B722__00230.82,14.06289637251911,42.16597707,B722,_,00230,82
B722__00220.82,14.05074565949367,42.169799275,B722,_,00220,82
B722__00210.82,14.039791151193068,42.1701078,B722,_,00210,82
B722__00200.82,14.024056048133751,42.169603859999995,B722,_,00200,82
B722__00190.82,13.99437002124509,42.16792717,B722,_,00190,82
B722__00180.82,14.01931953600907,42.179047825,B722,_,00180,82
B722__00170.82,14.011342727235217,42.17887956,B722,_,00170,82
B722__00160.82,14.006903398628536,42.172072735,B722,_,00160,82
B722__00150.82,13.99373723339379,42.176931435,B722,_,00150,82
B722__00140.82,13.986019375430521,42.17440048,B722,_,00140,82
B722__00130.82,13.97523086428317,42.174811875,B722,_,00130,82
B722__00120.82,14.006188526760601,42.191333119999996,B722,_,00120,82
B722__00110.82,13.993646746899678,42.18385438,B722,_,00110,82
B722__00100.82,13.978649592520792,42.18268458,B722,_,00100,82
B722__00080.82,13.961660740942413,42.18867837,B722,_,00080,82
B722__00070.82,14.00115703129454,42.196157565,B722,_,00070,82
B722__00060.82,13.985828521867019,42.19900233,B722,_,00060,82
B722__00050.82,13.980325418902432,42.193921950000004,B722,_,00050,82
B722__00040.82,13.976323012511966,42.20042718,B722,_,00040,82
B722__00030.82,13.959805289846269,42.197934085,B722,_,00030,82
B722__00020.82,13.981180269026368,42.207279825,B722,_,00020,82
B722__00020.820,13.985967860256427,42.202192995000004,B722,_,00020,820
B722__00520.820,14.017071474140431,42.14139351,B722,_,00520,820
B722__00510.820,14.004877065206841,42.133575085000004,B722,_,00510,820
B722__00420.820,14.009247029830046,42.14570933,B722,_,00420,820
B722__00410.820,14.00446091042025,42.158464275,B722,_,00410,820
B722__00290.820,13.999920695320988,42.16031286,B722,_,00290,820
B722__00280.820,14.0000242497479,42.156446005,B722,_,00280,820
B722__00200.820,14.028506911786597,42.16725187,B722,_,00200,820
B722__00190.820,14.005608709433663,42.165596345,B722,_,00190,820
B722__00140.820,13.989051620977154,42.17297826,B722,_,00140,820
B722__00100.820,13.981807771280213,42.186158585,B722,_,00100,820
B722__00090.820,13.97180992559328,42.175713834999996,B722,_,00090,820
B722__00070.820,13.997425349947932,42.19584443,B722,_,00070,820
B722__00060.820,13.987392838639597,42.189931685000005,B722,_,00060,820
B722__00050.820,13.98247287190582,42.18900843,B722,_,00050,820
B722__00050.821,13.972114213571267,42.19158924,B722,_,00050,821
B722__00520.821,14.010245873203822,42.134543675,B722,_,00520,821
B722__00510.821,14.003741844662661,42.1327275,B722,_,00510,821
B722__00420.821,14.009196632702452,42.145604165,B722,_,00420,821
B722__00410.821,14.004445871889427,42.158555875000005,B722,_,00410,821
B722__00290.821,13.999992022187831,42.16030938,B722,_,00290,821
B722__00280.821,14.000197126127247,42.156383375000004,B722,_,00280,821
B722__00200.821,14.028558730233769,42.167211359999996,B722,_,00200,821
B722__00190.821,14.006381336325857,42.165174504999996,B722,_,00190,821
B722__00140.821,13.988976310543572,42.172824385,B722,_,00140,821
B722__00100.821,13.982270350320977,42.186234495,B722,_,00100,821
B722__00090.821,13.971114611925731,42.17600232,B722,_,00090,821
B722__00070.821,13.997360092143744,42.195813040000004,B722,_,00070,821
B722__00060.821,13.987739408799388,42.18990137,B722,_,00060,821
B722__00020.822,13.988022617146585,42.201660685,B722,_,00020,822
B722__00520.822,14.010425983323156,42.13448406,B722,_,00520,822
B722__00510.822,14.005104217199342,42.133441145,B722,_,00510,822
B722__00420.822,14.009034124043053,42.14557885,B722,_,00420,822
B722__00410.822,14.004426320834876,42.158503955,B722,_,00410,822
B722__00290.822,13.999971932574246,42.160399135,B722,_,00290,822
B722__00280.822,14.000141906075665,42.15657744,B722,_,00280,822
B722__00200.822,14.028443770137791,42.167349905,B722,_,00200,822
B722__00190.822,14.005299575201818,42.165080454999995,B722,_,00190,822
B722__00140.822,13.988806753528392,42.173371755000005,B722,_,00140,822
B722__00100.822,13.982753237898788,42.186128345,B722,_,00100,822
B722__00090.822,13.972275616083293,42.17640548,B722,_,00090,822
B722__00070.822,13.997361888366257,42.19563977,B722,_,00070,822
B722__00060.822,13.987797667481386,42.189816055,B722,_,00060,822
B722__00050.822,13.969309797580859,42.192628615000004,B722,_,00050,822
B722__00020.823,13.985682406079942,42.204445985,B722,_,00020,823
B722__00520.823,14.021829331483538,42.138863259999994,B722,_,00520,823
B722__00510.823,14.004957152279818,42.133238015,B722,_,00510,823
B722__00420.823,14.009072434234888,42.145396500000004,B722,_,00420,823
B722__00410.823,14.004351198759117,42.158677194999996,B722,_,00410,823
B722__00290.823,14.000981035006257,42.160163165,B722,_,00290,823
B722__00280.823,14.000307736146969,42.156303295,B722,_,00280,823
B722__00200.823,14.028589155763438,42.167230294999996,B722,_,00200,823
B722__00190.823,14.005283631782234,42.164602485,B722,_,00190,823
B722__00140.823,13.98887640924498,42.17328383,B722,_,00140,823
B722__00100.823,13.982947469887186,42.185867935000005,B722,_,00100,823
B722__00090.823,13.972667227929339,42.176662449999995,B722,_,00090,823
B722__00070.823,13.9973794138733,42.195525085,B722,_,00070,823
B722__00060.823,13.987880373466197,42.189758995000005,B722,_,00060,823
B722__00050.823,13.968977870707914,42.194264195,B722,_,00050,823
B722__00020.824,13.982920923660636,42.203983335000004,B722,_,00020,824
B722__00520.824,14.014119824359648,42.140175325,B722,_,00520,824
B722__00510.824,14.004979807992017,42.133196055,B722,_,00510,824
B722__00420.824,14.008918499076046,42.145450955,B722,_,00420,824
B722__00290.824,14.009572693526582,42.159514935000004,B722,_,00290,824
B722__00200.824,14.02921216246098,42.16707029,B722,_,00200,824
B722__00190.824,14.00423588430661,42.164341730000004,B722,_,00190,824
B722__00140.824,13.988620208444566,42.173054475,B722,_,00140,824
B722__00100.824,13.98311096146028,42.185864525,B722,_,00100,824
B722__00090.824,13.972921517641144,42.17649435,B722,_,00090,824
B722__00070.824,13.997079810669685,42.19569146,B722,_,00070,824
B722__00060.824,13.98807851365589,42.18955524,B722,_,00060,824
B722__00050.824,13.977558216970433,42.19356851,B722,_,00050,824
B722__00020.825,13.9826047128618,42.20354031,B722,_,00020,825
B722__00520.825,14.015740743970154,42.14079714499999,B722,_,00520,825
B722__00510.825,14.005002648912512,42.133164895,B722,_,00510,825
B722__00420.825,14.00898532266517,42.14536838,B722,_,00420,825
B722__00410.825,14.004251517827807,42.158619904999995,B722,_,00410,825
B722__00290.825,14.009609761790305,42.159517269999995,B722,_,00290,825
B722__00200.825,14.029319968263753,42.16709066,B722,_,00200,825
B722__00190.825,14.007950803140293,42.164932105000005,B722,_,00190,825
B722__00140.825,13.988730907665584,42.173044145,B722,_,00140,825
B722__00100.825,13.983369645036948,42.185817220000004,B722,_,00100,825
B722__00090.825,13.973164102049447,42.176188375,B722,_,00090,825
B722__00070.825,13.997136164335114,42.195691925,B722,_,00070,825
B722__00060.825,13.988253040201151,42.18992464,B722,_,00060,825
B722__00050.825,13.98277341671022,42.19019582,B722,_,00050,825
B722__00020.826,13.981655817071985,42.20340854,B722,_,00020,826
B722__00520.826,14.01655048627471,42.14090157,B722,_,00520,826
B722__00510.826,14.005205749236818,42.133100525,B722,_,00510,826
B722__00420.826,14.009555459205316,42.145918214999995,B722,_,00420,826
B722__00280.826,13.999795791773531,42.155556,B722,_,00280,826
B722__00200.826,14.028192458679854,42.167044399999995,B722,_,00200,826
B722__00190.826,14.00787175813247,42.165041439999996,B722,_,00190,826
B722__00140.826,13.98886518244754,42.17353155,B722,_,00140,826
B722__00100.826,13.982075597308354,42.185835885,B722,_,00100,826
B722__00090.826,13.971883106011859,42.178477720000004,B722,_,00090,826
B722__00070.826,13.997041114008129,42.19568795,B722,_,00070,826
B722__00060.826,13.98843754577512,42.189842805,B722,_,00060,826
B722__00050.826,13.981839001574684,42.190128475,B722,_,00050,826
B722__00020.827,13.981819050514774,42.20326894,B722,_,00020,827
B722__00520.827,14.0164264671376,42.14028435,B722,_,00520,827
B722__00510.827,14.004034623908534,42.13235179,B722,_,00510,827
B722__00420.827,14.009522754475812,42.14584905,B722,_,00420,827
B722__00410.827,14.00441540248254,42.158655955,B722,_,00410,827
B722__00290.827,14.00971889370975,42.159547884999995,B722,_,00290,827
B722__00280.827,14.000173430201995,42.15596082,B722,_,00280,827
B722__00200.827,14.029397081205975,42.167101259999995,B722,_,00200,827
B722__00190.827,14.007494440060125,42.16492468,B722,_,00190,827
B722__00140.827,13.988244969344962,42.17463299,B722,_,00140,827
B722__00100.827,13.982585972518866,42.185835885,B722,_,00100,827
B722__00090.827,13.972214476930425,42.178439645,B722,_,00090,827
B722__00070.827,13.996995314532725,42.195679659999996,B722,_,00070,827
B722__00060.827,13.988491292666954,42.189671085,B722,_,00060,827
B722__00050.827,13.981815494128567,42.190037765,B722,_,00050,827
B722__00020.828,13.981918558848003,42.203090245,B722,_,00020,828
B722__00520.828,14.015918881986714,42.135498235,B722,_,00520,828
B722__00510.828,14.00399543787739,42.132070285,B722,_,00510,828
B722__00420.828,14.009456358708448,42.14571352,B722,_,00420,828
B722__00410.828,14.005492201178452,42.158324074999996,B722,_,00410,828
B722__00280.828,14.001700186053004,42.15593731,B722,_,00280,828
B722__00200.828,14.029246573298803,42.167243275000004,B722,_,00200,828
B722__00190.828,14.00722897426816,42.164688165,B722,_,00190,828
B722__00140.828,13.988120587359603,42.174371775,B722,_,00140,828
B722__00100.828,13.98351081675574,42.186181954999995,B722,_,00100,828
B722__00090.828,13.972445659253545,42.178377345,B722,_,00090,828
B722__00070.828,13.997483010937025,42.19593189,B722,_,00070,828
B722__00060.828,13.988536745813153,42.18954234,B722,_,00060,828
B722__00050.828,13.983098923075278,42.19012824000001,B722,_,00050,828
B722__00020.829,13.982297662130026,42.203089545,B722,_,00020,829
B722__00520.829,14.020974751491861,42.13790197,B722,_,00520,829
B722__00420.829,14.009342008392782,42.145616919999995,B722,_,00420,829
B722__00410.829,14.004569519412449,42.153213644999994,B722,_,00410,829
B722__00280.829,14.002396805092879,42.15631767,B722,_,00280,829
B722__00200.829,14.028481010439034,42.167906005000006,B722,_,00200,829
B722__00190.829,14.007072358883034,42.16463969,B722,_,00190,829
B722__00140.829,13.988530909001891,42.172744535,B722,_,00140,829
B722__00100.829,13.984113127364427,42.18682319,B722,_,00100,829
B722__00090.829,13.97209668016836,42.1781589,B722,_,00090,829
B722__00070.829,13.997521400341853,42.195824615,B722,_,00070,829
B722__00060.829,13.988666655238585,42.189463775,B722,_,00060,829
B722__00050.829,13.983079630659066,42.19003874,B722,_,00050,829
B722__00010.83,13.969013129009868,42.20842377,B722,_,00010,83
B722__00610.83,13.9962289505552,42.117790514999996,B722,_,00610,83
B722__00600.83,14.012152751484894,42.12932234,B722,_,00600,83
B722__00590.83,13.993751140314862,42.124336295,B722,_,00590,83
B722__00540.83,14.044037415873776,42.14404141,B722,_,00540,83
B722__00530.83,14.029631487338088,42.14659195,B722,_,00530,83
B722__00520.83,14.012560649919841,42.14197191,B722,_,00520,83
B722__0051.83,14.003822428469078,42.14225741,B722,_,0051,83
B722__00500.83,13.989845260991766,42.134798955,B722,_,00500,83
B722__00490.83,13.981497200904482,42.12921333,B722,_,00490,83
B722__00480.83,13.976959555644656,42.137329455,B722,_,00480,83
B722__00440.83,14.05065742917444,42.14974314,B722,_,00440,83
B722__00430.83,14.028337924356823,42.15701049,B722,_,00430,83
B722__00410.83,14.00888920145837,42.158166305,B722,_,00410,83
B722__00400.83,14.003658641777392,42.151983635,B722,_,00400,83
B722__00390.83,13.999107668644733,42.143052565,B722,_,00390,83
B722__00380.83,14.002442075941364,42.141237974999996,B722,_,00380,83
B722__00370.83,13.989435313271294,42.141994405000005,B722,_,00370,83
B722__00360.83,13.996159061185475,42.15146988,B722,_,00360,83
B722__00350.83,13.984567371363536,42.147566420000004,B722,_,00350,83
B722__00340.83,13.969583184780735,42.143390874999994,B722,_,00340,83
B722__00330.83,13.980605862399013,42.150082909999995,B722,_,00330,83
B722__00300.83,14.01727273205437,42.159168394999995,B722,_,00300,83
B722__00290.83,14.01117297205224,42.162148025,B722,_,00290,83
B722__0028.83,13.998526299009837,42.158997285,B722,_,0028,83
B722__00270.83,13.990385377114247,42.158537455,B722,_,00270,83
B722__00260.83,13.985938779214976,42.164535765,B722,_,00260,83
B722__00250.83,13.977323174372266,42.165072495000004,B722,_,00250,83
B722__00230.83,14.06352119583492,42.166024335,B722,_,00230,83
B722__00220.83,14.051289514865845,42.16970224000001,B722,_,00220,83
B722__00210.83,14.040232638387899,42.1697427,B722,_,00210,83
B722__00200.83,14.01178045153332,42.167520620000005,B722,_,00200,83
B722__00190.83,13.994681976232432,42.16861998,B722,_,00190,83
B722__00180.83,14.019763152239248,42.178870665000005,B722,_,00180,83
B722__00170.83,14.011706231097719,42.178178485000004,B722,_,00170,83
B722__00160.83,14.006362873224393,42.17143363,B722,_,00160,83
B722__00150.83,14.002195886211375,42.174381245,B722,_,00150,83
B722__00140.83,13.983278018990383,42.17259795,B722,_,00140,83
B722__00130.83,13.975075413541898,42.17467653,B722,_,00130,83
B722__00120.83,14.006472303772654,42.191333119999996,B722,_,00120,83
B722__00110.83,13.994600810778529,42.184295665,B722,_,00110,83
B722__00100.83,13.98237963578813,42.186631965000004,B722,_,00100,83
B722__0009.83,13.971078549030999,42.187600085,B722,_,0009,83
B722__00080.83,13.961632101452395,42.188807534999995,B722,_,00080,83
B722__00070.83,14.00135815518011,42.19662374,B722,_,00070,83
B722__00060.83,13.985853893319788,42.19883756,B722,_,00060,83
B722__00050.83,13.970974758180915,42.191459535,B722,_,00050,83
B722__00040.83,13.97679604366851,42.20042718,B722,_,00040,83
B722__00030.83,13.960890169198674,42.197774960000004,B722,_,00030,83
B722__00020.83,13.981345089118442,42.20710943,B722,_,00020,83
B722__00020.830,13.982425982189273,42.20290539,B722,_,00020,830
B722__00520.830,14.02195353189642,42.139290474999996,B722,_,00520,830
B722__00510.830,14.004217594599595,42.131808015000004,B722,_,00510,830
B722__00420.830,14.009269475766096,42.145513975,B722,_,00420,830
B722__00290.830,14.013802904609566,42.1605309,B722,_,00290,830
B722__00280.830,14.002068834867636,42.156241205,B722,_,00280,830
B722__00200.830,14.028596831218449,42.167932824999994,B722,_,00200,830
B722__00190.830,14.00673552973364,42.165064475,B722,_,00190,830
B722__00140.830,13.988140778910294,42.172627625000004,B722,_,00140,830
B722__00100.830,13.98326462861472,42.186531915,B722,_,00100,830
B722__00090.830,13.972029340514563,42.17800722,B722,_,00090,830
B722__00070.830,13.99751244187947,42.195720050000006,B722,_,00070,830
B722__00060.830,13.988817461477717,42.189402295,B722,_,00060,830
B722__00050.830,13.97999658236526,42.195328755,B722,_,00050,830
B722__00020.831,13.98189588969505,42.202461805,B722,_,00020,831
B722__00520.831,14.021924856894657,42.139223395,B722,_,00520,831
B722__00510.831,14.005827251079825,42.132543299999995,B722,_,00510,831
B722__00420.831,14.009215193349764,42.145372245000004,B722,_,00420,831
B722__00290.831,14.000217106602175,42.160380825,B722,_,00290,831
B722__00280.831,13.99899690786763,42.15482754,B722,_,00280,831
B722__00200.831,14.028265839141362,42.16845352,B722,_,00200,831
B722__00190.831,14.006829444072586,42.16498428,B722,_,00190,831
B722__00140.831,13.9888837514659,42.173479459999996,B722,_,00140,831
B722__00100.831,13.98357409487491,42.18635168,B722,_,00100,831
B722__00090.831,13.972086546579689,42.17788310500001,B722,_,00090,831
B722__00070.831,13.99750167604009,42.19561235,B722,_,00070,831
B722__00060.831,13.988984939393989,42.189407630000005,B722,_,00060,831
B722__00050.831,13.980230595458144,42.195272075,B722,_,00050,831
B722__00020.832,13.982080329390413,42.202534560000004,B722,_,00020,832
B722__00520.832,14.022055848204706,42.139121810000006,B722,_,00520,832
B722__00510.832,14.008124089113124,42.135439435,B722,_,00510,832
B722__00420.832,14.023058084426463,42.143970345,B722,_,00420,832
B722__00410.832,14.017306053607317,42.15233184,B722,_,00410,832
B722__00280.832,13.999737791776983,42.15518274,B722,_,00280,832
B722__00200.832,14.028411326974023,42.168488945,B722,_,00200,832
B722__00190.832,14.006882001290743,42.164882845,B722,_,00190,832
B722__00140.832,13.985267557989891,42.174405185,B722,_,00140,832
B722__00100.832,13.983774714709366,42.186367875,B722,_,00100,832
B722__00090.832,13.972097011686309,42.17779174499999,B722,_,00090,832
B722__00060.832,13.989007027276507,42.189176155,B722,_,00060,832
B722__00050.832,13.980174296224565,42.19548924,B722,_,00050,832
B722__00020.833,13.98628419317129,42.201481724999994,B722,_,00020,833
B722__00520.833,14.022634215756684,42.139176915,B722,_,00520,833
B722__0051.833,14.007632708211375,42.133930735,B722,_,0051,833
B722__00420.833,14.023025402699071,42.145622695,B722,_,00420,833
B722__00410.833,14.006146511223857,42.150634769999996,B722,_,00410,833
B722__00290.833,14.000139274907902,42.15940281,B722,_,00290,833
B722__00280.833,14.000380739506046,42.155405814999995,B722,_,00280,833
B722__00200.833,14.028694608744829,42.16854141,B722,_,00200,833
B722__00100.833,13.982442620999805,42.1860633,B722,_,00100,833
B722__00090.833,13.972125636427318,42.17767626,B722,_,00090,833
B722__00070.833,13.996807464815351,42.19540605,B722,_,00070,833
B722__00060.833,13.98903258644098,42.189875035,B722,_,00060,833
B722__00050.833,13.980648653938388,42.193199875,B722,_,00050,833
B722__00020.834,13.979488108816964,42.203894085,B722,_,00020,834
B722__00520.834,14.02581249364907,42.138179405,B722,_,00520,834
B722__0051.834,14.008266361117464,42.134109415,B722,_,0051,834
B722__00420.834,14.023421305509437,42.145614745,B722,_,00420,834
B722__00410.834,14.006054210784692,42.150806435,B722,_,00410,834
B722__00290.834,14.00035932089262,42.159232535,B722,_,00290,834
B722__00280.834,14.001037458485978,42.1555896,B722,_,00280,834
B722__00200.834,14.028133216428381,42.16875794,B722,_,00200,834
B722__00190.834,14.00686810469454,42.164639515000005,B722,_,00190,834
B722__00070.834,13.997124507215037,42.195246229999995,B722,_,00070,834
B722__00060.834,13.989500869430923,42.18966064,B722,_,00060,834
B722__00050.834,13.980235579716652,42.19509424,B722,_,00050,834
B722__00020.835,13.984614285361829,42.203376765,B722,_,00020,835
B722__00520.835,14.025609933254366,42.138016975,B722,_,00520,835
B722__0051.835,14.007786459212824,42.133630075,B722,_,0051,835
B722__00420.835,14.023769407740497,42.145966275,B722,_,00420,835
B722__00410.835,14.006102350363296,42.150533725,B722,_,00410,835
B722__00280.835,14.001432241269562,42.155660275,B722,_,00280,835
B722__00200.835,14.028335911442957,42.16885263,B722,_,00200,835
B722__00140.835,13.985561852825402,42.174513405,B722,_,00140,835
B722__00100.835,13.98552774082413,42.186036375,B722,_,00100,835
B722__00090.835,13.972488680530203,42.177452035,B722,_,00090,835
B722__00070.835,13.996946601333295,42.195074475,B722,_,00070,835
B722__00060.835,13.989862214272016,42.189927275,B722,_,00060,835
B722__00050.835,13.98029011977415,42.194995965000004,B722,_,00050,835
B722__00020.836,13.978056044744736,42.208815105,B722,_,00020,836
B722__00520.836,14.025995480741084,42.138393585,B722,_,00520,836
B722__0051.836,14.008485573356324,42.134201035000004,B722,_,0051,836
B722__00420.836,14.021472366002431,42.14397837,B722,_,00420,836
B722__00290.836,13.998793464633756,42.15935711,B722,_,00290,836
B722__00280.836,14.00228791269383,42.156068829999995,B722,_,00280,836
B722__00200.836,14.028359448684817,42.168905,B722,_,00200,836
B722__00190.836,14.006738141058587,42.164455634999996,B722,_,00190,836
B722__00100.836,13.985531827121239,42.185812155,B722,_,00100,836
B722__00060.836,13.990361554311875,42.190153095,B722,_,00060,836
B722__00050.836,13.980718229672025,42.19496162,B722,_,00050,836
B722__00020.837,13.977495729244502,42.20851811,B722,_,00020,837
B722__00520.837,14.025746077021834,42.137499345,B722,_,00520,837
B722__00510.837,14.009498242444064,42.13414799,B722,_,00510,837
B722__00420.837,14.021725903998437,42.143915995,B722,_,00420,837
B722__00410.837,14.010938024279193,42.155202285,B722,_,00410,837
B722__00290.837,13.999082385987261,42.15933243,B722,_,00290,837
B722__00280.837,14.002377824440197,42.15594039,B722,_,00280,837
B722__00200.837,14.02796674989671,42.169428124999996,B722,_,00200,837
B722__00190.837,14.00698118112028,42.164400785,B722,_,00190,837
B722__00140.837,13.985663523414692,42.174509220000004,B722,_,00140,837
B722__00100.837,13.985855352301197,42.185812155,B722,_,00100,837
B722__00090.837,13.97301415217637,42.177598955,B722,_,00090,837
B722__00070.837,13.996920737507963,42.195444555,B722,_,00070,837
B722__00060.837,13.990541452672279,42.19031777,B722,_,00060,837
B722__00050.837,13.980892329911521,42.19470513,B722,_,00050,837
B722__00020.838,13.977653436810911,42.208383155,B722,_,00020,838
B722__00520.838,14.025728113825256,42.13729305,B722,_,00520,838
B722__00510.838,14.007820448390152,42.131547805,B722,_,00510,838
B722__00420.838,14.021985161070885,42.143841845,B722,_,00420,838
B722__00410.838,14.01142577529845,42.155506380000006,B722,_,00410,838
B722__00290.838,13.999194739747942,42.159197520000006,B722,_,00290,838
B722__00280.838,14.00111472000896,42.1553281,B722,_,00280,838
B722__00200.838,14.02823048152616,42.169513085000006,B722,_,00200,838
B722__00190.838,14.007001548273305,42.164515935,B722,_,00190,838
B722__00140.838,13.985607123257939,42.174220684999995,B722,_,00140,838
B722__00100.838,13.986253241940062,42.185790499999996,B722,_,00100,838
B722__00090.838,13.972643119228806,42.17795255,B722,_,00090,838
B722__00070.838,13.996984954331214,42.195438370000005,B722,_,00070,838
B722__00060.838,13.990976854666513,42.19047931,B722,_,00060,838
B722__00050.838,13.981134452180816,42.194722545000005,B722,_,00050,838
B722__00020.839,13.987400229133154,42.201419835,B722,_,00020,839
B722__00520.839,14.025167883542215,42.137267805,B722,_,00520,839
B722__0051.839,14.00364212053587,42.142722205,B722,_,0051,839
B722__00420.839,14.021662344045215,42.144218695,B722,_,00420,839
B722__00410.839,14.011436956637652,42.155165295,B722,_,00410,839
B722__00290.839,14.013796907832322,42.160005319999996,B722,_,00290,839
B722__00280.839,14.00132619109335,42.15536706,B722,_,00280,839
B722__00200.839,14.028070240361117,42.16927793,B722,_,00200,839
B722__00190.839,14.006519694726322,42.163638145,B722,_,00190,839
B722__00090.839,13.97296229634526,42.177966330000004,B722,_,00090,839
B722__00070.839,13.99706958068989,42.19535303,B722,_,00070,839
B722__00060.839,13.992014727811785,42.19004263,B722,_,00060,839
B722__00050.839,13.975541553957644,42.19265552,B722,_,00050,839
B722__00010.84,13.969507371438734,42.208428424999994,B722,_,00010,84
B722__00610.84,13.996641312296212,42.117524055,B722,_,00610,84
B722__00600.84,14.01198096142615,42.129309934999995,B722,_,00600,84
B722__00590.84,13.995136709510378,42.125181725000004,B722,_,00590,84
B722__00540.84,14.044407617685302,42.143717065000004,B722,_,00540,84
B722__00530.84,14.0314457767331,42.14624597,B722,_,00530,84
B722__00520.84,14.012847119866336,42.141795295,B722,_,00520,84
B722__0051.84,14.003849329983028,42.142214100000004,B722,_,0051,84
B722__00500.84,13.990578773037246,42.134791840000005,B722,_,00500,84
B722__00490.84,13.981331259197868,42.129041605,B722,_,00490,84
B722__00480.84,13.977818274643123,42.13770529,B722,_,00480,84
B722__00440.84,14.050696261963095,42.149882175,B722,_,00440,84
B722__00430.84,14.02904120313043,42.156562475,B722,_,00430,84
B722__00420.84,14.021321770327962,42.14971265,B722,_,00420,84
B722__00410.84,14.008986183039308,42.15833801,B722,_,00410,84
B722__00400.84,14.003627565463088,42.152267710000004,B722,_,00400,84
B722__00390.84,13.998062976778597,42.142858475,B722,_,00390,84
B722__00380.84,14.001724175143337,42.14101416,B722,_,00380,84
B722__00370.84,13.989514267461272,42.141902035,B722,_,00370,84
B722__00360.84,13.995903958481058,42.15143451,B722,_,00360,84
B722__00340.84,13.969584405257685,42.142868495,B722,_,00340,84
B722__00330.84,13.9809410963384,42.14983199,B722,_,00330,84
B722__00300.84,14.017705276198935,42.15911385,B722,_,00300,84
B722__00270.84,13.990517528041751,42.157754055,B722,_,00270,84
B722__00260.84,13.98603028557772,42.164421315,B722,_,00260,84
B722__00250.84,13.977591443665538,42.165112605,B722,_,00250,84
B722__00230.84,14.062996040059158,42.166190005000004,B722,_,00230,84
B722__00220.84,14.051898531342177,42.16965872,B722,_,00220,84
B722__00210.84,14.030623039550417,42.171383930000005,B722,_,00210,84
B722__00200.84,14.011955295706032,42.167735210000004,B722,_,00200,84
B722__00190.84,13.995095108202362,42.16876384,B722,_,00190,84
B722__00180.84,14.018114678224642,42.179003885,B722,_,00180,84
B722__00170.84,14.012196521690361,42.178358849999995,B722,_,00170,84
B722__00160.84,14.006877169796022,42.171399015,B722,_,00160,84
B722__00150.84,14.00108992506013,42.174334834999996,B722,_,00150,84
B722__00140.84,13.983668449603819,42.17275335,B722,_,00140,84
B722__00130.84,13.974556740057068,42.174142255,B722,_,00130,84
B722__00120.84,14.005936372281727,42.19067516,B722,_,00120,84
B722__00110.84,13.994400360435169,42.183812335,B722,_,00110,84
B722__00080.84,13.961895693663523,42.18872391,B722,_,00080,84
B722__00070.84,14.001797996455796,42.196696134999996,B722,_,00070,84
B722__00050.84,13.980192447234373,42.19374223,B722,_,00050,84
B722__00040.84,13.976577827915749,42.200037025,B722,_,00040,84
B722__00030.84,13.961078858051792,42.197925495,B722,_,00030,84
B722__00020.84,13.981276414422572,42.206974265,B722,_,00020,84
B722__00020.840,13.987414460480439,42.201289685,B722,_,00020,840
B722__00520.840,14.024271678344991,42.13719873,B722,_,00520,840
B722__0051.840,14.003593941051925,42.14263357,B722,_,0051,840
B722__00420.840,14.021882446690118,42.144172145,B722,_,00420,840
B722__00410.840,14.011311394963268,42.155770135,B722,_,00410,840
B722__00280.840,14.001753215847652,42.155440975000005,B722,_,00280,840
B722__00200.840,14.02825876659772,42.16938431,B722,_,00200,840
B722__00140.840,13.988688937345092,42.17341571,B722,_,00140,840
B722__00090.840,13.973001809932185,42.17812286,B722,_,00090,840
B722__00070.840,13.996223132468643,42.193220505,B722,_,00070,840
B722__00060.840,13.991704898155717,42.18991753,B722,_,00060,840
B722__00050.840,13.982285436879444,42.190721534999994,B722,_,00050,840
B722__00020.841,13.986542028853362,42.201860675,B722,_,00020,841
B722__00520.841,14.023195434811925,42.137121324999995,B722,_,00520,841
B722__0051.841,14.003701222072682,42.14252936,B722,_,0051,841
B722__00420.841,14.022132122176505,42.14411046,B722,_,00420,841
B722__00410.841,14.01179332170192,42.15573886,B722,_,00410,841
B722__00280.841,14.001965869356084,42.155638295,B722,_,00280,841
B722__00200.841,14.028144737479492,42.169174729999995,B722,_,00200,841
B722__00190.841,14.00650384606286,42.16425929,B722,_,00190,841
B722__00140.841,13.986326231074788,42.173644949999996,B722,_,00140,841
B722__00100.841,13.978223758243498,42.182395555,B722,_,00100,841
B722__00090.841,13.972806601786003,42.17830222,B722,_,00090,841
B722__00070.841,13.996212647313829,42.19328495,B722,_,00070,841
B722__00060.841,13.991394972090593,42.189739294999995,B722,_,00060,841
B722__00050.841,13.982140737437447,42.19078945,B722,_,00050,841
B722__00050.842,13.983869939788601,42.1909527,B722,_,00050,842
B722__00520.842,14.02513597585731,42.13706782,B722,_,00520,842
B722__0051.842,14.003782123441592,42.142441315,B722,_,0051,842
B722__00420.842,14.012992617538895,42.142417789999996,B722,_,00420,842
B722__00410.842,14.011725890130977,42.155559015,B722,_,00410,842
B722__00280.842,14.002205850629856,42.155711215,B722,_,00280,842
B722__00200.842,14.028320261686334,42.16931194,B722,_,00200,842
B722__00190.842,14.006263377402398,42.164339334999994,B722,_,00190,842
B722__00140.842,13.98615577401035,42.173927570000004,B722,_,00140,842
B722__00090.842,13.973269523887252,42.178240360000004,B722,_,00090,842
B722__00070.842,13.996136758453897,42.19323721,B722,_,00070,842
B722__00060.842,13.990875193596285,42.189590145,B722,_,00060,842
B722__00020.843,13.987670022285979,42.20117664,B722,_,00020,843
B722__00520.843,14.026432271313038,42.13711162,B722,_,00520,843
B722__00420.843,14.013219016212837,42.142448970000004,B722,_,00420,843
B722__00280.843,14.002424515519735,42.155738105,B722,_,00280,843
B722__00200.843,14.028397594800262,42.168638425,B722,_,00200,843
B722__00190.843,14.006731373680822,42.164235590000004,B722,_,00190,843
B722__00140.843,13.986221671988876,42.17362708,B722,_,00140,843
B722__00090.843,13.97360962645062,42.178068624999995,B722,_,00090,843
B722__00070.843,13.996267331291179,42.19659524,B722,_,00070,843
B722__00060.843,13.991358245758324,42.18935563,B722,_,00060,843
B722__00050.843,13.983796499512412,42.190849755,B722,_,00050,843
B722__00020.844,13.98689289809566,42.20207843,B722,_,00020,844
B722__00520.844,14.026931578502978,42.137242764999996,B722,_,00520,844
B722__00410.844,14.012002080425532,42.155364815,B722,_,00410,844
B722__00290.844,14.010208174889488,42.162003035,B722,_,00290,844
B722__00280.844,14.002500295706316,42.15580348,B722,_,00280,844
B722__00200.844,14.028507143221304,42.168686445,B722,_,00200,844
B722__00190.844,14.006501438985868,42.162924595,B722,_,00190,844
B722__00100.844,13.980963617622708,42.1792047,B722,_,00100,844
B722__00090.844,13.974019773469495,42.178316929999994,B722,_,00090,844
B722__00070.844,13.996204747013778,42.19655901,B722,_,00070,844
B722__00060.844,13.991346478673766,42.189261445,B722,_,00060,844
B722__00050.844,13.983445531824955,42.19086409,B722,_,00050,844
B722__00020.845,13.986856094834454,42.200666580000004,B722,_,00020,845
B722__00520.845,14.022786898392283,42.137580865000004,B722,_,00520,845
B722__0051.845,14.003857844793899,42.142769435000005,B722,_,0051,845
B722__00420.845,14.009493425126408,42.143647325,B722,_,00420,845
B722__00290.845,14.010357869592026,42.16203073,B722,_,00290,845
B722__00280.845,14.000684263426582,42.155070695000006,B722,_,00280,845
B722__00200.845,14.028338797017014,42.168101469999996,B722,_,00200,845
B722__00140.845,13.986111502721396,42.173959005,B722,_,00140,845
B722__00100.845,13.981662987809095,42.17907994,B722,_,00100,845
B722__00090.845,13.974157006451367,42.178234520000004,B722,_,00090,845
B722__00070.845,13.997456745723506,42.19606527,B722,_,00070,845
B722__00060.845,13.991989696731777,42.189149045,B722,_,00060,845
B722__00050.845,13.971649401493654,42.193258439999994,B722,_,00050,845
B722__00020.846,13.987146609865787,42.200473099999996,B722,_,00020,846
B722__00520.846,14.023768444116357,42.137242009999994,B722,_,00520,846
B722__0051.846,14.003881666450667,42.1425388,B722,_,0051,846
B722__00420.846,14.00962368512107,42.143703599999995,B722,_,00420,846
B722__00410.846,14.012047656326075,42.15552248,B722,_,00410,846
B722__00290.846,14.010526435420058,42.16201764,B722,_,00290,846
B722__00280.846,13.999452058604827,42.15463443,B722,_,00280,846
B722__00200.846,14.02857700370828,42.168016460000004,B722,_,00200,846
B722__00190.846,13.993151298671387,42.169947289999996,B722,_,00190,846
B722__00100.846,13.977554705935058,42.18280198,B722,_,00100,846
B722__00090.846,13.974128238101294,42.178103435,B722,_,00090,846
B722__00070.846,13.997162490427328,42.196557690000006,B722,_,00070,846
B722__00060.846,13.982647894668256,42.196967259999994,B722,_,00060,846
B722__00050.846,13.976773701556667,42.192721875000004,B722,_,00050,846
B722__00020.847,13.987325261061848,42.2004789,B722,_,00020,847
B722__00520.847,14.022620021261964,42.13799233,B722,_,00520,847
B722__0051.847,14.004013600753382,42.142567830000004,B722,_,0051,847
B722__00410.847,14.009994815823244,42.158431005,B722,_,00410,847
B722__00200.847,14.028729769634463,42.167977635,B722,_,00200,847
B722__00190.847,13.992827493163022,42.169873325,B722,_,00190,847
B722__00100.847,13.978939091138669,42.183737485,B722,_,00100,847
B722__00090.847,13.974301571290008,42.177823215000004,B722,_,00090,847
B722__00070.847,13.996801857083476,42.19611709,B722,_,00070,847
B722__00060.847,13.992483142210059,42.189153860000005,B722,_,00060,847
B722__00050.847,13.976702176468478,42.191853445,B722,_,00050,847
B722__00020.848,13.98721161757203,42.20023983,B722,_,00020,848
B722__00520.848,14.022712933663598,42.137953785,B722,_,00520,848
B722__0051.848,14.004139028347467,42.14256108,B722,_,0051,848
B722__00420.848,14.007912009784578,42.143187104999996,B722,_,00420,848
B722__00290.848,14.016802923146267,42.158807855,B722,_,00290,848
B722__00280.848,14.00139908614626,42.154826545,B722,_,00280,848
B722__00200.848,14.028616284460153,42.16777676,B722,_,00200,848
B722__00140.848,13.988842935132656,42.17332448,B722,_,00140,848
B722__00100.848,13.98291231843239,42.17978409,B722,_,00100,848
B722__00090.848,13.974046023718152,42.177874544999995,B722,_,00090,848
B722__00070.848,13.9970768086011,42.19646565,B722,_,00070,848
B722__00060.848,13.991999728693477,42.189418325000005,B722,_,00060,848
B722__00050.848,13.972725348539722,42.19167453,B722,_,00050,848
B722__00020.849,13.987056985890472,42.20110454,B722,_,00020,849
B722__00520.849,14.022993409887444,42.138036955000004,B722,_,00520,849
B722__0051.849,14.00394913146956,42.142305115,B722,_,0051,849
B722__00420.849,14.01009353187722,42.14325643,B722,_,00420,849
B722__00290.849,14.017084037592678,42.158816265,B722,_,00290,849
B722__00280.849,14.001920111571394,42.15539959,B722,_,00280,849
B722__00200.849,14.028691718375999,42.16777265,B722,_,00200,849
B722__00140.849,13.986560541662646,42.173506085,B722,_,00140,849
B722__00100.849,13.98235157776426,42.179475365,B722,_,00100,849
B722__00090.849,13.97372550543708,42.17786741,B722,_,00090,849
B722__00070.849,13.995869900704099,42.196417425,B722,_,00070,849
B722__00060.849,13.992216478768732,42.189740285,B722,_,00060,849
B722__00050.849,13.97322097650207,42.19161236,B722,_,00050,849
B722__00010.85,13.971537802874792,42.206165244999994,B722,_,00010,85
B722__00610.85,13.996463592169704,42.1171616,B722,_,00610,85
B722__00600.85,14.011845847769116,42.12912539,B722,_,00600,85
B722__00590.85,13.994354358427229,42.12425142,B722,_,00590,85
B722__00540.85,14.044841397308467,42.14385912,B722,_,00540,85
B722__00530.85,14.031817576772976,42.146317405,B722,_,00530,85
B722__0051.85,14.003862172787356,42.14216312,B722,_,0051,85
B722__00500.85,13.991122511087573,42.135461535,B722,_,00500,85
B722__00490.85,13.981785082945475,42.128705385,B722,_,00490,85
B722__00480.85,13.978470650515899,42.137726485,B722,_,00480,85
B722__00440.85,14.05082585334491,42.14997964,B722,_,00440,85
B722__00430.85,14.029688812783514,42.15706839,B722,_,00430,85
B722__00410.85,14.008967586855968,42.158485999999996,B722,_,00410,85
B722__00400.85,14.00393358762069,42.15214348,B722,_,00400,85
B722__00390.85,13.997902359181534,42.14259385,B722,_,00390,85
B722__00370.85,13.989915249775613,42.14193363,B722,_,00370,85
B722__00360.85,13.996697553088879,42.154111584999995,B722,_,00360,85
B722__00340.85,13.970236914637107,42.142838545000004,B722,_,00340,85
B722__00330.85,13.981292373071597,42.149605734999994,B722,_,00330,85
B722__00300.85,14.018359233628285,42.159043915,B722,_,00300,85
B722__0028.85,13.998331427823887,42.15890458,B722,_,0028,85
B722__00270.85,13.991369391675459,42.157706239999996,B722,_,00270,85
B722__00260.85,13.985391140487426,42.16409788,B722,_,00260,85
B722__00250.85,13.977627397464595,42.164901965,B722,_,00250,85
B722__00230.85,14.068181900784124,42.163834385,B722,_,00230,85
B722__00220.85,14.052866771812436,42.1700262,B722,_,00220,85
B722__00210.85,14.029664757848707,42.170224235,B722,_,00210,85
B722__00200.85,14.011769204447752,42.168297034999995,B722,_,00200,85
B722__00190.85,13.995403099368694,42.168780725000005,B722,_,00190,85
B722__00180.85,14.018940566478836,42.17895816,B722,_,00180,85
B722__00170.85,14.012536699785267,42.178437105,B722,_,00170,85
B722__00160.85,14.007298564914382,42.17190674,B722,_,00160,85
B722__00150.85,14.001987769865117,42.174751470000004,B722,_,00150,85
B722__00130.85,13.974787359037293,42.17413279,B722,_,00130,85
B722__00120.85,14.006243564060453,42.190448195,B722,_,00120,85
B722__00110.85,13.995337721362567,42.183674124999996,B722,_,00110,85
B722__00100.85,13.982444766700834,42.186701495,B722,_,00100,85
B722__00080.85,13.962357878006003,42.188504325,B722,_,00080,85
B722__00070.85,14.002427542885354,42.19693185,B722,_,00070,85
B722__00060.85,13.986498835975341,42.19884924,B722,_,00060,85
B722__00050.85,13.979947788672758,42.19359808,B722,_,00050,85
B722__00040.85,13.977398329660197,42.200411145000004,B722,_,00040,85
B722__00030.85,13.961288542393984,42.197983719999996,B722,_,00030,85
B722__00020.85,13.981116446700474,42.20687365,B722,_,00020,85
B722__00020.850,13.986765833026595,42.201540754999996,B722,_,00020,850
B722__00520.850,14.009862250927494,42.142464145000005,B722,_,00520,850
B722__0051.850,14.00399034294228,42.142249275,B722,_,0051,850
B722__00420.850,14.01058633513226,42.142990375,B722,_,00420,850
B722__00410.850,14.016309546323193,42.152836750000006,B722,_,00410,850
B722__00290.850,14.011625457944547,42.1578905,B722,_,00290,850
B722__00280.850,14.001950073095912,42.15530894,B722,_,00280,850
B722__00200.850,14.028610762562163,42.16766265,B722,_,00200,850
B722__00140.850,13.986310726318706,42.173789815000006,B722,_,00140,850
B722__00090.850,13.97378723471121,42.17754602,B722,_,00090,850
B722__00070.850,13.996143848459223,42.193311969999996,B722,_,00070,850
B722__00060.850,13.992576325841696,42.1893388,B722,_,00060,850
B722__00050.850,13.97363358600704,42.192093035,B722,_,00050,850
B722__00030.851,13.970531729344035,42.18824678,B722,_,00030,851
B722__00520.851,14.009804103950957,42.14227276,B722,_,00520,851
B722__00420.851,14.010668095953594,42.142970535,B722,_,00420,851
B722__00290.851,14.012780334594275,42.158088355000004,B722,_,00290,851
B722__00280.851,14.002311170148234,42.155470640000004,B722,_,00280,851
B722__00200.851,14.029057711095383,42.16710825,B722,_,00200,851
B722__00190.851,13.993958020875684,42.16433299,B722,_,00190,851
B722__00140.851,13.986388018908938,42.173756235,B722,_,00140,851
B722__00100.851,13.977958822206746,42.181996215,B722,_,00100,851
B722__00090.851,13.97334238434494,42.17724068,B722,_,00090,851
B722__00060.851,13.992554333407334,42.189592535,B722,_,00060,851
B722__00050.851,13.97373934686762,42.192450495,B722,_,00050,851
B722__00050.852,13.985580983666555,42.18980865,B722,_,00050,852
B722__00520.852,14.007702665217128,42.137304895,B722,_,00520,852
B722__00420.852,14.015152691720097,42.143935775,B722,_,00420,852
B722__00410.852,14.016161597203393,42.152969435,B722,_,00410,852
B722__00290.852,14.0123907605172,42.15875709,B722,_,00290,852
B722__00280.852,14.002599563262454,42.155376355,B722,_,00280,852
B722__00140.852,13.986278218720818,42.17356641,B722,_,00140,852
B722__00090.852,13.9744936285113,42.17681948,B722,_,00090,852
B722__00060.852,13.983066918473533,42.19699753,B722,_,00060,852
B722__00030.853,13.970995131770302,42.188170445,B722,_,00030,853
B722__00520.853,14.00768205037885,42.137244120000005,B722,_,00520,853
B722__00420.853,14.015244672364187,42.143796089999995,B722,_,00420,853
B722__00410.853,14.016114994798391,42.152971199999996,B722,_,00410,853
B722__00290.853,14.009751184310687,42.16082255,B722,_,00290,853
B722__00280.853,14.00305486234943,42.155576825,B722,_,00280,853
B722__00140.853,13.986288171440892,42.173634215,B722,_,00140,853
B722__00090.853,13.974060268063155,42.176444335,B722,_,00090,853
B722__00060.853,13.99271164491752,42.189684925,B722,_,00060,853
B722__00050.853,13.985362674098164,42.19022709,B722,_,00050,853
B722__00030.854,13.966993588677417,42.189852085,B722,_,00030,854
B722__00520.854,14.024907140524949,42.140268719999995,B722,_,00520,854
B722__0051.854,14.004718595478124,42.141580045,B722,_,0051,854
B722__00420.854,14.015785410745288,42.144325175,B722,_,00420,854
B722__00280.854,14.002208654963495,42.15529019,B722,_,00280,854
B722__00140.854,13.986275924114985,42.173708695,B722,_,00140,854
B722__00100.854,13.978060674272868,42.18185959,B722,_,00100,854
B722__00090.854,13.974608402274564,42.177698835,B722,_,00090,854
B722__00060.854,13.98219194714068,42.199249975,B722,_,00060,854
B722__00050.854,13.985175719477652,42.19030204,B722,_,00050,854
B722__00030.855,13.967144941091295,42.190174105,B722,_,00030,855
B722__00520.855,14.017079800485288,42.140717625,B722,_,00520,855
B722__0051.855,14.004497406729891,42.14158749,B722,_,0051,855
B722__00420.855,14.015673456256252,42.144054775,B722,_,00420,855
B722__00410.855,14.005462940808224,42.15490519,B722,_,00410,855
B722__00280.855,14.002467829178695,42.15534567,B722,_,00280,855
B722__00190.855,13.994635289499724,42.164051475,B722,_,00190,855
B722__00140.855,13.986267091565644,42.1737627,B722,_,00140,855
B722__00100.855,13.97790494207311,42.18172968499999,B722,_,00100,855
B722__00060.855,13.993102431046095,42.189541415,B722,_,00060,855
B722__00050.855,13.985459349549412,42.190116355,B722,_,00050,855
B722__00030.856,13.969333290588994,42.187848545,B722,_,00030,856
B722__00520.856,14.016850198741883,42.14002264,B722,_,00520,856
B722__0051.856,14.004374249169532,42.141625475,B722,_,0051,856
B722__00420.856,14.015679431851739,42.143938675,B722,_,00420,856
B722__00290.856,14.012563370249815,42.16051209,B722,_,00290,856
B722__00280.856,14.003243278200841,42.155386625,B722,_,00280,856
B722__00190.856,13.994497219189032,42.16396031,B722,_,00190,856
B722__00140.856,13.986278698835758,42.17378223,B722,_,00140,856
B722__00100.856,13.977837449671386,42.181762385,B722,_,00100,856
B722__00060.856,13.99346862762172,42.189727925,B722,_,00060,856
B722__00050.856,13.985855257984802,42.190247005,B722,_,00050,856
B722__00030.857,13.967452562271713,42.188919525,B722,_,00030,857
B722__00520.857,14.017466855093694,42.140398024999996,B722,_,00520,857
B722__0051.857,14.004490011241682,42.14156395,B722,_,0051,857
B722__00420.857,14.015606031332347,42.14381907,B722,_,00420,857
B722__00290.857,14.012038591140982,42.16034535,B722,_,00290,857
B722__00140.857,13.98617518033915,42.17362708,B722,_,00140,857
B722__00090.857,13.974991546673238,42.17641494,B722,_,00090,857
B722__00060.857,13.984057289641195,42.19817614,B722,_,00060,857
B722__00050.857,13.985686451612588,42.19045815,B722,_,00050,857
B722__00030.858,13.968578231479658,42.188204825,B722,_,00030,858
B722__00520.858,14.011233559642584,42.139251224999995,B722,_,00520,858
B722__0051.858,14.004457314211521,42.141605335,B722,_,0051,858
B722__00420.858,14.015879177841523,42.143686994999996,B722,_,00420,858
B722__00140.858,13.98621979326724,42.17379786,B722,_,00140,858
B722__00060.858,13.986798307324968,42.189661785,B722,_,00060,858
B722__00050.858,13.985558982960997,42.190594475,B722,_,00050,858
B722__00030.859,13.968370296248182,42.18821835,B722,_,00030,859
B722__00520.859,14.010218656691363,42.13870041,B722,_,00520,859
B722__00420.859,14.015942418580565,42.14352576,B722,_,00420,859
B722__00410.859,14.01619933805241,42.15194357,B722,_,00410,859
B722__00290.859,14.005911768533363,42.162061515000005,B722,_,00290,859
B722__00280.859,14.003005819986058,42.154720985,B722,_,00280,859
B722__00140.859,13.986189326779668,42.173781665,B722,_,00140,859
B722__00060.859,13.98640704363276,42.189531689999995,B722,_,00060,859
B722__00050.859,13.985101808910699,42.191214705,B722,_,00050,859
B722__00010.86,13.969841043154275,42.208291994999996,B722,_,00010,86
B722__00610.86,13.996774784956054,42.117260305,B722,_,00610,86
B722__00600.86,14.012012351266048,42.129086535,B722,_,00600,86
B722__00590.86,13.9952536139407,42.124603719999996,B722,_,00590,86
B722__00540.86,14.044803884043127,42.14355055,B722,_,00540,86
B722__00530.86,14.03217226219663,42.146406060000004,B722,_,00530,86
B722__00520.86,14.007287981895914,42.141468689999996,B722,_,00520,86
B722__00500.86,13.991444400550503,42.135055914999995,B722,_,00500,86
B722__00490.86,13.982224664955979,42.12894969,B722,_,00490,86
B722__00480.86,13.97865117221814,42.1375305,B722,_,00480,86
B722__00440.86,14.03963891301396,42.150456225,B722,_,00440,86
B722__00430.86,14.030072446100972,42.157312340000004,B722,_,00430,86
B722__00410.86,14.009287550199334,42.158219985,B722,_,00410,86
B722__00400.86,14.004268397906941,42.15213063,B722,_,00400,86
B722__00390.86,14.000610620114749,42.144855835,B722,_,00390,86
B722__00380.86,14.0025085294836,42.141210535,B722,_,00380,86
B722__00370.86,13.990237307306103,42.14206407,B722,_,00370,86
B722__00360.86,13.995590675138642,42.15143551,B722,_,00360,86
B722__00340.86,13.968526037061526,42.142844065000006,B722,_,00340,86
B722__00330.86,13.980079983762682,42.149571715,B722,_,00330,86
B722__00300.86,14.017754839505116,42.158931304999996,B722,_,00300,86
B722__00290.86,14.012174426715415,42.161984950000004,B722,_,00290,86
B722__0028.86,13.998274423200986,42.15887305,B722,_,0028,86
B722__00270.86,13.991192844414133,42.157275305,B722,_,00270,86
B722__00260.86,13.985729963959711,42.16400039,B722,_,00260,86
B722__00250.86,13.97797892819208,42.164867305,B722,_,00250,86
B722__00230.86,14.063215570989968,42.166475175,B722,_,00230,86
B722__00220.86,14.051732996679457,42.168882984999996,B722,_,00220,86
B722__00210.86,14.029470993365955,42.170095669999995,B722,_,00210,86
B722__00200.86,14.012325616354836,42.168430195,B722,_,00200,86
B722__00190.86,13.995253449085837,42.168637045,B722,_,00190,86
B722__00180.86,14.01916059047554,42.17880127,B722,_,00180,86
B722__00170.86,14.01256468099676,42.17851559,B722,_,00170,86
B722__00160.86,14.007289553917202,42.17142657,B722,_,00160,86
B722__00150.86,14.001389444707506,42.174639435,B722,_,00150,86
B722__00140.86,13.98337369251293,42.173242685000005,B722,_,00140,86
B722__00130.86,13.974971337019031,42.17415642,B722,_,00130,86
B722__00120.86,14.00660797276394,42.19077644,B722,_,00120,86
B722__00110.86,13.995416712992105,42.182963725,B722,_,00110,86
B722__00100.86,13.9818861288452,42.186709050000005,B722,_,00100,86
B722__00080.86,13.96348028846953,42.188745635000004,B722,_,00080,86
B722__00070.86,14.001358612535567,42.197484665000005,B722,_,00070,86
B722__00060.86,13.986441500151571,42.198921615,B722,_,00060,86
B722__00050.86,13.980657040932456,42.193564955,B722,_,00050,86
B722__00040.86,13.977528135281142,42.20022032,B722,_,00040,86
B722__00030.86,13.96126055662843,42.198067914999996,B722,_,00030,86
B722__00020.86,13.981111151525162,42.20677076,B722,_,00020,86
B722__00030.860,13.967290094424435,42.189144475,B722,_,00030,860
B722__0051.860,14.003352988410652,42.140001925,B722,_,0051,860
B722__00420.860,14.015754389578744,42.14348107,B722,_,00420,860
B722__00410.860,14.016143790197681,42.15307197,B722,_,00410,860
B722__00290.860,14.00711399437592,42.162328015,B722,_,00290,860
B722__00280.860,14.003290953419175,42.154713995,B722,_,00280,860
B722__00140.860,13.986042283242353,42.17365185,B722,_,00140,860
B722__00060.860,13.986541390275669,42.18930957,B722,_,00060,860
B722__00050.860,13.972015053737664,42.19139477,B722,_,00050,860
B722__00030.861,13.966418881057326,42.18875686,B722,_,00030,861
B722__00520.861,14.011412466322943,42.13821967,B722,_,00520,861
B722__0051.861,14.003756414168775,42.13949186,B722,_,0051,861
B722__00420.861,14.016023528871969,42.143294775,B722,_,00420,861
B722__00290.861,14.00722837770633,42.162348145,B722,_,00290,861
B722__00280.861,14.003510309756674,42.154713995,B722,_,00280,861
B722__00140.861,13.986107562495235,42.17379322,B722,_,00140,861
B722__00060.861,13.986283574541641,42.189171425,B722,_,00060,861
B722__00050.861,13.971756950290349,42.19008375,B722,_,00050,861
B722__00050.862,13.97186314463226,42.19023593,B722,_,00050,862
B722__00520.862,14.011649346435886,42.137811755,B722,_,00520,862
B722__00420.862,14.015886769562343,42.14317201,B722,_,00420,862
B722__00410.862,14.0176270091793,42.151213935,B722,_,00410,862
B722__00290.862,14.006414530090126,42.16223533,B722,_,00290,862
B722__00280.862,14.003761235178,42.154686795,B722,_,00280,862
B722__00140.862,13.986661386323778,42.17387831,B722,_,00140,862
B722__00060.862,13.98688358507822,42.18942894,B722,_,00060,862
B722__00030.863,13.970166269864002,42.18796336,B722,_,00030,863
B722__00520.863,14.011065261242212,42.137098890000004,B722,_,00520,863
B722__00420.863,14.015901768508655,42.143025965,B722,_,00420,863
B722__00410.863,14.004766906340256,42.154599059999995,B722,_,00410,863
B722__00290.863,14.00619400452301,42.162218530000004,B722,_,00290,863
B722__00280.863,14.003830629984154,42.15479798,B722,_,00280,863
B722__00190.863,13.997862436238002,42.16471654,B722,_,00190,863
B722__00090.863,13.978080559272733,42.185590245,B722,_,00090,863
B722__00060.863,13.987178562096883,42.1894104,B722,_,00060,863
B722__00050.863,13.978893178398808,42.18824293,B722,_,00050,863
B722__00030.864,13.96950019281699,42.189469294999995,B722,_,00030,864
B722__00520.864,14.012975947081802,42.136908695,B722,_,00520,864
B722__00290.864,14.005256630686748,42.162243565,B722,_,00290,864
B722__00280.864,13.995579468805502,42.158180709999996,B722,_,00280,864
B722__00190.864,13.998228965637145,42.16451324,B722,_,00190,864
B722__00060.864,13.987565547164461,42.189213445,B722,_,00060,864
B722__00050.864,13.978602126646738,42.188440495,B722,_,00050,864
B722__00030.865,13.96987897482511,42.187850925,B722,_,00030,865
B722__00520.865,14.013668524312102,42.138955555,B722,_,00520,865
B722__0051.865,14.004389002585532,42.13905915,B722,_,0051,865
B722__00420.865,14.015713584601361,42.142509079999996,B722,_,00420,865
B722__00290.865,14.007163064582166,42.161449075,B722,_,00290,865
B722__00280.865,13.999529500155248,42.156836485,B722,_,00280,865
B722__00190.865,13.998521782662948,42.164656414999996,B722,_,00190,865
B722__00140.865,13.986468738454953,42.17405169,B722,_,00140,865
B722__00060.865,13.98795221346075,42.189162065000005,B722,_,00060,865
B722__00030.866,13.96931114189045,42.187741044999996,B722,_,00030,866
B722__00520.866,14.013864548898859,42.138489975,B722,_,00520,866
B722__0051.866,14.004297106376498,42.139105244999996,B722,_,0051,866
B722__00420.866,14.01555141014303,42.14243137,B722,_,00420,866
B722__00410.866,14.004697720335486,42.154636255,B722,_,00410,866
B722__00280.866,13.99405873214078,42.160751535,B722,_,00280,866
B722__00190.866,13.998222313105142,42.164690324999995,B722,_,00190,866
B722__00090.866,13.974501861732676,42.17848791,B722,_,00090,866
B722__00060.866,13.988226802371388,42.18914226,B722,_,00060,866
B722__00050.866,13.973139073391296,42.19133929,B722,_,00050,866
B722__00030.867,13.970460920826566,42.18812839,B722,_,00030,867
B722__00520.867,14.014254769555478,42.137859614999996,B722,_,00520,867
B722__0051.867,14.004699716431283,42.1390016,B722,_,0051,867
B722__00420.867,14.015973192598288,42.14202506,B722,_,00420,867
B722__00410.867,14.017199002732298,42.152003255,B722,_,00410,867
B722__00280.867,13.994758473184005,42.160396065,B722,_,00280,867
B722__00190.867,13.997706911166382,42.164245035,B722,_,00190,867
B722__00090.867,13.974706869645946,42.17931857000001,B722,_,00090,867
B722__00060.867,13.986673791521739,42.18877884,B722,_,00060,867
B722__00050.867,13.972104034759035,42.19337885,B722,_,00050,867
B722__00030.868,13.97049195935779,42.188210100000006,B722,_,00030,868
B722__00520.868,14.014580040752616,42.137295300000005,B722,_,00520,868
B722__0051.868,14.004348088175952,42.143213349999996,B722,_,0051,868
B722__00420.868,14.016613798622267,42.143981284999995,B722,_,00420,868
B722__00280.868,13.997576488367258,42.159818375,B722,_,00280,868
B722__00190.868,13.99796393431878,42.164416935000006,B722,_,00190,868
B722__00140.868,13.986483113942118,42.173040525000005,B722,_,00140,868
B722__00090.868,13.974608466450398,42.178996635000004,B722,_,00090,868
B722__00060.868,13.98699374989399,42.188784465,B722,_,00060,868
B722__00050.868,13.97296839882561,42.192609535,B722,_,00050,868
B722__00030.869,13.969924756769636,42.188196274999996,B722,_,00030,869
B722__00520.869,14.014678027950094,42.13695043,B722,_,00520,869
B722__0051.869,14.004566669796752,42.14334637,B722,_,0051,869
B722__00420.869,14.016883158138956,42.143785895,B722,_,00420,869
B722__00410.869,14.006869435854473,42.15887609,B722,_,00410,869
B722__00290.869,14.016264219727283,42.15944041,B722,_,00290,869
B722__00280.869,13.99642479400923,42.15976809,B722,_,00280,869
B722__00190.869,13.998112995577058,42.164173815,B722,_,00190,869
B722__00090.869,13.97320795353713,42.178845155000005,B722,_,00090,869
B722__00060.869,13.987247446759365,42.18878106,B722,_,00060,869
B722__00050.869,13.979756608816668,42.187280035,B722,_,00050,869
B722__00010.87,13.969166895339058,42.208155590000004,B722,_,00010,87
B722__00610.87,13.997234162846105,42.117536785,B722,_,00610,87
B722__00600.87,14.006257108285643,42.125493309999996,B722,_,00600,87
B722__00590.87,13.995600896683907,42.124667795,B722,_,00590,87
B722__00540.87,14.045078783684591,42.143535635,B722,_,00540,87
B722__00530.87,14.027364853681956,42.145214085,B722,_,00530,87
B722__00520.87,14.007140558331681,42.141504284999996,B722,_,00520,87
B722__00500.87,13.991042497393298,42.13438587,B722,_,00500,87
B722__00490.87,13.98235628710933,42.12925044,B722,_,00490,87
B722__00480.87,13.979487007267096,42.13792387,B722,_,00480,87
B722__00440.87,14.04014865873399,42.151442865,B722,_,00440,87
B722__00430.87,14.03009425904279,42.15703629,B722,_,00430,87
B722__00420.87,14.022000053644003,42.149562965,B722,_,00420,87
B722__00410.87,14.009535935511444,42.158210075,B722,_,00410,87
B722__00400.87,14.004002670115135,42.152442359999995,B722,_,00400,87
B722__00390.87,14.000744250668605,42.144815355,B722,_,00390,87
B722__00370.87,13.990918593073042,42.142493259999995,B722,_,00370,87
B722__00360.87,13.996129459931065,42.15110445,B722,_,00360,87
B722__00350.87,13.985355163607869,42.147659884999996,B722,_,00350,87
B722__00340.87,13.969574429337793,42.141802105,B722,_,00340,87
B722__00330.87,13.97891884229475,42.150157035,B722,_,00330,87
B722__00300.87,14.017924735043156,42.158934575,B722,_,00300,87
B722__00290.87,14.012297977566076,42.162174195000006,B722,_,00290,87
B722__00270.87,13.991532278187574,42.15726499,B722,_,00270,87
B722__00260.87,13.984937588009473,42.163617085,B722,_,00260,87
B722__00250.87,13.97862939564508,42.164329995,B722,_,00250,87
B722__00230.87,14.067302168602088,42.16540786,B722,_,00230,87
B722__00220.87,14.053750736506405,42.17007107,B722,_,00220,87
B722__00210.87,14.029471642287456,42.169827135000006,B722,_,00210,87
B722__00200.87,14.01309778588686,42.168074765,B722,_,00200,87
B722__00190.87,13.995097479666732,42.168564274999994,B722,_,00190,87
B722__00180.87,14.019500949000049,42.178712775,B722,_,00180,87
B722__00170.87,14.012953405069503,42.17872115,B722,_,00170,87
B722__00160.87,14.007593448151574,42.17157605,B722,_,00160,87
B722__00150.87,14.000724083578268,42.174587545,B722,_,00150,87
B722__00140.87,13.983781051810288,42.173334295000004,B722,_,00140,87
B722__00130.87,13.975144344496355,42.174199404999996,B722,_,00130,87
B722__00120.87,14.007505231997584,42.190860785,B722,_,00120,87
B722__00110.87,13.995928370119088,42.18290081000001,B722,_,00110,87
B722__00100.87,13.982125762652563,42.18683892,B722,_,00100,87
B722__00080.87,13.963379760395814,42.189109945,B722,_,00080,87
B722__00070.87,14.00266356660483,42.196775689999996,B722,_,00070,87
B722__00060.87,13.986524736718462,42.19894809,B722,_,00060,87
B722__00050.87,13.980161865174566,42.193433305,B722,_,00050,87
B722__00040.87,13.969713641196591,42.200176049999996,B722,_,00040,87
B722__00030.87,13.961339913562167,42.198154845000005,B722,_,00030,87
B722__00020.87,13.980737784351703,42.20679629,B722,_,00020,87
B722__00030.870,13.970087678630136,42.18830696,B722,_,00030,870
B722__00520.870,14.009194337443372,42.14003497,B722,_,00520,870
B722__0051.870,14.006814313711338,42.14071161,B722,_,0051,870
B722__00420.870,14.017011879444114,42.143775175,B722,_,00420,870
B722__00410.870,14.006887103675009,42.158830535,B722,_,00410,870
B722__00290.870,14.006394968933602,42.162026229999995,B722,_,00290,870
B722__00280.870,13.996553548673493,42.160917014999995,B722,_,00280,870
B722__00190.870,13.998203596343028,42.16431489,B722,_,00190,870
B722__00140.870,13.986224958669862,42.173820145,B722,_,00140,870
B722__00090.870,13.974308634358923,42.178868800000004,B722,_,00090,870
B722__00060.870,13.98760286343147,42.188757295,B722,_,00060,870
B722__00050.870,13.97430397987656,42.194676935000004,B722,_,00050,870
B722__00030.871,13.970319049141967,42.18796991,B722,_,00030,871
B722__00520.871,14.009192652210263,42.139948595,B722,_,00520,871
B722__0051.871,14.005419637377365,42.139685155,B722,_,0051,871
B722__00420.871,14.01726820555463,42.14403154,B722,_,00420,871
B722__00410.871,14.006396489807898,42.158792595,B722,_,00410,871
B722__00290.871,14.006248202440682,42.161876684999996,B722,_,00290,871
B722__00280.871,13.996966246267423,42.160939435,B722,_,00280,871
B722__00190.871,13.99842735501182,42.164303555000004,B722,_,00190,871
B722__00140.871,13.985460673241237,42.17259342,B722,_,00140,871
B722__00090.871,13.973469281738021,42.179571804999995,B722,_,00090,871
B722__00060.871,13.987215729473803,42.18834789,B722,_,00060,871
B722__00050.871,13.968644450518275,42.19343101,B722,_,00050,871
B722__00030.872,13.970347850366899,42.188235485,B722,_,00030,872
B722__00520.872,14.00916054264178,42.139846739999996,B722,_,00520,872
B722__0051.872,14.005437436960488,42.139587915,B722,_,0051,872
B722__00420.872,14.017410609017386,42.143975425,B722,_,00420,872
B722__00410.872,14.006579674358331,42.158774745,B722,_,00410,872
B722__00290.872,14.015673190538582,42.159124625000004,B722,_,00290,872
B722__00280.872,13.997234390073817,42.159991635,B722,_,00280,872
B722__00140.872,13.98601173128895,42.17257833,B722,_,00140,872
B722__0009.872,13.970266160472567,42.18587345500001,B722,_,0009,872
B722__00060.872,13.98745549808503,42.188211915,B722,_,00060,872
B722__00050.872,13.968551070500414,42.1934109,B722,_,00050,872
B722__00050.873,13.968721855586999,42.193578205,B722,_,00050,873
B722__00520.873,14.00915443949403,42.13975712,B722,_,00520,873
B722__0051.873,14.003262703556016,42.140386975,B722,_,0051,873
B722__00420.873,14.017028880071823,42.143503565,B722,_,00420,873
B722__00410.873,14.006662314934637,42.158957075000004,B722,_,00410,873
B722__00290.873,14.015947605106918,42.159188945,B722,_,00290,873
B722__00280.873,13.99334431277875,42.16179729,B722,_,00280,873
B722__00090.873,13.973602284632255,42.178903430000005,B722,_,00090,873
B722__00060.873,13.987661733252102,42.188043765,B722,_,00060,873
B722__00050.874,13.968439324327782,42.193619635000005,B722,_,00050,874
B722__00520.874,14.021454581806431,42.135563180000005,B722,_,00520,874
B722__0051.874,14.003183679510528,42.140352449999995,B722,_,0051,874
B722__00420.874,14.016899481159069,42.14323453,B722,_,00420,874
B722__00290.874,14.001034315799728,42.15903403,B722,_,00290,874
B722__00280.874,13.99408692268926,42.1619888,B722,_,00280,874
B722__00090.874,13.973806979435043,42.17897642,B722,_,00090,874
B722__00060.874,13.987993944765657,42.187934580000004,B722,_,00060,874
B722__00050.875,13.968719895160742,42.19369745,B722,_,00050,875
B722__00520.875,14.008446904797475,42.1388309,B722,_,00520,875
B722__0051.875,14.003490140770268,42.140292020000004,B722,_,0051,875
B722__00420.875,14.017333764609639,42.14329533,B722,_,00420,875
B722__00410.875,14.0068292779765,42.15870952,B722,_,00410,875
B722__00280.875,13.99342957977018,42.161108935,B722,_,00280,875
B722__00090.875,13.973907018528699,42.17915011,B722,_,00090,875
B722__00060.875,13.988355764588405,42.188597605,B722,_,00060,875
B722__00050.876,13.968173012811434,42.193734895000006,B722,_,00050,876
B722__00520.876,14.022833598112406,42.139358294999994,B722,_,00520,876
B722__0051.876,14.003362778974996,42.14029195,B722,_,0051,876
B722__00420.876,14.017685402761868,42.143180715,B722,_,00420,876
B722__00290.876,14.00720476606241,42.162128644999996,B722,_,00290,876
B722__00280.876,14.000376872160778,42.16166944,B722,_,00280,876
B722__00090.876,13.974333524810735,42.17918111,B722,_,00090,876
B722__00060.876,13.989991968959412,42.18851728,B722,_,00060,876
B722__00050.877,13.96941484306625,42.194640655,B722,_,00050,877
B722__00520.877,14.019395368884666,42.13902451,B722,_,00520,877
B722__0051.877,14.003433935359048,42.140228835,B722,_,0051,877
B722__00420.877,14.017757567354533,42.14297665,B722,_,00420,877
B722__00410.877,14.004660873880836,42.154538114999994,B722,_,00410,877
B722__00290.877,14.009131583816206,42.16261773,B722,_,00290,877
B722__00280.877,13.99457199888445,42.160074825,B722,_,00280,877
B722__00090.877,13.974322424964905,42.179619065,B722,_,00090,877
B722__00060.877,13.989330362953712,42.18901731,B722,_,00060,877
B722__00050.878,13.970231757021757,42.194241045,B722,_,00050,878
B722__00520.878,14.019576700361226,42.138891875,B722,_,00520,878
B722__0051.878,14.003408992209376,42.140254055,B722,_,0051,878
B722__00420.878,14.017624097816066,42.143651649999995,B722,_,00420,878
B722__00410.878,14.004178163843445,42.158379495000005,B722,_,00410,878
B722__00290.878,14.01260040576268,42.16248621,B722,_,00290,878
B722__00280.878,13.99441452531282,42.159917615,B722,_,00280,878
B722__00090.878,13.974516931024297,42.179526515000006,B722,_,00090,878
B722__00060.878,13.98973978718189,42.188909715,B722,_,00060,878
B722__00050.879,13.970463848982735,42.194261165,B722,_,00050,879
B722__00520.879,14.01977407746558,42.138744200000005,B722,_,00520,879
B722__0051.879,14.003726407473629,42.139842915,B722,_,0051,879
B722__00420.879,14.017897625195317,42.143573365,B722,_,00420,879
B722__00410.879,14.004653234233771,42.154610925,B722,_,00410,879
B722__00290.879,14.012452928523802,42.162398464999995,B722,_,00290,879
B722__00280.879,13.994573094843913,42.159549035,B722,_,00280,879
B722__00090.879,13.97451422557895,42.178234695,B722,_,00090,879
B722__00060.879,13.990118858187277,42.188809135,B722,_,00060,879
B722__00010.88,13.96936941503916,42.20813982999999,B722,_,00010,88
B722__00610.88,13.997841395866823,42.118448189999995,B722,_,00610,88
B722__00600.88,14.005145526662375,42.12530119,B722,_,00600,88
B722__00590.88,13.99640465183838,42.125297829999994,B722,_,00590,88
B722__00540.88,14.045083266106856,42.1432006,B722,_,00540,88
B722__00530.88,14.027412760156025,42.145351254999994,B722,_,00530,88
B722__00520.88,14.007032030114633,42.14156927,B722,_,00520,88
B722__0051.88,14.00413276238822,42.141876955,B722,_,0051,88
B722__00500.88,13.99024232259345,42.134064495000004,B722,_,00500,88
B722__00490.88,13.982730772503325,42.12937809,B722,_,00490,88
B722__00480.88,13.978824415986495,42.137273735,B722,_,00480,88
B722__00440.88,14.040533533907892,42.150746690000005,B722,_,00440,88
B722__00430.88,14.030615836316297,42.1568412,B722,_,00430,88
B722__00420.88,14.02220916425181,42.149632409999995,B722,_,00420,88
B722__00410.88,14.008990109279544,42.158629255,B722,_,00410,88
B722__00400.88,14.001196284063765,42.151051135,B722,_,00400,88
B722__00390.88,14.000594713432452,42.144692815,B722,_,00390,88
B722__00370.88,13.990571410527092,42.14270949,B722,_,00370,88
B722__00360.88,13.99553281770438,42.151347855,B722,_,00360,88
B722__00350.88,13.985414355654179,42.147608495,B722,_,00350,88
B722__00340.88,13.970091720809307,42.142133185,B722,_,00340,88
B722__00330.88,13.979130545804635,42.149604229999994,B722,_,00330,88
B722__00300.88,14.017542874677183,42.158848770000006,B722,_,00300,88
B722__00290.88,14.012658264245943,42.162530294999996,B722,_,00290,88
B722__00270.88,13.992502331754562,42.15776022,B722,_,00270,88
B722__00260.88,13.985150917564347,42.163414965,B722,_,00260,88
B722__00250.88,13.978467071222932,42.164499559999996,B722,_,00250,88
B722__00230.88,14.063785310575014,42.16673077,B722,_,00230,88
B722__00220.88,14.054287572525217,42.169282755,B722,_,00220,88
B722__00210.88,14.029801924760285,42.17007679,B722,_,00210,88
B722__00200.88,14.01368568324748,42.168045425,B722,_,00200,88
B722__00190.88,13.995183548980126,42.168222595,B722,_,00190,88
B722__00180.88,14.019252207421573,42.17831859,B722,_,00180,88
B722__00170.88,14.013541993079173,42.17890713,B722,_,00170,88
B722__00160.88,14.007857517251557,42.1717484,B722,_,00160,88
B722__00150.88,14.001308033276246,42.175365795,B722,_,00150,88
B722__00140.88,13.983692080516565,42.173371079999995,B722,_,00140,88
B722__00130.88,13.975314106416716,42.173909245000004,B722,_,00130,88
B722__00120.88,14.00796834816493,42.191133835,B722,_,00120,88
B722__00110.88,13.996227769438882,42.183674409999995,B722,_,00110,88
B722__00100.88,13.982347647151007,42.18695017,B722,_,00100,88
B722__00080.88,13.964088911903566,42.188070249999996,B722,_,00080,88
B722__00070.88,14.00188620883874,42.19647526,B722,_,00070,88
B722__00060.88,13.98726518879062,42.19918765,B722,_,00060,88
B722__00050.88,13.98049238011416,42.193300025,B722,_,00050,88
B722__00040.88,13.969835133706361,42.200513545,B722,_,00040,88
B722__00030.88,13.96206303556137,42.19796816,B722,_,00030,88
B722__00020.88,13.980809886702334,42.206765000000004,B722,_,00020,88
B722__00050.880,13.970413168777846,42.194373035,B722,_,00050,880
B722__00520.880,14.019891871938306,42.138477455,B722,_,00520,880
B722__0051.880,14.003633138314228,42.139816205,B722,_,0051,880
B722__00420.880,14.018166478653935,42.14338228,B722,_,00420,880
B722__00410.880,14.007554330790217,42.156665180000005,B722,_,00410,880
B722__00290.880,14.00757149325473,42.161371935000005,B722,_,00290,880
B722__00280.880,13.994492439662842,42.159718955,B722,_,00280,880
B722__00090.880,13.974648302525665,42.177962754999996,B722,_,00090,880
B722__00060.880,13.990468445577449,42.188722229999996,B722,_,00060,880
B722__00050.881,13.96958298064277,42.19411857,B722,_,00050,881
B722__00520.881,14.020043079183985,42.138152165,B722,_,00520,881
B722__00420.881,14.018051014174965,42.14294109,B722,_,00420,881
B722__00290.881,14.011905356271937,42.16146623,B722,_,00290,881
B722__00280.881,13.994705035968757,42.159181615,B722,_,00280,881
B722__00090.881,13.974030831704715,42.177644075,B722,_,00090,881
B722__00060.881,13.991409529949385,42.188935105,B722,_,00060,881
B722__00050.882,13.969756375873043,42.193600135,B722,_,00050,882
B722__00520.882,14.020546755927215,42.138135184999996,B722,_,00520,882
B722__0051.882,14.00469592246332,42.139239375,B722,_,0051,882
B722__00420.882,14.018019533141672,42.142874705,B722,_,00420,882
B722__00410.882,14.00488742756729,42.154585589999996,B722,_,00410,882
B722__00290.882,14.01220155877089,42.161447159999994,B722,_,00290,882
B722__00280.882,13.994679666867594,42.158926345,B722,_,00280,882
B722__00090.882,13.97420182242589,42.177614555000005,B722,_,00090,882
B722__00060.882,13.99279624768402,42.188412225,B722,_,00060,882
B722__00050.883,13.97066268139728,42.193118605,B722,_,00050,883
B722__00520.883,14.01964837982,42.13928712,B722,_,00520,883
B722__00420.883,14.01828649650897,42.14255843,B722,_,00420,883
B722__00290.883,14.012083141973562,42.16162158,B722,_,00290,883
B722__00280.883,13.994397909388404,42.158891435,B722,_,00280,883
B722__00090.883,13.972245156741142,42.17585042,B722,_,00090,883
B722__00060.883,13.993269925162036,42.188412225,B722,_,00060,883
B722__00050.884,13.981167677545086,42.19357404,B722,_,00050,884
B722__00520.884,14.019873191290824,42.139210434999995,B722,_,00520,884
B722__0051.884,14.003282646017102,42.139320095,B722,_,0051,884
B722__00420.884,14.018060844880875,42.14257086,B722,_,00420,884
B722__00410.884,14.007365060442467,42.158827415000005,B722,_,00410,884
B722__00290.884,14.012150909435213,42.16136199,B722,_,00290,884
B722__00280.884,13.995137269723472,42.15885702,B722,_,00280,884
B722__00090.884,13.973840388733825,42.177284735,B722,_,00090,884
B722__00060.884,13.992719687668716,42.188832680000004,B722,_,00060,884
B722__00050.885,13.971064574563721,42.19086073,B722,_,00050,885
B722__00520.885,14.020074382092783,42.139139305,B722,_,00520,885
B722__0051.885,14.00317581468457,42.139360280000005,B722,_,0051,885
B722__00420.885,14.017893629842106,42.14260405500001,B722,_,00420,885
B722__00290.885,14.012252891991363,42.161326625,B722,_,00290,885
B722__00280.885,13.994530036003153,42.15868745,B722,_,00280,885
B722__00090.885,13.972676887602091,42.177146594999996,B722,_,00090,885
B722__00060.885,13.993243838693182,42.188664675,B722,_,00060,885
B722__00050.886,13.97592673144032,42.190540819999995,B722,_,00050,886
B722__00520.886,14.020296404684874,42.13888618,B722,_,00520,886
B722__0051.886,14.003300449193885,42.139381095,B722,_,0051,886
B722__00420.886,14.017549269275786,42.142930645,B722,_,00420,886
B722__00290.886,14.012820596354084,42.161962145000004,B722,_,00290,886
B722__00280.886,13.996442252252654,42.15909558,B722,_,00280,886
B722__00090.886,13.976192406750929,42.184711275,B722,_,00090,886
B722__00060.886,13.993210164226912,42.188970725000004,B722,_,00060,886
B722__00050.887,13.978389205403534,42.189954490000005,B722,_,00050,887
B722__00520.887,14.020523981214932,42.138710215,B722,_,00520,887
B722__0051.887,14.003219237067187,42.139437065,B722,_,0051,887
B722__00420.887,14.016257750097115,42.1439618,B722,_,00420,887
B722__00410.887,14.007554064804884,42.158439735,B722,_,00410,887
B722__00290.887,14.012657971308597,42.161800565,B722,_,00290,887
B722__00280.887,13.995722123173753,42.159861055,B722,_,00280,887
B722__00090.887,13.977212411902808,42.182167525,B722,_,00090,887
B722__00060.887,13.987115000303366,42.195334105,B722,_,00060,887
B722__00050.888,13.97305691397214,42.189473985,B722,_,00050,888
B722__00520.888,14.021271327487192,42.138266235,B722,_,00520,888
B722__0051.888,14.00330009867918,42.139442835,B722,_,0051,888
B722__00420.888,14.016147841306108,42.143860645000004,B722,_,00420,888
B722__00410.888,14.007768061127418,42.158773365,B722,_,00410,888
B722__00290.888,14.01254464649324,42.161694695,B722,_,00290,888
B722__00280.888,13.995552210782272,42.158546439999995,B722,_,00280,888
B722__00090.888,13.97736269173701,42.182138730000005,B722,_,00090,888
B722__00060.888,13.993353172159427,42.189147835,B722,_,00060,888
B722__00050.889,13.97411515477559,42.18891928,B722,_,00050,889
B722__00520.889,14.02167282967854,42.13800488,B722,_,00520,889
B722__0051.889,14.003478388257786,42.139373140000004,B722,_,0051,889
B722__00420.889,14.016018103533622,42.143762914999996,B722,_,00420,889
B722__00410.889,14.007936274233064,42.15858783,B722,_,00410,889
B722__00290.889,14.012824624428118,42.161560120000004,B722,_,00290,889
B722__00280.889,13.996570408565978,42.157956885000004,B722,_,00280,889
B722__00090.889,13.970866993415704,42.18009204,B722,_,00090,889
B722__00060.889,13.989585373393387,42.187815119999996,B722,_,00060,889
B722__00010.89,13.969681767981104,42.20803444,B722,_,00010,89
B722__00610.89,13.998007970560206,42.117859949999996,B722,_,00610,89
B722__00600.89,14.005612623952366,42.12532661,B722,_,00600,89
B722__00590.89,13.996479731973082,42.12606358,B722,_,00590,89
B722__00540.89,14.046078929038462,42.143507325,B722,_,00540,89
B722__00530.89,14.02763924428923,42.144487075,B722,_,00530,89
B722__00520.89,14.00702139916892,42.14166141,B722,_,00520,89
B722__00500.89,13.990802023382564,42.133854815,B722,_,00500,89
B722__00490.89,13.98356415439293,42.12938236,B722,_,00490,89
B722__00480.89,13.97888903620241,42.136886419999996,B722,_,00480,89
B722__00440.89,14.04078666217682,42.15099357,B722,_,00440,89
B722__00430.89,14.031584704245128,42.156542795,B722,_,00430,89
B722__00420.89,14.022290563150147,42.149663955,B722,_,00420,89
B722__00410.89,14.00908328583937,42.1586556,B722,_,00410,89
B722__00400.89,14.001633821201867,42.151060025,B722,_,00400,89
B722__00390.89,14.000692516249465,42.144694294999994,B722,_,00390,89
B722__00380.89,14.00272422535187,42.141012675,B722,_,00380,89
B722__00370.89,13.991133066060321,42.142986545,B722,_,00370,89
B722__00360.89,13.995366618836716,42.151289155,B722,_,00360,89
B722__00350.89,13.985461053164823,42.147554435,B722,_,00350,89
B722__00340.89,13.96626383947105,42.143940240000006,B722,_,00340,89
B722__00330.89,13.97853909521307,42.14951519,B722,_,00330,89
B722__00300.89,14.017737422532694,42.158795155,B722,_,00300,89
B722__00270.89,13.992290205466691,42.157872295000004,B722,_,00270,89
B722__00260.89,13.984542505915254,42.162972225,B722,_,00260,89
B722__00250.89,13.979325508137741,42.16437488,B722,_,00250,89
B722__00230.89,14.064068536420265,42.16708812,B722,_,00230,89
B722__00220.89,14.054217210392602,42.169809560000004,B722,_,00220,89
B722__00210.89,14.02984148073586,42.169661919999996,B722,_,00210,89
B722__00200.89,14.013578233971696,42.168860640000005,B722,_,00200,89
B722__00190.89,13.99298352997727,42.16878484,B722,_,00190,89
B722__00180.89,14.018895372605318,42.17815885,B722,_,00180,89
B722__00170.89,14.013154557942467,42.17920866,B722,_,00170,89
B722__00160.89,14.008369054055008,42.1720355,B722,_,00160,89
B722__00150.89,14.000506592530709,42.175556895,B722,_,00150,89
B722__00140.89,13.983993948693872,42.173099795,B722,_,00140,89
B722__00130.89,13.975446127964615,42.174067484999995,B722,_,00130,89
B722__00120.89,14.008605216138292,42.190852129999996,B722,_,00120,89
B722__00110.89,13.998445702365164,42.184499095,B722,_,00110,89
B722__00100.89,13.982764486314444,42.186995425,B722,_,00100,89
B722__00080.89,13.96431253147751,42.188640719999995,B722,_,00080,89
B722__00070.89,13.995997887119124,42.19662678,B722,_,00070,89
B722__00050.89,13.97966528035295,42.193202514999996,B722,_,00050,89
B722__00040.89,13.970402785787634,42.200051865000006,B722,_,00040,89
B722__00030.89,13.962085425516817,42.197772404999995,B722,_,00030,89
B722__00020.89,13.980957777564175,42.20654333,B722,_,00020,89
B722__00050.890,13.974696344495792,42.188713925,B722,_,00050,890
B722__00520.890,14.021945435151647,42.137902145,B722,_,00520,890
B722__0051.890,14.003483278784259,42.139427569999995,B722,_,0051,890
B722__00420.890,14.016990207471688,42.144068454999996,B722,_,00420,890
B722__00410.890,14.00787322663551,42.158727459999994,B722,_,00410,890
B722__00290.890,14.012930295580688,42.16151311,B722,_,00290,890
B722__00280.890,13.997037250437566,42.157526285,B722,_,00280,890
B722__00090.890,13.970361997316868,42.180541129999995,B722,_,00090,890
B722__00060.890,13.991663541579955,42.187844995,B722,_,00060,890
B722__00050.891,13.970176620488887,42.193567845000004,B722,_,00050,891
B722__00520.891,14.02223082653655,42.1377326,B722,_,00520,891
B722__0051.891,14.003565180111227,42.13934186,B722,_,0051,891
B722__00420.891,14.017119871214456,42.144046015,B722,_,00420,891
B722__00290.891,14.013212535182952,42.162105775,B722,_,00290,891
B722__00280.891,13.998060133015,42.15763483,B722,_,00280,891
B722__00090.891,13.973282729907911,42.185058185,B722,_,00090,891
B722__00060.891,13.992101678908675,42.187888725,B722,_,00060,891
B722__00050.892,13.976879500287318,42.19039873,B722,_,00050,892
B722__00520.892,14.021359973294352,42.13990901,B722,_,00520,892
B722__0051.892,14.003547266485509,42.139360069999995,B722,_,0051,892
B722__00420.892,14.019738021272689,42.14432169,B722,_,00420,892
B722__00280.892,13.998622556813563,42.157185125,B722,_,00280,892
B722__0009.892,13.969814243313083,42.186396009999996,B722,_,0009,892
B722__00060.892,13.992423728567598,42.187704339999996,B722,_,00060,892
B722__00050.893,13.977378066622737,42.190292795000005,B722,_,00050,893
B722__00520.893,14.02134732561495,42.140021045,B722,_,00520,893
B722__0051.893,14.003540498336609,42.13939345,B722,_,0051,893
B722__00420.893,14.020302149505742,42.144715919999996,B722,_,00420,893
B722__00280.893,13.998284130457257,42.157114555,B722,_,00280,893
B722__00060.893,13.99276543412048,42.18774613,B722,_,00060,893
B722__00050.894,13.977335118252945,42.19019866,B722,_,00050,894
B722__00520.894,14.021289209983221,42.140119905000006,B722,_,00520,894
B722__00420.894,14.020222872392445,42.14485921,B722,_,00420,894
B722__00410.894,14.014469833210832,42.154657955000005,B722,_,00410,894
B722__00290.894,14.012615552554479,42.15992181,B722,_,00290,894
B722__00280.894,13.998073791054166,42.157332835,B722,_,00280,894
B722__0009.894,13.969790009105271,42.187518885,B722,_,0009,894
B722__00060.894,13.992928061922868,42.18756251000001,B722,_,00060,894
B722__00050.895,13.982252608409754,42.191031115,B722,_,00050,895
B722__00520.895,14.018356318456124,42.13709109,B722,_,00520,895
B722__0051.895,14.004603613804473,42.13868252,B722,_,0051,895
B722__00290.895,14.012562285013743,42.15984597,B722,_,00290,895
B722__00280.895,13.997790844131847,42.15720169,B722,_,00280,895
B722__00060.895,13.993284931632019,42.187482405,B722,_,00060,895
B722__00050.896,13.972755240847434,42.191791605000006,B722,_,00050,896
B722__00520.896,14.018623514092306,42.137240915,B722,_,00520,896
B722__0051.896,14.004239341582153,42.138119665000005,B722,_,0051,896
B722__00280.896,13.998196418236057,42.15691971,B722,_,00280,896
B722__0009.896,13.969772406747346,42.18678923,B722,_,0009,896
B722__00060.896,13.993662859649676,42.18763113999999,B722,_,00060,896
B722__00050.897,13.971806347251743,42.190155634999996,B722,_,00050,897
B722__00520.897,14.018902009187189,42.13734388,B722,_,00520,897
B722__0051.897,14.004378730045648,42.138120955000005,B722,_,0051,897
B722__00420.897,14.025624991577203,42.148945925,B722,_,00420,897
B722__00280.897,13.998631606390035,42.15686343,B722,_,00280,897
B722__0009.897,13.971739677471616,42.187773295,B722,_,0009,897
B722__00060.897,13.991739456045583,42.18760466,B722,_,00060,897
B722__00050.898,13.971000382674228,42.192841745,B722,_,00050,898
B722__00520.898,14.018034270618413,42.137637545000004,B722,_,00520,898
B722__0051.898,14.005260426554072,42.14082048,B722,_,0051,898
B722__00420.898,14.025812432117256,42.148804145,B722,_,00420,898
B722__00290.898,14.0038478326626,42.158809165,B722,_,00290,898
B722__00280.898,13.999429194721117,42.15723536,B722,_,00280,898
B722__00060.898,13.99166075987334,42.18743783,B722,_,00060,898
B722__00050.899,13.96945790563155,42.19435195,B722,_,00050,899
B722__00520.899,14.01837410758063,42.137524135,B722,_,00520,899
B722__0051.899,14.005235806661528,42.140864495,B722,_,0051,899
B722__00420.899,14.02598171489029,42.149143235,B722,_,00420,899
B722__00290.899,14.003592423653695,42.16238932500001,B722,_,00290,899
B722__00280.899,14.000479660393,42.157354104999996,B722,_,00280,899
B722__00060.899,13.991674537074367,42.187174225,B722,_,00060,899
B722__00010.9,13.968124689866915,42.210895805,B722,_,00010,9
B722__00610.9,13.992173439338519,42.121708825,B722,_,00610,9
B722__00600.9,14.007512380747562,42.129208274999996,B722,_,00600,9
B722__00590.9,13.988335869258172,42.125828095,B722,_,00590,9
B722__00580.9,13.994816247781092,42.115402055000004,B722,_,00580,9
B722__00540.9,14.044540241197584,42.148058445000004,B722,_,00540,9
B722__00530.9,14.033501638915475,42.14975015,B722,_,00530,9
B722__00520.9,14.008181601160265,42.142686714999996,B722,_,00520,9
B722__0051.9,14.004109864399076,42.14288431,B722,_,0051,9
B722__00500.9,13.985555325779808,42.136450615,B722,_,00500,9
B722__00490.9,13.98373675523658,42.13246574,B722,_,00490,9
B722__00480.9,13.972990918136285,42.139298095,B722,_,00480,9
B722__00460.9,14.110756618217296,42.13300824,B722,_,00460,9
B722__00450.9,14.058093695639133,42.145767115,B722,_,00450,9
B722__00440.9,14.042771167367434,42.153556725,B722,_,00440,9
B722__00430.9,14.018426191613983,42.158103795,B722,_,00430,9
B722__00410.9,14.004679817963591,42.158679695000004,B722,_,00410,9
B722__00400.9,14.00254750103791,42.154002155,B722,_,00400,9
B722__00390.9,14.000781882035898,42.14612017,B722,_,00390,9
B722__00380.9,13.999620036345338,42.14290879,B722,_,00380,9
B722__00370.9,13.986873943682784,42.146772535,B722,_,00370,9
B722__00360.9,13.996888266403275,42.1549294,B722,_,00360,9
B722__00350.9,13.980682490454903,42.148477400000004,B722,_,00350,9
B722__00340.9,13.973505240697367,42.149957555,B722,_,00340,9
B722__00330.9,13.972597072181076,42.15532924,B722,_,00330,9
B722__00320.9,14.11105147743867,42.14512021,B722,_,00320,9
B722__00310.9,14.059882539217702,42.16261098,B722,_,00310,9
B722__00300.9,14.024530517639729,42.164084535,B722,_,00300,9
B722__0028.9,13.997194872576706,42.159366,B722,_,0028,9
B722__00270.9,13.991223503959546,42.16123131,B722,_,00270,9
B722__00260.9,13.984954112845683,42.165695475,B722,_,00260,9
B722__00250.9,13.980143727872246,42.16764847,B722,_,00250,9
B722__00240.9,14.09511211962668,42.152977205,B722,_,00240,9
B722__00230.9,14.0688202032748,42.171033800000004,B722,_,00230,9
B722__00220.9,14.04415167845429,42.171108565,B722,_,00220,9
B722__00210.9,14.03635589551712,42.173892455,B722,_,00210,9
B722__00200.9,14.017064507354402,42.170279415,B722,_,00200,9
B722__00190.9,13.993075222627304,42.17012828,B722,_,00190,9
B722__00180.9,14.019723065404381,42.17992822,B722,_,00180,9
B722__00170.9,14.01352660031402,42.18178157,B722,_,00170,9
B722__00160.9,14.00633069085239,42.178066855,B722,_,00160,9
B722__00150.9,13.99494915280315,42.178209665,B722,_,00150,9
B722__00140.9,13.985785112600546,42.174502239999995,B722,_,00140,9
B722__00130.9,13.97892889655337,42.17917189,B722,_,00130,9
B722__00120.9,14.005202084753687,42.195183205,B722,_,00120,9
B722__00110.9,13.995091199062795,42.184943605,B722,_,00110,9
B722__00100.9,13.98104016520616,42.18845274,B722,_,00100,9
B722__00080.9,13.959937474645802,42.19063682,B722,_,00080,9
B722__00070.9,13.996328158768753,42.197278635,B722,_,00070,9
B722__00060.9,13.987918207681007,42.200489275,B722,_,00060,9
B722__00050.9,13.981485019900909,42.194885495,B722,_,00050,9
B722__00040.9,13.978477683192224,42.200643345,B722,_,00040,9
B722__00030.9,13.967624962273618,42.20035254,B722,_,00030,9
B722__00020.9,13.974026784071285,42.20843934,B722,_,00020,9
B722__00010.90,13.969622041418372,42.207852425,B722,_,00010,90
B722__00610.90,13.994887704688402,42.115613429999996,B722,_,00610,90
B722__00600.90,14.005797555950995,42.125770125,B722,_,00600,90
B722__00590.90,13.996990368714512,42.1264251,B722,_,00590,90
B722__00540.90,14.047110819670001,42.143367104999996,B722,_,00540,90
B722__00530.90,14.028692984200415,42.14537446,B722,_,00530,90
B722__00520.90,14.007440263008263,42.141576995,B722,_,00520,90
B722__00500.90,13.990098456963448,42.133594075000005,B722,_,00500,90
B722__00490.90,13.9839442602055,42.128941080000004,B722,_,00490,90
B722__00480.90,13.978983577476928,42.13668446,B722,_,00480,90
B722__00440.90,14.041650229797458,42.150752485,B722,_,00440,90
B722__00430.90,14.032327966073085,42.155992715,B722,_,00430,90
B722__00420.90,14.022422246971693,42.149687485,B722,_,00420,90
B722__00410.90,14.009136658474194,42.15873734,B722,_,00410,90
B722__00400.90,14.00165160407468,42.151224150000004,B722,_,00400,90
B722__00390.90,14.000786505207909,42.1446623,B722,_,00390,90
B722__00380.90,14.002799781085166,42.14092086,B722,_,00380,90
B722__00370.90,13.991850802071479,42.14294836,B722,_,00370,90
B722__00360.90,13.995764700026566,42.15095958,B722,_,00360,90
B722__00350.90,13.985603048377001,42.14753013,B722,_,00350,90
B722__00340.90,13.965803166685546,42.143181115,B722,_,00340,90
B722__00330.90,13.979406088498092,42.14898272,B722,_,00330,90
B722__00300.90,14.017493148614605,42.158695275,B722,_,00300,90
B722__00290.90,14.012793617244212,42.162559805,B722,_,00290,90
B722__0028.90,13.998524345494157,42.158874315000006,B722,_,0028,90
B722__00270.90,13.992392985321475,42.158100345,B722,_,00270,90
B722__00260.90,13.985130702406092,42.163202025000004,B722,_,00260,90
B722__00250.90,13.979999131862035,42.16459240499999,B722,_,00250,90
B722__00230.90,14.06446006029033,42.167131905,B722,_,00230,90
B722__00220.90,14.054790846214017,42.169973784999996,B722,_,00220,90
B722__00210.90,14.02951879107044,42.169473515,B722,_,00210,90
B722__00200.90,14.013750704749901,42.168419645,B722,_,00200,90
B722__00190.90,13.99562193107351,42.16837869,B722,_,00190,90
B722__00180.90,14.018701519941958,42.177859694999995,B722,_,00180,90
B722__00170.90,14.01371290125876,42.179602790000004,B722,_,00170,90
B722__00160.90,14.008936627253942,42.172048805,B722,_,00160,90
B722__00150.90,14.003360219665204,42.17668929,B722,_,00150,90
B722__00140.90,13.98426859855405,42.17346939,B722,_,00140,90
B722__00130.90,13.975474654862044,42.174326,B722,_,00130,90
B722__00120.90,14.008919012244334,42.191146345,B722,_,00120,90
B722__00110.90,13.996910076883472,42.184403024999995,B722,_,00110,90
B722__00100.90,13.982733176368217,42.187122115,B722,_,00100,90
B722__00080.90,13.965404575135416,42.18809228,B722,_,00080,90
B722__00070.90,14.00350020357893,42.19651218,B722,_,00070,90
B722__00050.90,13.982300080050925,42.193695285,B722,_,00050,90
B722__00040.90,13.970948951610463,42.200433419999996,B722,_,00040,90
B722__00030.90,13.962618048415766,42.19795189,B722,_,00030,90
B722__00020.90,13.97986464283737,42.206184135,B722,_,00020,90
B722__00050.900,13.96833441640361,42.19352895,B722,_,00050,900
B722__00520.900,14.01821785041266,42.13745245,B722,_,00520,900
B722__0051.900,14.00521479620506,42.14090233,B722,_,0051,900
B722__00420.900,14.02599713719884,42.14925822,B722,_,00420,900
B722__00290.900,14.003792333694431,42.162560145,B722,_,00290,900
B722__00280.900,13.996244652561902,42.156414985,B722,_,00280,900
B722__0009.900,13.970500417016126,42.185961219999996,B722,_,0009,900
B722__00060.900,13.991852611209609,42.18688967,B722,_,00060,900
B722__00050.901,13.968427542461873,42.19351337,B722,_,00050,901
B722__00520.901,14.023099874270915,42.139770635000005,B722,_,00520,901
B722__0051.901,14.005322934445914,42.141211915,B722,_,0051,901
B722__00420.901,14.026062891454288,42.149333295,B722,_,00420,901
B722__00290.901,14.012871836927598,42.162144534999996,B722,_,00290,901
B722__00280.901,13.99615800295798,42.15614316,B722,_,00280,901
B722__00100.901,13.978053100970964,42.18230271,B722,_,00100,901
B722__0009.901,13.970682017481703,42.186185175,B722,_,0009,901
B722__00060.901,13.991825394073796,42.186753525,B722,_,00060,901
B722__00020.902,13.987481604946542,42.201253375,B722,_,00020,902
B722__00520.902,14.02347414990216,42.13978104,B722,_,00520,902
B722__0051.902,14.00529772687587,42.141263824999996,B722,_,0051,902
B722__00420.902,14.02597283641833,42.149495634999994,B722,_,00420,902
B722__00290.902,14.012962476796138,42.162112005,B722,_,00290,902
B722__00280.902,13.997262741162285,42.155644054999996,B722,_,00280,902
B722__00060.902,13.992353163548369,42.186569975,B722,_,00060,902
B722__00050.902,13.96857151769332,42.19354943,B722,_,00050,902
B722__00020.903,13.987216491296657,42.200301175,B722,_,00020,903
B722__00520.903,14.023712127075731,42.139652870000006,B722,_,00520,903
B722__0051.903,14.005072049142528,42.141174375000006,B722,_,0051,903
B722__00420.903,14.020028237156048,42.14532808,B722,_,00420,903
B722__00290.903,14.013592078031547,42.161862445,B722,_,00290,903
B722__00280.903,13.999439618055453,42.156975939999995,B722,_,00280,903
B722__00190.903,13.99373505465905,42.16567517,B722,_,00190,903
B722__00100.903,13.97849288900828,42.183137295,B722,_,00100,903
B722__00090.903,13.977923123175678,42.185835315,B722,_,00090,903
B722__00060.903,13.99221739196549,42.186433235,B722,_,00060,903
B722__00050.903,13.968677305278602,42.193506510000006,B722,_,00050,903
B722__00020.904,13.98662875162206,42.202059070000004,B722,_,00020,904
B722__00520.904,14.011974610456207,42.142190920000004,B722,_,00520,904
B722__0051.904,14.005098919317035,42.141157989999996,B722,_,0051,904
B722__00420.904,14.01980887293054,42.145225249999996,B722,_,00420,904
B722__00290.904,14.01302424217928,42.160016365000004,B722,_,00290,904
B722__00280.904,13.998420596143697,42.15639344,B722,_,00280,904
B722__00190.904,13.993911136094887,42.16580262,B722,_,00190,904
B722__00100.904,13.978353186524426,42.1822769,B722,_,00100,904
B722__00060.904,13.992071144649554,42.18629641,B722,_,00060,904
B722__00050.904,13.970965289192364,42.194225450000005,B722,_,00050,904
B722__00050.905,13.970838261122054,42.194184230000005,B722,_,00050,905
B722__00520.905,14.011905172697247,42.142265585000004,B722,_,00520,905
B722__0051.905,14.005101041125648,42.141124445,B722,_,0051,905
B722__00420.905,14.019976440331009,42.145120160000005,B722,_,00420,905
B722__00290.905,14.012986854780902,42.159840445,B722,_,00290,905
B722__00280.905,13.999001355442996,42.15630904,B722,_,00280,905
B722__00190.905,13.994088808664362,42.165920935,B722,_,00190,905
B722__00100.905,13.978945028443889,42.183025529999995,B722,_,00100,905
B722__0009.905,13.97279290440434,42.18778313,B722,_,0009,905
B722__00060.905,13.992021327556047,42.185917544999995,B722,_,00060,905
B722__00050.906,13.970848175531197,42.1941238,B722,_,00050,906
B722__00520.906,14.012405403691565,42.141948315,B722,_,00520,906
B722__0051.906,14.005988526268418,42.141211440000006,B722,_,0051,906
B722__00420.906,14.01044364856218,42.14834404,B722,_,00420,906
B722__00290.906,14.014421612967826,42.159832859999995,B722,_,00290,906
B722__00280.906,13.99916834442496,42.156598145000004,B722,_,00280,906
B722__00190.906,13.994383716473525,42.16597989,B722,_,00190,906
B722__00100.906,13.978654500667169,42.18235276,B722,_,00100,906
B722__00090.906,13.973541439203752,42.176533485,B722,_,00090,906
B722__00060.906,13.991994739224573,42.185483930000004,B722,_,00060,906
B722__00050.907,13.97052211329708,42.193963505,B722,_,00050,907
B722__0051.907,14.006046252075732,42.141360885,B722,_,0051,907
B722__00420.907,14.010328985518477,42.14821792,B722,_,00420,907
B722__00290.907,14.01463473990562,42.159738739999995,B722,_,00290,907
B722__00280.907,13.998573448488187,42.156202175000004,B722,_,00280,907
B722__00100.907,13.978510981001147,42.182290625,B722,_,00100,907
B722__00090.907,13.97337232749242,42.177087285,B722,_,00090,907
B722__00060.907,13.99167817958108,42.18518806,B722,_,00060,907
B722__00020.908,13.987178682032145,42.20010943,B722,_,00020,908
B722__0051.908,14.006272502976927,42.1415086,B722,_,0051,908
B722__00420.908,14.010569527438559,42.147868665000004,B722,_,00420,908
B722__00290.908,14.011931355141014,42.158208365,B722,_,00290,908
B722__00280.908,13.998709092580306,42.156270074999995,B722,_,00280,908
B722__00100.908,13.978268013916956,42.182190715000004,B722,_,00100,908
B722__00090.908,13.973462221458485,42.176920304999996,B722,_,00090,908
B722__00060.908,13.991391491828052,42.18535584,B722,_,00060,908
B722__00050.908,13.970806702908414,42.19390443,B722,_,00050,908
B722__00050.909,13.970710249634514,42.19372105,B722,_,00050,909
B722__0051.909,14.005587810885356,42.14128937,B722,_,0051,909
B722__00420.909,14.009813365337854,42.14778226,B722,_,00420,909
B722__00290.909,14.0120622930311,42.15799659,B722,_,00290,909
B722__00280.909,13.999156751932635,42.156383035000005,B722,_,00280,909
B722__00100.909,13.977895968120386,42.18191718,B722,_,00100,909
B722__00060.909,13.990676962133506,42.185578175,B722,_,00060,909
B722__00010.91,13.970530219426507,42.208682955,B722,_,00010,91
B722__00610.91,13.995781784486503,42.116015125000004,B722,_,00610,91
B722__00600.91,14.006171301958481,42.125788029999995,B722,_,00600,91
B722__00590.91,13.996718987878001,42.125955295,B722,_,00590,91
B722__00540.91,14.04762744017437,42.14409765,B722,_,00540,91
B722__00530.91,14.034202125773575,42.143939665,B722,_,00530,91
B722__00520.91,14.007450121128006,42.141675375,B722,_,00520,91
B722__00500.91,13.990600017134152,42.132983095,B722,_,00500,91
B722__00490.91,13.984818803285712,42.129415155000004,B722,_,00490,91
B722__00480.91,13.979274840190133,42.136711430000005,B722,_,00480,91
B722__00440.91,14.041557118350067,42.150421245000004,B722,_,00440,91
B722__00430.91,14.03410676777289,42.15635361,B722,_,00430,91
B722__00420.91,14.022330245343188,42.149749575,B722,_,00420,91
B722__00410.91,14.009479809881277,42.158503214999996,B722,_,00410,91
B722__00400.91,14.001941069688797,42.15120666,B722,_,00400,91
B722__00390.91,14.000550554238197,42.144647885,B722,_,00390,91
B722__00380.91,14.001302114840922,42.140761555,B722,_,00380,91
B722__00370.91,13.992468844690361,42.143024440000005,B722,_,00370,91
B722__00360.91,13.99513171295537,42.1511677,B722,_,00360,91
B722__00340.91,13.966232898571832,42.143368015,B722,_,00340,91
B722__00330.91,13.977379652036657,42.149894255,B722,_,00330,91
B722__00300.91,14.01757986493751,42.15853889,B722,_,00300,91
B722__00290.91,14.012317036327754,42.163491664999995,B722,_,00290,91
B722__0028.91,13.998600876132244,42.158823845,B722,_,0028,91
B722__00270.91,13.992744380824778,42.158116820000004,B722,_,00270,91
B722__00260.91,13.983955967035445,42.16355823,B722,_,00260,91
B722__00250.91,13.980526858262362,42.164786070000005,B722,_,00250,91
B722__00230.91,14.064720747841342,42.1667657,B722,_,00230,91
B722__00220.91,14.054898416952152,42.170129195,B722,_,00220,91
B722__00210.91,14.031534564114239,42.170742634999996,B722,_,00210,91
B722__00200.91,14.012585614753228,42.16690295,B722,_,00200,91
B722__00190.91,13.995678930224045,42.167918369999995,B722,_,00190,91
B722__00180.91,14.019940137053519,42.17865269,B722,_,00180,91
B722__00170.91,14.013300554452028,42.179915255,B722,_,00170,91
B722__00160.91,14.010967524616891,42.171761585,B722,_,00160,91
B722__00150.91,14.002270687459106,42.175679275,B722,_,00150,91
B722__00140.91,13.984365939104471,42.173614715,B722,_,00140,91
B722__00130.91,13.975882731200308,42.174424715,B722,_,00130,91
B722__00120.91,14.00948356813947,42.19159801,B722,_,00120,91
B722__00110.91,13.998383602681741,42.18380395,B722,_,00110,91
B722__00100.91,13.982749950849676,42.187273160000004,B722,_,00100,91
B722__00080.91,13.965388550820737,42.188565355,B722,_,00080,91
B722__00070.91,13.995538945262895,42.195805345,B722,_,00070,91
B722__00050.91,13.980154507845587,42.193060585,B722,_,00050,91
B722__00040.91,13.971651153023672,42.200186695,B722,_,00040,91
B722__00030.91,13.9625357220382,42.197732724999995,B722,_,00030,91
B722__00020.91,13.981127501737749,42.20575590999999,B722,_,00020,91
B722__00020.910,13.987204169526098,42.200200235,B722,_,00020,910
B722__00520.910,14.012574546019568,42.14182957,B722,_,00520,910
B722__0051.910,14.005553368953212,42.14098549,B722,_,0051,910
B722__00420.910,14.009753419153505,42.14773262,B722,_,00420,910
B722__00290.910,14.01225385695447,42.1578437,B722,_,00290,910
B722__00280.910,13.999983895897845,42.156121905,B722,_,00280,910
B722__00100.910,13.978231459011628,42.18246617,B722,_,00100,910
B722__00090.910,13.973633831455684,42.176750145,B722,_,00090,910
B722__00060.910,13.990904140841884,42.185430935,B722,_,00060,910
B722__00050.910,13.969116926485714,42.192840360000005,B722,_,00050,910
B722__00020.911,13.98649967069227,42.202488425,B722,_,00020,911
B722__00520.911,14.011994606678597,42.14162563,B722,_,00520,911
B722__0051.911,14.005604054559688,42.140956805,B722,_,0051,911
B722__00420.911,14.009665001106404,42.147690335,B722,_,00420,911
B722__00410.911,14.006414398682878,42.15607924,B722,_,00410,911
B722__00290.911,14.01405107564112,42.15842189,B722,_,00290,911
B722__00060.911,13.990397525671417,42.185748945,B722,_,00060,911
B722__00050.911,13.969601721236344,42.192735195,B722,_,00050,911
B722__00020.912,13.987210405734805,42.20224351,B722,_,00020,912
B722__00520.912,14.012017164671079,42.141496835,B722,_,00520,912
B722__0051.912,14.00557344300504,42.140879885,B722,_,0051,912
B722__00420.912,14.012665389497062,42.142292874999995,B722,_,00420,912
B722__00410.912,14.010326475315384,42.15936784,B722,_,00410,912
B722__00290.912,14.014268698883498,42.158472335,B722,_,00290,912
B722__00280.912,14.000630321252732,42.15676998,B722,_,00280,912
B722__00190.912,13.995353002508601,42.162501475,B722,_,00190,912
B722__00100.912,13.977599452847269,42.183708995,B722,_,00100,912
B722__00090.912,13.974071146002846,42.177213574999996,B722,_,00090,912
B722__00060.912,13.990470648529719,42.186017225,B722,_,00060,912
B722__00050.912,13.969428782916232,42.19263817,B722,_,00050,912
B722__00020.913,13.986874755642717,42.202204144999996,B722,_,00020,913
B722__00520.913,14.012077929529688,42.14131046,B722,_,00520,913
B722__0051.913,14.005082825783385,42.14125035,B722,_,0051,913
B722__00420.913,14.012740895905006,42.14225385,B722,_,00420,913
B722__00410.913,14.005984838554465,42.150308505,B722,_,00410,913
B722__0028.913,13.999830192027439,42.158468729999996,B722,_,0028,913
B722__00190.913,13.995819774639994,42.16292624,B722,_,00190,913
B722__00100.913,13.977927306576657,42.183737095,B722,_,00100,913
B722__00090.913,13.973979869440466,42.17710007,B722,_,00090,913
B722__00060.913,13.986999378037464,42.196615925,B722,_,00060,913
B722__00050.913,13.969859924016188,42.192244665000004,B722,_,00050,913
B722__00020.914,13.987629699552603,42.202224830000006,B722,_,00020,914
B722__00520.914,14.011148782271743,42.14139868,B722,_,00520,914
B722__0051.914,14.005027151762812,42.141304579999996,B722,_,0051,914
B722__00420.914,14.012801572358514,42.142224330000005,B722,_,00420,914
B722__00410.914,14.004714228529103,42.15460459,B722,_,00410,914
B722__0028.914,14.00054173642377,42.1582344,B722,_,0028,914
B722__00190.914,13.996261911541147,42.16343001,B722,_,00190,914
B722__00090.914,13.97403069142298,42.17698787,B722,_,00090,914
B722__00060.914,13.989589546628217,42.194034040000005,B722,_,00060,914
B722__00050.914,13.969980869801027,42.192189945,B722,_,00050,914
B722__00020.915,13.987442357039392,42.202157845,B722,_,00020,915
B722__00520.915,14.01120074940112,42.14138532,B722,_,00520,915
B722__0051.915,14.005002282004384,42.14135598,B722,_,0051,915
B722__00420.915,14.01331250512525,42.142397715,B722,_,00420,915
B722__0028.915,14.00338875899449,42.157237190000004,B722,_,0028,915
B722__00190.915,13.999160900562622,42.161727415,B722,_,00190,915
B722__00090.915,13.974487121760765,42.177125225,B722,_,00090,915
B722__00060.915,13.984304250258372,42.197976925,B722,_,00060,915
B722__00050.915,13.970160545764553,42.193307309999994,B722,_,00050,915
B722__00020.916,13.986913910222352,42.20216767,B722,_,00020,916
B722__00520.916,14.011260312052713,42.141371035000006,B722,_,00520,916
B722__0051.916,14.005345079996612,42.14136411,B722,_,0051,916
B722__00420.916,14.01333931056492,42.142386655,B722,_,00420,916
B722__00290.916,14.010801057222402,42.158852865,B722,_,00290,916
B722__0028.916,14.003992932607773,42.155872195,B722,_,0028,916
B722__00190.916,13.997760725163825,42.16515329,B722,_,00190,916
B722__00100.916,13.97780546338419,42.18256248,B722,_,00100,916
B722__00050.916,13.970318106803795,42.193165820000004,B722,_,00050,916
B722__00020.917,13.986777787581197,42.2021714,B722,_,00020,917
B722__00520.917,14.013526977891445,42.141306549999996,B722,_,00520,917
B722__0051.917,14.005255035793166,42.14140603,B722,_,0051,917
B722__00420.917,14.013350986512362,42.14236627,B722,_,00420,917
B722__00410.917,14.00618980330383,42.155590509999996,B722,_,00410,917
B722__00290.917,14.01206985227272,42.158966445000004,B722,_,00290,917
B722__0028.917,14.002850459561259,42.15606052,B722,_,0028,917
B722__00190.917,13.99808287139684,42.16500541,B722,_,00190,917
B722__00090.917,13.978579982453534,42.186388865,B722,_,00090,917
B722__00050.917,13.970205669745482,42.192613,B722,_,00050,917
B722__00050.918,13.971418553145494,42.19411229,B722,_,00050,918
B722__00520.918,14.013591775639629,42.14124694,B722,_,00520,918
B722__0051.918,14.005203436047296,42.14145276,B722,_,0051,918
B722__00410.918,14.004790008990032,42.155715015,B722,_,00410,918
B722__00290.918,14.01210021719854,42.158984435,B722,_,00290,918
B722__00100.918,13.977872324895776,42.18257197,B722,_,00100,918
B722__00090.918,13.97654528035932,42.184805775,B722,_,00090,918
B722__00020.919,13.982856595098719,42.202879534999994,B722,_,00020,919
B722__00520.919,14.010380154195147,42.140192369999994,B722,_,00520,919
B722__0051.919,14.005961572047275,42.1409111,B722,_,0051,919
B722__00410.919,14.004299176260222,42.156022155,B722,_,00410,919
B722__00290.919,14.011508777462698,42.158472474999996,B722,_,00290,919
B722__00190.919,14.002547190393978,42.164855790000004,B722,_,00190,919
B722__00100.919,13.977886670057806,42.182642235,B722,_,00100,919
B722__00090.919,13.976800681229756,42.184519005,B722,_,00090,919
B722__00050.919,13.971433123454197,42.19407365,B722,_,00050,919
B722__00010.92,13.970527618869065,42.208518035,B722,_,00010,92
B722__00610.92,13.996970925593654,42.11672838,B722,_,00610,92
B722__00600.92,14.006735753117834,42.125869695000006,B722,_,00600,92
B722__00590.92,13.99716223012101,42.126281445000004,B722,_,00590,92
B722__00540.92,14.048220429577297,42.14385706,B722,_,00540,92
B722__00530.92,14.026925807607894,42.143911405,B722,_,00530,92
B722__00520.92,14.007467782848206,42.141783855,B722,_,00520,92
B722__00500.92,13.990607609324627,42.13334019,B722,_,00500,92
B722__00490.92,13.985271628697973,42.129132235,B722,_,00490,92
B722__00480.92,13.97955830895044,42.13657089,B722,_,00480,92
B722__00440.92,14.043982387143796,42.153175175,B722,_,00440,92
B722__00430.92,14.034606408171467,42.156059355,B722,_,00430,92
B722__00420.92,14.022387728395728,42.149793095,B722,_,00420,92
B722__00410.92,14.009613878008592,42.158665685,B722,_,00410,92
B722__00400.92,14.002091473866722,42.151190549999995,B722,_,00400,92
B722__00390.92,14.000463789474633,42.14465661,B722,_,00390,92
B722__00380.92,14.00183893231726,42.140759169999995,B722,_,00380,92
B722__00360.92,13.995358419609484,42.150884395000006,B722,_,00360,92
B722__00340.92,13.966359892491436,42.14321469,B722,_,00340,92
B722__00330.92,13.979301985188698,42.14861857,B722,_,00330,92
B722__00300.92,14.017627014076377,42.15840747,B722,_,00300,92
B722__00290.92,14.012996842527757,42.16324947,B722,_,00290,92
B722__0028.92,13.998623210849699,42.158901979999996,B722,_,0028,92
B722__00270.92,13.99331694816506,42.158175555,B722,_,00270,92
B722__00260.92,13.985510559728208,42.16350172,B722,_,00260,92
B722__00250.92,13.980591900617101,42.1646387,B722,_,00250,92
B722__00230.92,14.064909807237697,42.16696494,B722,_,00230,92
B722__00220.92,14.054518753723059,42.170269795,B722,_,00220,92
B722__00210.92,14.031434477635017,42.171168605000005,B722,_,00210,92
B722__00200.92,14.012929045940588,42.166956415,B722,_,00200,92
B722__00190.92,13.99593988158174,42.167374734999996,B722,_,00190,92
B722__00180.92,14.021091734239375,42.17902733,B722,_,00180,92
B722__00160.92,14.010035115845426,42.171642235,B722,_,00160,92
B722__00150.92,14.002657115859986,42.175385475,B722,_,00150,92
B722__00140.92,13.984366598831453,42.173534630000006,B722,_,00140,92
B722__00130.92,13.9722063116891,42.171953345,B722,_,00130,92
B722__00120.92,14.009631658850548,42.191433395000004,B722,_,00120,92
B722__00110.92,13.99895669370763,42.184597554999996,B722,_,00110,92
B722__00100.92,13.982613532388047,42.187691305,B722,_,00100,92
B722__00080.92,13.965502609473578,42.188440220000004,B722,_,00080,92
B722__00070.92,13.995446251013078,42.195669300000006,B722,_,00070,92
B722__00050.92,13.980186411077174,42.192960385,B722,_,00050,92
B722__00040.92,13.971240093898022,42.20012403,B722,_,00040,92
B722__00030.92,13.963027883175844,42.1977019,B722,_,00030,92
B722__00020.92,13.980838418312576,42.20602219,B722,_,00020,92
B722__00020.920,13.98254886681461,42.202773265000005,B722,_,00020,920
B722__00520.920,14.010070210684063,42.13659182,B722,_,00520,920
B722__0051.920,14.005612146977697,42.140668935,B722,_,0051,920
B722__00410.920,14.008209192843662,42.156626845,B722,_,00410,920
B722__00290.920,14.011866927392145,42.15891886,B722,_,00290,920
B722__00280.920,14.002243853213649,42.154940319999994,B722,_,00280,920
B722__00100.920,13.97794769941418,42.182563705,B722,_,00100,920
B722__00090.920,13.976936608205413,42.184782635,B722,_,00090,920
B722__00050.920,13.971211960027697,42.19408109,B722,_,00050,920
B722__00020.921,13.982673435081955,42.20258206,B722,_,00020,921
B722__00520.921,14.010723778906872,42.13621642,B722,_,00520,921
B722__0051.921,14.005610227162904,42.14074194,B722,_,0051,921
B722__00410.921,14.00476697421901,42.158310565,B722,_,00410,921
B722__00280.921,14.002435585020264,42.1548494,B722,_,00280,921
B722__00100.921,13.978146166130912,42.17999708,B722,_,00100,921
B722__00060.921,13.987465132136354,42.197433465,B722,_,00060,921
B722__00050.921,13.97129972765199,42.193999250000005,B722,_,00050,921
B722__00020.922,13.983082395506582,42.20264489,B722,_,00020,922
B722__00520.922,14.010983454856003,42.136229845,B722,_,00520,922
B722__0051.922,14.005499803745026,42.140777400000005,B722,_,0051,922
B722__00420.922,14.013619970444168,42.14806634,B722,_,00420,922
B722__00410.922,14.004363147198527,42.158464275,B722,_,00410,922
B722__00290.922,14.008057756595866,42.16003885000001,B722,_,00290,922
B722__00280.922,14.00268104839189,42.154861935,B722,_,00280,922
B722__00190.922,14.00256471086783,42.16495228,B722,_,00190,922
B722__00090.922,13.978271272983562,42.18602877,B722,_,00090,922
B722__00060.922,13.992221269981131,42.19796047,B722,_,00060,922
B722__00050.922,13.97106902328322,42.193811260000004,B722,_,00050,922
B722__00050.923,13.969436048539382,42.19321064499999,B722,_,00050,923
B722__00520.923,14.008764245588274,42.135076215,B722,_,00520,923
B722__0051.923,14.006013163574565,42.14099737,B722,_,0051,923
B722__00420.923,14.00713282808454,42.149378444999996,B722,_,00420,923
B722__00410.923,14.00419480151906,42.158555199999995,B722,_,00410,923
B722__00280.923,14.002790709711592,42.15500098,B722,_,00280,923
B722__00190.923,13.993663282633307,42.16478553,B722,_,00190,923
B722__00090.923,13.975406259308897,42.186825405,B722,_,00090,923
B722__00060.923,13.984832207748916,42.197019895,B722,_,00060,923
B722__00020.924,13.987052534030765,42.20144046,B722,_,00020,924
B722__00520.924,14.009511980547433,42.135238619999996,B722,_,00520,924
B722__0051.924,14.006751481027266,42.1410539,B722,_,0051,924
B722__00420.924,14.00707162153161,42.149240094999996,B722,_,00420,924
B722__00410.924,14.008199908891518,42.157313125,B722,_,00410,924
B722__00280.924,14.002948272504751,42.155007815000005,B722,_,00280,924
B722__00190.924,14.003621050653155,42.16428564,B722,_,00190,924
B722__00090.924,13.97562092102207,42.186758165,B722,_,00090,924
B722__00060.924,13.985016782700779,42.197025835000005,B722,_,00060,924
B722__00050.924,13.969320693511648,42.193235505,B722,_,00050,924
B722__00020.925,13.986885581131958,42.201700970000005,B722,_,00020,925
B722__00520.925,14.012611718988207,42.140025805,B722,_,00520,925
B722__0051.925,14.006754941115881,42.140937795,B722,_,0051,925
B722__00420.925,14.006961773601805,42.149815724999996,B722,_,00420,925
B722__00410.925,14.003305755307396,42.155822885,B722,_,00410,925
B722__00280.925,14.0031393252444,42.155024194999996,B722,_,00280,925
B722__00190.925,14.003540541517303,42.164676115000006,B722,_,00190,925
B722__00100.925,13.979919813909703,42.184957964999995,B722,_,00100,925
B722__00090.925,13.975770004542982,42.186933585000006,B722,_,00090,925
B722__00060.925,13.988031536149794,42.19591227,B722,_,00060,925
B722__00050.925,13.969127371670137,42.193294185,B722,_,00050,925
B722__00020.926,13.987589036720475,42.20088794,B722,_,00020,926
B722__00520.926,14.011391013199617,42.14214908,B722,_,00520,926
B722__0051.926,14.006384920567292,42.140898289999996,B722,_,0051,926
B722__00420.926,14.007303481020775,42.14963928,B722,_,00420,926
B722__00410.926,14.003515654559003,42.155651805000005,B722,_,00410,926
B722__00280.926,14.003384757078063,42.15503459,B722,_,00280,926
B722__00190.926,14.003362057733304,42.164511610000005,B722,_,00190,926
B722__00100.926,13.9802896172129,42.18485076,B722,_,00100,926
B722__00090.926,13.977102218042841,42.186288495,B722,_,00090,926
B722__00060.926,13.9879250900516,42.196010314999995,B722,_,00060,926
B722__00050.926,13.968841947414292,42.19329266,B722,_,00050,926
B722__00020.927,13.985453457665248,42.202988930000004,B722,_,00020,927
B722__00520.927,14.009108088763565,42.14306899,B722,_,00520,927
B722__0051.927,14.006348822934068,42.140964530000005,B722,_,0051,927
B722__00420.927,14.006966536145548,42.149559769999996,B722,_,00420,927
B722__00410.927,14.003912780461462,42.155128175,B722,_,00410,927
B722__00290.927,14.010286909667203,42.159587959999996,B722,_,00290,927
B722__00280.927,14.003664219696699,42.15503928,B722,_,00280,927
B722__00190.927,14.00362567961783,42.16456979,B722,_,00190,927
B722__00100.927,13.98047781296556,42.184751715000004,B722,_,00100,927
B722__00090.927,13.976980070063341,42.18598682,B722,_,00090,927
B722__00060.927,13.987773402230292,42.196103935,B722,_,00060,927
B722__00050.927,13.968602982943601,42.193282780000004,B722,_,00050,927
B722__00050.928,13.968701706702838,42.193073865,B722,_,00050,928
B722__0051.928,14.006380467209105,42.141028435,B722,_,0051,928
B722__00420.928,14.007566866873834,42.149552365,B722,_,00420,928
B722__00410.928,14.004733512939023,42.153562835,B722,_,00410,928
B722__00280.928,13.994402521262742,42.159060845,B722,_,00280,928
B722__00100.928,13.979904655255057,42.18482314,B722,_,00100,928
B722__00090.928,13.976619446659166,42.186231785000004,B722,_,00090,928
B722__00060.928,13.98766618271336,42.196108609999996,B722,_,00060,928
B722__00050.929,13.969005478130427,42.193050845,B722,_,00050,929
B722__0051.929,14.006282481605217,42.14104294,B722,_,0051,929
B722__00420.929,14.007333887284148,42.149377425,B722,_,00420,929
B722__00410.929,14.004468472673931,42.153524829999995,B722,_,00410,929
B722__00290.929,14.004175307077464,42.158993885,B722,_,00290,929
B722__00280.929,13.99453592718315,42.159072795,B722,_,00280,929
B722__00090.929,13.976588299720099,42.186582085,B722,_,00090,929
B722__00060.929,13.987601745280806,42.196202845,B722,_,00060,929
B722__00010.93,13.970495592949348,42.20837289,B722,_,00010,93
B722__00610.93,13.997382762087778,42.11705915,B722,_,00610,93
B722__00600.93,14.006841630763148,42.125582054999995,B722,_,00600,93
B722__00590.93,13.997046026600213,42.12546661499999,B722,_,00590,93
B722__00540.93,14.048926331422795,42.14353354,B722,_,00540,93
B722__00530.93,14.027375221781519,42.143827875,B722,_,00530,93
B722__00520.93,14.00790344377582,42.14157834,B722,_,00520,93
B722__0051.93,14.003339731829303,42.141910935,B722,_,0051,93
B722__00500.93,13.990780602803461,42.1332273,B722,_,00500,93
B722__00490.93,13.985400991863868,42.128946325,B722,_,00490,93
B722__00480.93,13.979626260660243,42.137269005,B722,_,00480,93
B722__00440.93,14.0426400701153,42.150322155,B722,_,00440,93
B722__00430.93,14.018600939584537,42.15667325,B722,_,00430,93
B722__00420.93,14.02241368678052,42.14986392,B722,_,00420,93
B722__00410.93,14.009968085381564,42.158755045,B722,_,00410,93
B722__00400.93,14.00215930169842,42.15110965,B722,_,00400,93
B722__00390.93,14.000435743745214,42.144560255,B722,_,00390,93
B722__00360.93,13.995031919268836,42.150823265,B722,_,00360,93
B722__00340.93,13.966752896802113,42.14385865,B722,_,00340,93
B722__00330.93,13.977514336403194,42.148922485,B722,_,00330,93
B722__00300.93,14.01764765758346,42.158338715,B722,_,00300,93
B722__00290.93,14.01380461376873,42.16278595,B722,_,00290,93
B722__0028.93,13.998663716831249,42.158859855,B722,_,0028,93
B722__00270.93,13.993185655248539,42.157817115,B722,_,00270,93
B722__00260.93,13.985614762823229,42.163446359999995,B722,_,00260,93
B722__00250.93,13.980616435800572,42.16473897,B722,_,00250,93
B722__00230.93,14.065726889074877,42.16665133,B722,_,00230,93
B722__00220.93,14.054195115613545,42.170391225,B722,_,00220,93
B722__00210.93,14.032067167274835,42.170968275,B722,_,00210,93
B722__00200.93,14.013143422462164,42.167090345,B722,_,00200,93
B722__00190.93,13.996195652565738,42.167639685,B722,_,00190,93
B722__00180.93,14.021525177795176,42.178858739999995,B722,_,00180,93
B722__00170.93,14.015817289686025,42.17869354,B722,_,00170,93
B722__00160.93,14.009461337661206,42.17153484,B722,_,00160,93
B722__00150.93,14.003560509353512,42.1756774,B722,_,00150,93
B722__00140.93,13.98455873414347,42.173492325,B722,_,00140,93
B722__00130.93,13.972800995982798,42.171520650000005,B722,_,00130,93
B722__00120.93,14.009279724164124,42.191100899999995,B722,_,00120,93
B722__00110.93,14.000551248883525,42.18459884,B722,_,00110,93
B722__00100.93,13.98291693632763,42.187569455,B722,_,00100,93
B722__00080.93,13.966063197157698,42.18818494,B722,_,00080,93
B722__00050.93,13.981485196635393,42.19293711,B722,_,00050,93
B722__00040.93,13.971100480583637,42.199960915000005,B722,_,00040,93
B722__00030.93,13.96329256755416,42.19759752,B722,_,00030,93
B722__00020.93,13.981567689661915,42.205624285,B722,_,00020,93
B722__00050.930,13.969333935831557,42.19301436000001,B722,_,00050,930
B722__0051.930,14.006037613344217,42.14079165,B722,_,0051,930
B722__00420.930,14.007526923195096,42.149399475,B722,_,00420,930
B722__00410.930,14.004538516913325,42.15344054,B722,_,00410,930
B722__00280.930,13.994733123574544,42.159141955,B722,_,00280,930
B722__00190.930,14.00267139700128,42.164892025,B722,_,00190,930
B722__00100.930,13.980465623992735,42.184664409999996,B722,_,00100,930
B722__00090.930,13.976560242301385,42.186677689999996,B722,_,00090,930
B722__00060.930,13.98766714521729,42.196285015,B722,_,00060,930
B722__00020.931,13.985851487639536,42.202998905,B722,_,00020,931
B722__0051.931,14.005646156438399,42.14061814,B722,_,0051,931
B722__00420.931,14.007382316555045,42.149247634999995,B722,_,00420,931
B722__00410.931,14.004428334044983,42.153442725000005,B722,_,00410,931
B722__00290.931,14.012055385616558,42.160222329999996,B722,_,00290,931
B722__00280.931,13.99605560251349,42.15844302,B722,_,00280,931
B722__00190.931,14.002698970744682,42.164886100000004,B722,_,00190,931
B722__00090.931,13.978039010358156,42.18593116,B722,_,00090,931
B722__00060.931,13.987717194872381,42.196509155,B722,_,00060,931
B722__00050.931,13.97048090987763,42.19338908,B722,_,00050,931
B722__00020.932,13.987203485490962,42.200362095,B722,_,00020,932
B722__0051.932,14.00593472690281,42.140629340000004,B722,_,0051,932
B722__00410.932,14.004534893654846,42.153376045,B722,_,00410,932
B722__00280.932,13.996761773218015,42.15744892,B722,_,00280,932
B722__00190.932,13.992938908978703,42.169941449999996,B722,_,00190,932
B722__00100.932,13.980617694494818,42.18479233,B722,_,00100,932
B722__00090.932,13.976923081220745,42.186667924999995,B722,_,00090,932
B722__00060.932,13.994934848416815,42.197700069999996,B722,_,00060,932
B722__00050.932,13.970397352551297,42.19345742,B722,_,00050,932
B722__00020.933,13.987211239413742,42.200406384999994,B722,_,00020,933
B722__0051.933,14.005905782460424,42.140685805000004,B722,_,0051,933
B722__00420.933,14.010081176296335,42.147195695,B722,_,00420,933
B722__00410.933,14.004399142357142,42.15334026,B722,_,00410,933
B722__00290.933,14.005019844804895,42.159095199999996,B722,_,00290,933
B722__00280.933,13.996528817303268,42.15740487,B722,_,00280,933
B722__00100.933,13.989914540386657,42.17515365,B722,_,00100,933
B722__00090.933,13.97688977192692,42.18654662,B722,_,00090,933
B722__00060.933,13.99431660849593,42.197244575,B722,_,00060,933
B722__00050.933,13.970317045462092,42.193512475000006,B722,_,00050,933
B722__00020.934,13.98677551017981,42.202359355,B722,_,00020,934
B722__0051.934,14.006141334709353,42.14069225,B722,_,0051,934
B722__00420.934,14.00986036052084,42.14699592,B722,_,00420,934
B722__00410.934,14.004898383889232,42.153128855,B722,_,00410,934
B722__00290.934,14.009026700934925,42.160060875,B722,_,00290,934
B722__00280.934,13.996546823997505,42.15725751,B722,_,00280,934
B722__00090.934,13.976852944662195,42.186388255,B722,_,00090,934
B722__00060.934,13.994775185967166,42.19741638,B722,_,00060,934
B722__00050.934,13.969154002723723,42.19201839,B722,_,00050,934
B722__00020.935,13.986804911742343,42.202306745,B722,_,00020,935
B722__0051.935,14.0060952469034,42.14074496,B722,_,0051,935
B722__00420.935,14.009773978905585,42.14691585,B722,_,00420,935
B722__00410.935,14.004390566442993,42.153198445,B722,_,00410,935
B722__00280.935,13.997983409899515,42.15783401,B722,_,00280,935
B722__00100.935,13.99027292196607,42.174789315,B722,_,00100,935
B722__00090.935,13.977460163463801,42.186158504999995,B722,_,00090,935
B722__00060.935,13.983475323608175,42.19625701,B722,_,00060,935
B722__00050.935,13.9751428805525,42.192682435,B722,_,00050,935
B722__00020.936,13.987288364431166,42.200358805,B722,_,00020,936
B722__0051.936,14.006289406910453,42.140747865,B722,_,0051,936
B722__00420.936,14.009674649640118,42.14682389,B722,_,00420,936
B722__00410.936,14.004451767433451,42.15293631,B722,_,00410,936
B722__00280.936,13.998045373602508,42.157815925,B722,_,00280,936
B722__00100.936,13.979158219271634,42.1806986,B722,_,00100,936
B722__00090.936,13.977391778373924,42.18607888,B722,_,00090,936
B722__00060.936,13.98337038712631,42.19627441,B722,_,00060,936
B722__00050.936,13.96855896105308,42.19338862,B722,_,00050,936
B722__00020.937,13.979878840603051,42.206718045,B722,_,00020,937
B722__0051.937,14.006269866528594,42.140791065,B722,_,0051,937
B722__00420.937,14.010303497047435,42.14759245,B722,_,00420,937
B722__00410.937,14.004574996801583,42.153060505,B722,_,00410,937
B722__00290.937,14.00823657914686,42.160547525,B722,_,00290,937
B722__0028.937,13.998967496420722,42.15787744,B722,_,0028,937
B722__00190.937,13.993919609316906,42.165287845,B722,_,00190,937
B722__00100.937,13.979729071554535,42.180459315,B722,_,00100,937
B722__00060.937,13.983255511792178,42.196259405,B722,_,00060,937
B722__00050.937,13.968573832815403,42.193349385000005,B722,_,00050,937
B722__00020.938,13.980268416567663,42.20679809,B722,_,00020,938
B722__0051.938,14.00649563572133,42.14068627,B722,_,0051,938
B722__00420.938,14.01122105412626,42.147323695,B722,_,00420,938
B722__00410.938,14.004431048091638,42.153032155,B722,_,00410,938
B722__00290.938,14.008457664450898,42.16076057,B722,_,00290,938
B722__0028.938,13.999053470988374,42.15777247,B722,_,0028,938
B722__00190.938,13.99416471845555,42.16550432,B722,_,00190,938
B722__00060.938,13.984199956413502,42.194513584999996,B722,_,00060,938
B722__00050.938,13.968740885470261,42.193365505,B722,_,00050,938
B722__00020.939,13.980535077689542,42.206808179999996,B722,_,00020,939
B722__0051.939,14.006493968995711,42.140749755,B722,_,0051,939
B722__00420.939,14.011280030135289,42.147309565,B722,_,00420,939
B722__00410.939,14.005132440086506,42.15239785,B722,_,00410,939
B722__00290.939,14.004026940319733,42.159049100000004,B722,_,00290,939
B722__0028.939,13.99912331004494,42.157787235,B722,_,0028,939
B722__00190.939,13.993847798319855,42.165188355,B722,_,00190,939
B722__00100.939,13.978179639061024,42.18175261499999,B722,_,00100,939
B722__00090.939,13.97747404326533,42.18513885,B722,_,00090,939
B722__00050.939,13.96974787206992,42.19479725,B722,_,00050,939
B722__00010.94,13.970244037853202,42.208319925,B722,_,00010,94
B722__00610.94,13.995188067780553,42.115449999999996,B722,_,00610,94
B722__00600.94,14.007157649474834,42.125755625,B722,_,00600,94
B722__00590.94,13.997609575192051,42.12543013,B722,_,00590,94
B722__00540.94,14.049511094277351,42.143838585,B722,_,00540,94
B722__00530.94,14.027942627082385,42.144569145000006,B722,_,00530,94
B722__00520.94,14.007917005696875,42.141677939999994,B722,_,00520,94
B722__00500.94,13.990865241247205,42.133508989999996,B722,_,00500,94
B722__00490.94,13.98579111590002,42.129212385,B722,_,00490,94
B722__00480.94,13.980577477492234,42.137416425,B722,_,00480,94
B722__00440.94,14.043958950249024,42.150217325,B722,_,00440,94
B722__00430.94,14.021043941966242,42.1564227,B722,_,00430,94
B722__00420.94,14.022483269414456,42.149921754999994,B722,_,00420,94
B722__00410.94,14.010005726289702,42.158926445000006,B722,_,00410,94
B722__00400.94,14.002335445869694,42.15102897,B722,_,00400,94
B722__00390.94,14.000654420847765,42.14447467,B722,_,00390,94
B722__00360.94,13.995135654569332,42.15043379,B722,_,00360,94
B722__00340.94,13.966651195378024,42.14313745,B722,_,00340,94
B722__00330.94,13.972545298899647,42.154019295,B722,_,00330,94
B722__00300.94,14.017606360037343,42.158113915,B722,_,00300,94
B722__00290.94,14.014805262489634,42.162116455,B722,_,00290,94
B722__0028.94,14.004201130164226,42.156267815,B722,_,0028,94
B722__00270.94,13.993547970910779,42.158041065,B722,_,00270,94
B722__00260.94,13.985746400493989,42.16369978,B722,_,00260,94
B722__00250.94,13.980760025823525,42.164918580000005,B722,_,00250,94
B722__00230.94,14.066090545233187,42.165899105,B722,_,00230,94
B722__00220.94,14.055038505927472,42.17063093,B722,_,00220,94
B722__00210.94,14.03197057038998,42.17058355,B722,_,00210,94
B722__00200.94,14.013356704864387,42.166977450000005,B722,_,00200,94
B722__00190.94,13.996374957172833,42.167888195,B722,_,00190,94
B722__00180.94,14.021453482173943,42.178782245,B722,_,00180,94
B722__00170.94,14.01535128459072,42.179311639999995,B722,_,00170,94
B722__00160.94,14.011023881474767,42.17127336,B722,_,00160,94
B722__00150.94,14.004483097226288,42.176572410000006,B722,_,00150,94
B722__00140.94,13.98465403186474,42.17344964,B722,_,00140,94
B722__00130.94,13.974407060992274,42.17221245,B722,_,00130,94
B722__00120.94,14.009706808686927,42.190845949999996,B722,_,00120,94
B722__00110.94,14.00129613540637,42.184544009999996,B722,_,00110,94
B722__00100.94,13.983767575467994,42.186972115,B722,_,00100,94
B722__0009.94,13.971747095693523,42.18710856,B722,_,0009,94
B722__00080.94,13.957402668774478,42.18873854,B722,_,00080,94
B722__00060.94,13.987751464616942,42.199900975000006,B722,_,00060,94
B722__00050.94,13.981169296141582,42.193306525,B722,_,00050,94
B722__00040.94,13.971206995653212,42.199671045,B722,_,00040,94
B722__00030.94,13.962882251558675,42.197624935,B722,_,00030,94
B722__00020.94,13.981307222337664,42.205887145000005,B722,_,00020,94
B722__00020.940,13.986591298584251,42.202668790000004,B722,_,00020,940
B722__00510.940,14.006827320220651,42.13988856,B722,_,00510,940
B722__00420.940,14.011831755684915,42.14754267,B722,_,00420,940
B722__00410.940,14.004700457375826,42.15241845,B722,_,00410,940
B722__00290.940,14.00367988489065,42.159296045000005,B722,_,00290,940
B722__0028.940,13.999157155423081,42.15783443,B722,_,0028,940
B722__00100.940,13.978421494979575,42.18239455,B722,_,00100,940
B722__00090.940,13.976895657852674,42.185251655,B722,_,00090,940
B722__00060.940,13.987062763794594,42.19610057,B722,_,00060,940
B722__00050.940,13.969786154204655,42.194575395,B722,_,00050,940
B722__00020.941,13.986476487587396,42.202656225,B722,_,00020,941
B722__00510.941,14.006684731906281,42.139610625,B722,_,00510,941
B722__00420.941,14.011895734271905,42.147489805,B722,_,00420,941
B722__00410.941,14.004461333516796,42.153215445,B722,_,00410,941
B722__0028.941,13.999011911108871,42.157919315,B722,_,0028,941
B722__00190.941,13.99408389044223,42.165117315,B722,_,00190,941
B722__00100.941,13.987503216613046,42.175302779999996,B722,_,00100,941
B722__00090.941,13.978371262953296,42.185810945,B722,_,00090,941
B722__00060.941,13.990797990617265,42.19597475,B722,_,00060,941
B722__00050.941,13.970524022073084,42.194472025,B722,_,00050,941
B722__00020.942,13.98637971843783,42.20264302,B722,_,00020,942
B722__00510.942,14.006693564395464,42.13936419,B722,_,00510,942
B722__00420.942,14.011970819475867,42.147431510000004,B722,_,00420,942
B722__00410.942,14.008102100600503,42.15755653,B722,_,00410,942
B722__00280.942,13.99804789574435,42.161104245000004,B722,_,00280,942
B722__00190.942,13.993912706947143,42.16500533,B722,_,00190,942
B722__00100.942,13.98813884811696,42.17537119,B722,_,00100,942
B722__00090.942,13.978496962172471,42.185992665,B722,_,00090,942
B722__00060.942,13.992736804896511,42.196148699999995,B722,_,00060,942
B722__00050.942,13.9694615587195,42.19370162,B722,_,00050,942
B722__00020.943,13.986468650302282,42.202435715,B722,_,00020,943
B722__00510.943,14.002464141564356,42.13558653,B722,_,00510,943
B722__00420.943,14.01202370714153,42.147382895,B722,_,00420,943
B722__00410.943,14.017700091603764,42.15195941,B722,_,00410,943
B722__00280.943,13.997607224996138,42.16077012,B722,_,00280,943
B722__00100.943,13.988396167064211,42.17521682,B722,_,00100,943
B722__00090.943,13.97593261518427,42.18570743,B722,_,00090,943
B722__00060.943,13.983526022377719,42.197936285,B722,_,00060,943
B722__00050.943,13.969611147458306,42.19347884,B722,_,00050,943
B722__00020.944,13.986401971698708,42.202429565,B722,_,00020,944
B722__00510.944,14.003320562283598,42.13589358,B722,_,00510,944
B722__00420.944,14.01219903835987,42.14725852,B722,_,00420,944
B722__00410.944,14.01753775481515,42.15206963,B722,_,00410,944
B722__00290.944,14.003373878193898,42.158957865000005,B722,_,00290,944
B722__00280.944,13.996833975888435,42.16001688,B722,_,00280,944
B722__00190.944,13.993876167284654,42.165060645,B722,_,00190,944
B722__00100.944,13.988604869827189,42.17495255,B722,_,00100,944
B722__00090.944,13.975175513655548,42.186214335,B722,_,00090,944
B722__00060.944,13.984667223907712,42.198925755000005,B722,_,00060,944
B722__00050.944,13.969415694855545,42.193975475,B722,_,00050,944
B722__00020.945,13.986492932105296,42.202367325,B722,_,00020,945
B722__00510.945,14.0032191169806,42.13589898,B722,_,00510,945
B722__00420.945,14.012370802137927,42.14712991,B722,_,00420,945
B722__00410.945,14.016412392874857,42.152053105,B722,_,00410,945
B722__00290.945,14.005663116179704,42.159836299999995,B722,_,00290,945
B722__00280.945,13.99641967670502,42.160075649999996,B722,_,00280,945
B722__00190.945,13.993690710569386,42.16504936,B722,_,00190,945
B722__00100.945,13.98791411265049,42.17559518,B722,_,00100,945
B722__00090.945,13.975111510884085,42.18583433,B722,_,00090,945
B722__00060.945,13.985044436314253,42.198795105,B722,_,00060,945
B722__00050.945,13.982524687716248,42.194221490000004,B722,_,00050,945
B722__00020.946,13.986419539418202,42.202360195,B722,_,00020,946
B722__00510.946,14.003486364481741,42.1361753,B722,_,00510,946
B722__00420.946,14.0124402735116,42.14709412,B722,_,00420,946
B722__00410.946,14.006687790356665,42.156693285,B722,_,00410,946
B722__00290.946,14.001431210921705,42.158829085,B722,_,00290,946
B722__00280.946,13.99453988653688,42.161903325,B722,_,00280,946
B722__00190.946,13.993557380019334,42.164918445,B722,_,00190,946
B722__00100.946,13.98783213335544,42.175424539999995,B722,_,00100,946
B722__00090.946,13.972229014462197,42.18045868,B722,_,00090,946
B722__00060.946,13.985378622115448,42.198640045000005,B722,_,00060,946
B722__00050.946,13.968445973302902,42.193580749999995,B722,_,00050,946
B722__00050.947,13.970942427933663,42.19242957,B722,_,00050,947
B722__00510.947,14.003327228549681,42.13616731,B722,_,00510,947
B722__00420.947,14.012495112387583,42.147070545000005,B722,_,00420,947
B722__00410.947,14.005937736580776,42.15861074,B722,_,00410,947
B722__00280.947,13.994781568717631,42.161838125,B722,_,00280,947
B722__00190.947,13.99339244193811,42.164970135000004,B722,_,00190,947
B722__00100.947,13.987986839387126,42.17537119,B722,_,00100,947
B722__00090.947,13.972647158760658,42.178746855,B722,_,00090,947
B722__00020.948,13.986019751858501,42.201731925000004,B722,_,00020,948
B722__00510.948,14.003585601838623,42.136505245,B722,_,00510,948
B722__00420.948,14.012584909147039,42.147077695,B722,_,00420,948
B722__00290.948,14.008491033171829,42.161415975,B722,_,00290,948
B722__00280.948,13.996382165199233,42.160911235,B722,_,00280,948
B722__00090.948,13.971813820870192,42.17894346,B722,_,00090,948
B722__00020.949,13.986005586426058,42.201473115,B722,_,00020,949
B722__00420.949,14.012725098339342,42.147028629999994,B722,_,00420,949
B722__00410.949,14.004863268046488,42.153882225000004,B722,_,00410,949
B722__00290.949,14.005860594884066,42.16136008,B722,_,00290,949
B722__00280.949,13.996182201836625,42.160900319999996,B722,_,00280,949
B722__00190.949,14.002033669380827,42.165323515,B722,_,00190,949
B722__00090.949,13.971588871104887,42.17870983,B722,_,00090,949
B722__00060.949,13.99200472141295,42.196013425000004,B722,_,00060,949
B722__00050.949,13.974299745490086,42.188333035,B722,_,00050,949
B722__00010.95,13.970726051001694,42.2079946,B722,_,00010,95
B722__00610.95,13.995656745429724,42.114951309999995,B722,_,00610,95
B722__00600.95,14.007196793335982,42.126045515,B722,_,00600,95
B722__00590.95,13.997724165194857,42.12590574,B722,_,00590,95
B722__00540.95,14.047500687755273,42.1420418,B722,_,00540,95
B722__00530.95,14.028314620637918,42.144699509999995,B722,_,00530,95
B722__00520.95,14.007950017249003,42.141855395,B722,_,00520,95
B722__0051.95,14.00359269692451,42.141770805,B722,_,0051,95
B722__00500.95,13.991198788346331,42.133795455,B722,_,00500,95
B722__00490.95,13.986353158246152,42.128612285,B722,_,00490,95
B722__00480.95,13.981150858407986,42.13689532,B722,_,00480,95
B722__00440.95,14.047621901701454,42.149342265,B722,_,00440,95
B722__00430.95,14.020604130606287,42.156308769999995,B722,_,00430,95
B722__00420.95,14.022505930675473,42.14998532,B722,_,00420,95
B722__00410.95,14.010178381692974,42.15855236,B722,_,00410,95
B722__00400.95,14.002657435803815,42.1513578,B722,_,00400,95
B722__00390.95,14.000444622344741,42.144451375,B722,_,00390,95
B722__00380.95,14.002262904108731,42.14059288999999,B722,_,00380,95
B722__00360.95,13.996634380597083,42.15096215,B722,_,00360,95
B722__00340.95,13.967353169368895,42.142882375,B722,_,00340,95
B722__00330.95,13.978786337800372,42.148546945,B722,_,00330,95
B722__00300.95,14.016240366908105,42.16000038,B722,_,00300,95
B722__00290.95,14.01571113135757,42.16143705,B722,_,00290,95
B722__0028.95,13.998888777147755,42.159008755,B722,_,0028,95
B722__00270.95,13.99296861148995,42.158446425,B722,_,00270,95
B722__00260.95,13.985907389841936,42.163787405,B722,_,00260,95
B722__00250.95,13.980888656807624,42.164853205,B722,_,00250,95
B722__00230.95,14.067114176183532,42.166116375,B722,_,00230,95
B722__00220.95,14.055267978693038,42.170446035,B722,_,00220,95
B722__00210.95,14.032201443794069,42.17058888,B722,_,00210,95
B722__00200.95,14.014707907045185,42.16690172,B722,_,00200,95
B722__00190.95,13.996466439662036,42.167436965,B722,_,00190,95
B722__00180.95,14.022126218601434,42.17851072,B722,_,00180,95
B722__00170.95,14.015613829740635,42.179022599999996,B722,_,00170,95
B722__00160.95,14.01070574723676,42.171598114999995,B722,_,00160,95
B722__00150.95,14.00356799547126,42.17726718,B722,_,00150,95
B722__00140.95,13.9861989285684,42.17406088,B722,_,00140,95
B722__00130.95,13.983501641763464,42.173888254999994,B722,_,00130,95
B722__00120.95,14.009911673703236,42.191211285,B722,_,00120,95
B722__00110.95,14.001808410260981,42.18454622,B722,_,00110,95
B722__00100.95,13.983323836990117,42.186948645,B722,_,00100,95
B722__0009.95,13.968074563805185,42.186880835,B722,_,0009,95
B722__00080.95,13.957511632468686,42.188553909999996,B722,_,00080,95
B722__00050.95,13.981194212955991,42.19371476,B722,_,00050,95
B722__00040.95,13.97205021388252,42.19973177,B722,_,00040,95
B722__00030.95,13.963450536270567,42.197171205000004,B722,_,00030,95
B722__00020.95,13.981346639991994,42.20614167,B722,_,00020,95
B722__00020.950,13.986145496348417,42.201773705,B722,_,00020,950
B722__00510.950,14.004038597663937,42.136847525,B722,_,00510,950
B722__00420.950,14.011392361211596,42.14725769,B722,_,00420,950
B722__00410.950,14.013546264936132,42.156486555,B722,_,00410,950
B722__00280.950,13.996742187435938,42.16092514,B722,_,00280,950
B722__00190.950,14.001894260803436,42.165211049999996,B722,_,00190,950
B722__00090.950,13.971714525876067,42.178682655,B722,_,00090,950
B722__00060.950,13.991929397758895,42.196134215,B722,_,00060,950
B722__00050.950,13.974158990888522,42.188487284999994,B722,_,00050,950
B722__00020.951,13.986601859529234,42.201494595,B722,_,00020,951
B722__00520.951,14.021904347436859,42.137476655,B722,_,00520,951
B722__00510.951,14.004153988541969,42.13688078,B722,_,00510,951
B722__00420.951,14.01148841976963,42.1472478,B722,_,00420,951
B722__00410.951,14.017198667628648,42.151339895,B722,_,00410,951
B722__00290.951,14.005489963521622,42.15973292,B722,_,00290,951
B722__00280.951,13.995521578513188,42.161252095,B722,_,00280,951
B722__00100.951,13.978138306542025,42.182009539999996,B722,_,00100,951
B722__00090.951,13.970172851681689,42.180652365,B722,_,00090,951
B722__00060.951,13.99229624725098,42.196921745,B722,_,00060,951
B722__00050.951,13.97399630000261,42.187870255,B722,_,00050,951
B722__00020.952,13.986547132505358,42.201642155,B722,_,00020,952
B722__00520.952,14.022355439555668,42.137131585000006,B722,_,00520,952
B722__00510.952,14.004284613454619,42.13695137,B722,_,00510,952
B722__00420.952,14.011512695713394,42.147162065,B722,_,00420,952
B722__00410.952,14.01718882914043,42.15217683,B722,_,00410,952
B722__00290.952,14.004970791007011,42.159534449999995,B722,_,00290,952
B722__00280.952,13.995244686776243,42.16144094,B722,_,00280,952
B722__00190.952,14.002348364725073,42.16531311,B722,_,00190,952
B722__00100.952,13.978997556238188,42.184810465,B722,_,00100,952
B722__00090.952,13.970359036258634,42.18002545,B722,_,00090,952
B722__00060.952,13.984635597440887,42.194004735,B722,_,00060,952
B722__00050.952,13.973916774310059,42.187855925,B722,_,00050,952
B722__00020.953,13.986110776419295,42.202098735,B722,_,00020,953
B722__00510.953,14.00448216406664,42.136999270000004,B722,_,00510,953
B722__00420.953,14.011552389506686,42.147111495000004,B722,_,00420,953
B722__00290.953,14.004813001149394,42.15973023,B722,_,00290,953
B722__00280.953,13.99489437638173,42.161667415,B722,_,00280,953
B722__00100.953,13.979005635523505,42.184930865,B722,_,00100,953
B722__00090.953,13.970269873848956,42.17938619,B722,_,00090,953
B722__00050.953,13.970750586771643,42.190815235,B722,_,00050,953
B722__00050.954,13.970991464338056,42.190614769999996,B722,_,00050,954
B722__00510.954,14.003084935703523,42.134832115,B722,_,00510,954
B722__00420.954,14.0116929895827,42.147101415,B722,_,00420,954
B722__00410.954,14.016982816313972,42.15164119000001,B722,_,00410,954
B722__00290.954,14.008081839772363,42.16035897,B722,_,00290,954
B722__00280.954,13.994434321157254,42.16179187,B722,_,00280,954
B722__00190.954,14.006756183167537,42.164545865,B722,_,00190,954
B722__00100.954,13.978089996042243,42.182587665,B722,_,00100,954
B722__00090.954,13.970469357769602,42.179222045,B722,_,00090,954
B722__00060.954,13.985332532350682,42.193644975,B722,_,00060,954
B722__00020.955,13.986457007188664,42.20217433,B722,_,00020,955
B722__00520.955,14.016276386929327,42.142572099999995,B722,_,00520,955
B722__00510.955,14.003339844779747,42.134790394999996,B722,_,00510,955
B722__00420.955,14.011932301205821,42.14689212,B722,_,00420,955
B722__00410.955,14.010573878925674,42.158661120000005,B722,_,00410,955
B722__00290.955,14.008023786357409,42.160375314999996,B722,_,00290,955
B722__00280.955,13.994218221267047,42.161802935,B722,_,00280,955
B722__00190.955,14.007003042456427,42.164877735,B722,_,00190,955
B722__00100.955,13.978098405314226,42.18234281,B722,_,00100,955
B722__00090.955,13.970662075536552,42.17905648,B722,_,00090,955
B722__00050.955,13.97375799517241,42.19487254,B722,_,00050,955
B722__00020.956,13.98643894712976,42.20223285,B722,_,00020,956
B722__00520.956,14.016393484443938,42.14249097,B722,_,00520,956
B722__00510.956,14.003482722715898,42.134807190000004,B722,_,00510,956
B722__00420.956,14.011999587191358,42.14685139,B722,_,00420,956
B722__00410.956,14.015913762054172,42.15149602,B722,_,00410,956
B722__00290.956,14.007974632410903,42.160380954999994,B722,_,00290,956
B722__00280.956,13.993129955291383,42.16170764,B722,_,00280,956
B722__00190.956,14.002737944022162,42.164935490000005,B722,_,00190,956
B722__00100.956,13.978435871379244,42.18179171,B722,_,00100,956
B722__00090.956,13.970920274267373,42.176541265,B722,_,00090,956
B722__00060.956,13.98694660805355,42.193529685,B722,_,00060,956
B722__00050.956,13.971088629364685,42.193129715,B722,_,00050,956
B722__00020.957,13.98672024371614,42.201798325,B722,_,00020,957
B722__00510.957,14.003609093501401,42.134995575,B722,_,00510,957
B722__00420.957,14.012050542466685,42.14682699,B722,_,00420,957
B722__00290.957,14.007890649368926,42.160290239999995,B722,_,00290,957
B722__00280.957,13.992808308208401,42.161685129999995,B722,_,00280,957
B722__00190.957,13.99090315228467,42.16883179,B722,_,00190,957
B722__00100.957,13.978188119390724,42.182686485000005,B722,_,00100,957
B722__00090.957,13.975415546806786,42.1856394,B722,_,00090,957
B722__00060.957,13.985653946187941,42.193194094999996,B722,_,00060,957
B722__00050.957,13.973617400920581,42.18796502,B722,_,00050,957
B722__00020.958,13.986465755207,42.202110225,B722,_,00020,958
B722__00420.958,14.012086143104487,42.14680867,B722,_,00420,958
B722__00410.958,14.016563904788095,42.15197956,B722,_,00410,958
B722__00290.958,14.008040188734006,42.160463585,B722,_,00290,958
B722__00280.958,13.992674817471368,42.161587354999995,B722,_,00280,958
B722__00190.958,13.991530500235696,42.170955495,B722,_,00190,958
B722__00100.958,13.978728198679303,42.18253904,B722,_,00100,958
B722__00090.958,13.975336322388973,42.185561095,B722,_,00090,958
B722__00050.958,13.973608709666639,42.187904875,B722,_,00050,958
B722__00050.959,13.970875001727904,42.19102241,B722,_,00050,959
B722__00520.959,14.01644025650355,42.14242436000001,B722,_,00520,959
B722__00510.959,14.006680516922664,42.135490340000004,B722,_,00510,959
B722__00420.959,14.012207073579944,42.14675563,B722,_,00420,959
B722__00410.959,14.01450996700446,42.156402805,B722,_,00410,959
B722__00290.959,14.008035378197102,42.161054105000005,B722,_,00290,959
B722__00280.959,13.992622391732752,42.161463365,B722,_,00280,959
B722__00190.959,13.990277836894279,42.17080584,B722,_,00190,959
B722__00100.959,13.979000594400514,42.182639795,B722,_,00100,959
B722__00090.959,13.975550610505936,42.185407915,B722,_,00090,959
B722__00060.959,13.987854190913865,42.19998013,B722,_,00060,959
B722__00010.96,13.9710907494193,42.208276600000005,B722,_,00010,96
B722__00610.96,13.996574455727142,42.115119865,B722,_,00610,96
B722__00600.96,14.008398275776067,42.125817165,B722,_,00600,96
B722__00590.96,13.99836017610405,42.12601255,B722,_,00590,96
B722__00540.96,14.038233420609565,42.142955345000004,B722,_,00540,96
B722__00530.96,14.028622594090379,42.144893769999996,B722,_,00530,96
B722__00520.96,14.008271188931205,42.141697165,B722,_,00520,96
B722__0051.96,14.003533615922693,42.14170297,B722,_,0051,96
B722__00500.96,13.991915222461037,42.13424759,B722,_,00500,96
B722__00490.96,13.986580332192714,42.128425070000006,B722,_,00490,96
B722__00480.96,13.982482361159253,42.137299335,B722,_,00480,96
B722__00440.96,14.048338352921714,42.14971268,B722,_,00440,96
B722__00430.96,14.022066898284425,42.15671548,B722,_,00430,96
B722__00410.96,14.010297729810764,42.15898849,B722,_,00410,96
B722__00400.96,14.002679855122299,42.151500995000006,B722,_,00400,96
B722__00390.96,14.000345244488264,42.144338594999994,B722,_,00390,96
B722__00370.96,13.993528991829784,42.143140200000005,B722,_,00370,96
B722__00360.96,13.993536451719152,42.15273766,B722,_,00360,96
B722__00340.96,13.966908060387397,42.142483420000005,B722,_,00340,96
B722__00330.96,13.978858874337789,42.148981725,B722,_,00330,96
B722__00300.96,14.034169461621111,42.164369785000005,B722,_,00300,96
B722__00290.96,14.001840367580098,42.161557185,B722,_,00290,96
B722__0028.96,13.997555304891474,42.159034074999994,B722,_,0028,96
B722__00270.96,13.994233126207174,42.15815979,B722,_,00270,96
B722__00260.96,13.986089442068435,42.16400835,B722,_,00260,96
B722__00250.96,13.980895177585545,42.164643935,B722,_,00250,96
B722__00230.96,14.068234850839634,42.165881395,B722,_,00230,96
B722__00220.96,14.055331107201729,42.1703195,B722,_,00220,96
B722__00200.96,14.015112141951626,42.16718711,B722,_,00200,96
B722__00190.96,13.996691264751902,42.166999165,B722,_,00190,96
B722__00180.96,14.020659658813875,42.178799915,B722,_,00180,96
B722__00170.96,14.015374780753064,42.17873657,B722,_,00170,96
B722__00160.96,14.011187951767708,42.17141754,B722,_,00160,96
B722__00150.96,14.004095229100994,42.177587315,B722,_,00150,96
B722__00140.96,13.985417555418035,42.173548499999995,B722,_,00140,96
B722__00130.96,13.97526956311593,42.17239359,B722,_,00130,96
B722__00120.96,14.010133551183294,42.19105821,B722,_,00120,96
B722__00110.96,14.00190757382967,42.1841201,B722,_,00110,96
B722__00100.96,13.979231893000568,42.18022983,B722,_,00100,96
B722__0009.96,13.96837582038152,42.18687044,B722,_,0009,96
B722__00080.96,13.957804399086957,42.188254619999995,B722,_,00080,96
B722__00060.96,13.988720293526333,42.199392675,B722,_,00060,96
B722__00050.96,13.981206075314223,42.19382998,B722,_,00050,96
B722__00040.96,13.972338442327139,42.199727865,B722,_,00040,96
B722__00030.96,13.960362647244983,42.197745284999996,B722,_,00030,96
B722__00020.96,13.981441623639196,42.20635506,B722,_,00020,96
B722__00020.960,13.98713507508259,42.201634985,B722,_,00020,960
B722__00510.960,14.007638021956089,42.13612654,B722,_,00510,960
B722__00420.960,14.010964496608672,42.148186455,B722,_,00420,960
B722__00410.960,14.015185635458998,42.155989205,B722,_,00410,960
B722__00290.960,14.008472768379914,42.161208,B722,_,00290,960
B722__00280.960,13.994233626542446,42.160763759999995,B722,_,00280,960
B722__00190.960,13.99056489444811,42.170842815,B722,_,00190,960
B722__00100.960,13.97757426902378,42.18295592,B722,_,00100,960
B722__00090.960,13.975540072190661,42.185337865,B722,_,00090,960
B722__00060.960,13.987883384706116,42.199912445,B722,_,00060,960
B722__00050.960,13.979252761737621,42.19233685499999,B722,_,00050,960
B722__00020.961,13.987050296351864,42.201634985,B722,_,00020,961
B722__00510.961,14.0054701764459,42.13420076,B722,_,00510,961
B722__00420.961,14.011124116992558,42.14811584,B722,_,00420,961
B722__00410.961,14.01494097619399,42.156237675,B722,_,00410,961
B722__00280.961,13.99436002458435,42.160608175,B722,_,00280,961
B722__00190.961,13.990189218314583,42.170685755,B722,_,00190,961
B722__00100.961,13.977625716812586,42.183079074999995,B722,_,00100,961
B722__00050.961,13.980419959973434,42.191883035000004,B722,_,00050,961
B722__00020.962,13.987082937507664,42.20171644,B722,_,00020,962
B722__00510.962,14.00541537498135,42.134350705,B722,_,00510,962
B722__00420.962,14.010708111115985,42.14780385500001,B722,_,00420,962
B722__00410.962,14.017215156116052,42.15153033,B722,_,00410,962
B722__00290.962,14.007712714403317,42.162334,B722,_,00290,962
B722__00280.962,13.994561392704917,42.160516040000005,B722,_,00280,962
B722__00100.962,13.978656425751407,42.182412400000004,B722,_,00100,962
B722__00090.962,13.971792113754649,42.1839402,B722,_,00090,962
B722__00060.962,13.990344423238495,42.19455132,B722,_,00060,962
B722__00050.962,13.980593100802835,42.19196252,B722,_,00050,962
B722__00020.963,13.987066826042511,42.20168377,B722,_,00020,963
B722__00510.963,14.005530022853097,42.13398569,B722,_,00510,963
B722__00420.963,14.010514986524857,42.14771536,B722,_,00420,963
B722__00410.963,14.007235824359823,42.157203385,B722,_,00410,963
B722__00280.963,13.99492495050248,42.16033394,B722,_,00280,963
B722__00190.963,14.002327918469387,42.16510907,B722,_,00190,963
B722__00100.963,13.981244480628083,42.18184806,B722,_,00100,963
B722__00090.963,13.971813608948398,42.183784695,B722,_,00090,963
B722__00060.963,13.990437170814719,42.194511629999994,B722,_,00060,963
B722__00050.963,13.979746115149066,42.19332137,B722,_,00050,963
B722__00020.964,13.986923206765708,42.201891065,B722,_,00020,964
B722__00520.964,14.015090380634426,42.142346965,B722,_,00520,964
B722__00510.964,14.004583274009551,42.132733145,B722,_,00510,964
B722__00420.964,14.010702335201039,42.147673675,B722,_,00420,964
B722__00410.964,14.01691257082788,42.153927175,B722,_,00410,964
B722__00280.964,13.995048309791649,42.160187645,B722,_,00280,964
B722__00190.964,13.990143584917789,42.17093443,B722,_,00190,964
B722__00100.964,13.977928770272225,42.18274567,B722,_,00100,964
B722__00090.964,13.971877916673435,42.18336925,B722,_,00090,964
B722__00060.964,13.990744074633731,42.194430825,B722,_,00060,964
B722__00050.964,13.978333129865337,42.193845960000004,B722,_,00050,964
B722__00050.965,13.969144797140771,42.19311022,B722,_,00050,965
B722__00510.965,14.00463212263345,42.133263905,B722,_,00510,965
B722__00420.965,14.010801862319683,42.14763883,B722,_,00420,965
B722__00410.965,14.017731803707864,42.15150749,B722,_,00410,965
B722__00290.965,14.006034023674793,42.16064744,B722,_,00290,965
B722__00280.965,13.995197486436362,42.160259495,B722,_,00280,965
B722__00190.965,13.993885570904835,42.164545974999996,B722,_,00190,965
B722__00100.965,13.978340326878278,42.18288049,B722,_,00100,965
B722__00060.965,13.990971042122673,42.194381055,B722,_,00060,965
B722__00020.966,13.987191188742447,42.20164663,B722,_,00020,966
B722__00510.966,14.004633231181156,42.132308300000005,B722,_,00510,966
B722__00420.966,14.010814044291152,42.14754506,B722,_,00420,966
B722__00410.966,14.016625797058973,42.151727095,B722,_,00410,966
B722__00290.966,14.00616019147582,42.160453855,B722,_,00290,966
B722__00280.966,13.995545361088944,42.16053643,B722,_,00280,966
B722__00190.966,13.993943623504569,42.1647223,B722,_,00190,966
B722__00100.966,13.978114943993731,42.182896295,B722,_,00100,966
B722__00090.966,13.974263930747325,42.176771790000004,B722,_,00090,966
B722__00050.966,13.97453593152015,42.18941332,B722,_,00050,966
B722__00020.967,13.987195419111531,42.201749495,B722,_,00020,967
B722__00510.967,14.00471157436636,42.132557930000004,B722,_,00510,967
B722__00420.967,14.01086037611713,42.147450705,B722,_,00420,967
B722__00410.967,14.016788033371876,42.15145774,B722,_,00410,967
B722__00280.967,13.994683662449152,42.160860389999996,B722,_,00280,967
B722__00190.967,13.992713046666744,42.16629667,B722,_,00190,967
B722__00100.967,13.979326587961616,42.18159577,B722,_,00100,967
B722__00090.967,13.973996341943543,42.176642605,B722,_,00090,967
B722__00060.967,13.994612916579342,42.19468229,B722,_,00060,967
B722__00050.967,13.969655108728954,42.19188313,B722,_,00050,967
B722__00020.968,13.987207442848264,42.201530934999994,B722,_,00020,968
B722__00510.968,14.00520799921145,42.13283428,B722,_,00510,968
B722__00420.968,14.011049868007722,42.14748935,B722,_,00420,968
B722__00410.968,14.004049834314406,42.158378549999995,B722,_,00410,968
B722__00280.968,13.99495788499285,42.160746945,B722,_,00280,968
B722__00190.968,13.992888542036312,42.166057705,B722,_,00190,968
B722__00100.968,13.980522291373168,42.188541095,B722,_,00100,968
B722__00090.968,13.973824100598597,42.17658347,B722,_,00090,968
B722__00060.968,13.994508143643527,42.19457726,B722,_,00060,968
B722__00050.968,13.969600768183739,42.19170371,B722,_,00050,968
B722__00020.969,13.987027128897797,42.20006223,B722,_,00020,969
B722__00510.969,14.003768895964496,42.13169997,B722,_,00510,969
B722__00410.969,14.017094925529847,42.1520419,B722,_,00410,969
B722__00290.969,14.004094011082369,42.15960498,B722,_,00290,969
B722__00280.969,13.995277263684159,42.16076599,B722,_,00280,969
B722__00100.969,13.980451649742601,42.18819974,B722,_,00100,969
B722__00090.969,13.97665703814624,42.18220953,B722,_,00090,969
B722__00060.969,13.984488055320039,42.19285763,B722,_,00060,969
B722__00050.969,13.972611946879972,42.190514234999995,B722,_,00050,969
B722__00010.97,13.971128582541679,42.207857045,B722,_,00010,97
B722__00610.97,13.99598998007791,42.11524001,B722,_,00610,97
B722__00600.97,14.010248707870256,42.125984579999994,B722,_,00600,97
B722__00590.97,13.999018080733851,42.12716795,B722,_,00590,97
B722__00540.97,14.039367252355586,42.14336231,B722,_,00540,97
B722__00530.97,14.028397963256433,42.145063605000004,B722,_,00530,97
B722__00520.97,14.008608199452908,42.141985785,B722,_,00520,97
B722__0051.97,14.003350277121127,42.1418234,B722,_,0051,97
B722__00500.97,13.991721705033168,42.133623515,B722,_,00500,97
B722__00490.97,13.987041171845384,42.128163985,B722,_,00490,97
B722__00480.97,13.983364230016495,42.13700038,B722,_,00480,97
B722__00440.97,14.038471321182676,42.14936557,B722,_,00440,97
B722__00430.97,14.022139059893142,42.156537035,B722,_,00430,97
B722__00410.97,14.01030517048534,42.158862925,B722,_,00410,97
B722__00400.97,14.002718413383118,42.151641305,B722,_,00400,97
B722__00390.97,14.000238197960226,42.14419834500001,B722,_,00390,97
B722__00370.97,13.993626026500259,42.143140035,B722,_,00370,97
B722__00360.97,13.995951219556805,42.15028097,B722,_,00360,97
B722__00340.97,13.967118487092067,42.142217945,B722,_,00340,97
B722__00330.97,13.978265782081989,42.149246625,B722,_,00330,97
B722__00300.97,14.03333262924189,42.165609375,B722,_,00300,97
B722__00290.97,14.002074420980918,42.16155322,B722,_,00290,97
B722__0028.97,13.99760251120366,42.158997865,B722,_,0028,97
B722__00270.97,13.995027405818723,42.157820685000004,B722,_,00270,97
B722__00260.97,13.986185311370129,42.16402299,B722,_,00260,97
B722__00250.97,13.980987853926365,42.164679359999994,B722,_,00250,97
B722__00230.97,14.06857686517397,42.165766655,B722,_,00230,97
B722__00220.97,14.055673369998377,42.170214285,B722,_,00220,97
B722__00210.97,14.032471757794966,42.16975684,B722,_,00210,97
B722__00200.97,14.015313225029878,42.16725098,B722,_,00200,97
B722__00190.97,13.996585993375977,42.16846742,B722,_,00190,97
B722__00180.97,14.02088946112966,42.17868884000001,B722,_,00180,97
B722__00170.97,14.014828073201508,42.1783609,B722,_,00170,97
B722__00160.97,14.012222671112163,42.172009435,B722,_,00160,97
B722__00150.97,14.004460263125054,42.177698095,B722,_,00150,97
B722__00140.97,13.985664235343258,42.173402745000004,B722,_,00140,97
B722__00130.97,13.975428545047244,42.172139245,B722,_,00130,97
B722__00120.97,14.00974344106778,42.190508574999996,B722,_,00120,97
B722__00110.97,13.99949539602002,42.180955280000006,B722,_,00110,97
B722__00100.97,13.984536488593271,42.18723263,B722,_,00100,97
B722__0009.97,13.968022241849264,42.18682983,B722,_,0009,97
B722__00080.97,13.958327538643097,42.188160685,B722,_,00080,97
B722__00060.97,13.989383318789281,42.199676595,B722,_,00060,97
B722__00050.97,13.981210471288868,42.193943205,B722,_,00050,97
B722__00040.97,13.970503054552662,42.19941127,B722,_,00040,97
B722__00030.97,13.959852049533875,42.197606265000005,B722,_,00030,97
B722__00020.97,13.981812170627393,42.206669255,B722,_,00020,97
B722__00020.970,13.986412262426963,42.20023691,B722,_,00020,970
B722__00520.970,14.012758486303037,42.141635125,B722,_,00520,970
B722__00510.970,14.003759833624809,42.131819105000005,B722,_,00510,970
B722__00420.970,14.01038755562353,42.147551515,B722,_,00420,970
B722__00410.970,14.017061276250812,42.15215352,B722,_,00410,970
B722__00280.970,13.995027483587881,42.160521110000005,B722,_,00280,970
B722__00190.970,13.992151429999033,42.16586881,B722,_,00190,970
B722__00090.970,13.976700842004707,42.18180153,B722,_,00090,970
B722__00060.970,13.988854788841483,42.192939100000004,B722,_,00060,970
B722__00050.970,13.972738740017185,42.190496265,B722,_,00050,970
B722__00020.971,13.986370933593559,42.200497915,B722,_,00020,971
B722__00520.971,14.012629559117627,42.14175967,B722,_,00520,971
B722__00510.971,14.004543757922303,42.131572335,B722,_,00510,971
B722__00420.971,14.010498164060383,42.14751021,B722,_,00420,971
B722__00410.971,14.0047095658554,42.155988695000005,B722,_,00410,971
B722__00280.971,13.996868913653433,42.160503489999996,B722,_,00280,971
B722__00090.971,13.976760565772937,42.181200155,B722,_,00090,971
B722__00060.971,13.98856521338052,42.193251200000006,B722,_,00060,971
B722__00050.971,13.973047902787467,42.19081679,B722,_,00050,971
B722__00020.972,13.987127265850766,42.200968849999995,B722,_,00020,972
B722__00510.972,14.004703154915813,42.131956130000006,B722,_,00510,972
B722__00420.972,14.010586459715345,42.147478795,B722,_,00420,972
B722__00410.972,14.004894948304784,42.15603609,B722,_,00410,972
B722__00280.972,13.99639403195421,42.16051668,B722,_,00280,972
B722__00190.972,14.000453955904572,42.16277432,B722,_,00190,972
B722__00100.972,13.980727072558441,42.187894055,B722,_,00100,972
B722__00090.972,13.977280495166223,42.182157315,B722,_,00090,972
B722__00060.972,13.985621969505722,42.192062605000004,B722,_,00060,972
B722__00050.972,13.973057485030402,42.190554885,B722,_,00050,972
B722__00020.973,13.987276913105577,42.20091572,B722,_,00020,973
B722__00520.973,14.016498333337676,42.142734205,B722,_,00520,973
B722__00510.973,14.004677338311549,42.132038925,B722,_,00510,973
B722__00420.973,14.010621512198647,42.147457705,B722,_,00420,973
B722__00410.973,14.004835167106474,42.156014195,B722,_,00410,973
B722__00280.973,13.995961266080284,42.160594945,B722,_,00280,973
B722__00190.973,14.007123856476667,42.164096445,B722,_,00190,973
B722__00100.973,13.981104651184275,42.18763099,B722,_,00100,973
B722__00090.973,13.97732773149102,42.181649845,B722,_,00090,973
B722__00060.973,13.985410135026893,42.19194682,B722,_,00060,973
B722__00050.973,13.973200203112025,42.190588489999996,B722,_,00050,973
B722__00050.974,13.973288649717524,42.190175105,B722,_,00050,974
B722__00520.974,14.016632613387669,42.14289785,B722,_,00520,974
B722__00510.974,14.005131153389847,42.131892685,B722,_,00510,974
B722__00420.974,14.016788318488882,42.1498714,B722,_,00420,974
B722__00280.974,13.995855869232253,42.160898575000004,B722,_,00280,974
B722__00100.974,13.978736463866994,42.181641065,B722,_,00100,974
B722__00090.974,13.975503811568473,42.18122952,B722,_,00090,974
B722__00060.974,13.98568011087081,42.191988915,B722,_,00060,974
B722__00050.975,13.97352598457627,42.19055722,B722,_,00050,975
B722__00520.975,14.016777782823787,42.142566805,B722,_,00520,975
B722__00510.975,14.006068204223121,42.131882090000005,B722,_,00510,975
B722__00420.975,14.016752226792661,42.14974474500001,B722,_,00420,975
B722__00410.975,14.005020342278042,42.15614889,B722,_,00410,975
B722__00290.975,14.006193978790161,42.161482245,B722,_,00290,975
B722__00280.975,13.995665114712349,42.16060261,B722,_,00280,975
B722__00100.975,13.978817957086779,42.181575415,B722,_,00100,975
B722__00090.975,13.975345307121962,42.180798795,B722,_,00090,975
B722__00060.975,13.991444711303341,42.19199107,B722,_,00060,975
B722__00050.976,13.973593412599875,42.19039953,B722,_,00050,976
B722__00520.976,14.0166392705476,42.142663645,B722,_,00520,976
B722__00510.976,14.005977422999283,42.13209052,B722,_,00510,976
B722__00420.976,14.01380004990143,42.1479705,B722,_,00420,976
B722__00410.976,14.004963702938085,42.155894325,B722,_,00410,976
B722__00280.976,13.995391218628415,42.16101175,B722,_,00280,976
B722__00100.976,13.978981604024366,42.181544015,B722,_,00100,976
B722__00090.976,13.975197753593418,42.180737695000005,B722,_,00090,976
B722__00060.976,13.992442013552791,42.188257345,B722,_,00060,976
B722__00050.977,13.973631191924062,42.19033658,B722,_,00050,977
B722__00520.977,14.01680484404914,42.142817155,B722,_,00520,977
B722__00510.977,14.005955533680659,42.132386374999996,B722,_,00510,977
B722__00420.977,14.013811447141622,42.147784529999996,B722,_,00420,977
B722__00290.977,14.00713541980706,42.16114637,B722,_,00290,977
B722__00280.977,13.995074054006192,42.161162125000004,B722,_,00280,977
B722__00100.977,13.979069424572678,42.181444515,B722,_,00100,977
B722__00090.977,13.975825870929746,42.18666326,B722,_,00090,977
B722__00060.977,13.993253342159136,42.188051915,B722,_,00060,977
B722__00050.978,13.973633907147562,42.190223005,B722,_,00050,978
B722__00510.978,14.005674966534897,42.132288445,B722,_,00510,978
B722__00420.978,14.015596707293533,42.14848071,B722,_,00420,978
B722__00410.978,14.005153757039686,42.155938425,B722,_,00410,978
B722__00280.978,13.994769076515432,42.161392004999996,B722,_,00280,978
B722__00100.978,13.977870706859447,42.1815271,B722,_,00100,978
B722__00090.978,13.975830851783229,42.186388565,B722,_,00090,978
B722__00050.979,13.973765564034805,42.19020391,B722,_,00050,979
B722__00520.979,14.013472197927989,42.141751705000004,B722,_,00520,979
B722__00510.979,14.005313464213158,42.132110335,B722,_,00510,979
B722__00410.979,14.007965580735643,42.157450795,B722,_,00410,979
B722__00280.979,13.994391439346913,42.16145381,B722,_,00280,979
B722__00100.979,13.97855610192523,42.181515399999995,B722,_,00100,979
B722__00090.979,13.973245060939632,42.182397435,B722,_,00090,979
B722__00060.979,13.98696823095332,42.19675475,B722,_,00060,979
B722__00010.98,13.971274480621103,42.208127925,B722,_,00010,98
B722__00610.98,13.996535260261293,42.11553033,B722,_,00610,98
B722__00590.98,14.0003968312039,42.126243165,B722,_,00590,98
B722__00540.98,14.040010930449839,42.14319372,B722,_,00540,98
B722__00530.98,14.02882254094213,42.144997739999994,B722,_,00530,98
B722__00520.98,14.008363928555266,42.141572714999995,B722,_,00520,98
B722__0051.98,14.003431938142647,42.141686019999995,B722,_,0051,98
B722__00500.98,13.992377255093816,42.13355805,B722,_,00500,98
B722__00490.98,13.987562696815678,42.128380445000005,B722,_,00490,98
B722__00480.98,13.98388112250725,42.136629565,B722,_,00480,98
B722__00440.98,14.044681208537757,42.152944025,B722,_,00440,98
B722__00430.98,14.02231092831262,42.15643661,B722,_,00430,98
B722__00400.98,14.002935246460794,42.151487915000004,B722,_,00400,98
B722__00390.98,14.000551705481659,42.14433518,B722,_,00390,98
B722__00360.98,13.996465554050966,42.1504572,B722,_,00360,98
B722__00340.98,13.96764170723659,42.142358975,B722,_,00340,98
B722__00330.98,13.977906745438702,42.149082324999995,B722,_,00330,98
B722__00290.98,14.002512598341731,42.161815125000004,B722,_,00290,98
B722__00270.98,13.987709527224418,42.156385165,B722,_,00270,98
B722__00260.98,13.986421206215764,42.164376625,B722,_,00260,98
B722__00250.98,13.981139571454392,42.16476726,B722,_,00250,98
B722__00230.98,14.069022368413407,42.16561024000001,B722,_,00230,98
B722__00220.98,14.055838462804152,42.17005401,B722,_,00220,98
B722__00210.98,14.032817859407512,42.169938665000004,B722,_,00210,98
B722__00200.98,14.016119029488753,42.167491315,B722,_,00200,98
B722__00190.98,13.997586740427534,42.168093745,B722,_,00190,98
B722__00180.98,14.022138596127464,42.17833138,B722,_,00180,98
B722__00170.98,14.016422756898274,42.178967945,B722,_,00170,98
B722__00160.98,14.012469772016331,42.17274888,B722,_,00160,98
B722__00150.98,14.004814215155397,42.17773587,B722,_,00150,98
B722__00130.98,13.975522496423778,42.171878175,B722,_,00130,98
B722__00120.98,14.009996487106314,42.19045582,B722,_,00120,98
B722__00110.98,14.002273351646863,42.18407999,B722,_,00110,98
B722__00100.98,13.984452595545758,42.187592005,B722,_,00100,98
B722__0009.98,13.96799134755522,42.186793885,B722,_,0009,98
B722__00080.98,13.958368619832644,42.188342855,B722,_,00080,98
B722__00060.98,13.989089596301092,42.1994441,B722,_,00060,98
B722__00050.98,13.981215642055467,42.19406332,B722,_,00050,98
B722__00040.98,13.970216254610394,42.198749505,B722,_,00040,98
B722__00030.98,13.95979454168936,42.197234210000005,B722,_,00030,98
B722__00020.98,13.982978125466657,42.20710421,B722,_,00020,98
B722__00050.980,13.973789802310492,42.19009088,B722,_,00050,980
B722__00520.980,14.014379528733159,42.14083859,B722,_,00520,980
B722__00510.980,14.006053185298427,42.13153287,B722,_,00510,980
B722__00420.980,14.011750904142291,42.146637209999994,B722,_,00420,980
B722__00280.980,13.994023370007053,42.16149217,B722,_,00280,980
B722__00100.980,13.978164276631574,42.18140733,B722,_,00100,980
B722__00090.980,13.973209045313723,42.18217517,B722,_,00090,980
B722__00060.980,13.986986061622604,42.196681174999995,B722,_,00060,980
B722__00050.981,13.973371024002073,42.189958274999995,B722,_,00050,981
B722__00520.981,14.013523561202845,42.140919679999996,B722,_,00520,981
B722__0051.981,14.007455339762835,42.134634715,B722,_,0051,981
B722__00420.981,14.011783386295967,42.14658676,B722,_,00420,981
B722__00410.981,14.007592599038569,42.157334495,B722,_,00410,981
B722__00280.981,13.993380235385747,42.161501605,B722,_,00280,981
B722__00100.981,13.978079311554463,42.181641755,B722,_,00100,981
B722__00090.981,13.97320527990124,42.18205402,B722,_,00090,981
B722__00060.981,13.98705945227308,42.19650163,B722,_,00060,981
B722__00050.982,13.973727304158361,42.18987278,B722,_,00050,982
B722__00520.982,14.010884185776506,42.142276665,B722,_,00520,982
B722__0051.982,14.00705068144684,42.134562470000006,B722,_,0051,982
B722__00410.982,14.00710317351212,42.15744236,B722,_,00410,982
B722__00290.982,14.007202475144295,42.16155907,B722,_,00290,982
B722__00280.982,13.993544998496922,42.161221170000005,B722,_,00280,982
B722__00100.982,13.980189002550944,42.1834348,B722,_,00100,982
B722__00090.982,13.97324399999902,42.18174872,B722,_,00090,982
B722__00060.982,13.982758275050717,42.198780275000004,B722,_,00060,982
B722__00050.983,13.973926930594324,42.189914425,B722,_,00050,983
B722__00520.983,14.015352969890511,42.141841635,B722,_,00520,983
B722__0051.983,14.007046315349331,42.134598135000005,B722,_,0051,983
B722__00280.983,13.99339394220957,42.161616175,B722,_,00280,983
B722__00100.983,13.980432087688834,42.182920505,B722,_,00100,983
B722__00090.983,13.972943394720595,42.18166938,B722,_,00090,983
B722__00060.983,13.982368314028342,42.198178165,B722,_,00060,983
B722__00060.984,13.986233281993663,42.20001743,B722,_,00060,984
B722__00520.984,14.016042385653709,42.14176802,B722,_,00520,984
B722__0051.984,14.007047267981086,42.13463805,B722,_,0051,984
B722__00420.984,14.018218224179584,42.149025445,B722,_,00420,984
B722__00410.984,14.016578042190417,42.152461845000005,B722,_,00410,984
B722__00280.984,13.993113919585394,42.16129798,B722,_,00280,984
B722__00100.984,13.977992712603099,42.182502095000004,B722,_,00100,984
B722__00090.984,13.973016910329763,42.1815034,B722,_,00090,984
B722__00050.985,13.973096625618947,42.190184,B722,_,00050,985
B722__00520.985,14.01621654209071,42.141530715,B722,_,00520,985
B722__0051.985,14.007021161315883,42.134700525,B722,_,0051,985
B722__00420.985,14.018071807648866,42.148740315,B722,_,00420,985
B722__00280.985,13.994385750248854,42.161059555,B722,_,00280,985
B722__00100.985,13.978072394364784,42.18244253,B722,_,00100,985
B722__00090.985,13.97361825524984,42.18160824,B722,_,00090,985
B722__00060.985,13.98611502776312,42.199987525,B722,_,00060,985
B722__00050.986,13.973207983918996,42.190149275,B722,_,00050,986
B722__00520.986,14.01496265083939,42.141349755,B722,_,00520,986
B722__0051.986,14.007165474557189,42.134776035,B722,_,0051,986
B722__00420.986,14.022667575793456,42.148164550000004,B722,_,00420,986
B722__00410.986,14.017125995882147,42.152062924999996,B722,_,00410,986
B722__00280.986,13.99460489674382,42.161202215,B722,_,00280,986
B722__00100.986,13.982622229915846,42.179427335,B722,_,00100,986
B722__00090.986,13.977153092213982,42.186501795,B722,_,00090,986
B722__00060.986,13.988945450240237,42.19592064,B722,_,00060,986
B722__00050.987,13.97375939955063,42.189702855,B722,_,00050,987
B722__00520.987,14.01416510106978,42.14244101,B722,_,00520,987
B722__0051.987,14.007050587773128,42.134766729999996,B722,_,0051,987
B722__00420.987,14.022129299267771,42.148624215,B722,_,00420,987
B722__00410.987,14.017105692367121,42.15212608,B722,_,00410,987
B722__0028.987,14.000488397887532,42.158670295,B722,_,0028,987
B722__00090.987,13.975075914828425,42.18752245,B722,_,00090,987
B722__00050.988,13.973996779646834,42.18957838,B722,_,00050,988
B722__00520.988,14.01523403007769,42.142660145,B722,_,00520,988
B722__0051.988,14.006973114005,42.134759065,B722,_,0051,988
B722__00420.988,14.021558809950204,42.147830375,B722,_,00420,988
B722__00410.988,14.004947320570174,42.154761495,B722,_,00410,988
B722__0028.988,14.000432914150963,42.158648475,B722,_,0028,988
B722__00100.988,13.982754552379546,42.179270325000005,B722,_,00100,988
B722__00090.988,13.975300947966529,42.187419895,B722,_,00090,988
B722__00050.989,13.974299347505795,42.189571865000005,B722,_,00050,989
B722__0051.989,14.006875056989118,42.13475046,B722,_,0051,989
B722__00420.989,14.021839181938804,42.14785189,B722,_,00420,989
B722__00410.989,14.00719043995429,42.155687799999995,B722,_,00410,989
B722__0028.989,14.000426943973565,42.15857531,B722,_,0028,989
B722__00100.989,13.982561065102487,42.179427335,B722,_,00100,989
B722__00090.989,13.975307437958467,42.187258965,B722,_,00090,989
B722__00060.989,13.992566789196925,42.19801644,B722,_,00060,989
B722__00010.99,13.971775159931399,42.20859952,B722,_,00010,99
B722__00610.99,13.996708251262545,42.11573367,B722,_,00610,99
B722__00590.99,14.00108427694369,42.126969884999994,B722,_,00590,99
B722__00540.99,14.041701071700336,42.14379497,B722,_,00540,99
B722__00530.99,14.028601605215975,42.145177849999996,B722,_,00530,99
B722__00520.99,14.008788106767184,42.141971545000004,B722,_,00520,99
B722__0051.99,14.003216498868927,42.14173117,B722,_,0051,99
B722__00500.99,13.993001180564235,42.13375316,B722,_,00500,99
B722__00490.99,13.987988766176894,42.1287617,B722,_,00490,99
B722__00480.99,13.984071720964323,42.136538375,B722,_,00480,99
B722__00440.99,14.039460722904984,42.14930983,B722,_,00440,99
B722__00430.99,14.022346243423552,42.15617871,B722,_,00430,99
B722__00400.99,14.002928274189124,42.151597775,B722,_,00400,99
B722__00390.99,14.000538159335056,42.144076870000006,B722,_,00390,99
B722__00370.99,13.99373962653754,42.143439275000006,B722,_,00370,99
B722__00360.99,13.996960721635105,42.150741839999995,B722,_,00360,99
B722__00340.99,13.968661987182998,42.142249025,B722,_,00340,99
B722__00330.99,13.97828705356411,42.14883912,B722,_,00330,99
B722__00300.99,14.026248984656508,42.16540235,B722,_,00300,99
B722__00290.99,14.002271945359116,42.161590555000004,B722,_,00290,99
B722__00260.99,13.986340764257765,42.164143589999995,B722,_,00260,99
B722__00250.99,13.981260747210033,42.164714634999996,B722,_,00250,99
B722__00230.99,14.058849283531657,42.16592672,B722,_,00230,99
B722__00220.99,14.056058417401179,42.17042762,B722,_,00220,99
B722__00210.99,14.032515683808644,42.170578875000004,B722,_,00210,99
B722__00200.99,14.017181439982593,42.167427895,B722,_,00200,99
B722__00190.99,13.99856674158089,42.16779726,B722,_,00190,99
B722__00180.99,14.022620842475003,42.17789773,B722,_,00180,99
B722__00170.99,14.011246914728837,42.177286615,B722,_,00170,99
B722__00160.99,14.012679439774919,42.172272695000004,B722,_,00160,99
B722__00150.99,13.989382940653817,42.174564544999996,B722,_,00150,99
B722__00130.99,13.976045669238673,42.172498329999996,B722,_,00130,99
B722__00120.99,14.010397902656212,42.19089812,B722,_,00120,99
B722__00110.99,13.989581639222408,42.182209525,B722,_,00110,99
B722__00100.99,13.985219425328534,42.187631865,B722,_,00100,99
B722__0009.99,13.967996982019509,42.186760175,B722,_,0009,99
B722__00080.99,13.95895705741655,42.188612995,B722,_,00080,99
B722__00060.99,13.98985963236603,42.199063609999996,B722,_,00060,99
B722__00050.99,13.981221541757535,42.194196745,B722,_,00050,99
B722__00040.99,13.971241180877243,42.198808715,B722,_,00040,99
B722__00030.99,13.960330535313044,42.19708736,B722,_,00030,99
B722__00020.99,13.982221480876944,42.206702234999995,B722,_,00020,99
B722__00050.990,13.973453335651193,42.189585115,B722,_,00050,990
B722__00520.990,14.014579425582143,42.141981265,B722,_,00520,990
B722__0051.990,14.006436855924125,42.13431045,B722,_,0051,990
B722__00420.990,14.022113694095797,42.147841650000004,B722,_,00420,990
B722__0028.990,14.000705435689802,42.15861428,B722,_,0028,990
B722__00100.990,13.978575735309475,42.184636485,B722,_,00100,990
B722__00090.990,13.975585803108398,42.187284649999995,B722,_,00090,990
B722__00060.990,13.991857456912516,42.198173405,B722,_,00060,990
B722__00050.991,13.97346059694231,42.189326449999996,B722,_,00050,991
B722__00520.991,14.014377191922577,42.14165766,B722,_,00520,991
B722__0051.991,14.006903817809292,42.134361895,B722,_,0051,991
B722__00420.991,14.022570779779398,42.147788320000004,B722,_,00420,991
B722__00290.991,14.0087277735003,42.159571799999995,B722,_,00290,991
B722__0028.991,14.000639579555699,42.158592285,B722,_,0028,991
B722__00090.991,13.97576215974905,42.18725485,B722,_,00090,991
B722__00060.991,13.992092466840152,42.198146715,B722,_,00060,991
B722__00050.992,13.973930046087093,42.18938986,B722,_,00050,992
B722__00520.992,14.01441166036006,42.141454769999996,B722,_,00520,992
B722__0051.992,14.00778665001022,42.134275345,B722,_,0051,992
B722__00420.992,14.0233759037835,42.14853963,B722,_,00420,992
B722__00410.992,14.016565996718374,42.1526635,B722,_,00410,992
B722__00100.992,13.97775679078123,42.18232146,B722,_,00100,992
B722__00090.992,13.975973396668838,42.187120594999996,B722,_,00090,992
B722__00060.992,13.992242343239141,42.19811267,B722,_,00060,992
B722__00050.993,13.973866171436033,42.189272315,B722,_,00050,993
B722__00520.993,14.015203642204924,42.143016204999995,B722,_,00520,993
B722__0051.993,14.007755081199583,42.13429569,B722,_,0051,993
B722__00420.993,14.008754734581768,42.14752934,B722,_,00420,993
B722__00410.993,14.005499463757271,42.150934785000004,B722,_,00410,993
B722__0028.993,14.000746774295266,42.15853686,B722,_,0028,993
B722__00090.993,13.976292032093312,42.186974525,B722,_,00090,993
B722__00060.993,13.99237714529795,42.19807891,B722,_,00060,993
B722__00060.994,13.988937313059019,42.19581221,B722,_,00060,994
B722__00520.994,14.011016550504653,42.142339559999996,B722,_,00520,994
B722__0051.994,14.007793379515158,42.134347415,B722,_,0051,994
B722__00420.994,14.009140347411686,42.14770026,B722,_,00420,994
B722__0028.994,14.000545704138688,42.158592285,B722,_,0028,994
B722__00090.994,13.976693755065376,42.18697646,B722,_,00090,994
B722__00050.995,13.981242773677689,42.188747215,B722,_,00050,995
B722__00520.995,14.01271845427403,42.14201021,B722,_,00520,995
B722__0051.995,14.007792025493343,42.13437668,B722,_,0051,995
B722__00420.995,14.025545966307384,42.148435770000006,B722,_,00420,995
B722__00290.995,14.010712009711536,42.1586482,B722,_,00290,995
B722__0028.995,14.003828584130897,42.15779699,B722,_,0028,995
B722__00090.995,13.973767905028641,42.18605367,B722,_,00090,995
B722__00050.996,13.97660075575491,42.188574880000004,B722,_,00050,996
B722__00520.996,14.011649852387247,42.141983025,B722,_,00520,996
B722__0051.996,14.007760906175179,42.134426344999994,B722,_,0051,996
B722__00420.996,14.013887752429728,42.151622085,B722,_,00420,996
B722__00410.996,14.007250522507837,42.157390570000004,B722,_,00410,996
B722__00290.996,14.006489573839628,42.16116825,B722,_,00290,996
B722__00280.996,13.995993704634984,42.15810582,B722,_,00280,996
B722__00090.996,13.97378083942733,42.185768644999996,B722,_,00090,996
B722__00060.996,13.990487153623915,42.196402515,B722,_,00060,996
B722__00050.997,13.97595234006096,42.18924085,B722,_,00050,997
B722__00520.997,14.01181306630366,42.14216075,B722,_,00520,997
B722__0051.997,14.007680085755716,42.13446007,B722,_,0051,997
B722__00420.997,14.01439700346247,42.151453000000004,B722,_,00420,997
B722__00410.997,14.007397722554252,42.157305734999994,B722,_,00410,997
B722__00280.997,13.997360174606063,42.157637375,B722,_,00280,997
B722__00090.997,13.974363912338864,42.186039275,B722,_,00090,997
B722__00060.997,13.990481513324735,42.196485155000005,B722,_,00060,997
B722__00050.998,13.970068769828908,42.192806175,B722,_,00050,998
B722__00520.998,14.011653580392625,42.142144995,B722,_,00520,998
B722__0051.998,14.007671141037754,42.13451544,B722,_,0051,998
B722__00420.998,14.012642430478794,42.149664200000004,B722,_,00420,998
B722__00410.998,14.007558592425111,42.157729965,B722,_,00410,998
B722__00280.998,13.995987462098107,42.15770857,B722,_,00280,998
B722__00090.998,13.974404018622359,42.18578058,B722,_,00090,998
B722__00060.998,13.99044949617008,42.19655416,B722,_,00060,998
B722__00050.999,13.973613435733263,42.19331459,B722,_,00050,999
B722__00520.999,14.01605399977659,42.142181609999994,B722,_,00520,999
B722__0051.999,14.007621764122776,42.134549070000006,B722,_,0051,999
B722__00420.999,14.013413894135065,42.14929898,B722,_,00420,999
B722__00410.999,14.007518212335249,42.15753642,B722,_,00410,999
B722__00280.999,13.997092291958332,42.15803931,B722,_,00280,999
B722__00090.999,13.974681528452795,42.186025225,B722,_,00090,999
B722__00060.999,13.990237266407593,42.19737062,B722,_,00060,999
