nome_particella,lon,lat,BELFIORE,SEZIONE,FOGLIO,PARTICELLA
C662__00010.1,11.909706380303641,43.068351469999996,C662,_,00010,1
C662__00670.1,11.935691793974907,42.98852941,C662,_,00670,1
C662__00660.1,11.946722856546579,42.997054155,C662,_,00660,1
C662__00650.1,11.936877555896565,42.999366965,C662,_,00650,1
C662__00640.1,11.92605543746675,42.997080839999995,C662,_,00640,1
C662__00640.1,11.926744839428885,42.997831090000005,C662,_,00640,1
C662__0063.1,11.951090462595648,43.00636705,C662,_,0063,1
C662__00620.1,11.934692480468325,43.003640535,C662,_,00620,1
C662__00610.1,11.923088035511354,43.004709055,C662,_,00610,1
C662__00600.1,11.916686714440528,43.00724355,C662,_,00600,1
C662__00590.1,11.953404469985593,43.01587931,C662,_,00590,1
C662__00560.1,11.93138641511475,43.01695902,C662,_,00560,1
C662__00550.1,11.922763354441972,43.01468963,C662,_,00550,1
C662__00540.1,11.915574249921846,43.016707444999994,C662,_,00540,1
C662__00530.1,11.905716083917316,43.01426206,C662,_,00530,1
C662__00510.1,11.963351343983515,43.031068274999996,C662,_,00510,1
C662__00490.1,11.946457572559023,43.018056685,C662,_,00490,1
C662__00480.1,11.946633459929348,43.030215655,C662,_,00480,1
C662__00460.1,11.917703378163747,43.025034684999994,C662,_,00460,1
C662__00450.1,11.903788899624914,43.022865065000005,C662,_,00450,1
C662__00430.1,11.884401993037025,43.02557417,C662,_,00430,1
C662__00410.1,11.877655905650649,43.028177725,C662,_,00410,1
C662__00400.1,11.85809219454362,43.03007589,C662,_,00400,1
C662__00390.1,11.962831426565224,43.042718175000005,C662,_,00390,1
C662__00360.1,11.941894620811023,43.039676755,C662,_,00360,1
C662__00350.1,11.934469269923628,43.038204410000006,C662,_,00350,1
C662__00330.1,11.909122857124014,43.029796645000005,C662,_,00330,1
C662__00320.1,11.90113508747957,43.03228281,C662,_,00320,1
C662__00300.1,11.88629036532876,43.03418327,C662,_,00300,1
C662__00290.1,11.873111388875131,43.036815495,C662,_,00290,1
C662__00280.1,11.959549575150152,43.046557975,C662,_,00280,1
C662__00260.1,11.93203341550503,43.046205905,C662,_,00260,1
C662__00250.1,11.928399501465556,43.04177508,C662,_,00250,1
C662__00240.1,11.920025323043834,43.040874235000004,C662,_,00240,1
C662__00230.1,11.908979160902563,43.045096685000004,C662,_,00230,1
C662__00220.1,11.904353959343933,43.046330714999996,C662,_,00220,1
C662__00210.1,11.889665154879228,43.04283674,C662,_,00210,1
C662__00190.1,11.877093487941128,43.044374235,C662,_,00190,1
C662__00180.1,11.895296572959053,43.050336200000004,C662,_,00180,1
C662__00170.1,11.975868215764581,43.05990586,C662,_,00170,1
C662__00160.1,11.950829087448582,43.051943865,C662,_,00160,1
C662__00150.1,11.955562982759453,43.06774627,C662,_,00150,1
C662__00140.1,11.933039118243403,43.053248115,C662,_,00140,1
C662__00130.1,11.91885153958037,43.044581785,C662,_,00130,1
C662__00120.1,11.920856246796527,43.05242424,C662,_,00120,1
C662__00110.1,11.91128251142488,43.052455035,C662,_,00110,1
C662__00100.1,11.90838189456506,43.05677714,C662,_,00100,1
C662__00090.1,11.922565264467153,43.060652245,C662,_,00090,1
C662__00080.1,11.916276801412826,43.060146185,C662,_,00080,1
C662__00070.1,11.905952341701717,43.062722655,C662,_,00070,1
C662__00060.1,11.891861714670862,43.062072650000005,C662,_,00060,1
C662__00050.1,11.923956419067729,43.074924295,C662,_,00050,1
C662__00040.1,11.923497743055819,43.068366645,C662,_,00040,1
C662__00020.1,11.908483304949758,43.068433035,C662,_,00020,1
C662__00010.10,11.915393822307603,43.069631635,C662,_,00010,10
C662__00680.10,11.93618420541176,42.98082416,C662,_,00680,10
C662__00670.10,11.940367809468311,42.987792635000005,C662,_,00670,10
C662__00660.10,11.955110653946315,42.99683744,C662,_,00660,10
C662__00650.10,11.94043987625094,42.998047035,C662,_,00650,10
C662__00640.10,11.919614170658548,42.99504855,C662,_,00640,10
C662__0063.10,11.953546055918062,43.00570684,C662,_,0063,10
C662__00610.10,11.934156373889534,43.003662075,C662,_,00610,10
C662__00590.10,11.954620017600835,43.01496298,C662,_,00590,10
C662__00580.10,11.947991931859782,43.01147975000001,C662,_,00580,10
C662__00570.10,11.928496634736838,43.013432175000005,C662,_,00570,10
C662__00550.10,11.92669353617125,43.013064825,C662,_,00550,10
C662__00540.10,11.917574252709045,43.01244666,C662,_,00540,10
C662__00520.10,11.96616085038918,43.025556249999994,C662,_,00520,10
C662__00510.10,11.962957759753188,43.028227505000004,C662,_,00510,10
C662__00500.10,11.956345082812888,43.02703898,C662,_,00500,10
C662__00490.10,11.949424876255424,43.016608875,C662,_,00490,10
C662__00480.10,11.94708951626937,43.0287314,C662,_,00480,10
C662__00460.10,11.913501150086905,43.020765225000005,C662,_,00460,10
C662__00450.10,11.906663398592677,43.02075725,C662,_,00450,10
C662__00440.10,11.895874117303292,43.02007198,C662,_,00440,10
C662__00430.10,11.88428895752877,43.025292615,C662,_,00430,10
C662__00420.10,11.883366641107571,43.02644797,C662,_,00420,10
C662__00410.10,11.876167629476434,43.023697915,C662,_,00410,10
C662__00400.10,11.873024308033482,43.026821675,C662,_,00400,10
C662__00390.10,11.973468129452312,43.03857867,C662,_,00390,10
C662__00380.10,11.961316006304967,43.039121775,C662,_,00380,10
C662__00370.10,11.944765116536377,43.039212739999996,C662,_,00370,10
C662__00370.10,11.94528439031189,43.039214715,C662,_,00370,10
C662__00370.10,11.945206960309537,43.039118224999996,C662,_,00370,10
C662__00350.10,11.931643610651944,43.037344285,C662,_,00350,10
C662__00340.10,11.923894436693722,43.02708059,C662,_,00340,10
C662__00290.10,11.874083486651326,43.034670059999996,C662,_,00290,10
C662__00280.10,11.96198455919275,43.042255095,C662,_,00280,10
C662__00270.10,11.95132734959056,43.041252555,C662,_,00270,10
C662__00260.10,11.930309276154865,43.042655915,C662,_,00260,10
C662__00250.10,11.92776859799389,43.04219097,C662,_,00250,10
C662__00240.10,11.921914530436197,43.038907625,C662,_,00240,10
C662__00230.10,11.913309948642635,43.043509560000004,C662,_,00230,10
C662__00210.10,11.891068596558695,43.040474855,C662,_,00210,10
C662__00190.10,11.87895754290091,43.039182249999996,C662,_,00190,10
C662__00180.10,11.89020481566055,43.047442285,C662,_,00180,10
C662__00170.10,11.978792072311979,43.057814315,C662,_,00170,10
C662__00150.10,11.964433945040668,43.064610110000004,C662,_,00150,10
C662__00140.10,11.938888219027486,43.053209345,C662,_,00140,10
C662__00120.10,11.933084567242307,43.052622330000005,C662,_,00120,10
C662__00110.10,11.912211542868352,43.05056604,C662,_,00110,10
C662__00100.10,11.908552377569293,43.054307465,C662,_,00100,10
C662__00090.10,11.927024045475527,43.059343915,C662,_,00090,10
C662__00080.10,11.915185705411591,43.058322125,C662,_,00080,10
C662__00070.10,11.910579757522967,43.06198635,C662,_,00070,10
C662__00060.10,11.897357051790534,43.06179516,C662,_,00060,10
C662__00050.10,11.931493861335209,43.065846985,C662,_,00050,10
C662__00020.100,11.903812459962353,43.066523405,C662,_,00020,100
C662__0063.100,11.952803451453786,43.00453081,C662,_,0063,100
C662__00610.100,11.934009664090333,42.997192964999996,C662,_,00610,100
C662__00590.100,11.963957175351128,43.01287553,C662,_,00590,100
C662__00580.100,11.939077533736423,43.00575823,C662,_,00580,100
C662__00560.100,11.941852545563574,43.014728575,C662,_,00560,100
C662__00530.100,11.907406785478706,43.013012965,C662,_,00530,100
C662__00520.100,11.967394667765706,43.0175158,C662,_,00520,100
C662__00510.100,11.961164979579117,43.024746305,C662,_,00510,100
C662__00500.100,11.949820470648785,43.02155735,C662,_,00500,100
C662__00490.100,11.947119243234784,43.017536035,C662,_,00490,100
C662__00440.100,11.895667802147578,43.020709705,C662,_,00440,100
C662__00430.100,11.886307633843595,43.025036885,C662,_,00430,100
C662__00380.100,11.960663048665293,43.03532819,C662,_,00380,100
C662__00370.100,11.95519640708504,43.03325785,C662,_,00370,100
C662__00350.100,11.934899945085593,43.02740103,C662,_,00350,100
C662__00340.100,11.92682174055211,43.030007275,C662,_,00340,100
C662__00310.100,11.893339216713558,43.02346364,C662,_,00310,100
C662__00290.100,11.870230794832505,43.029624935,C662,_,00290,100
C662__00270.100,11.9534090144533,43.04976483,C662,_,00270,100
C662__00230.100,11.915348697290987,43.039408495,C662,_,00230,100
C662__00220.100,11.908007405921404,43.043174855000004,C662,_,00220,100
C662__00110.100,11.921534814061395,43.050336834999996,C662,_,00110,100
C662__00080.100,11.916506682559497,43.058377445,C662,_,00080,100
C662__00060.100,11.891948072094166,43.05992696,C662,_,00060,100
C662__00030.100,11.911671590985728,43.06420176,C662,_,00030,100
C662__00580.1000,11.943668695467753,43.006809575,C662,_,00580,1000
C662__00590.1000,11.956692000836524,43.008949255,C662,_,00590,1000
C662__00620.1001,11.942479610941948,42.997165205,C662,_,00620,1001
C662__00660.1001,11.956468558850334,42.98378599,C662,_,00660,1001
C662__00580.1002,11.938541962877709,43.0065186,C662,_,00580,1002
C662__00660.1002,11.956309296668493,42.983750395,C662,_,00660,1002
C662__00620.1002,11.942289228468026,42.99709729,C662,_,00620,1002
C662__00580.1003,11.939027767041203,43.006750705,C662,_,00580,1003
C662__00590.1003,11.952831177402446,43.0105511,C662,_,00590,1003
C662__00580.1004,11.938006791186464,43.00641382,C662,_,00580,1004
C662__00660.1004,11.95630702709148,42.984391075,C662,_,00660,1004
C662__00620.1004,11.948479705102812,43.004623105,C662,_,00620,1004
C662__00580.1005,11.937849503070353,43.00596237,C662,_,00580,1005
C662__00660.1005,11.956596436220455,42.98468837,C662,_,00660,1005
C662__0063.1005,11.956144472288203,43.00070379,C662,_,0063,1005
C662__00620.1005,11.948320844661108,43.004502884999994,C662,_,00620,1005
C662__00580.1006,11.93843447484167,43.006408640000004,C662,_,00580,1006
C662__00660.1006,11.95633218429557,42.984222055000004,C662,_,00660,1006
C662__00620.1006,11.94831234298286,43.004623105,C662,_,00620,1006
C662__00590.1006,11.952708350061272,43.010568129999996,C662,_,00590,1006
C662__00580.1007,11.938631547915438,43.006155835,C662,_,00580,1007
C662__00660.1007,11.956061366460226,42.984834115,C662,_,00660,1007
C662__0063.1007,11.955868935637927,43.000508175,C662,_,0063,1007
C662__00590.1007,11.9527922370823,43.0106312,C662,_,00590,1007
C662__00580.1008,11.938488492170581,43.00655011,C662,_,00580,1008
C662__00660.1008,11.956266334708445,42.98414211,C662,_,00660,1008
C662__00620.1008,11.95011364665529,43.002553745,C662,_,00620,1008
C662__00590.1008,11.952921658667947,43.01088452,C662,_,00590,1008
C662__00580.1009,11.938413610694221,43.007088010000004,C662,_,00580,1009
C662__00660.1009,11.953512535372429,42.990903065,C662,_,00660,1009
C662__0063.1009,11.956062108550825,43.000508175,C662,_,0063,1009
C662__00620.1009,11.950265651442086,43.00190884,C662,_,00620,1009
C662__00590.1009,11.956341114743331,43.009531534999994,C662,_,00590,1009
C662__00020.101,11.901837957100515,43.063863705,C662,_,00020,101
C662__00650.101,11.941942810804557,42.994407315000004,C662,_,00650,101
C662__0063.101,11.953618241229247,43.004732645000004,C662,_,0063,101
C662__0062.101,11.954652940359479,42.998502880000004,C662,_,0062,101
C662__00590.101,11.96328335535776,43.011243230000005,C662,_,00590,101
C662__00580.101,11.942972967520824,43.004724505,C662,_,00580,101
C662__00560.101,11.942244500369478,43.01426196,C662,_,00560,101
C662__00520.101,11.967167211509798,43.017273335,C662,_,00520,101
C662__00510.101,11.961042764122928,43.024671935,C662,_,00510,101
C662__00500.101,11.950342671513884,43.021244665,C662,_,00500,101
C662__00490.101,11.947179898002897,43.017525719999995,C662,_,00490,101
C662__00470.101,11.918226104731385,43.01754427,C662,_,00470,101
C662__00460.101,11.909268589788997,43.01753932,C662,_,00460,101
C662__00450.101,11.90747057531759,43.020839215,C662,_,00450,101
C662__00440.101,11.892087025626054,43.021336829999996,C662,_,00440,101
C662__00430.101,11.886379743502534,43.02511642,C662,_,00430,101
C662__00370.101,11.952470238242666,43.035646220000004,C662,_,00370,101
C662__00360.101,11.936027699145178,43.03032338,C662,_,00360,101
C662__00350.101,11.935247544820013,43.027261175,C662,_,00350,101
C662__00340.101,11.929257157407044,43.028679975,C662,_,00340,101
C662__00270.101,11.958217925839193,43.046805705,C662,_,00270,101
C662__00230.101,11.915928644624561,43.040218065,C662,_,00230,101
C662__00220.101,11.907667762185866,43.04205425,C662,_,00220,101
C662__00110.101,11.921364230924194,43.050877060000005,C662,_,00110,101
C662__00060.101,11.891620592544577,43.060125920000004,C662,_,00060,101
C662__00030.101,11.911832715493269,43.063692465,C662,_,00030,101
C662__00580.1010,11.939718856060772,43.00764204,C662,_,00580,1010
C662__00660.1010,11.956269605041957,42.99233447,C662,_,00660,1010
C662__0063.1010,11.955886838132502,43.00070642,C662,_,0063,1010
C662__00620.1010,11.950722154640836,43.002434065,C662,_,00620,1010
C662__00590.1010,11.95378658206555,43.010515415,C662,_,00590,1010
C662__00590.1011,11.961814970417384,43.01157771,C662,_,00590,1011
C662__00660.1011,11.955878441704186,42.992763405,C662,_,00660,1011
C662__0063.1011,11.95443734030081,43.004532775,C662,_,0063,1011
C662__00620.1011,11.949734680632499,43.00249143,C662,_,00620,1011
C662__00590.1012,11.95055994873307,43.010479544999995,C662,_,00590,1012
C662__00660.1012,11.955159598562306,42.99588962,C662,_,00660,1012
C662__0063.1012,11.954114354322893,43.003478535,C662,_,0063,1012
C662__00580.1013,11.948374064516273,43.007962094999996,C662,_,00580,1013
C662__00660.1013,11.955288396115087,42.99580292,C662,_,00660,1013
C662__0063.1013,11.95548524631543,43.00059635,C662,_,0063,1013
C662__00620.1013,11.95264580031883,43.002829825,C662,_,00620,1013
C662__00590.1014,11.952647459954651,43.01063227,C662,_,00590,1014
C662__00660.1014,11.95116477490147,42.98935104,C662,_,00660,1014
C662__0063.1014,11.95569048125574,43.00052253,C662,_,0063,1014
C662__00620.1014,11.95184778004782,43.002872690000004,C662,_,00620,1014
C662__00590.1015,11.952364418982235,43.010680435,C662,_,00590,1015
C662__00660.1015,11.9541120366525,42.994695289999996,C662,_,00660,1015
C662__0063.1015,11.955733554814532,43.00041827,C662,_,0063,1015
C662__00620.1015,11.951127056815455,43.002027645,C662,_,00620,1015
C662__00620.1016,11.951093280300476,43.00270594,C662,_,00620,1016
C662__00660.1016,11.954235410868622,42.99466531,C662,_,00660,1016
C662__0063.1016,11.955342380004325,43.00069063,C662,_,0063,1016
C662__00620.1017,11.951209447753303,43.00238719,C662,_,00620,1017
C662__00660.1017,11.954454443887883,42.994658015,C662,_,00660,1017
C662__0063.1017,11.952387306477537,43.004081595,C662,_,0063,1017
C662__00590.1018,11.952209166450853,43.01089096,C662,_,00590,1018
C662__0063.1018,11.95592894117799,43.00534638,C662,_,0063,1018
C662__00590.1019,11.952133324458831,43.010669025,C662,_,00590,1019
C662__00660.1019,11.950568896427617,42.994262765,C662,_,00660,1019
C662__0063.1019,11.953093075371475,43.0055589,C662,_,0063,1019
C662__00620.1019,11.951293562576268,43.001684940000004,C662,_,00620,1019
C662__00030.102,11.912230704047996,43.063734055,C662,_,00030,102
C662__00650.102,11.941057126359208,42.99485932,C662,_,00650,102
C662__00640.102,11.923405593235609,42.99336113,C662,_,00640,102
C662__00610.102,11.924056188629311,43.00496919,C662,_,00610,102
C662__00590.102,11.964061947760662,43.012658825,C662,_,00590,102
C662__00580.102,11.945496173326067,43.005147640000004,C662,_,00580,102
C662__00560.102,11.94273876810174,43.013947814999995,C662,_,00560,102
C662__00550.102,11.923218160917255,43.013359460000004,C662,_,00550,102
C662__00520.102,11.967081586705698,43.017013725,C662,_,00520,102
C662__00510.102,11.960899457439044,43.024686020000004,C662,_,00510,102
C662__00500.102,11.950487374683393,43.02124989,C662,_,00500,102
C662__00490.102,11.947449900368614,43.01743305,C662,_,00490,102
C662__00480.102,11.936524627514618,43.02398876,C662,_,00480,102
C662__00470.102,11.92528843648484,43.018044505,C662,_,00470,102
C662__00450.102,11.907259168725897,43.020802305000004,C662,_,00450,102
C662__00440.102,11.892095235812935,43.02106229,C662,_,00440,102
C662__00430.102,11.88654601431305,43.02510463,C662,_,00430,102
C662__00380.102,11.95954297891343,43.03421964,C662,_,00380,102
C662__00370.102,11.95217797230268,43.035154295,C662,_,00370,102
C662__00350.102,11.933896704078077,43.034555895,C662,_,00350,102
C662__00340.102,11.928564807672576,43.029077945,C662,_,00340,102
C662__00330.102,11.910750871090155,43.02896172,C662,_,00330,102
C662__00320.102,11.9006847739368,43.021965035,C662,_,00320,102
C662__00310.102,11.894261138613595,43.022963855,C662,_,00310,102
C662__00300.102,11.885869414793396,43.032740700000005,C662,_,00300,102
C662__00290.102,11.867687704064124,43.028714414999996,C662,_,00290,102
C662__00270.102,11.958610159479935,43.047380895,C662,_,00270,102
C662__00230.102,11.91482665682453,43.038917305,C662,_,00230,102
C662__00220.102,11.907613105232262,43.042116730000004,C662,_,00220,102
C662__00180.102,11.900314536820488,43.04727265,C662,_,00180,102
C662__00140.102,11.936886147311345,43.049043100000006,C662,_,00140,102
C662__00110.102,11.922940714329822,43.049003145,C662,_,00110,102
C662__00080.102,11.914948947719829,43.05883921,C662,_,00080,102
C662__00060.102,11.889225494254916,43.060787794999996,C662,_,00060,102
C662__00590.1020,11.951886380328018,43.01045164999999,C662,_,00590,1020
C662__00660.1020,11.948763517854372,42.99546936,C662,_,00660,1020
C662__00620.1020,11.952608965790859,43.001528640000004,C662,_,00620,1020
C662__00590.1021,11.952011837989325,43.010485355,C662,_,00590,1021
C662__00630.1021,11.95972471698846,43.005104044999996,C662,_,00630,1021
C662__00620.1022,11.942134159884981,43.00099854,C662,_,00620,1022
C662__00660.1022,11.948735058533476,42.996379974999996,C662,_,00660,1022
C662__00630.1022,11.959722693678692,43.005066505,C662,_,00630,1022
C662__00590.1023,11.952260969456926,43.010411155,C662,_,00590,1023
C662__00590.1024,11.952192727814477,43.010454465,C662,_,00590,1024
C662__00660.1024,11.947504161059783,42.996267669999995,C662,_,00660,1024
C662__0063.1024,11.957263014435174,43.00431143,C662,_,0063,1024
C662__00590.1025,11.952566083245298,43.010486349999994,C662,_,00590,1025
C662__00590.1026,11.952372229089393,43.01055693,C662,_,00590,1026
C662__00660.1026,11.94948814426071,42.995959299999996,C662,_,00660,1026
C662__0063.1026,11.953971479556744,43.00259962,C662,_,0063,1026
C662__00620.1026,11.950278456070109,43.00266288,C662,_,00620,1026
C662__00590.1027,11.957428577918371,43.008070425,C662,_,00590,1027
C662__00660.1027,11.947685153311784,42.996857425,C662,_,00660,1027
C662__00620.1027,11.949817110216973,43.002840295,C662,_,00620,1027
C662__00620.1028,11.949754461249999,43.00284294,C662,_,00620,1028
C662__0063.1028,11.953902478057621,43.002614765000004,C662,_,0063,1028
C662__00590.1029,11.953974019847724,43.009550860000004,C662,_,00590,1029
C662__00630.1029,11.956209452507721,42.99701325,C662,_,00630,1029
C662__00620.1029,11.950038493667723,43.00294819,C662,_,00620,1029
C662__00030.103,11.912554224505147,43.063275515,C662,_,00030,103
C662__00680.103,11.954771755513027,42.983030725000006,C662,_,00680,103
C662__00660.103,11.950501733730963,42.9969138,C662,_,00660,103
C662__00640.103,11.923904898961029,42.993584854999995,C662,_,00640,103
C662__0063.103,11.953876560821136,43.00480038,C662,_,0063,103
C662__0062.103,11.95544478855739,42.998589589999995,C662,_,0062,103
C662__00610.103,11.922038333096452,43.004696949999996,C662,_,00610,103
C662__00590.103,11.964081768979659,43.012234605,C662,_,00590,103
C662__00580.103,11.947101195630676,43.005341505000004,C662,_,00580,103
C662__00560.103,11.9416257274837,43.013838715,C662,_,00560,103
C662__00550.103,11.923266685592349,43.013310785,C662,_,00550,103
C662__00530.103,11.907547080579576,43.01299895,C662,_,00530,103
C662__00520.103,11.960048472275744,43.016227685000004,C662,_,00520,103
C662__00510.103,11.963677135741731,43.026720685,C662,_,00510,103
C662__00480.103,11.93676013325943,43.02397661,C662,_,00480,103
C662__00450.103,11.905201596423243,43.018735455,C662,_,00450,103
C662__00440.103,11.89300071936911,43.02109562,C662,_,00440,103
C662__00430.103,11.886780102611905,43.02444831,C662,_,00430,103
C662__00370.103,11.95146955146802,43.03453795,C662,_,00370,103
C662__00360.103,11.936916661113932,43.030564115000004,C662,_,00360,103
C662__00350.103,11.934744753660766,43.026855944999994,C662,_,00350,103
C662__00340.103,11.927511438433845,43.028752655,C662,_,00340,103
C662__00320.103,11.906539004346993,43.031653219999995,C662,_,00320,103
C662__00290.103,11.871663756280594,43.03036568500001,C662,_,00290,103
C662__00270.103,11.958133203468922,43.04805537,C662,_,00270,103
C662__00260.103,11.939497467116851,43.04042308,C662,_,00260,103
C662__00240.103,11.918558088504604,43.02908572,C662,_,00240,103
C662__00230.103,11.912728185205903,43.03599230499999,C662,_,00230,103
C662__00220.103,11.90761326419608,43.041783824999996,C662,_,00220,103
C662__00110.103,11.922574737237987,43.046859145,C662,_,00110,103
C662__00080.103,11.915148359223917,43.05888784,C662,_,00080,103
C662__00060.103,11.897061458157323,43.059291869999996,C662,_,00060,103
C662__00590.1030,11.953542750350485,43.008700945,C662,_,00590,1030
C662__0063.1030,11.95522557221003,43.00095044,C662,_,0063,1030
C662__00620.1030,11.95084805048767,43.0029157,C662,_,00620,1030
C662__00590.1031,11.953628030052776,43.008895980000005,C662,_,00590,1031
C662__0063.1031,11.956877094001992,43.004328895,C662,_,0063,1031
C662__00620.1031,11.941156467219123,43.000363535,C662,_,00620,1031
C662__00620.1032,11.943246034769928,42.99982022499999,C662,_,00620,1032
C662__0063.1032,11.953513265012884,43.004292879999994,C662,_,0063,1032
C662__00590.1033,11.954108360484224,43.008546205,C662,_,00590,1033
C662__0063.1033,11.956087245866605,43.001371035,C662,_,0063,1033
C662__00620.1033,11.946230479621324,43.001399785000004,C662,_,00620,1033
C662__00620.1034,11.94660257641231,43.001089835,C662,_,00620,1034
C662__00660.1034,11.950969763155207,42.99636352,C662,_,00660,1034
C662__0063.1034,11.957432921877192,43.00440041,C662,_,0063,1034
C662__00590.1035,11.953785898962552,43.00898517,C662,_,00590,1035
C662__0063.1035,11.95403662704449,43.00236085,C662,_,0063,1035
C662__00620.1035,11.943911468101971,43.000601,C662,_,00620,1035
C662__00590.1036,11.953782179895537,43.008653054999996,C662,_,00590,1036
C662__00660.1036,11.950833881831947,42.997137585000004,C662,_,00660,1036
C662__0063.1036,11.954720773985159,43.001618539999996,C662,_,0063,1036
C662__00620.1036,11.943424036902204,43.000082975,C662,_,00620,1036
C662__00590.1037,11.953939926539405,43.008725775,C662,_,00590,1037
C662__0063.1037,11.95608439213748,43.00242575,C662,_,0063,1037
C662__00620.1037,11.944582012328013,43.000375425,C662,_,00620,1037
C662__00620.1038,11.950943475067668,43.00326812,C662,_,00620,1038
C662__0063.1038,11.956332282883647,43.001298085,C662,_,0063,1038
C662__00620.1039,11.950549953710206,43.003272245,C662,_,00620,1039
C662__0063.1039,11.953807959435204,43.00265701,C662,_,0063,1039
C662__00030.104,11.912210483424232,43.063559735,C662,_,00030,104
C662__00650.104,11.942943135378444,42.99701628,C662,_,00650,104
C662__00640.104,11.92328421508331,42.99463479,C662,_,00640,104
C662__00610.104,11.921796970666861,43.004269480000005,C662,_,00610,104
C662__00590.104,11.964405807959984,43.01214386,C662,_,00590,104
C662__00580.104,11.948227199462858,43.005577869999996,C662,_,00580,104
C662__00560.104,11.941857177609522,43.013436725000005,C662,_,00560,104
C662__00550.104,11.923639641485563,43.01342124999999,C662,_,00550,104
C662__00530.104,11.907234227621075,43.01273045000001,C662,_,00530,104
C662__00520.104,11.96050950304446,43.016428245,C662,_,00520,104
C662__00510.104,11.964017130565978,43.02672004,C662,_,00510,104
C662__00490.104,11.947517813586327,43.01739361,C662,_,00490,104
C662__00480.104,11.937058493551088,43.023857975,C662,_,00480,104
C662__00460.104,11.907611461966434,43.018843065,C662,_,00460,104
C662__00450.104,11.90549617424873,43.01854332,C662,_,00450,104
C662__00440.104,11.892130534620215,43.020677065,C662,_,00440,104
C662__00430.104,11.886838567360762,43.024534585,C662,_,00430,104
C662__00380.104,11.963323864579461,43.034479015,C662,_,00380,104
C662__00350.104,11.934748302390112,43.02644488,C662,_,00350,104
C662__00340.104,11.929132432816413,43.028401669999994,C662,_,00340,104
C662__00320.104,11.906751693211827,43.03124654,C662,_,00320,104
C662__00300.104,11.885600907763177,43.03264704,C662,_,00300,104
C662__00290.104,11.870091277536511,43.028642295,C662,_,00290,104
C662__00270.104,11.95634110234263,43.04883264,C662,_,00270,104
C662__00260.104,11.940092827080674,43.0405632,C662,_,00260,104
C662__00240.104,11.921697875381168,43.028646475,C662,_,00240,104
C662__00230.104,11.912432329922957,43.03541921,C662,_,00230,104
C662__00220.104,11.902818859717872,43.042923285,C662,_,00220,104
C662__00140.104,11.943549808333135,43.052158145,C662,_,00140,104
C662__00110.104,11.922492943964128,43.046950175000006,C662,_,00110,104
C662__00080.104,11.912988932594704,43.060866945,C662,_,00080,104
C662__00060.104,11.891235561400675,43.060756745,C662,_,00060,104
C662__00590.1040,11.954132941464081,43.009217414999995,C662,_,00590,1040
C662__0063.1040,11.954923865736411,43.001163815,C662,_,0063,1040
C662__00620.1040,11.949543788786439,43.002725264999995,C662,_,00620,1040
C662__00590.1041,11.953385029679028,43.008984485,C662,_,00590,1041
C662__0063.1041,11.955545970196606,43.00148522,C662,_,0063,1041
C662__00620.1041,11.950252038177084,43.003126824999995,C662,_,00620,1041
C662__00590.1042,11.953595864227529,43.00902544,C662,_,00590,1042
C662__0063.1042,11.957665554103643,43.00437125,C662,_,0063,1042
C662__00620.1042,11.945072943917857,42.998981075,C662,_,00620,1042
C662__00590.1043,11.953733090259366,43.009594699999994,C662,_,00590,1043
C662__0063.1043,11.957644161481788,43.00433006,C662,_,0063,1043
C662__00620.1043,11.944730078614707,42.99955867,C662,_,00620,1043
C662__00620.1044,11.944915993650703,42.999963089999994,C662,_,00620,1044
C662__00660.1044,11.953670700290257,42.99386415,C662,_,00660,1044
C662__0063.1044,11.957646992441017,43.00414465,C662,_,0063,1044
C662__00590.1045,11.953065349751597,43.008932765,C662,_,00590,1045
C662__0063.1045,11.95553772720432,43.004582705000004,C662,_,0063,1045
C662__00620.1045,11.94503635302953,43.000022904999994,C662,_,00620,1045
C662__00590.1046,11.949169422858606,43.011697055,C662,_,00590,1046
C662__0063.1046,11.95567744190263,43.002591165,C662,_,0063,1046
C662__00620.1046,11.94889469015539,43.00261145,C662,_,00620,1046
C662__00590.1047,11.94915248752926,43.011872225000005,C662,_,00590,1047
C662__0063.1047,11.955906069827838,43.00257971,C662,_,0063,1047
C662__00620.1047,11.949604971462847,43.002830180000004,C662,_,00620,1047
C662__00590.1048,11.953946614999218,43.010410164999996,C662,_,00590,1048
C662__0063.1048,11.954827987468633,43.00442332,C662,_,0063,1048
C662__00620.1048,11.949976013255895,43.003215175,C662,_,00620,1048
C662__00590.1049,11.95400248713161,43.010404824999995,C662,_,00590,1049
C662__00660.1049,11.956359567623062,42.987248065,C662,_,00660,1049
C662__00620.1049,11.949949842620576,43.003004595,C662,_,00620,1049
C662__00030.105,11.913307435709257,43.063466015,C662,_,00030,105
C662__00650.105,11.946086676110443,42.996563339999994,C662,_,00650,105
C662__00640.105,11.923081009124008,42.99439016,C662,_,00640,105
C662__0062.105,11.955430068765764,42.9984226,C662,_,0062,105
C662__00610.105,11.92173776686797,43.00408765,C662,_,00610,105
C662__00590.105,11.964904752571073,43.012007325,C662,_,00590,105
C662__00560.105,11.942042154078639,43.013436725000005,C662,_,00560,105
C662__00550.105,11.92480460519996,43.013561045,C662,_,00550,105
C662__00530.105,11.905478078634502,43.01317888,C662,_,00530,105
C662__00520.105,11.960907320536384,43.016675845,C662,_,00520,105
C662__00510.105,11.963202261282357,43.026118260000004,C662,_,00510,105
C662__00500.105,11.95542464646169,43.021214955,C662,_,00500,105
C662__00490.105,11.94762135468402,43.0173825,C662,_,00490,105
C662__00480.105,11.937519638767366,43.023999305000004,C662,_,00480,105
C662__00470.105,11.920461943159724,43.018416545,C662,_,00470,105
C662__00460.105,11.907025590555435,43.01883129,C662,_,00460,105
C662__00450.105,11.907503756805774,43.01591396,C662,_,00450,105
C662__00440.105,11.89196016002249,43.023335595,C662,_,00440,105
C662__00430.105,11.886897207397126,43.02462302,C662,_,00430,105
C662__00380.105,11.963269113313657,43.035714905,C662,_,00380,105
C662__00370.105,11.949510182665758,43.0319232,C662,_,00370,105
C662__00340.105,11.928811024477664,43.028654955,C662,_,00340,105
C662__00320.105,11.90783441760399,43.033429240000004,C662,_,00320,105
C662__00310.105,11.896020485693132,43.0220132,C662,_,00310,105
C662__00290.105,11.872252811188702,43.028478905,C662,_,00290,105
C662__00270.105,11.955497596418336,43.049087905,C662,_,00270,105
C662__00260.105,11.940457216902004,43.040648024999996,C662,_,00260,105
C662__00230.105,11.9110976943752,43.033604455,C662,_,00230,105
C662__00220.105,11.902891470622837,43.04279387,C662,_,00220,105
C662__00180.105,11.900739560351486,43.046327725,C662,_,00180,105
C662__00140.105,11.943358352620915,43.05258836,C662,_,00140,105
C662__00110.105,11.922402911604065,43.047102100000004,C662,_,00110,105
C662__00070.105,11.91196017317316,43.057126835000005,C662,_,00070,105
C662__00060.105,11.89105852565961,43.06076495,C662,_,00060,105
C662__00590.1050,11.953267900540029,43.010326129999996,C662,_,00590,1050
C662__0063.1050,11.953339708979575,43.003197175,C662,_,0063,1050
C662__00620.1050,11.95041862282265,43.00335511,C662,_,00620,1050
C662__00590.1051,11.953198040175227,43.010185125,C662,_,00590,1051
C662__0063.1051,11.957974425885578,43.00440725,C662,_,0063,1051
C662__00620.1051,11.950434387363376,43.003314145000004,C662,_,00620,1051
C662__00590.1052,11.953300047729584,43.0101863,C662,_,00590,1052
C662__00630.1052,11.95540795202904,42.994999435,C662,_,00630,1052
C662__00620.1052,11.947591406380518,43.002172115,C662,_,00620,1052
C662__00620.1053,11.947823617133416,43.002111215,C662,_,00620,1053
C662__00630.1053,11.956195972844831,42.996049465,C662,_,00630,1053
C662__00620.1054,11.949139197231915,43.002618645,C662,_,00620,1054
C662__00630.1054,11.95566416304946,42.995295600000006,C662,_,00630,1054
C662__00620.1055,11.948426780345901,43.00202894,C662,_,00620,1055
C662__0063.1055,11.953637217993073,43.00382552000001,C662,_,0063,1055
C662__0063.1056,11.956420614355455,43.00561458,C662,_,0063,1056
C662__00590.1057,11.95323143771564,43.009763844999995,C662,_,00590,1057
C662__0063.1057,11.956427214543737,43.005071665,C662,_,0063,1057
C662__00620.1057,11.947680137798745,43.001829095,C662,_,00620,1057
C662__00590.1058,11.953810924219642,43.01032301,C662,_,00590,1058
C662__00630.1058,11.955072741794257,42.994494965,C662,_,00630,1058
C662__00620.1058,11.943974982378583,43.000417825,C662,_,00620,1058
C662__00620.1059,11.94376451310622,42.999935195000006,C662,_,00620,1059
C662__00630.1059,11.954975159664762,42.994357730000004,C662,_,00630,1059
C662__00030.106,11.913086297626416,43.06332904,C662,_,00030,106
C662__00680.106,11.95462463478815,42.982041975,C662,_,00680,106
C662__00650.106,11.944157124593907,42.99597739,C662,_,00650,106
C662__00640.106,11.923198656983981,42.994287325,C662,_,00640,106
C662__00620.106,11.942693879224848,43.001186004999994,C662,_,00620,106
C662__00610.106,11.921191889237452,43.002054924999996,C662,_,00610,106
C662__00590.106,11.965408722195404,43.011880395,C662,_,00590,106
C662__00560.106,11.942549022233212,43.013452715,C662,_,00560,106
C662__00550.106,11.919723634876817,43.011634674999996,C662,_,00550,106
C662__00530.106,11.905862682560638,43.013031315000006,C662,_,00530,106
C662__00520.106,11.961294100700623,43.01687566,C662,_,00520,106
C662__00510.106,11.962811078559083,43.02559416,C662,_,00510,106
C662__00500.106,11.955968573337476,43.020795795,C662,_,00500,106
C662__00490.106,11.947583847312401,43.01734186,C662,_,00490,106
C662__00480.106,11.940418558727899,43.02441872,C662,_,00480,106
C662__00460.106,11.906690439919192,43.018773120000006,C662,_,00460,106
C662__00450.106,11.907909598683851,43.01590814,C662,_,00450,106
C662__00440.106,11.895863154819846,43.02121513,C662,_,00440,106
C662__00430.106,11.88693600494962,43.024740144999996,C662,_,00430,106
C662__00380.106,11.957692738008738,43.0310055,C662,_,00380,106
C662__00350.106,11.932219491917287,43.025869064999995,C662,_,00350,106
C662__00340.106,11.927676608623315,43.02825867,C662,_,00340,106
C662__00330.106,11.910718314399606,43.029157865,C662,_,00330,106
C662__00320.106,11.900135174963104,43.0311726,C662,_,00320,106
C662__00310.106,11.897951904158386,43.023237815,C662,_,00310,106
C662__00300.106,11.886019193150338,43.03294312,C662,_,00300,106
C662__00290.106,11.870812069285911,43.02794489,C662,_,00290,106
C662__00270.106,11.959132243312762,43.046213045,C662,_,00270,106
C662__00230.106,11.911017889462052,43.03297071,C662,_,00230,106
C662__00220.106,11.901995413482302,43.041463205,C662,_,00220,106
C662__00180.106,11.900329616365099,43.047018699999995,C662,_,00180,106
C662__00140.106,11.943438156530974,43.052276535000004,C662,_,00140,106
C662__00110.106,11.922239243434088,43.04741095,C662,_,00110,106
C662__00590.1060,11.95407436620052,43.010150710000005,C662,_,00590,1060
C662__0063.1060,11.958639397399647,43.005039115,C662,_,0063,1060
C662__00620.1060,11.94624409260759,43.002008110000006,C662,_,00620,1060
C662__00620.1061,11.947238115569851,43.001425635000004,C662,_,00620,1061
C662__0063.1061,11.958829778855847,43.005342805,C662,_,0063,1061
C662__00620.1062,11.944214654525815,42.999467565,C662,_,00620,1062
C662__0063.1062,11.955175771805886,43.003248819999996,C662,_,0063,1062
C662__00590.1063,11.953607276555648,43.00974158,C662,_,00590,1063
C662__00630.1063,11.955916417635764,42.99521067,C662,_,00630,1063
C662__00620.1063,11.944388185484982,42.99877758,C662,_,00620,1063
C662__00590.1064,11.95296063265999,43.010318155,C662,_,00590,1064
C662__0063.1064,11.954907934153933,43.003200039999996,C662,_,0063,1064
C662__00590.1065,11.952951204809747,43.010152205,C662,_,00590,1065
C662__0063.1065,11.955165751165744,43.003161145,C662,_,0063,1065
C662__00620.1065,11.950777177518875,43.0035823,C662,_,00620,1065
C662__00590.1066,11.952893132742249,43.00999295,C662,_,00590,1066
C662__0063.1066,11.954324700311808,43.00337471,C662,_,0063,1066
C662__00620.1066,11.945949160982575,43.000633205,C662,_,00620,1066
C662__00620.1067,11.945474043641047,43.00035648,C662,_,00620,1067
C662__0063.1067,11.95475285738802,43.004141544999996,C662,_,0063,1067
C662__00620.1068,11.945475195724718,43.000996915,C662,_,00620,1068
C662__0063.1068,11.957605569461288,43.00551118,C662,_,0063,1068
C662__00590.1069,11.953003238215395,43.009762359999996,C662,_,00590,1069
C662__0063.1069,11.954341450231848,43.002801415,C662,_,0063,1069
C662__00620.1069,11.94491771626621,43.000867695,C662,_,00620,1069
C662__00020.107,11.909648429472592,43.0670606,C662,_,00020,107
C662__00680.107,11.955411468474892,42.983933035,C662,_,00680,107
C662__00650.107,11.943411636872893,42.98893512,C662,_,00650,107
C662__00640.107,11.923096658555169,42.994432015,C662,_,00640,107
C662__00610.107,11.92163418363296,43.003621915,C662,_,00610,107
C662__00590.107,11.965747771932655,43.01179338,C662,_,00590,107
C662__00560.107,11.943706507773125,43.01403039,C662,_,00560,107
C662__00550.107,11.921550883647393,43.013121625,C662,_,00550,107
C662__00530.107,11.906119931567368,43.013301095,C662,_,00530,107
C662__00510.107,11.96213228358653,43.025134905,C662,_,00510,107
C662__00500.107,11.953303123803359,43.021935225,C662,_,00500,107
C662__00490.107,11.947788205832804,43.01726925,C662,_,00490,107
C662__00480.107,11.940597931849425,43.023566415,C662,_,00480,107
C662__00440.107,11.892900462610214,43.022488135,C662,_,00440,107
C662__00380.107,11.95867112437999,43.031564655,C662,_,00380,107
C662__00360.107,11.937371303381166,43.030685745,C662,_,00360,107
C662__00350.107,11.933877441550084,43.025455275,C662,_,00350,107
C662__00340.107,11.927753401190767,43.02803265,C662,_,00340,107
C662__00330.107,11.9096480602999,43.0269284,C662,_,00330,107
C662__00320.107,11.906013350206583,43.032789005,C662,_,00320,107
C662__00290.107,11.86713119196303,43.028677895,C662,_,00290,107
C662__00240.107,11.920513555152917,43.02694589,C662,_,00240,107
C662__00230.107,11.909183926593244,43.04533298,C662,_,00230,107
C662__00220.107,11.902105701093284,43.041463205,C662,_,00220,107
C662__00200.107,11.888061710342825,43.036838285,C662,_,00200,107
C662__00180.107,11.90257368026413,43.047761615,C662,_,00180,107
C662__00140.107,11.943549825283327,43.05186149,C662,_,00140,107
C662__00110.107,11.921314284535324,43.051066015,C662,_,00110,107
C662__00070.107,11.912987061403701,43.05624575,C662,_,00070,107
C662__00060.107,11.898668625108161,43.058028295,C662,_,00060,107
C662__00030.107,11.91313204255808,43.06373359,C662,_,00030,107
C662__00590.1070,11.953680248677035,43.01022972,C662,_,00590,1070
C662__00630.1070,11.955748126063149,42.994861529999994,C662,_,00630,1070
C662__00620.1070,11.944511179254967,43.000037585,C662,_,00620,1070
C662__00590.1071,11.953322332247414,43.00989932,C662,_,00590,1071
C662__00630.1071,11.955637059678802,42.994957095000004,C662,_,00630,1071
C662__00620.1071,11.945064005595501,43.000277135000005,C662,_,00620,1071
C662__00590.1072,11.951639325384608,43.00680234,C662,_,00590,1072
C662__0063.1072,11.953616882963004,43.004053545000005,C662,_,0063,1072
C662__00620.1072,11.944654265391362,43.00024947,C662,_,00620,1072
C662__00590.1073,11.951629556818887,43.006850405,C662,_,00590,1073
C662__0063.1073,11.954139176402334,43.003099645,C662,_,0063,1073
C662__00620.1073,11.948896036402521,43.00054845,C662,_,00620,1073
C662__00590.1074,11.951690869258416,43.006866435,C662,_,00590,1074
C662__0063.1074,11.953869278216363,43.004090915,C662,_,0063,1074
C662__00620.1074,11.947306207390852,43.00138274,C662,_,00620,1074
C662__00620.1075,11.947258285503139,43.001398865,C662,_,00620,1075
C662__0063.1075,11.956038428902332,43.00205066,C662,_,0063,1075
C662__00620.1076,11.946939718064542,43.001099405,C662,_,00620,1076
C662__0063.1076,11.95317993989558,43.00448085,C662,_,0063,1076
C662__00620.1077,11.946964094565509,43.00120914,C662,_,00620,1077
C662__0063.1077,11.95432451104451,43.003025859999994,C662,_,0063,1077
C662__00620.1078,11.946874011150651,43.00119953,C662,_,00620,1078
C662__0063.1078,11.953977698368021,43.003112279999996,C662,_,0063,1078
C662__00620.1079,11.946680954047675,43.000846055,C662,_,00620,1079
C662__00630.1079,11.95618561339274,42.99474918,C662,_,00630,1079
C662__00020.108,11.90997328073458,43.066513525000005,C662,_,00020,108
C662__00650.108,11.944467661613526,42.99617252,C662,_,00650,108
C662__00640.108,11.921231409005777,42.991613255000004,C662,_,00640,108
C662__00620.108,11.949415720537996,43.00149714,C662,_,00620,108
C662__00610.108,11.92083571316983,43.000746539999994,C662,_,00610,108
C662__00590.108,11.966322911024205,43.012074569999996,C662,_,00590,108
C662__00580.108,11.946995205172518,43.013302304999996,C662,_,00580,108
C662__00570.108,11.936295588593408,43.005399780000005,C662,_,00570,108
C662__00560.108,11.943721738551336,43.013672334999995,C662,_,00560,108
C662__00550.108,11.921280145498375,43.012512654999995,C662,_,00550,108
C662__00530.108,11.906550567490234,43.012715385,C662,_,00530,108
C662__00520.108,11.962956026722047,43.016773105,C662,_,00520,108
C662__00510.108,11.963209408799802,43.029702225,C662,_,00510,108
C662__00500.108,11.947680617545107,43.02080798,C662,_,00500,108
C662__00490.108,11.946890679712197,43.017328905,C662,_,00490,108
C662__00480.108,11.94166692878446,43.023607775,C662,_,00480,108
C662__00450.108,11.905093290135714,43.02459947,C662,_,00450,108
C662__00440.108,11.895983009518192,43.020788905,C662,_,00440,108
C662__00380.108,11.958683136995475,43.03143396,C662,_,00380,108
C662__00360.108,11.937845168724106,43.030883345,C662,_,00360,108
C662__00350.108,11.934454890590857,43.02586669,C662,_,00350,108
C662__00320.108,11.906288742436658,43.032310105,C662,_,00320,108
C662__00310.108,11.89995234138111,43.022427844999996,C662,_,00310,108
C662__00290.108,11.87448665224196,43.028999424999995,C662,_,00290,108
C662__00260.108,11.94077676180478,43.040459389999995,C662,_,00260,108
C662__00240.108,11.926796689215788,43.03094715,C662,_,00240,108
C662__00230.108,11.908255000195304,43.043434975,C662,_,00230,108
C662__00220.108,11.90328653686776,43.044752595,C662,_,00220,108
C662__00180.108,11.903347217942617,43.047431970000005,C662,_,00180,108
C662__00140.108,11.943568324150297,43.05137137,C662,_,00140,108
C662__00110.108,11.921626945161648,43.05116902,C662,_,00110,108
C662__00080.108,11.915542851861066,43.059484839999996,C662,_,00080,108
C662__00060.108,11.895319911264767,43.058238735,C662,_,00060,108
C662__00030.108,11.912951023972678,43.063578705,C662,_,00030,108
C662__00620.1080,11.946563720375435,43.00100534,C662,_,00620,1080
C662__0063.1080,11.954274016907181,43.00363595,C662,_,0063,1080
C662__00590.1081,11.949845287096334,43.01007407,C662,_,00590,1081
C662__00630.1081,11.95559435348627,42.994724579999996,C662,_,00630,1081
C662__00620.1081,11.94652977497122,43.00102701,C662,_,00620,1081
C662__00590.1082,11.949788319149128,43.009790565,C662,_,00590,1082
C662__0063.1082,11.954992504949644,43.0021036,C662,_,0063,1082
C662__00620.1082,11.946517973534537,43.00070801,C662,_,00620,1082
C662__00590.1083,11.950058895823119,43.0096564,C662,_,00590,1083
C662__00630.1083,11.956358186810316,42.99436103,C662,_,00630,1083
C662__00620.1083,11.946380526889461,43.00091260000001,C662,_,00620,1083
C662__00620.1084,11.946367615925944,43.000949465000005,C662,_,00620,1084
C662__00630.1084,11.955488693832525,42.99456114,C662,_,00630,1084
C662__00590.1085,11.950256403813961,43.0093428,C662,_,00590,1085
C662__0063.1085,11.954377823053292,43.00210489,C662,_,0063,1085
C662__00620.1085,11.946361349594376,43.000579474999995,C662,_,00620,1085
C662__00590.1086,11.946655824635645,43.01492579000001,C662,_,00590,1086
C662__00630.1086,11.956136747797673,42.995426595,C662,_,00630,1086
C662__00620.1086,11.946196824654631,43.000791475,C662,_,00620,1086
C662__00590.1087,11.947125720062736,43.01463275,C662,_,00590,1087
C662__0063.1087,11.956375458598401,43.00318165,C662,_,0063,1087
C662__00620.1087,11.946197865328127,43.00084187,C662,_,00620,1087
C662__00590.1088,11.952531113127485,43.006505385,C662,_,00590,1088
C662__00630.1088,11.956171415157087,42.994124084999996,C662,_,00630,1088
C662__00620.1088,11.946101064593826,43.000515925,C662,_,00620,1088
C662__00590.1089,11.951843999521952,43.006704965,C662,_,00590,1089
C662__00630.1089,11.956114493171967,42.99392962,C662,_,00630,1089
C662__00620.1089,11.946044176913308,43.00064099,C662,_,00620,1089
C662__00020.109,11.909485472334282,43.066580994999995,C662,_,00020,109
C662__00660.109,11.946609383936309,42.99020057,C662,_,00660,109
C662__00640.109,11.930707774389221,42.99621751,C662,_,00640,109
C662__0063.109,11.953927822805717,43.004465455,C662,_,0063,109
C662__00580.109,11.950371931577077,43.006701205,C662,_,00580,109
C662__00560.109,11.943182980668336,43.013361474999996,C662,_,00560,109
C662__00550.109,11.921719354468074,43.01213213,C662,_,00550,109
C662__00530.109,11.906858874804495,43.012403015000004,C662,_,00530,109
C662__00520.109,11.964713857377214,43.016464965,C662,_,00520,109
C662__00510.109,11.96327392845152,43.02982729,C662,_,00510,109
C662__00500.109,11.947910155062331,43.02082939,C662,_,00500,109
C662__00480.109,11.9426398207733,43.023890895,C662,_,00480,109
C662__00470.109,11.920402085051574,43.01666005,C662,_,00470,109
C662__00440.109,11.894971437007612,43.018683775,C662,_,00440,109
C662__00430.109,11.88631734706718,43.018780254999996,C662,_,00430,109
C662__00380.109,11.958205523459757,43.030794220000004,C662,_,00380,109
C662__00370.109,11.950466151426625,43.040177920000005,C662,_,00370,109
C662__00350.109,11.935480030298141,43.026085225,C662,_,00350,109
C662__00340.109,11.92786964280973,43.027687385,C662,_,00340,109
C662__00320.109,11.905975770295445,43.032189325,C662,_,00320,109
C662__00310.109,11.898385629017,43.021179059999994,C662,_,00310,109
C662__00290.109,11.874336256222499,43.02923682,C662,_,00290,109
C662__00260.109,11.940292654014332,43.040404185,C662,_,00260,109
C662__00240.109,11.926983571106629,43.03092302,C662,_,00240,109
C662__00230.109,11.907863451366737,43.042764675,C662,_,00230,109
C662__00220.109,11.901806408447708,43.040813765,C662,_,00220,109
C662__00180.109,11.902409118271901,43.046325065000005,C662,_,00180,109
C662__00140.109,11.943659137859342,43.051296035,C662,_,00140,109
C662__00110.109,11.920936075877592,43.05214167,C662,_,00110,109
C662__00080.109,11.915334182971474,43.059406304999996,C662,_,00080,109
C662__00070.109,11.913149561037311,43.057351249999996,C662,_,00070,109
C662__00060.109,11.892849596855651,43.059657400000006,C662,_,00060,109
C662__00030.109,11.911964949173143,43.06465127,C662,_,00030,109
C662__00620.1090,11.946018807040168,43.000666925000004,C662,_,00620,1090
C662__0063.1090,11.955274513504747,43.00152026,C662,_,0063,1090
C662__00620.1091,11.945745667071565,43.000431285000005,C662,_,00620,1091
C662__00630.1091,11.959630880987802,43.003314305,C662,_,00630,1091
C662__00590.1092,11.953087158431348,43.00988607,C662,_,00590,1092
C662__0063.1092,11.956232789608709,43.00227414,C662,_,0063,1092
C662__00620.1092,11.945576357412307,43.00040844,C662,_,00620,1092
C662__00620.1093,11.94581695227601,43.000343655,C662,_,00620,1093
C662__00660.1093,11.95442393443285,42.995321415,C662,_,00660,1093
C662__0063.1093,11.959108013504412,43.006044075,C662,_,0063,1093
C662__00620.1094,11.945659317495885,43.000425735,C662,_,00620,1094
C662__00660.1094,11.954220321433718,42.99512312,C662,_,00660,1094
C662__0063.1094,11.954944149094292,43.00480756,C662,_,0063,1094
C662__00620.1095,11.943221441186223,42.99837028,C662,_,00620,1095
C662__00660.1095,11.953854541435716,42.99516204,C662,_,00660,1095
C662__0063.1095,11.954927908090422,43.001648535,C662,_,0063,1095
C662__00620.1096,11.943857060314151,42.999404635,C662,_,00620,1096
C662__00630.1096,11.955262500414642,42.994779995,C662,_,00630,1096
C662__00620.1097,11.945400946299582,43.000159679999996,C662,_,00620,1097
C662__00630.1097,11.9553319917841,42.994859895,C662,_,00630,1097
C662__0063.1098,11.95440362215761,43.004691185,C662,_,0063,1098
C662__00660.1098,11.953158363468773,42.99514996,C662,_,00660,1098
C662__00620.1099,11.945459711824508,43.000321705000005,C662,_,00620,1099
C662__00660.1099,11.952634252292263,42.99533544,C662,_,00660,1099
C662__0063.1099,11.95652665031994,43.005305039999996,C662,_,0063,1099
C662__00010.11,11.915778547601127,43.070010195,C662,_,00010,11
C662__00680.11,11.937452448868875,42.98222853,C662,_,00680,11
C662__00670.11,11.940847414320185,42.987914995,C662,_,00670,11
C662__00660.11,11.947391727011976,42.995206780000004,C662,_,00660,11
C662__00640.11,11.922509282619842,42.995886805,C662,_,00640,11
C662__0063.11,11.951672131902649,43.005069215,C662,_,0063,11
C662__00600.11,11.917818445547248,43.00489596,C662,_,00600,11
C662__00580.11,11.948235116513835,43.01154335,C662,_,00580,11
C662__00570.11,11.929493309729907,43.010807105,C662,_,00570,11
C662__00550.11,11.927197662074015,43.014226595,C662,_,00550,11
C662__00540.11,11.9179278459581,43.012543305,C662,_,00540,11
C662__00530.11,11.910257044255339,43.01494545,C662,_,00530,11
C662__00520.11,11.968590987224548,43.02517516,C662,_,00520,11
C662__00510.11,11.963893942115227,43.02744702,C662,_,00510,11
C662__00500.11,11.956561127988394,43.027542765,C662,_,00500,11
C662__00490.11,11.948413565418935,43.01781289,C662,_,00490,11
C662__00480.11,11.947430985873295,43.029031645,C662,_,00480,11
C662__00470.11,11.927197285986159,43.023347415,C662,_,00470,11
C662__00460.11,11.91472984873985,43.020006775,C662,_,00460,11
C662__00450.11,11.903016150867934,43.02123442,C662,_,00450,11
C662__00440.11,11.895553107339575,43.019379505,C662,_,00440,11
C662__00410.11,11.87697905657628,43.022793535000005,C662,_,00410,11
C662__00400.11,11.858207014059321,43.02939248,C662,_,00400,11
C662__00390.11,11.973665579040897,43.038238445000005,C662,_,00390,11
C662__00380.11,11.962495918999192,43.039619235,C662,_,00380,11
C662__00360.11,11.943655086302787,43.039120475000004,C662,_,00360,11
C662__00350.11,11.932948289424022,43.036636665,C662,_,00350,11
C662__00340.11,11.924487687721815,43.027486045,C662,_,00340,11
C662__00320.11,11.906310548312682,43.032520655,C662,_,00320,11
C662__00280.11,11.954668183845369,43.041946685,C662,_,00280,11
C662__00270.11,11.95385679895274,43.047270115,C662,_,00270,11
C662__00260.11,11.93200183025645,43.043766455,C662,_,00260,11
C662__00250.11,11.927076594218953,43.04072305,C662,_,00250,11
C662__00240.11,11.91839508915242,43.037344335,C662,_,00240,11
C662__00230.11,11.914492254979592,43.043639985,C662,_,00230,11
C662__00220.11,11.904318434852597,43.044086445,C662,_,00220,11
C662__00210.11,11.892266609725992,43.040421365,C662,_,00210,11
C662__00190.11,11.879735063308836,43.03874795,C662,_,00190,11
C662__00180.11,11.892296585258652,43.047846945,C662,_,00180,11
C662__00170.11,11.978409669942431,43.05738001,C662,_,00170,11
C662__00150.11,11.967732047748934,43.0649238,C662,_,00150,11
C662__00140.11,11.939269665940003,43.053457275,C662,_,00140,11
C662__00130.11,11.929513645489983,43.047506725,C662,_,00130,11
C662__00110.11,11.912338173069244,43.05001875,C662,_,00110,11
C662__00100.11,11.908327157439883,43.054318464999994,C662,_,00100,11
C662__00080.11,11.915332167823518,43.05809962,C662,_,00080,11
C662__00060.11,11.898298134875173,43.06181204,C662,_,00060,11
C662__00050.11,11.927480363353952,43.07236788,C662,_,00050,11
C662__00020.11,11.90695812762293,43.06607509,C662,_,00020,11
C662__00020.110,11.907844391639152,43.0675274,C662,_,00020,110
C662__00680.110,11.950103890274743,42.981267445,C662,_,00680,110
C662__00660.110,11.950608306115456,42.992138215,C662,_,00660,110
C662__00620.110,11.950640192467073,43.001162135,C662,_,00620,110
C662__00610.110,11.920462603191396,42.99937649,C662,_,00610,110
C662__00600.110,11.91569693269766,42.996074225,C662,_,00600,110
C662__00590.110,11.94906567954079,43.011764055,C662,_,00590,110
C662__00580.110,11.948285679030128,43.011387675,C662,_,00580,110
C662__00560.110,11.944737108670463,43.014052865,C662,_,00560,110
C662__00550.110,11.92177231545909,43.004779615000004,C662,_,00550,110
C662__00530.110,11.906262559021023,43.012229075,C662,_,00530,110
C662__00520.110,11.966986348530352,43.01659971,C662,_,00520,110
C662__00510.110,11.963358089285801,43.029451050000006,C662,_,00510,110
C662__00500.110,11.947975668628608,43.019539765000005,C662,_,00500,110
C662__00480.110,11.943078996021029,43.024056314999996,C662,_,00480,110
C662__00470.110,11.921688149901994,43.01719372,C662,_,00470,110
C662__00460.110,11.909192901087254,43.018829195,C662,_,00460,110
C662__00440.110,11.89517499251022,43.01820515,C662,_,00440,110
C662__00380.110,11.960533837031067,43.03138523,C662,_,00380,110
C662__00370.110,11.950806120235491,43.04030833,C662,_,00370,110
C662__00350.110,11.935545435492001,43.03248191,C662,_,00350,110
C662__00340.110,11.928777856688214,43.02768346,C662,_,00340,110
C662__00320.110,11.906020036692187,43.03289058,C662,_,00320,110
C662__00290.110,11.873619511998346,43.028225739999996,C662,_,00290,110
C662__00240.110,11.925960118743554,43.034044125,C662,_,00240,110
C662__00230.110,11.90766422574048,43.04237866,C662,_,00230,110
C662__00220.110,11.903352981413654,43.04452689,C662,_,00220,110
C662__00180.110,11.901132525371978,43.04700475,C662,_,00180,110
C662__00140.110,11.943726549090595,43.051104734999996,C662,_,00140,110
C662__00110.110,11.920870226652964,43.052220739999996,C662,_,00110,110
C662__00080.110,11.916012119511265,43.056963425000006,C662,_,00080,110
C662__00060.110,11.891536854451115,43.061917135,C662,_,00060,110
C662__00030.110,11.912625456837489,43.063835499999996,C662,_,00030,110
C662__00590.1100,11.952698224385857,43.01096802,C662,_,00590,1100
C662__00660.1100,11.953259449541019,42.99512038,C662,_,00660,1100
C662__0063.1100,11.95618793097055,43.002953325,C662,_,0063,1100
C662__00620.1100,11.945493349883863,43.00036437,C662,_,00620,1100
C662__00620.1101,11.949147305751108,43.00266101,C662,_,00620,1101
C662__00660.1101,11.9526249102251,42.995135364999996,C662,_,00660,1101
C662__0063.1101,11.953187699393393,43.005375555,C662,_,0063,1101
C662__00590.1102,11.947542910943213,43.013866045,C662,_,00590,1102
C662__00660.1102,11.952157347971085,42.99565794,C662,_,00660,1102
C662__0063.1102,11.953074850433573,43.005416995,C662,_,0063,1102
C662__00620.1102,11.94799104245281,43.002206,C662,_,00620,1102
C662__00620.1103,11.94525702401917,43.00019468,C662,_,00620,1103
C662__00590.1104,11.95364477696056,43.009882155,C662,_,00590,1104
C662__00660.1104,11.952232149468298,42.9956466,C662,_,00660,1104
C662__0063.1104,11.954714510975759,43.001806135,C662,_,0063,1104
C662__00620.1104,11.945483601887432,43.000289685,C662,_,00620,1104
C662__00590.1105,11.957768560232381,43.013808255,C662,_,00590,1105
C662__00660.1105,11.952646550228508,42.995226935,C662,_,00660,1105
C662__00620.1105,11.952045040532196,43.003757065,C662,_,00620,1105
C662__00590.1106,11.95751718807364,43.01394757,C662,_,00590,1106
C662__0063.1106,11.952770499761534,43.00532302,C662,_,0063,1106
C662__00620.1106,11.951528978817457,43.004117265,C662,_,00620,1106
C662__00590.1107,11.957880943237392,43.00803629,C662,_,00590,1107
C662__00660.1107,11.952987152039789,42.995125445,C662,_,00660,1107
C662__00620.1107,11.951158933050362,43.003830165,C662,_,00620,1107
C662__00590.1108,11.951586242551974,43.01013999,C662,_,00590,1108
C662__0063.1108,11.95502382284253,43.00188674,C662,_,0063,1108
C662__00620.1108,11.951322195711167,43.00395682,C662,_,00620,1108
C662__00590.1109,11.95210316186692,43.00999186,C662,_,00590,1109
C662__00660.1109,11.95349394529551,42.995198705,C662,_,00660,1109
C662__00630.1109,11.960346926619978,43.001486655,C662,_,00630,1109
C662__00620.1109,11.951450355155044,43.00411226,C662,_,00620,1109
C662__00020.111,11.907788606263122,43.068153925000004,C662,_,00020,111
C662__0063.111,11.955532107791566,43.00472666,C662,_,0063,111
C662__00610.111,11.920694292669989,42.998420069999995,C662,_,00610,111
C662__00600.111,11.915743181240016,42.99616141,C662,_,00600,111
C662__00560.111,11.943868274798131,43.013529495,C662,_,00560,111
C662__00530.111,11.906374426494278,43.01227718,C662,_,00530,111
C662__00520.111,11.959250074126437,43.015803445,C662,_,00520,111
C662__00510.111,11.963436732926237,43.029458655,C662,_,00510,111
C662__00490.111,11.947264690350707,43.017307365,C662,_,00490,111
C662__00470.111,11.92213933390919,43.01703912,C662,_,00470,111
C662__00460.111,11.909487585731803,43.01896836,C662,_,00460,111
C662__00450.111,11.902637330859354,43.01918259,C662,_,00450,111
C662__00440.111,11.894009378528676,43.021230795,C662,_,00440,111
C662__00430.111,11.891085354916148,43.021520530000004,C662,_,00430,111
C662__00380.111,11.959318611100809,43.03163999,C662,_,00380,111
C662__00370.111,11.945084433043693,43.03676371,C662,_,00370,111
C662__00360.111,11.93886788415623,43.03106512,C662,_,00360,111
C662__00350.111,11.93549633524177,43.032353125,C662,_,00350,111
C662__00320.111,11.90858986323455,43.03335972,C662,_,00320,111
C662__00310.111,11.89750244020224,43.032414245,C662,_,00310,111
C662__00260.111,11.941755727709477,43.04055794,C662,_,00260,111
C662__00240.111,11.926077867408742,43.03431268,C662,_,00240,111
C662__00230.111,11.910262315766555,43.043095355000005,C662,_,00230,111
C662__00220.111,11.904403596127157,43.04625985,C662,_,00220,111
C662__00180.111,11.893349269480684,43.044190595,C662,_,00180,111
C662__00140.111,11.943868134510915,43.050595439999995,C662,_,00140,111
C662__00110.111,11.910601943436273,43.047308310000005,C662,_,00110,111
C662__00070.111,11.913891148915859,43.0581421,C662,_,00070,111
C662__00060.111,11.898672861975626,43.06182864,C662,_,00060,111
C662__00030.111,11.911591150303455,43.06448484,C662,_,00030,111
C662__00590.1110,11.952236725103363,43.00984745,C662,_,00590,1110
C662__00630.1110,11.960356469051835,43.001532945,C662,_,00630,1110
C662__00620.1110,11.951120840716106,43.003854745,C662,_,00620,1110
C662__00590.1111,11.95221272349115,43.01020780499999,C662,_,00590,1111
C662__00630.1111,11.960520691179848,43.001461065,C662,_,00630,1111
C662__00620.1111,11.951285408907264,43.003983184999996,C662,_,00620,1111
C662__00590.1112,11.952309353593055,43.010278099999994,C662,_,00590,1112
C662__00630.1112,11.96064642979321,43.00146126,C662,_,00630,1112
C662__00620.1112,11.950667826236707,43.003680105,C662,_,00620,1112
C662__00590.1113,11.952132354157428,43.010273685,C662,_,00590,1113
C662__00660.1113,11.953365041436394,42.995190385,C662,_,00660,1113
C662__00630.1113,11.960503665607177,43.001395555,C662,_,00630,1113
C662__00620.1113,11.950890899516349,43.003671839999996,C662,_,00620,1113
C662__00590.1114,11.951398252867325,43.009365625,C662,_,00590,1114
C662__00660.1114,11.952396108240258,42.99576494,C662,_,00660,1114
C662__00630.1114,11.96079592265193,43.00141918,C662,_,00630,1114
C662__00620.1114,11.951022990960743,43.00356851,C662,_,00620,1114
C662__00590.1115,11.95189044445792,43.009290730000004,C662,_,00590,1115
C662__00660.1115,11.952901074891166,42.9957945,C662,_,00660,1115
C662__00630.1115,11.960873052455945,42.999700585,C662,_,00630,1115
C662__00620.1115,11.950942526318109,43.00366087,C662,_,00620,1115
C662__00590.1116,11.952090545053043,43.009323215,C662,_,00590,1116
C662__00660.1116,11.953287649855174,42.99487611,C662,_,00660,1116
C662__00630.1116,11.96048612626301,42.998689325,C662,_,00630,1116
C662__00590.1117,11.951647638831243,43.00853053,C662,_,00590,1117
C662__00630.1117,11.960496185789795,43.000446409999995,C662,_,00630,1117
C662__00590.1118,11.95180075443161,43.00865083,C662,_,00590,1118
C662__00660.1118,11.953258193483551,42.99491942,C662,_,00660,1118
C662__00630.1118,11.959704647703035,42.99876658,C662,_,00630,1118
C662__00590.1119,11.95214828602465,43.00839245,C662,_,00590,1119
C662__00660.1119,11.95344309130883,42.994942484999996,C662,_,00660,1119
C662__00630.1119,11.95993778713768,43.00041114,C662,_,00630,1119
C662__00020.112,11.90752570864627,43.068047594999996,C662,_,00020,112
C662__00660.112,11.955731342868958,42.996106225,C662,_,00660,112
C662__0063.112,11.955788901379382,43.004542745,C662,_,0063,112
C662__00600.112,11.915453007550688,42.995826355,C662,_,00600,112
C662__00590.112,11.95487298981481,43.005976515,C662,_,00590,112
C662__00560.112,11.943702012429625,43.013017,C662,_,00560,112
C662__00530.112,11.906408928980433,43.012294275,C662,_,00530,112
C662__00520.112,11.959458641371661,43.015804275,C662,_,00520,112
C662__00510.112,11.96355016481066,43.02889494,C662,_,00510,112
C662__00500.112,11.948911710718303,43.01980837,C662,_,00500,112
C662__00490.112,11.947748133963238,43.01715153,C662,_,00490,112
C662__00480.112,11.945915967864561,43.02393867,C662,_,00480,112
C662__00470.112,11.922779006440983,43.01782343,C662,_,00470,112
C662__00450.112,11.902873309633485,43.01916877,C662,_,00450,112
C662__00440.112,11.892615557409872,43.020573479999996,C662,_,00440,112
C662__00380.112,11.959315243229256,43.031493355,C662,_,00380,112
C662__00370.112,11.9533545070449,43.03194103,C662,_,00370,112
C662__00350.112,11.934077059886398,43.030084105,C662,_,00350,112
C662__00320.112,11.908641638640894,43.03307831,C662,_,00320,112
C662__00310.112,11.894004151984383,43.02785781,C662,_,00310,112
C662__00300.112,11.887115692870655,43.033489024999994,C662,_,00300,112
C662__00260.112,11.942050449246414,43.041114445,C662,_,00260,112
C662__00240.112,11.921509769515978,43.040189475000005,C662,_,00240,112
C662__00230.112,11.912107577270477,43.04075547,C662,_,00230,112
C662__00220.112,11.903667535185651,43.045307449999996,C662,_,00220,112
C662__00180.112,11.89438354195545,43.044788804999996,C662,_,00180,112
C662__00140.112,11.943912333935192,43.049979685,C662,_,00140,112
C662__00110.112,11.912463344583346,43.048565685,C662,_,00110,112
C662__00060.112,11.898412523978628,43.06182864,C662,_,00060,112
C662__00030.112,11.911544351824915,43.06436612,C662,_,00030,112
C662__00590.1120,11.951882834343063,43.00863162,C662,_,00590,1120
C662__00630.1120,11.960231365924766,42.999448994999995,C662,_,00630,1120
C662__00590.1121,11.952014777666253,43.00796028,C662,_,00590,1121
C662__00660.1121,11.953353609574739,42.995155485,C662,_,00660,1121
C662__00630.1121,11.960002128421323,42.997455744999996,C662,_,00630,1121
C662__00590.1122,11.951970348221831,43.008288805,C662,_,00590,1122
C662__00660.1122,11.953344109233907,42.995126365000004,C662,_,00660,1122
C662__00630.1122,11.959302962315128,42.998142305,C662,_,00630,1122
C662__00590.1123,11.951012351943874,43.01391453,C662,_,00590,1123
C662__00660.1123,11.953470041028307,42.9951636,C662,_,00660,1123
C662__00630.1123,11.96077167036201,42.99730846,C662,_,00630,1123
C662__00630.1124,11.95929318151001,42.997578855,C662,_,00630,1124
C662__00660.1124,11.953456482857124,42.995134715,C662,_,00660,1124
C662__00630.1125,11.959631013354203,42.99637198,C662,_,00630,1125
C662__00660.1125,11.95374540526157,42.99517033,C662,_,00660,1125
C662__00630.1126,11.959417635350004,42.995290955,C662,_,00630,1126
C662__00660.1126,11.953557737743232,42.995142685000005,C662,_,00660,1126
C662__00630.1127,11.960557314741333,42.996316809999996,C662,_,00630,1127
C662__00660.1127,11.953050969457578,42.994978225,C662,_,00660,1127
C662__00630.1128,11.959190488979171,42.996066490000004,C662,_,00630,1128
C662__00590.1129,11.955195150929889,43.011087489999994,C662,_,00590,1129
C662__00630.1129,11.958794994832894,42.996597425000004,C662,_,00630,1129
C662__00020.113,11.908238321249186,43.067823765,C662,_,00020,113
C662__00650.113,11.941454210118078,42.988854445,C662,_,00650,113
C662__00640.113,11.929094665739006,42.995154885000005,C662,_,00640,113
C662__00600.113,11.920716757707872,42.99732439500001,C662,_,00600,113
C662__00590.113,11.955377757965085,43.005830599999996,C662,_,00590,113
C662__00570.113,11.934188701485944,43.00455298,C662,_,00570,113
C662__00560.113,11.9445978226527,43.01321921,C662,_,00560,113
C662__00530.113,11.90469864308842,43.012284539999996,C662,_,00530,113
C662__00520.113,11.959393236460901,43.01568544,C662,_,00520,113
C662__00510.113,11.963666573810977,43.028770699999995,C662,_,00510,113
C662__00500.113,11.949275055673219,43.020226175,C662,_,00500,113
C662__00490.113,11.94712937346122,43.017146745000005,C662,_,00490,113
C662__00480.113,11.935540684796152,43.02286695,C662,_,00480,113
C662__00470.113,11.922747092216188,43.017220800000004,C662,_,00470,113
C662__00450.113,11.903117551400094,43.019502425,C662,_,00450,113
C662__00430.113,11.89095583666455,43.023459149999994,C662,_,00430,113
C662__00380.113,11.958738882456633,43.03080412,C662,_,00380,113
C662__00370.113,11.953820129737835,43.03231583,C662,_,00370,113
C662__00350.113,11.934464213204361,43.029456615,C662,_,00350,113
C662__00340.113,11.928746755433679,43.027433645,C662,_,00340,113
C662__00310.113,11.894699168544456,43.028075625,C662,_,00310,113
C662__00300.113,11.88731293225225,43.033391370000004,C662,_,00300,113
C662__00290.113,11.874115866493561,43.027986275,C662,_,00290,113
C662__00240.113,11.922401735806911,43.039983945,C662,_,00240,113
C662__00220.113,11.907293794640719,43.04759145,C662,_,00220,113
C662__00180.113,11.89218655390376,43.043409464999996,C662,_,00180,113
C662__00140.113,11.943743500133325,43.051298225,C662,_,00140,113
C662__00110.113,11.912300501586369,43.049411230000004,C662,_,00110,113
C662__00060.113,11.898462977567558,43.060024095,C662,_,00060,113
C662__00030.113,11.92043530235712,43.060052595,C662,_,00030,113
C662__00630.1130,11.958703614213562,42.996804975,C662,_,00630,1130
C662__00590.1131,11.955555003850607,43.010767955,C662,_,00590,1131
C662__00660.1131,11.953203541872593,42.995079655,C662,_,00660,1131
C662__00630.1131,11.959693752527686,42.99529972,C662,_,00630,1131
C662__00630.1132,11.959590968492034,42.995945405,C662,_,00630,1132
C662__00660.1132,11.953237018689098,42.995079655,C662,_,00660,1132
C662__00630.1133,11.959561358181404,42.996131795,C662,_,00630,1133
C662__00660.1133,11.953269598485285,42.995050175,C662,_,00660,1133
C662__00630.1134,11.959916484873506,42.994689460000004,C662,_,00630,1134
C662__00590.1135,11.959441191235376,43.013927100000004,C662,_,00590,1135
C662__00630.1135,11.96022982750696,42.995210385,C662,_,00630,1135
C662__00590.1136,11.959758385074489,43.014098535,C662,_,00590,1136
C662__00660.1136,11.953933344688203,42.995292605,C662,_,00660,1136
C662__00630.1136,11.95994081058404,42.995428055000005,C662,_,00630,1136
C662__00630.1137,11.95987427686088,42.996109995,C662,_,00630,1137
C662__00630.1138,11.958489278368294,42.995924450000004,C662,_,00630,1138
C662__00630.1139,11.958388276351062,42.99638137,C662,_,00630,1139
C662__00660.1139,11.953729187001818,42.99522514,C662,_,00660,1139
C662__00020.114,11.91143972625877,43.065626785,C662,_,00020,114
C662__00660.114,11.955634697334887,42.99595848,C662,_,00660,114
C662__00650.114,11.943122950121335,42.98947197,C662,_,00650,114
C662__00640.114,11.925021005610668,42.993293179999995,C662,_,00640,114
C662__00620.114,11.951842338705662,42.99918803,C662,_,00620,114
C662__00610.114,11.925216241751365,43.00102436,C662,_,00610,114
C662__00600.114,11.919882494341545,43.003611165,C662,_,00600,114
C662__00590.114,11.951921207402687,43.011585845,C662,_,00590,114
C662__00570.114,11.934639095565023,43.00421552,C662,_,00570,114
C662__00560.114,11.946055452833722,43.01443132,C662,_,00560,114
C662__00530.114,11.905191415212563,43.011708505,C662,_,00530,114
C662__00520.114,11.95990929654607,43.015192185000004,C662,_,00520,114
C662__00510.114,11.963033913461903,43.025720135,C662,_,00510,114
C662__00500.114,11.949665806776315,43.020177704999995,C662,_,00500,114
C662__00490.114,11.947290128276315,43.0171273,C662,_,00490,114
C662__00470.114,11.923263401642377,43.017161655,C662,_,00470,114
C662__00450.114,11.905098733581937,43.018683975,C662,_,00450,114
C662__00440.114,11.894189879911387,43.021147420000005,C662,_,00440,114
C662__00380.114,11.958058246731264,43.031175544999996,C662,_,00380,114
C662__00350.114,11.935421895192997,43.027363425000004,C662,_,00350,114
C662__00340.114,11.927540915899428,43.027176115,C662,_,00340,114
C662__00330.114,11.910706520156145,43.028857645,C662,_,00330,114
C662__00320.114,11.899239575215764,43.030730835,C662,_,00320,114
C662__00310.114,11.898452590439769,43.02351772,C662,_,00310,114
C662__00260.114,11.94336108946067,43.04191041,C662,_,00260,114
C662__00240.114,11.92048559713435,43.04078758,C662,_,00240,114
C662__00220.114,11.901756861384005,43.036875495,C662,_,00220,114
C662__00180.114,11.894579938104826,43.043998715,C662,_,00180,114
C662__00140.114,11.943802930150948,43.051120235,C662,_,00140,114
C662__00110.114,11.912601670601141,43.04972031,C662,_,00110,114
C662__00070.114,11.91494919958959,43.05778943,C662,_,00070,114
C662__00060.114,11.899982333782166,43.060198764999996,C662,_,00060,114
C662__00030.114,11.920225166888153,43.059527695,C662,_,00030,114
C662__00590.1140,11.952221549411686,43.009314995,C662,_,00590,1140
C662__00630.1140,11.958799284891215,42.996347775000004,C662,_,00630,1140
C662__00590.1141,11.952344491089356,43.0098781,C662,_,00590,1141
C662__00660.1141,11.953498787476708,42.99520842,C662,_,00660,1141
C662__00630.1141,11.958214641605753,42.99410538,C662,_,00630,1141
C662__00590.1142,11.952301758605323,43.00969679,C662,_,00590,1142
C662__00630.1142,11.959517260636265,42.993672435,C662,_,00630,1142
C662__00590.1143,11.95796045777071,43.010622075,C662,_,00590,1143
C662__00660.1143,11.95336762378269,42.99519941,C662,_,00660,1143
C662__0063.1143,11.957709368516545,43.003648965,C662,_,0063,1143
C662__00590.1144,11.952546127579875,43.011016825,C662,_,00590,1144
C662__0063.1144,11.956945735942718,43.00409104,C662,_,0063,1144
C662__00590.1145,11.952545418152324,43.01071904,C662,_,00590,1145
C662__00660.1145,11.953253367480212,42.99519177,C662,_,00660,1145
C662__00590.1146,11.954904692112155,43.014221645,C662,_,00590,1146
C662__0063.1146,11.954334225809493,43.00265217,C662,_,0063,1146
C662__00590.1147,11.949932457774786,43.011771949999996,C662,_,00590,1147
C662__00660.1147,11.953016871462381,42.9951671,C662,_,00660,1147
C662__0063.1147,11.954886473340625,43.002650655,C662,_,0063,1147
C662__00590.1148,11.94909784576751,43.011957734999996,C662,_,00590,1148
C662__00590.1149,11.948807578217593,43.01207772,C662,_,00590,1149
C662__00660.1149,11.952986761071518,42.995147575000004,C662,_,00660,1149
C662__00020.115,11.911281845401795,43.065515515,C662,_,00020,115
C662__00660.115,11.955590880432013,42.995889875,C662,_,00660,115
C662__00650.115,11.94613032041983,42.988320965,C662,_,00650,115
C662__00640.115,11.923524376190102,42.994143375,C662,_,00640,115
C662__00590.115,11.952736257738433,43.011713325,C662,_,00590,115
C662__00580.115,11.950296781529406,43.00651648,C662,_,00580,115
C662__00530.115,11.906090744558139,43.012670595,C662,_,00530,115
C662__00520.115,11.960196132535025,43.01507022,C662,_,00520,115
C662__00510.115,11.964255371138488,43.02595814,C662,_,00510,115
C662__00500.115,11.94972493342076,43.01951497,C662,_,00500,115
C662__00490.115,11.947517801928623,43.017023879999996,C662,_,00490,115
C662__00470.115,11.923937870931221,43.01766282,C662,_,00470,115
C662__00460.115,11.910481054854028,43.023019555000005,C662,_,00460,115
C662__00440.115,11.896600239337051,43.0194731,C662,_,00440,115
C662__00430.115,11.891434987885688,43.023327460000004,C662,_,00430,115
C662__00380.115,11.960296130571813,43.031132295,C662,_,00380,115
C662__00360.115,11.939786744691993,43.031014729999995,C662,_,00360,115
C662__00350.115,11.935485780672327,43.02680178,C662,_,00350,115
C662__00340.115,11.927577401519159,43.027457025000004,C662,_,00340,115
C662__00330.115,11.9095561454161,43.025172325,C662,_,00330,115
C662__00320.115,11.900602269587571,43.031285695,C662,_,00320,115
C662__00310.115,11.896647358336114,43.02165301,C662,_,00310,115
C662__00300.115,11.88539458292498,43.032160045,C662,_,00300,115
C662__00260.115,11.943819575011737,43.041760115,C662,_,00260,115
C662__00230.115,11.909092526984251,43.043547955,C662,_,00230,115
C662__00220.115,11.903608748433545,43.03701296,C662,_,00220,115
C662__00180.115,11.90327247999431,43.048010395000006,C662,_,00180,115
C662__00140.115,11.943893314418121,43.050801199999995,C662,_,00140,115
C662__00080.115,11.914800216529002,43.059163955,C662,_,00080,115
C662__00060.115,11.8988708975,43.060542145,C662,_,00060,115
C662__00590.1150,11.948733353965162,43.011787010000006,C662,_,00590,1150
C662__00660.1151,11.95278483717636,42.99518371,C662,_,00660,1151
C662__00630.1152,11.957357926725443,43.00202255000001,C662,_,00630,1152
C662__00660.1152,11.952976481743697,42.995137335,C662,_,00660,1152
C662__00660.1154,11.952934251544852,42.995075130000004,C662,_,00660,1154
C662__00630.1155,11.956150092939879,42.999531695,C662,_,00630,1155
C662__00660.1155,11.952966747702506,42.99509122,C662,_,00660,1155
C662__00630.1156,11.956754466306817,42.994736825000004,C662,_,00630,1156
C662__00630.1157,11.956868128163606,42.996398674999995,C662,_,00630,1157
C662__00660.1157,11.953109500589719,42.99505804,C662,_,00660,1157
C662__00660.1158,11.953146035317463,42.99501765,C662,_,00660,1158
C662__00020.116,11.911061904232946,43.065384945000005,C662,_,00020,116
C662__00660.116,11.955503377146796,42.995811315,C662,_,00660,116
C662__00650.116,11.944818443219072,42.989432144999995,C662,_,00650,116
C662__00640.116,11.922954587122295,42.9947627,C662,_,00640,116
C662__0063.116,11.952788524352012,43.004339075000004,C662,_,0063,116
C662__00620.116,11.947014965245875,43.003641735,C662,_,00620,116
C662__00590.116,11.9541500369649,43.01149681,C662,_,00590,116
C662__00580.116,11.945703695898047,43.012492325,C662,_,00580,116
C662__00530.116,11.906111687949439,43.012715385,C662,_,00530,116
C662__00520.116,11.960183841341722,43.015230305,C662,_,00520,116
C662__00510.116,11.96307724367593,43.03030168,C662,_,00510,116
C662__00500.116,11.950179570386288,43.01928077,C662,_,00500,116
C662__00490.116,11.948021402861585,43.017189605,C662,_,00490,116
C662__00470.116,11.922710806261247,43.015617705,C662,_,00470,116
C662__00450.116,11.90536760484542,43.018386895,C662,_,00450,116
C662__00380.116,11.95930219815742,43.03133954,C662,_,00380,116
C662__00370.116,11.952242290160392,43.030389535,C662,_,00370,116
C662__00360.116,11.939883132432236,43.030960975,C662,_,00360,116
C662__00350.116,11.935846011890611,43.026473235,C662,_,00350,116
C662__00340.116,11.927279548539875,43.02710087,C662,_,00340,116
C662__00330.116,11.909664608094989,43.023825130000006,C662,_,00330,116
C662__00320.116,11.900945805720657,43.031262534999996,C662,_,00320,116
C662__00300.116,11.886059358571881,43.03310525,C662,_,00300,116
C662__00290.116,11.879769771430887,43.02835722499999,C662,_,00290,116
C662__00260.116,11.944749002287772,43.04174967,C662,_,00260,116
C662__00240.116,11.920982955076743,43.02717169,C662,_,00240,116
C662__00220.116,11.89861509299109,43.035598085000004,C662,_,00220,116
C662__00180.116,11.903640582050416,43.047593545,C662,_,00180,116
C662__00140.116,11.943962959583509,43.050168025,C662,_,00140,116
C662__00110.116,11.91238836744406,43.050155015,C662,_,00110,116
C662__00070.116,11.914433936946864,43.057559999999995,C662,_,00070,116
C662__00060.116,11.89957994848362,43.060342059999996,C662,_,00060,116
C662__00030.116,11.920866190996048,43.06454361,C662,_,00030,116
C662__00660.1160,11.953009388759156,42.99503878,C662,_,00660,1160
C662__00660.1161,11.952999387562299,42.99502712,C662,_,00660,1161
C662__00020.117,11.910460569081861,43.065488865000006,C662,_,00020,117
C662__00660.117,11.955496315515347,42.99565216,C662,_,00660,117
C662__00610.117,11.93226809929455,43.002787545000004,C662,_,00610,117
C662__00600.117,11.921498850267195,43.00419849,C662,_,00600,117
C662__00590.117,11.955800800408163,43.0116375,C662,_,00590,117
C662__00580.117,11.945783854449385,43.012228385,C662,_,00580,117
C662__00570.117,11.927341000167168,43.00836958,C662,_,00570,117
C662__00530.117,11.906296585323444,43.013615904999995,C662,_,00530,117
C662__00520.117,11.960222285434696,43.015439515,C662,_,00520,117
C662__00510.117,11.962930534187661,43.030934974999994,C662,_,00510,117
C662__00500.117,11.951873192028334,43.020458055000006,C662,_,00500,117
C662__00490.117,11.947994579558156,43.017117354999996,C662,_,00490,117
C662__00470.117,11.921347087177494,43.016044754999996,C662,_,00470,117
C662__00460.117,11.909442361428084,43.016889455,C662,_,00460,117
C662__00450.117,11.90436621393612,43.015737865,C662,_,00450,117
C662__00380.117,11.958699952803133,43.030459615,C662,_,00380,117
C662__00370.117,11.954815938816928,43.03583207,C662,_,00370,117
C662__00350.117,11.93636163331454,43.02627731,C662,_,00350,117
C662__00340.117,11.928369122037472,43.025134635,C662,_,00340,117
C662__00330.117,11.908344736923532,43.025015865,C662,_,00330,117
C662__00310.117,11.894783681878376,43.023494240000005,C662,_,00310,117
C662__00270.117,11.956110957392776,43.04880568,C662,_,00270,117
C662__00260.117,11.942977228468479,43.04119246,C662,_,00260,117
C662__00240.117,11.920913975914633,43.027125045,C662,_,00240,117
C662__00220.117,11.902570234054393,43.03842931,C662,_,00220,117
C662__00180.117,11.894245539950195,43.047846945,C662,_,00180,117
C662__00140.117,11.943988141211715,43.049992865,C662,_,00140,117
C662__00110.117,11.908462646628205,43.048167405,C662,_,00110,117
C662__00060.117,11.89888660925044,43.060510545,C662,_,00060,117
C662__00030.117,11.92104127561128,43.06535998,C662,_,00030,117
C662__0063.1170,11.953210932124456,43.005729099999996,C662,_,0063,1170
C662__0063.1171,11.956342390345458,43.004225719999994,C662,_,0063,1171
C662__0063.1172,11.957152487010067,43.004038715,C662,_,0063,1172
C662__00660.1172,11.951776404001007,42.996715745,C662,_,00660,1172
C662__0063.1173,11.957432914983489,43.003968985,C662,_,0063,1173
C662__0063.1174,11.957799335738773,43.00383619,C662,_,0063,1174
C662__00660.1174,11.951340436441921,42.99667557,C662,_,00660,1174
C662__0063.1175,11.957397643069944,43.00296261,C662,_,0063,1175
C662__00660.1175,11.951433759313442,42.996216335,C662,_,00660,1175
C662__0063.1176,11.957356111318353,43.00398835,C662,_,0063,1176
C662__0063.1177,11.957119942035364,43.004183505,C662,_,0063,1177
C662__00660.1177,11.951181381543496,42.996298905,C662,_,00660,1177
C662__0063.1178,11.956907999057925,43.004240175,C662,_,0063,1178
C662__0063.1179,11.957298584019318,43.00413469,C662,_,0063,1179
C662__00030.118,11.920128601134984,43.06449691500001,C662,_,00030,118
C662__00660.118,11.955389501038834,42.995525815,C662,_,00660,118
C662__00650.118,11.941318064556437,42.99677474,C662,_,00650,118
C662__00640.118,11.923562914316836,42.99419953,C662,_,00640,118
C662__0063.118,11.953715153571373,43.004554405,C662,_,0063,118
C662__00610.118,11.928159561691789,42.9988134,C662,_,00610,118
C662__00590.118,11.956511299400688,43.011394445,C662,_,00590,118
C662__00580.118,11.945867707435648,43.0119741,C662,_,00580,118
C662__00570.118,11.926956355333346,43.00831832,C662,_,00570,118
C662__00530.118,11.905932573287206,43.01375192,C662,_,00530,118
C662__00520.118,11.960626723987616,43.015218195,C662,_,00520,118
C662__00510.118,11.963166048753052,43.029818045,C662,_,00510,118
C662__00490.118,11.947963069605208,43.01708147,C662,_,00490,118
C662__00480.118,11.936532279465592,43.023031605,C662,_,00480,118
C662__00460.118,11.909125115303583,43.016889455,C662,_,00460,118
C662__00440.118,11.895436664049328,43.02053456,C662,_,00440,118
C662__00380.118,11.961401164491045,43.034038085,C662,_,00380,118
C662__00370.118,11.947712654321464,43.026169695,C662,_,00370,118
C662__00360.118,11.941125696453655,43.031304094999996,C662,_,00360,118
C662__00340.118,11.92679076657501,43.02677029,C662,_,00340,118
C662__00330.118,11.909445016765158,43.024591314999995,C662,_,00330,118
C662__00320.118,11.905011463391254,43.032076184999994,C662,_,00320,118
C662__00290.118,11.880020158366666,43.028449315,C662,_,00290,118
C662__00270.118,11.95687698910018,43.048391685,C662,_,00270,118
C662__00260.118,11.942592478495586,43.040494275,C662,_,00260,118
C662__00240.118,11.920600210598332,43.02698536,C662,_,00240,118
C662__00220.118,11.901160911288123,43.044176015,C662,_,00220,118
C662__00180.118,11.894879641426247,43.047440945000005,C662,_,00180,118
C662__00140.118,11.944021478449613,43.049846560000006,C662,_,00140,118
C662__00110.118,11.910667423696154,43.049078975,C662,_,00110,118
C662__00080.118,11.915249884504409,43.059298665,C662,_,00080,118
C662__00070.118,11.914990180358231,43.05763311,C662,_,00070,118
C662__00060.118,11.900840980799284,43.06013955,C662,_,00060,118
C662__0063.1180,11.957504664113312,43.004086154999996,C662,_,0063,1180
C662__0063.1181,11.95670329517725,43.00430756,C662,_,0063,1181
C662__00660.1181,11.95267410457453,42.995893875,C662,_,00660,1181
C662__0063.1182,11.957183404609154,43.00416296,C662,_,0063,1182
C662__00660.1182,11.951744908339574,42.9961262,C662,_,00660,1182
C662__0063.1183,11.95682555077785,43.004262475000004,C662,_,0063,1183
C662__00660.1183,11.951155202836425,42.996504325000004,C662,_,00660,1183
C662__0063.1184,11.957628463723786,43.004050835,C662,_,0063,1184
C662__00630.1185,11.956710190166852,43.001409345,C662,_,00630,1185
C662__00630.1186,11.956728040620195,43.000937255,C662,_,00630,1186
C662__00660.1186,11.952291414381511,42.996115445,C662,_,00660,1186
C662__00660.1187,11.952105675685694,42.995806974999994,C662,_,00660,1187
C662__00630.1188,11.959075082048038,43.002202014999995,C662,_,00630,1188
C662__00660.1188,11.952008777884076,42.99622522,C662,_,00660,1188
C662__00020.119,11.90798788861264,43.064643149999995,C662,_,00020,119
C662__00610.119,11.928052110237694,42.99815587,C662,_,00610,119
C662__00600.119,11.92162754000994,43.004119745,C662,_,00600,119
C662__00570.119,11.933658528852725,43.006303599999995,C662,_,00570,119
C662__00560.119,11.945673844587482,43.013827875000004,C662,_,00560,119
C662__00520.119,11.960954526434197,43.01508683,C662,_,00520,119
C662__00510.119,11.963239644785068,43.029959795,C662,_,00510,119
C662__00500.119,11.952930051444241,43.020278309999995,C662,_,00500,119
C662__00490.119,11.947929502584048,43.016958635,C662,_,00490,119
C662__00480.119,11.936411416758201,43.022915095,C662,_,00480,119
C662__00470.119,11.92281899713191,43.015372735,C662,_,00470,119
C662__00440.119,11.892527109907181,43.022521425,C662,_,00440,119
C662__00430.119,11.891138430100064,43.021093414999996,C662,_,00430,119
C662__00380.119,11.962134365926271,43.02982559,C662,_,00380,119
C662__00360.119,11.941517914321203,43.031077995000004,C662,_,00360,119
C662__00350.119,11.931486271343541,43.030680759999996,C662,_,00350,119
C662__00340.119,11.928104982692684,43.0271522,C662,_,00340,119
C662__00330.119,11.909035745517079,43.024670515,C662,_,00330,119
C662__00270.119,11.957918594885367,43.047607945,C662,_,00270,119
C662__00260.119,11.943369456124852,43.04097359,C662,_,00260,119
C662__00220.119,11.90040735302847,43.043277985,C662,_,00220,119
C662__00180.119,11.894140199014767,43.04709064,C662,_,00180,119
C662__00140.119,11.944231946895588,43.04937255,C662,_,00140,119
C662__00110.119,11.91219683075516,43.04942389,C662,_,00110,119
C662__00080.119,11.914984981059359,43.05952913,C662,_,00080,119
C662__00060.119,11.900513679293912,43.060122774999996,C662,_,00060,119
C662__00030.119,11.919350631231131,43.06525251,C662,_,00030,119
C662__00630.1190,11.957481035512977,43.00169396,C662,_,00630,1190
C662__00630.1192,11.959885776111403,43.00258383,C662,_,00630,1192
C662__00660.1192,11.952901093912327,42.99626364,C662,_,00660,1192
C662__00630.1194,11.956637359245565,43.000719634999996,C662,_,00630,1194
C662__00660.1194,11.952309682384692,42.996394615,C662,_,00660,1194
C662__00630.1195,11.957554823716649,43.00149091,C662,_,00630,1195
C662__00630.1196,11.95743498291107,43.000836254999996,C662,_,00630,1196
C662__0063.1197,11.958058462030074,43.00394093,C662,_,0063,1197
C662__0063.1198,11.958473625688,43.004126565,C662,_,0063,1198
C662__00660.1198,11.952664002846998,42.996270115,C662,_,00660,1198
C662__0063.1199,11.95750093396035,43.00420271,C662,_,0063,1199
C662__00010.12,11.916150695161644,43.070225945000004,C662,_,00010,12
C662__00660.12,11.946791213152332,42.995952564999996,C662,_,00660,12
C662__00650.12,11.940187831870258,42.997208195,C662,_,00650,12
C662__00640.12,11.923157955306927,42.995913915,C662,_,00640,12
C662__0063.12,11.953784637465034,43.00580058,C662,_,0063,12
C662__00610.12,11.922493074185425,43.002763735,C662,_,00610,12
C662__00590.12,11.955402401925877,43.014621265,C662,_,00590,12
C662__00580.12,11.948009696990926,43.01141535,C662,_,00580,12
C662__00570.12,11.930294896495337,43.010377375000004,C662,_,00570,12
C662__00560.12,11.937219988239699,43.017054990000005,C662,_,00560,12
C662__00550.12,11.927991309322875,43.014344345,C662,_,00550,12
C662__00540.12,11.917561190012567,43.01495908,C662,_,00540,12
C662__00530.12,11.910510824160587,43.015104925,C662,_,00530,12
C662__00520.12,11.966032840285818,43.02490534499999,C662,_,00520,12
C662__00500.12,11.958210587644754,43.027273885,C662,_,00500,12
C662__00490.12,11.948334100363049,43.0177264,C662,_,00490,12
C662__00480.12,11.947406210205914,43.028414765,C662,_,00480,12
C662__00470.12,11.927451916175581,43.022157175000004,C662,_,00470,12
C662__00460.12,11.915080221492786,43.02003475,C662,_,00460,12
C662__00440.12,11.896816321985572,43.0188669,C662,_,00440,12
C662__00430.12,11.885759998613402,43.024674805000004,C662,_,00430,12
C662__00410.12,11.872388829976483,43.023089,C662,_,00410,12
C662__00400.12,11.860097363234315,43.02865379000001,C662,_,00400,12
C662__00390.12,11.972596388762334,43.037668865,C662,_,00390,12
C662__00360.12,11.944902261491205,43.038967119999995,C662,_,00360,12
C662__00350.12,11.934822776108359,43.03678335,C662,_,00350,12
C662__00340.12,11.92605302935463,43.027204510000004,C662,_,00340,12
C662__00320.12,11.906658043356753,43.033240559999996,C662,_,00320,12
C662__00290.12,11.868620260537229,43.032667565,C662,_,00290,12
C662__00270.12,11.956528983814,43.046584385,C662,_,00270,12
C662__00260.12,11.93319318092357,43.04149446,C662,_,00260,12
C662__00250.12,11.927153076892443,43.0413075,C662,_,00250,12
C662__00240.12,11.920764383789496,43.036305625,C662,_,00240,12
C662__00230.12,11.91503125787975,43.043911455,C662,_,00230,12
C662__00210.12,11.89539799356016,43.041884395,C662,_,00210,12
C662__00200.12,11.882939499072403,43.0430242,C662,_,00200,12
C662__00190.12,11.879300665779246,43.037893589999996,C662,_,00190,12
C662__00170.12,11.978886468491753,43.05768173,C662,_,00170,12
C662__00150.12,11.967897520216994,43.064310524999996,C662,_,00150,12
C662__00140.12,11.93951965690362,43.053456185,C662,_,00140,12
C662__00130.12,11.93253891932899,43.04809581,C662,_,00130,12
C662__00120.12,11.927476675305765,43.049447674999996,C662,_,00120,12
C662__00110.12,11.908379772310028,43.04817853,C662,_,00110,12
C662__00100.12,11.895490334141446,43.056661795,C662,_,00100,12
C662__00080.12,11.915410714180204,43.057962985,C662,_,00080,12
C662__00060.12,11.898408847699393,43.06172617,C662,_,00060,12
C662__00050.12,11.930165940911545,43.065966895,C662,_,00050,12
C662__00030.12,11.914999707435994,43.061767325,C662,_,00030,12
C662__00020.12,11.909067904655181,43.064602695000005,C662,_,00020,12
C662__00020.120,11.908811603779192,43.06431664,C662,_,00020,120
C662__00620.120,11.943459780974175,43.001897209999996,C662,_,00620,120
C662__00600.120,11.920695802154755,43.004619379999994,C662,_,00600,120
C662__00590.120,11.95825215385777,43.0114692,C662,_,00590,120
C662__00570.120,11.934138950471603,43.006121375,C662,_,00570,120
C662__00510.120,11.962884184413234,43.030012995,C662,_,00510,120
C662__00500.120,11.95330378604442,43.019803615,C662,_,00500,120
C662__00480.120,11.936887678343114,43.02294918,C662,_,00480,120
C662__00470.120,11.923903225823178,43.014929339999995,C662,_,00470,120
C662__00380.120,11.95666614301117,43.037790555,C662,_,00380,120
C662__00360.120,11.942830122582667,43.031433115,C662,_,00360,120
C662__00350.120,11.935322488452194,43.02908846,C662,_,00350,120
C662__00340.120,11.928447977493523,43.02597566,C662,_,00340,120
C662__00320.120,11.906677618636015,43.031419025,C662,_,00320,120
C662__00310.120,11.896425103564532,43.021975205000004,C662,_,00310,120
C662__00300.120,11.885876168798736,43.032384885,C662,_,00300,120
C662__00290.120,11.879597243107575,43.028839415,C662,_,00290,120
C662__00270.120,11.952458693227968,43.04500441,C662,_,00270,120
C662__00230.120,11.90863797125526,43.043518505,C662,_,00230,120
C662__00180.120,11.894858631630184,43.04715476,C662,_,00180,120
C662__00140.120,11.946854732539222,43.050009655,C662,_,00140,120
C662__00110.120,11.911388821042905,43.04932155,C662,_,00110,120
C662__00080.120,11.91513142203005,43.059236705000004,C662,_,00080,120
C662__00070.120,11.915199544908894,43.05752534,C662,_,00070,120
C662__00060.120,11.90123384714771,43.059467305,C662,_,00060,120
C662__0063.1200,11.957488484144577,43.003159280000006,C662,_,0063,1200
C662__0063.1201,11.956773087425855,43.004140555,C662,_,0063,1201
C662__0063.1202,11.957581564921195,43.003342829999994,C662,_,0063,1202
C662__0063.1203,11.959201613633782,43.00534615,C662,_,0063,1203
C662__0063.1204,11.958623809297155,43.004062935,C662,_,0063,1204
C662__00660.1204,11.95102719461258,42.996703104999995,C662,_,00660,1204
C662__00660.1208,11.950866635937501,42.9967441,C662,_,00660,1208
C662__00660.1209,11.951334265604954,42.996761765,C662,_,00660,1209
C662__00060.121,11.904820585748036,43.057214575,C662,_,00060,121
C662__00660.121,11.954649863091213,42.99460407,C662,_,00660,121
C662__00600.121,11.921266117617797,43.00434601,C662,_,00600,121
C662__00520.121,11.963668226406957,43.015558725,C662,_,00520,121
C662__00510.121,11.962779092373404,43.03129496,C662,_,00510,121
C662__00500.121,11.954754708640367,43.019897775000004,C662,_,00500,121
C662__00490.121,11.948286505422764,43.017037134999995,C662,_,00490,121
C662__00480.121,11.937306248477448,43.023153355,C662,_,00480,121
C662__00440.121,11.891894734577148,43.0228008,C662,_,00440,121
C662__00360.121,11.943247294286921,43.031386585,C662,_,00360,121
C662__00340.121,11.928775488403726,43.02439321,C662,_,00340,121
C662__00330.121,11.918972768791441,43.02739946,C662,_,00330,121
C662__00320.121,11.908013428724237,43.03083016,C662,_,00320,121
C662__00310.121,11.896985502579245,43.027966750000004,C662,_,00310,121
C662__00270.121,11.952770712159012,43.044262075000006,C662,_,00270,121
C662__00260.121,11.944329181294673,43.04091436,C662,_,00260,121
C662__00230.121,11.915609418013405,43.04432616,C662,_,00230,121
C662__00220.121,11.90227839445252,43.044406715,C662,_,00220,121
C662__00180.121,11.894294774539507,43.047342835,C662,_,00180,121
C662__00140.121,11.94443856402162,43.049031995,C662,_,00140,121
C662__00630.1211,11.959231282367753,43.003388265,C662,_,00630,1211
C662__00660.1211,11.948516363858971,42.996611415000004,C662,_,00660,1211
C662__00660.1212,11.94822828951633,42.996717669999995,C662,_,00660,1212
C662__00660.1213,11.94874012010545,42.99678753,C662,_,00660,1213
C662__00630.1214,11.956294538132402,42.99667841,C662,_,00630,1214
C662__00660.1214,11.947770547854024,42.99687366,C662,_,00660,1214
C662__00630.1215,11.956330498186407,42.99648841,C662,_,00630,1215
C662__00660.1215,11.948173814247516,42.99651138,C662,_,00660,1215
C662__00630.1216,11.955965543575617,42.999562885,C662,_,00630,1216
C662__00660.1216,11.949719926561873,42.996241415,C662,_,00660,1216
C662__00630.1217,11.956016012034658,42.999561514999996,C662,_,00630,1217
C662__00660.1217,11.949646795073079,42.995982174999995,C662,_,00660,1217
C662__00630.1218,11.95631607855623,42.999501054999996,C662,_,00630,1218
C662__00660.1218,11.948486670988455,42.996810894999996,C662,_,00660,1218
C662__00660.1219,11.949559708519224,42.996928034999996,C662,_,00660,1219
C662__00020.122,11.901129049104906,43.063983355000005,C662,_,00020,122
C662__00660.122,11.954725823584806,42.99471811,C662,_,00660,122
C662__00650.122,11.946498483630652,42.995144595,C662,_,00650,122
C662__00610.122,11.925318632337039,43.001330905,C662,_,00610,122
C662__00600.122,11.915511502709872,42.99527778,C662,_,00600,122
C662__00590.122,11.959698251011034,43.01186161,C662,_,00590,122
C662__00580.122,11.945649828617292,43.0114531,C662,_,00580,122
C662__00520.122,11.964685442057267,43.015974435000004,C662,_,00520,122
C662__00510.122,11.963271045561612,43.029696335,C662,_,00510,122
C662__00500.122,11.955037381499906,43.019476104999995,C662,_,00500,122
C662__00490.122,11.948346492434823,43.01700776,C662,_,00490,122
C662__00480.122,11.937801256258464,43.023060584999996,C662,_,00480,122
C662__00470.122,11.924580745928512,43.01712669,C662,_,00470,122
C662__00450.122,11.904449942605385,43.016267494999994,C662,_,00450,122
C662__00440.122,11.891990972702063,43.022622240000004,C662,_,00440,122
C662__00430.122,11.89084361021441,43.02274366,C662,_,00430,122
C662__00370.122,11.952932851099956,43.041721465,C662,_,00370,122
C662__00360.122,11.935816223209741,43.03010659,C662,_,00360,122
C662__00350.122,11.934920879288942,43.03212397,C662,_,00350,122
C662__00310.122,11.891732421466386,43.026138915000004,C662,_,00310,122
C662__00290.122,11.873814615251705,43.029226655,C662,_,00290,122
C662__00270.122,11.951824365118307,43.04488372,C662,_,00270,122
C662__00260.122,11.945514568577117,43.04100439,C662,_,00260,122
C662__00240.122,11.920235324031896,43.02696732,C662,_,00240,122
C662__00230.122,11.91528131804273,43.04412213,C662,_,00230,122
C662__00220.122,11.901855968402575,43.043235835000004,C662,_,00220,122
C662__00180.122,11.895213414628547,43.04728787,C662,_,00180,122
C662__00110.122,11.920092194280933,43.050929045000004,C662,_,00110,122
C662__00080.122,11.915176310089102,43.0594888,C662,_,00080,122
C662__00060.122,11.90520010428138,43.05754795,C662,_,00060,122
C662__00630.1220,11.95702149607359,43.002295085,C662,_,00630,1220
C662__00660.1220,11.949086911730909,42.99648435,C662,_,00660,1220
C662__0063.1221,11.9536654580177,43.00294102,C662,_,0063,1221
C662__0063.1222,11.953581170854473,43.00294533,C662,_,0063,1222
C662__00660.1222,11.948615487519913,42.996868664999994,C662,_,00660,1222
C662__0063.1223,11.953650326703745,43.003156815,C662,_,0063,1223
C662__00660.1223,11.954534965384024,42.993891129999994,C662,_,00660,1223
C662__0063.1224,11.95391285737712,43.00318195,C662,_,0063,1224
C662__00660.1224,11.956871178312625,42.9933544,C662,_,00660,1224
C662__0063.1225,11.953780775853875,43.003054175,C662,_,0063,1225
C662__00660.1225,11.957022735475077,42.99279283,C662,_,00660,1225
C662__0063.1226,11.953815562540122,43.003047515,C662,_,0063,1226
C662__0063.1227,11.953732386218846,43.003015094999995,C662,_,0063,1227
C662__00660.1227,11.958476314998123,42.99087712,C662,_,00660,1227
C662__00660.1228,11.958343763440903,42.99053237,C662,_,00660,1228
C662__0063.1229,11.956096168989333,43.00433145,C662,_,0063,1229
C662__00660.1229,11.956840439223019,42.99303672,C662,_,00660,1229
C662__00060.123,11.903351872541972,43.058663960000004,C662,_,00060,123
C662__00680.123,11.936726094480523,42.980414005,C662,_,00680,123
C662__00660.123,11.954766751551663,42.99490067,C662,_,00660,123
C662__00650.123,11.945227406588728,42.99574929,C662,_,00650,123
C662__0063.123,11.953987467881795,43.004095660000004,C662,_,0063,123
C662__00620.123,11.949996696274034,43.0011961,C662,_,00620,123
C662__00610.123,11.920973030575345,43.000122735,C662,_,00610,123
C662__00600.123,11.917349302352346,42.996000315,C662,_,00600,123
C662__00520.123,11.964486012279444,43.01572341,C662,_,00520,123
C662__00510.123,11.963333489755914,43.02970434,C662,_,00510,123
C662__00500.123,11.95654070224747,43.02041415,C662,_,00500,123
C662__00490.123,11.948257770548311,43.016981439999995,C662,_,00490,123
C662__00480.123,11.937882826154592,43.02339089,C662,_,00480,123
C662__00470.123,11.924945521197632,43.016201285,C662,_,00470,123
C662__00440.123,11.892679660788264,43.021901355,C662,_,00440,123
C662__00430.123,11.89097189334798,43.022869695,C662,_,00430,123
C662__00370.123,11.952631099194015,43.041729665000005,C662,_,00370,123
C662__00360.123,11.936085613628531,43.030069389999994,C662,_,00360,123
C662__00310.123,11.89264687806472,43.025642805,C662,_,00310,123
C662__00270.123,11.952580194088569,43.04355219,C662,_,00270,123
C662__00240.123,11.917611039799123,43.029763495,C662,_,00240,123
C662__00230.123,11.91582677710316,43.03652726,C662,_,00230,123
C662__00220.123,11.902485554775573,43.043283360000004,C662,_,00220,123
C662__00180.123,11.89578151586796,43.04829761,C662,_,00180,123
C662__00140.123,11.943399337188131,43.048130795000006,C662,_,00140,123
C662__00070.123,11.910564334759465,43.06313927,C662,_,00070,123
C662__0063.1231,11.956237329039418,43.004089820000004,C662,_,0063,1231
C662__0063.1232,11.955520202540518,43.004216775,C662,_,0063,1232
C662__0063.1233,11.955596462158972,43.0039984,C662,_,0063,1233
C662__00660.1233,11.953806058192358,42.993918109999996,C662,_,00660,1233
C662__00660.1234,11.953172569307277,42.993745475,C662,_,00660,1234
C662__00660.1236,11.953547980837936,42.993722860000005,C662,_,00660,1236
C662__00660.1238,11.953208179646335,42.99367988,C662,_,00660,1238
C662__00020.124,11.907558609972229,43.067463515,C662,_,00020,124
C662__00680.124,11.940113275181165,42.978216935,C662,_,00680,124
C662__00660.124,11.954907038904235,42.994971379999996,C662,_,00660,124
C662__00650.124,11.944280970794381,42.991750855,C662,_,00650,124
C662__00600.124,11.916026672858012,42.995542725,C662,_,00600,124
C662__00590.124,11.962099022051333,43.01045485,C662,_,00590,124
C662__00580.124,11.94525254599846,43.011646305,C662,_,00580,124
C662__00520.124,11.964361362786004,43.015397050000004,C662,_,00520,124
C662__00510.124,11.963044116584118,43.029624905000006,C662,_,00510,124
C662__00490.124,11.948191212474258,43.016942475,C662,_,00490,124
C662__00480.124,11.9380712045634,43.023115655,C662,_,00480,124
C662__00470.124,11.92536220148062,43.01624928,C662,_,00470,124
C662__00380.124,11.961204243075073,43.038665515,C662,_,00380,124
C662__00370.124,11.953640917593045,43.031671055,C662,_,00370,124
C662__00360.124,11.93614905987441,43.03010982,C662,_,00360,124
C662__00330.124,11.911560610550467,43.023712135,C662,_,00330,124
C662__00320.124,11.90045192681074,43.021417819999996,C662,_,00320,124
C662__00310.124,11.892587625350501,43.025460135,C662,_,00310,124
C662__00270.124,11.94517746773625,43.047933865000005,C662,_,00270,124
C662__00260.124,11.93660319209944,43.038283629999995,C662,_,00260,124
C662__00220.124,11.901132000414158,43.040834509999996,C662,_,00220,124
C662__00180.124,11.895226183605464,43.048060989999996,C662,_,00180,124
C662__00140.124,11.942892029844316,43.047767435,C662,_,00140,124
C662__00060.124,11.90323980785423,43.058387615,C662,_,00060,124
C662__00660.1240,11.95295585650999,42.995230449999994,C662,_,00660,1240
C662__00660.1241,11.953880204157237,42.993714585000006,C662,_,00660,1241
C662__00660.1242,11.954220908094204,42.993678720000005,C662,_,00660,1242
C662__00660.1243,11.954175838945119,42.99366101,C662,_,00660,1243
C662__00660.1244,11.953894149592323,42.99350107,C662,_,00660,1244
C662__00660.1245,11.953874347842856,42.99343195,C662,_,00660,1245
C662__00660.1247,11.954749716502949,42.98685926,C662,_,00660,1247
C662__0063.1248,11.956245793586632,43.003153005,C662,_,0063,1248
C662__00660.1248,11.95491742912411,42.98669881,C662,_,00660,1248
C662__0063.1249,11.956284833527603,43.003162599999996,C662,_,0063,1249
C662__00660.1249,11.951197150739992,42.99691177,C662,_,00660,1249
C662__00020.125,11.900441868431017,43.06354097,C662,_,00020,125
C662__00660.125,11.950770034384703,42.98750124,C662,_,00660,125
C662__00600.125,11.915934635466929,42.993878765000005,C662,_,00600,125
C662__00590.125,11.962734609409043,43.010335975000004,C662,_,00590,125
C662__00580.125,11.94498710640535,43.011594355,C662,_,00580,125
C662__00570.125,11.927615897871267,43.011872495000006,C662,_,00570,125
C662__00560.125,11.945367707974256,43.013469435,C662,_,00560,125
C662__00520.125,11.965057837317067,43.015420219999996,C662,_,00520,125
C662__00510.125,11.963084803411997,43.029517479999996,C662,_,00510,125
C662__00490.125,11.948190581141356,43.01689561,C662,_,00490,125
C662__00470.125,11.925779777096274,43.016179910000005,C662,_,00470,125
C662__00460.125,11.916685748649908,43.02531002,C662,_,00460,125
C662__00450.125,11.90427951142605,43.017189904999995,C662,_,00450,125
C662__00430.125,11.890961488706733,43.022667205000005,C662,_,00430,125
C662__00380.125,11.961264234366691,43.03815285,C662,_,00380,125
C662__00370.125,11.947616204501585,43.032997435,C662,_,00370,125
C662__00360.125,11.936217012319553,43.029996775,C662,_,00360,125
C662__00320.125,11.900766778165261,43.021424255,C662,_,00320,125
C662__00290.125,11.873079512005331,43.028532405,C662,_,00290,125
C662__00270.125,11.947248526200301,43.04854136,C662,_,00270,125
C662__00260.125,11.936856214878034,43.039195665,C662,_,00260,125
C662__00220.125,11.901465440163353,43.040910159999996,C662,_,00220,125
C662__00180.125,11.89577685769188,43.047147755,C662,_,00180,125
C662__00110.125,11.919077466742106,43.051889675,C662,_,00110,125
C662__00060.125,11.89947151427983,43.060582264999994,C662,_,00060,125
C662__00630.1250,11.960581328496525,43.003737035,C662,_,00630,1250
C662__00660.1250,11.951033712171638,42.99691982,C662,_,00660,1250
C662__00630.1251,11.960055239301266,43.003565105,C662,_,00630,1251
C662__00660.1251,11.948681342167614,42.994653080000006,C662,_,00660,1251
C662__00630.1252,11.960056242233389,43.003737035,C662,_,00630,1252
C662__00660.1252,11.953533356740522,42.99531708,C662,_,00660,1252
C662__00630.1253,11.960758838784148,43.00348165,C662,_,00630,1253
C662__00660.1253,11.951509904746246,42.996388885,C662,_,00660,1253
C662__00630.1254,11.960148079482643,43.0034329,C662,_,00630,1254
C662__00660.1254,11.951319518465294,42.99639195,C662,_,00660,1254
C662__00660.1255,11.951448320557343,42.996309585,C662,_,00660,1255
C662__0063.1256,11.954142684468273,43.00318661,C662,_,0063,1256
C662__00660.1256,11.9515433071881,42.99624883,C662,_,00660,1256
C662__0063.1257,11.955440941121433,43.000234875000004,C662,_,0063,1257
C662__00660.1257,11.951507496421907,42.99732675,C662,_,00660,1257
C662__0063.1258,11.955985807350725,43.000290385,C662,_,0063,1258
C662__00660.1259,11.95123830535305,42.997350170000004,C662,_,00660,1259
C662__00020.126,11.900408851859051,43.061351665000004,C662,_,00020,126
C662__00660.126,11.954385310245149,42.99553555,C662,_,00660,126
C662__0063.126,11.954092323602914,43.00412647,C662,_,0063,126
C662__00620.126,11.946516494352528,42.999346095,C662,_,00620,126
C662__00600.126,11.915538009940644,42.994756475,C662,_,00600,126
C662__00590.126,11.963287986305803,43.010313975,C662,_,00590,126
C662__00560.126,11.94518014223831,43.013425965,C662,_,00560,126
C662__00520.126,11.966419741456415,43.015147635000005,C662,_,00520,126
C662__00510.126,11.963560340812577,43.02803833,C662,_,00510,126
C662__00500.126,11.947929510148334,43.018659165,C662,_,00500,126
C662__00490.126,11.948120102840878,43.016817399999994,C662,_,00490,126
C662__00480.126,11.942430493819288,43.023703940000004,C662,_,00480,126
C662__00470.126,11.92498714774847,43.015329095,C662,_,00470,126
C662__00460.126,11.915687109127115,43.02483039,C662,_,00460,126
C662__00440.126,11.900287139421323,43.014837055,C662,_,00440,126
C662__00380.126,11.961343433036273,43.03747835,C662,_,00380,126
C662__00370.126,11.94856158935961,43.033002795,C662,_,00370,126
C662__00360.126,11.936332311661427,43.029983575,C662,_,00360,126
C662__00340.126,11.928242680899846,43.02979411,C662,_,00340,126
C662__00330.126,11.917553762868945,43.027297515,C662,_,00330,126
C662__00320.126,11.900453706960405,43.021848545,C662,_,00320,126
C662__00290.126,11.872783856205373,43.02851253,C662,_,00290,126
C662__00270.126,11.948410172672425,43.041625280000005,C662,_,00270,126
C662__00260.126,11.937406457086901,43.038833635,C662,_,00260,126
C662__00220.126,11.900221198331014,43.039064745,C662,_,00220,126
C662__00180.126,11.895409772229534,43.047287155,C662,_,00180,126
C662__00140.126,11.943974137821993,43.050471165,C662,_,00140,126
C662__00110.126,11.919240099509459,43.051792495,C662,_,00110,126
C662__00080.126,11.916052749762347,43.06002668,C662,_,00080,126
C662__00060.126,11.89994253183172,43.060330735,C662,_,00060,126
C662__00660.1260,11.951336649789159,42.99773462,C662,_,00660,1260
C662__0063.1261,11.95847083338234,43.004224905,C662,_,0063,1261
C662__0063.1262,11.958443382995394,43.004133875,C662,_,0063,1262
C662__00660.1262,11.951075051983597,42.997361985,C662,_,00660,1262
C662__00630.1263,11.95925372760449,43.000867335,C662,_,00630,1263
C662__00630.1264,11.959356162869803,43.001653579999996,C662,_,00630,1264
C662__00630.1265,11.959524545167636,43.00171584,C662,_,00630,1265
C662__00660.1265,11.950976772537269,42.997248215,C662,_,00660,1265
C662__00630.1266,11.959613911741865,43.00043893,C662,_,00630,1266
C662__00660.1269,11.950848901191616,42.99763955,C662,_,00660,1269
C662__00060.127,11.89829843449439,43.0630799,C662,_,00060,127
C662__00660.127,11.95499723006408,42.99542828,C662,_,00660,127
C662__0063.127,11.954085525487184,43.00406625,C662,_,0063,127
C662__00600.127,11.912703350469823,43.005605835,C662,_,00600,127
C662__00590.127,11.963642139936137,43.01027937,C662,_,00590,127
C662__00580.127,11.945922252104836,43.011519515,C662,_,00580,127
C662__00570.127,11.927754830243106,43.012737904999994,C662,_,00570,127
C662__00520.127,11.966274097596347,43.0146328,C662,_,00520,127
C662__00510.127,11.963899888504674,43.026796775,C662,_,00510,127
C662__00500.127,11.948270790972979,43.01848331,C662,_,00500,127
C662__00490.127,11.948442103530287,43.016814565000004,C662,_,00490,127
C662__00480.127,11.942611750490443,43.023380205,C662,_,00480,127
C662__00470.127,11.925513600682436,43.015171155,C662,_,00470,127
C662__00450.127,11.90730147355582,43.015472235000004,C662,_,00450,127
C662__00440.127,11.892276768901631,43.022323545,C662,_,00440,127
C662__00430.127,11.891489586942628,43.022477615,C662,_,00430,127
C662__00380.127,11.961479926343262,43.036309165,C662,_,00380,127
C662__00370.127,11.947667652399833,43.032648519999995,C662,_,00370,127
C662__00360.127,11.936319852170294,43.02985209,C662,_,00360,127
C662__00340.127,11.928619411967158,43.029517115000004,C662,_,00340,127
C662__00320.127,11.91024248160397,43.03197482,C662,_,00320,127
C662__00290.127,11.872985285645743,43.02878201,C662,_,00290,127
C662__00270.127,11.94776663820848,43.040952375,C662,_,00270,127
C662__00260.127,11.939596731359988,43.03931638,C662,_,00260,127
C662__00230.127,11.909077847650437,43.044339335000004,C662,_,00230,127
C662__00220.127,11.900099273176304,43.03862667,C662,_,00220,127
C662__00180.127,11.89301545171363,43.04893935,C662,_,00180,127
C662__00140.127,11.934968864861851,43.050140670000005,C662,_,00140,127
C662__00110.127,11.919132784882345,43.05170952,C662,_,00110,127
C662__00080.127,11.915876794000742,43.059948215,C662,_,00080,127
C662__00070.127,11.914445649002966,43.057292045,C662,_,00070,127
C662__00660.1271,11.951187054441244,42.997025655,C662,_,00660,1271
C662__00660.1272,11.951524141275513,42.996546124999995,C662,_,00660,1272
C662__00660.1273,11.951761490684902,42.99641414,C662,_,00660,1273
C662__0063.1274,11.953337565473754,43.004306265,C662,_,0063,1274
C662__00660.1274,11.95153760883442,42.99655878,C662,_,00660,1274
C662__0063.1275,11.953201659808471,43.00464745,C662,_,0063,1275
C662__0063.1276,11.957309603650165,43.004737715,C662,_,0063,1276
C662__00660.1276,11.951389424726067,42.996603,C662,_,00660,1276
C662__0063.1277,11.957319697140056,43.004717979999995,C662,_,0063,1277
C662__00020.128,11.901520644623151,43.06446216,C662,_,00020,128
C662__00680.128,11.945829087039542,42.980090475,C662,_,00680,128
C662__0063.128,11.954096260862087,43.00402831,C662,_,0063,128
C662__00600.128,11.912191197645699,43.005439695,C662,_,00600,128
C662__00590.128,11.964075482863528,43.010003604999994,C662,_,00590,128
C662__00580.128,11.945536840954873,43.011819315,C662,_,00580,128
C662__00570.128,11.928785938866636,43.00992417,C662,_,00570,128
C662__00510.128,11.963967885240702,43.0265987,C662,_,00510,128
C662__00490.128,11.948732358603404,43.016724345,C662,_,00490,128
C662__00480.128,11.943096640246983,43.02350277,C662,_,00480,128
C662__00460.128,11.907886069249768,43.017776174999995,C662,_,00460,128
C662__00450.128,11.907176145594427,43.015472235000004,C662,_,00450,128
C662__00430.128,11.891314412027212,43.022017265,C662,_,00430,128
C662__00380.128,11.961735921667476,43.034372305000005,C662,_,00380,128
C662__00340.128,11.92866524601246,43.02681117,C662,_,00340,128
C662__00320.128,11.908244664595387,43.029513519999995,C662,_,00320,128
C662__00310.128,11.896070917513706,43.02698902,C662,_,00310,128
C662__00290.128,11.87836601732391,43.030690565,C662,_,00290,128
C662__00270.128,11.955229085093247,43.04441406,C662,_,00270,128
C662__00220.128,11.8992439349927,43.03845672,C662,_,00220,128
C662__00180.128,11.893587705065892,43.0483851,C662,_,00180,128
C662__00140.128,11.934746446533211,43.05046514,C662,_,00140,128
C662__00110.128,11.915578477241207,43.051358695000005,C662,_,00110,128
C662__00070.128,11.914215682496934,43.057207950000006,C662,_,00070,128
C662__00060.128,11.897802599758261,43.0630799,C662,_,00060,128
C662__00630.1280,11.95679704327553,42.99859539,C662,_,00630,1280
C662__00660.1280,11.95191122723107,42.996296465,C662,_,00660,1280
C662__00630.1281,11.956490391924728,42.999631205,C662,_,00630,1281
C662__00660.1281,11.951936416864267,42.99630155,C662,_,00660,1281
C662__00660.1283,11.952489720384754,42.995472425,C662,_,00660,1283
C662__00660.1284,11.956629288726791,42.991447615,C662,_,00660,1284
C662__00660.1286,11.949770096596033,42.99357395,C662,_,00660,1286
C662__00660.1287,11.95174350316282,42.996332355,C662,_,00660,1287
C662__00660.1288,11.952285970613158,42.996034460000004,C662,_,00660,1288
C662__00660.1289,11.95233031615355,42.996118845,C662,_,00660,1289
C662__00020.129,11.910014666009943,43.063971645,C662,_,00020,129
C662__00660.129,11.954478999509156,42.995668975,C662,_,00660,129
C662__00600.129,11.9135601540523,43.004689445,C662,_,00600,129
C662__00590.129,11.964644260254971,43.0100373,C662,_,00590,129
C662__00560.129,11.946142871974821,43.013685655,C662,_,00560,129
C662__00530.129,11.906907767706919,43.01425768,C662,_,00530,129
C662__00520.129,11.968203632032456,43.019295154999995,C662,_,00520,129
C662__00510.129,11.963962774874862,43.02768735,C662,_,00510,129
C662__00500.129,11.949349433252603,43.01837433,C662,_,00500,129
C662__00490.129,11.946175098531484,43.017101615,C662,_,00490,129
C662__00480.129,11.943548368341684,43.023557195,C662,_,00480,129
C662__00460.129,11.90810295222601,43.017774165,C662,_,00460,129
C662__00450.129,11.907040396341078,43.016302025,C662,_,00450,129
C662__00440.129,11.891896445438647,43.02246958,C662,_,00440,129
C662__00430.129,11.891688023737089,43.0219885,C662,_,00430,129
C662__00380.129,11.961828224468068,43.034077624999995,C662,_,00380,129
C662__00370.129,11.94784643991995,43.03154959,C662,_,00370,129
C662__00360.129,11.936653694572954,43.029991125,C662,_,00360,129
C662__00350.129,11.93488762930254,43.03261678,C662,_,00350,129
C662__00340.129,11.928841728713525,43.02647575,C662,_,00340,129
C662__00330.129,11.915523114182385,43.03087859,C662,_,00330,129
C662__00320.129,11.907529018908843,43.027858120000005,C662,_,00320,129
C662__00290.129,11.875801547230147,43.028509045,C662,_,00290,129
C662__00260.129,11.932130202378659,43.039208630000005,C662,_,00260,129
C662__00220.129,11.902692745259348,43.044902754999995,C662,_,00220,129
C662__00180.129,11.898072343127097,43.04885679,C662,_,00180,129
C662__00140.129,11.93610895404413,43.05229798,C662,_,00140,129
C662__00110.129,11.914004280342247,43.047912925,C662,_,00110,129
C662__00080.129,11.915492943917453,43.05978999,C662,_,00080,129
C662__00070.129,11.914093876933077,43.057339465,C662,_,00070,129
C662__00060.129,11.898224284450045,43.061840375,C662,_,00060,129
C662__00660.1290,11.952674442095375,42.99599345,C662,_,00660,1290
C662__00660.1291,11.95220994987095,42.989900500000005,C662,_,00660,1291
C662__00660.1292,11.956365955060424,42.984720095,C662,_,00660,1292
C662__00660.1293,11.956409934523938,42.98515444,C662,_,00660,1293
C662__00660.1294,11.951965317299834,42.996503974999996,C662,_,00660,1294
C662__00660.1296,11.94926107012826,42.99363674,C662,_,00660,1296
C662__00660.1297,11.949964057346584,42.9936998,C662,_,00660,1297
C662__00660.1298,11.950688341700936,42.994815655,C662,_,00660,1298
C662__00010.13,11.916550090677587,43.07041332,C662,_,00010,13
C662__00670.13,11.945996950711393,42.987595999999996,C662,_,00670,13
C662__00660.13,11.948740873968772,42.996004209999995,C662,_,00660,13
C662__00650.13,11.940114748237697,42.997711185,C662,_,00650,13
C662__0063.13,11.953846128665448,43.005783480000005,C662,_,0063,13
C662__00610.13,11.922408354490686,43.002171715,C662,_,00610,13
C662__00600.13,11.911612783635075,43.00243243,C662,_,00600,13
C662__00590.13,11.956541822813913,43.014949595000004,C662,_,00590,13
C662__00580.13,11.94797560294841,43.011328385,C662,_,00580,13
C662__00570.13,11.931696354135944,43.01006165,C662,_,00570,13
C662__00550.13,11.928333800051604,43.01405088,C662,_,00550,13
C662__00540.13,11.918532685219446,43.015045125,C662,_,00540,13
C662__00520.13,11.967771752568567,43.02457012,C662,_,00520,13
C662__00510.13,11.96755979642575,43.028968395,C662,_,00510,13
C662__00480.13,11.938155396378704,43.027552709999995,C662,_,00480,13
C662__00470.13,11.926630181740943,43.021256605000005,C662,_,00470,13
C662__00460.13,11.9117653404427,43.01661451,C662,_,00460,13
C662__00440.13,11.894060876605623,43.01787793,C662,_,00440,13
C662__00430.13,11.886364166613395,43.024045335,C662,_,00430,13
C662__00410.13,11.873711127353591,43.022017695,C662,_,00410,13
C662__00400.13,11.860089947728037,43.02817413,C662,_,00400,13
C662__00390.13,11.972299065080438,43.037507275,C662,_,00390,13
C662__00380.13,11.96284757090935,43.03909985,C662,_,00380,13
C662__00360.13,11.94548253736131,43.0380754,C662,_,00360,13
C662__00330.13,11.913836024915518,43.028080955,C662,_,00330,13
C662__00300.13,11.887426691451122,43.03342952,C662,_,00300,13
C662__00290.13,11.872491570750778,43.032894445,C662,_,00290,13
C662__00280.13,11.95616638327284,43.042733575,C662,_,00280,13
C662__00260.13,11.934018767556218,43.04409982999999,C662,_,00260,13
C662__00250.13,11.927810621550824,43.04180837,C662,_,00250,13
C662__00240.13,11.922675835889589,43.03710393,C662,_,00240,13
C662__00220.13,11.905802267274364,43.044533779999995,C662,_,00220,13
C662__00200.13,11.88367361761171,43.043831915,C662,_,00200,13
C662__00190.13,11.880171124084622,43.038178765,C662,_,00190,13
C662__00170.13,11.97853594933856,43.057321075000004,C662,_,00170,13
C662__00160.13,11.959082055482142,43.04795488,C662,_,00160,13
C662__00150.13,11.969156302188516,43.06390158,C662,_,00150,13
C662__00140.13,11.934418175133832,43.05102178,C662,_,00140,13
C662__00130.13,11.934977933830854,43.04886173,C662,_,00130,13
C662__00120.13,11.931098720654331,43.05066902,C662,_,00120,13
C662__00110.13,11.90984439297871,43.047780634999995,C662,_,00110,13
C662__00100.13,11.894505050522444,43.05614327000001,C662,_,00100,13
C662__00090.13,11.9290676224198,43.056190990000005,C662,_,00090,13
C662__00080.13,11.91543161327744,43.057831594999996,C662,_,00080,13
C662__00070.13,11.910907961314551,43.061841400000006,C662,_,00070,13
C662__00050.13,11.928122868769044,43.07065365,C662,_,00050,13
C662__00040.13,11.928615556800263,43.06546367,C662,_,00040,13
C662__00030.13,11.919148401935452,43.060475034999996,C662,_,00030,13
C662__00020.130,11.909904741498313,43.06401719,C662,_,00020,130
C662__00680.130,11.945115612285154,42.98019927,C662,_,00680,130
C662__00660.130,11.954743680023999,42.99611984,C662,_,00660,130
C662__00650.130,11.942847644253284,42.996876005,C662,_,00650,130
C662__0063.130,11.954219056013887,43.00413098,C662,_,0063,130
C662__00620.130,11.945782316100601,42.99784029,C662,_,00620,130
C662__00590.130,11.965029815495136,43.01006726999999,C662,_,00590,130
C662__00570.130,11.928676819450558,43.010827815,C662,_,00570,130
C662__00530.130,11.9066633298613,43.01369906,C662,_,00530,130
C662__00520.130,11.967823357106989,43.018618485000005,C662,_,00520,130
C662__00510.130,11.963898136770322,43.028085305000005,C662,_,00510,130
C662__00500.130,11.950056709868008,43.01906374,C662,_,00500,130
C662__00490.130,11.946280292796526,43.017112355,C662,_,00490,130
C662__00480.130,11.943679470301227,43.023191440000005,C662,_,00480,130
C662__00460.130,11.90817601368666,43.01756704,C662,_,00460,130
C662__00450.130,11.906765546586476,43.016605690000006,C662,_,00450,130
C662__00440.130,11.895114859171315,43.02075974,C662,_,00440,130
C662__00430.130,11.89146708230845,43.021960469999996,C662,_,00430,130
C662__00380.130,11.96183810844743,43.03391668,C662,_,00380,130
C662__00370.130,11.946179823489626,43.03217207,C662,_,00370,130
C662__00350.130,11.93213361271232,43.031826025,C662,_,00350,130
C662__00340.130,11.928963836492152,43.027323374999995,C662,_,00340,130
C662__00330.130,11.916273234512037,43.030408515,C662,_,00330,130
C662__00320.130,11.907286535786803,43.02717987,C662,_,00320,130
C662__00310.130,11.894720097508543,43.027455625,C662,_,00310,130
C662__00220.130,11.901945707299099,43.04467791,C662,_,00220,130
C662__00180.130,11.898112285974669,43.047788595,C662,_,00180,130
C662__00140.130,11.938031629975043,43.052634995000005,C662,_,00140,130
C662__00110.130,11.916425337809674,43.05027232,C662,_,00110,130
C662__00080.130,11.916316389068225,43.059773755,C662,_,00080,130
C662__00070.130,11.914640574141261,43.05761932,C662,_,00070,130
C662__00060.130,11.898090671810273,43.061840375,C662,_,00060,130
C662__00660.1303,11.95243661000368,42.995648475,C662,_,00660,1303
C662__00660.1305,11.951211048667856,42.99663392,C662,_,00660,1305
C662__00660.1306,11.951500295812194,42.996676414999996,C662,_,00660,1306
C662__00660.1307,11.951754759273484,42.996561885000006,C662,_,00660,1307
C662__00660.1308,11.952515079098893,42.99615073,C662,_,00660,1308
C662__00660.1309,11.95356157425,42.991611070000005,C662,_,00660,1309
C662__00020.131,11.9097563528995,43.063901735,C662,_,00020,131
C662__00680.131,11.94497178063051,42.98054561,C662,_,00680,131
C662__00620.131,11.95012581810582,43.000719785,C662,_,00620,131
C662__00600.131,11.913904998344538,42.99899958,C662,_,00600,131
C662__00590.131,11.965305816182033,43.009968275000006,C662,_,00590,131
C662__00570.131,11.929325054197822,43.008996175,C662,_,00570,131
C662__00520.131,11.969375956065864,43.017538204999994,C662,_,00520,131
C662__00510.131,11.964783036114635,43.027142675,C662,_,00510,131
C662__00490.131,11.946434630411273,43.017062885,C662,_,00490,131
C662__00480.131,11.944181892784336,43.023142095,C662,_,00480,131
C662__00470.131,11.926611271873824,43.01637746,C662,_,00470,131
C662__00460.131,11.917849061899354,43.01887427,C662,_,00460,131
C662__00450.131,11.907233278063295,43.015290115,C662,_,00450,131
C662__00440.131,11.896385839425907,43.020419419999996,C662,_,00440,131
C662__00380.131,11.962214860437335,43.031739285,C662,_,00380,131
C662__00370.131,11.946384743177905,43.03211934,C662,_,00370,131
C662__00360.131,11.936648468477419,43.030470715,C662,_,00360,131
C662__00350.131,11.932447059528517,43.03115645,C662,_,00350,131
C662__00340.131,11.929288446103651,43.02710635,C662,_,00340,131
C662__00330.131,11.914857402390446,43.02930934,C662,_,00330,131
C662__00320.131,11.906611578516278,43.025661819999996,C662,_,00320,131
C662__00290.131,11.877077438065989,43.028554965,C662,_,00290,131
C662__00260.131,11.942089570393856,43.04242975,C662,_,00260,131
C662__00230.131,11.908516367933085,43.035054419999994,C662,_,00230,131
C662__00220.131,11.903382523594097,43.038533380000004,C662,_,00220,131
C662__00180.131,11.898226587714605,43.04666583,C662,_,00180,131
C662__00140.131,11.936651036707271,43.052225515,C662,_,00140,131
C662__00080.131,11.916155355052783,43.05967946,C662,_,00080,131
C662__00070.131,11.914016180286534,43.058012704999996,C662,_,00070,131
C662__00060.131,11.89450178489334,43.061505335,C662,_,00060,131
C662__00660.1310,11.953937210094026,42.991709119999996,C662,_,00660,1310
C662__00660.1312,11.947270390406498,42.98872184,C662,_,00660,1312
C662__00660.1315,11.947792131599968,42.988028285,C662,_,00660,1315
C662__00660.1317,11.95192943153091,42.99416483500001,C662,_,00660,1317
C662__00660.1318,11.952402603691091,42.994076465000006,C662,_,00660,1318
C662__00660.1319,11.952432371543605,42.994130375,C662,_,00660,1319
C662__00020.132,11.902960349824724,43.064995435,C662,_,00020,132
C662__00660.132,11.954424415809447,42.99120807,C662,_,00660,132
C662__00640.132,11.921780259305555,42.99180705,C662,_,00640,132
C662__0063.132,11.95454243829656,43.00421,C662,_,0063,132
C662__00600.132,11.915394601610805,42.998469805,C662,_,00600,132
C662__00590.132,11.948715922054177,43.011557589999995,C662,_,00590,132
C662__00570.132,11.92828240980628,43.009334255,C662,_,00570,132
C662__00530.132,11.907052493060862,43.013936135,C662,_,00530,132
C662__00520.132,11.969144746948245,43.017006429999995,C662,_,00520,132
C662__00510.132,11.967916501435827,43.028950234999996,C662,_,00510,132
C662__00500.132,11.950095708650672,43.018832125,C662,_,00500,132
C662__00490.132,11.946505195407527,43.017053475,C662,_,00490,132
C662__00480.132,11.944731441199803,43.022748414999995,C662,_,00480,132
C662__00460.132,11.91762438067354,43.01870562,C662,_,00460,132
C662__00450.132,11.90643243398567,43.01645419,C662,_,00450,132
C662__00440.132,11.896882599768098,43.020367379999996,C662,_,00440,132
C662__00430.132,11.891301920992838,43.02197691,C662,_,00430,132
C662__00380.132,11.960484978577856,43.02895463,C662,_,00380,132
C662__00340.132,11.929528793352043,43.02728532,C662,_,00340,132
C662__00330.132,11.915921148608867,43.029828485,C662,_,00330,132
C662__00320.132,11.908997889183532,43.030896375,C662,_,00320,132
C662__00270.132,11.949637192425648,43.043877355,C662,_,00270,132
C662__00260.132,11.941982728888801,43.042364515,C662,_,00260,132
C662__00230.132,11.908621365712957,43.03539524,C662,_,00230,132
C662__00220.132,11.903850045902509,43.038865720000004,C662,_,00220,132
C662__00180.132,11.896698464195858,43.047264525,C662,_,00180,132
C662__00140.132,11.935575762837162,43.053824305,C662,_,00140,132
C662__00080.132,11.915983147396211,43.059580625,C662,_,00080,132
C662__00060.132,11.898822318527902,43.060621045000005,C662,_,00060,132
C662__00660.1321,11.952559134092464,42.994153280000006,C662,_,00660,1321
C662__00660.1322,11.95261663996919,42.99421362,C662,_,00660,1322
C662__00660.1324,11.948019243577102,42.988905994999996,C662,_,00660,1324
C662__00660.1326,11.950483235953563,42.98889842,C662,_,00660,1326
C662__00660.1327,11.950249808024205,42.98835408,C662,_,00660,1327
C662__00660.1328,11.949433403728458,42.98839599,C662,_,00660,1328
C662__00660.1329,11.948851100238095,42.98837276,C662,_,00660,1329
C662__00020.133,11.908638511967057,43.063853295,C662,_,00020,133
C662__00650.133,11.944068352110536,42.995930765,C662,_,00650,133
C662__00640.133,11.921795981112874,42.991644199999996,C662,_,00640,133
C662__00580.133,11.946317500037948,43.010400345,C662,_,00580,133
C662__00570.133,11.928982533091258,43.009033535,C662,_,00570,133
C662__00530.133,11.906892381340295,43.013791005,C662,_,00530,133
C662__00520.133,11.96899578693914,43.016751335,C662,_,00520,133
C662__00510.133,11.967662777686954,43.028172839999996,C662,_,00510,133
C662__00500.133,11.950785036464957,43.01944139,C662,_,00500,133
C662__00490.133,11.946576837091449,43.017044685,C662,_,00490,133
C662__00470.133,11.92829461539692,43.016492369999995,C662,_,00470,133
C662__00450.133,11.906435954389297,43.01637106,C662,_,00450,133
C662__00440.133,11.893728915780686,43.02210105,C662,_,00440,133
C662__00430.133,11.89066389035058,43.023073775,C662,_,00430,133
C662__00360.133,11.936939598284113,43.030296484999994,C662,_,00360,133
C662__00350.133,11.931333596897673,43.029861685,C662,_,00350,133
C662__00330.133,11.915652408964945,43.028748645,C662,_,00330,133
C662__00310.133,11.89756504804792,43.02212546,C662,_,00310,133
C662__00260.133,11.941951569545989,43.042457055,C662,_,00260,133
C662__00230.133,11.912517317193924,43.041146855,C662,_,00230,133
C662__00140.133,11.937428488154492,43.053370465,C662,_,00140,133
C662__00110.133,11.918979624561771,43.052149025000006,C662,_,00110,133
C662__00070.133,11.914188323000644,43.05794768,C662,_,00070,133
C662__00660.1331,11.948887434603577,42.988474265,C662,_,00660,1331
C662__00660.1332,11.94909838340692,42.98859032,C662,_,00660,1332
C662__00660.1333,11.949940473322139,42.98795172,C662,_,00660,1333
C662__00660.1334,11.950480632549066,42.988086845,C662,_,00660,1334
C662__00660.1335,11.948072383771677,42.98857924,C662,_,00660,1335
C662__00660.1337,11.945914241303083,42.99055364,C662,_,00660,1337
C662__00660.1338,11.945859008297546,42.99089864,C662,_,00660,1338
C662__00660.1339,11.954413873624944,42.994791275,C662,_,00660,1339
C662__00070.134,11.914357718586459,43.057874319999996,C662,_,00070,134
C662__00650.134,11.945191954284734,42.996209414999996,C662,_,00650,134
C662__00640.134,11.922108616315153,42.992481065,C662,_,00640,134
C662__0063.134,11.954984298364632,43.00423766,C662,_,0063,134
C662__00610.134,11.92640138192859,43.00102738,C662,_,00610,134
C662__00530.134,11.906763312259054,43.01369519,C662,_,00530,134
C662__00520.134,11.968852155431819,43.016503565,C662,_,00520,134
C662__00510.134,11.968400554060956,43.029085995,C662,_,00510,134
C662__00500.134,11.951099077942697,43.019081915,C662,_,00500,134
C662__00490.134,11.946653128294983,43.017037314999996,C662,_,00490,134
C662__00480.134,11.94556428910304,43.022435245,C662,_,00480,134
C662__00470.134,11.928476429223823,43.016555565,C662,_,00470,134
C662__00450.134,11.906298010404175,43.01593947,C662,_,00450,134
C662__00440.134,11.893303299100802,43.0217694,C662,_,00440,134
C662__00430.134,11.890645983532075,43.0229647,C662,_,00430,134
C662__00330.134,11.915616143295882,43.028929415,C662,_,00330,134
C662__00310.134,11.895685395044183,43.02199431,C662,_,00310,134
C662__00290.134,11.882223162936679,43.028809530000004,C662,_,00290,134
C662__00260.134,11.942069548877067,43.04258911,C662,_,00260,134
C662__00240.134,11.919049631487024,43.029495374999996,C662,_,00240,134
C662__00230.134,11.90888263745309,43.04414132,C662,_,00230,134
C662__00140.134,11.938045241551016,43.05381943,C662,_,00140,134
C662__00110.134,11.919639384965393,43.05191481,C662,_,00110,134
C662__00660.1340,11.954399596649962,42.99466449,C662,_,00660,1340
C662__00660.1341,11.957101714584535,42.985359485000004,C662,_,00660,1341
C662__00660.1343,11.94634116950111,42.989978375,C662,_,00660,1343
C662__00660.1344,11.946335388213503,42.98968438,C662,_,00660,1344
C662__00660.1347,11.950684751849664,42.996077575,C662,_,00660,1347
C662__00660.1348,11.950373713985062,42.996075445,C662,_,00660,1348
C662__00660.1349,11.950694394595669,42.996021165,C662,_,00660,1349
C662__00070.135,11.913583462773381,43.05831027,C662,_,00070,135
C662__00660.135,11.954884656429352,42.99054144,C662,_,00660,135
C662__00650.135,11.945137860077551,42.996109524999994,C662,_,00650,135
C662__00640.135,11.922820902389422,42.994150590000004,C662,_,00640,135
C662__0063.135,11.955200401935624,43.00423953,C662,_,0063,135
C662__00590.135,11.948820241600346,43.011230299999994,C662,_,00590,135
C662__00570.135,11.927931565625954,43.008704519999995,C662,_,00570,135
C662__00530.135,11.906940112775443,43.01362878,C662,_,00530,135
C662__00520.135,11.968634799684029,43.01612608000001,C662,_,00520,135
C662__00510.135,11.968063401377613,43.028286105,C662,_,00510,135
C662__00500.135,11.952043679550382,43.019797405,C662,_,00500,135
C662__00480.135,11.946139803101442,43.022805665,C662,_,00480,135
C662__00450.135,11.906332521528682,43.01635655,C662,_,00450,135
C662__00440.135,11.893875906277213,43.020536565,C662,_,00440,135
C662__00380.135,11.959719141946897,43.028484235,C662,_,00380,135
C662__00350.135,11.929304043233188,43.035431835,C662,_,00350,135
C662__00330.135,11.915489448161654,43.02888773,C662,_,00330,135
C662__00310.135,11.895512336485492,43.0217976,C662,_,00310,135
C662__00140.135,11.939092642901002,43.05252151,C662,_,00140,135
C662__00080.135,11.913928529297664,43.06009985,C662,_,00080,135
C662__00660.1351,11.951059185715554,42.995967295,C662,_,00660,1351
C662__00660.1352,11.951058238355998,42.995961574999995,C662,_,00660,1352
C662__00660.1353,11.95099682053015,42.995934735000006,C662,_,00660,1353
C662__00660.1354,11.951133921064816,42.99600694,C662,_,00660,1354
C662__00660.1355,11.951193955254833,42.99594124,C662,_,00660,1355
C662__00660.1357,11.956897615694064,42.988978005,C662,_,00660,1357
C662__00660.1358,11.950654259685974,42.996148405,C662,_,00660,1358
C662__00660.1359,11.950895016354952,42.996088515,C662,_,00660,1359
C662__00020.136,11.908432978342573,43.064425209999996,C662,_,00020,136
C662__00660.136,11.955752010743861,42.996485645,C662,_,00660,136
C662__00650.136,11.944332726617901,42.995929185,C662,_,00650,136
C662__00640.136,11.922765772787507,42.993982285,C662,_,00640,136
C662__00610.136,11.926726273813472,43.00101948,C662,_,00610,136
C662__00590.136,11.949529911998017,43.011242865,C662,_,00590,136
C662__00580.136,11.945370900846667,43.01140351,C662,_,00580,136
C662__00570.136,11.927137905851335,43.00792655,C662,_,00570,136
C662__00530.136,11.907143219995607,43.01374291,C662,_,00530,136
C662__00520.136,11.968287471635385,43.015519205000004,C662,_,00520,136
C662__00510.136,11.96678160045879,43.02910523,C662,_,00510,136
C662__00500.136,11.952625178617566,43.019500054999995,C662,_,00500,136
C662__00490.136,11.946161609244276,43.017067850000004,C662,_,00490,136
C662__00480.136,11.93566872602597,43.022185335,C662,_,00480,136
C662__00470.136,11.928033546264981,43.017048790000004,C662,_,00470,136
C662__00460.136,11.90867800053978,43.017869935,C662,_,00460,136
C662__00450.136,11.903816373858797,43.01682572,C662,_,00450,136
C662__00440.136,11.894448427919581,43.02186209,C662,_,00440,136
C662__00430.136,11.890716572791641,43.022571655,C662,_,00430,136
C662__00380.136,11.959902748511169,43.02801606,C662,_,00380,136
C662__00370.136,11.94548337463668,43.031806939999996,C662,_,00370,136
C662__00350.136,11.930539082798909,43.02815857,C662,_,00350,136
C662__00240.136,11.918616008002964,43.029355545,C662,_,00240,136
C662__00220.136,11.898538477200763,43.04037979,C662,_,00220,136
C662__00180.136,11.899882251203985,43.046436334999996,C662,_,00180,136
C662__00140.136,11.938360086696512,43.053679445,C662,_,00140,136
C662__00110.136,11.919498473990295,43.05164064,C662,_,00110,136
C662__00080.136,11.916371440949032,43.057114575,C662,_,00080,136
C662__00660.1360,11.951008296328569,42.996025755,C662,_,00660,1360
C662__00660.1362,11.95143577116364,42.99521656,C662,_,00660,1362
C662__00660.1364,11.952077335149397,42.99526492,C662,_,00660,1364
C662__00660.1366,11.953014234544767,42.99470504,C662,_,00660,1366
C662__00660.1368,11.952299983271885,42.99526492,C662,_,00660,1368
C662__00020.137,11.903558949973498,43.06585177,C662,_,00020,137
C662__00650.137,11.945002516609877,42.995867675,C662,_,00650,137
C662__00620.137,11.943253592811573,42.9975502,C662,_,00620,137
C662__00590.137,11.95097477299944,43.0113208,C662,_,00590,137
C662__00580.137,11.945458641102867,43.011113879999996,C662,_,00580,137
C662__00570.137,11.9277427884013,43.007669445000005,C662,_,00570,137
C662__00530.137,11.906879530951624,43.013983675,C662,_,00530,137
C662__00520.137,11.967761814425177,43.014604115,C662,_,00520,137
C662__00510.137,11.966409637411367,43.027701719999996,C662,_,00510,137
C662__00500.137,11.95607162616502,43.019339425,C662,_,00500,137
C662__00490.137,11.946300065218708,43.017008445,C662,_,00490,137
C662__00480.137,11.93618583275951,43.022513225,C662,_,00480,137
C662__00470.137,11.928190620713302,43.017905535,C662,_,00470,137
C662__00450.137,11.904007101329444,43.017313439999995,C662,_,00450,137
C662__00440.137,11.8942958943254,43.021573465,C662,_,00440,137
C662__00380.137,11.95865250596964,43.02810822,C662,_,00380,137
C662__00360.137,11.93859362818674,43.030323705,C662,_,00360,137
C662__00330.137,11.919059746773483,43.02633844,C662,_,00330,137
C662__00270.137,11.951503607281886,43.043996410000005,C662,_,00270,137
C662__00260.137,11.942225266560799,43.04295711,C662,_,00260,137
C662__00240.137,11.919153060594295,43.028031905,C662,_,00240,137
C662__00140.137,11.940111305563418,43.051986685,C662,_,00140,137
C662__00110.137,11.919159802188103,43.05158263,C662,_,00110,137
C662__00080.137,11.912250597524851,43.061487215,C662,_,00080,137
C662__00070.137,11.912323271002268,43.055443659999995,C662,_,00070,137
C662__00660.1370,11.950715978305691,42.99501592,C662,_,00660,1370
C662__00660.1371,11.952662012145046,42.98983934,C662,_,00660,1371
C662__00660.1374,11.954166753474425,42.992978165,C662,_,00660,1374
C662__00660.1375,11.954307166026307,42.992764890000004,C662,_,00660,1375
C662__00660.1376,11.957027079968935,42.985012865,C662,_,00660,1376
C662__00660.1377,11.957028050658266,42.985059095,C662,_,00660,1377
C662__00020.138,11.903581313690498,43.06608389,C662,_,00020,138
C662__00660.138,11.954547560074937,42.995023360000005,C662,_,00660,138
C662__00650.138,11.943932065316243,42.996349395,C662,_,00650,138
C662__00620.138,11.94263224460158,42.997746705,C662,_,00620,138
C662__00590.138,11.951588228233115,43.01109716,C662,_,00590,138
C662__00530.138,11.906823899804484,43.013846955,C662,_,00530,138
C662__00510.138,11.968020694799996,43.02892156,C662,_,00510,138
C662__00500.138,11.956476068749346,43.01988862,C662,_,00500,138
C662__00490.138,11.946388944918937,43.01698256,C662,_,00490,138
C662__00480.138,11.937981889442728,43.022547704999994,C662,_,00480,138
C662__00450.138,11.906812805916552,43.015523325000004,C662,_,00450,138
C662__00380.138,11.961206628115114,43.02838828,C662,_,00380,138
C662__00350.138,11.929131408408232,43.036444835,C662,_,00350,138
C662__00330.138,11.919259149742823,43.02607184,C662,_,00330,138
C662__00320.138,11.90693359541472,43.027266185,C662,_,00320,138
C662__00310.138,11.900261540058786,43.021999355,C662,_,00310,138
C662__00270.138,11.948499574631313,43.04880097,C662,_,00270,138
C662__00220.138,11.898381302162715,43.039940810000004,C662,_,00220,138
C662__00180.138,11.89653100199439,43.04763818,C662,_,00180,138
C662__00140.138,11.941110551704531,43.052060155,C662,_,00140,138
C662__00070.138,11.912648384031248,43.05566212,C662,_,00070,138
C662__00080.139,11.916664190360667,43.058950295,C662,_,00080,139
C662__00660.139,11.954023709974035,42.995603825,C662,_,00660,139
C662__0063.139,11.956724257304877,43.005150555,C662,_,0063,139
C662__00620.139,11.952401869043221,42.998873025,C662,_,00620,139
C662__00610.139,11.92644525546907,43.00238679,C662,_,00610,139
C662__00510.139,11.967794085035882,43.028210224999995,C662,_,00510,139
C662__00500.139,11.9575799517757,43.019779745,C662,_,00500,139
C662__00490.139,11.946448138619159,43.016980364999995,C662,_,00490,139
C662__00450.139,11.906959114931329,43.015754465,C662,_,00450,139
C662__00440.139,11.894657022256133,43.02048438,C662,_,00440,139
C662__00380.139,11.961217606994204,43.0352568,C662,_,00380,139
C662__00370.139,11.946940856407618,43.039659575,C662,_,00370,139
C662__00350.139,11.93137803873908,43.035324759999995,C662,_,00350,139
C662__00330.139,11.918857439812655,43.02590714,C662,_,00330,139
C662__00310.139,11.900010487136196,43.02312906,C662,_,00310,139
C662__00290.139,11.880058066486429,43.028858545000006,C662,_,00290,139
C662__00270.139,11.949854652340655,43.04890824,C662,_,00270,139
C662__00260.139,11.942765630795435,43.042469374999996,C662,_,00260,139
C662__00230.139,11.912158178018725,43.040963105,C662,_,00230,139
C662__00140.139,11.941321018773213,43.05179072,C662,_,00140,139
C662__00110.139,11.919657192395183,43.052312375,C662,_,00110,139
C662__00010.14,11.917033063859815,43.070667415,C662,_,00010,14
C662__00670.14,11.934187465621868,42.98580836,C662,_,00670,14
C662__00650.14,11.941226820750003,42.996809965,C662,_,00650,14
C662__00640.14,11.922628388715777,42.995161304999996,C662,_,00640,14
C662__0063.14,11.953919535014219,43.005766455,C662,_,0063,14
C662__00610.14,11.921816762645172,43.00145389,C662,_,00610,14
C662__00600.14,11.912789628415641,43.002117209999994,C662,_,00600,14
C662__00590.14,11.958623383717857,43.015131635,C662,_,00590,14
C662__00570.14,11.931271240285923,43.010553595000005,C662,_,00570,14
C662__00540.14,11.918684365144557,43.014981715,C662,_,00540,14
C662__00530.14,11.913093721801486,43.014572185,C662,_,00530,14
C662__00510.14,11.967704733813358,43.028966604999994,C662,_,00510,14
C662__00480.14,11.939420775035499,43.02777314,C662,_,00480,14
C662__00460.14,11.916109597484779,43.01932086,C662,_,00460,14
C662__00450.14,11.89768809035052,43.020381685000004,C662,_,00450,14
C662__00440.14,11.895790620839875,43.0179725,C662,_,00440,14
C662__00430.14,11.886692875750029,43.024346980000004,C662,_,00430,14
C662__00410.14,11.875421141356806,43.02225688,C662,_,00410,14
C662__00400.14,11.866152256622168,43.027255685,C662,_,00400,14
C662__00390.14,11.972995389580767,43.0373804,C662,_,00390,14
C662__00380.14,11.958879556072736,43.03830685,C662,_,00380,14
C662__00370.14,11.951803311278333,43.03845029,C662,_,00370,14
C662__00360.14,11.938458021549181,43.03782439,C662,_,00360,14
C662__00340.14,11.927162740328088,43.0281913,C662,_,00340,14
C662__00330.14,11.913993490379402,43.029165665,C662,_,00330,14
C662__00290.14,11.873867291921137,43.03367476,C662,_,00290,14
C662__00270.14,11.946882198130314,43.04637977,C662,_,00270,14
C662__00260.14,11.935932182135643,43.04389534,C662,_,00260,14
C662__00250.14,11.92763660238099,43.040860905,C662,_,00250,14
C662__00220.14,11.906653768616472,43.044795865,C662,_,00220,14
C662__00200.14,11.884376616129618,43.0437061,C662,_,00200,14
C662__00190.14,11.880640071405326,43.038222265,C662,_,00190,14
C662__00170.14,11.978943667111182,43.057534065,C662,_,00170,14
C662__00160.14,11.959370939242913,43.047607875,C662,_,00160,14
C662__00150.14,11.968744645040815,43.063831735,C662,_,00150,14
C662__00140.14,11.93458722792839,43.051321005000005,C662,_,00140,14
C662__00130.14,11.934960321769028,43.049108215000004,C662,_,00130,14
C662__00120.14,11.923114300667827,43.050503434999996,C662,_,00120,14
C662__00110.14,11.910498528415333,43.049078975,C662,_,00110,14
C662__00100.14,11.895034831147473,43.056488215,C662,_,00100,14
C662__00080.14,11.91550122151093,43.057732525,C662,_,00080,14
C662__00060.14,11.894028352047147,43.0601343,C662,_,00060,14
C662__00050.14,11.928850218723856,43.070126220000006,C662,_,00050,14
C662__00040.14,11.92395976376838,43.062968285,C662,_,00040,14
C662__00030.14,11.914486721474688,43.061781745,C662,_,00030,14
C662__00020.14,11.910195461835748,43.064522995000004,C662,_,00020,14
C662__00070.140,11.916596584631836,43.055246005,C662,_,00070,140
C662__00660.140,11.95422510748508,42.9954309,C662,_,00660,140
C662__00650.140,11.943457272102997,42.99672966,C662,_,00650,140
C662__00640.140,11.922434702839409,42.994468139999995,C662,_,00640,140
C662__0062.140,11.955092566300426,43.000122635,C662,_,0062,140
C662__00570.140,11.926541428240585,43.00670343,C662,_,00570,140
C662__00560.140,11.945488696122272,43.013018875,C662,_,00560,140
C662__00520.140,11.96867075700405,43.025514435000005,C662,_,00520,140
C662__00510.140,11.957751088118965,43.021193034999996,C662,_,00510,140
C662__00500.140,11.957797408487748,43.01961625,C662,_,00500,140
C662__00490.140,11.946493050267058,43.01697521,C662,_,00490,140
C662__00470.140,11.929709005475754,43.017997539999996,C662,_,00470,140
C662__00450.140,11.90745296479535,43.016268530000005,C662,_,00450,140
C662__00440.140,11.897579970434226,43.01772744,C662,_,00440,140
C662__00380.140,11.961266129676137,43.035300315,C662,_,00380,140
C662__00360.140,11.938839765377935,43.030099135,C662,_,00360,140
C662__00350.140,11.933603048429784,43.034939120000004,C662,_,00350,140
C662__00340.140,11.92972358524814,43.027116500000005,C662,_,00340,140
C662__00330.140,11.9186806485299,43.02744147999999,C662,_,00330,140
C662__00320.140,11.901746693047654,43.02562849,C662,_,00320,140
C662__00310.140,11.898829944404103,43.02190804,C662,_,00310,140
C662__00290.140,11.8798189461539,43.028556025,C662,_,00290,140
C662__00270.140,11.955630897592545,43.043727015,C662,_,00270,140
C662__00260.140,11.937693783050506,43.047576129999996,C662,_,00260,140
C662__00240.140,11.918724035621619,43.029541249999994,C662,_,00240,140
C662__00220.140,11.898876394240416,43.03995521,C662,_,00220,140
C662__00180.140,11.898523237994326,43.045306855,C662,_,00180,140
C662__00140.140,11.942094406511579,43.051894295,C662,_,00140,140
C662__00110.140,11.91996229813735,43.052278189999996,C662,_,00110,140
C662__00020.141,11.903191971471703,43.066097415,C662,_,00020,141
C662__00650.141,11.943898973823163,42.99657331,C662,_,00650,141
C662__0063.141,11.955741490522584,43.005008579999995,C662,_,0063,141
C662__00620.141,11.95244024759476,42.998357479999996,C662,_,00620,141
C662__00610.141,11.926350988539285,43.001109205000006,C662,_,00610,141
C662__00590.141,11.952763726381264,43.011383855,C662,_,00590,141
C662__00580.141,11.945582801383798,43.01236519,C662,_,00580,141
C662__00570.141,11.926210059968026,43.007105089999996,C662,_,00570,141
C662__00560.141,11.945672205736926,43.012944899999994,C662,_,00560,141
C662__00520.141,11.966983263202149,43.02079284,C662,_,00520,141
C662__00510.141,11.9584722685036,43.022049105,C662,_,00510,141
C662__00500.141,11.957738229804532,43.01889369,C662,_,00500,141
C662__00490.141,11.946486386669573,43.016945590000006,C662,_,00490,141
C662__00480.141,11.939464012062013,43.02296638,C662,_,00480,141
C662__00460.141,11.909886640196461,43.01855872,C662,_,00460,141
C662__00450.141,11.904397145895931,43.017695845,C662,_,00450,141
C662__00430.141,11.890427180202096,43.023160505,C662,_,00430,141
C662__00380.141,11.961128345532543,43.036198549999995,C662,_,00380,141
C662__00370.141,11.947688580089252,43.039448425,C662,_,00370,141
C662__00360.141,11.93897086332851,43.03027719,C662,_,00360,141
C662__00350.141,11.928810824132604,43.035654550000004,C662,_,00350,141
C662__00340.141,11.930449526572808,43.02688257,C662,_,00340,141
C662__00330.141,11.918688120549515,43.027020065,C662,_,00330,141
C662__00290.141,11.88051068674622,43.02892177,C662,_,00290,141
C662__00270.141,11.95531310285963,43.043293864999995,C662,_,00270,141
C662__00260.141,11.93867851592605,43.047856665,C662,_,00260,141
C662__00230.141,11.912943963694755,43.040410925,C662,_,00230,141
C662__00220.141,11.899611078740282,43.040638325,C662,_,00220,141
C662__00180.141,11.899798990767883,43.04576383,C662,_,00180,141
C662__00140.141,11.943799529764801,43.05162819,C662,_,00140,141
C662__00110.141,11.919610582167927,43.052035095,C662,_,00110,141
C662__00080.141,11.915736785688157,43.058593810000005,C662,_,00080,141
C662__00110.142,11.91739006281021,43.048667945,C662,_,00110,142
C662__00660.142,11.955004042798596,42.995812369999996,C662,_,00660,142
C662__00650.142,11.945273555061535,42.99649582,C662,_,00650,142
C662__00640.142,11.931314391120747,42.991011935,C662,_,00640,142
C662__0062.142,11.954839025911859,42.998692505,C662,_,0062,142
C662__00610.142,11.921280611168822,42.998607135,C662,_,00610,142
C662__00590.142,11.954071958014005,43.011140725000004,C662,_,00590,142
C662__00580.142,11.944946616430542,43.01119772,C662,_,00580,142
C662__00570.142,11.92658457407852,43.006686025,C662,_,00570,142
C662__00560.142,11.94596055691871,43.012873485,C662,_,00560,142
C662__00530.142,11.90614319066357,43.01403345,C662,_,00530,142
C662__00520.142,11.967270993840053,43.02284562,C662,_,00520,142
C662__00500.142,11.959704057946855,43.01972727,C662,_,00500,142
C662__00490.142,11.946769902218982,43.016983535,C662,_,00490,142
C662__00460.142,11.909341067110299,43.018581675,C662,_,00460,142
C662__00450.142,11.903703158921118,43.017071665,C662,_,00450,142
C662__00380.142,11.961181633020376,43.03596666,C662,_,00380,142
C662__00370.142,11.947436389396007,43.03909729,C662,_,00370,142
C662__00350.142,11.935201602737326,43.0326043,C662,_,00350,142
C662__00340.142,11.930351865344687,43.026665505,C662,_,00340,142
C662__00330.142,11.918615631586961,43.027180805,C662,_,00330,142
C662__00270.142,11.943612564336316,43.04430943,C662,_,00270,142
C662__00260.142,11.937687187800819,43.04721009,C662,_,00260,142
C662__00230.142,11.912180056266191,43.04048265,C662,_,00230,142
C662__00180.142,11.899061761331987,43.046218655000004,C662,_,00180,142
C662__00140.142,11.942392276147942,43.05161519,C662,_,00140,142
C662__00110.143,11.917050329742388,43.04932028,C662,_,00110,143
C662__00650.143,11.943108105488207,42.996807360000005,C662,_,00650,143
C662__0063.143,11.95548127778478,43.004212374999994,C662,_,0063,143
C662__0062.143,11.95502720983907,42.99865418,C662,_,0062,143
C662__00610.143,11.922030257747702,42.999877125,C662,_,00610,143
C662__00570.143,11.92573197423851,43.006222965,C662,_,00570,143
C662__00530.143,11.906211071807533,43.01411992,C662,_,00530,143
C662__00520.143,11.966987882565011,43.021594115,C662,_,00520,143
C662__00510.143,11.958687258969048,43.02161454,C662,_,00510,143
C662__00500.143,11.959934636283727,43.019892999999996,C662,_,00500,143
C662__00490.143,11.947063023812643,43.016965795000004,C662,_,00490,143
C662__00480.143,11.940974422715016,43.023323219999995,C662,_,00480,143
C662__00470.143,11.927566400845528,43.017291349999994,C662,_,00470,143
C662__00460.143,11.91013716730212,43.017328015000004,C662,_,00460,143
C662__00450.143,11.906063197198435,43.016775640000006,C662,_,00450,143
C662__00430.143,11.890671204164644,43.02359473,C662,_,00430,143
C662__00380.143,11.961433034120706,43.028722470000005,C662,_,00380,143
C662__00340.143,11.922653718421445,43.025010545,C662,_,00340,143
C662__00330.143,11.918654290163698,43.026712395000004,C662,_,00330,143
C662__00290.143,11.872857904297103,43.02888602,C662,_,00290,143
C662__00270.143,11.944175044938337,43.045822494999996,C662,_,00270,143
C662__00260.143,11.937729715816392,43.047036215,C662,_,00260,143
C662__00240.143,11.924716805473963,43.031774685,C662,_,00240,143
C662__00230.143,11.915877632159676,43.032996695,C662,_,00230,143
C662__00220.143,11.899771575960173,43.040452724999994,C662,_,00220,143
C662__00180.143,11.897760372343333,43.046586395,C662,_,00180,143
C662__00140.143,11.942905243323173,43.05152392,C662,_,00140,143
C662__00140.144,11.94307368532009,43.051732654999995,C662,_,00140,144
C662__00660.144,11.955223515981103,42.996091449999994,C662,_,00660,144
C662__00640.144,11.922838375082526,42.994676345,C662,_,00640,144
C662__0063.144,11.95541292451193,43.004271435,C662,_,0063,144
C662__00620.144,11.954003448045047,43.00034001,C662,_,00620,144
C662__00610.144,11.921982026535751,42.998685935,C662,_,00610,144
C662__00580.144,11.950157731804193,43.006747544999996,C662,_,00580,144
C662__00570.144,11.927443288463042,43.00669393,C662,_,00570,144
C662__00560.144,11.946489605106102,43.014089485,C662,_,00560,144
C662__00520.144,11.96194702250835,43.01726993,C662,_,00520,144
C662__00490.144,11.947271892601009,43.01543435,C662,_,00490,144
C662__00480.144,11.941367100446104,43.02318433,C662,_,00480,144
C662__00470.144,11.926313635763442,43.01915032,C662,_,00470,144
C662__00460.144,11.910122634555862,43.017523905000004,C662,_,00460,144
C662__00450.144,11.90532822154835,43.01602648,C662,_,00450,144
C662__00430.144,11.890253780807615,43.02317969,C662,_,00430,144
C662__00380.144,11.95964632051898,43.03983327,C662,_,00380,144
C662__00360.144,11.939502399206418,43.03049032,C662,_,00360,144
C662__00340.144,11.922886687457387,43.02485969,C662,_,00340,144
C662__00330.144,11.91885206773241,43.026626365,C662,_,00330,144
C662__00230.144,11.915800747098984,43.03376875,C662,_,00230,144
C662__00220.144,11.900133281522576,43.042124920000006,C662,_,00220,144
C662__00180.144,11.89665450504158,43.04549608,C662,_,00180,144
C662__00070.145,11.913023958284974,43.055055635,C662,_,00070,145
C662__00660.145,11.954280838003752,42.996005795,C662,_,00660,145
C662__00650.145,11.945114610773123,42.99684172,C662,_,00650,145
C662__00640.145,11.922874517994206,42.99477794,C662,_,00640,145
C662__0063.145,11.955721377346556,43.00427743,C662,_,0063,145
C662__00610.145,11.923968681191841,43.001073755,C662,_,00610,145
C662__00590.145,11.956352228056023,43.011033714999996,C662,_,00590,145
C662__00570.145,11.927570548145102,43.00670601,C662,_,00570,145
C662__00560.145,11.94656402627194,43.01383111,C662,_,00560,145
C662__00520.145,11.960965271606092,43.01710711,C662,_,00520,145
C662__00510.145,11.95823347332864,43.0216753,C662,_,00510,145
C662__00490.145,11.9473520985859,43.01689506,C662,_,00490,145
C662__00480.145,11.943253098132026,43.023063934999996,C662,_,00480,145
C662__00470.145,11.9271734410007,43.017777484999996,C662,_,00470,145
C662__00450.145,11.905577953044656,43.015948879999996,C662,_,00450,145
C662__00430.145,11.890301357550515,43.02315509,C662,_,00430,145
C662__00380.145,11.959253467925612,43.039535470000004,C662,_,00380,145
C662__00370.145,11.946941573811516,43.03940583,C662,_,00370,145
C662__00360.145,11.939736451764173,43.030418455,C662,_,00360,145
C662__00330.145,11.91842346021377,43.027185805,C662,_,00330,145
C662__00310.145,11.89223602973421,43.02515764,C662,_,00310,145
C662__00290.145,11.88147646727915,43.028931240000006,C662,_,00290,145
C662__00180.145,11.897323478166332,43.04648747,C662,_,00180,145
C662__00140.145,11.943923470450262,43.051343405,C662,_,00140,145
C662__00070.146,11.913109843223072,43.05522755,C662,_,00070,146
C662__00680.146,11.949346914931642,42.982292695,C662,_,00680,146
C662__00660.146,11.953393874673592,42.994792865,C662,_,00660,146
C662__00610.146,11.924053972733338,42.999295184999994,C662,_,00610,146
C662__00590.146,11.95640417213161,43.01090553,C662,_,00590,146
C662__00580.146,11.947407571932812,43.01092506,C662,_,00580,146
C662__00570.146,11.927533021529438,43.006778775,C662,_,00570,146
C662__00510.146,11.957835726254851,43.021805275000006,C662,_,00510,146
C662__00490.146,11.947540868088796,43.01683773,C662,_,00490,146
C662__00480.146,11.93655816156081,43.025816175,C662,_,00480,146
C662__00470.146,11.930889565399543,43.018068195,C662,_,00470,146
C662__00460.146,11.90903797100318,43.016992615,C662,_,00460,146
C662__00450.146,11.904904707624997,43.01624048,C662,_,00450,146
C662__00430.146,11.89054442908905,43.02294516,C662,_,00430,146
C662__00380.146,11.960133814306689,43.039731155,C662,_,00380,146
C662__00360.146,11.939547156670299,43.030162855,C662,_,00360,146
C662__00330.146,11.918959120484805,43.026674995,C662,_,00330,146
C662__00310.146,11.892261184837292,43.025280925000004,C662,_,00310,146
C662__00260.146,11.934938552624772,43.03937741,C662,_,00260,146
C662__00230.146,11.90984265826232,43.041421055,C662,_,00230,146
C662__00220.146,11.900197618308272,43.040779889999996,C662,_,00220,146
C662__00180.146,11.89790074717503,43.04589872,C662,_,00180,146
C662__00140.146,11.94440326055096,43.051260580000005,C662,_,00140,146
C662__00080.146,11.915532913030528,43.058672709999996,C662,_,00080,146
C662__00020.147,11.903366094439786,43.066333525000005,C662,_,00020,147
C662__00660.147,11.954174331195862,42.994472145,C662,_,00660,147
C662__00650.147,11.945447001132866,42.99668645,C662,_,00650,147
C662__0063.147,11.956010324538589,43.004292125000006,C662,_,0063,147
C662__00610.147,11.9212282338748,42.998153445,C662,_,00610,147
C662__00580.147,11.951457646637692,43.00467942,C662,_,00580,147
C662__00570.147,11.927846358200345,43.00538049,C662,_,00570,147
C662__00520.147,11.959491349555236,43.015694655,C662,_,00520,147
C662__00500.147,11.951851931563453,43.01896122,C662,_,00500,147
C662__00480.147,11.936650887362834,43.021759145000004,C662,_,00480,147
C662__00470.147,11.919636916127004,43.019018285,C662,_,00470,147
C662__00450.147,11.905986673793617,43.017828035,C662,_,00450,147
C662__00370.147,11.946746073554522,43.03898217,C662,_,00370,147
C662__00360.147,11.939953818555875,43.03024018,C662,_,00360,147
C662__00330.147,11.918632426726322,43.027020065,C662,_,00330,147
C662__00320.147,11.90362197922921,43.025137555,C662,_,00320,147
C662__00260.147,11.935187845965537,43.03911109,C662,_,00260,147
C662__00240.147,11.91850488675564,43.02988325,C662,_,00240,147
C662__00230.147,11.910573071683611,43.042365045,C662,_,00230,147
C662__00220.147,11.899244550619496,43.040041925,C662,_,00220,147
C662__00140.147,11.944964116634017,43.051429095,C662,_,00140,147
C662__00020.148,11.90350154764295,43.06622218,C662,_,00020,148
C662__00680.148,11.951760796429937,42.981385665,C662,_,00680,148
C662__00660.148,11.95449256195161,42.99437564,C662,_,00660,148
C662__00640.148,11.91782804537329,42.994581804999996,C662,_,00640,148
C662__00610.148,11.921716027496092,42.997851405,C662,_,00610,148
C662__00570.148,11.928059709917838,43.00499599,C662,_,00570,148
C662__00560.148,11.946429165400808,43.013506945,C662,_,00560,148
C662__00520.148,11.969064787422877,43.02278531,C662,_,00520,148
C662__00510.148,11.956644975933795,43.02101829,C662,_,00510,148
C662__00500.148,11.952396180446618,43.018546455,C662,_,00500,148
C662__00490.148,11.946836184709966,43.016850825,C662,_,00490,148
C662__00480.148,11.937463400097736,43.021958145,C662,_,00480,148
C662__00470.148,11.919047557596375,43.016423419999995,C662,_,00470,148
C662__00460.148,11.909318754834898,43.017073485,C662,_,00460,148
C662__00450.148,11.906349579633508,43.01749843,C662,_,00450,148
C662__00380.148,11.956555183510956,43.038405534999995,C662,_,00380,148
C662__00370.148,11.946984733538347,43.038894895,C662,_,00370,148
C662__00330.148,11.918706776681447,43.02790059,C662,_,00330,148
C662__00310.148,11.89989839318087,43.022777090000005,C662,_,00310,148
C662__00260.148,11.935120333327722,43.038896225,C662,_,00260,148
C662__00230.148,11.909703241102479,43.04143551,C662,_,00230,148
C662__00220.148,11.900974479114272,43.03438588,C662,_,00220,148
C662__00140.148,11.94428317718234,43.05153994,C662,_,00140,148
C662__00080.148,11.915699054875025,43.058399405,C662,_,00080,148
C662__00070.148,11.912670023919803,43.055160775000004,C662,_,00070,148
C662__00020.149,11.903647845742066,43.066463920000004,C662,_,00020,149
C662__00680.149,11.94152771520858,42.979698335,C662,_,00680,149
C662__00660.149,11.95158177000387,42.990055035,C662,_,00660,149
C662__00640.149,11.9184129593107,42.9943808,C662,_,00640,149
C662__0063.149,11.954202779396283,43.003881840000005,C662,_,0063,149
C662__0062.149,11.955482110753932,42.999789765,C662,_,0062,149
C662__00610.149,11.923184723365154,42.998875905000006,C662,_,00610,149
C662__00590.149,11.959077455605915,43.009011735,C662,_,00590,149
C662__00580.149,11.947767325207113,43.01101595,C662,_,00580,149
C662__00570.149,11.925738517212661,43.005062800000005,C662,_,00570,149
C662__00560.149,11.946414326694416,43.013393935,C662,_,00560,149
C662__00510.149,11.95674269438502,43.020922909999996,C662,_,00510,149
C662__00490.149,11.947396509245046,43.016790575,C662,_,00490,149
C662__00480.149,11.937992593199667,43.022028739999996,C662,_,00480,149
C662__00470.149,11.927585046812151,43.01707787,C662,_,00470,149
C662__00460.149,11.910717692262693,43.018730340000005,C662,_,00460,149
C662__00450.149,11.905329698864918,43.01810431,C662,_,00450,149
C662__00380.149,11.956940028811875,43.038240635,C662,_,00380,149
C662__00350.149,11.935624433126357,43.036144515000004,C662,_,00350,149
C662__00340.149,11.930467906019341,43.026552415,C662,_,00340,149
C662__00330.149,11.91902412890456,43.027624155,C662,_,00330,149
C662__00260.149,11.934617829029747,43.03943462,C662,_,00260,149
C662__00240.149,11.92321088445147,43.036811459999996,C662,_,00240,149
C662__00220.149,11.900556087452884,43.03457559,C662,_,00220,149
C662__00140.149,11.945666297954286,43.051314164999994,C662,_,00140,149
C662__00080.149,11.915779688887419,43.05843043,C662,_,00080,149
C662__00070.149,11.91283305105943,43.055151515,C662,_,00070,149
C662__00010.15,11.917435352448809,43.07086938,C662,_,00010,15
C662__00670.15,11.936737460941435,42.986388805000004,C662,_,00670,15
C662__00650.15,11.944476709039538,42.997024104999994,C662,_,00650,15
C662__00640.15,11.923231348466592,42.994792135,C662,_,00640,15
C662__00620.15,11.947359000262491,43.004775769999995,C662,_,00620,15
C662__00610.15,11.922415582309075,43.001806495,C662,_,00610,15
C662__00600.15,11.913222494177628,43.001241410000006,C662,_,00600,15
C662__00590.15,11.946921085824261,43.013936575,C662,_,00590,15
C662__00570.15,11.927497522281783,43.00898909,C662,_,00570,15
C662__00560.15,11.938386785875402,43.017039405000006,C662,_,00560,15
C662__00540.15,11.918214409287238,43.0146794,C662,_,00540,15
C662__00530.15,11.913585026897708,43.01528053,C662,_,00530,15
C662__00520.15,11.970820791662609,43.023990795,C662,_,00520,15
C662__00500.15,11.958415865276496,43.02667006,C662,_,00500,15
C662__00480.15,11.940968114179373,43.02809775,C662,_,00480,15
C662__00460.15,11.916294777199287,43.020854959999994,C662,_,00460,15
C662__00440.15,11.896646438623108,43.0176752,C662,_,00440,15
C662__00430.15,11.888131821231216,43.02420153,C662,_,00430,15
C662__00420.15,11.879946018936707,43.02440551,C662,_,00420,15
C662__00410.15,11.874953931611131,43.0208086,C662,_,00410,15
C662__00400.15,11.868453013273157,43.02725477,C662,_,00400,15
C662__00390.15,11.973284049332655,43.037551055,C662,_,00390,15
C662__00380.15,11.96030644809591,43.038594,C662,_,00380,15
C662__00370.15,11.952717166638894,43.03875046,C662,_,00370,15
C662__00360.15,11.939731657678884,43.037803735,C662,_,00360,15
C662__00340.15,11.92786288288084,43.028962660000005,C662,_,00340,15
C662__00320.15,11.90884061185556,43.033339565000006,C662,_,00320,15
C662__00310.15,11.894345024257465,43.029906555,C662,_,00310,15
C662__00290.15,11.87543396960929,43.033013455,C662,_,00290,15
C662__00280.15,11.956540718656989,43.042479560000004,C662,_,00280,15
C662__00270.15,11.947597983173328,43.04679859,C662,_,00270,15
C662__00260.15,11.936573547976085,43.044559500000005,C662,_,00260,15
C662__00250.15,11.927833337562005,43.040745485,C662,_,00250,15
C662__00230.15,11.916060649547937,43.043054925,C662,_,00230,15
C662__00220.15,11.906925266612827,43.044884550000006,C662,_,00220,15
C662__00210.15,11.889419678795885,43.03923049,C662,_,00210,15
C662__00200.15,11.88462472127421,43.043099245,C662,_,00200,15
C662__00190.15,11.881603103383295,43.038067995000006,C662,_,00190,15
C662__00180.15,11.897219775936826,43.047619299999994,C662,_,00180,15
C662__00170.15,11.978808186053033,43.056916720000004,C662,_,00170,15
C662__00140.15,11.935057333538001,43.05071753,C662,_,00140,15
C662__00130.15,11.931816669586013,43.046270615,C662,_,00130,15
C662__00110.15,11.910910565724913,43.04893476,C662,_,00110,15
C662__00100.15,11.90907220349509,43.05602111,C662,_,00100,15
C662__00090.15,11.933282776040858,43.057063299999996,C662,_,00090,15
C662__00080.15,11.92336508276172,43.056798990000004,C662,_,00080,15
C662__00060.15,11.895784582047654,43.06008886,C662,_,00060,15
C662__00050.15,11.929380916315951,43.069099859999994,C662,_,00050,15
C662__00040.15,11.925663089834572,43.068069640000004,C662,_,00040,15
C662__00030.15,11.91121761751965,43.064001065,C662,_,00030,15
C662__00020.15,11.909695745475243,43.064271725,C662,_,00020,15
C662__00020.150,11.910116578748507,43.063980445,C662,_,00020,150
C662__00680.150,11.941217305613769,42.97827496,C662,_,00680,150
C662__00660.150,11.954306236780546,42.99471871,C662,_,00660,150
C662__00610.150,11.922433359822799,42.999087875,C662,_,00610,150
C662__00590.150,11.959537857462696,43.009076305,C662,_,00590,150
C662__00570.150,11.928628091204088,43.006322565000005,C662,_,00570,150
C662__00520.150,11.958976769244298,43.01785442,C662,_,00520,150
C662__00510.150,11.957348953853458,43.02135036,C662,_,00510,150
C662__00490.150,11.946335069757861,43.016783415,C662,_,00490,150
C662__00460.150,11.911786364531144,43.020507465,C662,_,00460,150
C662__00450.150,11.905245427325426,43.01830094,C662,_,00450,150
C662__00430.150,11.891375598680408,43.020262239999994,C662,_,00430,150
C662__00380.150,11.955658222847147,43.029111119999996,C662,_,00380,150
C662__00370.150,11.94632175190905,43.031902985,C662,_,00370,150
C662__00350.150,11.93556441956181,43.02582588,C662,_,00350,150
C662__00340.150,11.922066260614544,43.02687409,C662,_,00340,150
C662__00330.150,11.918652679150657,43.027353164999994,C662,_,00330,150
C662__00310.150,11.899847537379738,43.023936719999995,C662,_,00310,150
C662__00290.150,11.869927968833798,43.028347175,C662,_,00290,150
C662__00260.150,11.934439686040449,43.039248279999995,C662,_,00260,150
C662__00220.150,11.904844748921573,43.042621725000004,C662,_,00220,150
C662__00140.150,11.947245229287024,43.05105822,C662,_,00140,150
C662__00080.150,11.916454498854318,43.05689694,C662,_,00080,150
C662__00070.150,11.910411865849518,43.063291965,C662,_,00070,150
C662__00020.151,11.910141215368924,43.06390655,C662,_,00020,151
C662__00650.151,11.935230469606417,42.99936392,C662,_,00650,151
C662__0063.151,11.954534020628163,43.0039722,C662,_,0063,151
C662__00620.151,11.954071651504158,43.001743655,C662,_,00620,151
C662__00610.151,11.923278060383657,42.997858815,C662,_,00610,151
C662__00590.151,11.960456120640288,43.009566995,C662,_,00590,151
C662__00570.151,11.929217088460561,43.006822355,C662,_,00570,151
C662__00560.151,11.94644510241163,43.013222745,C662,_,00560,151
C662__00530.151,11.911845538449718,43.01391063,C662,_,00530,151
C662__00510.151,11.960620016093175,43.02418102,C662,_,00510,151
C662__00500.151,11.954336488465264,43.01832606,C662,_,00500,151
C662__00490.151,11.946676900735927,43.016709465000005,C662,_,00490,151
C662__00470.151,11.920661516867694,43.017224354999996,C662,_,00470,151
C662__00460.151,11.910595527237534,43.017175795,C662,_,00460,151
C662__00450.151,11.9063344901829,43.01636693499999,C662,_,00450,151
C662__00430.151,11.890887825535394,43.0188388,C662,_,00430,151
C662__00380.151,11.95557436880473,43.0292982,C662,_,00380,151
C662__00370.151,11.954792807721404,43.033332915,C662,_,00370,151
C662__00330.151,11.918587983909596,43.027296275,C662,_,00330,151
C662__00290.151,11.875119403678344,43.02919988,C662,_,00290,151
C662__00260.151,11.934434578391073,43.03917366,C662,_,00260,151
C662__00240.151,11.92413990105619,43.03681459,C662,_,00240,151
C662__00220.151,11.906139166868936,43.044194739999995,C662,_,00220,151
C662__00140.151,11.945095297319448,43.051146285,C662,_,00140,151
C662__00070.152,11.913925962224004,43.054710915,C662,_,00070,152
C662__00680.152,11.942620459448248,42.978297069999996,C662,_,00680,152
C662__00650.152,11.935377340673913,42.99831672,C662,_,00650,152
C662__00620.152,11.95431089392449,43.001336205,C662,_,00620,152
C662__00610.152,11.9252928946567,42.998832050000004,C662,_,00610,152
C662__00590.152,11.96095377585251,43.009187175,C662,_,00590,152
C662__00570.152,11.929054270065619,43.006845139999996,C662,_,00570,152
C662__00530.152,11.911117966375125,43.014286595,C662,_,00530,152
C662__00510.152,11.959682787712875,43.022670489999996,C662,_,00510,152
C662__00500.152,11.954635913478025,43.018527094999996,C662,_,00500,152
C662__00490.152,11.946900714664785,43.01672085,C662,_,00490,152
C662__00480.152,11.938853557888557,43.022275315,C662,_,00480,152
C662__00460.152,11.91077096329577,43.01744532,C662,_,00460,152
C662__00450.152,11.90650540076511,43.016558605,C662,_,00450,152
C662__00380.152,11.959137974310257,43.02768093,C662,_,00380,152
C662__00360.152,11.943263783653261,43.031163045,C662,_,00360,152
C662__00350.152,11.933770190700585,43.02806016,C662,_,00350,152
C662__00340.152,11.927528603571563,43.02799996,C662,_,00340,152
C662__00330.152,11.91088835183534,43.02867374,C662,_,00330,152
C662__00290.152,11.875818646388181,43.029228515,C662,_,00290,152
C662__00260.152,11.933895622798278,43.03888642,C662,_,00260,152
C662__00220.152,11.901789579397644,43.043853645,C662,_,00220,152
C662__00140.152,11.946573708066023,43.050904335,C662,_,00140,152
C662__00080.152,11.91452290691304,43.05924093,C662,_,00080,152
C662__00070.153,11.915300301507372,43.0549934,C662,_,00070,153
C662__00680.153,11.9423061693277,42.978252985,C662,_,00680,153
C662__00660.153,11.954206655745292,42.994763815,C662,_,00660,153
C662__00650.153,11.934404215362814,42.998987830000004,C662,_,00650,153
C662__0063.153,11.954926129379714,43.003980665,C662,_,0063,153
C662__00620.153,11.953970891325719,43.001912950000005,C662,_,00620,153
C662__00610.153,11.925361844934177,42.99908248,C662,_,00610,153
C662__00590.153,11.961464692772719,43.009059275,C662,_,00590,153
C662__00580.153,11.93746962298258,43.00451056,C662,_,00580,153
C662__00570.153,11.929077094236355,43.006433885,C662,_,00570,153
C662__00560.153,11.94646853556327,43.013118410000004,C662,_,00560,153
C662__00530.153,11.912232083953896,43.01417975,C662,_,00530,153
C662__00520.153,11.961071967123884,43.021946225,C662,_,00520,153
C662__00510.153,11.95980378067042,43.022680390000005,C662,_,00510,153
C662__00500.153,11.955977158365293,43.01858797,C662,_,00500,153
C662__00490.153,11.946791820701474,43.016716015,C662,_,00490,153
C662__00480.153,11.938550291225347,43.021837614999995,C662,_,00480,153
C662__00470.153,11.918321210949095,43.017179784999996,C662,_,00470,153
C662__00460.153,11.911960950652329,43.01624493,C662,_,00460,153
C662__00450.153,11.906550037395023,43.016612355,C662,_,00450,153
C662__00430.153,11.890249715349901,43.023022925,C662,_,00430,153
C662__00370.153,11.955097471383624,43.032449555,C662,_,00370,153
C662__00360.153,11.94354525705235,43.031293125,C662,_,00360,153
C662__00350.153,11.933937307361134,43.028137075000004,C662,_,00350,153
C662__00340.153,11.92703746469978,43.029378185,C662,_,00340,153
C662__00330.153,11.910726832413108,43.028657460000005,C662,_,00330,153
C662__00310.153,11.899527858027863,43.02308457,C662,_,00310,153
C662__00290.153,11.881809164623803,43.02897909,C662,_,00290,153
C662__00260.153,11.933788634522472,43.03891199,C662,_,00260,153
C662__00240.153,11.922637738219958,43.035629189999995,C662,_,00240,153
C662__00140.153,11.94732536177623,43.05077082,C662,_,00140,153
C662__00020.154,11.900370642242567,43.06285383,C662,_,00020,154
C662__00650.154,11.934647744397374,42.998224915,C662,_,00650,154
C662__00640.154,11.927834665470268,42.996969590000006,C662,_,00640,154
C662__0063.154,11.955167102039095,43.004004315,C662,_,0063,154
C662__00610.154,11.922026116950608,42.99776266,C662,_,00610,154
C662__00590.154,11.96229201579504,43.009270725,C662,_,00590,154
C662__00570.154,11.929213236306683,43.00620389,C662,_,00570,154
C662__00530.154,11.909566394116059,43.014549235000004,C662,_,00530,154
C662__00520.154,11.961249923107031,43.02134145,C662,_,00520,154
C662__00500.154,11.956252299268883,43.018907925,C662,_,00500,154
C662__00490.154,11.946914866891007,43.01658001,C662,_,00490,154
C662__00480.154,11.939476871011792,43.02168961,C662,_,00480,154
C662__00470.154,11.921357215572593,43.01966375,C662,_,00470,154
C662__00460.154,11.910327987288664,43.016105155,C662,_,00460,154
C662__00450.154,11.906658265367902,43.017469815,C662,_,00450,154
C662__00430.154,11.890430160739523,43.022819569999996,C662,_,00430,154
C662__00380.154,11.962438205418998,43.033209395,C662,_,00380,154
C662__00360.154,11.935944145873444,43.02974844,C662,_,00360,154
C662__00340.154,11.928057649676743,43.02728708,C662,_,00340,154
C662__00330.154,11.91059596155225,43.0280884,C662,_,00330,154
C662__00260.154,11.93890199465218,43.04665728,C662,_,00260,154
C662__00140.154,11.946384668583459,43.05119775,C662,_,00140,154
C662__00110.154,11.914796270691966,43.04527483,C662,_,00110,154
C662__00070.155,11.913414409358415,43.058141500000005,C662,_,00070,155
C662__0063.155,11.955318734664221,43.004024720000004,C662,_,0063,155
C662__00590.155,11.949138891766953,43.010609810000005,C662,_,00590,155
C662__00570.155,11.928893607122607,43.00481107,C662,_,00570,155
C662__00560.155,11.946319197744513,43.012911270000004,C662,_,00560,155
C662__00530.155,11.909621903806087,43.01465294,C662,_,00530,155
C662__00510.155,11.959670499659255,43.022566425,C662,_,00510,155
C662__00500.155,11.956516011783506,43.019050115,C662,_,00500,155
C662__00490.155,11.947402891482561,43.01663653,C662,_,00490,155
C662__00480.155,11.941366220450973,43.022670605,C662,_,00480,155
C662__00460.155,11.908892580074552,43.0178962,C662,_,00460,155
C662__00450.155,11.906025066705972,43.016058695,C662,_,00450,155
C662__00380.155,11.962858697062849,43.03249117,C662,_,00380,155
C662__00350.155,11.93580952287655,43.036853275,C662,_,00350,155
C662__00340.155,11.92680398265043,43.030178379999995,C662,_,00340,155
C662__00330.155,11.91125656835559,43.028523975,C662,_,00330,155
C662__00260.155,11.93895134180862,43.04661716,C662,_,00260,155
C662__00240.155,11.923907755875248,43.03552628,C662,_,00240,155
C662__00140.155,11.94757803136305,43.050720805,C662,_,00140,155
C662__00110.155,11.913035071789356,43.047090845,C662,_,00110,155
C662__00020.156,11.900921058508592,43.062663795000006,C662,_,00020,156
C662__0063.156,11.955467963800226,43.004042264999995,C662,_,0063,156
C662__00580.156,11.950413345762499,43.005875645,C662,_,00580,156
C662__00570.156,11.925351395988034,43.006280475,C662,_,00570,156
C662__00560.156,11.946605618851285,43.012914699999996,C662,_,00560,156
C662__00530.156,11.909847937321853,43.01432864,C662,_,00530,156
C662__00510.156,11.959836302528693,43.02256628,C662,_,00510,156
C662__00500.156,11.95701577386298,43.01919877,C662,_,00500,156
C662__00490.156,11.947285693878111,43.016564525,C662,_,00490,156
C662__00480.156,11.94223761609529,43.022281975,C662,_,00480,156
C662__00470.156,11.929744842636868,43.019037185,C662,_,00470,156
C662__00460.156,11.914915058802844,43.016837280000004,C662,_,00460,156
C662__00450.156,11.905153543002289,43.018172695000004,C662,_,00450,156
C662__00380.156,11.962634491670745,43.032391790000005,C662,_,00380,156
C662__00350.156,11.936028523726083,43.037721235,C662,_,00350,156
C662__00340.156,11.932620883335446,43.02503749,C662,_,00340,156
C662__00330.156,11.910648881550337,43.02826959,C662,_,00330,156
C662__00260.156,11.936589648284304,43.045776995,C662,_,00260,156
C662__00140.156,11.947811693075154,43.05097189,C662,_,00140,156
C662__00110.156,11.915057468427495,43.045472860000004,C662,_,00110,156
C662__00070.156,11.913160204014481,43.05792686,C662,_,00070,156
C662__00020.157,11.901346680652255,43.06209289,C662,_,00020,157
C662__00680.157,11.945441941430847,42.982089599999995,C662,_,00680,157
C662__00650.157,11.937097132990964,42.99627404,C662,_,00650,157
C662__00640.157,11.926974697673591,42.99554746,C662,_,00640,157
C662__0063.157,11.95599182118923,43.004072685,C662,_,0063,157
C662__00580.157,11.950544514401543,43.005440095,C662,_,00580,157
C662__00570.157,11.925576112489537,43.00605924,C662,_,00570,157
C662__00530.157,11.910155339117487,43.014468205,C662,_,00530,157
C662__00520.157,11.966782696035768,43.02632862,C662,_,00520,157
C662__00510.157,11.959497455489501,43.02235065,C662,_,00510,157
C662__00500.157,11.957089905760895,43.01891293,C662,_,00500,157
C662__00490.157,11.947379145128597,43.01653732,C662,_,00490,157
C662__00470.157,11.928552239581496,43.018768215,C662,_,00470,157
C662__00460.157,11.907709080618595,43.01691346,C662,_,00460,157
C662__00450.157,11.90522549315439,43.01821831,C662,_,00450,157
C662__00430.157,11.890677185940932,43.022305605,C662,_,00430,157
C662__00380.157,11.95949922720201,43.037385130000004,C662,_,00380,157
C662__00360.157,11.937385699832273,43.029342505,C662,_,00360,157
C662__00350.157,11.928493074002965,43.034467645,C662,_,00350,157
C662__00340.157,11.933084957782134,43.024706385,C662,_,00340,157
C662__00330.157,11.909681246793218,43.02902077,C662,_,00330,157
C662__00310.157,11.899738679065644,43.02471093,C662,_,00310,157
C662__00260.157,11.936472323149603,43.04572974,C662,_,00260,157
C662__00240.157,11.924148782251766,43.035549915000004,C662,_,00240,157
C662__00140.157,11.947757385850963,43.050658905,C662,_,00140,157
C662__00110.157,11.917679138099288,43.053594270000005,C662,_,00110,157
C662__00080.157,11.914291161117259,43.060522415,C662,_,00080,157
C662__00020.158,11.908472553135784,43.063557509999995,C662,_,00020,158
C662__00650.158,11.936288470600534,42.996101335,C662,_,00650,158
C662__0062.158,11.954662287440552,43.000287334999996,C662,_,0062,158
C662__00590.158,11.950914890354923,43.010763545,C662,_,00590,158
C662__00570.158,11.929418042585075,43.00671966,C662,_,00570,158
C662__00530.158,11.90894536827945,43.01475278,C662,_,00530,158
C662__00520.158,11.967293524232915,43.026517125,C662,_,00520,158
C662__00510.158,11.959852114692637,43.022809405000004,C662,_,00510,158
C662__00500.158,11.949640202937601,43.01704029,C662,_,00500,158
C662__00490.158,11.947282726756736,43.016496675,C662,_,00490,158
C662__00480.158,11.94344842316044,43.022509825,C662,_,00480,158
C662__00470.158,11.929401431840109,43.020095084999994,C662,_,00470,158
C662__00450.158,11.903499434518055,43.019306625,C662,_,00450,158
C662__00430.158,11.888607298322139,43.024018760000004,C662,_,00430,158
C662__00380.158,11.959154918034237,43.03705138,C662,_,00380,158
C662__00370.158,11.945904308351356,43.031368584999996,C662,_,00370,158
C662__00350.158,11.929312605561275,43.035122435000005,C662,_,00350,158
C662__00340.158,11.932402951302059,43.02483367,C662,_,00340,158
C662__00330.158,11.909845295327084,43.02913858,C662,_,00330,158
C662__00260.158,11.935201644524703,43.045246925,C662,_,00260,158
C662__00240.158,11.919566087854001,43.029236975,C662,_,00240,158
C662__00140.158,11.94907836561666,43.05077457,C662,_,00140,158
C662__00080.158,11.914140560742137,43.06066817,C662,_,00080,158
C662__00070.159,11.913375371464914,43.057447775,C662,_,00070,159
C662__00650.159,11.937564595670107,42.99590546,C662,_,00650,159
C662__00640.159,11.924147016836466,42.99616931,C662,_,00640,159
C662__0063.159,11.954555493661875,43.003635585,C662,_,0063,159
C662__0062.159,11.954119067522093,43.000055445,C662,_,0062,159
C662__00610.159,11.935223226417476,42.997352445000004,C662,_,00610,159
C662__00570.159,11.929864362268189,43.006527545,C662,_,00570,159
C662__00530.159,11.909267878985972,43.01473324,C662,_,00530,159
C662__00520.159,11.967213127787673,43.026249945,C662,_,00520,159
C662__00510.159,11.959920845392222,43.022770550000004,C662,_,00510,159
C662__00490.159,11.94731082755085,43.016430665,C662,_,00490,159
C662__00480.159,11.937322232814978,43.021415475,C662,_,00480,159
C662__00470.159,11.926245211405524,43.020088275000006,C662,_,00470,159
C662__00450.159,11.901246132704674,43.017570895,C662,_,00450,159
C662__00430.159,11.888348530098753,43.024724925,C662,_,00430,159
C662__00370.159,11.944545150478595,43.031094755,C662,_,00370,159
C662__00350.159,11.928840365818022,43.035243495,C662,_,00350,159
C662__00330.159,11.91067086282364,43.029219955,C662,_,00330,159
C662__00320.159,11.905149270979567,43.03275902,C662,_,00320,159
C662__00310.159,11.89918175787244,43.02319348,C662,_,00310,159
C662__00290.159,11.872534359515159,43.02887862,C662,_,00290,159
C662__00260.159,11.93333735085141,43.044536595,C662,_,00260,159
C662__00240.159,11.918915056557095,43.029236975,C662,_,00240,159
C662__00140.159,11.935343622901588,43.053715495,C662,_,00140,159
C662__00080.159,11.913902247298534,43.06089762,C662,_,00080,159
C662__00010.16,11.917743314667849,43.0710215,C662,_,00010,16
C662__00670.16,11.937494731353452,42.98709183,C662,_,00670,16
C662__00640.16,11.92350221724283,42.994916755000006,C662,_,00640,16
C662__0063.16,11.953762273026708,43.00574217,C662,_,0063,16
C662__00610.16,11.926085024489389,43.001492645,C662,_,00610,16
C662__00600.16,11.916160132207342,43.00187878,C662,_,00600,16
C662__00580.16,11.945031418712269,43.01082875,C662,_,00580,16
C662__00570.16,11.928640102972764,43.009376675,C662,_,00570,16
C662__00560.16,11.938403449257603,43.0168567,C662,_,00560,16
C662__00540.16,11.91983557054991,43.014400365,C662,_,00540,16
C662__00520.16,11.963054361761357,43.023786685000005,C662,_,00520,16
C662__00500.16,11.95890708723918,43.026826115000006,C662,_,00500,16
C662__00480.16,11.94267244117431,43.02833285,C662,_,00480,16
C662__00470.16,11.929287278831499,43.021268215,C662,_,00470,16
C662__00460.16,11.916050405469125,43.021730025,C662,_,00460,16
C662__00450.16,11.898726441983218,43.01984736,C662,_,00450,16
C662__00440.16,11.897905005359245,43.017770334999994,C662,_,00440,16
C662__00420.16,11.880450727135228,43.02394667,C662,_,00420,16
C662__00410.16,11.874434836804383,43.019862215,C662,_,00410,16
C662__00400.16,11.870589720916335,43.026929935,C662,_,00400,16
C662__00390.16,11.971498386863033,43.0371191,C662,_,00390,16
C662__00380.16,11.96124995056226,43.03866772,C662,_,00380,16
C662__00370.16,11.953749259986878,43.03894724,C662,_,00370,16
C662__00360.16,11.93730428135035,43.036737585,C662,_,00360,16
C662__00350.16,11.936291111409115,43.037003635,C662,_,00350,16
C662__00330.16,11.915240214180056,43.02920839,C662,_,00330,16
C662__00320.16,11.89802798520667,43.030830465,C662,_,00320,16
C662__00310.16,11.894894260891402,43.029634055,C662,_,00310,16
C662__00290.16,11.867356050892061,43.032299105,C662,_,00290,16
C662__00280.16,11.957038095022167,43.042491135000006,C662,_,00280,16
C662__00270.16,11.948210134513179,43.046838914999995,C662,_,00270,16
C662__00260.16,11.938077353841312,43.046086775,C662,_,00260,16
C662__00240.16,11.923804135362671,43.03640287,C662,_,00240,16
C662__00220.16,11.905845725956873,43.043738315,C662,_,00220,16
C662__00210.16,11.889822078530667,43.039505785,C662,_,00210,16
C662__00200.16,11.881377952327977,43.042013085,C662,_,00200,16
C662__00190.16,11.88243514204113,43.0376768,C662,_,00190,16
C662__00170.16,11.97938168609167,43.0572771,C662,_,00170,16
C662__00160.16,11.96072053131013,43.04901287,C662,_,00160,16
C662__00140.16,11.938627422362941,43.051504305,C662,_,00140,16
C662__00130.16,11.924952758344098,43.046648059999995,C662,_,00130,16
C662__00120.16,11.92378991809655,43.05023152,C662,_,00120,16
C662__00110.16,11.911339164014842,43.049376775,C662,_,00110,16
C662__00100.16,11.898045250921523,43.05444884,C662,_,00100,16
C662__00090.16,11.935461597970182,43.057132339999995,C662,_,00090,16
C662__00070.16,11.911168824521887,43.06192362,C662,_,00070,16
C662__00050.16,11.929967345281643,43.06593068,C662,_,00050,16
C662__00040.16,11.926723068770961,43.065910560000006,C662,_,00040,16
C662__00020.16,11.909693839518797,43.064021605,C662,_,00020,16
C662__00070.160,11.913323624697021,43.05767992,C662,_,00070,160
C662__00650.160,11.937964421733378,42.996138959999996,C662,_,00650,160
C662__00640.160,11.923583819838377,42.99616931,C662,_,00640,160
C662__0062.160,11.95444891898866,43.000190669999995,C662,_,0062,160
C662__00580.160,11.951177714385611,43.004923435,C662,_,00580,160
C662__00570.160,11.928547049243843,43.006653115,C662,_,00570,160
C662__00560.160,11.929770966669498,43.01312147,C662,_,00560,160
C662__00530.160,11.909388618367187,43.014613425,C662,_,00530,160
C662__00520.160,11.96655746885601,43.0255854,C662,_,00520,160
C662__00510.160,11.95997421388335,43.022766165,C662,_,00510,160
C662__00500.160,11.95040433931932,43.017295225,C662,_,00500,160
C662__00490.160,11.947136168676192,43.016403695,C662,_,00490,160
C662__00480.160,11.93748541474233,43.02163496,C662,_,00480,160
C662__00460.160,11.908641531921377,43.01836274,C662,_,00460,160
C662__00430.160,11.890823625954315,43.021093934999996,C662,_,00430,160
C662__00360.160,11.938430547134802,43.029696245,C662,_,00360,160
C662__00330.160,11.910693689000787,43.02905714,C662,_,00330,160
C662__00310.160,11.899761861711006,43.02367027,C662,_,00310,160
C662__00260.160,11.930886115671505,43.043589965,C662,_,00260,160
C662__00240.160,11.91972461615793,43.029534819999995,C662,_,00240,160
C662__00140.160,11.936645695222238,43.052762040000005,C662,_,00140,160
C662__00020.161,11.908445533736643,43.06405391,C662,_,00020,161
C662__00660.161,11.954495086459096,42.994642905,C662,_,00660,161
C662__00640.161,11.924949744226662,42.995553775000005,C662,_,00640,161
C662__0063.161,11.954787693000114,43.003706210000004,C662,_,0063,161
C662__0062.161,11.953853830893932,43.00002789,C662,_,0062,161
C662__00610.161,11.93477430277747,42.99650821,C662,_,00610,161
C662__00590.161,11.954707470204315,43.010650805,C662,_,00590,161
C662__00580.161,11.946761957979488,43.010548369999995,C662,_,00580,161
C662__00570.161,11.928239081051501,43.0076591,C662,_,00570,161
C662__00530.161,11.90941270727892,43.014724545,C662,_,00530,161
C662__00520.161,11.967007382435114,43.025568160000006,C662,_,00520,161
C662__00510.161,11.960106413058629,43.022625024999996,C662,_,00510,161
C662__00490.161,11.94726921234953,43.016384145,C662,_,00490,161
C662__00480.161,11.940711586849119,43.021173555000004,C662,_,00480,161
C662__00470.161,11.91991257574092,43.01832398,C662,_,00470,161
C662__00450.161,11.90554826640564,43.02304043,C662,_,00450,161
C662__00430.161,11.890817160985089,43.02137939,C662,_,00430,161
C662__00330.161,11.910617943692786,43.028488365,C662,_,00330,161
C662__00320.161,11.903124091168554,43.032501055,C662,_,00320,161
C662__00260.161,11.936120090237818,43.04553221,C662,_,00260,161
C662__00240.161,11.920305883942302,43.027726200000004,C662,_,00240,161
C662__00140.161,11.939843521598068,43.052317425,C662,_,00140,161
C662__00070.161,11.915928514269376,43.056595395,C662,_,00070,161
C662__00020.162,11.908149727267597,43.064156745,C662,_,00020,162
C662__00640.162,11.92427845052983,42.995412529999996,C662,_,00640,162
C662__0062.162,11.954259272205249,42.999503915000005,C662,_,0062,162
C662__00610.162,11.933695341476852,42.99680576,C662,_,00610,162
C662__00590.162,11.95579126782128,43.010701425,C662,_,00590,162
C662__00570.162,11.928335025067229,43.00659192,C662,_,00570,162
C662__00560.162,11.931418179276658,43.013042385000006,C662,_,00560,162
C662__00530.162,11.90716090091844,43.013501495,C662,_,00530,162
C662__00520.162,11.966280100146836,43.02465614,C662,_,00520,162
C662__00510.162,11.960199082399145,43.02269082,C662,_,00510,162
C662__00500.162,11.953094478753044,43.017653515,C662,_,00500,162
C662__00490.162,11.947241087101364,43.01633391,C662,_,00490,162
C662__00480.162,11.941284946422748,43.021064885,C662,_,00480,162
C662__00430.162,11.89078208883473,43.021559325,C662,_,00430,162
C662__00350.162,11.929366300130763,43.034930470000006,C662,_,00350,162
C662__00340.162,11.922087855951354,43.026642435,C662,_,00340,162
C662__00330.162,11.910552330331893,43.02809439,C662,_,00330,162
C662__00320.162,11.903151298329806,43.03320556,C662,_,00320,162
C662__00260.162,11.935298666365924,43.045218285000004,C662,_,00260,162
C662__00240.162,11.920054397393791,43.02721927,C662,_,00240,162
C662__00140.162,11.938042288186415,43.052895809999995,C662,_,00140,162
C662__00080.162,11.915718832893862,43.05778903,C662,_,00080,162
C662__00070.162,11.915550244583887,43.056797169999996,C662,_,00070,162
C662__00020.163,11.904147302109116,43.066832700000006,C662,_,00020,163
C662__00640.163,11.923082047498092,42.99355435,C662,_,00640,163
C662__0062.163,11.95457082113998,43.0002662,C662,_,0062,163
C662__00610.163,11.93019103100307,43.00172069,C662,_,00610,163
C662__00590.163,11.948934957678244,43.010148810000004,C662,_,00590,163
C662__00580.163,11.94747481947805,43.011334254999994,C662,_,00580,163
C662__00560.163,11.930262141333234,43.01231625,C662,_,00560,163
C662__00510.163,11.960281565290227,43.02269473,C662,_,00510,163
C662__00500.163,11.953088656584072,43.01793571,C662,_,00500,163
C662__00490.163,11.947221738090665,43.016289005000004,C662,_,00490,163
C662__00480.163,11.94289416180763,43.021861245,C662,_,00480,163
C662__00470.163,11.925530649051836,43.02057911,C662,_,00470,163
C662__00460.163,11.908773847832943,43.01629622,C662,_,00460,163
C662__00370.163,11.956026920104755,43.03415728,C662,_,00370,163
C662__00360.163,11.938728410008146,43.02960974,C662,_,00360,163
C662__00350.163,11.93105071161141,43.028744395000004,C662,_,00350,163
C662__00330.163,11.910190756575798,43.029760385,C662,_,00330,163
C662__00320.163,11.904368121575958,43.032616184999995,C662,_,00320,163
C662__00310.163,11.895661997678353,43.028723709999994,C662,_,00310,163
C662__00260.163,11.9335082017768,43.044536595,C662,_,00260,163
C662__00140.163,11.93791330170637,43.053239145,C662,_,00140,163
C662__00070.163,11.91487038405292,43.058057700000006,C662,_,00070,163
C662__00070.164,11.914882854144304,43.05800251,C662,_,00070,164
C662__00650.164,11.945105406811145,42.99579178,C662,_,00650,164
C662__00640.164,11.922836141716918,42.99355401,C662,_,00640,164
C662__00610.164,11.921746998049866,43.002100895,C662,_,00610,164
C662__00590.164,11.949310285456125,43.009998010000004,C662,_,00590,164
C662__00580.164,11.93649260902798,43.00447099,C662,_,00580,164
C662__00560.164,11.931614286782864,43.012626175,C662,_,00560,164
C662__00520.164,11.965322376636475,43.016371205,C662,_,00520,164
C662__00510.164,11.960333090501214,43.022571709999994,C662,_,00510,164
C662__00500.164,11.953582454735383,43.018007804999996,C662,_,00500,164
C662__00490.164,11.947703216665532,43.016704520000005,C662,_,00490,164
C662__00470.164,11.93569093424308,43.020046045,C662,_,00470,164
C662__00460.164,11.90882495475364,43.01629622,C662,_,00460,164
C662__00370.164,11.956555620690652,43.0342821,C662,_,00370,164
C662__00360.164,11.938890083665097,43.029706105,C662,_,00360,164
C662__00350.164,11.93546587987224,43.034018145000005,C662,_,00350,164
C662__00340.164,11.928244411366348,43.028163655,C662,_,00340,164
C662__00330.164,11.910436533590627,43.029093114999995,C662,_,00330,164
C662__00320.164,11.904373334797423,43.03313014,C662,_,00320,164
C662__00310.164,11.893870694424907,43.02312691,C662,_,00310,164
C662__00290.164,11.872061780872762,43.02793713,C662,_,00290,164
C662__00260.164,11.931511293694491,43.043763195,C662,_,00260,164
C662__00240.164,11.92335079653693,43.032387459999995,C662,_,00240,164
C662__00140.164,11.948151148568236,43.050938275,C662,_,00140,164
C662__00080.165,11.91563138275157,43.05793031,C662,_,00080,165
C662__00650.165,11.945263091756463,42.996110645,C662,_,00650,165
C662__00640.165,11.924789177717052,42.994474455,C662,_,00640,165
C662__0063.165,11.95504004581389,43.0037125,C662,_,0063,165
C662__0062.165,11.954762333106594,43.000302395000006,C662,_,0062,165
C662__00610.165,11.921707204701754,43.003555305000006,C662,_,00610,165
C662__00590.165,11.949670517279959,43.00978053,C662,_,00590,165
C662__00560.165,11.931898280024015,43.012660194999995,C662,_,00560,165
C662__00520.165,11.965861014337094,43.02326022,C662,_,00520,165
C662__00500.165,11.953578823512451,43.017746765,C662,_,00500,165
C662__00490.165,11.947616674117647,43.016610055,C662,_,00490,165
C662__00480.165,11.944622246619488,43.02195137,C662,_,00480,165
C662__00470.165,11.920870760789485,43.015728300000006,C662,_,00470,165
C662__00460.165,11.916933837570486,43.01767051,C662,_,00460,165
C662__00430.165,11.891444929692,43.02155572,C662,_,00430,165
C662__00350.165,11.935304161271281,43.033453144999996,C662,_,00350,165
C662__00340.165,11.928579985413188,43.02844034,C662,_,00340,165
C662__00330.165,11.90940532012643,43.028489825,C662,_,00330,165
C662__00320.165,11.905668190817353,43.033210804999996,C662,_,00320,165
C662__00310.165,11.893582367448477,43.02324605,C662,_,00310,165
C662__00290.165,11.881045751231921,43.028933235,C662,_,00290,165
C662__00260.165,11.93028442606978,43.043286385,C662,_,00260,165
C662__00240.165,11.923297667519808,43.032475684999994,C662,_,00240,165
C662__00140.165,11.948548057655819,43.050851365,C662,_,00140,165
C662__00070.166,11.912492184443828,43.057944945,C662,_,00070,166
C662__00650.166,11.945048242815595,42.995834095,C662,_,00650,166
C662__00640.166,11.92402230025118,42.99441711,C662,_,00640,166
C662__0063.166,11.955208136290574,43.003764329999996,C662,_,0063,166
C662__00620.166,11.953063337567215,43.002885195000005,C662,_,00620,166
C662__00610.166,11.921795587034506,43.003613924999996,C662,_,00610,166
C662__00560.166,11.931891704596543,43.013040794999995,C662,_,00560,166
C662__00500.166,11.953525834666642,43.01750982,C662,_,00500,166
C662__00490.166,11.947899455022629,43.016559279999996,C662,_,00490,166
C662__00480.166,11.944965252853594,43.022058375,C662,_,00480,166
C662__00470.166,11.924871604773514,43.021279235,C662,_,00470,166
C662__00460.166,11.912426060754676,43.01753719,C662,_,00460,166
C662__00450.166,11.904891002211503,43.020316195,C662,_,00450,166
C662__00430.166,11.89108468878111,43.021559245,C662,_,00430,166
C662__00350.166,11.935085910283444,43.034509965,C662,_,00350,166
C662__00340.166,11.928653177788359,43.02835611,C662,_,00340,166
C662__00330.166,11.909930052439643,43.028634275,C662,_,00330,166
C662__00320.166,11.90533936070263,43.033217565,C662,_,00320,166
C662__00310.166,11.894600377230667,43.023291494999995,C662,_,00310,166
C662__00260.166,11.92919347793497,43.043132244999995,C662,_,00260,166
C662__00140.166,11.943315088838903,43.051450975,C662,_,00140,166
C662__00080.166,11.91465958485663,43.05988294,C662,_,00080,166
C662__00080.167,11.923020043746021,43.05479426,C662,_,00080,167
C662__00650.167,11.945211778387744,42.996115755,C662,_,00650,167
C662__00640.167,11.924824747797,42.99501721,C662,_,00640,167
C662__0063.167,11.955412678712348,43.003727624999996,C662,_,0063,167
C662__0062.167,11.954641312993788,42.999546800000005,C662,_,0062,167
C662__00610.167,11.928647028309712,43.001674285,C662,_,00610,167
C662__00560.167,11.932271454109502,43.012446565000005,C662,_,00560,167
C662__00530.167,11.906950923387523,43.01307198,C662,_,00530,167
C662__00520.167,11.96639713689179,43.023526495,C662,_,00520,167
C662__00500.167,11.953861059868196,43.017000015,C662,_,00500,167
C662__00490.167,11.947578057907556,43.01654073,C662,_,00490,167
C662__00480.167,11.945396877347292,43.022133374999996,C662,_,00480,167
C662__00470.167,11.926549397756489,43.022111734999996,C662,_,00470,167
C662__00460.167,11.914943031146592,43.017729020000004,C662,_,00460,167
C662__00430.167,11.891127945899466,43.02155871,C662,_,00430,167
C662__00370.167,11.955854363832628,43.033775075,C662,_,00370,167
C662__00360.167,11.939393519211334,43.029839730000006,C662,_,00360,167
C662__00340.167,11.928664070979636,43.02827227,C662,_,00340,167
C662__00330.167,11.910859946170627,43.0242913,C662,_,00330,167
C662__00320.167,11.905031054218806,43.033036075,C662,_,00320,167
C662__00310.167,11.894264079398575,43.02240617,C662,_,00310,167
C662__00290.167,11.87904930067792,43.028914075,C662,_,00290,167
C662__00260.167,11.940279735902187,43.04709885,C662,_,00260,167
C662__00140.167,11.946980503814952,43.050832445,C662,_,00140,167
C662__00080.168,11.920026906180766,43.054407815000005,C662,_,00080,168
C662__00660.168,11.953887740570863,42.989923430000005,C662,_,00660,168
C662__00640.168,11.92456727054517,42.99503557,C662,_,00640,168
C662__0063.168,11.955653279748155,43.0037886,C662,_,0063,168
C662__00620.168,11.935156896063898,43.002321775,C662,_,00620,168
C662__00580.168,11.950364123476415,43.004604404999995,C662,_,00580,168
C662__00560.168,11.933086370526567,43.013401165000005,C662,_,00560,168
C662__00530.168,11.90721014094721,43.01307284,C662,_,00530,168
C662__00520.168,11.966304008774351,43.023223615,C662,_,00520,168
C662__00510.168,11.959375583130383,43.022542715,C662,_,00510,168
C662__00500.168,11.954275921756539,43.017547179999994,C662,_,00500,168
C662__00490.168,11.947723978409421,43.016560659999996,C662,_,00490,168
C662__00470.168,11.920877240081182,43.016567705,C662,_,00470,168
C662__00430.168,11.890846765990172,43.020841795,C662,_,00430,168
C662__00370.168,11.956096699050649,43.03396744,C662,_,00370,168
C662__00350.168,11.930123366853564,43.028928215,C662,_,00350,168
C662__00330.168,11.911211568197636,43.02481573,C662,_,00330,168
C662__00320.168,11.905411768746747,43.03302837,C662,_,00320,168
C662__00140.168,11.945801553266374,43.05103298,C662,_,00140,168
C662__00110.168,11.912643405290627,43.048325055,C662,_,00110,168
C662__00080.169,11.919960454474479,43.055640495,C662,_,00080,169
C662__00680.169,11.945009370077637,42.9839919,C662,_,00680,169
C662__00660.169,11.954633617396533,42.995892735,C662,_,00660,169
C662__00650.169,11.942848404720015,42.996409035,C662,_,00650,169
C662__00640.169,11.923916441360031,42.99438339,C662,_,00640,169
C662__00580.169,11.947687017495632,43.010454984999996,C662,_,00580,169
C662__00560.169,11.932997312743971,43.01261509,C662,_,00560,169
C662__00530.169,11.910555727761807,43.014836669999994,C662,_,00530,169
C662__00520.169,11.965296487690008,43.020688725,C662,_,00520,169
C662__00510.169,11.960165393012158,43.02360703,C662,_,00510,169
C662__00500.169,11.955428391956431,43.01788114,C662,_,00500,169
C662__00490.169,11.94784671697025,43.01646531,C662,_,00490,169
C662__00470.169,11.931369960763387,43.01745869,C662,_,00470,169
C662__00460.169,11.910423864923331,43.02278674,C662,_,00460,169
C662__00430.169,11.89082712973541,43.020973525,C662,_,00430,169
C662__00360.169,11.939035564064113,43.02946368,C662,_,00360,169
C662__00350.169,11.930204158486998,43.028796305,C662,_,00350,169
C662__00340.169,11.928699522267406,43.03001504,C662,_,00340,169
C662__00330.169,11.911159498463626,43.024252375,C662,_,00330,169
C662__00320.169,11.900668403936894,43.023362765,C662,_,00320,169
C662__00310.169,11.89455028878023,43.022647125,C662,_,00310,169
C662__00290.169,11.870276220836974,43.02821228,C662,_,00290,169
C662__00260.169,11.940970584742008,43.040190735,C662,_,00260,169
C662__00140.169,11.936286098741464,43.052452814999995,C662,_,00140,169
C662__00110.169,11.91257936285038,43.04895582,C662,_,00110,169
C662__00010.17,11.918490500411592,43.071360315,C662,_,00010,17
C662__00670.17,11.937891890334013,42.987025225,C662,_,00670,17
C662__00660.17,11.949972141868578,42.995543330000004,C662,_,00660,17
C662__00650.17,11.94562560168165,42.99738753,C662,_,00650,17
C662__00640.17,11.923677210073517,42.994760215,C662,_,00640,17
C662__0063.17,11.953837929998036,43.0057247,C662,_,0063,17
C662__00610.17,11.925805240830154,43.00092375,C662,_,00610,17
C662__00600.17,11.917192682645702,43.00107809,C662,_,00600,17
C662__00590.17,11.948553295758778,43.014295905,C662,_,00590,17
C662__00580.17,11.94579755965691,43.009981355,C662,_,00580,17
C662__00550.17,11.92222132139797,43.01317202,C662,_,00550,17
C662__00540.17,11.92133356882172,43.014339225,C662,_,00540,17
C662__00520.17,11.962951132757212,43.023485525,C662,_,00520,17
C662__00480.17,11.943392409419047,43.02836094,C662,_,00480,17
C662__00470.17,11.92838724702817,43.022326235,C662,_,00470,17
C662__00460.17,11.91837082150969,43.02075747,C662,_,00460,17
C662__00450.17,11.899491973416005,43.019840955,C662,_,00450,17
C662__00440.17,11.894216338287475,43.01688447,C662,_,00440,17
C662__00430.17,11.886646894516414,43.02351129,C662,_,00430,17
C662__00420.17,11.881753363997339,43.02459607,C662,_,00420,17
C662__00410.17,11.874407740829126,43.0227296,C662,_,00410,17
C662__00400.17,11.864166112949619,43.02709549,C662,_,00400,17
C662__00390.17,11.963021000079216,43.03682107,C662,_,00390,17
C662__00370.17,11.95454372085485,43.039508330000004,C662,_,00370,17
C662__00350.17,11.929489128347182,43.034545855000005,C662,_,00350,17
C662__00330.17,11.915640515709836,43.029224025000005,C662,_,00330,17
C662__00320.17,11.897877740575321,43.02974126,C662,_,00320,17
C662__00310.17,11.89496670078791,43.029183585,C662,_,00310,17
C662__00290.17,11.868155323856008,43.03234365,C662,_,00290,17
C662__00280.17,11.959135207778132,43.042840905000006,C662,_,00280,17
C662__00270.17,11.948863182289443,43.04656456,C662,_,00270,17
C662__00250.17,11.928678693009427,43.04039984,C662,_,00250,17
C662__00240.17,11.924743130014425,43.035845065000004,C662,_,00240,17
C662__00230.17,11.914645883469195,43.042494325,C662,_,00230,17
C662__00210.17,11.890512896801681,43.039641,C662,_,00210,17
C662__00200.17,11.882682219660502,43.04245569,C662,_,00200,17
C662__00190.17,11.882707532908904,43.037108535,C662,_,00190,17
C662__00170.17,11.978258310732269,43.056297875,C662,_,00170,17
C662__00140.17,11.94236208726177,43.052319095,C662,_,00140,17
C662__00130.17,11.928926836657695,43.046179665,C662,_,00130,17
C662__00110.17,11.911939827824419,43.04843452,C662,_,00110,17
C662__00100.17,11.895445916652886,43.05611376,C662,_,00100,17
C662__00090.17,11.935198752032132,43.05868173499999,C662,_,00090,17
C662__00080.17,11.920359629820341,43.05390407,C662,_,00080,17
C662__00070.17,11.911136261830315,43.062035085000005,C662,_,00070,17
C662__00060.17,11.89943441087972,43.059582680000005,C662,_,00060,17
C662__00040.17,11.92610393751829,43.06284853,C662,_,00040,17
C662__00030.17,11.913647604907322,43.06276163,C662,_,00030,17
C662__00020.17,11.910039025683254,43.064076279999995,C662,_,00020,17
C662__00020.170,11.902069608541108,43.065246165,C662,_,00020,170
C662__00650.170,11.938385429533803,42.997143795,C662,_,00650,170
C662__00640.170,11.923012468624705,42.993731690000004,C662,_,00640,170
C662__0062.170,11.95495182361054,42.999656855,C662,_,0062,170
C662__00610.170,11.929643967063312,43.00204314,C662,_,00610,170
C662__00530.170,11.911537101166658,43.014548475,C662,_,00530,170
C662__00520.170,11.966093738657277,43.022529219999996,C662,_,00520,170
C662__00510.170,11.960040287277785,43.02321175,C662,_,00510,170
C662__00500.170,11.956135218352141,43.018357525,C662,_,00500,170
C662__00490.170,11.947554914273045,43.016426589999995,C662,_,00490,170
C662__00480.170,11.935909697494692,43.02102617,C662,_,00480,170
C662__00470.170,11.921247359149135,43.01529465,C662,_,00470,170
C662__00460.170,11.910264657140225,43.023019555000005,C662,_,00460,170
C662__00430.170,11.890821947624655,43.02124576,C662,_,00430,170
C662__00360.170,11.939911436588957,43.02980367,C662,_,00360,170
C662__00350.170,11.93020003003751,43.0285466,C662,_,00350,170
C662__00340.170,11.928412596486828,43.030347875000004,C662,_,00340,170
C662__00320.170,11.90062502163795,43.023673224999996,C662,_,00320,170
C662__00310.170,11.894830382322201,43.022473265,C662,_,00310,170
C662__00290.170,11.867111786418228,43.02902053,C662,_,00290,170
C662__00140.170,11.937104945131393,43.053012735,C662,_,00140,170
C662__00110.170,11.912649651807026,43.048131565,C662,_,00110,170
C662__00080.170,11.919791254334836,43.054940965,C662,_,00080,170
C662__00080.171,11.919437821812913,43.055770275,C662,_,00080,171
C662__00660.171,11.955402748205849,42.99603715000001,C662,_,00660,171
C662__00640.171,11.924585679700673,42.996040765000004,C662,_,00640,171
C662__0063.171,11.956511584992711,43.004135860000005,C662,_,0063,171
C662__0062.171,11.95471918463559,42.999988224999996,C662,_,0062,171
C662__00610.171,11.929031749278773,43.00190304,C662,_,00610,171
C662__00590.171,11.952571227494293,43.01002579,C662,_,00590,171
C662__00580.171,11.947771348139415,43.010161855,C662,_,00580,171
C662__00560.171,11.934069559780845,43.012261800000005,C662,_,00560,171
C662__00530.171,11.911491114668763,43.01461816,C662,_,00530,171
C662__00520.171,11.965914532383653,43.021944745,C662,_,00520,171
C662__00510.171,11.960826041662482,43.023156875,C662,_,00510,171
C662__00490.171,11.947709922086531,43.016442229999996,C662,_,00490,171
C662__00480.171,11.93689564005011,43.021207515,C662,_,00480,171
C662__00470.171,11.918812270850754,43.016277185,C662,_,00470,171
C662__00460.171,11.910534017158382,43.022688545,C662,_,00460,171
C662__00430.171,11.890782576801396,43.021530535,C662,_,00430,171
C662__00370.171,11.953636527310277,43.03784994,C662,_,00370,171
C662__00360.171,11.94064508475137,43.02965503,C662,_,00360,171
C662__00350.171,11.929833744809402,43.029381959999995,C662,_,00350,171
C662__00340.171,11.92859271667342,43.03018226499999,C662,_,00340,171
C662__00330.171,11.91071848714641,43.02428989,C662,_,00330,171
C662__00320.171,11.901272350040994,43.023284045,C662,_,00320,171
C662__00310.171,11.895104724343938,43.022291929999994,C662,_,00310,171
C662__00290.171,11.87033936970062,43.0285504,C662,_,00290,171
C662__00260.171,11.938594396145124,43.047942195000005,C662,_,00260,171
C662__00240.171,11.923328642468238,43.03096696,C662,_,00240,171
C662__00140.171,11.935699002785155,43.05188634,C662,_,00140,171
C662__00020.172,11.901191183359856,43.06314916,C662,_,00020,172
C662__00660.172,11.955443064263154,42.996101025,C662,_,00660,172
C662__00650.172,11.937290633688251,42.995534129999996,C662,_,00650,172
C662__00640.172,11.92405018862304,42.99571096,C662,_,00640,172
C662__0063.172,11.956516914734998,43.004013310000005,C662,_,0063,172
C662__0062.172,11.95441298456303,42.99986819,C662,_,0062,172
C662__00610.172,11.929764488276739,43.00156713,C662,_,00610,172
C662__00580.172,11.94804613231775,43.0105107,C662,_,00580,172
C662__00560.172,11.933870316784354,43.013603634999996,C662,_,00560,172
C662__00530.172,11.911688065947509,43.01492431,C662,_,00530,172
C662__00520.172,11.965823023168273,43.02144533,C662,_,00520,172
C662__00510.172,11.960469414192973,43.022891735,C662,_,00510,172
C662__00490.172,11.947800245263252,43.016388945,C662,_,00490,172
C662__00480.172,11.93823065884494,43.02062934,C662,_,00480,172
C662__00470.172,11.921352925960038,43.01567613,C662,_,00470,172
C662__00460.172,11.910696779877036,43.022791155,C662,_,00460,172
C662__00450.172,11.907927539230995,43.015576034999995,C662,_,00450,172
C662__00430.172,11.891085886470588,43.02148964,C662,_,00430,172
C662__00360.172,11.941107791355149,43.029810325,C662,_,00360,172
C662__00340.172,11.929930721844318,43.0268723,C662,_,00340,172
C662__00320.172,11.901430467743275,43.023596425,C662,_,00320,172
C662__00310.172,11.895426497881227,43.02213231,C662,_,00310,172
C662__00260.172,11.937642431544928,43.0476726,C662,_,00260,172
C662__00240.172,11.922356683323535,43.030918765,C662,_,00240,172
C662__00140.172,11.939126968099298,43.052265829999996,C662,_,00140,172
C662__00110.172,11.912899771404614,43.048131565,C662,_,00110,172
C662__00080.172,11.919224281843123,43.056152505,C662,_,00080,172
C662__00020.173,11.90046725093062,43.063976515,C662,_,00020,173
C662__00660.173,11.955485826628475,42.996172225,C662,_,00660,173
C662__00580.173,11.947985096514374,43.01062068,C662,_,00580,173
C662__00520.173,11.965796969581557,43.02118131,C662,_,00520,173
C662__00500.173,11.95629709410134,43.01767902,C662,_,00500,173
C662__00490.173,11.947771137054575,43.016346155,C662,_,00490,173
C662__00480.173,11.939071156944559,43.020344754999996,C662,_,00480,173
C662__00470.173,11.922882384478356,43.01916294,C662,_,00470,173
C662__00460.173,11.910590110385023,43.022882609999996,C662,_,00460,173
C662__00450.173,11.907302839927645,43.022619755,C662,_,00450,173
C662__00370.173,11.957099821070653,43.03596915,C662,_,00370,173
C662__00360.173,11.94123482795668,43.03020091,C662,_,00360,173
C662__00350.173,11.937506530973419,43.034640190000005,C662,_,00350,173
C662__00340.173,11.930139602013494,43.026914430000005,C662,_,00340,173
C662__00320.173,11.90140204045837,43.02662265,C662,_,00320,173
C662__00310.173,11.893779894432825,43.024057385000006,C662,_,00310,173
C662__00260.173,11.936454687208187,43.04733212,C662,_,00260,173
C662__00240.173,11.922878807951797,43.030865505,C662,_,00240,173
C662__00140.173,11.937375158116602,43.05289411,C662,_,00140,173
C662__00020.174,11.900274307747305,43.06387475,C662,_,00020,174
C662__0063.174,11.957406060803658,43.003922695,C662,_,0063,174
C662__00620.174,11.934899877840731,43.000408905,C662,_,00620,174
C662__00610.174,11.932223432019931,43.001889135,C662,_,00610,174
C662__00590.174,11.949225660271455,43.00953265,C662,_,00590,174
C662__00580.174,11.948240072787573,43.010756995,C662,_,00580,174
C662__00560.174,11.934885176622885,43.01250838,C662,_,00560,174
C662__00530.174,11.912317695454798,43.014749635,C662,_,00530,174
C662__00520.174,11.965697968900304,43.020138110000005,C662,_,00520,174
C662__00510.174,11.962854324728326,43.026810785,C662,_,00510,174
C662__00500.174,11.956657771251196,43.017629535,C662,_,00500,174
C662__00490.174,11.947455807228529,43.016367815,C662,_,00490,174
C662__00480.174,11.939958973660943,43.020636859999996,C662,_,00480,174
C662__00460.174,11.910752409681049,43.02286917,C662,_,00460,174
C662__00450.174,11.908230782167738,43.023213600000005,C662,_,00450,174
C662__00370.174,11.956468236291995,43.034705360000004,C662,_,00370,174
C662__00360.174,11.942463750171543,43.030209060000004,C662,_,00360,174
C662__00320.174,11.9011526402161,43.026407684999995,C662,_,00320,174
C662__00310.174,11.89993334174624,43.024482585,C662,_,00310,174
C662__00260.174,11.934273508849767,43.04672998,C662,_,00260,174
C662__00240.174,11.922615692340173,43.031807615000005,C662,_,00240,174
C662__00140.174,11.937296749998602,43.05318316,C662,_,00140,174
C662__00110.174,11.91265437672258,43.048770905,C662,_,00110,174
C662__00080.174,11.919100574049871,43.056371415,C662,_,00080,174
C662__00140.175,11.943691362372519,43.051634645,C662,_,00140,175
C662__00650.175,11.936217990565611,42.993794855000004,C662,_,00650,175
C662__00640.175,11.934265953815002,42.99426758,C662,_,00640,175
C662__0063.175,11.956582402094135,43.00393264,C662,_,0063,175
C662__00610.175,11.932671647977536,43.003063275,C662,_,00610,175
C662__00580.175,11.947030977647618,43.00999473500001,C662,_,00580,175
C662__00560.175,11.93520060954257,43.012866685000006,C662,_,00560,175
C662__00530.175,11.912303557978575,43.014713505,C662,_,00530,175
C662__00520.175,11.965618211446362,43.0193283,C662,_,00520,175
C662__00510.175,11.96299808568424,43.02688134,C662,_,00510,175
C662__00500.175,11.957403907093767,43.01771292,C662,_,00500,175
C662__00490.175,11.947701505113578,43.01627393,C662,_,00490,175
C662__00480.175,11.940500028921878,43.02074021,C662,_,00480,175
C662__00470.175,11.9223106839001,43.019121475000006,C662,_,00470,175
C662__00460.175,11.910774164375667,43.022877345,C662,_,00460,175
C662__00450.175,11.907777906133276,43.022125869999996,C662,_,00450,175
C662__00430.175,11.89042259792546,43.020787325,C662,_,00430,175
C662__00360.175,11.943495683882322,43.03015225,C662,_,00360,175
C662__00350.175,11.935078875116329,43.026959915000006,C662,_,00350,175
C662__00340.175,11.927648412403347,43.029759965,C662,_,00340,175
C662__00320.175,11.901486528726938,43.024394485,C662,_,00320,175
C662__00310.175,11.895094199511664,43.026574765,C662,_,00310,175
C662__00260.175,11.931911600947318,43.046097465,C662,_,00260,175
C662__00240.175,11.923114500210355,43.031454095,C662,_,00240,175
C662__00020.176,11.901722556203431,43.06465206,C662,_,00020,176
C662__00680.176,11.950667127107483,42.979566205,C662,_,00680,176
C662__00660.176,11.953176461306231,42.988089325000004,C662,_,00660,176
C662__00650.176,11.93541815912183,42.994456225,C662,_,00650,176
C662__00620.176,11.946294431281494,42.99839593,C662,_,00620,176
C662__00590.176,11.950672565069892,43.009441025,C662,_,00590,176
C662__00560.176,11.936797482146861,43.012208439999995,C662,_,00560,176
C662__00520.176,11.965501264624606,43.018134375,C662,_,00520,176
C662__00510.176,11.95961021370815,43.027410355,C662,_,00510,176
C662__00500.176,11.949913263308485,43.016680050000005,C662,_,00500,176
C662__00490.176,11.947445354962632,43.016249599999995,C662,_,00490,176
C662__00480.176,11.940573253228653,43.02080376000001,C662,_,00480,176
C662__00470.176,11.922595495970906,43.017478725000004,C662,_,00470,176
C662__00460.176,11.910954600993868,43.022865755,C662,_,00460,176
C662__00450.176,11.907518184772439,43.02111051,C662,_,00450,176
C662__00370.176,11.956512073122322,43.03625753,C662,_,00370,176
C662__00360.176,11.944288311800877,43.030141755,C662,_,00360,176
C662__00350.176,11.93552346655947,43.03326803,C662,_,00350,176
C662__00340.176,11.92764591097874,43.030201555000005,C662,_,00340,176
C662__00320.176,11.90149497619414,43.024880935,C662,_,00320,176
C662__00310.176,11.894938457704733,43.0262473,C662,_,00310,176
C662__00300.176,11.885532021747236,43.03245159,C662,_,00300,176
C662__00260.176,11.93008498418596,43.04561085,C662,_,00260,176
C662__00240.176,11.9237358049639,43.0325087,C662,_,00240,176
C662__00140.176,11.943608348662586,43.05164714,C662,_,00140,176
C662__00110.176,11.918474548464761,43.051876,C662,_,00110,176
C662__00080.176,11.918995442777792,43.056553050000005,C662,_,00080,176
C662__00110.177,11.922635692202624,43.04970893,C662,_,00110,177
C662__00680.177,11.945765879408569,42.978907289999995,C662,_,00680,177
C662__00650.177,11.936100922563382,42.99313102,C662,_,00650,177
C662__00640.177,11.93435821748241,42.99420485,C662,_,00640,177
C662__00610.177,11.925680103104591,43.0001738,C662,_,00610,177
C662__00580.177,11.94505576700033,43.010398225,C662,_,00580,177
C662__00560.177,11.937497213086292,43.013232715,C662,_,00560,177
C662__00520.177,11.965447876152826,43.01759763,C662,_,00520,177
C662__00510.177,11.959700152984464,43.027248495,C662,_,00510,177
C662__00500.177,11.950277463225431,43.016747370000004,C662,_,00500,177
C662__00490.177,11.94755709033019,43.016273995,C662,_,00490,177
C662__00470.177,11.922873612165997,43.01656145,C662,_,00470,177
C662__00460.177,11.911109871773744,43.022605535,C662,_,00460,177
C662__00450.177,11.908324871965162,43.02183994,C662,_,00450,177
C662__00430.177,11.890212384926054,43.020872225,C662,_,00430,177
C662__00370.177,11.956186180735447,43.036211925,C662,_,00370,177
C662__00360.177,11.935989494313208,43.028539535,C662,_,00360,177
C662__00320.177,11.901353680886789,43.026268994999995,C662,_,00320,177
C662__00310.177,11.89460853980123,43.026089545000005,C662,_,00310,177
C662__00300.177,11.894422062654325,43.033707934999995,C662,_,00300,177
C662__00260.177,11.93816335873478,43.04278368,C662,_,00260,177
C662__00240.177,11.923490702399128,43.03158931,C662,_,00240,177
C662__00140.177,11.943572447973485,43.05142123,C662,_,00140,177
C662__00080.178,11.918672595453629,43.057100055,C662,_,00080,178
C662__00680.178,11.945372060808431,42.97926348,C662,_,00680,178
C662__00660.178,11.953713660120613,42.994360715,C662,_,00660,178
C662__00650.178,11.943626121352242,42.996398015,C662,_,00650,178
C662__0062.178,11.95457398655218,42.99993422,C662,_,0062,178
C662__00610.178,11.92554950978523,43.001136105,C662,_,00610,178
C662__00560.178,11.937754064776444,43.01197077,C662,_,00560,178
C662__00520.178,11.965429182055956,43.0174392,C662,_,00520,178
C662__00510.178,11.959676403116163,43.027207315,C662,_,00510,178
C662__00490.178,11.947587922837954,43.01625242,C662,_,00490,178
C662__00480.178,11.942174469560722,43.020891675,C662,_,00480,178
C662__00470.178,11.923529498633084,43.01698044,C662,_,00470,178
C662__00460.178,11.911125957431548,43.022617034999996,C662,_,00460,178
C662__00450.178,11.907889570585926,43.021403245,C662,_,00450,178
C662__00430.178,11.889964722525326,43.01928591,C662,_,00430,178
C662__00350.178,11.93001907267269,43.029094369999996,C662,_,00350,178
C662__00340.178,11.9266870833505,43.02537066,C662,_,00340,178
C662__00320.178,11.901190510030343,43.025152305,C662,_,00320,178
C662__00310.178,11.89421751985876,43.025877644999994,C662,_,00310,178
C662__00300.178,11.88757665575626,43.033829515,C662,_,00300,178
C662__00240.178,11.92466191868219,43.031185199999996,C662,_,00240,178
C662__00140.178,11.94368019154448,43.051392815,C662,_,00140,178
C662__00110.179,11.924382019074564,43.04754946,C662,_,00110,179
C662__00680.179,11.945111719271535,42.978933145,C662,_,00680,179
C662__00660.179,11.953425306945146,42.99451814,C662,_,00660,179
C662__00650.179,11.943705675544557,42.996150505,C662,_,00650,179
C662__00620.179,11.94568478221666,42.998713185,C662,_,00620,179
C662__00610.179,11.92480409904039,43.000838325000004,C662,_,00610,179
C662__00580.179,11.946985727798642,43.010399835,C662,_,00580,179
C662__00560.179,11.938057566944938,43.012379835000004,C662,_,00560,179
C662__00520.179,11.965393073333438,43.017056785,C662,_,00520,179
C662__00510.179,11.959133723934599,43.02744527,C662,_,00510,179
C662__00500.179,11.952768546666348,43.01750018,C662,_,00500,179
C662__00490.179,11.947702575771292,43.016213390000004,C662,_,00490,179
C662__00480.179,11.942674211046544,43.020906755,C662,_,00480,179
C662__00470.179,11.921617135578451,43.016079785,C662,_,00470,179
C662__00460.179,11.911009432730175,43.02268723,C662,_,00460,179
C662__00430.179,11.891126718954919,43.0213791,C662,_,00430,179
C662__00370.179,11.948102228892278,43.04024307,C662,_,00370,179
C662__00360.179,11.936633765093244,43.02910637,C662,_,00360,179
C662__00350.179,11.929377379477497,43.030013620000005,C662,_,00350,179
C662__00340.179,11.926560836656417,43.02561867,C662,_,00340,179
C662__00320.179,11.902323479330885,43.025917629999995,C662,_,00320,179
C662__00310.179,11.893720370975593,43.025743254999995,C662,_,00310,179
C662__00300.179,11.887351341484834,43.033703009999996,C662,_,00300,179
C662__00140.179,11.943713925746227,43.05138398,C662,_,00140,179
C662__00010.18,11.919370243840739,43.071399865000004,C662,_,00010,18
C662__00670.18,11.937166537719676,42.98649924,C662,_,00670,18
C662__00660.18,11.953293887205453,42.99610701,C662,_,00660,18
C662__00640.18,11.924319901807817,42.994915065,C662,_,00640,18
C662__0063.18,11.953890260929317,43.0057121,C662,_,0063,18
C662__00620.18,11.949169886537874,43.003331645,C662,_,00620,18
C662__00600.18,11.918753018978048,43.000155485,C662,_,00600,18
C662__00590.18,11.949214945371388,43.013931584999995,C662,_,00590,18
C662__00580.18,11.946249466267076,43.010022815,C662,_,00580,18
C662__00570.18,11.930111450840606,43.00945319,C662,_,00570,18
C662__00550.18,11.922803314336718,43.013493075,C662,_,00550,18
C662__00540.18,11.915782420649904,43.012908975,C662,_,00540,18
C662__00530.18,11.90719655513689,43.011890715,C662,_,00530,18
C662__00520.18,11.96341010546117,43.023449760000005,C662,_,00520,18
C662__00510.18,11.960387874514888,43.027378760000005,C662,_,00510,18
C662__00500.18,11.948743311580085,43.02629031,C662,_,00500,18
C662__00490.18,11.948184303688102,43.01757888,C662,_,00490,18
C662__00480.18,11.944584601100331,43.028827395,C662,_,00480,18
C662__00470.18,11.929057869678198,43.022331905,C662,_,00470,18
C662__00460.18,11.906446147991327,43.019049214999995,C662,_,00460,18
C662__00450.18,11.900140502395939,43.019900910000004,C662,_,00450,18
C662__00440.18,11.895444019282921,43.01689633,C662,_,00440,18
C662__00430.18,11.887903976463711,43.023514524999996,C662,_,00430,18
C662__00420.18,11.881465636449787,43.023410170000005,C662,_,00420,18
C662__00410.18,11.874268136460639,43.021539895000004,C662,_,00410,18
C662__00400.18,11.866114109437657,43.026509635,C662,_,00400,18
C662__00390.18,11.971414602119097,43.036634125,C662,_,00390,18
C662__00370.18,11.953823119282099,43.038437055,C662,_,00370,18
C662__00360.18,11.938671950842174,43.035821555,C662,_,00360,18
C662__00350.18,11.930183801351713,43.034507095,C662,_,00350,18
C662__00340.18,11.92893008253969,43.029451179999995,C662,_,00340,18
C662__00330.18,11.916299507969798,43.029750145,C662,_,00330,18
C662__00320.18,11.898798927424885,43.02999754,C662,_,00320,18
C662__00310.18,11.896066537089105,43.02944952,C662,_,00310,18
C662__00300.18,11.888259717634561,43.033609095,C662,_,00300,18
C662__00290.18,11.868603764236617,43.032204835,C662,_,00290,18
C662__00270.18,11.949556900400072,43.04722704,C662,_,00270,18
C662__00260.18,11.937911851073927,43.045231785,C662,_,00260,18
C662__00250.18,11.929911643137698,43.040840185,C662,_,00250,18
C662__00240.18,11.925225208727484,43.035845484999996,C662,_,00240,18
C662__00220.18,11.901406237626627,43.04310821,C662,_,00220,18
C662__00210.18,11.891295559987823,43.03951648,C662,_,00210,18
C662__00200.18,11.88279871059666,43.0419696,C662,_,00200,18
C662__00190.18,11.884452582715918,43.036541545,C662,_,00190,18
C662__00180.18,11.898930316232251,43.048691614999996,C662,_,00180,18
C662__00170.18,11.978693184032856,43.056084125,C662,_,00170,18
C662__00150.18,11.97058531635188,43.06385812,C662,_,00150,18
C662__00140.18,11.939217038221074,43.053257474999995,C662,_,00140,18
C662__00130.18,11.924858548255543,43.046182529999996,C662,_,00130,18
C662__00120.18,11.934200447349276,43.05033228,C662,_,00120,18
C662__00110.18,11.912441716354408,43.04987432,C662,_,00110,18
C662__00100.18,11.911608825985741,43.051831065,C662,_,00100,18
C662__00090.18,11.935277231564402,43.05777175,C662,_,00090,18
C662__00080.18,11.915576203350053,43.057626545,C662,_,00080,18
C662__00040.18,11.922916124889685,43.061426874999995,C662,_,00040,18
C662__00070.180,11.913435369617986,43.058730385000004,C662,_,00070,180
C662__00660.180,11.953344459938616,42.99388906,C662,_,00660,180
C662__00650.180,11.937056730095932,42.99598603,C662,_,00650,180
C662__00640.180,11.93455989283083,42.99391755,C662,_,00640,180
C662__0063.180,11.956805779709935,43.00402124,C662,_,0063,180
C662__00610.180,11.93426950947098,42.997309045,C662,_,00610,180
C662__00560.180,11.938274422590368,43.01225761,C662,_,00560,180
C662__00530.180,11.91221581608845,43.01447099,C662,_,00530,180
C662__00520.180,11.965054533518378,43.015668395000006,C662,_,00520,180
C662__00490.180,11.947686741163057,43.01613994,C662,_,00490,180
C662__00480.180,11.943066309722331,43.021270085,C662,_,00480,180
C662__00470.180,11.922537166424782,43.01677741,C662,_,00470,180
C662__00460.180,11.911337778042245,43.022939735,C662,_,00460,180
C662__00430.180,11.89114188341776,43.021332475,C662,_,00430,180
C662__00350.180,11.929653401293777,43.02966004,C662,_,00350,180
C662__00340.180,11.923536564198482,43.03098325,C662,_,00340,180
C662__00320.180,11.900954644318858,43.027005595,C662,_,00320,180
C662__00310.180,11.893251853202846,43.025646984999995,C662,_,00310,180
C662__00300.180,11.8877354910064,43.03377233,C662,_,00300,180
C662__00290.180,11.87493711848051,43.029051665,C662,_,00290,180
C662__00240.180,11.924820703846686,43.03114132,C662,_,00240,180
C662__00140.180,11.948125928239918,43.05056511,C662,_,00140,180
C662__00110.180,11.922355595308474,43.04952547,C662,_,00110,180
C662__00080.180,11.918460693575469,43.057454175000004,C662,_,00080,180
C662__00110.181,11.923022891734451,43.04959247,C662,_,00110,181
C662__00650.181,11.93623145269757,42.99564055,C662,_,00650,181
C662__00640.181,11.934991645595067,42.99248177,C662,_,00640,181
C662__0063.181,11.956919521203137,43.00403918,C662,_,0063,181
C662__00580.181,11.946542760307814,43.011133275,C662,_,00580,181
C662__00560.181,11.938461755561823,43.01207834,C662,_,00560,181
C662__00520.181,11.965233537601932,43.01590602,C662,_,00520,181
C662__00510.181,11.964650348339308,43.028341375,C662,_,00510,181
C662__00500.181,11.95296773095326,43.017102635,C662,_,00500,181
C662__00490.181,11.947447868481373,43.016092979999996,C662,_,00490,181
C662__00480.181,11.943237590728435,43.020909715,C662,_,00480,181
C662__00470.181,11.922531979132817,43.0178875,C662,_,00470,181
C662__00430.181,11.891122778323822,43.02152039,C662,_,00430,181
C662__00370.181,11.947863403908324,43.039573065,C662,_,00370,181
C662__00360.181,11.937551345448004,43.029273415,C662,_,00360,181
C662__00320.181,11.907880446958906,43.033776745,C662,_,00320,181
C662__00310.181,11.892860570190166,43.025639385,C662,_,00310,181
C662__00300.181,11.887540368064284,43.033711225,C662,_,00300,181
C662__00140.181,11.948854054802606,43.050509445,C662,_,00140,181
C662__00080.182,11.918311100503267,43.05769828,C662,_,00080,182
C662__00660.182,11.953409723911589,42.994356945,C662,_,00660,182
C662__00650.182,11.936190807717054,42.995704805,C662,_,00650,182
C662__0063.182,11.957111429836491,43.003885260000004,C662,_,0063,182
C662__00580.182,11.94530943398326,43.010841330000005,C662,_,00580,182
C662__00560.182,11.93808762988278,43.01299605,C662,_,00560,182
C662__00520.182,11.964639453332552,43.01512787,C662,_,00520,182
C662__00510.182,11.96593899890184,43.02844053,C662,_,00510,182
C662__00500.182,11.953006365586809,43.017153414999996,C662,_,00500,182
C662__00490.182,11.948114373008675,43.016562135,C662,_,00490,182
C662__00480.182,11.943523366781434,43.02114145,C662,_,00480,182
C662__00470.182,11.933809037823604,43.01990475,C662,_,00470,182
C662__00430.182,11.891137441867972,43.021514124999996,C662,_,00430,182
C662__00350.182,11.937323490522115,43.033995239999996,C662,_,00350,182
C662__00320.182,11.906893706143848,43.032678524999994,C662,_,00320,182
C662__00310.182,11.900223161511251,43.0250355,C662,_,00310,182
C662__00290.182,11.874216515595727,43.029409494999996,C662,_,00290,182
C662__00140.182,11.937258331125916,43.052946365,C662,_,00140,182
C662__00110.182,11.922561723900586,43.049992509999996,C662,_,00110,182
C662__00110.183,11.916892807984421,43.048135959999996,C662,_,00110,183
C662__00650.183,11.944781370665698,42.996120375000004,C662,_,00650,183
C662__00640.183,11.934936842879079,42.9944565,C662,_,00640,183
C662__00590.183,11.949321279652036,43.00902643,C662,_,00590,183
C662__00580.183,11.944749495801812,43.01079287500001,C662,_,00580,183
C662__00560.183,11.939309783810474,43.01206716,C662,_,00560,183
C662__00530.183,11.91060042950895,43.014425195,C662,_,00530,183
C662__00520.183,11.967335293683272,43.02665729500001,C662,_,00520,183
C662__00500.183,11.953134655775749,43.01708336,C662,_,00500,183
C662__00490.183,11.948288463634183,43.01655157,C662,_,00490,183
C662__00480.183,11.94389154727741,43.021144344999996,C662,_,00480,183
C662__00470.183,11.922132949761135,43.016067205,C662,_,00470,183
C662__00460.183,11.910923969881694,43.022729885,C662,_,00460,183
C662__00430.183,11.890071678527645,43.021747555000005,C662,_,00430,183
C662__00320.183,11.908272014249981,43.03326311,C662,_,00320,183
C662__00290.183,11.87410761771984,43.029441405,C662,_,00290,183
C662__00240.183,11.92549709063859,43.031215315,C662,_,00240,183
C662__00140.183,11.947519041923949,43.05073358,C662,_,00140,183
C662__00020.184,11.908647092829678,43.064146565,C662,_,00020,184
C662__00680.184,11.951060141090286,42.982393885,C662,_,00680,184
C662__00660.184,11.952830397235962,42.994189184999996,C662,_,00660,184
C662__00650.184,11.944897799707054,42.996132925,C662,_,00650,184
C662__00640.184,11.934639205795635,42.994447835,C662,_,00640,184
C662__0063.184,11.957394710104388,43.00384474,C662,_,0063,184
C662__00590.184,11.949717416706589,43.008749234999996,C662,_,00590,184
C662__00580.184,11.947651404609193,43.010711955,C662,_,00580,184
C662__00560.184,11.939551251183076,43.011891355,C662,_,00560,184
C662__00520.184,11.967362118588142,43.02674793,C662,_,00520,184
C662__00510.184,11.96562117721508,43.029591769999996,C662,_,00510,184
C662__00500.184,11.953138978949976,43.017241705,C662,_,00500,184
C662__00480.184,11.944067418786183,43.021250855,C662,_,00480,184
C662__00470.184,11.921827944074114,43.016187895,C662,_,00470,184
C662__00460.184,11.910925091886796,43.022745490000005,C662,_,00460,184
C662__00430.184,11.89066824931027,43.021581385000005,C662,_,00430,184
C662__00370.184,11.947016828276737,43.03972813,C662,_,00370,184
C662__00360.184,11.93790303025422,43.028952849999996,C662,_,00360,184
C662__00350.184,11.935222640311302,43.032255785000004,C662,_,00350,184
C662__00320.184,11.905825091278754,43.03255899,C662,_,00320,184
C662__00310.184,11.892155307857578,43.025553790000004,C662,_,00310,184
C662__00260.184,11.938930689026535,43.04051211,C662,_,00260,184
C662__00240.184,11.924946693404182,43.031728695,C662,_,00240,184
C662__00140.184,11.934813817730856,43.054025235,C662,_,00140,184
C662__00110.184,11.920610098318281,43.048449364999996,C662,_,00110,184
C662__00080.184,11.918174384869875,43.05790777,C662,_,00080,184
C662__00070.184,11.908185087716461,43.06126338,C662,_,00070,184
C662__00020.185,11.908579680935905,43.064102755,C662,_,00020,185
C662__00680.185,11.949681411427079,42.982468775,C662,_,00680,185
C662__00650.185,11.944318339073073,42.996314165,C662,_,00650,185
C662__00640.185,11.93492849786248,42.993943845000004,C662,_,00640,185
C662__0062.185,11.954506314759456,42.999739005,C662,_,0062,185
C662__00590.185,11.949879446336784,43.008983224999994,C662,_,00590,185
C662__00580.185,11.94596331848189,43.011638829999995,C662,_,00580,185
C662__00560.185,11.939801671927322,43.011969504999996,C662,_,00560,185
C662__00520.185,11.967107027738564,43.02589793,C662,_,00520,185
C662__00500.185,11.953204197301257,43.017283905,C662,_,00500,185
C662__00490.185,11.948137730678257,43.016465374999996,C662,_,00490,185
C662__00470.185,11.921943801507473,43.015523724999994,C662,_,00470,185
C662__00460.185,11.912041019289225,43.022393465,C662,_,00460,185
C662__00430.185,11.89045186317708,43.022286725,C662,_,00430,185
C662__00350.185,11.935774830012292,43.032071705,C662,_,00350,185
C662__00320.185,11.90816467730938,43.033621825,C662,_,00320,185
C662__00310.185,11.898960438828684,43.02715515,C662,_,00310,185
C662__00300.185,11.884730990623169,43.031535635,C662,_,00300,185
C662__00260.185,11.93908697903138,43.04031851,C662,_,00260,185
C662__00240.185,11.925261015575542,43.031923365,C662,_,00240,185
C662__00140.185,11.937445080946704,43.053126085,C662,_,00140,185
C662__00110.185,11.914680290191232,43.047083560000004,C662,_,00110,185
C662__00070.186,11.913673674495623,43.058246515,C662,_,00070,186
C662__00680.186,11.935583231145106,42.98166961,C662,_,00680,186
C662__00660.186,11.952650567803516,42.994001505,C662,_,00660,186
C662__00650.186,11.94458543557776,42.9963093,C662,_,00650,186
C662__00640.186,11.934592682706837,42.99409346,C662,_,00640,186
C662__00620.186,11.949400025505662,43.00228175,C662,_,00620,186
C662__00590.186,11.950580128140059,43.008963075,C662,_,00590,186
C662__00560.186,11.940600819784564,43.01261014,C662,_,00560,186
C662__00530.186,11.91401538452629,43.015578465,C662,_,00530,186
C662__00520.186,11.965765751212732,43.020826505,C662,_,00520,186
C662__00510.186,11.961838234069047,43.02463002499999,C662,_,00510,186
C662__00500.186,11.953256102397212,43.01726868,C662,_,00500,186
C662__00490.186,11.948223461446764,43.016344555,C662,_,00490,186
C662__00480.186,11.944604940436658,43.02098686,C662,_,00480,186
C662__00470.186,11.921609709723063,43.015203244999995,C662,_,00470,186
C662__00460.186,11.91145840045562,43.02286139,C662,_,00460,186
C662__00430.186,11.890059117848404,43.021906615000006,C662,_,00430,186
C662__00370.186,11.947238960992138,43.0396872,C662,_,00370,186
C662__00360.186,11.937575449774279,43.02898644,C662,_,00360,186
C662__00350.186,11.935175177095662,43.032164095,C662,_,00350,186
C662__00340.186,11.925580249188808,43.029081864999995,C662,_,00340,186
C662__00320.186,11.904909053960122,43.03419827,C662,_,00320,186
C662__00310.186,11.901199806758367,43.028831804999996,C662,_,00310,186
C662__00260.186,11.939645310082248,43.04009824,C662,_,00260,186
C662__00140.186,11.940759853091123,43.048578645,C662,_,00140,186
C662__00110.186,11.91661603630736,43.04684335,C662,_,00110,186
C662__00080.186,11.918037811756403,43.058109795,C662,_,00080,186
C662__00110.187,11.916617489312067,43.04762954,C662,_,00110,187
C662__00680.187,11.93580330533917,42.98242905,C662,_,00680,187
C662__00650.187,11.944832772761151,42.996250365,C662,_,00650,187
C662__0063.187,11.957623311205396,43.003831070000004,C662,_,0063,187
C662__00560.187,11.943846293738401,43.009892645,C662,_,00560,187
C662__00520.187,11.96625636072867,43.02306386,C662,_,00520,187
C662__00490.187,11.94800252000276,43.01637676,C662,_,00490,187
C662__00480.187,11.93584587163364,43.02044237,C662,_,00480,187
C662__00470.187,11.9223089960281,43.01507248,C662,_,00470,187
C662__00460.187,11.911745197183244,43.02278237,C662,_,00460,187
C662__00430.187,11.890747383361159,43.02292194,C662,_,00430,187
C662__00370.187,11.946524614665378,43.03972821,C662,_,00370,187
C662__00360.187,11.937708894139348,43.029047735,C662,_,00360,187
C662__00350.187,11.9357179135181,43.031962885,C662,_,00350,187
C662__00340.187,11.925815918894102,43.029008385,C662,_,00340,187
C662__00320.187,11.905581128456594,43.034352675,C662,_,00320,187
C662__00310.187,11.900530754344981,43.026788785,C662,_,00310,187
C662__00260.187,11.9398930803935,43.04022386,C662,_,00260,187
C662__00140.187,11.948973231126086,43.050824785,C662,_,00140,187
C662__00020.188,11.908974403491428,43.063896580000005,C662,_,00020,188
C662__00680.188,11.953809868615833,42.98193482,C662,_,00680,188
C662__00660.188,11.953846287373247,42.99458901,C662,_,00660,188
C662__00650.188,11.944965168069219,42.99622594,C662,_,00650,188
C662__00640.188,11.934514053382607,42.994383264999996,C662,_,00640,188
C662__0063.188,11.956801856512648,43.003786155,C662,_,0063,188
C662__0062.188,11.954565186296502,43.000110155,C662,_,0062,188
C662__00560.188,11.940897661904259,43.012387294999996,C662,_,00560,188
C662__00530.188,11.907745008246678,43.01337389,C662,_,00530,188
C662__00520.188,11.965845049954765,43.02162326,C662,_,00520,188
C662__00510.188,11.962463629054074,43.024552885,C662,_,00510,188
C662__00500.188,11.953177228292386,43.017187605000004,C662,_,00500,188
C662__00480.188,11.93623379273951,43.020425925,C662,_,00480,188
C662__00470.188,11.923279001019733,43.01780925,C662,_,00470,188
C662__00460.188,11.91157782046831,43.02278814,C662,_,00460,188
C662__00430.188,11.890821170703784,43.022907495,C662,_,00430,188
C662__00360.188,11.937749686682615,43.028998345000005,C662,_,00360,188
C662__00350.188,11.934464708631538,43.03068165,C662,_,00350,188
C662__00340.188,11.92635655019383,43.029239770000004,C662,_,00340,188
C662__00310.188,11.900005853520886,43.027167455,C662,_,00310,188
C662__00260.188,11.940539635129849,43.044583515,C662,_,00260,188
C662__00140.188,11.948646567511036,43.050878055,C662,_,00140,188
C662__00110.188,11.918652754306038,43.04738585,C662,_,00110,188
C662__00080.188,11.91789532747762,43.058319315,C662,_,00080,188
C662__00020.189,11.907647358176245,43.064907864999995,C662,_,00020,189
C662__00680.189,11.954101020741483,42.982479705,C662,_,00680,189
C662__00650.189,11.945057035469528,42.996233835,C662,_,00650,189
C662__00640.189,11.933869570063612,42.994185134999995,C662,_,00640,189
C662__00530.189,11.911967119279911,43.014874205,C662,_,00530,189
C662__00520.189,11.96702165589783,43.0261274,C662,_,00520,189
C662__00500.189,11.953290676202625,43.017227235,C662,_,00500,189
C662__00490.189,11.948010668089612,43.01628455,C662,_,00490,189
C662__00480.189,11.936417159155184,43.020229135,C662,_,00480,189
C662__00470.189,11.923120922307621,43.017460885,C662,_,00470,189
C662__00460.189,11.912248632423493,43.022776675,C662,_,00460,189
C662__00430.189,11.89057935167424,43.022825355,C662,_,00430,189
C662__00360.189,11.937895104851407,43.028918360000006,C662,_,00360,189
C662__00350.189,11.935310496685537,43.030527539999994,C662,_,00350,189
C662__00340.189,11.926464474778347,43.029024285,C662,_,00340,189
C662__00310.189,11.89897093501872,43.0257212,C662,_,00310,189
C662__00260.189,11.93806125896906,43.041692330000004,C662,_,00260,189
C662__00140.189,11.949282106155323,43.050783425,C662,_,00140,189
C662__00010.19,11.914138401030096,43.070994545000005,C662,_,00010,19
C662__00660.19,11.953946045231126,42.996251715,C662,_,00660,19
C662__00650.19,11.945532356999504,42.99676882,C662,_,00650,19
C662__00640.19,11.923883476823914,42.99450439,C662,_,00640,19
C662__00610.19,11.927673439883502,43.001487515,C662,_,00610,19
C662__00600.19,11.91394055341376,42.99833325,C662,_,00600,19
C662__00590.19,11.952506973117401,43.014309600000004,C662,_,00590,19
C662__00580.19,11.946981741392278,43.01087164,C662,_,00580,19
C662__00570.19,11.9306392202486,43.009844654999995,C662,_,00570,19
C662__00560.19,11.93101407933117,43.014992805,C662,_,00560,19
C662__00550.19,11.922777739157532,43.013376905,C662,_,00550,19
C662__00540.19,11.916106504081355,43.01179588,C662,_,00540,19
C662__00530.19,11.907517981399048,43.012599605,C662,_,00530,19
C662__00520.19,11.964768264012477,43.016221275,C662,_,00520,19
C662__00510.19,11.960564091548644,43.02704914,C662,_,00510,19
C662__00500.19,11.948786979093914,43.026088055,C662,_,00500,19
C662__00470.19,11.929595676433129,43.021755625,C662,_,00470,19
C662__00460.19,11.907553959486155,43.019795509999994,C662,_,00460,19
C662__00450.19,11.901489828917168,43.02066147,C662,_,00450,19
C662__00440.19,11.896322665908643,43.01631287,C662,_,00440,19
C662__00420.19,11.883442068425193,43.02525809,C662,_,00420,19
C662__00410.19,11.876821571087628,43.02775058,C662,_,00410,19
C662__00400.19,11.870780457690907,43.02635956,C662,_,00400,19
C662__00390.19,11.972621754467095,43.03675443,C662,_,00390,19
C662__00380.19,11.961829305413609,43.038777665,C662,_,00380,19
C662__00370.19,11.954963388710858,43.038494920000005,C662,_,00370,19
C662__00360.19,11.940711557855934,43.036977675,C662,_,00360,19
C662__00330.19,11.916397086382254,43.029433455,C662,_,00330,19
C662__00310.19,11.896772998143536,43.029510009999996,C662,_,00310,19
C662__00300.19,11.888530254710282,43.03376596,C662,_,00300,19
C662__00290.19,11.869709946511634,43.03197917,C662,_,00290,19
C662__00280.19,11.955278551391025,43.040918105,C662,_,00280,19
C662__00270.19,11.950554476189069,43.047208465,C662,_,00270,19
C662__00260.19,11.940977488178216,43.046628139999996,C662,_,00260,19
C662__00250.19,11.928435153308293,43.039725845,C662,_,00250,19
C662__00220.19,11.901474793338632,43.042750635,C662,_,00220,19
C662__00210.19,11.889994884014053,43.03826631,C662,_,00210,19
C662__00200.19,11.882025338243364,43.04064737,C662,_,00200,19
C662__00190.19,11.87673036026742,43.0370034,C662,_,00190,19
C662__00180.19,11.900565237360151,43.049637425,C662,_,00180,19
C662__00170.19,11.979624733684126,43.056637894999994,C662,_,00170,19
C662__00150.19,11.970333479057967,43.0626431,C662,_,00150,19
C662__00140.19,11.945322530205678,43.052955014999995,C662,_,00140,19
C662__00110.19,11.91256358712587,43.049758395,C662,_,00110,19
C662__00100.19,11.895671695060475,43.055969770000004,C662,_,00100,19
C662__00090.19,11.935928808226304,43.057019075,C662,_,00090,19
C662__00070.19,11.908010587349148,43.0594556,C662,_,00070,19
C662__00060.19,11.900427376834187,43.060150379999996,C662,_,00060,19
C662__00040.19,11.926216198821015,43.069686605,C662,_,00040,19
C662__00020.19,11.90945984474952,43.064563844999995,C662,_,00020,19
C662__00020.190,11.91155953428744,43.06568091,C662,_,00020,190
C662__00650.190,11.944119875847601,42.996217585,C662,_,00650,190
C662__00640.190,11.933990558494017,42.994270075,C662,_,00640,190
C662__0063.190,11.956758165870262,43.003604214999996,C662,_,0063,190
C662__00560.190,11.940882262522766,43.011652760000004,C662,_,00560,190
C662__00530.190,11.912288983887883,43.01467665,C662,_,00530,190
C662__00520.190,11.968840107560467,43.02141834,C662,_,00520,190
C662__00500.190,11.953229661309695,43.017162225,C662,_,00500,190
C662__00490.190,11.94813533890871,43.016279284999996,C662,_,00490,190
C662__00480.190,11.936918755174542,43.020234495,C662,_,00480,190
C662__00460.190,11.91091218152117,43.022653735,C662,_,00460,190
C662__00430.190,11.890559727978228,43.02275169,C662,_,00430,190
C662__00360.190,11.9373996725699,43.02887445,C662,_,00360,190
C662__00350.190,11.935734285179834,43.032754825,C662,_,00350,190
C662__00340.190,11.92666582939066,43.02892109,C662,_,00340,190
C662__00310.190,11.900072525984562,43.026104790000005,C662,_,00310,190
C662__00300.190,11.884644412961158,43.02969358,C662,_,00300,190
C662__00260.190,11.935294844141296,43.040151449999996,C662,_,00260,190
C662__00110.190,11.92163017559643,43.04863923,C662,_,00110,190
C662__00080.190,11.917761202833201,43.058514395,C662,_,00080,190
C662__00020.191,11.911729562528752,43.06578195,C662,_,00020,191
C662__00680.191,11.952612206262613,42.984923800000004,C662,_,00680,191
C662__00650.191,11.94444069437877,42.996045135,C662,_,00650,191
C662__00640.191,11.933891846893179,42.994317284999994,C662,_,00640,191
C662__0063.191,11.956977841151433,43.003640595,C662,_,0063,191
C662__00560.191,11.942163030357836,43.01253461,C662,_,00560,191
C662__00530.191,11.912274299508134,43.014640045,C662,_,00530,191
C662__00510.191,11.961109114195573,43.02371494,C662,_,00510,191
C662__00490.191,11.94793825206552,43.016263825,C662,_,00490,191
C662__00480.191,11.937799469596953,43.020659055,C662,_,00480,191
C662__00460.191,11.910928837073772,43.022617695,C662,_,00460,191
C662__00450.191,11.904766158762683,43.01930334,C662,_,00450,191
C662__00430.191,11.890626958721247,43.022810910000004,C662,_,00430,191
C662__00350.191,11.936035888269117,43.03265603,C662,_,00350,191
C662__00310.191,11.8976591876945,43.02408609,C662,_,00310,191
C662__00260.191,11.944549507759255,43.042486370000006,C662,_,00260,191
C662__00140.191,11.93776645114039,43.047979839999996,C662,_,00140,191
C662__00110.191,11.921486706232049,43.04893009,C662,_,00110,191
C662__00080.191,11.918917745794925,43.059047795,C662,_,00080,191
C662__00070.191,11.91087295734454,43.062829730000004,C662,_,00070,191
C662__00020.192,11.91021062524479,43.066871809999995,C662,_,00020,192
C662__00680.192,11.952942476169817,42.98229844,C662,_,00680,192
C662__00660.192,11.954137458921263,42.99460096,C662,_,00660,192
C662__00650.192,11.944648548636131,42.99598182,C662,_,00650,192
C662__0063.192,11.9572619598854,43.003684684999996,C662,_,0063,192
C662__00580.192,11.938218526905395,43.00568867,C662,_,00580,192
C662__00560.192,11.943050693426539,43.012498414999996,C662,_,00560,192
C662__00530.192,11.912253965013523,43.01460805,C662,_,00530,192
C662__00520.192,11.95848496899037,43.017187555,C662,_,00520,192
C662__00510.192,11.960354737900511,43.025933135,C662,_,00510,192
C662__00480.192,11.939231806596986,43.020103685,C662,_,00480,192
C662__00460.192,11.91182555351844,43.02211236,C662,_,00460,192
C662__00450.192,11.904973734960866,43.01955222,C662,_,00450,192
C662__00430.192,11.89063327430532,43.022741275,C662,_,00430,192
C662__00370.192,11.948007483701549,43.03962949,C662,_,00370,192
C662__00360.192,11.937547729723011,43.028816385,C662,_,00360,192
C662__00350.192,11.935843281108317,43.032419739999995,C662,_,00350,192
C662__00340.192,11.925749856772867,43.030430775,C662,_,00340,192
C662__00310.192,11.897735978732705,43.023863070000004,C662,_,00310,192
C662__00300.192,11.883505400861079,43.029451125,C662,_,00300,192
C662__00260.192,11.941599648141288,43.04215454,C662,_,00260,192
C662__00140.192,11.941533582602462,43.049064,C662,_,00140,192
C662__00080.192,11.91762992580529,43.05873167,C662,_,00080,192
C662__00070.192,11.914713039213387,43.05770131,C662,_,00070,192
C662__00020.193,11.910767300833218,43.06656416,C662,_,00020,193
C662__00680.193,11.953395396075766,42.982175485,C662,_,00680,193
C662__00660.193,11.954436983447083,42.994515465,C662,_,00660,193
C662__00650.193,11.94476452958637,42.995949855000006,C662,_,00650,193
C662__00640.193,11.934338189350694,42.994040755,C662,_,00640,193
C662__0063.193,11.957570074292285,43.00367206,C662,_,0063,193
C662__0062.193,11.954629581838596,42.99913667,C662,_,0062,193
C662__00590.193,11.94966906849265,43.008514405,C662,_,00590,193
C662__00580.193,11.947596563544334,43.01146199,C662,_,00580,193
C662__00560.193,11.942828015558703,43.01237664,C662,_,00560,193
C662__00530.193,11.912244233937095,43.01458394,C662,_,00530,193
C662__00520.193,11.958825162648676,43.017546295,C662,_,00520,193
C662__00490.193,11.947978828575103,43.01619331,C662,_,00490,193
C662__00480.193,11.940409393836392,43.019943445,C662,_,00480,193
C662__00470.193,11.932334255420578,43.02008064,C662,_,00470,193
C662__00460.193,11.91087827153164,43.02267464,C662,_,00460,193
C662__00430.193,11.890514577839236,43.022689985,C662,_,00430,193
C662__00370.193,11.946710135570346,43.03454312,C662,_,00370,193
C662__00360.193,11.93766510520538,43.02882832,C662,_,00360,193
C662__00350.193,11.935955491703508,43.032408919999995,C662,_,00350,193
C662__00340.193,11.926093650257487,43.030631639999996,C662,_,00340,193
C662__00310.193,11.899008336971136,43.026111995,C662,_,00310,193
C662__00300.193,11.884088412439755,43.029930245,C662,_,00300,193
C662__00260.193,11.941923802433886,43.04146538,C662,_,00260,193
C662__00140.193,11.945758438101116,43.05026947,C662,_,00140,193
C662__00080.193,11.917420660458205,43.059013065,C662,_,00080,193
C662__00140.194,11.946693996856766,43.050284315,C662,_,00140,194
C662__00660.194,11.952931453296898,42.99392492,C662,_,00660,194
C662__00650.194,11.944888782418083,42.995912745,C662,_,00650,194
C662__00640.194,11.932787136244563,42.995156455,C662,_,00640,194
C662__00590.194,11.950379221667461,43.0079007,C662,_,00590,194
C662__00580.194,11.947377520835673,43.011625815,C662,_,00580,194
C662__00560.194,11.942540348347634,43.012036765,C662,_,00560,194
C662__00530.194,11.911467774131996,43.01469052,C662,_,00530,194
C662__00520.194,11.958629191962515,43.01730552,C662,_,00520,194
C662__00510.194,11.960292826859344,43.02535372,C662,_,00510,194
C662__00500.194,11.953228752145115,43.017226535,C662,_,00500,194
C662__00490.194,11.94790000383237,43.016158649999994,C662,_,00490,194
C662__00480.194,11.942683183002718,43.020289575,C662,_,00480,194
C662__00470.194,11.931086059400169,43.02151631,C662,_,00470,194
C662__00460.194,11.908579073709085,43.01816983,C662,_,00460,194
C662__00430.194,11.89046986785437,43.022592615,C662,_,00430,194
C662__00370.194,11.946247652972275,43.03379675,C662,_,00370,194
C662__00360.194,11.937846326321818,43.028750779999996,C662,_,00360,194
C662__00350.194,11.935753319436657,43.032389765,C662,_,00350,194
C662__00340.194,11.925191643866603,43.030070265,C662,_,00340,194
C662__00310.194,11.898325618552501,43.026635709999994,C662,_,00310,194
C662__00300.194,11.88379092572966,43.02957196,C662,_,00300,194
C662__00260.194,11.94248346989879,43.04185261,C662,_,00260,194
C662__00020.195,11.90916205497073,43.06833014,C662,_,00020,195
C662__00660.195,11.955141883908015,42.98643035,C662,_,00660,195
C662__00650.195,11.945022346141911,42.9961263,C662,_,00650,195
C662__00640.195,11.932887751016667,42.99510801,C662,_,00640,195
C662__00590.195,11.950403879982062,43.008413520000005,C662,_,00590,195
C662__00560.195,11.943164923474768,43.01225155,C662,_,00560,195
C662__00530.195,11.911395555553142,43.014666635,C662,_,00530,195
C662__00520.195,11.967365312348154,43.023164085,C662,_,00520,195
C662__00510.195,11.960153566618338,43.024679469999995,C662,_,00510,195
C662__00490.195,11.947816150885798,43.016091865,C662,_,00490,195
C662__00480.195,11.943304392560393,43.020153480000005,C662,_,00480,195
C662__00470.195,11.931110028835809,43.021252954999994,C662,_,00470,195
C662__00460.195,11.908566967864914,43.018023815,C662,_,00460,195
C662__00450.195,11.904905360514027,43.021572615,C662,_,00450,195
C662__00430.195,11.890560428650069,43.022687915000006,C662,_,00430,195
C662__00370.195,11.946448828150526,43.033772435,C662,_,00370,195
C662__00350.195,11.935864941138309,43.03232835,C662,_,00350,195
C662__00340.195,11.924533409824562,43.02949237999999,C662,_,00340,195
C662__00310.195,11.899875860256678,43.026104790000005,C662,_,00310,195
C662__00300.195,11.884625407938785,43.028531285,C662,_,00300,195
C662__00290.195,11.877677163751738,43.028357084999996,C662,_,00290,195
C662__00260.195,11.942606276061522,43.041367525,C662,_,00260,195
C662__00080.195,11.916981706833473,43.05964826,C662,_,00080,195
C662__00070.195,11.915726362802364,43.055482655000006,C662,_,00070,195
C662__00020.196,11.908713713068554,43.068128155,C662,_,00020,196
C662__00640.196,11.93323744169392,42.99512494,C662,_,00640,196
C662__0063.196,11.956866981853933,43.003438965,C662,_,0063,196
C662__0062.196,11.955193309525725,42.999936265,C662,_,0062,196
C662__00590.196,11.95104074206625,43.008581025,C662,_,00590,196
C662__00580.196,11.944893840077242,43.010078025,C662,_,00580,196
C662__00560.196,11.943961451532106,43.01239601,C662,_,00560,196
C662__00520.196,11.97010788416264,43.021748575000004,C662,_,00520,196
C662__00490.196,11.94790161873922,43.01602938,C662,_,00490,196
C662__00480.196,11.943638820079034,43.020535624999994,C662,_,00480,196
C662__00470.196,11.929328397870641,43.023794030000005,C662,_,00470,196
C662__00460.196,11.90859661954817,43.017982860000004,C662,_,00460,196
C662__00430.196,11.890519269957132,43.022587355,C662,_,00430,196
C662__00370.196,11.94726381851282,43.033410005,C662,_,00370,196
C662__00360.196,11.93766428353258,43.028653765,C662,_,00360,196
C662__00350.196,11.93591773387294,43.032335204999995,C662,_,00350,196
C662__00340.196,11.924099728555678,43.03033657,C662,_,00340,196
C662__00310.196,11.899785715782862,43.026501505,C662,_,00310,196
C662__00290.196,11.877261257027989,43.02841877,C662,_,00290,196
C662__00260.196,11.934461759313576,43.038896225,C662,_,00260,196
C662__00140.196,11.935103867298817,43.051314835,C662,_,00140,196
C662__00080.196,11.917449443472634,43.059700065,C662,_,00080,196
C662__00020.197,11.908385223857396,43.068397635,C662,_,00020,197
C662__00640.197,11.932900438469916,42.995099155,C662,_,00640,197
C662__00620.197,11.939269197527778,43.004252695,C662,_,00620,197
C662__00530.197,11.911250452059013,43.010850649999995,C662,_,00530,197
C662__00520.197,11.970251292352426,43.02176086,C662,_,00520,197
C662__00500.197,11.953233539684454,43.01670401,C662,_,00500,197
C662__00490.197,11.94795499705626,43.016052195,C662,_,00490,197
C662__00470.197,11.928043933276054,43.02307987499999,C662,_,00470,197
C662__00460.197,11.908737382063467,43.01809337,C662,_,00460,197
C662__00430.197,11.889607750555793,43.02124039,C662,_,00430,197
C662__00360.197,11.938538135062664,43.02916601,C662,_,00360,197
C662__00290.197,11.8774844178573,43.028376545,C662,_,00290,197
C662__00260.197,11.93040623374663,43.03937597,C662,_,00260,197
C662__00080.197,11.916759091706066,43.05997123,C662,_,00080,197
C662__00070.197,11.913540458497486,43.05537811,C662,_,00070,197
C662__00020.198,11.90884136125387,43.06857499,C662,_,00020,198
C662__00640.198,11.932564256515384,42.994330005,C662,_,00640,198
C662__0063.198,11.956956831570151,43.003322165,C662,_,0063,198
C662__00620.198,11.940379855421703,43.00417523,C662,_,00620,198
C662__00560.198,11.945401280726855,43.012414985,C662,_,00560,198
C662__00530.198,11.91194398117496,43.01487498,C662,_,00530,198
C662__00520.198,11.970320214277068,43.021754165000004,C662,_,00520,198
C662__00490.198,11.947807787965615,43.015977335,C662,_,00490,198
C662__00470.198,11.928830040912192,43.0216317,C662,_,00470,198
C662__00460.198,11.90868795342762,43.01815033,C662,_,00460,198
C662__00430.198,11.889817896544795,43.021243870000006,C662,_,00430,198
C662__00370.198,11.947328303240184,43.03428868,C662,_,00370,198
C662__00360.198,11.93887695667496,43.029228285,C662,_,00360,198
C662__00350.198,11.935880353140844,43.032285145,C662,_,00350,198
C662__00340.198,11.925577356035625,43.03029424,C662,_,00340,198
C662__00290.198,11.87714531671913,43.028785115,C662,_,00290,198
C662__00260.198,11.929814480357884,43.038174795,C662,_,00260,198
C662__00080.198,11.917190606535428,43.060225849999995,C662,_,00080,198
C662__00020.199,11.903759881244847,43.066608654999996,C662,_,00020,199
C662__00680.199,11.952096010699556,42.9813427,C662,_,00680,199
C662__00660.199,11.952058713420957,42.99360596,C662,_,00660,199
C662__00640.199,11.931895796252906,42.993676355000005,C662,_,00640,199
C662__0063.199,11.957004176849814,43.003413429999995,C662,_,0063,199
C662__00590.199,11.952423850171266,43.00862857,C662,_,00590,199
C662__00580.199,11.937214292251813,43.005230284999996,C662,_,00580,199
C662__00560.199,11.945103148270292,43.011934065000005,C662,_,00560,199
C662__00520.199,11.97053747571979,43.02405777,C662,_,00520,199
C662__00490.199,11.947966169936118,43.015963215,C662,_,00490,199
C662__00470.199,11.931167621332701,43.022249215,C662,_,00470,199
C662__00360.199,11.939604538908824,43.029288210000004,C662,_,00360,199
C662__00340.199,11.926426682776818,43.030826239999996,C662,_,00340,199
C662__00300.199,11.887068179576001,43.02615274,C662,_,00300,199
C662__00290.199,11.877481430749922,43.02862829,C662,_,00290,199
C662__00260.199,11.9325158086418,43.0380831,C662,_,00260,199
C662__00080.199,11.9167279005288,43.060013805,C662,_,00080,199
C662__00020.2,11.909664555283516,43.067471375,C662,_,00020,2
C662__00670.2,11.936210637040165,42.989033,C662,_,00670,2
C662__00650.2,11.935066723027052,42.99895668,C662,_,00650,2
C662__00640.2,11.925948263097219,42.996589235,C662,_,00640,2
C662__00620.2,11.93541389431812,43.003001225000006,C662,_,00620,2
C662__00610.2,11.924488234641709,43.004827750000004,C662,_,00610,2
C662__00600.2,11.917214750317147,43.00723334,C662,_,00600,2
C662__00590.2,11.953234191881883,43.015309715,C662,_,00590,2
C662__00580.2,11.945976081130375,43.012375085,C662,_,00580,2
C662__00560.2,11.933222849138623,43.01714416,C662,_,00560,2
C662__00550.2,11.923963518082472,43.01421425,C662,_,00550,2
C662__00540.2,11.91565960642009,43.016404945,C662,_,00540,2
C662__00510.2,11.963829895831164,43.031068274999996,C662,_,00510,2
C662__00480.2,11.940061742915287,43.029288210000004,C662,_,00480,2
C662__00460.2,11.915577576329301,43.02345341,C662,_,00460,2
C662__00450.2,11.90632577936038,43.022654079999995,C662,_,00450,2
C662__00400.2,11.861026553258442,43.029314924999994,C662,_,00400,2
C662__00390.2,11.963113558181266,43.04245486,C662,_,00390,2
C662__00360.2,11.941200387206983,43.03975996,C662,_,00360,2
C662__00350.2,11.935800003480018,43.038106305,C662,_,00350,2
C662__00320.2,11.902747678625873,43.033669775,C662,_,00320,2
C662__00310.2,11.897895440588446,43.033479045,C662,_,00310,2
C662__00300.2,11.88680359310884,43.033839605,C662,_,00300,2
C662__00290.2,11.870429425922842,43.03514173000001,C662,_,00290,2
C662__00280.2,11.960442501049815,43.04399607,C662,_,00280,2
C662__00260.2,11.929952491953426,43.04435848999999,C662,_,00260,2
C662__00250.2,11.919004959872474,43.042149865,C662,_,00250,2
C662__00230.2,11.913801109413484,43.044940249999996,C662,_,00230,2
C662__00220.2,11.905338528922336,43.046284785,C662,_,00220,2
C662__00210.2,11.892024279796328,43.041849385,C662,_,00210,2
C662__00200.2,11.883141021623844,43.046117595,C662,_,00200,2
C662__00190.2,11.877943714974203,43.044700245,C662,_,00190,2
C662__00180.2,11.895851706050323,43.04987614,C662,_,00180,2
C662__00160.2,11.960974472999146,43.045099055,C662,_,00160,2
C662__00150.2,11.955666655813117,43.06604276,C662,_,00150,2
C662__00130.2,11.921070648236036,43.045780095,C662,_,00130,2
C662__00120.2,11.920765612954046,43.05257038,C662,_,00120,2
C662__00110.2,11.916369106482133,43.05350638,C662,_,00110,2
C662__00100.2,11.898194783470306,43.055071515,C662,_,00100,2
C662__00090.2,11.924175129318698,43.059891410000006,C662,_,00090,2
C662__00080.2,11.91655801330879,43.0603191,C662,_,00080,2
C662__00070.2,11.906498849030527,43.06200686,C662,_,00070,2
C662__00060.2,11.889092129548978,43.06098729,C662,_,00060,2
C662__00050.2,11.92345199186002,43.074264150000005,C662,_,00050,2
C662__00030.2,11.915498290766449,43.06590148,C662,_,00030,2
C662__00010.20,11.916747085561205,43.07051136,C662,_,00010,20
C662__00670.20,11.939659658620059,42.986730304999995,C662,_,00670,20
C662__00660.20,11.950021134735174,42.99496988,C662,_,00660,20
C662__00650.20,11.936274040459859,42.99638938,C662,_,00650,20
C662__0063.20,11.954013873719692,43.005697165,C662,_,0063,20
C662__00620.20,11.935756020517932,43.00215371,C662,_,00620,20
C662__00570.20,11.931968117079052,43.009350229999995,C662,_,00570,20
C662__00550.20,11.922730603543618,43.01291432,C662,_,00550,20
C662__00540.20,11.91543555992714,43.01186226,C662,_,00540,20
C662__00530.20,11.908298952749966,43.01282405,C662,_,00530,20
C662__00520.20,11.966767032023807,43.015990125,C662,_,00520,20
C662__00510.20,11.96136252302136,43.026903884999996,C662,_,00510,20
C662__00500.20,11.948925216358184,43.025802965,C662,_,00500,20
C662__00480.20,11.940433598018814,43.02700221,C662,_,00480,20
C662__00470.20,11.930026153727454,43.021758445,C662,_,00470,20
C662__00460.20,11.907035783043519,43.02005237,C662,_,00460,20
C662__00450.20,11.901464992522227,43.019562775,C662,_,00450,20
C662__00440.20,11.89789344992425,43.01678215,C662,_,00440,20
C662__00420.20,11.88390347412021,43.02494995,C662,_,00420,20
C662__00410.20,11.881332585340544,43.02746252,C662,_,00410,20
C662__00400.20,11.862789602201886,43.026195415000004,C662,_,00400,20
C662__00390.20,11.972065961486669,43.03576982,C662,_,00390,20
C662__00370.20,11.947875989520147,43.036203095000005,C662,_,00370,20
C662__00360.20,11.943597695158907,43.036800119999995,C662,_,00360,20
C662__00340.20,11.928325263570425,43.02763907,C662,_,00340,20
C662__00310.20,11.897215151070185,43.02930963,C662,_,00310,20
C662__00300.20,11.88638960234761,43.032419250000004,C662,_,00300,20
C662__00290.20,11.86999462307985,43.03116666,C662,_,00290,20
C662__00270.20,11.95067753475896,43.046733485000004,C662,_,00270,20
C662__00260.20,11.94210132855649,43.046596705,C662,_,00260,20
C662__00250.20,11.928666860008356,43.03921493,C662,_,00250,20
C662__00230.20,11.913783581673723,43.042144765,C662,_,00230,20
C662__00220.20,11.90175321493551,43.04257781,C662,_,00220,20
C662__00200.20,11.882790038939426,43.040739605,C662,_,00200,20
C662__00190.20,11.877442029119187,43.033852335,C662,_,00190,20
C662__00180.20,11.900471862113047,43.04937112,C662,_,00180,20
C662__00170.20,11.97787946477532,43.055089214999995,C662,_,00170,20
C662__00160.20,11.96074296186775,43.046227665,C662,_,00160,20
C662__00150.20,11.969936470302255,43.062569769999996,C662,_,00150,20
C662__00140.20,11.942129859799225,43.053060959999996,C662,_,00140,20
C662__00120.20,11.934094580133783,43.05024555,C662,_,00120,20
C662__00100.20,11.905416038187028,43.05558303,C662,_,00100,20
C662__00070.20,11.908953585553661,43.05987768,C662,_,00070,20
C662__00040.20,11.924603442188921,43.070661535,C662,_,00040,20
C662__00020.20,11.909891990765015,43.0638163,C662,_,00020,20
C662__00020.200,11.903673851054688,43.066573905,C662,_,00020,200
C662__00650.200,11.934718630743868,42.998662115,C662,_,00650,200
C662__00640.200,11.933514526643918,42.994648905,C662,_,00640,200
C662__0063.200,11.957001537127042,43.003367839999996,C662,_,0063,200
C662__00620.200,11.940299576225689,43.003674245,C662,_,00620,200
C662__00590.200,11.952639463646936,43.008874885,C662,_,00590,200
C662__00560.200,11.931305389172422,43.011793055,C662,_,00560,200
C662__00520.200,11.970662161930118,43.02401167,C662,_,00520,200
C662__00500.200,11.95807105039587,43.01719695,C662,_,00500,200
C662__00490.200,11.948436150910355,43.016501985,C662,_,00490,200
C662__00480.200,11.9472061410229,43.02100736,C662,_,00480,200
C662__00470.200,11.930561291386594,43.021483305000004,C662,_,00470,200
C662__00460.200,11.908936007267354,43.01817299,C662,_,00460,200
C662__00450.200,11.90543446359427,43.020354444999995,C662,_,00450,200
C662__00370.200,11.946714181327721,43.033169189999995,C662,_,00370,200
C662__00360.200,11.936488882645484,43.02856405,C662,_,00360,200
C662__00350.200,11.935830567372449,43.03217766,C662,_,00350,200
C662__00340.200,11.924968140738795,43.030711464999996,C662,_,00340,200
C662__00300.200,11.887319363969834,43.02621677,C662,_,00300,200
C662__00290.200,11.871483999976647,43.027936885,C662,_,00290,200
C662__00080.200,11.917151035979437,43.060263219999996,C662,_,00080,200
C662__00070.201,11.912045918082049,43.05742408,C662,_,00070,201
C662__00650.201,11.943659496083807,42.99684719,C662,_,00650,201
C662__00640.201,11.93350260322212,42.993484005,C662,_,00640,201
C662__00620.201,11.940889582632355,43.004506585,C662,_,00620,201
C662__00520.201,11.970727649711423,43.02398145,C662,_,00520,201
C662__00500.201,11.95833130953125,43.016996,C662,_,00500,201
C662__00490.201,11.948401535293431,43.01640275,C662,_,00490,201
C662__00480.201,11.935940723035138,43.020116215,C662,_,00480,201
C662__00470.201,11.931452641104535,43.02091115499999,C662,_,00470,201
C662__00460.201,11.90888794267338,43.018233015,C662,_,00460,201
C662__00450.201,11.905448639438333,43.020323415,C662,_,00450,201
C662__00430.201,11.890008090478796,43.0223053,C662,_,00430,201
C662__00350.201,11.935144281863014,43.03061812,C662,_,00350,201
C662__00340.201,11.923782373806286,43.030944489999996,C662,_,00340,201
C662__00300.201,11.884702697860131,43.03059744,C662,_,00300,201
C662__00290.201,11.873914016043724,43.030714540000005,C662,_,00290,201
C662__00080.201,11.91655509647234,43.060176665,C662,_,00080,201
C662__00020.202,11.910443270170907,43.065023645,C662,_,00020,202
C662__00650.202,11.940694465739341,42.997323585,C662,_,00650,202
C662__00640.202,11.934213551329778,42.993755140000005,C662,_,00640,202
C662__0063.202,11.957365748632318,43.003408895,C662,_,0063,202
C662__00620.202,11.940296483468835,43.003196474999996,C662,_,00620,202
C662__00590.202,11.953771245863358,43.008142485,C662,_,00590,202
C662__00580.202,11.943167750929232,43.00837269,C662,_,00580,202
C662__00530.202,11.913693413913691,43.01562373,C662,_,00530,202
C662__00520.202,11.971051313208651,43.02617889,C662,_,00520,202
C662__00500.202,11.958639772927377,43.01718967,C662,_,00500,202
C662__00490.202,11.948301611638467,43.01619042,C662,_,00490,202
C662__00480.202,11.93616039804422,43.0201662,C662,_,00480,202
C662__00470.202,11.92720884721986,43.01676938,C662,_,00470,202
C662__00460.202,11.909150271870729,43.018363050000005,C662,_,00460,202
C662__00430.202,11.88953994439187,43.021646985000004,C662,_,00430,202
C662__00370.202,11.949353772999363,43.033522215,C662,_,00370,202
C662__00360.202,11.93703503431967,43.028552105,C662,_,00360,202
C662__00350.202,11.932893985390391,43.030860485000005,C662,_,00350,202
C662__00340.202,11.924261945799893,43.03030837,C662,_,00340,202
C662__00310.202,11.899510562193324,43.025055734999995,C662,_,00310,202
C662__00300.202,11.883421229627809,43.029581475,C662,_,00300,202
C662__00290.202,11.875624642236156,43.030397725,C662,_,00290,202
C662__00080.202,11.91688903800621,43.060280195000004,C662,_,00080,202
C662__00020.203,11.909607444860981,43.065029374999995,C662,_,00020,203
C662__00680.203,11.955763944421374,42.9831363,C662,_,00680,203
C662__00660.203,11.95257911996562,42.990442095000006,C662,_,00660,203
C662__00650.203,11.943812878701657,42.996157194999995,C662,_,00650,203
C662__00640.203,11.934378378182569,42.993437334999996,C662,_,00640,203
C662__00620.203,11.939594523933089,43.002889839999995,C662,_,00620,203
C662__00580.203,11.944286345559025,43.006989745,C662,_,00580,203
C662__00560.203,11.931928073221039,43.01134845,C662,_,00560,203
C662__00530.203,11.913463357668412,43.01577604,C662,_,00530,203
C662__00500.203,11.958658065326487,43.017018844999996,C662,_,00500,203
C662__00490.203,11.948215011473172,43.01611682,C662,_,00490,203
C662__00480.203,11.938048626773114,43.020008665,C662,_,00480,203
C662__00430.203,11.889402542664005,43.02159218,C662,_,00430,203
C662__00360.203,11.93740267783297,43.02852587,C662,_,00360,203
C662__00350.203,11.935195266176777,43.02665687,C662,_,00350,203
C662__00340.203,11.923361465994773,43.030600109999995,C662,_,00340,203
C662__00290.203,11.87575106130334,43.03029164,C662,_,00290,203
C662__00080.203,11.916242241554052,43.060647724999995,C662,_,00080,203
C662__00020.204,11.908399864058465,43.06585941,C662,_,00020,204
C662__00680.204,11.953541989651825,42.984567305,C662,_,00680,204
C662__00650.204,11.945870339616086,42.995897635,C662,_,00650,204
C662__00640.204,11.924263228586303,42.993080129999996,C662,_,00640,204
C662__0063.204,11.957021237777102,43.00334882,C662,_,0063,204
C662__00620.204,11.940550229034887,43.00290135,C662,_,00620,204
C662__00590.204,11.954712821207547,43.007796405,C662,_,00590,204
C662__00580.204,11.943209840371859,43.007210220000005,C662,_,00580,204
C662__00520.204,11.970850985986623,43.025472484999995,C662,_,00520,204
C662__00500.204,11.95907567931344,43.016637745,C662,_,00500,204
C662__00490.204,11.948331168422131,43.01610622,C662,_,00490,204
C662__00470.204,11.928146805391625,43.016440695,C662,_,00470,204
C662__00430.204,11.889286714086522,43.02129524,C662,_,00430,204
C662__00360.204,11.937853147571586,43.028481455000005,C662,_,00360,204
C662__00350.204,11.93408241168334,43.02723895,C662,_,00350,204
C662__00310.204,11.899346352993991,43.025071685,C662,_,00310,204
C662__00290.204,11.875243280397981,43.029602225000005,C662,_,00290,204
C662__00260.204,11.933097577659325,43.038512215,C662,_,00260,204
C662__00080.204,11.916421805060232,43.060700385000004,C662,_,00080,204
C662__00070.204,11.910136413362686,43.056092074999995,C662,_,00070,204
C662__00020.205,11.906766228474902,43.067028815,C662,_,00020,205
C662__00660.205,11.952433480843194,42.989170474999995,C662,_,00660,205
C662__00650.205,11.943135277743886,42.99663786,C662,_,00650,205
C662__0062.205,11.955071234233728,42.99931456,C662,_,0062,205
C662__00590.205,11.955538394760133,43.00775582,C662,_,00590,205
C662__00520.205,11.971173269203796,43.01986058,C662,_,00520,205
C662__00500.205,11.949574366531301,43.016047345000004,C662,_,00500,205
C662__00490.205,11.948186117635075,43.016053235,C662,_,00490,205
C662__00470.205,11.92832111368434,43.016011065,C662,_,00470,205
C662__00450.205,11.90587900130806,43.021010995,C662,_,00450,205
C662__00430.205,11.8904895722871,43.022711695,C662,_,00430,205
C662__00360.205,11.938262280212255,43.02879676,C662,_,00360,205
C662__00300.205,11.890818024703307,43.030243264999996,C662,_,00300,205
C662__00290.205,11.875210787641375,43.030048484999995,C662,_,00290,205
C662__00080.205,11.916045063765612,43.060900079999996,C662,_,00080,205
C662__00070.205,11.910751038939345,43.055492485,C662,_,00070,205
C662__00080.206,11.916194703809962,43.0609525,C662,_,00080,206
C662__00660.206,11.955042351303035,42.99028434,C662,_,00660,206
C662__00640.206,11.92538439190429,42.993998915,C662,_,00640,206
C662__0062.206,11.954802610068981,42.99960485,C662,_,0062,206
C662__00580.206,11.944097162767203,43.00674637,C662,_,00580,206
C662__00560.206,11.933553048961311,43.011879140000005,C662,_,00560,206
C662__00520.206,11.971134230510202,43.019828585,C662,_,00520,206
C662__00490.206,11.948118497335022,43.01595856,C662,_,00490,206
C662__00450.206,11.905467073026157,43.02028308,C662,_,00450,206
C662__00430.206,11.887824795848173,43.02169616,C662,_,00430,206
C662__00370.206,11.94562530433856,43.03235458,C662,_,00370,206
C662__00360.206,11.938917497017849,43.028701095,C662,_,00360,206
C662__00350.206,11.929171079822442,43.030745015,C662,_,00350,206
C662__00310.206,11.898464007934644,43.023867485,C662,_,00310,206
C662__00300.206,11.884861173040667,43.031429905,C662,_,00300,206
C662__00290.206,11.874926310896683,43.030056895,C662,_,00290,206
C662__00080.207,11.91666506572474,43.056686909999996,C662,_,00080,207
C662__00680.207,11.952340038174713,42.984944935,C662,_,00680,207
C662__00650.207,11.943879104604209,42.995895,C662,_,00650,207
C662__00640.207,11.931457955622234,42.989507095,C662,_,00640,207
C662__0063.207,11.957173317243068,43.0033575,C662,_,0063,207
C662__0062.207,11.954598530787646,42.999402705,C662,_,0062,207
C662__00590.207,11.957623639996552,43.007494745,C662,_,00590,207
C662__00520.207,11.971061758171288,43.01971298,C662,_,00520,207
C662__00490.207,11.948270908541742,43.015968619999995,C662,_,00490,207
C662__00480.207,11.944573078617356,43.02037804,C662,_,00480,207
C662__00470.207,11.930244526251231,43.02094198499999,C662,_,00470,207
C662__00430.207,11.887938558995156,43.021175490000005,C662,_,00430,207
C662__00370.207,11.946571440203872,43.032849889999994,C662,_,00370,207
C662__00360.207,11.939540366665856,43.0287189,C662,_,00360,207
C662__00350.207,11.933930618252003,43.029340180000005,C662,_,00350,207
C662__00310.207,11.898470397521109,43.024093085000004,C662,_,00310,207
C662__00300.207,11.884683011491287,43.03107039,C662,_,00300,207
C662__00020.208,11.909502640721914,43.064916405,C662,_,00020,208
C662__00680.208,11.954249771188348,42.98402266,C662,_,00680,208
C662__00650.208,11.943678080497286,42.9958572,C662,_,00650,208
C662__0062.208,11.954665374198711,42.999799530000004,C662,_,0062,208
C662__00580.208,11.94399467605453,43.006608485,C662,_,00580,208
C662__00560.208,11.934709676908804,43.011227270000006,C662,_,00560,208
C662__00520.208,11.970929356675889,43.02399286,C662,_,00520,208
C662__00500.208,11.951527584152682,43.016217714999996,C662,_,00500,208
C662__00490.208,11.948568179863905,43.016338045,C662,_,00490,208
C662__00480.208,11.94472361561209,43.020256235000005,C662,_,00480,208
C662__00450.208,11.903960471577086,43.020036024999996,C662,_,00450,208
C662__00430.208,11.891356151092204,43.0230922,C662,_,00430,208
C662__00370.208,11.94653045347589,43.032041250000006,C662,_,00370,208
C662__00310.208,11.898668574699599,43.02451431,C662,_,00310,208
C662__00300.208,11.888629447335205,43.026078215,C662,_,00300,208
C662__00290.208,11.873235707190045,43.028550935,C662,_,00290,208
C662__00260.208,11.932769792626274,43.03838985,C662,_,00260,208
C662__00070.208,11.91555253064109,43.054015565,C662,_,00070,208
C662__00020.209,11.908553426065708,43.065559300000004,C662,_,00020,209
C662__00660.209,11.953733517543611,42.994781985,C662,_,00660,209
C662__00650.209,11.943465962121811,42.995736005,C662,_,00650,209
C662__00640.209,11.9321224359416,42.990475765,C662,_,00640,209
C662__0063.209,11.957047201208901,43.00311031,C662,_,0063,209
C662__00620.209,11.951551391996981,43.003109295,C662,_,00620,209
C662__00590.209,11.960872754869353,43.007941905,C662,_,00590,209
C662__00580.209,11.944884049515487,43.00531291,C662,_,00580,209
C662__00560.209,11.934631452404584,43.010835175,C662,_,00560,209
C662__00520.209,11.970775637673274,43.02423535,C662,_,00520,209
C662__00490.209,11.94855811218167,43.016257585000005,C662,_,00490,209
C662__00430.209,11.89136960945803,43.0231268,C662,_,00430,209
C662__00370.209,11.946538302160711,43.03340589,C662,_,00370,209
C662__00350.209,11.930629208976281,43.031362439999995,C662,_,00350,209
C662__00310.209,11.899804343304865,43.024137245000006,C662,_,00310,209
C662__00290.209,11.873477518893033,43.028570395,C662,_,00290,209
C662__00080.209,11.920468267450612,43.053228475,C662,_,00080,209
C662__00070.209,11.913686220666776,43.05323874,C662,_,00070,209
C662__00010.21,11.913920052242593,43.070681535000006,C662,_,00010,21
C662__00640.21,11.926318098509856,42.99556594,C662,_,00640,21
C662__00630.21,11.959103974835575,43.003854565,C662,_,00630,21
C662__00620.21,11.93467301514115,43.001031175,C662,_,00620,21
C662__00600.21,11.916592941718475,42.998961305,C662,_,00600,21
C662__00580.21,11.948248709565771,43.01103928,C662,_,00580,21
C662__00570.21,11.933039817062314,43.0090916,C662,_,00570,21
C662__00560.21,11.932374514191643,43.015515074999996,C662,_,00560,21
C662__00550.21,11.9242298709997,43.012010005,C662,_,00550,21
C662__00540.21,11.916809291029622,43.01156228,C662,_,00540,21
C662__00530.21,11.909276812035637,43.013502565,C662,_,00530,21
C662__00520.21,11.965564934017548,43.023021755,C662,_,00520,21
C662__00500.21,11.949730041295126,43.025837804999995,C662,_,00500,21
C662__00490.21,11.948107501392732,43.01750559,C662,_,00490,21
C662__00480.21,11.941369568048241,43.027321775000004,C662,_,00480,21
C662__00470.21,11.930322795540073,43.021521575,C662,_,00470,21
C662__00460.21,11.908828066964539,43.020406949999995,C662,_,00460,21
C662__00450.21,11.900529060290783,43.01991731,C662,_,00450,21
C662__00440.21,11.898307738236017,43.015940915,C662,_,00440,21
C662__00420.21,11.88351399703157,43.023726055,C662,_,00420,21
C662__00400.21,11.867147674399202,43.02493896,C662,_,00400,21
C662__00380.21,11.957629168689227,43.037449765000005,C662,_,00380,21
C662__00370.21,11.95127470313322,43.036697035,C662,_,00370,21
C662__00360.21,11.943631489218248,43.03450803,C662,_,00360,21
C662__00350.21,11.933884539927481,43.03563664,C662,_,00350,21
C662__00330.21,11.916420666088564,43.028990809999996,C662,_,00330,21
C662__00320.21,11.900453437982234,43.030665395,C662,_,00320,21
C662__00310.21,11.897026519666985,43.02910106,C662,_,00310,21
C662__00300.21,11.889404273756966,43.0332497,C662,_,00300,21
C662__00290.21,11.873652936029213,43.031460235,C662,_,00290,21
C662__00280.21,11.956298735415363,43.04055988,C662,_,00280,21
C662__00250.21,11.926745271680446,43.036837410000004,C662,_,00250,21
C662__00240.21,11.920472294110862,43.033958915,C662,_,00240,21
C662__00230.21,11.914756662668811,43.041998835,C662,_,00230,21
C662__00220.21,11.903249038645328,43.042725430000004,C662,_,00220,21
C662__00210.21,11.888951141668683,43.037895365,C662,_,00210,21
C662__00200.21,11.884542749337882,43.04092893,C662,_,00200,21
C662__00190.21,11.878867756995614,43.035534635,C662,_,00190,21
C662__00180.21,11.90153333748453,43.049168005,C662,_,00180,21
C662__00170.21,11.97850503950622,43.05531699,C662,_,00170,21
C662__00150.21,11.972136847435852,43.063140585,C662,_,00150,21
C662__00140.21,11.943525842446963,43.053744370000004,C662,_,00140,21
C662__00130.21,11.924364700540927,43.044869015,C662,_,00130,21
C662__00120.21,11.9256152305239,43.04802133,C662,_,00120,21
C662__00100.21,11.9078611080269,43.048729820000005,C662,_,00100,21
C662__00090.21,11.938319641009175,43.054751845,C662,_,00090,21
C662__00070.21,11.91241018583579,43.06039691,C662,_,00070,21
C662__00060.21,11.903433380339294,43.060223255,C662,_,00060,21
C662__00030.21,11.913568387434502,43.063076949999996,C662,_,00030,21
C662__00070.210,11.913249345900924,43.053311565,C662,_,00070,210
C662__00640.210,11.929403905287593,42.99553699,C662,_,00640,210
C662__0063.210,11.957340788346725,43.003158795000004,C662,_,0063,210
C662__00590.210,11.961874418157922,43.008678245,C662,_,00590,210
C662__00580.210,11.946219673176696,43.01156449,C662,_,00580,210
C662__00560.210,11.936125605619463,43.011384774999996,C662,_,00560,210
C662__00520.210,11.970719651784052,43.024319405,C662,_,00520,210
C662__00500.210,11.951869667476705,43.01625847,C662,_,00500,210
C662__00470.210,11.927762955943876,43.01737015,C662,_,00470,210
C662__00430.210,11.8915807095212,43.023244430000005,C662,_,00430,210
C662__00370.210,11.946651192055725,43.032693665,C662,_,00370,210
C662__00360.210,11.936842242251856,43.028334645,C662,_,00360,210
C662__00350.210,11.931079010576612,43.030229765,C662,_,00350,210
C662__00310.210,11.899443581278604,43.024219285,C662,_,00310,210
C662__00300.210,11.8879825661256,43.033815759999996,C662,_,00300,210
C662__00290.210,11.873796848228054,43.028602995,C662,_,00290,210
C662__00080.210,11.919747171845273,43.054835565,C662,_,00080,210
C662__00020.211,11.907250780857956,43.066520385000004,C662,_,00020,211
C662__00660.211,11.95378789734088,42.994942484999996,C662,_,00660,211
C662__00650.211,11.942586467648123,42.996553504999994,C662,_,00650,211
C662__00640.211,11.930251158647817,42.995641545,C662,_,00640,211
C662__00590.211,11.96183854248833,43.008190875,C662,_,00590,211
C662__00560.211,11.935730326438872,43.011091605000004,C662,_,00560,211
C662__00520.211,11.97119039287126,43.019682020000005,C662,_,00520,211
C662__00480.211,11.946750296498823,43.020713834999995,C662,_,00480,211
C662__00470.211,11.928719766705226,43.024473935,C662,_,00470,211
C662__00430.211,11.884610341878794,43.024889975,C662,_,00430,211
C662__00360.211,11.936564333861945,43.027934869999996,C662,_,00360,211
C662__00350.211,11.930224370264561,43.031093785,C662,_,00350,211
C662__00310.211,11.899399391967155,43.023905674999995,C662,_,00310,211
C662__00300.211,11.887726520153565,43.03359576,C662,_,00300,211
C662__00290.211,11.873343699486067,43.02871965,C662,_,00290,211
C662__00260.211,11.938784710742453,43.042191149999994,C662,_,00260,211
C662__00080.211,11.920464013943882,43.054080729999995,C662,_,00080,211
C662__00070.211,11.911955184725063,43.055188635,C662,_,00070,211
C662__00020.212,11.910650401675273,43.063738855,C662,_,00020,212
C662__00660.212,11.954123078911133,42.994907874999996,C662,_,00660,212
C662__00650.212,11.942301808168757,42.996555535,C662,_,00650,212
C662__0063.212,11.957268846066395,43.003034565,C662,_,0063,212
C662__00590.212,11.951257805542518,43.006953405000004,C662,_,00590,212
C662__00580.212,11.946841460048113,43.011212119999996,C662,_,00580,212
C662__00560.212,11.935711115896277,43.010865365,C662,_,00560,212
C662__00520.212,11.97080631715545,43.024405775000005,C662,_,00520,212
C662__00500.212,11.951787826127347,43.016731295,C662,_,00500,212
C662__00490.212,11.948507139777027,43.016189905,C662,_,00490,212
C662__00480.212,11.947307046612584,43.020741035,C662,_,00480,212
C662__00470.212,11.928762424264006,43.024352635,C662,_,00470,212
C662__00370.212,11.946629651425145,43.03244464,C662,_,00370,212
C662__00350.212,11.930316639313506,43.030178234999994,C662,_,00350,212
C662__00300.212,11.888096887673465,43.033725605,C662,_,00300,212
C662__00290.212,11.8779888870025,43.02870226,C662,_,00290,212
C662__00260.212,11.939074349214508,43.041953109999994,C662,_,00260,212
C662__00080.212,11.919887124394968,43.055325935,C662,_,00080,212
C662__00070.212,11.911861544659036,43.055047465,C662,_,00070,212
C662__00020.213,11.906638409612441,43.066965685,C662,_,00020,213
C662__00640.213,11.929319643255536,42.995965905,C662,_,00640,213
C662__00620.213,11.941138922212598,43.00436263,C662,_,00620,213
C662__00560.213,11.937994948710184,43.01113452,C662,_,00560,213
C662__00520.213,11.970751198134483,43.02450076,C662,_,00520,213
C662__00490.213,11.948594431646178,43.016183045,C662,_,00490,213
C662__00480.213,11.947177734435952,43.019860050000005,C662,_,00480,213
C662__00470.213,11.928752703521596,43.023786945,C662,_,00470,213
C662__00450.213,11.904576514336663,43.019380055,C662,_,00450,213
C662__00370.213,11.94632256451219,43.03249731,C662,_,00370,213
C662__00350.213,11.933022113051354,43.03045042,C662,_,00350,213
C662__00310.213,11.899589026476407,43.024993335000005,C662,_,00310,213
C662__00300.213,11.888222069035718,43.033725605,C662,_,00300,213
C662__00260.213,11.936186248019212,43.041144169999995,C662,_,00260,213
C662__00080.213,11.917728404005462,43.05726071,C662,_,00080,213
C662__00020.214,11.908311820079291,43.065693284999995,C662,_,00020,214
C662__00660.214,11.954417246818794,42.99484415,C662,_,00660,214
C662__0063.214,11.956073835995424,43.003617625000004,C662,_,0063,214
C662__00620.214,11.940774630028379,43.003785355,C662,_,00620,214
C662__00560.214,11.938616968738769,43.01148656,C662,_,00560,214
C662__00520.214,11.97092467678501,43.026243685,C662,_,00520,214
C662__00470.214,11.9286495460717,43.023005839999996,C662,_,00470,214
C662__00430.214,11.88555470808503,43.024185305,C662,_,00430,214
C662__00350.214,11.935197656292617,43.027947835,C662,_,00350,214
C662__00310.214,11.897135887926078,43.025922734999995,C662,_,00310,214
C662__00300.214,11.886320801987981,43.032689055000006,C662,_,00300,214
C662__00080.214,11.9178255800342,43.05711968,C662,_,00080,214
C662__00070.214,11.912093774359432,43.055206395,C662,_,00070,214
C662__00070.215,11.912468048735764,43.05521464,C662,_,00070,215
C662__00680.215,11.953110388032137,42.98400481,C662,_,00680,215
C662__00660.215,11.953470671707645,42.994700125,C662,_,00660,215
C662__00640.215,11.928949361018848,42.99553699,C662,_,00640,215
C662__00560.215,11.93914175814589,43.01156793,C662,_,00560,215
C662__00500.215,11.95282361674752,43.016914625,C662,_,00500,215
C662__00490.215,11.948594834899392,43.01613183,C662,_,00490,215
C662__00470.215,11.92899932910164,43.022921795,C662,_,00470,215
C662__00450.215,11.904726372486172,43.01969657,C662,_,00450,215
C662__00430.215,11.884296985186381,43.025033955,C662,_,00430,215
C662__00370.215,11.947190795804742,43.032457699999995,C662,_,00370,215
C662__00350.215,11.935278255382006,43.031378835,C662,_,00350,215
C662__00310.215,11.900181662539712,43.02116159,C662,_,00310,215
C662__00300.215,11.886388232252308,43.032689055000006,C662,_,00300,215
C662__00260.215,11.937920439579017,43.04207063,C662,_,00260,215
C662__00070.216,11.91205301909774,43.055341885000004,C662,_,00070,216
C662__00660.216,11.953523290214616,42.99453178,C662,_,00660,216
C662__00590.216,11.95173083505411,43.007626419999994,C662,_,00590,216
C662__00580.216,11.946075340200775,43.00603361,C662,_,00580,216
C662__00560.216,11.93899463239573,43.010697655,C662,_,00560,216
C662__00500.216,11.953846550056767,43.01657707,C662,_,00500,216
C662__00490.216,11.948490085167988,43.016108965,C662,_,00490,216
C662__00480.216,11.936590552286876,43.018903285,C662,_,00480,216
C662__00370.216,11.94706307496076,43.03277548,C662,_,00370,216
C662__00360.216,11.938698776235267,43.02806752,C662,_,00360,216
C662__00310.216,11.898987525739567,43.02284048,C662,_,00310,216
C662__00300.216,11.884820065568753,43.030610145,C662,_,00300,216
C662__00070.217,11.911998434004605,43.05505385,C662,_,00070,217
C662__00680.217,11.955257203584118,42.98383769,C662,_,00680,217
C662__00650.217,11.940276723366374,42.997363594999996,C662,_,00650,217
C662__00640.217,11.919486642374181,42.994062925,C662,_,00640,217
C662__0062.217,11.954259931535617,42.998924375,C662,_,0062,217
C662__00560.217,11.939799175993752,43.010839125000004,C662,_,00560,217
C662__00520.217,11.971690897438718,43.022865485,C662,_,00520,217
C662__00500.217,11.954709753719825,43.016631575,C662,_,00500,217
C662__00490.217,11.948502291520914,43.01602272,C662,_,00490,217
C662__00470.217,11.934840018368643,43.019707010000005,C662,_,00470,217
C662__00430.217,11.88929291435559,43.024515545,C662,_,00430,217
C662__00370.217,11.94702417633184,43.032570395,C662,_,00370,217
C662__00350.217,11.928742685140268,43.033115635,C662,_,00350,217
C662__00300.217,11.885473252277837,43.030936325,C662,_,00300,217
C662__00260.217,11.937866164380262,43.043077745000005,C662,_,00260,217
C662__00020.218,11.903239824732081,43.065613555,C662,_,00020,218
C662__00680.218,11.955115881067545,42.983776305,C662,_,00680,218
C662__00660.218,11.955837408565204,42.989347325,C662,_,00660,218
C662__00650.218,11.940417346794813,42.997665665,C662,_,00650,218
C662__00640.218,11.919874041391187,42.99374666,C662,_,00640,218
C662__0063.218,11.95661440438283,43.003226104999996,C662,_,0063,218
C662__00590.218,11.95205942728022,43.007461595,C662,_,00590,218
C662__00560.218,11.940231851563155,43.011120105,C662,_,00560,218
C662__00520.218,11.970954725969623,43.02672802,C662,_,00520,218
C662__00500.218,11.954596736832698,43.016345515,C662,_,00500,218
C662__00490.218,11.948616595928979,43.01601533,C662,_,00490,218
C662__00480.218,11.93727027645857,43.018888419999996,C662,_,00480,218
C662__00470.218,11.935151879317825,43.019582095000004,C662,_,00470,218
C662__00360.218,11.938380818496071,43.0307149,C662,_,00360,218
C662__00350.218,11.928453312201622,43.03264669,C662,_,00350,218
C662__00300.218,11.88424394581692,43.029912159999995,C662,_,00300,218
C662__00080.218,11.92054165317225,43.05409271,C662,_,00080,218
C662__00070.218,11.911808617244521,43.055198419999996,C662,_,00070,218
C662__00020.219,11.904425642879824,43.06474229,C662,_,00020,219
C662__00650.219,11.940579423311876,42.997762555,C662,_,00650,219
C662__0063.219,11.953639572483471,43.002745985000004,C662,_,0063,219
C662__0062.219,11.955180776281068,42.999682835,C662,_,0062,219
C662__00590.219,11.95320271547067,43.007607055,C662,_,00590,219
C662__00580.219,11.94698270413544,43.010193125,C662,_,00580,219
C662__00560.219,11.941005283941205,43.011141705,C662,_,00560,219
C662__00520.219,11.970736925581043,43.02442752,C662,_,00520,219
C662__00500.219,11.95479994920313,43.01651147,C662,_,00500,219
C662__00490.219,11.948872137456295,43.016589495000005,C662,_,00490,219
C662__00480.219,11.936699627010826,43.019035024999994,C662,_,00480,219
C662__00470.219,11.930988156658906,43.021096865,C662,_,00470,219
C662__00450.219,11.904831764040111,43.019496724999996,C662,_,00450,219
C662__00370.219,11.952986349135152,43.04030494,C662,_,00370,219
C662__00360.219,11.936764298610079,43.02953957,C662,_,00360,219
C662__00350.219,11.928300368718718,43.03327734,C662,_,00350,219
C662__00300.219,11.88452170785964,43.030059574999996,C662,_,00300,219
C662__00260.219,11.931097259472555,43.039913940000005,C662,_,00260,219
C662__00080.219,11.919911434738932,43.05545553,C662,_,00080,219
C662__00010.22,11.91382860192343,43.070838325,C662,_,00010,22
C662__00680.22,11.956332432450306,42.98334938,C662,_,00680,22
C662__00660.22,11.952246125867493,42.994388845,C662,_,00660,22
C662__00650.22,11.938273648918633,42.995602895000005,C662,_,00650,22
C662__00640.22,11.925901526000752,42.995827105000004,C662,_,00640,22
C662__00620.22,11.939806960014684,43.001925495,C662,_,00620,22
C662__00600.22,11.917607793445349,42.99979537,C662,_,00600,22
C662__00570.22,11.9366628098099,43.008250035,C662,_,00570,22
C662__00560.22,11.932705242388243,43.016305025,C662,_,00560,22
C662__00550.22,11.925065192417073,43.011908274999996,C662,_,00550,22
C662__00540.22,11.914798316725637,43.010747620000004,C662,_,00540,22
C662__00530.22,11.910944085154433,43.013373494999996,C662,_,00530,22
C662__00510.22,11.959510195099261,43.027235445,C662,_,00510,22
C662__00500.22,11.951189071484462,43.02569966,C662,_,00500,22
C662__00490.22,11.948046844150776,43.017475125000004,C662,_,00490,22
C662__00480.22,11.94243552083378,43.027475835000004,C662,_,00480,22
C662__00470.22,11.930713384909586,43.021788314999995,C662,_,00470,22
C662__00460.22,11.909422806353724,43.01946982,C662,_,00460,22
C662__00450.22,11.900784505190051,43.018606070000004,C662,_,00450,22
C662__00440.22,11.893941316600458,43.015264155,C662,_,00440,22
C662__00430.22,11.884109668734311,43.02275419,C662,_,00430,22
C662__00420.22,11.878506311431599,43.023688055,C662,_,00420,22
C662__00400.22,11.87002266383805,43.025245455000004,C662,_,00400,22
C662__00390.22,11.967826472156956,43.033945305,C662,_,00390,22
C662__00370.22,11.952454907575497,43.037447355,C662,_,00370,22
C662__00360.22,11.941529596529973,43.034712755,C662,_,00360,22
C662__00350.22,11.936303708682384,43.034729845,C662,_,00350,22
C662__00340.22,11.929415551311198,43.028753859999995,C662,_,00340,22
C662__00330.22,11.90783916624816,43.027039294999994,C662,_,00330,22
C662__00320.22,11.902111955778107,43.030857874999995,C662,_,00320,22
C662__00310.22,11.897917739770513,43.028760915,C662,_,00310,22
C662__00300.22,11.885943530068113,43.032485785,C662,_,00300,22
C662__00290.22,11.874224282241238,43.032459585,C662,_,00290,22
C662__00280.22,11.959306489946199,43.04066918,C662,_,00280,22
C662__00260.22,11.931493830102545,43.04144929,C662,_,00260,22
C662__00240.22,11.921870264045507,43.034053764999996,C662,_,00240,22
C662__00230.22,11.915197914215472,43.0416481,C662,_,00230,22
C662__00220.22,11.905191063803215,43.042130310000005,C662,_,00220,22
C662__00210.22,11.890219264830368,43.037850750000004,C662,_,00210,22
C662__00200.22,11.887438631917263,43.043284935,C662,_,00200,22
C662__00180.22,11.90166989338579,43.04823277,C662,_,00180,22
C662__00170.22,11.978962071686542,43.055551890000004,C662,_,00170,22
C662__00150.22,11.971786052302996,43.062219245,C662,_,00150,22
C662__00140.22,11.942892063442427,43.05306846,C662,_,00140,22
C662__00130.22,11.924690740023644,43.044445679999995,C662,_,00130,22
C662__00120.22,11.920860981997453,43.052708615,C662,_,00120,22
C662__00110.22,11.91885870549771,43.053280215,C662,_,00110,22
C662__00100.22,11.896679320868301,43.055589445,C662,_,00100,22
C662__00080.22,11.915854113469296,43.05759975,C662,_,00080,22
C662__00070.22,11.911012121401932,43.058851335,C662,_,00070,22
C662__00060.22,11.90362192819763,43.061475834999996,C662,_,00060,22
C662__00030.22,11.920183926477485,43.06963472,C662,_,00030,22
C662__00020.220,11.905152184172259,43.06519489,C662,_,00020,220
C662__0062.220,11.954543017142441,42.999680235,C662,_,0062,220
C662__00580.220,11.946851027261783,43.009943390000004,C662,_,00580,220
C662__00560.220,11.941372237073029,43.01128367,C662,_,00560,220
C662__00520.220,11.970793963161357,43.024334085,C662,_,00520,220
C662__00490.220,11.948806198366416,43.01644847,C662,_,00490,220
C662__00480.220,11.937838536539301,43.018883439999996,C662,_,00480,220
C662__00470.220,11.9308916178125,43.021513490000004,C662,_,00470,220
C662__00360.220,11.937961508342152,43.02919003,C662,_,00360,220
C662__00350.220,11.928633160520778,43.0335127,C662,_,00350,220
C662__00300.220,11.884978960894916,43.031054735,C662,_,00300,220
C662__00080.220,11.91993195476081,43.054443684999995,C662,_,00080,220
C662__00070.220,11.911863197438487,43.055368494999996,C662,_,00070,220
C662__00070.221,11.911760796960676,43.055011179999994,C662,_,00070,221
C662__00680.221,11.952926949384501,42.983327849999995,C662,_,00680,221
C662__00660.221,11.956540230554968,42.991167884999996,C662,_,00660,221
C662__0063.221,11.954892544391098,43.00287537,C662,_,0063,221
C662__00590.221,11.951300606442846,43.00661576,C662,_,00590,221
C662__00580.221,11.947168194247713,43.01002738,C662,_,00580,221
C662__00560.221,11.94109895588381,43.01077062,C662,_,00560,221
C662__00520.221,11.965137085139137,43.024592760000004,C662,_,00520,221
C662__00500.221,11.956001276063883,43.016047605,C662,_,00500,221
C662__00490.221,11.94895207160056,43.016382730000004,C662,_,00490,221
C662__00480.221,11.940205388142084,43.019294425,C662,_,00480,221
C662__00470.221,11.931933233708698,43.02148642,C662,_,00470,221
C662__00370.221,11.95227763688953,43.041324175,C662,_,00370,221
C662__00350.221,11.927815035320169,43.032886445,C662,_,00350,221
C662__00310.221,11.898411083852409,43.022902535,C662,_,00310,221
C662__00300.221,11.885121506143555,43.031114020000004,C662,_,00300,221
C662__00080.221,11.916498715191905,43.060142245,C662,_,00080,221
C662__00020.222,11.905612006170493,43.066108189999994,C662,_,00020,222
C662__00650.222,11.944671553274404,42.9908004,C662,_,00650,222
C662__00620.222,11.936229010019876,43.000953605,C662,_,00620,222
C662__00590.222,11.951429383264202,43.006785054999995,C662,_,00590,222
C662__00580.222,11.947320455603583,43.01025846,C662,_,00580,222
C662__00560.222,11.942011229489143,43.01163821,C662,_,00560,222
C662__00520.222,11.969367661006995,43.023654525,C662,_,00520,222
C662__00500.222,11.957021666560166,43.01637572,C662,_,00500,222
C662__00490.222,11.94873107408225,43.016377045,C662,_,00490,222
C662__00480.222,11.941894769336379,43.019170395,C662,_,00480,222
C662__00470.222,11.931136839821013,43.021646669999996,C662,_,00470,222
C662__00360.222,11.938024440926279,43.028949535,C662,_,00360,222
C662__00310.222,11.893023858608514,43.023007195,C662,_,00310,222
C662__00080.222,11.915579760247743,43.061203145,C662,_,00080,222
C662__00020.223,11.904809501890966,43.064552680000006,C662,_,00020,223
C662__00590.223,11.951690277627584,43.006704965,C662,_,00590,223
C662__00580.223,11.948126731208513,43.01010024,C662,_,00580,223
C662__00560.223,11.941910897060193,43.011356375,C662,_,00560,223
C662__00520.223,11.969986048584435,43.024002765000006,C662,_,00520,223
C662__00500.223,11.958276906846084,43.016330745000005,C662,_,00500,223
C662__00490.223,11.949052429015028,43.016298539999994,C662,_,00490,223
C662__00470.223,11.931691734835596,43.0225827,C662,_,00470,223
C662__00370.223,11.952475270345658,43.04151882,C662,_,00370,223
C662__00350.223,11.92849778104843,43.033715405,C662,_,00350,223
C662__00310.223,11.893620399671377,43.02272759,C662,_,00310,223
C662__00080.223,11.915910439013869,43.060883905,C662,_,00080,223
C662__00070.223,11.911489158187084,43.055174885,C662,_,00070,223
C662__00080.224,11.91941542807825,43.05546302,C662,_,00080,224
C662__00650.224,11.945756923957571,42.991012975000004,C662,_,00650,224
C662__0063.224,11.955912185540377,43.00299783,C662,_,0063,224
C662__00590.224,11.951967869814105,43.00693674,C662,_,00590,224
C662__00580.224,11.948096729823762,43.010278885,C662,_,00580,224
C662__00560.224,11.94192797641558,43.010984555,C662,_,00560,224
C662__00520.224,11.968852436378054,43.023756225,C662,_,00520,224
C662__00490.224,11.9487734729104,43.01628107,C662,_,00490,224
C662__00480.224,11.943175948564406,43.01930547,C662,_,00480,224
C662__00370.224,11.946437728990162,43.040967115,C662,_,00370,224
C662__00310.224,11.893949286111607,43.02256376,C662,_,00310,224
C662__00290.224,11.88129687606104,43.029706745,C662,_,00290,224
C662__00020.225,11.906315094515726,43.06590826,C662,_,00020,225
C662__00640.225,11.934419637904568,42.992620155,C662,_,00640,225
C662__0063.225,11.956429907687227,43.003056345000005,C662,_,0063,225
C662__00560.225,11.942904499304632,43.01118801,C662,_,00560,225
C662__00520.225,11.969723777480532,43.02354314,C662,_,00520,225
C662__00500.225,11.95071460710636,43.01538025,C662,_,00500,225
C662__00490.225,11.948770433554177,43.01623974,C662,_,00490,225
C662__00480.225,11.9442022320228,43.01974296,C662,_,00480,225
C662__00430.225,11.890276494598453,43.022809609999996,C662,_,00430,225
C662__00370.225,11.947203657135246,43.040941720000006,C662,_,00370,225
C662__00350.225,11.929085999553216,43.03251476,C662,_,00350,225
C662__00310.225,11.894585875859473,43.022248489999996,C662,_,00310,225
C662__00080.225,11.920314321929556,43.059360955,C662,_,00080,225
C662__00070.225,11.914082679605539,43.05897692,C662,_,00070,225
C662__00020.226,11.902085592287138,43.063581495,C662,_,00020,226
C662__00680.226,11.953600142980157,42.983425485,C662,_,00680,226
C662__00650.226,11.936671174769671,42.997608905,C662,_,00650,226
C662__00640.226,11.934427969053226,42.993268115,C662,_,00640,226
C662__0063.226,11.95673685099441,43.00308096,C662,_,0063,226
C662__00560.226,11.944294326392459,43.010291089999996,C662,_,00560,226
C662__00520.226,11.969758250336731,43.02272848,C662,_,00520,226
C662__00490.226,11.948985843015272,43.01623974,C662,_,00490,226
C662__00430.226,11.891309614507954,43.02269588,C662,_,00430,226
C662__00370.226,11.94687566939821,43.040479770000005,C662,_,00370,226
C662__00310.226,11.894912307702239,43.02208925,C662,_,00310,226
C662__00080.226,11.920165196204554,43.059394415,C662,_,00080,226
C662__00070.226,11.913951147050362,43.05740632,C662,_,00070,226
C662__00070.227,11.911976025174209,43.056009065,C662,_,00070,227
C662__00680.227,11.95308758099008,42.983762285,C662,_,00680,227
C662__00650.227,11.93601132383259,42.99770954,C662,_,00650,227
C662__00620.227,11.938866473380184,43.000387794999995,C662,_,00620,227
C662__00590.227,11.952234745109353,43.006875199999996,C662,_,00590,227
C662__00560.227,11.943588820977897,43.011555555,C662,_,00560,227
C662__00520.227,11.969588745962085,43.02179562,C662,_,00520,227
C662__00500.227,11.951315643747447,43.01483699,C662,_,00500,227
C662__00490.227,11.94876967632319,43.016191085,C662,_,00490,227
C662__00430.227,11.890301270409106,43.022287129999995,C662,_,00430,227
C662__00350.227,11.934285465557537,43.027417799999995,C662,_,00350,227
C662__00310.227,11.895227802905278,43.021937315,C662,_,00310,227
C662__00080.227,11.919898767114466,43.05949848,C662,_,00080,227
C662__00080.228,11.91937785708384,43.059710705,C662,_,00080,228
C662__00650.228,11.935944987226536,42.99236919,C662,_,00650,228
C662__00640.228,11.933342817036692,42.991616484999994,C662,_,00640,228
C662__00590.228,11.952724439578347,43.007015275,C662,_,00590,228
C662__00580.228,11.946832586483598,43.00576734,C662,_,00580,228
C662__00560.228,11.93412486962387,43.0103188,C662,_,00560,228
C662__00520.228,11.969694617543881,43.020748795,C662,_,00520,228
C662__00500.228,11.951190767069734,43.015618925,C662,_,00500,228
C662__00490.228,11.948727032535245,43.016143310000004,C662,_,00490,228
C662__00480.228,11.937001124981741,43.01842096,C662,_,00480,228
C662__00370.228,11.947797385737669,43.038769939999995,C662,_,00370,228
C662__00360.228,11.945686267104705,43.036204975,C662,_,00360,228
C662__00310.228,11.895458990296344,43.0218285,C662,_,00310,228
C662__00080.229,11.918091278607154,43.06021394,C662,_,00080,229
C662__00650.229,11.942845556486668,42.996165755,C662,_,00650,229
C662__00640.229,11.932566774548526,42.991628355,C662,_,00640,229
C662__00620.229,11.953247450967561,42.99953743499999,C662,_,00620,229
C662__00590.229,11.953197135377753,43.007092265,C662,_,00590,229
C662__00520.229,11.969871428004176,43.020414055,C662,_,00520,229
C662__00490.229,11.948868253755993,43.016111609999996,C662,_,00490,229
C662__00480.229,11.93679599336233,43.01842096,C662,_,00480,229
C662__00370.229,11.94852092127163,43.039292225,C662,_,00370,229
C662__00360.229,11.94547235086154,43.03430549,C662,_,00360,229
C662__00350.229,11.933118377705917,43.03412469,C662,_,00350,229
C662__00310.229,11.89325783870665,43.02289655,C662,_,00310,229
C662__00010.23,11.91921290655007,43.071910450000004,C662,_,00010,23
C662__00670.23,11.941795344180393,42.986711795,C662,_,00670,23
C662__00650.23,11.938833546271525,42.996063365,C662,_,00650,23
C662__00640.23,11.92808746851831,42.99606022,C662,_,00640,23
C662__0063.23,11.954162551434496,43.005670359999996,C662,_,0063,23
C662__00610.23,11.929361072670815,43.0021296,C662,_,00610,23
C662__00600.23,11.916475079138376,42.997392735000005,C662,_,00600,23
C662__00590.23,11.954401213409454,43.01375488,C662,_,00590,23
C662__00580.23,11.939012839779618,43.00904842,C662,_,00580,23
C662__00570.23,11.934027013784409,43.008973545,C662,_,00570,23
C662__00560.23,11.933324526148532,43.016138225,C662,_,00560,23
C662__00550.23,11.926175623474917,43.011301975,C662,_,00550,23
C662__00540.23,11.91605592720897,43.01075478,C662,_,00540,23
C662__00530.23,11.911215748294905,43.012791085,C662,_,00530,23
C662__00520.23,11.968652209852571,43.023064645000005,C662,_,00520,23
C662__00500.23,11.951105467331777,43.026416745,C662,_,00500,23
C662__00480.23,11.943004367811872,43.027677395,C662,_,00480,23
C662__00470.23,11.930950539322994,43.023660234999994,C662,_,00470,23
C662__00460.23,11.910350061778665,43.01993587,C662,_,00460,23
C662__00450.23,11.901834603421594,43.018345165,C662,_,00450,23
C662__00440.23,11.89694285502549,43.014487615,C662,_,00440,23
C662__00420.23,11.878548613584782,43.022780325,C662,_,00420,23
C662__00400.23,11.861648514826488,43.027560355,C662,_,00400,23
C662__00390.23,11.970167732743047,43.038878365,C662,_,00390,23
C662__00380.23,11.960526443772565,43.037990855000004,C662,_,00380,23
C662__00360.23,11.942280655955308,43.034709175,C662,_,00360,23
C662__00350.23,11.937142703914219,43.03530884,C662,_,00350,23
C662__00330.23,11.907039802268777,43.025359135,C662,_,00330,23
C662__00310.23,11.898395814578112,43.028066495,C662,_,00310,23
C662__00290.23,11.877895954362804,43.031964785,C662,_,00290,23
C662__00270.23,11.954245148022753,43.044446915,C662,_,00270,23
C662__00240.23,11.924701326026343,43.034129345,C662,_,00240,23
C662__00230.23,11.916142968835928,43.041438735,C662,_,00230,23
C662__00210.23,11.891244269034985,43.037824529999995,C662,_,00210,23
C662__00200.23,11.8868256309086,43.041322255,C662,_,00200,23
C662__00190.23,11.881444325586177,43.034931265,C662,_,00190,23
C662__00180.23,11.901575149282394,43.047929155,C662,_,00180,23
C662__00170.23,11.978147245051204,43.055137200000004,C662,_,00170,23
C662__00150.23,11.97126563684596,43.06215972,C662,_,00150,23
C662__00140.23,11.945293161592279,43.053744370000004,C662,_,00140,23
C662__00130.23,11.923228410599805,43.046514450000004,C662,_,00130,23
C662__00120.23,11.924015055400677,43.05273331,C662,_,00120,23
C662__00110.23,11.92029967723155,43.05139708,C662,_,00110,23
C662__00100.23,11.89911088243581,43.05561632,C662,_,00100,23
C662__00090.23,11.923103484966965,43.059138059999995,C662,_,00090,23
C662__00070.23,11.910438473964394,43.05826631,C662,_,00070,23
C662__00060.23,11.903701713134645,43.062353220000006,C662,_,00060,23
C662__00030.23,11.920886232904614,43.06744477,C662,_,00030,23
C662__00020.23,11.91045535543064,43.063663684999995,C662,_,00020,23
C662__00020.230,11.905387644520758,43.065771855,C662,_,00020,230
C662__00650.230,11.942610177695752,42.996241055,C662,_,00650,230
C662__00620.230,11.953219607036544,42.999626285000005,C662,_,00620,230
C662__00590.230,11.954755578540546,43.00687026,C662,_,00590,230
C662__00520.230,11.970415139999456,43.019707085,C662,_,00520,230
C662__00490.230,11.948728522564004,43.016092015,C662,_,00490,230
C662__00470.230,11.919848622732488,43.01661445,C662,_,00470,230
C662__00450.230,11.905725811105896,43.019887115,C662,_,00450,230
C662__00370.230,11.948678620585776,43.03981109,C662,_,00370,230
C662__00360.230,11.944443461430492,43.032230729999995,C662,_,00360,230
C662__00350.230,11.93285906951356,43.035072015,C662,_,00350,230
C662__00310.230,11.89349593333483,43.023542750000004,C662,_,00310,230
C662__00290.230,11.87851342919118,43.035743395,C662,_,00290,230
C662__00080.230,11.917549999397847,43.06042231,C662,_,00080,230
C662__00020.231,11.904971304188814,43.065613139999996,C662,_,00020,231
C662__00650.231,11.941781050606235,42.98965825,C662,_,00650,231
C662__00620.231,11.953563585978447,42.999323610000005,C662,_,00620,231
C662__00580.231,11.945307071178478,43.010201165,C662,_,00580,231
C662__00560.231,11.935401657315548,43.01085508,C662,_,00560,231
C662__00520.231,11.96931646810135,43.02364342,C662,_,00520,231
C662__00500.231,11.952092755238175,43.015160705,C662,_,00500,231
C662__00490.231,11.948729297354143,43.01599037,C662,_,00490,231
C662__00480.231,11.941982733419627,43.01614107,C662,_,00480,231
C662__00370.231,11.945605249908555,43.039616745000004,C662,_,00370,231
C662__00350.231,11.934993079251289,43.033139085,C662,_,00350,231
C662__00310.231,11.893092524382144,43.023077459999996,C662,_,00310,231
C662__00290.231,11.875592683208009,43.033836905,C662,_,00290,231
C662__00080.231,11.917487647202368,43.060464655000004,C662,_,00080,231
C662__00080.232,11.917058178537879,43.060634320000005,C662,_,00080,232
C662__00680.232,11.954978795184433,42.983706035,C662,_,00680,232
C662__00650.232,11.935630797193536,42.998140715,C662,_,00650,232
C662__00630.232,11.962796055717362,43.004982580000004,C662,_,00630,232
C662__0062.232,11.953863236109171,42.999451719999996,C662,_,0062,232
C662__00580.232,11.945315905999644,43.0099758,C662,_,00580,232
C662__00560.232,11.935194953192166,43.01066194,C662,_,00560,232
C662__00520.232,11.969555055383811,43.021569674999995,C662,_,00520,232
C662__00500.232,11.955372422410873,43.015847525,C662,_,00500,232
C662__00490.232,11.948787152958454,43.015976715,C662,_,00490,232
C662__00450.232,11.905263834655667,43.020890034999994,C662,_,00450,232
C662__00430.232,11.88684663898785,43.02532818,C662,_,00430,232
C662__00370.232,11.946489117396618,43.039472024999995,C662,_,00370,232
C662__00350.232,11.935375960423412,43.032946535,C662,_,00350,232
C662__00080.233,11.916545003257424,43.060834915,C662,_,00080,233
C662__00660.233,11.952891457195612,42.995897355,C662,_,00660,233
C662__00650.233,11.934984340528683,42.998040765,C662,_,00650,233
C662__00620.233,11.953742336856944,42.999060545,C662,_,00620,233
C662__00590.233,11.955316959559035,43.006970445,C662,_,00590,233
C662__00580.233,11.944963419780219,43.009736185,C662,_,00580,233
C662__00560.233,11.935895320936936,43.010632845,C662,_,00560,233
C662__00520.233,11.970032941260486,43.02407722,C662,_,00520,233
C662__00500.233,11.956942024102318,43.015848585,C662,_,00500,233
C662__00490.233,11.948889812255562,43.015959455,C662,_,00490,233
C662__00480.233,11.940118255712445,43.01825452,C662,_,00480,233
C662__00470.233,11.919756345819344,43.017923375,C662,_,00470,233
C662__00450.233,11.905534174274965,43.020245525,C662,_,00450,233
C662__00430.233,11.887483429348167,43.02503137,C662,_,00430,233
C662__00370.233,11.9484064336909,43.038890280000004,C662,_,00370,233
C662__00350.233,11.930996621114963,43.027339639999994,C662,_,00350,233
C662__00080.234,11.923754347770966,43.058065084999996,C662,_,00080,234
C662__00680.234,11.95336521212749,42.98173551,C662,_,00680,234
C662__00620.234,11.954233831166711,42.99844818,C662,_,00620,234
C662__00590.234,11.955479427515842,43.00709886,C662,_,00590,234
C662__00580.234,11.945287452377023,43.009750745000005,C662,_,00580,234
C662__00560.234,11.936114581136135,43.01040947,C662,_,00560,234
C662__00520.234,11.963810985681544,43.014877205000005,C662,_,00520,234
C662__00500.234,11.957534466023201,43.01555653,C662,_,00500,234
C662__00490.234,11.948999418662233,43.01603152,C662,_,00490,234
C662__00430.234,11.890398484050507,43.0215066,C662,_,00430,234
C662__00370.234,11.948266207158392,43.039011935000005,C662,_,00370,234
C662__00350.234,11.931629422832607,43.027339639999994,C662,_,00350,234
C662__00310.234,11.894304348388442,43.022672369999995,C662,_,00310,234
C662__00290.234,11.880214075751294,43.03077015,C662,_,00290,234
C662__00070.235,11.91315047944931,43.05783115,C662,_,00070,235
C662__00650.235,11.943676082758735,42.995458525000004,C662,_,00650,235
C662__0063.235,11.956778668541489,43.002863614999995,C662,_,0063,235
C662__00620.235,11.954404187464995,42.998576310000004,C662,_,00620,235
C662__00590.235,11.955807764083765,43.006633504999996,C662,_,00590,235
C662__00580.235,11.945352056259171,43.009603385000005,C662,_,00580,235
C662__00560.235,11.935963748696512,43.010159715,C662,_,00560,235
C662__00520.235,11.963736095777897,43.01466359,C662,_,00520,235
C662__00500.235,11.958271302512834,43.015825755,C662,_,00500,235
C662__00490.235,11.949329450033911,43.01665803,C662,_,00490,235
C662__00480.235,11.941178745672687,43.018662185,C662,_,00480,235
C662__00470.235,11.931174586548924,43.017571059999995,C662,_,00470,235
C662__00430.235,11.890287426864948,43.02110684,C662,_,00430,235
C662__00370.235,11.945846279978035,43.040021839999994,C662,_,00370,235
C662__00360.235,11.93995527804519,43.030699725000005,C662,_,00360,235
C662__00350.235,11.931131755675946,43.030405735,C662,_,00350,235
C662__00290.235,11.882568861158704,43.030698130000005,C662,_,00290,235
C662__00080.235,11.92873085346071,43.056205885,C662,_,00080,235
C662__00080.236,11.92070425559966,43.05925558,C662,_,00080,236
C662__00650.236,11.942669546762854,42.99633514,C662,_,00650,236
C662__0063.236,11.957348691273932,43.004239025000004,C662,_,0063,236
C662__00620.236,11.953608154038871,42.999709710000005,C662,_,00620,236
C662__00580.236,11.944962374017486,43.009617545,C662,_,00580,236
C662__00520.236,11.9661290431149,43.01878729,C662,_,00520,236
C662__00500.236,11.95383940725237,43.02213279,C662,_,00500,236
C662__00490.236,11.949366179660974,43.01652414,C662,_,00490,236
C662__00470.236,11.93124414557171,43.017233895000004,C662,_,00470,236
C662__00450.236,11.904581247407023,43.019702135,C662,_,00450,236
C662__00430.236,11.890059599527735,43.020937239999995,C662,_,00430,236
C662__00370.236,11.947133788592108,43.040294044999996,C662,_,00370,236
C662__00350.236,11.931775321323737,43.030576115,C662,_,00350,236
C662__00310.236,11.893450372784685,43.02289655,C662,_,00310,236
C662__00070.237,11.912984439686193,43.057762865,C662,_,00070,237
C662__00680.237,11.95378102790788,42.982540365000006,C662,_,00680,237
C662__00650.237,11.94485812294155,42.990503635,C662,_,00650,237
C662__00590.237,11.95676100966283,43.006878625,C662,_,00590,237
C662__00520.237,11.96596349298021,43.01901335,C662,_,00520,237
C662__00490.237,11.949350428385522,43.016385535,C662,_,00490,237
C662__00480.237,11.943071409637934,43.01887744,C662,_,00480,237
C662__00470.237,11.92331508327905,43.01565248,C662,_,00470,237
C662__00450.237,11.904390160344692,43.01992903,C662,_,00450,237
C662__00430.237,11.890233393491153,43.020873135,C662,_,00430,237
C662__00370.237,11.954255316380161,43.031942505,C662,_,00370,237
C662__00350.237,11.93191532644366,43.030576115,C662,_,00350,237
C662__00290.237,11.88233580111496,43.030504805,C662,_,00290,237
C662__00080.237,11.925512614365044,43.05741923,C662,_,00080,237
C662__00070.238,11.917171183399795,43.055130375000005,C662,_,00070,238
C662__00680.238,11.955234136109022,42.98372245,C662,_,00680,238
C662__00650.238,11.945605199307693,42.990566995,C662,_,00650,238
C662__00620.238,11.935815774145313,42.999761289999995,C662,_,00620,238
C662__00590.238,11.957120101955493,43.006706685,C662,_,00590,238
C662__00580.238,11.945271193741753,43.009152495,C662,_,00580,238
C662__00560.238,11.937136647036127,43.010646144999995,C662,_,00560,238
C662__00520.238,11.964747316112721,43.01689844,C662,_,00520,238
C662__00490.238,11.949311142544733,43.016104565,C662,_,00490,238
C662__00470.238,11.922697106682492,43.01658536,C662,_,00470,238
C662__00430.238,11.88983829254946,43.021198365,C662,_,00430,238
C662__00350.238,11.930904238648823,43.03081047,C662,_,00350,238
C662__00310.238,11.894571672620051,43.022946925,C662,_,00310,238
C662__00080.238,11.920631114735677,43.05928202,C662,_,00080,238
C662__00070.239,11.916773175117672,43.054542375,C662,_,00070,239
C662__00680.239,11.955472264711384,42.982615785,C662,_,00680,239
C662__00650.239,11.945703640505805,42.99057005,C662,_,00650,239
C662__0063.239,11.956689639821459,43.002773185,C662,_,0063,239
C662__0062.239,11.954560160820625,42.999348330000004,C662,_,0062,239
C662__00520.239,11.964469588843336,43.01697102,C662,_,00520,239
C662__00500.239,11.954560059668532,43.01661253,C662,_,00500,239
C662__00490.239,11.942279935239295,43.016783090000004,C662,_,00490,239
C662__00470.239,11.923368921297541,43.014908735000006,C662,_,00470,239
C662__00450.239,11.904776572222502,43.01979388,C662,_,00450,239
C662__00430.239,11.889964645479473,43.02110619,C662,_,00430,239
C662__00360.239,11.936233583219796,43.032748145,C662,_,00360,239
C662__00350.239,11.931096529415196,43.030783185000004,C662,_,00350,239
C662__00290.239,11.881289980200203,43.02911712,C662,_,00290,239
C662__00010.24,11.917712012833995,43.072407755,C662,_,00010,24
C662__00670.24,11.933611849930648,42.984264225000004,C662,_,00670,24
C662__00650.24,11.94008986244885,42.995626245,C662,_,00650,24
C662__00640.24,11.928575411130929,42.995830595,C662,_,00640,24
C662__0063.24,11.954218749308279,43.005528729999995,C662,_,0063,24
C662__00620.24,11.942984563246544,43.00291213,C662,_,00620,24
C662__00560.24,11.933593362907608,43.015731935,C662,_,00560,24
C662__00550.24,11.926890652543527,43.01071397,C662,_,00550,24
C662__00540.24,11.91780624681395,43.009411745,C662,_,00540,24
C662__00530.24,11.912035352379505,43.01276567,C662,_,00530,24
C662__00520.24,11.969524414793705,43.022736415,C662,_,00520,24
C662__00510.24,11.959436054759113,43.025524845,C662,_,00510,24
C662__00500.24,11.951837969138616,43.02574123,C662,_,00500,24
C662__00490.24,11.94800775282787,43.017400365,C662,_,00490,24
C662__00480.24,11.943016448503126,43.027408359999995,C662,_,00480,24
C662__00470.24,11.931711187864657,43.021849,C662,_,00470,24
C662__00460.24,11.907337131658366,43.01847188,C662,_,00460,24
C662__00450.24,11.90170669463615,43.016421995,C662,_,00450,24
C662__00440.24,11.900314023019217,43.01414814,C662,_,00440,24
C662__00430.24,11.887348595054739,43.022963605,C662,_,00430,24
C662__00420.24,11.881497927978227,43.0219877,C662,_,00420,24
C662__00400.24,11.862917312870382,43.027569459999995,C662,_,00400,24
C662__00380.24,11.961298815326824,43.038257349999995,C662,_,00380,24
C662__00370.24,11.953878385736353,43.037522984999995,C662,_,00370,24
C662__00360.24,11.937604359251388,43.03374527,C662,_,00360,24
C662__00350.24,11.931048712506342,43.034568045,C662,_,00350,24
C662__00340.24,11.922070904757184,43.02711917,C662,_,00340,24
C662__00320.24,11.904772095214103,43.031396404999995,C662,_,00320,24
C662__00310.24,11.899887469419268,43.02848249,C662,_,00310,24
C662__00300.24,11.88629140482774,43.033315125,C662,_,00300,24
C662__00280.24,11.961105742836027,43.04002443,C662,_,00280,24
C662__00250.24,11.929119589199527,43.03887966,C662,_,00250,24
C662__00240.24,11.925783129954237,43.03389607,C662,_,00240,24
C662__00230.24,11.916803025806612,43.041373914999994,C662,_,00230,24
C662__00210.24,11.891902837142272,43.037501575,C662,_,00210,24
C662__00200.24,11.884855868951519,43.039982625,C662,_,00200,24
C662__00190.24,11.881879310682134,43.034604015,C662,_,00190,24
C662__00180.24,11.90238336328622,43.048990325000005,C662,_,00180,24
C662__00170.24,11.97719299261955,43.05215934,C662,_,00170,24
C662__00150.24,11.973102295412737,43.062258145,C662,_,00150,24
C662__00130.24,11.923638954114148,43.04582452,C662,_,00130,24
C662__00120.24,11.921236847809984,43.052007565,C662,_,00120,24
C662__00110.24,11.920713232891549,43.0518006,C662,_,00110,24
C662__00100.24,11.899306193174969,43.054978175,C662,_,00100,24
C662__00060.24,11.904571148581855,43.06087101,C662,_,00060,24
C662__00030.24,11.915264995846107,43.067299505,C662,_,00030,24
C662__00020.24,11.909334307672314,43.063935015,C662,_,00020,24
C662__00290.240,11.88128188288935,43.030186855,C662,_,00290,240
C662__00680.240,11.955594583218007,42.98349624,C662,_,00680,240
C662__00650.240,11.938805534731564,42.99229249,C662,_,00650,240
C662__0063.240,11.953993180977003,43.00245308,C662,_,0063,240
C662__00580.240,11.94712013683693,43.006098295,C662,_,00580,240
C662__00560.240,11.936660080967492,43.009338355,C662,_,00560,240
C662__00520.240,11.963539178530812,43.01499243,C662,_,00520,240
C662__00500.240,11.949308032250286,43.02289432,C662,_,00500,240
C662__00490.240,11.943510068051959,43.01720323,C662,_,00490,240
C662__00480.240,11.946248811641219,43.01915915,C662,_,00480,240
C662__00370.240,11.9479599245342,43.039287310000006,C662,_,00370,240
C662__00360.240,11.937656333963897,43.02967487,C662,_,00360,240
C662__00350.240,11.930949386259647,43.031117089999995,C662,_,00350,240
C662__00020.241,11.90092537816324,43.06488333,C662,_,00020,241
C662__00660.241,11.953112112965368,42.995697505,C662,_,00660,241
C662__00650.241,11.93658386522841,42.989695415,C662,_,00650,241
C662__00590.241,11.960988828624483,43.00734558,C662,_,00590,241
C662__00580.241,11.94792235421708,43.010757045000005,C662,_,00580,241
C662__00560.241,11.938188061163494,43.010146115,C662,_,00560,241
C662__00520.241,11.963408279584401,43.015006799999995,C662,_,00520,241
C662__00480.241,11.947129839095153,43.019011935,C662,_,00480,241
C662__00470.241,11.925822066432668,43.01833432,C662,_,00470,241
C662__00370.241,11.94757993463012,43.038749775,C662,_,00370,241
C662__00350.241,11.932253167460399,43.030508685,C662,_,00350,241
C662__00310.241,11.895605605670568,43.02199431,C662,_,00310,241
C662__00290.241,11.88162633011638,43.03015407,C662,_,00290,241
C662__00020.242,11.900636352350503,43.06485283000001,C662,_,00020,242
C662__00650.242,11.936159235006734,42.997074319999996,C662,_,00650,242
C662__0063.242,11.954127534984664,43.002276795,C662,_,0063,242
C662__00590.242,11.961532985355241,43.007430775,C662,_,00590,242
C662__00580.242,11.947051467164965,43.009886855000005,C662,_,00580,242
C662__00520.242,11.963976429467781,43.015919855,C662,_,00520,242
C662__00500.242,11.958109696006666,43.023907125,C662,_,00500,242
C662__00490.242,11.943938145185554,43.016734595,C662,_,00490,242
C662__00480.242,11.940585416754388,43.01840374,C662,_,00480,242
C662__00350.242,11.931716951491255,43.030685905,C662,_,00350,242
C662__00310.242,11.895719759291072,43.02213231,C662,_,00310,242
C662__00290.242,11.86643357014903,43.028744259999996,C662,_,00290,242
C662__00020.243,11.900242238781534,43.064534785,C662,_,00020,243
C662__00680.243,11.953252640674908,42.981187245,C662,_,00680,243
C662__00660.243,11.951838031319593,42.995771105,C662,_,00660,243
C662__00650.243,11.937272899914127,42.996749035,C662,_,00650,243
C662__00590.243,11.961340652926506,43.007010574999995,C662,_,00590,243
C662__00580.243,11.946967535023909,43.00987395,C662,_,00580,243
C662__00520.243,11.964196664609482,43.015485080000005,C662,_,00520,243
C662__00500.243,11.956698534130304,43.022450785000004,C662,_,00500,243
C662__00490.243,11.943350232487239,43.017056505,C662,_,00490,243
C662__00480.243,11.940760812305761,43.01821847,C662,_,00480,243
C662__00310.243,11.8950959524526,43.022638395,C662,_,00310,243
C662__00290.243,11.879572835694223,43.02857796,C662,_,00290,243
C662__00020.244,11.900620396443383,43.064721795,C662,_,00020,244
C662__00680.244,11.953333284091165,42.98165197,C662,_,00680,244
C662__00650.244,11.9368549721356,42.996954455,C662,_,00650,244
C662__0063.244,11.954170482119249,43.002172015,C662,_,0063,244
C662__00590.244,11.96221083803859,43.007694810000004,C662,_,00590,244
C662__00580.244,11.947164878683466,43.010595115,C662,_,00580,244
C662__00520.244,11.964207552077955,43.015320395,C662,_,00520,244
C662__00480.244,11.941186953988733,43.018259279999995,C662,_,00480,244
C662__00450.244,11.90484281244847,43.020984035,C662,_,00450,244
C662__00360.244,11.942312954053687,43.039880745000005,C662,_,00360,244
C662__00350.244,11.934719137072149,43.033863595,C662,_,00350,244
C662__00290.244,11.881521790574773,43.02970249,C662,_,00290,244
C662__00070.244,11.91303466343172,43.057608965,C662,_,00070,244
C662__00020.245,11.900182038896876,43.064476005,C662,_,00020,245
C662__00650.245,11.9360250354779,42.99647693,C662,_,00650,245
C662__0063.245,11.954312392362857,43.00223967,C662,_,0063,245
C662__0062.245,11.955007207824291,42.99986204,C662,_,0062,245
C662__00590.245,11.962634193438955,43.007826085000005,C662,_,00590,245
C662__00580.245,11.947343613340582,43.010649615000005,C662,_,00580,245
C662__00560.245,11.939523305192333,43.009741835,C662,_,00560,245
C662__00520.245,11.964921259804825,43.01995022,C662,_,00520,245
C662__00500.245,11.950882591009993,43.019721225,C662,_,00500,245
C662__00490.245,11.94450363252865,43.01650101,C662,_,00490,245
C662__00480.245,11.941804288188607,43.018129880000004,C662,_,00480,245
C662__00470.245,11.928286090411918,43.01691126,C662,_,00470,245
C662__00360.245,11.943199981026755,43.03987076,C662,_,00360,245
C662__00350.245,11.92937832345148,43.034981814999995,C662,_,00350,245
C662__00310.245,11.895821431845379,43.022205645,C662,_,00310,245
C662__00070.245,11.916946203493895,43.054879765,C662,_,00070,245
C662__00020.246,11.900583564710047,43.064534785,C662,_,00020,246
C662__00660.246,11.953633694408346,42.996107515000006,C662,_,00660,246
C662__00650.246,11.93620167991089,42.996462045,C662,_,00650,246
C662__0062.246,11.955430160814618,42.999988720000005,C662,_,0062,246
C662__00590.246,11.963233570965805,43.007967065,C662,_,00590,246
C662__00580.246,11.947115418437686,43.010676294999996,C662,_,00580,246
C662__00520.246,11.958790274517526,43.017381255000004,C662,_,00520,246
C662__00500.246,11.952469242675253,43.020285599999994,C662,_,00500,246
C662__00490.246,11.94465816293987,43.0165356,C662,_,00490,246
C662__00470.246,11.928048871542304,43.017181895,C662,_,00470,246
C662__00360.246,11.943841635459783,43.039927805000005,C662,_,00360,246
C662__00350.246,11.92937238285571,43.034956455,C662,_,00350,246
C662__00310.246,11.895425390448843,43.02257428,C662,_,00310,246
C662__00290.246,11.882133636269948,43.02858085,C662,_,00290,246
C662__00070.247,11.916708052843141,43.054842230000006,C662,_,00070,247
C662__00650.247,11.937110260016345,42.99743649,C662,_,00650,247
C662__0063.247,11.95443103118511,43.00203709,C662,_,0063,247
C662__00620.247,11.95333677141782,42.99966159,C662,_,00620,247
C662__00590.247,11.963863049441581,43.008138745,C662,_,00590,247
C662__00580.247,11.947868645144412,43.010447995,C662,_,00580,247
C662__00560.247,11.940488105091998,43.010564115,C662,_,00560,247
C662__00520.247,11.964451470117044,43.016018305,C662,_,00520,247
C662__00490.247,11.946010558690546,43.016665285,C662,_,00490,247
C662__00480.247,11.94587322362565,43.018729895,C662,_,00480,247
C662__00470.247,11.932136210188698,43.020178355,C662,_,00470,247
C662__00450.247,11.905502724901876,43.020222355,C662,_,00450,247
C662__00370.247,11.945781556394158,43.03294872,C662,_,00370,247
C662__00310.247,11.895678118245318,43.02240253,C662,_,00310,247
C662__00070.248,11.91307135107651,43.059978915,C662,_,00070,248
C662__00680.248,11.954930269159096,42.981350025,C662,_,00680,248
C662__00660.248,11.953118796566645,42.995528730000004,C662,_,00660,248
C662__00650.248,11.936451557609502,42.997063409999996,C662,_,00650,248
C662__00630.248,11.958334546519925,42.99878379,C662,_,00630,248
C662__00620.248,11.953584826509022,42.999749269999995,C662,_,00620,248
C662__00590.248,11.964273152297375,43.008228040000006,C662,_,00590,248
C662__00580.248,11.947186464676882,43.011053675,C662,_,00580,248
C662__00560.248,11.94065066579736,43.01036483,C662,_,00560,248
C662__00500.248,11.956825214540007,43.019589485,C662,_,00500,248
C662__00490.248,11.946172087438994,43.01663172,C662,_,00490,248
C662__00480.248,11.946239802898068,43.01891577000001,C662,_,00480,248
C662__00470.248,11.931947592851818,43.020278475,C662,_,00470,248
C662__00370.248,11.946285240743745,43.032881239999995,C662,_,00370,248
C662__00360.248,11.944988607844433,43.037635675,C662,_,00360,248
C662__00350.248,11.935251632659828,43.032332315,C662,_,00350,248
C662__00310.248,11.895303877595893,43.02257428,C662,_,00310,248
C662__00290.248,11.880483898903751,43.02994243,C662,_,00290,248
C662__00310.249,11.895109820375573,43.022732195,C662,_,00310,249
C662__00680.249,11.954763658748382,42.98103096,C662,_,00680,249
C662__00650.249,11.936088979481543,42.99673508,C662,_,00650,249
C662__00620.249,11.953241223390789,42.999596065000006,C662,_,00620,249
C662__00590.249,11.964534157762163,43.008099245,C662,_,00590,249
C662__00580.249,11.947290387518187,43.008876625,C662,_,00580,249
C662__00560.249,11.940883928388608,43.010344125,C662,_,00560,249
C662__00520.249,11.964531536183244,43.02598861,C662,_,00520,249
C662__00500.249,11.953424304446994,43.017783605000005,C662,_,00500,249
C662__00490.249,11.946007667960775,43.016512004999996,C662,_,00490,249
C662__00470.249,11.931739201292125,43.02034611,C662,_,00470,249
C662__00450.249,11.905394817335608,43.020399435,C662,_,00450,249
C662__00370.249,11.946702621195007,43.032413455,C662,_,00370,249
C662__00360.249,11.944334896194365,43.038491074999996,C662,_,00360,249
C662__00010.25,11.91783937998224,43.07260056,C662,_,00010,25
C662__00660.25,11.952734377481013,42.994579345000005,C662,_,00660,25
C662__00650.25,11.940301909564774,42.995774245,C662,_,00650,25
C662__0063.25,11.953275616850842,43.00555522,C662,_,0063,25
C662__00610.25,11.932132379273408,43.000719725,C662,_,00610,25
C662__00600.25,11.91400655857973,43.00045525,C662,_,00600,25
C662__00560.25,11.93386939737453,43.016327345,C662,_,00560,25
C662__00550.25,11.92743341424944,43.0115426,C662,_,00550,25
C662__00540.25,11.917646926067931,43.00871553,C662,_,00540,25
C662__00530.25,11.914252806590337,43.01341433,C662,_,00530,25
C662__00520.25,11.96199035744058,43.02256303,C662,_,00520,25
C662__00510.25,11.959506097641947,43.025103744999996,C662,_,00510,25
C662__00500.25,11.952273111581238,43.026071675,C662,_,00500,25
C662__00490.25,11.947550781644946,43.017559000000006,C662,_,00490,25
C662__00480.25,11.943276475393054,43.027648735,C662,_,00480,25
C662__00470.25,11.931859973669734,43.021034494999995,C662,_,00470,25
C662__00460.25,11.908141906184525,43.01910542,C662,_,00460,25
C662__00440.25,11.899682637110237,43.015319455,C662,_,00440,25
C662__00420.25,11.882938056513057,43.02306089,C662,_,00420,25
C662__00410.25,11.880154653990296,43.026459224999996,C662,_,00410,25
C662__00400.25,11.862872475539191,43.02671755,C662,_,00400,25
C662__00370.25,11.954446631867796,43.037278885,C662,_,00370,25
C662__00360.25,11.939435418372671,43.033938015000004,C662,_,00360,25
C662__00350.25,11.93187896483385,43.034333970000006,C662,_,00350,25
C662__00340.25,11.923160320892567,43.02652168,C662,_,00340,25
C662__00320.25,11.907113017688587,43.032055565,C662,_,00320,25
C662__00310.25,11.899924454203125,43.027781055,C662,_,00310,25
C662__00270.25,11.945192836520237,43.045493574999995,C662,_,00270,25
C662__00260.25,11.93490458476974,43.043690345,C662,_,00260,25
C662__00240.25,11.92502846025953,43.03330712,C662,_,00240,25
C662__00230.25,11.917502849783736,43.041793784999996,C662,_,00230,25
C662__00220.25,11.900863855205808,43.04133187,C662,_,00220,25
C662__00210.25,11.892159740075519,43.037670309999996,C662,_,00210,25
C662__00200.25,11.883720502123678,43.03858054,C662,_,00200,25
C662__00190.25,11.882617285890255,43.034928664999995,C662,_,00190,25
C662__00180.25,11.9040043007399,43.048417855,C662,_,00180,25
C662__00170.25,11.978069117737782,43.053482445,C662,_,00170,25
C662__00160.25,11.96611891480235,43.048070835000004,C662,_,00160,25
C662__00150.25,11.973420491274954,43.062163255,C662,_,00150,25
C662__00140.25,11.935994165695991,43.05015732,C662,_,00140,25
C662__00130.25,11.924051134493222,43.047018179999995,C662,_,00130,25
C662__00120.25,11.92102611526899,43.05233835,C662,_,00120,25
C662__00110.25,11.911192123188457,43.04688016,C662,_,00110,25
C662__00100.25,11.89982607450429,43.05488574,C662,_,00100,25
C662__00070.25,11.909358947866057,43.056613945,C662,_,00070,25
C662__00060.25,11.904703577370235,43.062780925,C662,_,00060,25
C662__00030.25,11.916733778118655,43.06477665,C662,_,00030,25
C662__00020.25,11.910167690917485,43.06372785,C662,_,00020,25
C662__00070.250,11.907730600185687,43.063114455000004,C662,_,00070,250
C662__00650.250,11.93686886074288,42.996543329999994,C662,_,00650,250
C662__00620.250,11.945399493025993,43.002171860000004,C662,_,00620,250
C662__00580.250,11.95125223575701,43.004557555000005,C662,_,00580,250
C662__00560.250,11.941149603415989,43.010179519999994,C662,_,00560,250
C662__00520.250,11.96487849576598,43.02687897,C662,_,00520,250
C662__00500.250,11.957973882565192,43.016487735,C662,_,00500,250
C662__00480.250,11.941196760238041,43.017982294999996,C662,_,00480,250
C662__00370.250,11.94616151279777,43.03257449,C662,_,00370,250
C662__00360.250,11.944742960737127,43.03900216,C662,_,00360,250
C662__00290.250,11.881458010590332,43.02877398,C662,_,00290,250
C662__00070.251,11.912635868962568,43.058427595,C662,_,00070,251
C662__00680.251,11.955413298836906,42.983312695,C662,_,00680,251
C662__00650.251,11.934577770709877,42.992069115,C662,_,00650,251
C662__0063.251,11.954532256844626,43.001910595,C662,_,0063,251
C662__00580.251,11.945326227300436,43.009520035,C662,_,00580,251
C662__00560.251,11.940357807310289,43.010056335,C662,_,00560,251
C662__00520.251,11.96491556237109,43.024816635,C662,_,00520,251
C662__00490.251,11.94589999447934,43.016437335000006,C662,_,00490,251
C662__00480.251,11.942937274067296,43.01799925,C662,_,00480,251
C662__00470.251,11.932408944876341,43.020643565,C662,_,00470,251
C662__00450.251,11.904548625505262,43.02087663499999,C662,_,00450,251
C662__00370.251,11.947160898721805,43.03229043,C662,_,00370,251
C662__00360.251,11.943936438636094,43.03796809,C662,_,00360,251
C662__00350.251,11.93539428783705,43.032430295,C662,_,00350,251
C662__00310.251,11.894835941812183,43.022926075,C662,_,00310,251
C662__00290.251,11.881712048112277,43.028762830000005,C662,_,00290,251
C662__00070.252,11.913356726309283,43.0588038,C662,_,00070,252
C662__00620.252,11.949774048505379,43.00374965,C662,_,00620,252
C662__00590.252,11.952932439280396,43.006391985,C662,_,00590,252
C662__00580.252,11.945212476858202,43.009630105,C662,_,00580,252
C662__00520.252,11.965042594563483,43.024428310000005,C662,_,00520,252
C662__00490.252,11.946083536283542,43.016326844999995,C662,_,00490,252
C662__00480.252,11.945047432355576,43.018151845000006,C662,_,00480,252
C662__00470.252,11.932258137262021,43.020701055,C662,_,00470,252
C662__00450.252,11.90478765740789,43.020941705,C662,_,00450,252
C662__00430.252,11.885510658467622,43.02249256,C662,_,00430,252
C662__00370.252,11.946004884835805,43.032439620000005,C662,_,00370,252
C662__00350.252,11.935472647138504,43.032415424999996,C662,_,00350,252
C662__00310.252,11.891420775249784,43.024834605,C662,_,00310,252
C662__00290.252,11.881031063264476,43.02877998,C662,_,00290,252
C662__00080.252,11.91483135398826,43.059095615000004,C662,_,00080,252
C662__00070.253,11.914677211506664,43.057083705,C662,_,00070,253
C662__00680.253,11.955350681014755,42.98365574,C662,_,00680,253
C662__00590.253,11.952703183928708,43.006738240000004,C662,_,00590,253
C662__00520.253,11.96467330675791,43.024672679999995,C662,_,00520,253
C662__00500.253,11.95194104586326,43.01598228,C662,_,00500,253
C662__00490.253,11.945843280013616,43.016323494999995,C662,_,00490,253
C662__00480.253,11.945608240538082,43.018059435,C662,_,00480,253
C662__00470.253,11.931935419353085,43.02073214,C662,_,00470,253
C662__00450.253,11.905861233079408,43.019162175,C662,_,00450,253
C662__00430.253,11.885079048260643,43.022864775,C662,_,00430,253
C662__00360.253,11.944823586682833,43.038421465,C662,_,00360,253
C662__00350.253,11.934844247078768,43.02900303,C662,_,00350,253
C662__00080.253,11.915297009403764,43.059118694999995,C662,_,00080,253
C662__00020.254,11.901799808457476,43.063115195,C662,_,00020,254
C662__00680.254,11.952449427965075,42.983744685000005,C662,_,00680,254
C662__00590.254,11.952942005168499,43.00657405,C662,_,00590,254
C662__00580.254,11.94314253380112,43.006897210000005,C662,_,00580,254
C662__00520.254,11.964533754314942,43.016228075,C662,_,00520,254
C662__00490.254,11.946023051993354,43.01623581,C662,_,00490,254
C662__00480.254,11.946564080144007,43.01842992,C662,_,00480,254
C662__00470.254,11.932560091818235,43.020514275,C662,_,00470,254
C662__00450.254,11.905917904572075,43.019381545,C662,_,00450,254
C662__00430.254,11.885584239586446,43.022797365,C662,_,00430,254
C662__00360.254,11.943719577900545,43.038510465,C662,_,00360,254
C662__00350.254,11.935316679207912,43.02920186,C662,_,00350,254
C662__00310.254,11.89130677079961,43.024789365000004,C662,_,00310,254
C662__00080.254,11.914926643847638,43.058920015,C662,_,00080,254
C662__00020.255,11.902059672855335,43.06326262,C662,_,00020,255
C662__00590.255,11.953054850884822,43.006866925,C662,_,00590,255
C662__00580.255,11.942958946731878,43.007027495,C662,_,00580,255
C662__00520.255,11.9653736973737,43.022996570000004,C662,_,00520,255
C662__00500.255,11.952113282934164,43.01605533,C662,_,00500,255
C662__00490.255,11.946106072661824,43.016153,C662,_,00490,255
C662__00470.255,11.919142982190118,43.017962145,C662,_,00470,255
C662__00430.255,11.88415206348272,43.02081303,C662,_,00430,255
C662__00370.255,11.94845724418546,43.03939172,C662,_,00370,255
C662__00080.255,11.915075888530176,43.058994805,C662,_,00080,255
C662__00020.256,11.901208356791457,43.063562785,C662,_,00020,256
C662__00680.256,11.951907961694504,42.98215053,C662,_,00680,256
C662__00660.256,11.953273345152756,42.995745865,C662,_,00660,256
C662__0063.256,11.956233751629103,43.002532634999994,C662,_,0063,256
C662__00580.256,11.943361184900189,43.006993050000005,C662,_,00580,256
C662__00560.256,11.942262483577096,43.01531831,C662,_,00560,256
C662__00520.256,11.964886336282492,43.02388186,C662,_,00520,256
C662__00490.256,11.946282535961217,43.01656028,C662,_,00490,256
C662__00470.256,11.919363968576867,43.017957795,C662,_,00470,256
C662__00450.256,11.90267524754833,43.01752318,C662,_,00450,256
C662__00430.256,11.883852482963688,43.022553665000004,C662,_,00430,256
C662__00360.256,11.94478757736528,43.037757799999994,C662,_,00360,256
C662__00310.256,11.891493324706005,43.024671665,C662,_,00310,256
C662__00080.256,11.91475285075504,43.058868745,C662,_,00080,256
C662__00070.256,11.90986261570194,43.06302523,C662,_,00070,256
C662__00080.257,11.914879073211424,43.058936245,C662,_,00080,257
C662__00660.257,11.953683838362535,42.99594951,C662,_,00660,257
C662__00590.257,11.953519863760597,43.006392535,C662,_,00590,257
C662__00580.257,11.942829984522621,43.00719034,C662,_,00580,257
C662__00560.257,11.941564294853054,43.015785005,C662,_,00560,257
C662__00520.257,11.965073115302037,43.02290463,C662,_,00520,257
C662__00490.257,11.946229162217893,43.016362115,C662,_,00490,257
C662__00480.257,11.947495365152133,43.01842759,C662,_,00480,257
C662__00470.257,11.918628940490025,43.017090104999994,C662,_,00470,257
C662__00450.257,11.903533644156232,43.01797258,C662,_,00450,257
C662__00430.257,11.8844782559573,43.022739785,C662,_,00430,257
C662__00370.257,11.95129920758072,43.03033019,C662,_,00370,257
C662__00310.257,11.894177696233722,43.02628471,C662,_,00310,257
C662__00020.258,11.899275831954405,43.062924635,C662,_,00020,258
C662__00660.258,11.953473206676417,42.99580505,C662,_,00660,258
C662__0063.258,11.956563850549848,43.002265895,C662,_,0063,258
C662__00580.258,11.942762420516196,43.00715075,C662,_,00580,258
C662__00560.258,11.943148399756206,43.015396315000004,C662,_,00560,258
C662__00520.258,11.966973228891208,43.019356955,C662,_,00520,258
C662__00500.258,11.95228512065751,43.019181814999996,C662,_,00500,258
C662__00470.258,11.919300008651556,43.017567,C662,_,00470,258
C662__00430.258,11.885138232177361,43.023659835000004,C662,_,00430,258
C662__00370.258,11.949223070266886,43.028636829999996,C662,_,00370,258
C662__00310.258,11.894709602724872,43.026836095,C662,_,00310,258
C662__00080.258,11.915240063317313,43.059136935,C662,_,00080,258
C662__00070.258,11.90739804948624,43.062076595,C662,_,00070,258
C662__00020.259,11.900040199413134,43.064627115,C662,_,00020,259
C662__00620.259,11.947450666445125,42.99745451,C662,_,00620,259
C662__00590.259,11.953418592524221,43.006073315,C662,_,00590,259
C662__00560.259,11.94369198388419,43.01546046,C662,_,00560,259
C662__00520.259,11.967455420355325,43.01928411,C662,_,00520,259
C662__00500.259,11.952320465122781,43.02015282,C662,_,00500,259
C662__00470.259,11.919976093590805,43.017483275000004,C662,_,00470,259
C662__00450.259,11.903843343777014,43.01786963,C662,_,00450,259
C662__00430.259,11.883929476089445,43.02346152,C662,_,00430,259
C662__00080.259,11.915656104785281,43.059380405,C662,_,00080,259
C662__00070.259,11.908627903320564,43.062382740000004,C662,_,00070,259
C662__00020.26,11.910279861658708,43.063548045000005,C662,_,00020,26
C662__00650.26,11.93985872733121,42.995495555000005,C662,_,00650,26
C662__00600.26,11.916357459175195,42.99680382,C662,_,00600,26
C662__00590.26,11.955305857565993,43.013829675,C662,_,00590,26
C662__00580.26,11.944750704121493,43.009130060000004,C662,_,00580,26
C662__00560.26,11.934627354811306,43.01574908,C662,_,00560,26
C662__00550.26,11.921461791364566,43.0091689,C662,_,00550,26
C662__00540.26,11.91739677094684,43.008119105,C662,_,00540,26
C662__00520.26,11.963233389264026,43.022969875,C662,_,00520,26
C662__00500.26,11.953961564878853,43.025927035,C662,_,00500,26
C662__00490.26,11.947518505887555,43.017497629999994,C662,_,00490,26
C662__00480.26,11.943502777350886,43.027563015,C662,_,00480,26
C662__00470.26,11.932801547758428,43.02174115,C662,_,00470,26
C662__00460.26,11.908823915432283,43.019024595000005,C662,_,00460,26
C662__00440.26,11.899924968876855,43.01517895,C662,_,00440,26
C662__00430.26,11.89105132882372,43.022201385,C662,_,00430,26
C662__00420.26,11.883152423106283,43.02207866,C662,_,00420,26
C662__00410.26,11.880053518844004,43.026485855000004,C662,_,00410,26
C662__00400.26,11.862208967261557,43.02743964,C662,_,00400,26
C662__00390.26,11.97095181390317,43.03456711,C662,_,00390,26
C662__00380.26,11.961426827624704,43.038130765000005,C662,_,00380,26
C662__00370.26,11.955353626869387,43.037267375,C662,_,00370,26
C662__00360.26,11.939876264499333,43.03362275,C662,_,00360,26
C662__00350.26,11.931669414941014,43.03356147,C662,_,00350,26
C662__00340.26,11.919738984726404,43.02611344,C662,_,00340,26
C662__00330.26,11.911892321144908,43.027020705,C662,_,00330,26
C662__00320.26,11.908037195474712,43.032404215,C662,_,00320,26
C662__00310.26,11.894374378830515,43.028979105000005,C662,_,00310,26
C662__00300.26,11.88720967109201,43.033171499999995,C662,_,00300,26
C662__00280.26,11.957627920573925,43.040697855000005,C662,_,00280,26
C662__00270.26,11.948400130092972,43.045616875,C662,_,00270,26
C662__00260.26,11.93960227653977,43.045019554999996,C662,_,00260,26
C662__00250.26,11.925922328540103,43.037184355,C662,_,00250,26
C662__00240.26,11.92582426127563,43.032918725,C662,_,00240,26
C662__00230.26,11.91741570919076,43.041330384999995,C662,_,00230,26
C662__00210.26,11.89303488106885,43.038042865,C662,_,00210,26
C662__00200.26,11.886022722222757,43.038568874999996,C662,_,00200,26
C662__00180.26,11.903907277740053,43.047901605,C662,_,00180,26
C662__00170.26,11.979537506690725,43.054682244999995,C662,_,00170,26
C662__00160.26,11.964685158167049,43.047496550000005,C662,_,00160,26
C662__00150.26,11.973071461827471,43.061943959999994,C662,_,00150,26
C662__00140.26,11.938646970682466,43.050889915,C662,_,00140,26
C662__00130.26,11.923013052720739,43.04655679,C662,_,00130,26
C662__00120.26,11.921303814341215,43.052278215,C662,_,00120,26
C662__00110.26,11.911601819391421,43.047443235,C662,_,00110,26
C662__00100.26,11.892926482660403,43.055903865000005,C662,_,00100,26
C662__00090.26,11.929441190250781,43.060492795,C662,_,00090,26
C662__00080.26,11.915768927780114,43.057340085,C662,_,00080,26
C662__00070.26,11.911479777357757,43.056325445,C662,_,00070,26
C662__00060.26,11.905544198899891,43.06257332,C662,_,00060,26
C662__00030.26,11.920015160461801,43.06195701,C662,_,00030,26
C662__00020.260,11.900292005833332,43.0647143,C662,_,00020,260
C662__00660.260,11.953843143479387,42.99465571,C662,_,00660,260
C662__00620.260,11.947149148787101,42.9974784,C662,_,00620,260
C662__00590.260,11.95366123869043,43.006065719999995,C662,_,00590,260
C662__00580.260,11.942944077480266,43.00731179,C662,_,00580,260
C662__00520.260,11.964576305949361,43.017647515,C662,_,00520,260
C662__00500.260,11.952242938453018,43.02029158,C662,_,00500,260
C662__00490.260,11.946219895096093,43.016291075,C662,_,00490,260
C662__00480.260,11.941021777960737,43.017037265,C662,_,00480,260
C662__00470.260,11.918878492427858,43.017212615,C662,_,00470,260
C662__00430.260,11.883706469106535,43.022811475,C662,_,00430,260
C662__00370.260,11.95111636098511,43.029605115,C662,_,00370,260
C662__00310.260,11.895061097643307,43.02694287,C662,_,00310,260
C662__00080.260,11.915464485899577,43.05926488,C662,_,00080,260
C662__00020.261,11.904018687723525,43.06674527,C662,_,00020,261
C662__00660.261,11.953916331178633,42.99471697,C662,_,00660,261
C662__00580.261,11.949096841059056,43.006279199999994,C662,_,00580,261
C662__00520.261,11.965024976294972,43.018089415,C662,_,00520,261
C662__00490.261,11.946228432164473,43.01623913,C662,_,00490,261
C662__00470.261,11.934592371762566,43.021103530000005,C662,_,00470,261
C662__00430.261,11.88480978464364,43.02309513,C662,_,00430,261
C662__00370.261,11.953272276814985,43.030668475,C662,_,00370,261
C662__00310.261,11.895523495167907,43.02235835,C662,_,00310,261
C662__00080.261,11.915828249398613,43.05948156,C662,_,00080,261
C662__00020.262,11.900539935122493,43.064151435,C662,_,00020,262
C662__0063.262,11.95577486644778,43.001909839999996,C662,_,0063,262
C662__00580.262,11.947689036948544,43.005635850000004,C662,_,00580,262
C662__00520.262,11.96480800558982,43.01921322,C662,_,00520,262
C662__00490.262,11.946237752787138,43.016187654999996,C662,_,00490,262
C662__00480.262,11.941715973334993,43.01777749,C662,_,00480,262
C662__00470.262,11.935125931621524,43.02076448,C662,_,00470,262
C662__00370.262,11.95250788234934,43.030732915,C662,_,00370,262
C662__00360.262,11.937270169267652,43.02874954,C662,_,00360,262
C662__00310.262,11.893686059811053,43.0236685,C662,_,00310,262
C662__00080.262,11.915084118031547,43.059045735,C662,_,00080,262
C662__00020.263,11.912193058913683,43.066206455,C662,_,00020,263
C662__00680.263,11.95616276826464,42.983069255,C662,_,00680,263
C662__00660.263,11.953139112704935,42.994878135,C662,_,00660,263
C662__0063.263,11.956386803205042,43.00203373,C662,_,0063,263
C662__00620.263,11.947740354102027,42.997329295,C662,_,00620,263
C662__00580.263,11.948010011376528,43.00571096,C662,_,00580,263
C662__00560.263,11.935790850708628,43.010746745,C662,_,00560,263
C662__00520.263,11.965610099668814,43.01867851,C662,_,00520,263
C662__00490.263,11.9462501080713,43.0161371,C662,_,00490,263
C662__00480.263,11.940561982217103,43.023663084999995,C662,_,00480,263
C662__00470.263,11.934745052351618,43.020426834999995,C662,_,00470,263
C662__00450.263,11.905352962534959,43.02061114,C662,_,00450,263
C662__00370.263,11.952790552872894,43.02984756,C662,_,00370,263
C662__00140.263,11.937214092645174,43.05438754,C662,_,00140,263
C662__00370.264,11.951995292189334,43.030140015,C662,_,00370,264
C662__00680.264,11.956088889860462,42.983289305,C662,_,00680,264
C662__00660.264,11.95207263966124,42.9958041,C662,_,00660,264
C662__0063.264,11.95641790548521,43.001822925,C662,_,0063,264
C662__00580.264,11.948861421547434,43.005117944999995,C662,_,00580,264
C662__00560.264,11.935512163002077,43.010463035,C662,_,00560,264
C662__00520.264,11.965451592370002,43.022021885,C662,_,00520,264
C662__00490.264,11.946418784886747,43.01651934,C662,_,00490,264
C662__00480.264,11.944178344038663,43.024544215,C662,_,00480,264
C662__00470.264,11.935058117666046,43.020513414999996,C662,_,00470,264
C662__00450.264,11.905416637819377,43.020400925,C662,_,00450,264
C662__00430.264,11.88920538261786,43.024216885,C662,_,00430,264
C662__00020.265,11.905291565139803,43.066901645,C662,_,00020,265
C662__00680.265,11.95606873554443,42.983299970000004,C662,_,00680,265
C662__00660.265,11.953675494914389,42.995583075,C662,_,00660,265
C662__0063.265,11.95627022862857,43.00166385,C662,_,0063,265
C662__00590.265,11.94659233767661,43.014340585,C662,_,00590,265
C662__00580.265,11.947826532116505,43.00569075,C662,_,00580,265
C662__00520.265,11.964702889674165,43.018830574999996,C662,_,00520,265
C662__00490.265,11.946493620864311,43.016469029999996,C662,_,00490,265
C662__00480.265,11.93751781775104,43.025164845,C662,_,00480,265
C662__00450.265,11.90527835794744,43.02074709,C662,_,00450,265
C662__00430.265,11.885145072310328,43.024674805000004,C662,_,00430,265
C662__00360.265,11.940581818276359,43.031472304999994,C662,_,00360,265
C662__00310.265,11.893560182616271,43.025962160000006,C662,_,00310,265
C662__00070.266,11.916501692661921,43.05466044,C662,_,00070,266
C662__00680.266,11.956058784078426,42.983242695,C662,_,00680,266
C662__00660.266,11.953429015574491,42.99550689,C662,_,00660,266
C662__0063.266,11.956326703889502,43.001483655,C662,_,0063,266
C662__00590.266,11.946948313915163,43.014254565,C662,_,00590,266
C662__00580.266,11.948946098442836,43.006187615,C662,_,00580,266
C662__00520.266,11.967136701363582,43.02748932,C662,_,00520,266
C662__00490.266,11.94640532021164,43.01647489,C662,_,00490,266
C662__00480.266,11.939578990975146,43.02219468,C662,_,00480,266
C662__00470.266,11.935343844944398,43.02053224,C662,_,00470,266
C662__00450.266,11.905659687858776,43.020304769999996,C662,_,00450,266
C662__00430.266,11.885586807683762,43.02529578,C662,_,00430,266
C662__00370.266,11.952480362656004,43.03190512,C662,_,00370,266
C662__00360.266,11.93773360378714,43.03382691,C662,_,00360,266
C662__00310.266,11.893774329352492,43.026018230000005,C662,_,00310,266
C662__00140.266,11.934305702015042,43.053117525000005,C662,_,00140,266
C662__00080.267,11.914585844648443,43.05931361499999,C662,_,00080,267
C662__00680.267,11.955978024748152,42.98313545,C662,_,00680,267
C662__00660.267,11.95278186588615,42.995477385,C662,_,00660,267
C662__0063.267,11.955202761968398,43.001325095,C662,_,0063,267
C662__00580.267,11.949354123807534,43.00644815,C662,_,00580,267
C662__00520.267,11.967251905222563,43.027870565,C662,_,00520,267
C662__00490.267,11.946394991925464,43.01643595,C662,_,00490,267
C662__00480.267,11.939858707533082,43.022152915,C662,_,00480,267
C662__00470.267,11.93545289473844,43.02078515,C662,_,00470,267
C662__00450.267,11.90560497364445,43.020312305000004,C662,_,00450,267
C662__00430.267,11.885572245688623,43.025361005,C662,_,00430,267
C662__00370.267,11.952147449802302,43.031933965,C662,_,00370,267
C662__00360.267,11.937222477713643,43.030892214999994,C662,_,00360,267
C662__00140.267,11.93322165789701,43.052965315,C662,_,00140,267
C662__00020.268,11.905445393801116,43.06666319,C662,_,00020,268
C662__00680.268,11.955995137159015,42.98313154,C662,_,00680,268
C662__0063.268,11.955781957709018,43.001415135,C662,_,0063,268
C662__00580.268,11.949557608256136,43.00644632,C662,_,00580,268
C662__00520.268,11.96612066030568,43.023755765000004,C662,_,00520,268
C662__00490.268,11.946464544500472,43.016397495,C662,_,00490,268
C662__00480.268,11.940111103248661,43.022164065,C662,_,00480,268
C662__00470.268,11.933138227716835,43.018919165,C662,_,00470,268
C662__00450.268,11.905596877146952,43.021428145,C662,_,00450,268
C662__00430.268,11.885361329747774,43.0254293,C662,_,00430,268
C662__00370.268,11.954551990139105,43.033003969999996,C662,_,00370,268
C662__00310.268,11.893471846248111,43.02552284,C662,_,00310,268
C662__00140.268,11.94495098199907,43.051946875,C662,_,00140,268
C662__00080.268,11.913790452935093,43.06012003,C662,_,00080,268
C662__00080.269,11.915527157527396,43.058955354999995,C662,_,00080,269
C662__00680.269,11.955926817647757,42.983392665,C662,_,00680,269
C662__00580.269,11.948795097726787,43.005991625,C662,_,00580,269
C662__00520.269,11.967407272876091,43.02796083,C662,_,00520,269
C662__00500.269,11.958060917777974,43.0266424,C662,_,00500,269
C662__00490.269,11.946366215343167,43.016357,C662,_,00490,269
C662__00450.269,11.905481447041497,43.020614345,C662,_,00450,269
C662__00370.269,11.952203623398937,43.032118049999994,C662,_,00370,269
C662__00360.269,11.935887007513944,43.02949942,C662,_,00360,269
C662__00310.269,11.892977186095727,43.02590431,C662,_,00310,269
C662__00140.269,11.947743252434929,43.05110974,C662,_,00140,269
C662__00010.27,11.913123652613706,43.070503155,C662,_,00010,27
C662__00660.27,11.953667099092533,42.994639840000005,C662,_,00660,27
C662__00650.27,11.940407026128977,42.99645952,C662,_,00650,27
C662__00620.27,11.946255425350216,43.002809005,C662,_,00620,27
C662__00600.27,11.91530160435144,42.995996655,C662,_,00600,27
C662__00590.27,11.954481873566593,43.01084274,C662,_,00590,27
C662__00570.27,11.928758307990158,43.00843924,C662,_,00570,27
C662__00560.27,11.936533198247243,43.015942949999996,C662,_,00560,27
C662__00550.27,11.923253513108591,43.010146785,C662,_,00550,27
C662__00540.27,11.918295019768255,43.008332785,C662,_,00540,27
C662__00530.27,11.90807389658383,43.009958885,C662,_,00530,27
C662__00520.27,11.963971852015634,43.02298302,C662,_,00520,27
C662__00510.27,11.961049772513551,43.025857905,C662,_,00510,27
C662__00500.27,11.955143290100416,43.025862020000005,C662,_,00500,27
C662__00490.27,11.947611833504928,43.01749092,C662,_,00490,27
C662__00480.27,11.944719876083346,43.027682195,C662,_,00480,27
C662__00470.27,11.932996811268296,43.02284462,C662,_,00470,27
C662__00460.27,11.908766805063495,43.018527125,C662,_,00460,27
C662__00450.27,11.90355713944773,43.018507825,C662,_,00450,27
C662__00440.27,11.900305085803584,43.014691174999996,C662,_,00440,27
C662__00430.27,11.883891032526853,43.022110365,C662,_,00430,27
C662__00420.27,11.876772770437189,43.022586860000004,C662,_,00420,27
C662__00400.27,11.869908385410103,43.02755917,C662,_,00400,27
C662__00390.27,11.972047446220277,43.034684305,C662,_,00390,27
C662__00380.27,11.96182495089344,43.038288015,C662,_,00380,27
C662__00370.27,11.947272368694202,43.0352895,C662,_,00370,27
C662__00360.27,11.939881046381384,43.033402054999996,C662,_,00360,27
C662__00350.27,11.93233240448373,43.033768025,C662,_,00350,27
C662__00340.27,11.920933880960257,43.02559685,C662,_,00340,27
C662__00330.27,11.914047027717853,43.02765574,C662,_,00330,27
C662__00320.27,11.908943127432241,43.03259954,C662,_,00320,27
C662__00310.27,11.894676983289479,43.028557019999994,C662,_,00310,27
C662__00300.27,11.88696477689087,43.032433479999995,C662,_,00300,27
C662__00280.27,11.95565009140105,43.039067085,C662,_,00280,27
C662__00270.27,11.949334238511799,43.046046235000006,C662,_,00270,27
C662__00260.27,11.940989046210392,43.04519923,C662,_,00260,27
C662__00250.27,11.929082389025172,43.038032695,C662,_,00250,27
C662__00240.27,11.916998221369763,43.033481075,C662,_,00240,27
C662__00230.27,11.915847594997022,43.039243745,C662,_,00230,27
C662__00220.27,11.902424349678775,43.041305705,C662,_,00220,27
C662__00210.27,11.895899706024018,43.03850835,C662,_,00210,27
C662__00200.27,11.888017424147055,43.03806313,C662,_,00200,27
C662__00180.27,11.903723853592938,43.047519805,C662,_,00180,27
C662__00170.27,11.97201682447253,43.052714065,C662,_,00170,27
C662__00150.27,11.973847285346874,43.062047629999995,C662,_,00150,27
C662__00140.27,11.941062709175203,43.051542215,C662,_,00140,27
C662__00130.27,11.923080064079073,43.045240160000006,C662,_,00130,27
C662__00110.27,11.910725541404247,43.04725635,C662,_,00110,27
C662__00100.27,11.895844823782118,43.053808849999996,C662,_,00100,27
C662__00090.27,11.92984088580766,43.059696575000004,C662,_,00090,27
C662__00070.27,11.911651994751058,43.05521176,C662,_,00070,27
C662__00060.27,11.905572280984469,43.060935435000005,C662,_,00060,27
C662__00030.27,11.915080825011454,43.06426221,C662,_,00030,27
C662__00020.27,11.910168702024519,43.063452194999996,C662,_,00020,27
C662__00070.270,11.917621112182811,43.05510316,C662,_,00070,270
C662__00680.270,11.955954671091709,42.98328624,C662,_,00680,270
C662__00660.270,11.95408438599437,42.995812225,C662,_,00660,270
C662__0063.270,11.955616421195002,43.001274425,C662,_,0063,270
C662__00590.270,11.94879089505924,43.011357905,C662,_,00590,270
C662__00580.270,11.948816753366227,43.005561515,C662,_,00580,270
C662__00520.270,11.967245596398202,43.026690220000006,C662,_,00520,270
C662__00500.270,11.958165390982213,43.025661165,C662,_,00500,270
C662__00450.270,11.905743573412478,43.020157045,C662,_,00450,270
C662__00430.270,11.890874414783582,43.021706335000005,C662,_,00430,270
C662__00370.270,11.953243768971468,43.032488705,C662,_,00370,270
C662__00360.270,11.942561426163493,43.031666685000005,C662,_,00360,270
C662__00140.270,11.935246875358452,43.048971980000005,C662,_,00140,270
C662__00080.270,11.91824108284969,43.056134965,C662,_,00080,270
C662__00070.271,11.91713935267448,43.054972075,C662,_,00070,271
C662__00680.271,11.955840185607558,42.98279106,C662,_,00680,271
C662__00580.271,11.948837796808963,43.00535199,C662,_,00580,271
C662__00520.271,11.967651494743729,43.028020655,C662,_,00520,271
C662__00500.271,11.957419329623047,43.023908045,C662,_,00500,271
C662__00490.271,11.946464220661646,43.01635391,C662,_,00490,271
C662__00480.271,11.939526508058886,43.01994216,C662,_,00480,271
C662__00450.271,11.904490074220476,43.021189715000006,C662,_,00450,271
C662__00370.271,11.954764284374408,43.032560845000006,C662,_,00370,271
C662__00360.271,11.942315439629596,43.031653465,C662,_,00360,271
C662__00140.271,11.93556846328619,43.050637370000004,C662,_,00140,271
C662__00080.271,11.917443084063546,43.055974535000004,C662,_,00080,271
C662__00020.272,11.90861358728066,43.06542874,C662,_,00020,272
C662__00680.272,11.955946999266027,42.98300796,C662,_,00680,272
C662__00590.272,11.953535493581494,43.007466050000005,C662,_,00590,272
C662__00580.272,11.948675915422559,43.004780285,C662,_,00580,272
C662__00520.272,11.967533681439921,43.027326265,C662,_,00520,272
C662__00500.272,11.955986795351656,43.02410716999999,C662,_,00500,272
C662__00490.272,11.946360106331536,43.016308575,C662,_,00490,272
C662__00480.272,11.94270969654638,43.02042593,C662,_,00480,272
C662__00470.272,11.927825850164158,43.021137644999996,C662,_,00470,272
C662__00450.272,11.90420570340359,43.02094925,C662,_,00450,272
C662__00370.272,11.953992476204938,43.03204709,C662,_,00370,272
C662__00140.272,11.934713067810804,43.05037721,C662,_,00140,272
C662__00080.272,11.914522111229452,43.0600194,C662,_,00080,272
C662__00140.273,11.93329744715383,43.05338109,C662,_,00140,273
C662__00680.273,11.955803425778102,42.983137334999995,C662,_,00680,273
C662__0063.273,11.954917360071324,43.00122634,C662,_,0063,273
C662__00560.273,11.94560419405941,43.013775265,C662,_,00560,273
C662__00520.273,11.967745339586362,43.028039684999996,C662,_,00520,273
C662__00490.273,11.946360400957865,43.016258735,C662,_,00490,273
C662__00470.273,11.927831445831838,43.020825450000004,C662,_,00470,273
C662__00450.273,11.904325165756585,43.02092484,C662,_,00450,273
C662__00370.273,11.948213170821466,43.03921983,C662,_,00370,273
C662__00360.273,11.935702274974126,43.028193384999994,C662,_,00360,273
C662__00020.274,11.908443695219255,43.065380415,C662,_,00020,274
C662__00680.274,11.955768781620574,42.982922485,C662,_,00680,274
C662__00620.274,11.944653026051496,42.997931179999995,C662,_,00620,274
C662__00590.274,11.96737740335373,43.013829665,C662,_,00590,274
C662__00560.274,11.945518197444972,43.01368221,C662,_,00560,274
C662__00520.274,11.970393466792924,43.02405118,C662,_,00520,274
C662__00490.274,11.94636761516854,43.01620765,C662,_,00490,274
C662__00470.274,11.928459955338958,43.020814095,C662,_,00470,274
C662__00450.274,11.903888088991161,43.020795535000005,C662,_,00450,274
C662__00360.274,11.94395462284168,43.03928113,C662,_,00360,274
C662__00310.274,11.891209742462628,43.025464775,C662,_,00310,274
C662__00140.274,11.93361284836984,43.052967210000006,C662,_,00140,274
C662__00080.274,11.915367106604968,43.058572265,C662,_,00080,274
C662__00070.275,11.915479963804733,43.054115085,C662,_,00070,275
C662__00680.275,11.954596254658622,42.97960759,C662,_,00680,275
C662__0063.275,11.955031330557965,43.001174559999995,C662,_,0063,275
C662__00560.275,11.936787966641845,43.013423005,C662,_,00560,275
C662__00520.275,11.970877527902738,43.028082825,C662,_,00520,275
C662__00500.275,11.953050448027014,43.017473464999995,C662,_,00500,275
C662__00490.275,11.946467655859358,43.016212069999995,C662,_,00490,275
C662__00480.275,11.938709926704082,43.01948061,C662,_,00480,275
C662__00470.275,11.926627063515902,43.02085276,C662,_,00470,275
C662__00450.275,11.90557967826065,43.019703655,C662,_,00450,275
C662__00360.275,11.944671855735944,43.038452855,C662,_,00360,275
C662__00310.275,11.895461605886139,43.02944952,C662,_,00310,275
C662__00080.275,11.915303363430521,43.058569715,C662,_,00080,275
C662__00020.276,11.91005789346642,43.064456754999995,C662,_,00020,276
C662__00680.276,11.954863701480312,42.97954761,C662,_,00680,276
C662__00560.276,11.936685703231351,43.012629419999996,C662,_,00560,276
C662__00520.276,11.971152311769472,43.02805473,C662,_,00520,276
C662__00490.276,11.946642948191784,43.01640422,C662,_,00490,276
C662__00480.276,11.940806899527871,43.018960305,C662,_,00480,276
C662__00370.276,11.946678760651373,43.039475984999996,C662,_,00370,276
C662__00310.276,11.89017170038225,43.02516874,C662,_,00310,276
C662__00080.276,11.915909631970685,43.058072089999996,C662,_,00080,276
C662__00070.276,11.914860033311156,43.054671495,C662,_,00070,276
C662__00070.277,11.915374880864363,43.053980010000004,C662,_,00070,277
C662__00680.277,11.954324997404747,42.97925234,C662,_,00680,277
C662__00660.277,11.95391880595514,42.995821265000004,C662,_,00660,277
C662__00590.277,11.954017029956958,43.005902065,C662,_,00590,277
C662__00520.277,11.971008951970589,43.02765588,C662,_,00520,277
C662__00490.277,11.946968274812589,43.016401025,C662,_,00490,277
C662__00480.277,11.94254636354656,43.015922655,C662,_,00480,277
C662__00470.277,11.928134304329046,43.021189305,C662,_,00470,277
C662__00450.277,11.905064545622343,43.01962556,C662,_,00450,277
C662__00430.277,11.8912883189187,43.021049645,C662,_,00430,277
C662__00310.277,11.889966609226716,43.02503681,C662,_,00310,277
C662__00140.277,11.933865890073797,43.051901295,C662,_,00140,277
C662__00080.277,11.915600937737203,43.058129390000005,C662,_,00080,277
C662__00020.278,11.906306301346458,43.066997685000004,C662,_,00020,278
C662__00680.278,11.954273902221761,42.979285665000006,C662,_,00680,278
C662__0063.278,11.955149919125455,43.001139685,C662,_,0063,278
C662__00620.278,11.949026336829224,43.00287592,C662,_,00620,278
C662__00560.278,11.946702073048048,43.013897529999994,C662,_,00560,278
C662__00520.278,11.97103381695649,43.028067095,C662,_,00520,278
C662__00500.278,11.951155667023198,43.014346215,C662,_,00500,278
C662__00490.278,11.946758586449999,43.016237970000006,C662,_,00490,278
C662__00480.278,11.942236952914286,43.015905245,C662,_,00480,278
C662__00470.278,11.928590746641099,43.020847395000004,C662,_,00470,278
C662__00450.278,11.90543610273167,43.020568955,C662,_,00450,278
C662__00430.278,11.891581781254406,43.02105397,C662,_,00430,278
C662__00360.278,11.9367154004048,43.02766941,C662,_,00360,278
C662__00310.278,11.890422609039828,43.02516342,C662,_,00310,278
C662__00070.278,11.915265249296144,43.053822870000005,C662,_,00070,278
C662__00020.279,11.908707283683242,43.065010935000004,C662,_,00020,279
C662__00680.279,11.954322227823917,42.979426825,C662,_,00680,279
C662__00660.279,11.9527723206516,42.995705889999996,C662,_,00660,279
C662__0063.279,11.955282086687092,43.001120725,C662,_,0063,279
C662__00620.279,11.948493984058064,43.002820735,C662,_,00620,279
C662__00520.279,11.971453222787153,43.026781215,C662,_,00520,279
C662__00490.279,11.947066481348974,43.01624477,C662,_,00490,279
C662__00450.279,11.905851031452592,43.020072895,C662,_,00450,279
C662__00430.279,11.891753215598488,43.021051670000006,C662,_,00430,279
C662__00360.279,11.937228794882389,43.02950258,C662,_,00360,279
C662__00310.279,11.890733369507117,43.02489489,C662,_,00310,279
C662__00080.279,11.918057946391942,43.059647435,C662,_,00080,279
C662__00070.279,11.915868472156436,43.053875415,C662,_,00070,279
C662__00020.28,11.901838722162907,43.06436514,C662,_,00020,28
C662__00670.28,11.937723757376311,42.984983615000004,C662,_,00670,28
C662__00660.28,11.94742316490977,42.994230715,C662,_,00660,28
C662__00650.28,11.94157096627603,42.996679875,C662,_,00650,28
C662__00640.28,11.935270227515959,42.99543396,C662,_,00640,28
C662__00610.28,11.933212820131514,43.002197355,C662,_,00610,28
C662__00590.28,11.956451327214108,43.0142927,C662,_,00590,28
C662__00580.28,11.945926552968452,43.009020910000004,C662,_,00580,28
C662__00570.28,11.929601313372824,43.008383885,C662,_,00570,28
C662__00560.28,11.936821147314792,43.01584948,C662,_,00560,28
C662__00550.28,11.924198347106035,43.009990525,C662,_,00550,28
C662__00540.28,11.918667793209153,43.015896999999995,C662,_,00540,28
C662__00530.28,11.909295356960932,43.012023389999996,C662,_,00530,28
C662__00510.28,11.9624691287821,43.026144959999996,C662,_,00510,28
C662__00500.28,11.956032877662864,43.025705654999996,C662,_,00500,28
C662__00490.28,11.947707249940974,43.017488205,C662,_,00490,28
C662__00480.28,11.94604594675577,43.027407479999994,C662,_,00480,28
C662__00470.28,11.934132231268414,43.022915945,C662,_,00470,28
C662__00460.28,11.906701655134306,43.01806704,C662,_,00460,28
C662__00440.28,11.893060909368069,43.014620975,C662,_,00440,28
C662__00420.28,11.87776033577746,43.020481059999994,C662,_,00420,28
C662__00410.28,11.87897256461504,43.02581679,C662,_,00410,28
C662__00400.28,11.863205725162494,43.028867625000004,C662,_,00400,28
C662__00390.28,11.963784882456128,43.03318783500001,C662,_,00390,28
C662__00380.28,11.962581993225484,43.03841454,C662,_,00380,28
C662__00370.28,11.949736957164035,43.03525758,C662,_,00370,28
C662__00350.28,11.932779151476755,43.033560875,C662,_,00350,28
C662__00340.28,11.921223708454583,43.026156505,C662,_,00340,28
C662__00330.28,11.915885203441356,43.027889195,C662,_,00330,28
C662__00320.28,11.908159274961227,43.031972475,C662,_,00320,28
C662__00310.28,11.895042683955065,43.02887946,C662,_,00310,28
C662__00300.28,11.887850168723372,43.03288827,C662,_,00300,28
C662__00260.28,11.942028735207593,43.045083395000006,C662,_,00260,28
C662__00240.28,11.916948783148765,43.03231506,C662,_,00240,28
C662__00230.28,11.91842425564317,43.040850925,C662,_,00230,28
C662__00220.28,11.903604166024163,43.04158528,C662,_,00220,28
C662__00200.28,11.888285908601835,43.039273269999995,C662,_,00200,28
C662__00190.28,11.884973794186006,43.035651195,C662,_,00190,28
C662__00180.28,11.904827869869628,43.048173545,C662,_,00180,28
C662__00170.28,11.977341400699148,43.050175894999995,C662,_,00170,28
C662__00150.28,11.974165319413174,43.061352535,C662,_,00150,28
C662__00140.28,11.939481102813073,43.052301299999996,C662,_,00140,28
C662__00130.28,11.923259844309857,43.04454321,C662,_,00130,28
C662__00120.28,11.921406230541425,43.051838555,C662,_,00120,28
C662__00100.28,11.896634538928613,43.05420073,C662,_,00100,28
C662__00090.28,11.93785342149948,43.05464113,C662,_,00090,28
C662__00070.28,11.910735284624934,43.05730479,C662,_,00070,28
C662__00060.28,11.901629133709802,43.05983361,C662,_,00060,28
C662__00030.28,11.912874282137157,43.065924675000005,C662,_,00030,28
C662__00070.280,11.915362933977498,43.05367965,C662,_,00070,280
C662__00680.280,11.954498347219337,42.97892529,C662,_,00680,280
C662__00660.280,11.953537424608538,42.99568214,C662,_,00660,280
C662__00580.280,11.94122656921908,43.004601179999995,C662,_,00580,280
C662__00520.280,11.971597653144867,43.028015535,C662,_,00520,280
C662__00500.280,11.950215411525107,43.014622575,C662,_,00500,280
C662__00490.280,11.947114029746325,43.01621464,C662,_,00490,280
C662__00480.280,11.939311853876564,43.018168585,C662,_,00480,280
C662__00450.280,11.905527401197748,43.020445390000006,C662,_,00450,280
C662__00430.280,11.891152109792284,43.0218913,C662,_,00430,280
C662__00360.280,11.937754121577509,43.02872945,C662,_,00360,280
C662__00310.280,11.890710530832354,43.02499144,C662,_,00310,280
C662__00140.280,11.936178054311654,43.04969914,C662,_,00140,280
C662__00020.281,11.910119476861428,43.067548735,C662,_,00020,281
C662__00680.281,11.954354680881192,42.9790415,C662,_,00680,281
C662__0063.281,11.955686053127575,43.0010403,C662,_,0063,281
C662__00620.281,11.948471138777936,43.00248236,C662,_,00620,281
C662__00490.281,11.947196708792271,43.01617918,C662,_,00490,281
C662__00480.281,11.938442358295436,43.019049775,C662,_,00480,281
C662__00470.281,11.933983252077418,43.02078361,C662,_,00470,281
C662__00450.281,11.90533869701583,43.02091971,C662,_,00450,281
C662__00430.281,11.891161661810123,43.021704740000004,C662,_,00430,281
C662__00310.281,11.899140104054979,43.023886065,C662,_,00310,281
C662__00080.281,11.917279331183536,43.056064895,C662,_,00080,281
C662__00070.281,11.913435315993294,43.054862545000006,C662,_,00070,281
C662__00020.282,11.911352681690566,43.066593595,C662,_,00020,282
C662__00680.282,11.954639786334306,42.97890511,C662,_,00680,282
C662__0063.282,11.956056213438362,43.001057509999995,C662,_,0063,282
C662__00620.282,11.94917186090792,43.002790165,C662,_,00620,282
C662__00580.282,11.9386516788446,43.004758374999994,C662,_,00580,282
C662__00500.282,11.951689956934379,43.01450622,C662,_,00500,282
C662__00490.282,11.94698278908454,43.01615427,C662,_,00490,282
C662__00480.282,11.94311283183554,43.027920484999996,C662,_,00480,282
C662__00470.282,11.935188365773541,43.021096975,C662,_,00470,282
C662__00450.282,11.903962437150497,43.020294254999996,C662,_,00450,282
C662__00370.282,11.947180003566386,43.033748349999996,C662,_,00370,282
C662__00310.282,11.893401594200723,43.0258987,C662,_,00310,282
C662__00140.282,11.93649532145363,43.053813340000005,C662,_,00140,282
C662__00070.282,11.914302581160584,43.055069895,C662,_,00070,282
C662__00020.283,11.90893988907845,43.063538035,C662,_,00020,283
C662__00660.283,11.951793539143228,42.995730415,C662,_,00660,283
C662__0063.283,11.956217724214806,43.00096852,C662,_,0063,283
C662__00620.283,11.949518951207788,43.00289624,C662,_,00620,283
C662__00580.283,11.940169853280878,43.00458491,C662,_,00580,283
C662__00560.283,11.946526023671414,43.01278936,C662,_,00560,283
C662__00520.283,11.966328791795373,43.02723769,C662,_,00520,283
C662__00500.283,11.951811423786623,43.01471651999999,C662,_,00500,283
C662__00490.283,11.947107146505534,43.016133515,C662,_,00490,283
C662__00480.283,11.945747265058529,43.021381265,C662,_,00480,283
C662__00470.283,11.934145872434415,43.02113075,C662,_,00470,283
C662__00450.283,11.904359958023452,43.02027779,C662,_,00450,283
C662__00360.283,11.936634660182573,43.03606168,C662,_,00360,283
C662__00310.283,11.894296590015195,43.023845539999996,C662,_,00310,283
C662__00140.283,11.937067076737389,43.05424566,C662,_,00140,283
C662__00080.283,11.912528773075334,43.061445570000004,C662,_,00080,283
C662__00070.283,11.914463917366195,43.054762620000005,C662,_,00070,283
C662__00070.284,11.913499503279144,43.0548628,C662,_,00070,284
C662__00680.284,11.947493389632914,42.97989391,C662,_,00680,284
C662__00620.284,11.949768512394936,43.00313367,C662,_,00620,284
C662__00580.284,11.940379308204061,43.004571745,C662,_,00580,284
C662__00520.284,11.966606799785248,43.02764706,C662,_,00520,284
C662__00500.284,11.95192232835462,43.014952435,C662,_,00500,284
C662__00490.284,11.942820465513847,43.016230390000004,C662,_,00490,284
C662__00450.284,11.90437377308596,43.020282585000004,C662,_,00450,284
C662__00370.284,11.948550198487446,43.033504695000005,C662,_,00370,284
C662__00310.284,11.89435779010438,43.02382196000001,C662,_,00310,284
C662__00020.285,11.904154305781796,43.066558525000005,C662,_,00020,285
C662__00680.285,11.951485953817112,42.97975201,C662,_,00680,285
C662__00580.285,11.938504668702102,43.005213784999995,C662,_,00580,285
C662__00560.285,11.944977344955014,43.011878725,C662,_,00560,285
C662__00500.285,11.952275633374612,43.01615552,C662,_,00500,285
C662__00490.285,11.942911156947444,43.016217315,C662,_,00490,285
C662__00480.285,11.94675513241669,43.021040775,C662,_,00480,285
C662__00470.285,11.928790834453721,43.020387299999996,C662,_,00470,285
C662__00450.285,11.904367574630681,43.02027754,C662,_,00450,285
C662__00430.285,11.889284877920577,43.023522405,C662,_,00430,285
C662__00310.285,11.894357010520178,43.023682745,C662,_,00310,285
C662__00080.285,11.914082792202258,43.0614523,C662,_,00080,285
C662__00070.285,11.913212686071121,43.054624315,C662,_,00070,285
C662__00020.286,11.90338545615487,43.06601073,C662,_,00020,286
C662__00680.286,11.954446696405897,42.97994029,C662,_,00680,286
C662__00590.286,11.950141816718585,43.00768435,C662,_,00590,286
C662__00580.286,11.939584088286558,43.004850250000004,C662,_,00580,286
C662__00520.286,11.968098320145717,43.028168535,C662,_,00520,286
C662__00500.286,11.95089242450532,43.014337499999996,C662,_,00500,286
C662__00490.286,11.94300009862232,43.01631878,C662,_,00490,286
C662__00480.286,11.935961319300644,43.02213358,C662,_,00480,286
C662__00470.286,11.929544066625724,43.020279665000004,C662,_,00470,286
C662__00450.286,11.90475288950274,43.019773615000005,C662,_,00450,286
C662__00430.286,11.889046419813834,43.02392425,C662,_,00430,286
C662__00370.286,11.948170685270885,43.03424522,C662,_,00370,286
C662__00360.286,11.943530526720679,43.03062342,C662,_,00360,286
C662__00310.286,11.895225470154934,43.023269064999994,C662,_,00310,286
C662__00080.286,11.916031157207135,43.057205035,C662,_,00080,286
C662__00070.286,11.913057090849215,43.0542211,C662,_,00070,286
C662__00020.287,11.903583136701407,43.06615641,C662,_,00020,287
C662__0063.287,11.955235599844023,43.0006416,C662,_,0063,287
C662__00620.287,11.9494507912433,43.00351122,C662,_,00620,287
C662__00590.287,11.949991999679742,43.00797171,C662,_,00590,287
C662__00520.287,11.971123827899275,43.02618457,C662,_,00520,287
C662__00500.287,11.951335652569025,43.014307009999996,C662,_,00500,287
C662__00470.287,11.92884282866866,43.020629635,C662,_,00470,287
C662__00450.287,11.904836800769548,43.019705869999996,C662,_,00450,287
C662__00430.287,11.889108326326916,43.02363881,C662,_,00430,287
C662__00360.287,11.944490280421087,43.030460425,C662,_,00360,287
C662__00310.287,11.894470893971414,43.023645055,C662,_,00310,287
C662__00080.287,11.917090767807153,43.057684445,C662,_,00080,287
C662__00020.288,11.903030282263188,43.06575212,C662,_,00020,288
C662__00680.288,11.94657015421075,42.97910181,C662,_,00680,288
C662__00520.288,11.97130031535784,43.028044225,C662,_,00520,288
C662__00500.288,11.952765823199192,43.01631247,C662,_,00500,288
C662__00490.288,11.942986533768485,43.016181745,C662,_,00490,288
C662__00480.288,11.944507974201452,43.028438699999995,C662,_,00480,288
C662__00470.288,11.926299622970738,43.02058049,C662,_,00470,288
C662__00450.288,11.904382755111728,43.02007929,C662,_,00450,288
C662__00430.288,11.888835911964883,43.02392612,C662,_,00430,288
C662__00370.288,11.947821291170454,43.033997595,C662,_,00370,288
C662__00360.288,11.936543051868078,43.030208155,C662,_,00360,288
C662__00310.288,11.894058971380545,43.02312691,C662,_,00310,288
C662__00080.288,11.913086639440445,43.061699340000004,C662,_,00080,288
C662__00070.288,11.914057225567053,43.054437515000004,C662,_,00070,288
C662__00020.289,11.908163443346748,43.06486199,C662,_,00020,289
C662__00680.289,11.95598222068558,42.982614084999994,C662,_,00680,289
C662__00620.289,11.949951928937972,43.00397133,C662,_,00620,289
C662__00580.289,11.94554758718169,43.00935929,C662,_,00580,289
C662__00520.289,11.971258739329055,43.027959519999996,C662,_,00520,289
C662__00500.289,11.952395883641582,43.015892505,C662,_,00500,289
C662__00490.289,11.942791554763486,43.01612069,C662,_,00490,289
C662__00480.289,11.945813639963017,43.02869277,C662,_,00480,289
C662__00450.289,11.904430637437203,43.020143655,C662,_,00450,289
C662__00430.289,11.88917181012464,43.02300728,C662,_,00430,289
C662__00370.289,11.948289612048919,43.03385481,C662,_,00370,289
C662__00310.289,11.894976505588632,43.022991715,C662,_,00310,289
C662__00080.289,11.913848018977188,43.06116461,C662,_,00080,289
C662__00070.289,11.914562195340872,43.054584835,C662,_,00070,289
C662__00010.29,11.917954853525709,43.071125190000004,C662,_,00010,29
C662__00660.29,11.949475689861448,42.994336295,C662,_,00660,29
C662__00650.29,11.941819581213682,42.996423325,C662,_,00650,29
C662__0063.29,11.953148542667453,43.005518545,C662,_,0063,29
C662__00620.29,11.947062718330638,43.002798365000004,C662,_,00620,29
C662__00610.29,11.932754303614836,43.001038734999995,C662,_,00610,29
C662__00590.29,11.956540136475002,43.014080555,C662,_,00590,29
C662__00580.29,11.946662218869688,43.009532480000004,C662,_,00580,29
C662__00570.29,11.931017028512763,43.008715745,C662,_,00570,29
C662__00560.29,11.937505633262532,43.016172385,C662,_,00560,29
C662__00550.29,11.924838219886858,43.009763655,C662,_,00550,29
C662__00540.29,11.918954469561305,43.01463706,C662,_,00540,29
C662__00530.29,11.911516389899898,43.011856159999994,C662,_,00530,29
C662__00520.29,11.965968935739188,43.022544894999996,C662,_,00520,29
C662__00510.29,11.962709948075906,43.0259425,C662,_,00510,29
C662__00500.29,11.955430887837366,43.02501178999999,C662,_,00500,29
C662__00490.29,11.947669764371158,43.017452025,C662,_,00490,29
C662__00470.29,11.934574505498773,43.02324984,C662,_,00470,29
C662__00460.29,11.908209008137764,43.018097374999996,C662,_,00460,29
C662__00440.29,11.897115785983654,43.0138459,C662,_,00440,29
C662__00430.29,11.885616320999912,43.021591994999994,C662,_,00430,29
C662__00420.29,11.878383714439039,43.021132269999995,C662,_,00420,29
C662__00410.29,11.879156022917646,43.025868375,C662,_,00410,29
C662__00400.29,11.870361523127208,43.02739953,C662,_,00400,29
C662__00390.29,11.963993822887296,43.03329824,C662,_,00390,29
C662__00380.29,11.960640703525883,43.037605355,C662,_,00380,29
C662__00370.29,11.951975317272776,43.03595118,C662,_,00370,29
C662__00340.29,11.92263387077674,43.025683895,C662,_,00340,29
C662__00330.29,11.916075162833222,43.02835238,C662,_,00330,29
C662__00320.29,11.908423365593672,43.031545075,C662,_,00320,29
C662__00310.29,11.895460082516987,43.02815158,C662,_,00310,29
C662__00300.29,11.888588412223429,43.033179649999994,C662,_,00300,29
C662__00270.29,11.943057415150584,43.044128205,C662,_,00270,29
C662__00260.29,11.930650122267505,43.04044406,C662,_,00260,29
C662__00250.29,11.926167322909489,43.036464624999994,C662,_,00250,29
C662__00240.29,11.918617953997298,43.03241654,C662,_,00240,29
C662__00220.29,11.904013501589908,43.040429675,C662,_,00220,29
C662__00210.29,11.896688952622075,43.038462085,C662,_,00210,29
C662__00200.29,11.888383070247826,43.04010644,C662,_,00200,29
C662__00180.29,11.887784957831792,43.04476721,C662,_,00180,29
C662__00170.29,11.977479731373563,43.051241875,C662,_,00170,29
C662__00160.29,11.961892250982542,43.04596609,C662,_,00160,29
C662__00150.29,11.975079515538654,43.060657035000006,C662,_,00150,29
C662__00130.29,11.9238743565903,43.044655405,C662,_,00130,29
C662__00120.29,11.920987780298912,43.052865995,C662,_,00120,29
C662__00100.29,11.900252371221619,43.05413045,C662,_,00100,29
C662__00090.29,11.924398074340417,43.05813275,C662,_,00090,29
C662__00080.29,11.916929097715995,43.057883520000004,C662,_,00080,29
C662__00070.29,11.912858102906025,43.058140115,C662,_,00070,29
C662__00060.29,11.901045250296793,43.05957017,C662,_,00060,29
C662__00030.29,11.918678553522145,43.069097385000006,C662,_,00030,29
C662__00020.29,11.903171216833025,43.06355067,C662,_,00020,29
C662__00020.290,11.908928536194074,43.064430265,C662,_,00020,290
C662__00680.290,11.955789942031991,42.982589175,C662,_,00680,290
C662__00660.290,11.950917025307573,42.988405799999995,C662,_,00660,290
C662__0063.290,11.955730092707096,43.000069695,C662,_,0063,290
C662__00620.290,11.950245932924268,43.003448434999996,C662,_,00620,290
C662__00590.290,11.956561443629727,43.006826285,C662,_,00590,290
C662__00520.290,11.971270312983872,43.02804638,C662,_,00520,290
C662__00490.290,11.94296323801326,43.016023555000004,C662,_,00490,290
C662__00480.290,11.939489432480034,43.018952475,C662,_,00480,290
C662__00450.290,11.904446565777462,43.02008422,C662,_,00450,290
C662__00430.290,11.890694729988004,43.020564885,C662,_,00430,290
C662__00370.290,11.94864938466095,43.034080814999996,C662,_,00370,290
C662__00310.290,11.89412695930712,43.023471040000004,C662,_,00310,290
C662__00070.291,11.914808723844892,43.05518558,C662,_,00070,291
C662__00680.291,11.95565660597757,42.981823795,C662,_,00680,291
C662__00660.291,11.954390106190708,42.99407849,C662,_,00660,291
C662__00620.291,11.94879190270417,43.004206735,C662,_,00620,291
C662__00520.291,11.971162757176444,43.027473875,C662,_,00520,291
C662__00500.291,11.95289199492127,43.016046425,C662,_,00500,291
C662__00490.291,11.942670406182742,43.015859645000006,C662,_,00490,291
C662__00470.291,11.927988864497866,43.01679695,C662,_,00470,291
C662__00450.291,11.904460476899255,43.02008409,C662,_,00450,291
C662__00430.291,11.890582072743097,43.020022895,C662,_,00430,291
C662__00370.291,11.945430019786961,43.03191137,C662,_,00370,291
C662__00310.291,11.893902028180333,43.02363364,C662,_,00310,291
C662__00080.291,11.917031214713772,43.05694889,C662,_,00080,291
C662__00020.292,11.908768065563496,43.064523109999996,C662,_,00020,292
C662__00680.292,11.955516432157232,42.981978275,C662,_,00680,292
C662__0063.292,11.955757336947585,42.999912984999995,C662,_,0063,292
C662__00620.292,11.948940190131193,43.003946445,C662,_,00620,292
C662__00520.292,11.971236615376522,43.028046945,C662,_,00520,292
C662__00480.292,11.93747179779341,43.018411665,C662,_,00480,292
C662__00470.292,11.933033323317037,43.01952276,C662,_,00470,292
C662__00450.292,11.904426618610225,43.02016658,C662,_,00450,292
C662__00430.292,11.891230765322138,43.019738375,C662,_,00430,292
C662__00370.292,11.953153775439306,43.03539744,C662,_,00370,292
C662__00360.292,11.940483986624114,43.030625255000004,C662,_,00360,292
C662__00310.292,11.893654578426105,43.023725625,C662,_,00310,292
C662__00070.292,11.914609335811788,43.055149015,C662,_,00070,292
C662__00020.293,11.908670159841275,43.064578284999996,C662,_,00020,293
C662__00680.293,11.9554646619349,42.982268434999995,C662,_,00680,293
C662__00630.293,11.958006875706802,43.003719849999996,C662,_,00630,293
C662__00620.293,11.94875280306529,43.00368919,C662,_,00620,293
C662__00580.293,11.940278936342285,43.00720235,C662,_,00580,293
C662__00520.293,11.965629805661274,43.02723952,C662,_,00520,293
C662__00470.293,11.935779496620658,43.018818905,C662,_,00470,293
C662__00450.293,11.904278084236232,43.019966915,C662,_,00450,293
C662__00430.293,11.89075239542532,43.01911932,C662,_,00430,293
C662__00370.293,11.952819536873692,43.034259245,C662,_,00370,293
C662__00360.293,11.940516355168842,43.030542795,C662,_,00360,293
C662__00310.293,11.8947568952849,43.02308463,C662,_,00310,293
C662__00080.293,11.917081512891901,43.05688018,C662,_,00080,293
C662__00070.293,11.91476693776774,43.054844435,C662,_,00070,293
C662__00020.294,11.908579429543105,43.06462958,C662,_,00020,294
C662__00680.294,11.955359332442766,42.98192501,C662,_,00680,294
C662__00590.294,11.956439889740354,43.00686955,C662,_,00590,294
C662__00560.294,11.945160276329096,43.013942325,C662,_,00560,294
C662__00520.294,11.966102855065074,43.027441715,C662,_,00520,294
C662__00500.294,11.953101512480863,43.016386135,C662,_,00500,294
C662__00490.294,11.942843344833438,43.01580059,C662,_,00490,294
C662__00480.294,11.94501290979667,43.01707514,C662,_,00480,294
C662__00470.294,11.927683457649728,43.0177046,C662,_,00470,294
C662__00450.294,11.904303505825496,43.02085425999999,C662,_,00450,294
C662__00430.294,11.890487848066648,43.021776715,C662,_,00430,294
C662__00370.294,11.95394455003374,43.03556237,C662,_,00370,294
C662__00360.294,11.941647368797975,43.03106531,C662,_,00360,294
C662__00310.294,11.894298097333358,43.023425685,C662,_,00310,294
C662__00080.294,11.912596076504535,43.061262049999996,C662,_,00080,294
C662__00070.294,11.915137034972012,43.055309365,C662,_,00070,294
C662__00070.295,11.915804731637277,43.05534404,C662,_,00070,295
C662__00680.295,11.9552916687515,42.980954945,C662,_,00680,295
C662__00630.295,11.95864418518698,43.003565280000004,C662,_,00630,295
C662__00580.295,11.939664731990543,43.009077855,C662,_,00580,295
C662__00560.295,11.94523836838858,43.01398945,C662,_,00560,295
C662__00520.295,11.958900855118463,43.018930345,C662,_,00520,295
C662__00490.295,11.943281045692203,43.01586907,C662,_,00490,295
C662__00450.295,11.904146974200787,43.02072565,C662,_,00450,295
C662__00430.295,11.890573373409236,43.02355816,C662,_,00430,295
C662__00360.295,11.941433649260311,43.031208480000004,C662,_,00360,295
C662__00310.295,11.894056295396354,43.023780605,C662,_,00310,295
C662__00080.295,11.913446662105734,43.06076496,C662,_,00080,295
C662__00020.296,11.908496879628231,43.064676255,C662,_,00020,296
C662__00680.296,11.955052048871664,42.980954945,C662,_,00680,296
C662__00660.296,11.955977087455283,42.987632265,C662,_,00660,296
C662__00630.296,11.959101606289916,43.00350632,C662,_,00630,296
C662__00580.296,11.93970211266123,43.009140314999996,C662,_,00580,296
C662__00560.296,11.945346254898704,43.01402516,C662,_,00560,296
C662__00520.296,11.958287885631686,43.018290615,C662,_,00520,296
C662__00490.296,11.943640032209949,43.01581764,C662,_,00490,296
C662__00480.296,11.942454563789648,43.016220970000006,C662,_,00480,296
C662__00470.296,11.919520356030649,43.01829322,C662,_,00470,296
C662__00450.296,11.904171630177917,43.02072177,C662,_,00450,296
C662__00430.296,11.890813036682795,43.023859494999996,C662,_,00430,296
C662__00370.296,11.948127799122542,43.032322615,C662,_,00370,296
C662__00360.296,11.941799006604064,43.03107753,C662,_,00360,296
C662__00310.296,11.894223442464362,43.02369212,C662,_,00310,296
C662__00080.296,11.916035013765907,43.0574712,C662,_,00080,296
C662__00070.296,11.915861889474645,43.055193290000005,C662,_,00070,296
C662__00020.297,11.909151081038313,43.064230655,C662,_,00020,297
C662__00680.297,11.955033475524806,42.981285195,C662,_,00680,297
C662__00630.297,11.958853067524778,43.003453504999996,C662,_,00630,297
C662__00590.297,11.956982948962192,43.007210245,C662,_,00590,297
C662__00580.297,11.939821791487038,43.009170555,C662,_,00580,297
C662__00560.297,11.945453071209492,43.014060045,C662,_,00560,297
C662__00500.297,11.95472834745219,43.018711305,C662,_,00500,297
C662__00490.297,11.943799169894831,43.01579733,C662,_,00490,297
C662__00480.297,11.94386530770868,43.023903855,C662,_,00480,297
C662__00450.297,11.904305340240096,43.02088908,C662,_,00450,297
C662__00430.297,11.889831933482322,43.023412645,C662,_,00430,297
C662__00360.297,11.940020622227578,43.03018753,C662,_,00360,297
C662__00310.297,11.895890237942684,43.022788309999996,C662,_,00310,297
C662__00070.297,11.915387680446297,43.054843165,C662,_,00070,297
C662__00020.298,11.909458461765688,43.06393256,C662,_,00020,298
C662__00680.298,11.954998872844282,42.98112935,C662,_,00680,298
C662__00630.298,11.956706890857365,42.994130895,C662,_,00630,298
C662__00580.298,11.944705845310345,43.00512039,C662,_,00580,298
C662__00560.298,11.94554962748677,43.014093265,C662,_,00560,298
C662__00490.298,11.943548025442528,43.015650359999995,C662,_,00490,298
C662__00470.298,11.926864828107227,43.020482675,C662,_,00470,298
C662__00450.298,11.904912037267414,43.02106761,C662,_,00450,298
C662__00430.298,11.890582034959296,43.023972345000004,C662,_,00430,298
C662__00360.298,11.940199667855701,43.030278935,C662,_,00360,298
C662__00020.299,11.909638230150136,43.063753105,C662,_,00020,299
C662__00680.299,11.954720815700846,42.980640315,C662,_,00680,299
C662__00630.299,11.961907860637538,43.002634805,C662,_,00630,299
C662__00580.299,11.944840327611137,43.00531291,C662,_,00580,299
C662__00560.299,11.945704229254826,43.0141488,C662,_,00560,299
C662__00520.299,11.95869260156212,43.018341335,C662,_,00520,299
C662__00500.299,11.951464615949511,43.015881775,C662,_,00500,299
C662__00480.299,11.946066940037957,43.02452825,C662,_,00480,299
C662__00450.299,11.904191423591108,43.020705934999995,C662,_,00450,299
C662__00430.299,11.8900232404166,43.023865265,C662,_,00430,299
C662__00370.299,11.94891287082479,43.032586925000004,C662,_,00370,299
C662__00360.299,11.941568122666549,43.030967954999994,C662,_,00360,299
C662__00310.299,11.895350038267129,43.02271854,C662,_,00310,299
C662__00070.299,11.915260244099791,43.057370335,C662,_,00070,299
C662__00020.3,11.91078180512033,43.065218865,C662,_,00020,3
C662__00650.3,11.938306608373853,42.998918065,C662,_,00650,3
C662__00640.3,11.927461249797245,42.996776515,C662,_,00640,3
C662__00620.3,11.935903154230814,43.003807269999996,C662,_,00620,3
C662__00610.3,11.922306986564031,43.00365487,C662,_,00610,3
C662__00600.3,11.91636073775064,43.00645368,C662,_,00600,3
C662__00590.3,11.954361877640128,43.015654139999995,C662,_,00590,3
C662__00580.3,11.945379260684295,43.011787205,C662,_,00580,3
C662__00570.3,11.929115774551194,43.011594994999996,C662,_,00570,3
C662__00560.3,11.932449811379827,43.016560319999996,C662,_,00560,3
C662__00550.3,11.925678837515257,43.013999209999994,C662,_,00550,3
C662__00540.3,11.915002926071615,43.016413665,C662,_,00540,3
C662__00510.3,11.963965192871285,43.031120900000005,C662,_,00510,3
C662__00490.3,11.947256200935517,43.01784418,C662,_,00490,3
C662__00470.3,11.920308245325156,43.022404945000005,C662,_,00470,3
C662__00460.3,11.917018179024529,43.02223122,C662,_,00460,3
C662__00420.3,11.882574104924561,43.02731154,C662,_,00420,3
C662__00410.3,11.873464689573336,43.026124370000005,C662,_,00410,3
C662__00400.3,11.861939608113161,43.028999830000004,C662,_,00400,3
C662__00390.3,11.965490675892191,43.043359894999995,C662,_,00390,3
C662__00380.3,11.961032595181745,43.03992029,C662,_,00380,3
C662__00360.3,11.944380165294325,43.039734415,C662,_,00360,3
C662__00350.3,11.931456825531127,43.037873555000004,C662,_,00350,3
C662__00330.3,11.911615742764024,43.030147685,C662,_,00330,3
C662__00320.3,11.903637508534963,43.033603215,C662,_,00320,3
C662__00310.3,11.897343064548512,43.032578099999995,C662,_,00310,3
C662__00300.3,11.887442836261851,43.034120064999996,C662,_,00300,3
C662__00290.3,11.869669936959442,43.033277665,C662,_,00290,3
C662__00270.3,11.94916758415905,43.044607694999996,C662,_,00270,3
C662__00260.3,11.932352874278951,43.045326669999994,C662,_,00260,3
C662__00250.3,11.919263167124843,43.042422785,C662,_,00250,3
C662__00230.3,11.909554296187366,43.044444600000006,C662,_,00230,3
C662__00220.3,11.906462684210727,43.046134965,C662,_,00220,3
C662__00210.3,11.894190031521173,43.041408385,C662,_,00210,3
C662__00200.3,11.880912459965089,43.043863935000005,C662,_,00200,3
C662__00190.3,11.877506987908248,43.04418421,C662,_,00190,3
C662__00180.3,11.900029586948037,43.050732815,C662,_,00180,3
C662__00170.3,11.977382276076028,43.058670410000005,C662,_,00170,3
C662__00160.3,11.968437716905061,43.046449795,C662,_,00160,3
C662__00160.3,11.968930993397155,43.046963525,C662,_,00160,3
C662__00150.3,11.956785364532198,43.065341825,C662,_,00150,3
C662__00130.3,11.919983162165062,43.04362511,C662,_,00130,3
C662__00120.3,11.928953072465232,43.053961745,C662,_,00120,3
C662__00110.3,11.913698250732113,43.05265962,C662,_,00110,3
C662__00090.3,11.924577645135539,43.060938775,C662,_,00090,3
C662__00080.3,11.916520160178218,43.05989165,C662,_,00080,3
C662__00070.3,11.910706318987675,43.062428534999995,C662,_,00070,3
C662__00060.3,11.888960112773779,43.060593215,C662,_,00060,3
C662__00050.3,11.923889238965153,43.07416694,C662,_,00050,3
C662__00030.3,11.919110185084193,43.061986340000004,C662,_,00030,3
C662__00020.30,11.904267369040067,43.066969064999995,C662,_,00020,30
C662__00670.30,11.939380302925448,42.98509801,C662,_,00670,30
C662__00660.30,11.94938478712699,42.993925610000005,C662,_,00660,30
C662__00650.30,11.942098036198228,42.99597521,C662,_,00650,30
C662__00640.30,11.922628838099188,42.993816435,C662,_,00640,30
C662__0063.30,11.953122286755548,43.00548731,C662,_,0063,30
C662__00620.30,11.946698140179617,43.002049325,C662,_,00620,30
C662__00610.30,11.920817378671941,42.99937649,C662,_,00610,30
C662__00600.30,11.915517146519761,42.995880055,C662,_,00600,30
C662__00590.30,11.957660872264066,43.01492298,C662,_,00590,30
C662__00580.30,11.946734427326266,43.0087993,C662,_,00580,30
C662__00570.30,11.933200516799511,43.00836211,C662,_,00570,30
C662__00560.30,11.938332031356357,43.016264015,C662,_,00560,30
C662__00550.30,11.92465371373174,43.00887154,C662,_,00550,30
C662__00540.30,11.915096144723648,43.01383702,C662,_,00540,30
C662__00530.30,11.912809423403484,43.012426425,C662,_,00530,30
C662__00520.30,11.967407755870047,43.023323344999994,C662,_,00520,30
C662__00500.30,11.957214357765777,43.02532012,C662,_,00500,30
C662__00490.30,11.947867168215833,43.017447184999995,C662,_,00490,30
C662__00480.30,11.937947491933047,43.026781115,C662,_,00480,30
C662__00470.30,11.93461369709448,43.022923505,C662,_,00470,30
C662__00460.30,11.90855695044353,43.017126485,C662,_,00460,30
C662__00440.30,11.89838598654724,43.014387065,C662,_,00440,30
C662__00430.30,11.886116181054392,43.02194469,C662,_,00430,30
C662__00420.30,11.879068541221397,43.02094441,C662,_,00420,30
C662__00410.30,11.879395299869046,43.02610265,C662,_,00410,30
C662__00390.30,11.964447535395372,43.03246248000001,C662,_,00390,30
C662__00380.30,11.960839915688481,43.037351265,C662,_,00380,30
C662__00360.30,11.940955976448752,43.03432386,C662,_,00360,30
C662__00350.30,11.934235513235272,43.03409428,C662,_,00350,30
C662__00340.30,11.922527425051417,43.02421586,C662,_,00340,30
C662__00320.30,11.902158432965187,43.02943354,C662,_,00320,30
C662__00310.30,11.895591380605353,43.028264345,C662,_,00310,30
C662__00300.30,11.88965010307332,43.03312158,C662,_,00300,30
C662__00280.30,11.958600398135088,43.039152335,C662,_,00280,30
C662__00270.30,11.94409083451258,43.04415784,C662,_,00270,30
C662__00260.30,11.93119285499563,43.04078774,C662,_,00260,30
C662__00250.30,11.926685607263325,43.03537327,C662,_,00250,30
C662__00240.30,11.919623029891488,43.0326398,C662,_,00240,30
C662__00230.30,11.911001528322167,43.042042315,C662,_,00230,30
C662__00220.30,11.906810037114855,43.039578445000004,C662,_,00220,30
C662__00190.30,11.885511834412712,43.03453585,C662,_,00190,30
C662__00180.30,11.889700263821881,43.046120994999995,C662,_,00180,30
C662__00170.30,11.97767543236847,43.05148871,C662,_,00170,30
C662__00160.30,11.964977882576015,43.045963455,C662,_,00160,30
C662__00150.30,11.958435922458207,43.068157815000006,C662,_,00150,30
C662__00130.30,11.923382174812094,43.044084435,C662,_,00130,30
C662__00120.30,11.921092028521205,43.052574815,C662,_,00120,30
C662__00110.30,11.9135132571001,43.04860673,C662,_,00110,30
C662__00100.30,11.901626663516758,43.05416694,C662,_,00100,30
C662__00090.30,11.920765209200535,43.059580305,C662,_,00090,30
C662__00030.30,11.918430870475397,43.066718535,C662,_,00030,30
C662__00020.300,11.90974616295697,43.06364167,C662,_,00020,300
C662__00680.300,11.95476307629546,42.980623365,C662,_,00680,300
C662__00630.300,11.962317960474603,43.002559309999995,C662,_,00630,300
C662__00620.300,11.948282602118272,43.003708135,C662,_,00620,300
C662__00590.300,11.956209330982675,43.00680441,C662,_,00590,300
C662__00580.300,11.943575100076774,43.006147285,C662,_,00580,300
C662__00520.300,11.958535042906973,43.01793513,C662,_,00520,300
C662__00490.300,11.943852643772555,43.015625455,C662,_,00490,300
C662__00470.300,11.92734693888127,43.020468305,C662,_,00470,300
C662__00450.300,11.904274827269797,43.020804595,C662,_,00450,300
C662__00430.300,11.889759576505341,43.02374931,C662,_,00430,300
C662__00370.300,11.948547759363212,43.032316795,C662,_,00370,300
C662__00360.300,11.941550784304015,43.0309886,C662,_,00360,300
C662__00310.300,11.89327982200394,43.023887305,C662,_,00310,300
C662__00080.300,11.914765848685626,43.059430685,C662,_,00080,300
C662__00020.301,11.909686549878469,43.063701535,C662,_,00020,301
C662__00680.301,11.954940627150894,42.980121929999996,C662,_,00680,301
C662__00630.301,11.956840181550458,42.993741205,C662,_,00630,301
C662__00590.301,11.956354948565153,43.007011095,C662,_,00590,301
C662__00580.301,11.94293775027458,43.006562985,C662,_,00580,301
C662__00560.301,11.944797040531007,43.013873020000005,C662,_,00560,301
C662__00520.301,11.958612076022014,43.0176764,C662,_,00520,301
C662__00490.301,11.94439979464553,43.016253025,C662,_,00490,301
C662__00470.301,11.927873460876537,43.020336134999994,C662,_,00470,301
C662__00430.301,11.88967076397144,43.023566315,C662,_,00430,301
C662__00370.301,11.955433762648525,43.032607784999996,C662,_,00370,301
C662__00360.301,11.940618191995132,43.03055997,C662,_,00360,301
C662__00310.301,11.893461497739398,43.024048925,C662,_,00310,301
C662__00080.301,11.914679679682626,43.05948222,C662,_,00080,301
C662__00020.302,11.909800397682549,43.06358779,C662,_,00020,302
C662__00680.302,11.954679009467874,42.980131105,C662,_,00680,302
C662__00660.302,11.952585722967072,42.992718265,C662,_,00660,302
C662__00630.302,11.957826159813894,43.00320534,C662,_,00630,302
C662__00590.302,11.956418972698994,43.007119020000005,C662,_,00590,302
C662__00580.302,11.943227287295034,43.006550965,C662,_,00580,302
C662__00560.302,11.944960699829588,43.01369492,C662,_,00560,302
C662__00520.302,11.958231808498043,43.017745565,C662,_,00520,302
C662__00490.302,11.944071268038687,43.015991115,C662,_,00490,302
C662__00470.302,11.922719147089307,43.01851377,C662,_,00470,302
C662__00450.302,11.903995427696927,43.020581254999996,C662,_,00450,302
C662__00430.302,11.889619127656145,43.023834640000004,C662,_,00430,302
C662__00370.302,11.955639122140385,43.032958155,C662,_,00370,302
C662__00360.302,11.940178439481718,43.03029282,C662,_,00360,302
C662__00310.302,11.893356140884165,43.023966785,C662,_,00310,302
C662__00080.302,11.914944042447928,43.059163955,C662,_,00080,302
C662__00070.302,11.913432395632968,43.05505737,C662,_,00070,302
C662__00020.303,11.909313283442753,43.06407469,C662,_,00020,303
C662__00680.303,11.954047607061314,42.978926130000005,C662,_,00680,303
C662__00660.303,11.955720437778988,42.985797455,C662,_,00660,303
C662__00620.303,11.947729386852604,43.002543025,C662,_,00620,303
C662__00580.303,11.944232443055519,43.005448325,C662,_,00580,303
C662__00560.303,11.945171919600245,43.013281745,C662,_,00560,303
C662__00520.303,11.958471596082143,43.01749986,C662,_,00520,303
C662__00490.303,11.944907039019267,43.01578492,C662,_,00490,303
C662__00480.303,11.937910016677119,43.018409704999996,C662,_,00480,303
C662__00470.303,11.923070157466075,43.01881925,C662,_,00470,303
C662__00450.303,11.904240905038254,43.020505285,C662,_,00450,303
C662__00430.303,11.889365815995474,43.023756309999996,C662,_,00430,303
C662__00370.303,11.955430325124375,43.03225011,C662,_,00370,303
C662__00360.303,11.942541079413353,43.031864555,C662,_,00360,303
C662__00310.303,11.895268415667843,43.022882089999996,C662,_,00310,303
C662__00290.303,11.86627488591195,43.03078898,C662,_,00290,303
C662__00080.303,11.914856658726778,43.058997485,C662,_,00080,303
C662__00070.303,11.915083638358563,43.053981365,C662,_,00070,303
C662__00020.304,11.904751795333985,43.065879195,C662,_,00020,304
C662__00680.304,11.951776620723814,42.982689275,C662,_,00680,304
C662__00660.304,11.95533062490004,42.987236284999994,C662,_,00660,304
C662__00630.304,11.957830038212755,43.002894125,C662,_,00630,304
C662__00620.304,11.947392793443317,43.00240655,C662,_,00620,304
C662__00580.304,11.944555436710985,43.004775804999994,C662,_,00580,304
C662__00560.304,11.945011609317167,43.013114305,C662,_,00560,304
C662__00520.304,11.95858544561572,43.01761613,C662,_,00520,304
C662__00490.304,11.945043179348366,43.01599664,C662,_,00490,304
C662__00480.304,11.938082766664563,43.0183191,C662,_,00480,304
C662__00470.304,11.921877637537381,43.01873199,C662,_,00470,304
C662__00450.304,11.903854638185773,43.02072522,C662,_,00450,304
C662__00370.304,11.95040178483299,43.038313805,C662,_,00370,304
C662__00360.304,11.94271079063612,43.03173515,C662,_,00360,304
C662__00310.304,11.895391186315386,43.023074545,C662,_,00310,304
C662__00290.304,11.866483347977532,43.03078595,C662,_,00290,304
C662__00080.304,11.915163242419537,43.059680029999996,C662,_,00080,304
C662__00020.305,11.905301029184978,43.06647422,C662,_,00020,305
C662__00680.305,11.952326921535835,42.982798065,C662,_,00680,305
C662__00660.305,11.955225870253939,42.987622575,C662,_,00660,305
C662__00630.305,11.95731977591371,43.001700575,C662,_,00630,305
C662__00590.305,11.95156517929797,43.00657009,C662,_,00590,305
C662__00580.305,11.94444885903052,43.005547594999996,C662,_,00580,305
C662__00560.305,11.944742175624324,43.01201175,C662,_,00560,305
C662__00520.305,11.9595457963818,43.0181708,C662,_,00520,305
C662__00490.305,11.945468774143187,43.016092445,C662,_,00490,305
C662__00470.305,11.922222708475665,43.018608225,C662,_,00470,305
C662__00450.305,11.904260784168832,43.02049934,C662,_,00450,305
C662__00370.305,11.948695340865818,43.03830012,C662,_,00370,305
C662__00360.305,11.936031379405119,43.029816675,C662,_,00360,305
C662__00310.305,11.895457264603932,43.023690835,C662,_,00310,305
C662__00290.305,11.866962812477546,43.031289895,C662,_,00290,305
C662__00080.305,11.915252261987987,43.05879292,C662,_,00080,305
C662__00020.306,11.906549049241306,43.06577675,C662,_,00020,306
C662__00680.306,11.952269670113461,42.9826404,C662,_,00680,306
C662__00660.306,11.955056760075369,42.988236560000004,C662,_,00660,306
C662__0063.306,11.957582693001338,43.004198925,C662,_,0063,306
C662__00620.306,11.94745808726125,43.00199576,C662,_,00620,306
C662__00580.306,11.944730360722055,43.005290355,C662,_,00580,306
C662__00560.306,11.945169176599222,43.01247555,C662,_,00560,306
C662__00520.306,11.959259980007296,43.017953245,C662,_,00520,306
C662__00490.306,11.945729768748896,43.0160006,C662,_,00490,306
C662__00480.306,11.938360929254543,43.018306885,C662,_,00480,306
C662__00470.306,11.927655884220378,43.01824703,C662,_,00470,306
C662__00450.306,11.904251242311428,43.02050016,C662,_,00450,306
C662__00370.306,11.948735086466595,43.03878591,C662,_,00370,306
C662__00360.306,11.936130194134739,43.02980398,C662,_,00360,306
C662__00310.306,11.895559026227968,43.023375105,C662,_,00310,306
C662__00290.306,11.866882730569085,43.03125167,C662,_,00290,306
C662__00080.306,11.918427161952327,43.055886935000004,C662,_,00080,306
C662__00070.306,11.914375422837335,43.05865861,C662,_,00070,306
C662__00020.307,11.906832188918871,43.06561643,C662,_,00020,307
C662__00680.307,11.952764683251623,42.981826375,C662,_,00680,307
C662__00660.307,11.9541166331329,42.991590615,C662,_,00660,307
C662__0063.307,11.957801331053115,43.004177415,C662,_,0063,307
C662__00620.307,11.9470852798141,43.001810105,C662,_,00620,307
C662__00580.307,11.944917774251412,43.005441445,C662,_,00580,307
C662__00560.307,11.945030004229784,43.012730315,C662,_,00560,307
C662__00520.307,11.960813317536925,43.016209415,C662,_,00520,307
C662__00490.307,11.946019083353429,43.015966399999996,C662,_,00490,307
C662__00470.307,11.927389346553316,43.01797767,C662,_,00470,307
C662__00450.307,11.904907783706014,43.015062345000004,C662,_,00450,307
C662__00370.307,11.949014141510991,43.03878277,C662,_,00370,307
C662__00360.307,11.937835374289303,43.033633955,C662,_,00360,307
C662__00310.307,11.894630248157167,43.02397104,C662,_,00310,307
C662__00290.307,11.866474150063894,43.031886189999994,C662,_,00290,307
C662__00080.307,11.918033530384893,43.05582564,C662,_,00080,307
C662__00070.307,11.914640256000316,43.058601975,C662,_,00070,307
C662__00020.308,11.90790444094337,43.065212939999995,C662,_,00020,308
C662__00660.308,11.953794685193607,42.991920765,C662,_,00660,308
C662__0063.308,11.958503657958582,43.00456658,C662,_,0063,308
C662__00620.308,11.947800246841432,43.003264045,C662,_,00620,308
C662__00580.308,11.945398950804066,43.004835584999995,C662,_,00580,308
C662__00560.308,11.945271282689983,43.01255118,C662,_,00560,308
C662__00520.308,11.961993446683024,43.01626677,C662,_,00520,308
C662__00490.308,11.945993913194101,43.015866270000004,C662,_,00490,308
C662__00470.308,11.923463207167188,43.018981030000006,C662,_,00470,308
C662__00450.308,11.905434922873305,43.015100475,C662,_,00450,308
C662__00370.308,11.947399455359236,43.038268540000004,C662,_,00370,308
C662__00360.308,11.937837757222482,43.0335316,C662,_,00360,308
C662__00310.308,11.895458333910765,43.023416510000004,C662,_,00310,308
C662__00080.308,11.918685753715216,43.059224195,C662,_,00080,308
C662__00070.308,11.914688058546727,43.058562195,C662,_,00070,308
C662__00020.309,11.90701674852155,43.065913089999995,C662,_,00020,309
C662__00680.309,11.952583053130525,42.982397750000004,C662,_,00680,309
C662__00660.309,11.953505891071359,42.992281155,C662,_,00660,309
C662__0063.309,11.954625672272437,43.00441156,C662,_,0063,309
C662__00620.309,11.947533187702449,43.003404755,C662,_,00620,309
C662__00590.309,11.946337887327044,43.014927105,C662,_,00590,309
C662__00580.309,11.94481615839779,43.0050666,C662,_,00580,309
C662__00560.309,11.945262689707064,43.012914305,C662,_,00560,309
C662__00500.309,11.951232586330704,43.01622999,C662,_,00500,309
C662__00490.309,11.946237136823179,43.015846065000005,C662,_,00490,309
C662__00480.309,11.9358935347968,43.021673435,C662,_,00480,309
C662__00470.309,11.923819808375931,43.01887098500001,C662,_,00470,309
C662__00450.309,11.90699997682579,43.01592917,C662,_,00450,309
C662__00370.309,11.949025259942385,43.029287315000005,C662,_,00370,309
C662__00360.309,11.937803269587377,43.033426410000004,C662,_,00360,309
C662__00310.309,11.895634448664241,43.023140685,C662,_,00310,309
C662__00290.309,11.86532817981567,43.031553525,C662,_,00290,309
C662__00080.309,11.918268211662472,43.059190220000005,C662,_,00080,309
C662__00020.31,11.90393463831752,43.0666486,C662,_,00020,31
C662__00660.31,11.947868951756998,42.9948091,C662,_,00660,31
C662__00650.31,11.942169809075693,42.99548738,C662,_,00650,31
C662__00640.31,11.92312690106817,42.994181964999996,C662,_,00640,31
C662__0063.31,11.953115381379313,43.00545613,C662,_,0063,31
C662__00620.31,11.946905895549598,43.00199748,C662,_,00620,31
C662__00600.31,11.91439183566095,43.00282645,C662,_,00600,31
C662__00590.31,11.957266069942232,43.014303534999996,C662,_,00590,31
C662__00580.31,11.947100949699502,43.009008015,C662,_,00580,31
C662__00570.31,11.934912434056956,43.008381765,C662,_,00570,31
C662__00560.31,11.93831815218341,43.01579839,C662,_,00560,31
C662__00540.31,11.919345423006018,43.015244845,C662,_,00540,31
C662__00530.31,11.913706961894967,43.012089355,C662,_,00530,31
C662__00520.31,11.96731205177793,43.02300734,C662,_,00520,31
C662__00500.31,11.958889878749376,43.025303245,C662,_,00500,31
C662__00490.31,11.94791398732496,43.017370459999995,C662,_,00490,31
C662__00480.31,11.937978333544452,43.026477935,C662,_,00480,31
C662__00470.31,11.935099477947437,43.022806810000006,C662,_,00470,31
C662__00460.31,11.908977606619281,43.015898495,C662,_,00460,31
C662__00450.31,11.905216221125826,43.018335379999996,C662,_,00450,31
C662__00440.31,11.892031393110408,43.02314723,C662,_,00440,31
C662__00430.31,11.886875196858261,43.02199117,C662,_,00430,31
C662__00420.31,11.880183446530342,43.020667435,C662,_,00420,31
C662__00410.31,11.879356037764598,43.026126855,C662,_,00410,31
C662__00400.31,11.870663262508135,43.027272284999995,C662,_,00400,31
C662__00390.31,11.965374790391497,43.032593045,C662,_,00390,31
C662__00380.31,11.961240109788701,43.03693107,C662,_,00380,31
C662__00360.31,11.941165891510675,43.034122895,C662,_,00360,31
C662__00340.31,11.922425210870507,43.02326836,C662,_,00340,31
C662__00320.31,11.903142927092453,43.029647714999996,C662,_,00320,31
C662__00310.31,11.895523034245159,43.027838185,C662,_,00310,31
C662__00300.31,11.889172898228445,43.032710385,C662,_,00300,31
C662__00290.31,11.868491147160622,43.03050351,C662,_,00290,31
C662__00280.31,11.962486542436666,43.040195875,C662,_,00280,31
C662__00270.31,11.943815454159658,43.043734584999996,C662,_,00270,31
C662__00260.31,11.934665434448853,43.041918605,C662,_,00260,31
C662__00250.31,11.927014661413873,43.03458616,C662,_,00250,31
C662__00240.31,11.916282684899583,43.03099747,C662,_,00240,31
C662__00230.31,11.912430240954002,43.042472345,C662,_,00230,31
C662__00220.31,11.908043075660643,43.03877888,C662,_,00220,31
C662__00200.31,11.887144385335894,43.036160325,C662,_,00200,31
C662__00180.31,11.890384371213212,43.045217925,C662,_,00180,31
C662__00170.31,11.98012412950002,43.051761195,C662,_,00170,31
C662__00160.31,11.961676968490345,43.044852504999994,C662,_,00160,31
C662__00150.31,11.954317371670076,43.067095515,C662,_,00150,31
C662__00130.31,11.924053239153102,43.04426991,C662,_,00130,31
C662__00120.31,11.921423838781866,43.051913825,C662,_,00120,31
C662__00100.31,11.902476611684436,43.054854719999994,C662,_,00100,31
C662__00090.31,11.925171631617303,43.05782572,C662,_,00090,31
C662__00080.31,11.917488230021895,43.057328444999996,C662,_,00080,31
C662__00070.31,11.914058793582814,43.058369215,C662,_,00070,31
C662__00060.31,11.906648703107134,43.058804949999995,C662,_,00060,31
C662__00030.31,11.916086727266514,43.065205355,C662,_,00030,31
C662__00020.310,11.90824367177159,43.065419175,C662,_,00020,310
C662__00680.310,11.952265503271871,42.982012565000005,C662,_,00680,310
C662__00660.310,11.954870482966573,42.993042945,C662,_,00660,310
C662__0063.310,11.954413547608372,43.004392069999994,C662,_,0063,310
C662__00580.310,11.94299550976085,43.00690438,C662,_,00580,310
C662__00560.310,11.94546361561399,43.012790955,C662,_,00560,310
C662__00500.310,11.95113184072206,43.01618285,C662,_,00500,310
C662__00490.310,11.946304142255809,43.015961360000006,C662,_,00490,310
C662__00470.310,11.924098427064003,43.02088584,C662,_,00470,310
C662__00450.310,11.90711494856048,43.01629681,C662,_,00450,310
C662__00370.310,11.950719459717206,43.030994165,C662,_,00370,310
C662__00360.310,11.937949137596863,43.033476125,C662,_,00360,310
C662__00310.310,11.8955109575,43.023166919999994,C662,_,00310,310
C662__00080.310,11.916536183198502,43.0589122,C662,_,00080,310
C662__00070.310,11.910360446107084,43.061295064999996,C662,_,00070,310
C662__00020.311,11.906790229293275,43.06590513,C662,_,00020,311
C662__00680.311,11.955061032417515,42.983639295,C662,_,00680,311
C662__00660.311,11.953203241393359,42.99416422,C662,_,00660,311
C662__0063.311,11.95412723223632,43.004350349999996,C662,_,0063,311
C662__00590.311,11.956051685338952,43.006599405,C662,_,00590,311
C662__00580.311,11.943091148684758,43.00673491,C662,_,00580,311
C662__00560.311,11.945360001975112,43.013094245,C662,_,00560,311
C662__00500.311,11.949810385407629,43.016349175,C662,_,00500,311
C662__00490.311,11.946540225349548,43.01604416,C662,_,00490,311
C662__00480.311,11.935931097456868,43.02145974,C662,_,00480,311
C662__00450.311,11.90705094436286,43.016423185,C662,_,00450,311
C662__00370.311,11.950717065296551,43.029439735,C662,_,00370,311
C662__00360.311,11.937864065250517,43.03329941,C662,_,00360,311
C662__00310.311,11.899217440979506,43.0235218,C662,_,00310,311
C662__00290.311,11.86586272970338,43.030841995,C662,_,00290,311
C662__00080.311,11.91585681124937,43.059196295,C662,_,00080,311
C662__00070.311,11.909447278203777,43.061856094999996,C662,_,00070,311
C662__00070.312,11.90928335654436,43.062733765000004,C662,_,00070,312
C662__00680.312,11.954944774676996,42.983565420000005,C662,_,00680,312
C662__00660.312,11.953159938224026,42.99397874,C662,_,00660,312
C662__00620.312,11.947719984918649,43.001690165,C662,_,00620,312
C662__00590.312,11.956083710582387,43.00633309,C662,_,00590,312
C662__00560.312,11.945080177619841,43.012292540000004,C662,_,00560,312
C662__00520.312,11.95870128183904,43.01753534,C662,_,00520,312
C662__00490.312,11.946655293931855,43.01601685,C662,_,00490,312
C662__00480.312,11.935969439015484,43.02124972,C662,_,00480,312
C662__00450.312,11.905271199942954,43.01922804,C662,_,00450,312
C662__00370.312,11.951054031195593,43.029485109999996,C662,_,00370,312
C662__00310.312,11.899899223962496,43.021477875,C662,_,00310,312
C662__00080.312,11.914709884454773,43.059156615,C662,_,00080,312
C662__00070.313,11.911041349614226,43.06230864,C662,_,00070,313
C662__00680.313,11.948102951318347,42.98384383,C662,_,00680,313
C662__00620.313,11.947605770474503,43.00167999,C662,_,00620,313
C662__00590.313,11.949879061010524,43.008189525,C662,_,00590,313
C662__00580.313,11.942605727272728,43.00718963,C662,_,00580,313
C662__00560.313,11.945494622647995,43.01269114,C662,_,00560,313
C662__00520.313,11.95878163909565,43.017829565,C662,_,00520,313
C662__00500.313,11.950189415506596,43.01633989,C662,_,00500,313
C662__00490.313,11.9466714230747,43.015961239999996,C662,_,00490,313
C662__00480.313,11.936267157234266,43.020950479999996,C662,_,00480,313
C662__00470.313,11.935491039916197,43.020038165,C662,_,00470,313
C662__00450.313,11.904967515332224,43.01909377,C662,_,00450,313
C662__00370.313,11.94686280024594,43.033940325,C662,_,00370,313
C662__00360.313,11.943810912628834,43.03103518,C662,_,00360,313
C662__00290.313,11.86675477742158,43.030719184999995,C662,_,00290,313
C662__00080.313,11.914694803053017,43.058920255000004,C662,_,00080,313
C662__00020.314,11.905692215966088,43.066846725,C662,_,00020,314
C662__00680.314,11.945861676505894,42.983866745,C662,_,00680,314
C662__00660.314,11.95553551540225,42.99054144,C662,_,00660,314
C662__00620.314,11.947705117921146,43.002769709999995,C662,_,00620,314
C662__00590.314,11.955925563371084,43.006241225,C662,_,00590,314
C662__00520.314,11.960737970985168,43.019374,C662,_,00520,314
C662__00500.314,11.950418261011215,43.016131955000006,C662,_,00500,314
C662__00490.314,11.946777735187016,43.015988324999995,C662,_,00490,314
C662__00480.314,11.944272776980203,43.025451805,C662,_,00480,314
C662__00470.314,11.928386557154843,43.016427164999996,C662,_,00470,314
C662__00450.314,11.90495614608682,43.019425479999995,C662,_,00450,314
C662__00080.314,11.913803800271427,43.06184021,C662,_,00080,314
C662__00070.314,11.909594499600438,43.062041820000005,C662,_,00070,314
C662__00070.315,11.909581598218587,43.06216844,C662,_,00070,315
C662__00660.315,11.956314388870098,42.99087939,C662,_,00660,315
C662__00630.315,11.957523279753197,43.003056375,C662,_,00630,315
C662__00590.315,11.955655758648305,43.00610392,C662,_,00590,315
C662__00520.315,11.958988972144663,43.01814569,C662,_,00520,315
C662__00500.315,11.950657556882899,43.016153265,C662,_,00500,315
C662__00490.315,11.94687601654837,43.016031225,C662,_,00490,315
C662__00470.315,11.935764295554122,43.019639805,C662,_,00470,315
C662__00450.315,11.905675577172188,43.01950968,C662,_,00450,315
C662__00370.315,11.947780552320204,43.034264365,C662,_,00370,315
C662__00360.315,11.943980830330837,43.031788825,C662,_,00360,315
C662__00080.315,11.915485446585706,43.060883905,C662,_,00080,315
C662__00070.316,11.91674098100847,43.05432039,C662,_,00070,316
C662__00680.316,11.947349838803204,42.98338307,C662,_,00680,316
C662__00660.316,11.956198619411193,42.990413180000004,C662,_,00660,316
C662__0063.316,11.955755224788527,43.00356855,C662,_,0063,316
C662__00590.316,11.949552093745066,43.008702305,C662,_,00590,316
C662__00580.316,11.941825790470102,43.0080102,C662,_,00580,316
C662__00520.316,11.95863269756305,43.01789576,C662,_,00520,316
C662__00500.316,11.950963230076395,43.01608314,C662,_,00500,316
C662__00490.316,11.945981791770205,43.015699025,C662,_,00490,316
C662__00480.316,11.94148720261987,43.02425755,C662,_,00480,316
C662__00470.316,11.93575816880956,43.01974046,C662,_,00470,316
C662__00450.316,11.905552513370928,43.01962265,C662,_,00450,316
C662__00360.316,11.943614674825081,43.031679725000004,C662,_,00360,316
C662__00290.316,11.865458019224937,43.031074274999995,C662,_,00290,316
C662__00080.316,11.916583432000525,43.05934721,C662,_,00080,316
C662__00070.317,11.915656105924349,43.053961305,C662,_,00070,317
C662__00680.317,11.949266118754512,42.9837149,C662,_,00680,317
C662__00580.317,11.942213421241512,43.00760304,C662,_,00580,317
C662__00520.317,11.958662573750544,43.01784878,C662,_,00520,317
C662__00500.317,11.952024886889525,43.01636187,C662,_,00500,317
C662__00490.317,11.946156789682668,43.015699025,C662,_,00490,317
C662__00480.317,11.942184330808796,43.02413425,C662,_,00480,317
C662__00470.317,11.935682645135284,43.01945499,C662,_,00470,317
C662__00450.317,11.905884512203029,43.01944159,C662,_,00450,317
C662__00360.317,11.943542158501497,43.031763624999996,C662,_,00360,317
C662__00080.317,11.915358727908458,43.059216115,C662,_,00080,317
C662__00020.318,11.898832143822432,43.06350128,C662,_,00020,318
C662__00680.318,11.9507061426897,42.985489040000004,C662,_,00680,318
C662__00660.318,11.955114422407306,42.991184465,C662,_,00660,318
C662__00630.318,11.95859016403125,43.00318251,C662,_,00630,318
C662__00620.318,11.947440113347708,43.002647339999996,C662,_,00620,318
C662__00590.318,11.955598421077266,43.006717675000004,C662,_,00590,318
C662__00580.318,11.942450192709028,43.007646995,C662,_,00580,318
C662__00520.318,11.958776236588275,43.017927310000005,C662,_,00520,318
C662__00500.318,11.952679776234195,43.016135004999995,C662,_,00500,318
C662__00490.318,11.946237954624408,43.01580741,C662,_,00490,318
C662__00480.318,11.944139782444122,43.02415039,C662,_,00480,318
C662__00450.318,11.905791499700072,43.019791945,C662,_,00450,318
C662__00360.318,11.943328281778022,43.031746125,C662,_,00360,318
C662__00310.318,11.899576993483944,43.02175393,C662,_,00310,318
C662__00290.318,11.865778361535668,43.0305501,C662,_,00290,318
C662__00080.318,11.914668622009902,43.059236575,C662,_,00080,318
C662__00070.318,11.91563520749255,43.053887200000005,C662,_,00070,318
C662__00020.319,11.897521395312186,43.063612725,C662,_,00020,319
C662__00660.319,11.954582938905084,42.99122831,C662,_,00660,319
C662__00630.319,11.958680441749022,43.0028661,C662,_,00630,319
C662__00620.319,11.947201524512012,43.003236715,C662,_,00620,319
C662__00590.319,11.947543133829566,43.0142625,C662,_,00590,319
C662__00580.319,11.941879378467657,43.00825155,C662,_,00580,319
C662__00520.319,11.959203064356767,43.015681275,C662,_,00520,319
C662__00480.319,11.944034769429646,43.024809625,C662,_,00480,319
C662__00470.319,11.935570162419252,43.019575294999996,C662,_,00470,319
C662__00450.319,11.905783203254435,43.01959296,C662,_,00450,319
C662__00360.319,11.943347136343425,43.031679804999996,C662,_,00360,319
C662__00080.319,11.916223164935214,43.05697067,C662,_,00080,319
C662__00070.319,11.91580278569998,43.053808085,C662,_,00070,319
C662__00020.32,11.903534457399951,43.06632243,C662,_,00020,32
C662__00660.32,11.94873339805697,42.99485838,C662,_,00660,32
C662__00620.32,11.947369753369129,43.00285524,C662,_,00620,32
C662__00590.32,11.95771693751165,43.01445617,C662,_,00590,32
C662__00570.32,11.936381396818458,43.008620545,C662,_,00570,32
C662__00560.32,11.93940595443703,43.01558669,C662,_,00560,32
C662__00540.32,11.9172929702576,43.01181193,C662,_,00540,32
C662__00530.32,11.914258582458139,43.012493215,C662,_,00530,32
C662__00520.32,11.960785362428116,43.02144747,C662,_,00520,32
C662__00510.32,11.96158356026356,43.02573417,C662,_,00510,32
C662__00500.32,11.948514545601732,43.026274715,C662,_,00500,32
C662__00490.32,11.94796941012704,43.01734156,C662,_,00490,32
C662__00470.32,11.93404981713152,43.022090485,C662,_,00470,32
C662__00460.32,11.910182580021152,43.01646542,C662,_,00460,32
C662__00450.32,11.905920969143242,43.018188789999996,C662,_,00450,32
C662__00430.32,11.888828867560512,43.021730545,C662,_,00430,32
C662__00420.32,11.881815172814296,43.0209629,C662,_,00420,32
C662__00410.32,11.879975559756076,43.026254300000005,C662,_,00410,32
C662__00400.32,11.870790518207349,43.02719562,C662,_,00400,32
C662__00390.32,11.965452449725337,43.033807325,C662,_,00390,32
C662__00380.32,11.961384824987704,43.037484295,C662,_,00380,32
C662__00370.32,11.954038161815143,43.035186804999995,C662,_,00370,32
C662__00360.32,11.941401573571692,43.03435584,C662,_,00360,32
C662__00350.32,11.936642050074894,43.033905094999994,C662,_,00350,32
C662__00340.32,11.923091517642789,43.02444025,C662,_,00340,32
C662__00330.32,11.919005784381621,43.026961580000005,C662,_,00330,32
C662__00320.32,11.902572367137362,43.028635789999996,C662,_,00320,32
C662__00310.32,11.892703088058937,43.028376065,C662,_,00310,32
C662__00300.32,11.888251878526344,43.032104685,C662,_,00300,32
C662__00290.32,11.870807750185175,43.03104514,C662,_,00290,32
C662__00280.32,11.9628798879392,43.040140875000006,C662,_,00280,32
C662__00270.32,11.945316720158544,43.04415763,C662,_,00270,32
C662__00260.32,11.935574800491189,43.042250535,C662,_,00260,32
C662__00250.32,11.927799978781385,43.034865575,C662,_,00250,32
C662__00240.32,11.916683447617203,43.030780665,C662,_,00240,32
C662__00230.32,11.913393197924389,43.04225839,C662,_,00230,32
C662__00220.32,11.909094558075495,43.03870869,C662,_,00220,32
C662__00210.32,11.88932375765295,43.035820135,C662,_,00210,32
C662__00200.32,11.88741418880588,43.036539095,C662,_,00200,32
C662__00190.32,11.88612756784012,43.034549600000005,C662,_,00190,32
C662__00180.32,11.891506923224377,43.045508365,C662,_,00180,32
C662__00170.32,11.980106103011227,43.049341985,C662,_,00170,32
C662__00150.32,11.95405123625372,43.06641071,C662,_,00150,32
C662__00140.32,11.938928566838545,43.05062358,C662,_,00140,32
C662__00130.32,11.922910658542047,43.045903675,C662,_,00130,32
C662__00120.32,11.921183683774412,43.052359575,C662,_,00120,32
C662__00100.32,11.906272887682857,43.05432558,C662,_,00100,32
C662__00090.32,11.925912372554468,43.057531925,C662,_,00090,32
C662__00080.32,11.917258724733697,43.05627599,C662,_,00080,32
C662__00070.32,11.91439795015798,43.05840735,C662,_,00070,32
C662__00060.32,11.892633524513204,43.059823835,C662,_,00060,32
C662__00030.32,11.913708451472885,43.065295635,C662,_,00030,32
C662__00020.320,11.90861288730179,43.065007484999995,C662,_,00020,320
C662__00660.320,11.955598516769664,42.990256015,C662,_,00660,320
C662__00630.320,11.95911922253271,43.002889190000005,C662,_,00630,320
C662__00620.320,11.947333901995506,43.003217140000004,C662,_,00620,320
C662__00580.320,11.94166274711333,43.00812442,C662,_,00580,320
C662__00480.320,11.940424056639763,43.02391206,C662,_,00480,320
C662__00470.320,11.93557470493528,43.019545355,C662,_,00470,320
C662__00450.320,11.903625379147076,43.020824205,C662,_,00450,320
C662__00360.320,11.940052311335863,43.03546469,C662,_,00360,320
C662__00290.320,11.867311987149167,43.031397435,C662,_,00290,320
C662__00070.320,11.911052355819322,43.06297719,C662,_,00070,320
C662__00020.321,11.907176005873659,43.066055774999995,C662,_,00020,321
C662__00630.321,11.958386251767227,43.00240812,C662,_,00630,321
C662__00580.321,11.941530261910021,43.008042035,C662,_,00580,321
C662__00520.321,11.962233748375393,43.016484265,C662,_,00520,321
C662__00500.321,11.95319839965093,43.01659469,C662,_,00500,321
C662__00490.321,11.946394554916619,43.015770475,C662,_,00490,321
C662__00480.321,11.937718905554838,43.021427724999995,C662,_,00480,321
C662__00470.321,11.935572380487692,43.01959662,C662,_,00470,321
C662__00450.321,11.903809032338149,43.02080308,C662,_,00450,321
C662__00360.321,11.94098245200108,43.031241525,C662,_,00360,321
C662__00080.321,11.914495222675022,43.059525525,C662,_,00080,321
C662__00070.322,11.911701867632999,43.055402145,C662,_,00070,322
C662__00680.322,11.95174724068299,42.9803721,C662,_,00680,322
C662__00660.322,11.956279935758225,42.988832895,C662,_,00660,322
C662__00630.322,11.958576750513293,43.002262245,C662,_,00630,322
C662__0062.322,11.954917812000875,42.99945101,C662,_,0062,322
C662__00590.322,11.950930264410493,43.014034955,C662,_,00590,322
C662__00580.322,11.940283634927177,43.008333695,C662,_,00580,322
C662__00560.322,11.93839626283074,43.01715233,C662,_,00560,322
C662__00520.322,11.961792944129652,43.01674883,C662,_,00520,322
C662__00500.322,11.955130836917693,43.019215759999994,C662,_,00500,322
C662__00490.322,11.946510153466846,43.01582896,C662,_,00490,322
C662__00480.322,11.937516963680377,43.02099848,C662,_,00480,322
C662__00470.322,11.935328994843257,43.019634100000005,C662,_,00470,322
C662__00360.322,11.93554922002506,43.027881199999996,C662,_,00360,322
C662__00080.322,11.914783968639647,43.05973495,C662,_,00080,322
C662__00070.323,11.913534214885832,43.05522993,C662,_,00070,323
C662__00680.323,11.951305557147895,42.98058854,C662,_,00680,323
C662__00630.323,11.958486569629109,43.002175525,C662,_,00630,323
C662__0062.323,11.955056524348057,42.999505115,C662,_,0062,323
C662__00580.323,11.940004236350632,43.00873444,C662,_,00580,323
C662__00560.323,11.94349006846422,43.012490145,C662,_,00560,323
C662__00520.323,11.963007002372237,43.016195010000004,C662,_,00520,323
C662__00500.323,11.955371302462023,43.01924516,C662,_,00500,323
C662__00490.323,11.94663768775102,43.01587122,C662,_,00490,323
C662__00470.323,11.935568013908114,43.019696915,C662,_,00470,323
C662__00360.323,11.93550225250155,43.02760737,C662,_,00360,323
C662__00310.323,11.892438012173416,43.024207759999996,C662,_,00310,323
C662__00290.323,11.865616699258084,43.030252235,C662,_,00290,323
C662__00080.323,11.919986614022346,43.053736935,C662,_,00080,323
C662__00070.324,11.91332169562196,43.055062195,C662,_,00070,324
C662__00680.324,11.95161025,42.980517855,C662,_,00680,324
C662__00660.324,11.955197479179919,42.988660085,C662,_,00660,324
C662__00630.324,11.958809862403747,43.00000502,C662,_,00630,324
C662__00620.324,11.949581785556543,42.997901445,C662,_,00620,324
C662__00580.324,11.939917252523125,43.00903303,C662,_,00580,324
C662__00560.324,11.946069251871801,43.014859325,C662,_,00560,324
C662__00520.324,11.961496044231788,43.01542422,C662,_,00520,324
C662__00490.324,11.946706697071619,43.01591417,C662,_,00490,324
C662__00470.324,11.935424346242328,43.019441465,C662,_,00470,324
C662__00360.324,11.935835284315441,43.02802243,C662,_,00360,324
C662__00310.324,11.892802961481339,43.024074925,C662,_,00310,324
C662__00070.325,11.911255614085444,43.05521517,C662,_,00070,325
C662__00660.325,11.954151829901262,42.991814665,C662,_,00660,325
C662__00620.325,11.936537992304578,42.999643864999996,C662,_,00620,325
C662__00590.325,11.951452184957589,43.007161534999995,C662,_,00590,325
C662__00580.325,11.940618797024744,43.007833649999995,C662,_,00580,325
C662__00520.325,11.968724106508517,43.024311755,C662,_,00520,325
C662__00500.325,11.95825113915188,43.016960805,C662,_,00500,325
C662__00490.325,11.947287963561699,43.015864725,C662,_,00490,325
C662__00480.325,11.93585966949425,43.02030577,C662,_,00480,325
C662__00360.325,11.935843964137526,43.02785453,C662,_,00360,325
C662__00310.325,11.892491521702107,43.02413364,C662,_,00310,325
C662__00290.325,11.866109661828286,43.03003497,C662,_,00290,325
C662__00080.325,11.917168470186411,43.056821355,C662,_,00080,325
C662__00070.326,11.911164186671478,43.063421575,C662,_,00070,326
C662__00680.326,11.9507270393149,42.98037893,C662,_,00680,326
C662__00660.326,11.955011703929898,42.99158849,C662,_,00660,326
C662__00620.326,11.944150602975583,42.997571995,C662,_,00620,326
C662__00580.326,11.948022373718175,43.012157314999996,C662,_,00580,326
C662__00560.326,11.944760064833988,43.012487765,C662,_,00560,326
C662__00520.326,11.967540568601978,43.023773000000006,C662,_,00520,326
C662__00500.326,11.958504407215537,43.01705979,C662,_,00500,326
C662__00490.326,11.947052476430404,43.015824949999995,C662,_,00490,326
C662__00480.326,11.935857558181656,43.020553985,C662,_,00480,326
C662__00360.326,11.936546518452037,43.02850869,C662,_,00360,326
C662__00310.326,11.892760231292602,43.024171025,C662,_,00310,326
C662__00080.326,11.914999883676852,43.058251465,C662,_,00080,326
C662__00070.327,11.910691563152566,43.063646365,C662,_,00070,327
C662__00680.327,11.95110450876488,42.980371495,C662,_,00680,327
C662__00660.327,11.95454967790537,42.992016355000004,C662,_,00660,327
C662__00630.327,11.956128181009444,43.000038765,C662,_,00630,327
C662__00620.327,11.944751309941466,42.997623195,C662,_,00620,327
C662__00590.327,11.956410724308025,43.00633166,C662,_,00590,327
C662__00520.327,11.967438163429403,43.023473159999995,C662,_,00520,327
C662__00500.327,11.959038725398077,43.017217654999996,C662,_,00500,327
C662__00490.327,11.947254571092156,43.01578796,C662,_,00490,327
C662__00480.327,11.935885182599897,43.020716175,C662,_,00480,327
C662__00360.327,11.936621156567778,43.02850526,C662,_,00360,327
C662__00080.327,11.91480235013167,43.05873181,C662,_,00080,327
C662__00070.328,11.91208932590875,43.06230797,C662,_,00070,328
C662__00630.328,11.956019598956292,42.999771374999995,C662,_,00630,328
C662__00620.328,11.945334480477392,42.99771926,C662,_,00620,328
C662__00580.328,11.948133441957012,43.012258785,C662,_,00580,328
C662__00560.328,11.944493114873561,43.01217872,C662,_,00560,328
C662__00520.328,11.967438105467611,43.023422445,C662,_,00520,328
C662__00500.328,11.958694749836173,43.016882915,C662,_,00500,328
C662__00490.328,11.946863852236813,43.015791115,C662,_,00490,328
C662__00480.328,11.936369413488428,43.019381565,C662,_,00480,328
C662__00080.328,11.915110372654945,43.05804526,C662,_,00080,328
C662__00070.329,11.91147550641478,43.062144405,C662,_,00070,329
C662__00660.329,11.955082559527362,42.988630875,C662,_,00660,329
C662__00620.329,11.942593407605102,43.001345400000005,C662,_,00620,329
C662__00590.329,11.951636421229948,43.00692077,C662,_,00590,329
C662__00580.329,11.948999688040658,43.005088705,C662,_,00580,329
C662__00520.329,11.966743514247806,43.02484,C662,_,00520,329
C662__00500.329,11.958480319056605,43.0168557,C662,_,00500,329
C662__00490.329,11.946951250157955,43.01575814,C662,_,00490,329
C662__00480.329,11.940738625144988,43.01793557,C662,_,00480,329
C662__00360.329,11.937782644500171,43.029243815,C662,_,00360,329
C662__00080.329,11.915191748006402,43.057900705,C662,_,00080,329
C662__00020.33,11.902692782696757,43.06571201,C662,_,00020,33
C662__00660.33,11.953457092482463,42.994094745,C662,_,00660,33
C662__00610.33,11.925631027807693,42.99975193,C662,_,00610,33
C662__00600.33,11.919221006730908,42.996344775,C662,_,00600,33
C662__00590.33,11.959805572783273,43.01490056,C662,_,00590,33
C662__00580.33,11.948538045257381,43.0108075,C662,_,00580,33
C662__00570.33,11.936612335461254,43.008338795,C662,_,00570,33
C662__00560.33,11.94010019605064,43.01631265,C662,_,00560,33
C662__00550.33,11.92747595728428,43.01090316,C662,_,00550,33
C662__00540.33,11.918530209820585,43.009238415,C662,_,00540,33
C662__00530.33,11.91372664871866,43.011100105,C662,_,00530,33
C662__00520.33,11.961996791428927,43.0220574,C662,_,00520,33
C662__00510.33,11.961836805170616,43.02538972,C662,_,00510,33
C662__00500.33,11.947675310727577,43.02545793,C662,_,00500,33
C662__00490.33,11.948677057943529,43.01778684,C662,_,00490,33
C662__00480.33,11.94073448780839,43.026858125,C662,_,00480,33
C662__00470.33,11.935020879519023,43.022276704999996,C662,_,00470,33
C662__00440.33,11.89497673296413,43.021249155,C662,_,00440,33
C662__00420.33,11.88210110490825,43.02004572,C662,_,00420,33
C662__00390.33,11.965526783830942,43.03392743,C662,_,00390,33
C662__00370.33,11.955300189646994,43.035671755,C662,_,00370,33
C662__00350.33,11.937486916699136,43.034310515,C662,_,00350,33
C662__00340.33,11.923312420596108,43.0238415,C662,_,00340,33
C662__00330.33,11.91736924482224,43.0260587,C662,_,00330,33
C662__00320.33,11.905484873459663,43.0289465,C662,_,00320,33
C662__00310.33,11.893405883740488,43.028552215000005,C662,_,00310,33
C662__00300.33,11.885143388329453,43.032193885,C662,_,00300,33
C662__00290.33,11.871897128593416,43.030738825,C662,_,00290,33
C662__00270.33,11.947686358580237,43.044177175,C662,_,00270,33
C662__00260.33,11.936777268695867,43.04306101,C662,_,00260,33
C662__00250.33,11.927025357849153,43.03342888,C662,_,00250,33
C662__00230.33,11.911015080253243,43.041385885,C662,_,00230,33
C662__00190.33,11.886141085656028,43.034353545,C662,_,00190,33
C662__00170.33,11.980466926360327,43.04878753,C662,_,00170,33
C662__00160.33,11.964266006165747,43.045496125,C662,_,00160,33
C662__00140.33,11.939100043765789,43.05043313,C662,_,00140,33
C662__00130.33,11.92329508257625,43.045756735,C662,_,00130,33
C662__00120.33,11.920658191764813,43.052772955,C662,_,00120,33
C662__00110.33,11.920773376448617,43.05026463,C662,_,00110,33
C662__00090.33,11.931875181690557,43.055221535,C662,_,00090,33
C662__00080.33,11.919937426101864,43.057466815,C662,_,00080,33
C662__00060.33,11.895738490432171,43.059366605,C662,_,00060,33
C662__00030.33,11.9185314537613,43.063556135,C662,_,00030,33
C662__00070.330,11.912518149164978,43.062476114999996,C662,_,00070,330
C662__00680.330,11.950731456847073,42.980037105,C662,_,00680,330
C662__00630.330,11.95633210168296,42.99657534000001,C662,_,00630,330
C662__00620.330,11.94512262427291,43.004498665,C662,_,00620,330
C662__00590.330,11.951468131745596,43.00691826,C662,_,00590,330
C662__00580.330,11.947541990013868,43.010680435,C662,_,00580,330
C662__00560.330,11.94488481506211,43.012584634999996,C662,_,00560,330
C662__00520.330,11.96678699214009,43.02482826,C662,_,00520,330
C662__00500.330,11.958344541497766,43.016715265,C662,_,00500,330
C662__00490.330,11.946811940188496,43.015737445,C662,_,00490,330
C662__00480.330,11.936223785701536,43.02000162,C662,_,00480,330
C662__00470.330,11.923405477168771,43.01745749,C662,_,00470,330
C662__00080.330,11.915264424884615,43.05777653,C662,_,00080,330
C662__00080.331,11.915329926186946,43.057662539999995,C662,_,00080,331
C662__00680.331,11.951264263047975,42.98013784,C662,_,00680,331
C662__0063.331,11.956688097859914,43.002574429999996,C662,_,0063,331
C662__00620.331,11.945316328339349,43.004615135,C662,_,00620,331
C662__00590.331,11.952746351592499,43.00635461,C662,_,00590,331
C662__00580.331,11.950297356077348,43.00621832,C662,_,00580,331
C662__00520.331,11.966830435181805,43.024817545000005,C662,_,00520,331
C662__00490.331,11.946744122736929,43.015716575,C662,_,00490,331
C662__00480.331,11.936216805841688,43.01961819500001,C662,_,00480,331
C662__00360.331,11.937218862670626,43.028964325000004,C662,_,00360,331
C662__00070.332,11.911834622707604,43.061980765,C662,_,00070,332
C662__00680.332,11.952577599432654,42.981373239999996,C662,_,00680,332
C662__00630.332,11.958248881664144,42.998263335000004,C662,_,00630,332
C662__00620.332,11.945480047458592,43.00417197,C662,_,00620,332
C662__00590.332,11.9552800553314,43.006171789999996,C662,_,00590,332
C662__00580.332,11.948419311449259,43.010588745,C662,_,00580,332
C662__00520.332,11.966491065701458,43.023981414999994,C662,_,00520,332
C662__00500.332,11.958812714631753,43.01689976,C662,_,00500,332
C662__00490.332,11.946651192367003,43.01569893,C662,_,00490,332
C662__00470.332,11.921475602169421,43.01595659,C662,_,00470,332
C662__00080.332,11.914334518657277,43.05917693000001,C662,_,00080,332
C662__00080.333,11.915390626079674,43.05755413,C662,_,00080,333
C662__00660.333,11.950402181078406,42.99593014,C662,_,00660,333
C662__00620.333,11.946028291845174,43.00491325,C662,_,00620,333
C662__00580.333,11.948215232389664,43.00945571,C662,_,00580,333
C662__00560.333,11.932009090079168,43.01273739,C662,_,00560,333
C662__00520.333,11.966553168208772,43.02401184,C662,_,00520,333
C662__00500.333,11.951731283929837,43.015976484999996,C662,_,00500,333
C662__00470.333,11.935232645385613,43.022276704999996,C662,_,00470,333
C662__00360.333,11.938166560929677,43.02965644,C662,_,00360,333
C662__00310.333,11.893019525683545,43.024127955,C662,_,00310,333
C662__00070.334,11.91068536373499,43.063689225,C662,_,00070,334
C662__00680.334,11.94797037157188,42.978445635,C662,_,00680,334
C662__00660.334,11.957142090946114,42.99019151,C662,_,00660,334
C662__00630.334,11.956417540165393,42.99509141,C662,_,00630,334
C662__00620.334,11.945803193995104,43.00384309499999,C662,_,00620,334
C662__00590.334,11.950844058868075,43.006844040000004,C662,_,00590,334
C662__00560.334,11.932975687522806,43.013094065000004,C662,_,00560,334
C662__00520.334,11.966594764393585,43.024006905,C662,_,00520,334
C662__00500.334,11.952411156994707,43.015489145000004,C662,_,00500,334
C662__00490.334,11.946650135306886,43.015589215,C662,_,00490,334
C662__00480.334,11.944079055290597,43.02236161,C662,_,00480,334
C662__00360.334,11.943181327425645,43.038590765,C662,_,00360,334
C662__00310.334,11.892972627925314,43.024058565000004,C662,_,00310,334
C662__00080.334,11.915443172865412,43.05745805,C662,_,00080,334
C662__00070.335,11.909150494191401,43.061856094999996,C662,_,00070,335
C662__00680.335,11.9453026628712,42.97804773,C662,_,00680,335
C662__00660.335,11.956892644559629,42.9907216,C662,_,00660,335
C662__0063.335,11.957458411122339,43.004223440000004,C662,_,0063,335
C662__00620.335,11.945902104056051,43.003653675,C662,_,00620,335
C662__00590.335,11.957048519281255,43.007349735000005,C662,_,00590,335
C662__00560.335,11.93310400361278,43.01322017,C662,_,00560,335
C662__00520.335,11.969009730912886,43.027162415,C662,_,00520,335
C662__00500.335,11.958257902281208,43.016131445,C662,_,00500,335
C662__00490.335,11.946659130433387,43.015533735000005,C662,_,00490,335
C662__00480.335,11.946336074923138,43.02159793,C662,_,00480,335
C662__00470.335,11.932089154601067,43.018611039999996,C662,_,00470,335
C662__00360.335,11.94285060823015,43.03774975,C662,_,00360,335
C662__00080.335,11.91548932519298,43.057370969999994,C662,_,00080,335
C662__00070.336,11.910162143205442,43.061941905,C662,_,00070,336
C662__00680.336,11.948572665001866,42.980412535,C662,_,00680,336
C662__00660.336,11.956677811819766,42.990299655,C662,_,00660,336
C662__00620.336,11.945672420131993,43.00367715,C662,_,00620,336
C662__00590.336,11.947301231820301,43.01397464,C662,_,00590,336
C662__00580.336,11.945062183664135,43.006010075000006,C662,_,00580,336
C662__00520.336,11.963596787025956,43.02333386,C662,_,00520,336
C662__00490.336,11.94671097589587,43.015495720000004,C662,_,00490,336
C662__00360.336,11.943083616934253,43.03756407,C662,_,00360,336
C662__00080.336,11.915530727529816,43.05729843,C662,_,00080,336
C662__00070.337,11.909638616474822,43.061999435000004,C662,_,00070,337
C662__00680.337,11.949540442982133,42.980171150000004,C662,_,00680,337
C662__00660.337,11.956661732713135,42.990784355,C662,_,00660,337
C662__00620.337,11.945937483175104,43.00336933,C662,_,00620,337
C662__00580.337,11.944605169262001,43.005690085,C662,_,00580,337
C662__00560.337,11.94449239755135,43.011938005,C662,_,00560,337
C662__00520.337,11.963514501460981,43.022689135,C662,_,00520,337
C662__00490.337,11.946814254797934,43.015509415,C662,_,00490,337
C662__00480.337,11.939552459590658,43.018598514999994,C662,_,00480,337
C662__00470.337,11.929879405020102,43.02128134,C662,_,00470,337
C662__00360.337,11.943071675909781,43.03806187,C662,_,00360,337
C662__00080.337,11.91445555543153,43.059050675,C662,_,00080,337
C662__00070.338,11.910023094452734,43.062066470000005,C662,_,00070,338
C662__00680.338,11.950144232344744,42.980160985,C662,_,00680,338
C662__00620.338,11.94610558449897,43.003151395,C662,_,00620,338
C662__00580.338,11.944012435729002,43.00591451,C662,_,00580,338
C662__00520.338,11.959221022866597,43.017685905,C662,_,00520,338
C662__00500.338,11.952604820423208,43.01574333,C662,_,00500,338
C662__00490.338,11.946954649102448,43.015595605,C662,_,00490,338
C662__00480.338,11.938767784964734,43.018739505,C662,_,00480,338
C662__00360.338,11.94347744636472,43.03789883,C662,_,00360,338
C662__00080.338,11.914492324976807,43.059012375,C662,_,00080,338
C662__00070.339,11.909753058736127,43.06209862,C662,_,00070,339
C662__0063.339,11.956090830238214,43.003854395000005,C662,_,0063,339
C662__00620.339,11.94613464346093,43.00336933,C662,_,00620,339
C662__00590.339,11.95120282203153,43.00711413,C662,_,00590,339
C662__00580.339,11.94549513742922,43.005565680000004,C662,_,00580,339
C662__00560.339,11.943312977804181,43.012755665,C662,_,00560,339
C662__00520.339,11.95915553993553,43.01746705,C662,_,00520,339
C662__00500.339,11.955557977882375,43.019581115,C662,_,00500,339
C662__00490.339,11.947223280847723,43.015699675,C662,_,00490,339
C662__00480.339,11.944791242015086,43.02122481,C662,_,00480,339
C662__00470.339,11.927364151152226,43.01606801,C662,_,00470,339
C662__00360.339,11.943179486959403,43.03793123,C662,_,00360,339
C662__00080.339,11.914528996220639,43.05897416,C662,_,00080,339
C662__00010.34,11.912601211439469,43.07023633,C662,_,00010,34
C662__00640.34,11.926490505745262,42.994334955,C662,_,00640,34
C662__0063.34,11.953181529243881,43.00540845,C662,_,0063,34
C662__00620.34,11.948782618704254,43.00310913,C662,_,00620,34
C662__00610.34,11.926045320378833,43.000318485,C662,_,00610,34
C662__00590.34,11.947013159251636,43.01381492,C662,_,00590,34
C662__00580.34,11.937098126369166,43.00826756,C662,_,00580,34
C662__00570.34,11.937138708530114,43.00883511,C662,_,00570,34
C662__00560.34,11.941007379876794,43.01605941,C662,_,00560,34
C662__00550.34,11.918821702171202,43.00681856,C662,_,00550,34
C662__00540.34,11.917018512695519,43.009823215,C662,_,00540,34
C662__00530.34,11.914560840068463,43.01033821,C662,_,00530,34
C662__00520.34,11.96228020579925,43.02173371,C662,_,00520,34
C662__00510.34,11.95819959436503,43.020053355,C662,_,00510,34
C662__00500.34,11.94826691779225,43.0253882,C662,_,00500,34
C662__00480.34,11.94110738576737,43.026673935,C662,_,00480,34
C662__00470.34,11.935396228269761,43.022207214999995,C662,_,00470,34
C662__00460.34,11.914493094794667,43.018565285,C662,_,00460,34
C662__00440.34,11.894550523813097,43.021577275,C662,_,00440,34
C662__00430.34,11.884045999492006,43.019582944999996,C662,_,00430,34
C662__00420.34,11.88318254193286,43.02023591,C662,_,00420,34
C662__00410.34,11.880194725017262,43.026444240000004,C662,_,00410,34
C662__00400.34,11.870584236155107,43.027556489999995,C662,_,00400,34
C662__00390.34,11.969008347663436,43.032322215,C662,_,00390,34
C662__00380.34,11.961498985263123,43.03752107,C662,_,00380,34
C662__00370.34,11.95610564392513,43.036211925,C662,_,00370,34
C662__00360.34,11.944651262001472,43.033888405,C662,_,00360,34
C662__00340.34,11.924546438646075,43.02448725,C662,_,00340,34
C662__00320.34,11.90711972122985,43.02977731,C662,_,00320,34
C662__00310.34,11.893963244848713,43.028557019999994,C662,_,00310,34
C662__00280.34,11.955404878702362,43.0396439,C662,_,00280,34
C662__00270.34,11.947675425675047,43.045237445,C662,_,00270,34
C662__00260.34,11.937342363576912,43.042952105,C662,_,00260,34
C662__00250.34,11.929014709849241,43.041999235,C662,_,00250,34
C662__00240.34,11.916863450385058,43.03003153,C662,_,00240,34
C662__00230.34,11.910725521891695,43.04093225,C662,_,00230,34
C662__00220.34,11.908626638657822,43.037972710000005,C662,_,00220,34
C662__00210.34,11.890936506541397,43.035435844999995,C662,_,00210,34
C662__00200.34,11.88878064299463,43.03701662,C662,_,00200,34
C662__00190.34,11.885803418168347,43.034195265,C662,_,00190,34
C662__00180.34,11.892952986728893,43.045816405,C662,_,00180,34
C662__00170.34,11.981692726541747,43.04912279,C662,_,00170,34
C662__00150.34,11.951422148143953,43.063469655000006,C662,_,00150,34
C662__00140.34,11.941356873655149,43.051315849999995,C662,_,00140,34
C662__00130.34,11.919579151787882,43.04305215,C662,_,00130,34
C662__00100.34,11.909147229587134,43.053247215,C662,_,00100,34
C662__00090.34,11.92884209903978,43.056393595,C662,_,00090,34
C662__00060.34,11.903167996728449,43.06133028,C662,_,00060,34
C662__00030.34,11.916957588442195,43.06288414,C662,_,00030,34
C662__00080.340,11.914565440754297,43.05893618,C662,_,00080,340
C662__00620.340,11.946503827562086,43.00277069,C662,_,00620,340
C662__00590.340,11.955612848930759,43.006294784999994,C662,_,00590,340
C662__00580.340,11.94445864328468,43.00561106,C662,_,00580,340
C662__00560.340,11.94434833438782,43.013649404999995,C662,_,00560,340
C662__00520.340,11.963023366945404,43.01648608,C662,_,00520,340
C662__00500.340,11.95568414440488,43.01974194,C662,_,00500,340
C662__00490.340,11.947117163481362,43.015500274999994,C662,_,00490,340
C662__00470.340,11.926161217488403,43.01590506,C662,_,00470,340
C662__00450.340,11.903422181150578,43.020456894999995,C662,_,00450,340
C662__00360.340,11.94386645104454,43.037651499999996,C662,_,00360,340
C662__00080.341,11.914620856807707,43.058888935,C662,_,00080,341
C662__00620.341,11.94651602165392,43.002976795,C662,_,00620,341
C662__00590.341,11.946800517168668,43.014360214999996,C662,_,00590,341
C662__00580.341,11.944720654197358,43.005475135,C662,_,00580,341
C662__00560.341,11.933040475146804,43.016177815,C662,_,00560,341
C662__00520.341,11.962591544963189,43.016607695000005,C662,_,00520,341
C662__00500.341,11.955755531356582,43.01948111,C662,_,00500,341
C662__00490.341,11.947529450587421,43.015798625,C662,_,00490,341
C662__00480.341,11.937749211688889,43.018409704999996,C662,_,00480,341
C662__00470.341,11.926747341614764,43.01538284,C662,_,00470,341
C662__00360.341,11.943900762774138,43.037579585,C662,_,00360,341
C662__00070.342,11.909536468257347,43.06276738,C662,_,00070,342
C662__00620.342,11.94674895267617,43.0027681,C662,_,00620,342
C662__00590.342,11.95178398716984,43.00712761,C662,_,00590,342
C662__00580.342,11.944364381971484,43.005714135000005,C662,_,00580,342
C662__00520.342,11.970860336015576,43.019324425,C662,_,00520,342
C662__00490.342,11.947359809517629,43.0154867,C662,_,00490,342
C662__00480.342,11.937730625451612,43.01863308,C662,_,00480,342
C662__00360.342,11.945262373187916,43.038201945,C662,_,00360,342
C662__00080.342,11.914633376145165,43.05889358,C662,_,00080,342
C662__00070.343,11.910256545577166,43.062383385000004,C662,_,00070,343
C662__00680.343,11.948430247242667,42.98007101,C662,_,00680,343
C662__00660.343,11.954715332775324,42.995109455000005,C662,_,00660,343
C662__00620.343,11.946773960965047,43.002390614999996,C662,_,00620,343
C662__00590.343,11.94721204760305,43.014234055,C662,_,00590,343
C662__00580.343,11.94479848192857,43.005583755,C662,_,00580,343
C662__00520.343,11.964206468157688,43.02658168,C662,_,00520,343
C662__00450.343,11.903580676819413,43.020116095,C662,_,00450,343
C662__00360.343,11.943660525565864,43.037538600000005,C662,_,00360,343
C662__00080.343,11.914408718429154,43.059099825000004,C662,_,00080,343
C662__00080.344,11.914814364500426,43.058701395,C662,_,00080,344
C662__00660.344,11.954725309121157,42.987567705000004,C662,_,00660,344
C662__00620.344,11.946992418840788,43.00225883,C662,_,00620,344
C662__00590.344,11.947822450140983,43.0143263,C662,_,00590,344
C662__00580.344,11.949643759558597,43.00673115,C662,_,00580,344
C662__00560.344,11.940740447400154,43.01553062,C662,_,00560,344
C662__00520.344,11.961381824823967,43.02027914,C662,_,00520,344
C662__00500.344,11.954990185280252,43.018754834999996,C662,_,00500,344
C662__00490.344,11.947253493556206,43.015359525,C662,_,00490,344
C662__00450.344,11.904254904787788,43.019652504999996,C662,_,00450,344
C662__00360.344,11.936559356359025,43.030797379999996,C662,_,00360,344
C662__00070.345,11.9100037056001,43.06179891,C662,_,00070,345
C662__00660.345,11.954144320274347,42.98755541,C662,_,00660,345
C662__0063.345,11.95337344593667,43.005711065,C662,_,0063,345
C662__00580.345,11.949749396738136,43.00672949,C662,_,00580,345
C662__00560.345,11.941133565433091,43.015976005,C662,_,00560,345
C662__00520.345,11.961126703294784,43.021046325,C662,_,00520,345
C662__00500.345,11.952212743789445,43.016450129999996,C662,_,00500,345
C662__00490.345,11.947384254303891,43.015347515,C662,_,00490,345
C662__00480.345,11.94607173232368,43.018750315,C662,_,00480,345
C662__00470.345,11.921230921793365,43.018465539999994,C662,_,00470,345
C662__00360.345,11.937199614048914,43.028515865,C662,_,00360,345
C662__00080.345,11.914829526746413,43.058670465,C662,_,00080,345
C662__00080.346,11.91487248756148,43.05850964,C662,_,00080,346
C662__00660.346,11.955365045885474,42.985775759999996,C662,_,00660,346
C662__0063.346,11.953072612601344,43.005716785000004,C662,_,0063,346
C662__00620.346,11.946522614251442,43.00260577,C662,_,00620,346
C662__00580.346,11.950071772204584,43.007072210000004,C662,_,00580,346
C662__00490.346,11.947329935210995,43.015300339999996,C662,_,00490,346
C662__00470.346,11.932143931280706,43.018646075,C662,_,00470,346
C662__00360.346,11.937336123993576,43.028690515,C662,_,00360,346
C662__00310.347,11.890501307733462,43.024660420000004,C662,_,00310,347
C662__00680.347,11.944252203594532,42.97932523,C662,_,00680,347
C662__00660.347,11.954565925244435,42.986604979999996,C662,_,00660,347
C662__00620.347,11.947346308770753,43.0015693,C662,_,00620,347
C662__00580.347,11.949471819504575,43.006808465,C662,_,00580,347
C662__00560.347,11.933610163139008,43.012993179999995,C662,_,00560,347
C662__00520.347,11.962073413877665,43.020396500000004,C662,_,00520,347
C662__00490.347,11.947387808626443,43.01529187,C662,_,00490,347
C662__00480.347,11.936661875964667,43.019301354999996,C662,_,00480,347
C662__00470.347,11.931932925835138,43.018434765,C662,_,00470,347
C662__00360.347,11.937226525736737,43.028717165,C662,_,00360,347
C662__00070.348,11.909673071336666,43.062378815,C662,_,00070,348
C662__00680.348,11.953461158238241,42.982668715,C662,_,00680,348
C662__00660.348,11.95485699992534,42.987199625,C662,_,00660,348
C662__00620.348,11.94724206273214,43.002022075,C662,_,00620,348
C662__00590.348,11.9490350406215,43.01103791,C662,_,00590,348
C662__00580.348,11.948905697039622,43.00668702,C662,_,00580,348
C662__00560.348,11.934513286264547,43.011782955,C662,_,00560,348
C662__00520.348,11.964381767374219,43.020185420000004,C662,_,00520,348
C662__00500.348,11.952516229326672,43.016780845,C662,_,00500,348
C662__00490.348,11.94733739382512,43.01523719,C662,_,00490,348
C662__00480.348,11.936802721301813,43.01928676,C662,_,00480,348
C662__00470.348,11.928783185025702,43.016686754999995,C662,_,00470,348
C662__00360.348,11.936879704329058,43.032035155,C662,_,00360,348
C662__00310.348,11.890551497362011,43.02440937,C662,_,00310,348
C662__00080.348,11.91507359572292,43.05812546,C662,_,00080,348
C662__00070.349,11.909533677687687,43.06185797,C662,_,00070,349
C662__00680.349,11.95298600385263,42.982782285,C662,_,00680,349
C662__00660.349,11.954631445995432,42.986746870000005,C662,_,00660,349
C662__00630.349,11.960458482730221,43.004075900000004,C662,_,00630,349
C662__00590.349,11.954972614075153,43.007284014999996,C662,_,00590,349
C662__00580.349,11.94965147278047,43.00663597,C662,_,00580,349
C662__00560.349,11.94253368782391,43.01560105,C662,_,00560,349
C662__00520.349,11.964395480836231,43.01907984,C662,_,00520,349
C662__00490.349,11.947853650709746,43.015791035,C662,_,00490,349
C662__00480.349,11.936961798194492,43.01931268,C662,_,00480,349
C662__00470.349,11.929397769733331,43.016481885,C662,_,00470,349
C662__00450.349,11.90396945999359,43.019500609999994,C662,_,00450,349
C662__00310.349,11.8975380166301,43.03127939,C662,_,00310,349
C662__00080.349,11.91544900370387,43.05745985,C662,_,00080,349
C662__00010.35,11.910994078999236,43.069418935,C662,_,00010,35
C662__00660.35,11.953009102622612,42.99338442,C662,_,00660,35
C662__00650.35,11.945559354205077,42.99642989,C662,_,00650,35
C662__00640.35,11.928882389875302,42.994403025,C662,_,00640,35
C662__00630.35,11.960931934317488,43.00236223,C662,_,00630,35
C662__00610.35,11.92613686613575,42.999874274999996,C662,_,00610,35
C662__00600.35,11.921104613681557,43.003474185,C662,_,00600,35
C662__00580.35,11.938011822586756,43.008608710000004,C662,_,00580,35
C662__00560.35,11.932378023729918,43.01458478,C662,_,00560,35
C662__00550.35,11.920615329012236,43.00819296,C662,_,00550,35
C662__00520.35,11.96304172813787,43.02234523,C662,_,00520,35
C662__00500.35,11.946505582423786,43.02440947,C662,_,00500,35
C662__00480.35,11.941538375437919,43.027176045000004,C662,_,00480,35
C662__00470.35,11.934477520346672,43.02191576,C662,_,00470,35
C662__00450.35,11.897627980040658,43.019058005000005,C662,_,00450,35
C662__00440.35,11.892019710725261,43.022219525,C662,_,00440,35
C662__00430.35,11.885796327249242,43.020155915000004,C662,_,00430,35
C662__00420.35,11.88360989727669,43.0198612,C662,_,00420,35
C662__00410.35,11.87929757691511,43.02613342,C662,_,00410,35
C662__00390.35,11.970747296004648,43.033396890000006,C662,_,00390,35
C662__00380.35,11.9620172775493,43.03762595,C662,_,00380,35
C662__00360.35,11.9453426284426,43.03297197,C662,_,00360,35
C662__00350.35,11.928448277337155,43.034018875,C662,_,00350,35
C662__00340.35,11.9259649640078,43.024844169999994,C662,_,00340,35
C662__00320.35,11.90814087228728,43.02989503,C662,_,00320,35
C662__00310.35,11.89423457439739,43.02808719,C662,_,00310,35
C662__00300.35,11.884744624427942,43.031693860000004,C662,_,00300,35
C662__00290.35,11.876127430231959,43.030714540000005,C662,_,00290,35
C662__00270.35,11.948449540543503,43.045133570000004,C662,_,00270,35
C662__00250.35,11.929398700486235,43.039662635,C662,_,00250,35
C662__00240.35,11.918012910995573,43.030445025000006,C662,_,00240,35
C662__00230.35,11.911751482733285,43.04101188,C662,_,00230,35
C662__00220.35,11.899071452334265,43.039340409999994,C662,_,00220,35
C662__00210.35,11.896527806925755,43.037050730000004,C662,_,00210,35
C662__00200.35,11.889563149010879,43.037293774999995,C662,_,00200,35
C662__00190.35,11.879512084435515,43.03227638,C662,_,00190,35
C662__00180.35,11.893764319501575,43.04579961,C662,_,00180,35
C662__00170.35,11.980792026718122,43.04847227,C662,_,00170,35
C662__00160.35,11.951226301939517,43.051935445,C662,_,00160,35
C662__00150.35,11.952073106653787,43.062836905,C662,_,00150,35
C662__00140.35,11.941882196766032,43.051230525,C662,_,00140,35
C662__00130.35,11.922914130694188,43.046515825,C662,_,00130,35
C662__00120.35,11.931000773183243,43.055340555,C662,_,00120,35
C662__00100.35,11.907836888502125,43.054261725,C662,_,00100,35
C662__00090.35,11.932991922562636,43.054795195,C662,_,00090,35
C662__00070.35,11.91450706753333,43.058547655,C662,_,00070,35
C662__00060.35,11.897210623157761,43.05930869,C662,_,00060,35
C662__00030.35,11.917632087456688,43.06231766,C662,_,00030,35
C662__00020.35,11.904140118853451,43.065563695,C662,_,00020,35
C662__00070.350,11.909581496274185,43.061655900000005,C662,_,00070,350
C662__00680.350,11.953535703902753,42.98321401,C662,_,00680,350
C662__00660.350,11.954976446718469,42.985676424999994,C662,_,00660,350
C662__0063.350,11.955455372053699,43.003109405000004,C662,_,0063,350
C662__00620.350,11.947706057460707,43.001575325000005,C662,_,00620,350
C662__00590.350,11.955288977260707,43.006666995,C662,_,00590,350
C662__00520.350,11.963242202384421,43.020832595,C662,_,00520,350
C662__00500.350,11.952421278113867,43.016851605,C662,_,00500,350
C662__00490.350,11.947947396737815,43.01559557,C662,_,00490,350
C662__00470.350,11.928646563991656,43.01713121,C662,_,00470,350
C662__00310.350,11.896802486056036,43.028221290000005,C662,_,00310,350
C662__00080.350,11.91555237217767,43.057279565,C662,_,00080,350
C662__00070.351,11.909627875086043,43.06207475,C662,_,00070,351
C662__00680.351,11.953229192284304,42.983099635,C662,_,00680,351
C662__00660.351,11.955703199743144,42.984813555,C662,_,00660,351
C662__00620.351,11.947945653043835,43.00089789,C662,_,00620,351
C662__00590.351,11.955846766498693,43.007078975,C662,_,00590,351
C662__00580.351,11.944065318089372,43.005113165,C662,_,00580,351
C662__00560.351,11.942010633202244,43.01577311,C662,_,00560,351
C662__00520.351,11.963587312548272,43.02147529,C662,_,00520,351
C662__00500.351,11.956019003010388,43.01990405,C662,_,00500,351
C662__00490.351,11.948064163051683,43.015770505,C662,_,00490,351
C662__00470.351,11.92953436494901,43.016581744999996,C662,_,00470,351
C662__00080.351,11.915495695832163,43.057372490000006,C662,_,00080,351
C662__00070.352,11.909325207859812,43.061687165,C662,_,00070,352
C662__00680.352,11.953711693080855,42.98282033,C662,_,00680,352
C662__00660.352,11.955290673103331,42.984954235000004,C662,_,00660,352
C662__0063.352,11.953853185580622,43.00294102,C662,_,0063,352
C662__00620.352,11.947745589667697,43.00153483,C662,_,00620,352
C662__00590.352,11.95603851015308,43.007158884999996,C662,_,00590,352
C662__00580.352,11.944331724781502,43.00438729,C662,_,00580,352
C662__00560.352,11.941253259373118,43.01597364,C662,_,00560,352
C662__00520.352,11.962704188193364,43.01890172,C662,_,00520,352
C662__00500.352,11.955890978416178,43.019825604999994,C662,_,00500,352
C662__00490.352,11.948190672598816,43.015770885,C662,_,00490,352
C662__00480.352,11.935418977131807,43.024996665,C662,_,00480,352
C662__00470.352,11.929941716939004,43.017531434999995,C662,_,00470,352
C662__00360.352,11.937112055472316,43.03209142,C662,_,00360,352
C662__00310.352,11.894908754160731,43.0281364,C662,_,00310,352
C662__00080.352,11.914411571910911,43.059100580000006,C662,_,00080,352
C662__00070.353,11.909541808158234,43.061540355000005,C662,_,00070,353
C662__00680.353,11.953074014927793,42.983022004999995,C662,_,00680,353
C662__00660.353,11.955644404188789,42.984116185000005,C662,_,00660,353
C662__0063.353,11.956333477877948,43.00485748,C662,_,0063,353
C662__00620.353,11.948163407811087,43.00293611,C662,_,00620,353
C662__00580.353,11.94472977402339,43.004470409999996,C662,_,00580,353
C662__00520.353,11.963574842328807,43.019561089999996,C662,_,00520,353
C662__00500.353,11.956074273997459,43.019754469999995,C662,_,00500,353
C662__00490.353,11.948076914988416,43.01552158,C662,_,00490,353
C662__00470.353,11.930660381219873,43.01718226,C662,_,00470,353
C662__00360.353,11.937904536440733,43.029029775,C662,_,00360,353
C662__00080.353,11.914340524186269,43.059173,C662,_,00080,353
C662__00070.354,11.9097067887564,43.061876299999994,C662,_,00070,354
C662__00680.354,11.950761292018566,42.983356065,C662,_,00680,354
C662__00660.354,11.955935416736647,42.984140569999994,C662,_,00660,354
C662__00590.354,11.955272571408237,43.006373495,C662,_,00590,354
C662__00580.354,11.944975898286387,43.005629424999995,C662,_,00580,354
C662__00560.354,11.944144765949364,43.011473805,C662,_,00560,354
C662__00520.354,11.963810665153126,43.017953864999996,C662,_,00520,354
C662__00490.354,11.94820560545205,43.015527135,C662,_,00490,354
C662__00470.354,11.930040062761737,43.016893815,C662,_,00470,354
C662__00360.354,11.938835735202883,43.02944359,C662,_,00360,354
C662__00080.354,11.914496653975299,43.059013660000005,C662,_,00080,354
C662__00070.355,11.909763977846492,43.06166915,C662,_,00070,355
C662__0063.355,11.951058058513329,43.006096505,C662,_,0063,355
C662__00620.355,11.9481029315104,43.002693045,C662,_,00620,355
C662__00560.355,11.944449015483258,43.011512100000004,C662,_,00560,355
C662__00520.355,11.964116594138687,43.018496435,C662,_,00520,355
C662__00500.355,11.958782558277903,43.017261545,C662,_,00500,355
C662__00490.355,11.948393705699033,43.015807179999996,C662,_,00490,355
C662__00480.355,11.943595399812876,43.024072865,C662,_,00480,355
C662__00470.355,11.930340749361172,43.016873485000005,C662,_,00470,355
C662__00450.355,11.903550860893443,43.019646805,C662,_,00450,355
C662__00310.355,11.896174995313661,43.03126219,C662,_,00310,355
C662__00080.355,11.915007875932364,43.058251575,C662,_,00080,355
C662__00070.356,11.909826490725166,43.061894824999996,C662,_,00070,356
C662__00660.356,11.954861982731185,42.98618946,C662,_,00660,356
C662__00590.356,11.95625425484793,43.00722397,C662,_,00590,356
C662__00580.356,11.946318558282675,43.01032001,C662,_,00580,356
C662__00560.356,11.94153098539605,43.015628205,C662,_,00560,356
C662__00520.356,11.969360928371808,43.024169275000006,C662,_,00520,356
C662__00500.356,11.953469142572535,43.016353465,C662,_,00500,356
C662__00490.356,11.948455710646162,43.01571336000001,C662,_,00490,356
C662__00480.356,11.936789550631238,43.01994519,C662,_,00480,356
C662__00470.356,11.930999552542335,43.01721761,C662,_,00470,356
C662__00080.356,11.915115713013115,43.05804526,C662,_,00080,356
C662__00070.357,11.91195758674853,43.05615837,C662,_,00070,357
C662__00660.357,11.954480043901349,42.98704715,C662,_,00660,357
C662__00590.357,11.955619903930181,43.007057535,C662,_,00590,357
C662__00490.357,11.947682277869758,43.015607155,C662,_,00490,357
C662__00480.357,11.942733171117041,43.024006404999994,C662,_,00480,357
C662__00470.357,11.93095648601773,43.017125425,C662,_,00470,357
C662__00310.357,11.898999397037128,43.025370345,C662,_,00310,357
C662__00080.357,11.915200087103818,43.057900705,C662,_,00080,357
C662__00080.358,11.915273118003565,43.057776835,C662,_,00080,358
C662__0063.358,11.955101107207591,43.00448845,C662,_,0063,358
C662__00590.358,11.946845823352604,43.01405802,C662,_,00590,358
C662__00580.358,11.948887790392238,43.00643916999999,C662,_,00580,358
C662__00560.358,11.945778146556744,43.012894495,C662,_,00560,358
C662__00500.358,11.95580463710977,43.019320245,C662,_,00500,358
C662__00490.358,11.947788146415213,43.015572680000005,C662,_,00490,358
C662__00480.358,11.942690019073813,43.023636575,C662,_,00480,358
C662__00450.358,11.90310998478154,43.020009225,C662,_,00450,358
C662__00070.359,11.914337554409716,43.058371565,C662,_,00070,359
C662__00660.359,11.954523692857068,42.9915461,C662,_,00660,359
C662__00590.359,11.951659332737314,43.007324374999996,C662,_,00590,359
C662__00580.359,11.94843178774465,43.006734565,C662,_,00580,359
C662__00560.359,11.945558690230783,43.012915675,C662,_,00560,359
C662__00500.359,11.955944691590819,43.019647665,C662,_,00500,359
C662__00490.359,11.94766722681419,43.015549074999996,C662,_,00490,359
C662__00480.359,11.942617516335488,43.02362904,C662,_,00480,359
C662__00450.359,11.903341007883643,43.020009225,C662,_,00450,359
C662__00080.359,11.915338561751135,43.05766283,C662,_,00080,359
C662__00020.36,11.906355085162724,43.065522165,C662,_,00020,36
C662__00670.36,11.944562460921528,42.98511603,C662,_,00670,36
C662__00660.36,11.9480086238121,42.993080635,C662,_,00660,36
C662__00640.36,11.930579297460655,42.993874565,C662,_,00640,36
C662__0063.36,11.952062285222215,43.005402950000004,C662,_,0063,36
C662__00620.36,11.952319535620916,43.003103425,C662,_,00620,36
C662__00610.36,11.926370914830574,43.00024008,C662,_,00610,36
C662__00600.36,11.918506565562625,43.00430849,C662,_,00600,36
C662__00590.36,11.949434687067933,43.012806845,C662,_,00590,36
C662__00570.36,11.930878749965746,43.007536065,C662,_,00570,36
C662__00560.36,11.933477147357372,43.01473613,C662,_,00560,36
C662__00550.36,11.922235944649884,43.00824557,C662,_,00550,36
C662__00530.36,11.903873551176552,43.010423985,C662,_,00530,36
C662__00520.36,11.964526694019359,43.022681555000005,C662,_,00520,36
C662__00510.36,11.962793123467634,43.024197805,C662,_,00510,36
C662__00490.36,11.948608662114175,43.01772303,C662,_,00490,36
C662__00470.36,11.933265547546892,43.022091450000005,C662,_,00470,36
C662__00450.36,11.899253460860173,43.017158695,C662,_,00450,36
C662__00440.36,11.893146870838947,43.021771044999994,C662,_,00440,36
C662__00430.36,11.887423752799462,43.020113005,C662,_,00430,36
C662__00420.36,11.87651427102572,43.02041351,C662,_,00420,36
C662__00390.36,11.972243205077467,43.033989905,C662,_,00390,36
C662__00380.36,11.962508717639235,43.03782845,C662,_,00380,36
C662__00360.36,11.937997669810223,43.033475685,C662,_,00360,36
C662__00340.36,11.92707927702699,43.024114755,C662,_,00340,36
C662__00330.36,11.907969997931588,43.02577969,C662,_,00330,36
C662__00320.36,11.90709657301872,43.028204790000004,C662,_,00320,36
C662__00310.36,11.894564815538764,43.02796208,C662,_,00310,36
C662__00290.36,11.876907712748633,43.03070945,C662,_,00290,36
C662__00270.36,11.949890304132262,43.045158735,C662,_,00270,36
C662__00250.36,11.926690069923403,43.04199092,C662,_,00250,36
C662__00240.36,11.919255587487351,43.03083087,C662,_,00240,36
C662__00230.36,11.912456357877407,43.04085291,C662,_,00230,36
C662__00210.36,11.888730970870014,43.03497079,C662,_,00210,36
C662__00200.36,11.88882033903383,43.03774149,C662,_,00200,36
C662__00190.36,11.880312708299371,43.03291810499999,C662,_,00190,36
C662__00180.36,11.894114107873417,43.04541499,C662,_,00180,36
C662__00170.36,11.980403957209806,43.04822831,C662,_,00170,36
C662__00160.36,11.951755439859618,43.051939355,C662,_,00160,36
C662__00150.36,11.952188628689893,43.06278635,C662,_,00150,36
C662__00130.36,11.922665323159041,43.045920045,C662,_,00130,36
C662__00120.36,11.933698986138747,43.054327314999995,C662,_,00120,36
C662__00110.36,11.915140875053666,43.04520268,C662,_,00110,36
C662__00100.36,11.901454637482797,43.05317333,C662,_,00100,36
C662__00090.36,11.921882083645304,43.059129999999996,C662,_,00090,36
C662__00070.36,11.914636211128293,43.05867216,C662,_,00070,36
C662__00030.36,11.915968321877996,43.063567645,C662,_,00030,36
C662__00070.360,11.913015558368842,43.057501875,C662,_,00070,360
C662__00580.360,11.948093067473096,43.011988785,C662,_,00580,360
C662__00560.360,11.934607457418391,43.016423405,C662,_,00560,360
C662__00490.360,11.947773315415489,43.015508225000005,C662,_,00490,360
C662__00450.360,11.903358710172682,43.0200807,C662,_,00450,360
C662__00080.360,11.9153861531927,43.05757864,C662,_,00080,360
C662__00080.361,11.914912208916705,43.05843494,C662,_,00080,361
C662__00660.361,11.953122526281437,42.994716780000005,C662,_,00660,361
C662__0062.361,11.954148000652125,42.999163615,C662,_,0062,361
C662__00590.361,11.948053081401676,43.01354126,C662,_,00590,361
C662__00580.361,11.947961451480657,43.01194439,C662,_,00580,361
C662__00560.361,11.944687807488874,43.01544618,C662,_,00560,361
C662__00500.361,11.956206313019575,43.019790465,C662,_,00500,361
C662__00490.361,11.94776828788474,43.0154764,C662,_,00490,361
C662__00450.361,11.903685372835064,43.019854975,C662,_,00450,361
C662__00080.362,11.914850267746694,43.05866793,C662,_,00080,362
C662__00660.362,11.95321860730184,42.994642965,C662,_,00660,362
C662__0063.362,11.955692283241829,43.001627875,C662,_,0063,362
C662__00590.362,11.959679548378777,43.012395775,C662,_,00590,362
C662__00560.362,11.93447123023305,43.016103560000005,C662,_,00560,362
C662__00490.362,11.947616019779915,43.015413655,C662,_,00490,362
C662__00480.362,11.942772669087532,43.023615355000004,C662,_,00480,362
C662__00450.362,11.903953226441761,43.019876515,C662,_,00450,362
C662__00310.362,11.8936762637623,43.026405405000006,C662,_,00310,362
C662__00070.363,11.909820970250244,43.05745814,C662,_,00070,363
C662__00620.363,11.948889105570451,43.00423293,C662,_,00620,363
C662__00500.363,11.950414905375872,43.01887637,C662,_,00500,363
C662__00490.363,11.947559409706143,43.01530092,C662,_,00490,363
C662__00480.363,11.9392702811895,43.021193275,C662,_,00480,363
C662__00450.363,11.904290095357707,43.012935549999995,C662,_,00450,363
C662__00310.363,11.893093939594666,43.026024795,C662,_,00310,363
C662__00080.363,11.914845430523677,43.058583815,C662,_,00080,363
C662__00070.364,11.91056522649846,43.05761002,C662,_,00070,364
C662__00660.364,11.954914781819452,42.995138170000004,C662,_,00660,364
C662__00590.364,11.951071668831581,43.007300315,C662,_,00590,364
C662__00560.364,11.935109105195608,43.01625441,C662,_,00560,364
C662__00500.364,11.950485943931827,43.018638124999995,C662,_,00500,364
C662__00490.364,11.947446169091316,43.015149535,C662,_,00490,364
C662__00480.364,11.936684198201041,43.019604515,C662,_,00480,364
C662__00450.364,11.903891116022537,43.01276993,C662,_,00450,364
C662__00310.364,11.892167571841535,43.02480129,C662,_,00310,364
C662__00080.364,11.915908693694355,43.059671315,C662,_,00080,364
C662__00080.365,11.915678820498506,43.05989832,C662,_,00080,365
C662__00680.365,11.952878224097446,42.979958285,C662,_,00680,365
C662__00580.365,11.938886553220462,43.008344065,C662,_,00580,365
C662__00560.365,11.935056665398845,43.016190345,C662,_,00560,365
C662__00500.365,11.9503946208585,43.01984924,C662,_,00500,365
C662__00480.365,11.9364965639969,43.019470955,C662,_,00480,365
C662__00450.365,11.903515808967416,43.01301737,C662,_,00450,365
C662__00310.365,11.892331546414688,43.02471816,C662,_,00310,365
C662__00070.366,11.914174032689935,43.05587999,C662,_,00070,366
C662__00660.366,11.956204220014286,42.985630505,C662,_,00660,366
C662__00620.366,11.953506838251311,42.99840327,C662,_,00620,366
C662__00560.366,11.934985001797628,43.01610078,C662,_,00560,366
C662__00490.366,11.947906463454622,43.015335185,C662,_,00490,366
C662__00470.366,11.935362157172595,43.019976195,C662,_,00470,366
C662__00450.366,11.903394944258187,43.012505704999995,C662,_,00450,366
C662__00310.366,11.891910245652872,43.02399811,C662,_,00310,366
C662__00070.367,11.915703388652998,43.055891810000006,C662,_,00070,367
C662__00660.367,11.954670191339408,42.995289655,C662,_,00660,367
C662__00620.367,11.95260706146425,42.998490695,C662,_,00620,367
C662__00590.367,11.950833741451433,43.007627615,C662,_,00590,367
C662__00580.367,11.939089916426672,43.00806964,C662,_,00580,367
C662__00560.367,11.93491483570011,43.01605669,C662,_,00560,367
C662__00500.367,11.955002064904626,43.018853965000005,C662,_,00500,367
C662__00490.367,11.948391957006114,43.015187235,C662,_,00490,367
C662__00480.367,11.936801156990143,43.019822184999995,C662,_,00480,367
C662__00470.367,11.934945691612189,43.020028345,C662,_,00470,367
C662__00450.367,11.903768052973714,43.012505704999995,C662,_,00450,367
C662__00310.367,11.891991355937488,43.023948614999995,C662,_,00310,367
C662__00080.367,11.914854876010637,43.059430895,C662,_,00080,367
C662__00070.368,11.915021403877816,43.055655055,C662,_,00070,368
C662__0063.368,11.956403458912986,43.002635835,C662,_,0063,368
C662__00620.368,11.953520331665477,42.998097805,C662,_,00620,368
C662__00590.368,11.955734583453935,43.00702944,C662,_,00590,368
C662__00580.368,11.93923754823143,43.007987035,C662,_,00580,368
C662__00560.368,11.934986571778346,43.01665226,C662,_,00560,368
C662__00500.368,11.951462787706213,43.0153515,C662,_,00500,368
C662__00490.368,11.94882817059661,43.01540677,C662,_,00490,368
C662__00480.368,11.939487840324484,43.019221064999996,C662,_,00480,368
C662__00450.368,11.904045341885041,43.019944455,C662,_,00450,368
C662__00360.368,11.940676045749466,43.03184174,C662,_,00360,368
C662__00310.368,11.897830039434478,43.031175535,C662,_,00310,368
C662__00080.368,11.919551854732928,43.056208905000005,C662,_,00080,368
C662__00080.369,11.919378534025856,43.056180295000004,C662,_,00080,369
C662__00680.369,11.95394690538652,42.983615674999996,C662,_,00680,369
C662__00660.369,11.954722187003114,42.995196254999996,C662,_,00660,369
C662__00580.369,11.939522090550863,43.007835355,C662,_,00580,369
C662__00560.369,11.934938897411602,43.016566345,C662,_,00560,369
C662__00490.369,11.948751022484691,43.015529505,C662,_,00490,369
C662__00480.369,11.941441933911879,43.019472914999994,C662,_,00480,369
C662__00450.369,11.903951060510106,43.019843125,C662,_,00450,369
C662__00360.369,11.941138559938786,43.031510284999996,C662,_,00360,369
C662__00310.369,11.897655521313343,43.031116645,C662,_,00310,369
C662__00010.37,11.912812306440584,43.069885084999996,C662,_,00010,37
C662__00640.37,11.931128659131794,42.994472189999996,C662,_,00640,37
C662__0063.37,11.953111562581299,43.005285619999995,C662,_,0063,37
C662__00610.37,11.926132715428263,42.998561955,C662,_,00610,37
C662__00600.37,11.912178642203244,43.00224754,C662,_,00600,37
C662__00590.37,11.950829352228993,43.013055394999995,C662,_,00590,37
C662__00580.37,11.939035788004155,43.00822406,C662,_,00580,37
C662__00560.37,11.933769790707812,43.01530119,C662,_,00560,37
C662__00550.37,11.922680244171321,43.00905895,C662,_,00550,37
C662__00530.37,11.904085194916025,43.010797735,C662,_,00530,37
C662__00520.37,11.965211164291489,43.022996570000004,C662,_,00520,37
C662__00500.37,11.949351541777315,43.024619815,C662,_,00500,37
C662__00490.37,11.94855193030839,43.017685494999995,C662,_,00490,37
C662__00480.37,11.942135788763832,43.026704054999996,C662,_,00480,37
C662__00460.37,11.917413186373274,43.018252135,C662,_,00460,37
C662__00450.37,11.899837274524366,43.017731850000004,C662,_,00450,37
C662__00440.37,11.895614839832025,43.02106098,C662,_,00440,37
C662__00430.37,11.888613823048333,43.01974425,C662,_,00430,37
C662__00420.37,11.875246008166496,43.019373445,C662,_,00420,37
C662__00410.37,11.880642903726606,43.027773975,C662,_,00410,37
C662__00390.37,11.972382452980757,43.033494045,C662,_,00390,37
C662__00380.37,11.959783164196793,43.03652112,C662,_,00380,37
C662__00360.37,11.938078762444086,43.033481865,C662,_,00360,37
C662__00340.37,11.925819423671973,43.02657305,C662,_,00340,37
C662__00330.37,11.908660450848998,43.025581994999996,C662,_,00330,37
C662__00320.37,11.906546854931399,43.02802792,C662,_,00320,37
C662__00310.37,11.894712032556004,43.027689145,C662,_,00310,37
C662__00300.37,11.885451286537883,43.03175468,C662,_,00300,37
C662__00290.37,11.878038731987882,43.02946481,C662,_,00290,37
C662__00270.37,11.949860914227017,43.04424649,C662,_,00270,37
C662__00250.37,11.924048277150458,43.04166455,C662,_,00250,37
C662__00240.37,11.920406236148766,43.030497275,C662,_,00240,37
C662__00220.37,11.901148811541582,43.037213089999995,C662,_,00220,37
C662__00210.37,11.889938009140764,43.033999480000006,C662,_,00210,37
C662__00200.37,11.889406975461338,43.036798614999995,C662,_,00200,37
C662__00190.37,11.881335611439084,43.032723794999995,C662,_,00190,37
C662__00180.37,11.894713822480501,43.046215375,C662,_,00180,37
C662__00170.37,11.98074471985666,43.047369085,C662,_,00170,37
C662__00160.37,11.951592485808497,43.05169702,C662,_,00160,37
C662__00150.37,11.95387453247228,43.062982614999996,C662,_,00150,37
C662__00140.37,11.936693926836053,43.04935994,C662,_,00140,37
C662__00120.37,11.932020258474454,43.054975494999994,C662,_,00120,37
C662__00100.37,11.901560195986107,43.052822625,C662,_,00100,37
C662__00090.37,11.93756172703743,43.05471936,C662,_,00090,37
C662__00080.37,11.917776320551539,43.05719412,C662,_,00080,37
C662__00070.37,11.914687246547548,43.058430615000006,C662,_,00070,37
C662__00060.37,11.901256700466572,43.05896176,C662,_,00060,37
C662__00030.37,11.91413115507127,43.062348015,C662,_,00030,37
C662__00070.370,11.915169514348662,43.055867805000005,C662,_,00070,370
C662__00680.370,11.949793837131605,42.9799807,C662,_,00680,370
C662__00620.370,11.952504283464897,42.998295415,C662,_,00620,370
C662__00580.370,11.93908018790011,43.007629765000004,C662,_,00580,370
C662__00560.370,11.934887837419645,43.016423455,C662,_,00560,370
C662__00500.370,11.95525289050222,43.025216995,C662,_,00500,370
C662__00490.370,11.949010480089733,43.015486530000004,C662,_,00490,370
C662__00480.370,11.939778198473759,43.01883054,C662,_,00480,370
C662__00450.370,11.903704934992188,43.01976749,C662,_,00450,370
C662__00360.370,11.941115332457676,43.03198913999999,C662,_,00360,370
C662__00310.370,11.89800472257463,43.03131984,C662,_,00310,370
C662__00080.370,11.919333908333147,43.056457025,C662,_,00080,370
C662__00080.371,11.919619374753504,43.05651418,C662,_,00080,371
C662__00620.371,11.952994364176991,42.99844181,C662,_,00620,371
C662__00490.371,11.94904172420513,43.015442495,C662,_,00490,371
C662__00450.371,11.903574743692326,43.019670385,C662,_,00450,371
C662__00360.371,11.940583498820683,43.031984449999996,C662,_,00360,371
C662__00070.372,11.913906499070784,43.05672094,C662,_,00070,372
C662__00680.372,11.953468801994429,42.983720864999995,C662,_,00680,372
C662__00620.372,11.952757915103204,42.99841217,C662,_,00620,372
C662__00560.372,11.934666187924776,43.015977864999996,C662,_,00560,372
C662__00500.372,11.958521360301127,43.025311959999996,C662,_,00500,372
C662__00490.372,11.949966033645733,43.015736195,C662,_,00490,372
C662__00450.372,11.903511791488775,43.02021266,C662,_,00450,372
C662__00310.372,11.897507489898837,43.03045215,C662,_,00310,372
C662__00080.372,11.919300810741912,43.05663365,C662,_,00080,372
C662__00070.373,11.913989687951464,43.05662207,C662,_,00070,373
C662__00620.373,11.953223325757357,42.998448205,C662,_,00620,373
C662__00590.373,11.951507753507599,43.00694337,C662,_,00590,373
C662__00560.373,11.934800522999161,43.016023595,C662,_,00560,373
C662__00500.373,11.953968999453231,43.020818865,C662,_,00500,373
C662__00490.373,11.949871177998194,43.015597185,C662,_,00490,373
C662__00470.373,11.935099008857499,43.01996316,C662,_,00470,373
C662__00310.373,11.897580998813893,43.030852885,C662,_,00310,373
C662__00080.373,11.919643364544804,43.056737135000006,C662,_,00080,373
C662__00080.374,11.919172018178747,43.05731749,C662,_,00080,374
C662__00660.374,11.95302831461214,42.995120445,C662,_,00660,374
C662__00620.374,11.952287536400107,42.998391035,C662,_,00620,374
C662__00590.374,11.951248506933393,43.00677741,C662,_,00590,374
C662__00560.374,11.934846843401353,43.015850715,C662,_,00560,374
C662__00500.374,11.952918093992945,43.01899791,C662,_,00500,374
C662__00490.374,11.94973366873872,43.015509795,C662,_,00490,374
C662__00470.374,11.934538738872082,43.021698075,C662,_,00470,374
C662__00360.374,11.940895090157301,43.036286435,C662,_,00360,374
C662__00310.374,11.897442228878234,43.030852885,C662,_,00310,374
C662__00070.375,11.911938804278234,43.06189654,C662,_,00070,375
C662__00680.375,11.94595343914898,42.98074853999999,C662,_,00680,375
C662__00660.375,11.950028830162253,42.99796475,C662,_,00660,375
C662__00620.375,11.953214248120672,42.99928077,C662,_,00620,375
C662__00590.375,11.951464680071187,43.006935505,C662,_,00590,375
C662__00560.375,11.935029822250119,43.015898269999994,C662,_,00560,375
C662__00500.375,11.954501035869804,43.021054899999996,C662,_,00500,375
C662__00480.375,11.942898210969718,43.020153480000005,C662,_,00480,375
C662__00470.375,11.934892755114896,43.021695295,C662,_,00470,375
C662__00360.375,11.93786261579653,43.033861200000004,C662,_,00360,375
C662__00310.375,11.897805007078048,43.031229605,C662,_,00310,375
C662__00080.375,11.919759441940826,43.057350695,C662,_,00080,375
C662__00080.376,11.919172949470472,43.057829925,C662,_,00080,376
C662__00660.376,11.949843138174966,42.99804858,C662,_,00660,376
C662__00630.376,11.959936092976406,43.00168016,C662,_,00630,376
C662__00620.376,11.953893299711531,42.99840327,C662,_,00620,376
C662__00590.376,11.95666077121211,43.006606855,C662,_,00590,376
C662__00580.376,11.939367869594655,43.00791556,C662,_,00580,376
C662__00560.376,11.93497622562754,43.01590519,C662,_,00560,376
C662__00500.376,11.953172796504543,43.019002715,C662,_,00500,376
C662__00470.376,11.925495715081034,43.02158672,C662,_,00470,376
C662__00310.376,11.893545445466483,43.02694543,C662,_,00310,376
C662__00070.377,11.913763338834329,43.057745319999995,C662,_,00070,377
C662__00680.377,11.952265246025423,42.980452135,C662,_,00680,377
C662__00620.377,11.954098242072167,42.998099124999996,C662,_,00620,377
C662__00590.377,11.955697877130104,43.006497374999995,C662,_,00590,377
C662__00580.377,11.948205406715678,43.01173471,C662,_,00580,377
C662__00500.377,11.954557811142298,43.018933285,C662,_,00500,377
C662__00470.377,11.925657347149423,43.021501515,C662,_,00470,377
C662__00080.377,11.919936320562012,43.05817277,C662,_,00080,377
C662__00070.378,11.908455447485828,43.062871245,C662,_,00070,378
C662__00660.378,11.956419755309827,42.989881425,C662,_,00660,378
C662__00500.378,11.955416206126795,43.02011886,C662,_,00500,378
C662__00490.378,11.949686071194837,43.0153811,C662,_,00490,378
C662__00480.378,11.9440157787826,43.025098595,C662,_,00480,378
C662__00470.378,11.925520773753819,43.021296315,C662,_,00470,378
C662__00080.378,11.919106428968114,43.058053475,C662,_,00080,378
C662__00080.379,11.919990666099919,43.058434205,C662,_,00080,379
C662__00680.379,11.94328702897658,42.98453979,C662,_,00680,379
C662__00660.379,11.953658835590748,42.988661265000005,C662,_,00660,379
C662__00620.379,11.951742783046663,42.999343925000005,C662,_,00620,379
C662__00590.379,11.951906366733606,43.01421232,C662,_,00590,379
C662__00580.379,11.941411576741345,43.008057145,C662,_,00580,379
C662__00500.379,11.954615911249878,43.01990544,C662,_,00500,379
C662__00480.379,11.941262553852384,43.024376665,C662,_,00480,379
C662__00470.379,11.926000703709695,43.02166588,C662,_,00470,379
C662__00360.379,11.937446513541492,43.02961088,C662,_,00360,379
C662__00010.38,11.921816363837078,43.0730139,C662,_,00010,38
C662__00660.38,11.953555180871,42.993287445,C662,_,00660,38
C662__00640.38,11.93137085558844,42.99374895,C662,_,00640,38
C662__0063.38,11.953717097982143,43.005523995,C662,_,0063,38
C662__00610.38,11.930459281179454,42.999112025,C662,_,00610,38
C662__00600.38,11.914960980507859,43.00072036,C662,_,00600,38
C662__00590.38,11.953165292343735,43.013377489999996,C662,_,00590,38
C662__00560.38,11.934253125280776,43.015499629999994,C662,_,00560,38
C662__00550.38,11.92290261760786,43.00817386,C662,_,00550,38
C662__00530.38,11.907456188582863,43.00813499,C662,_,00530,38
C662__00520.38,11.967111740600568,43.022326065,C662,_,00520,38
C662__00500.38,11.950100056013437,43.025046665000005,C662,_,00500,38
C662__00490.38,11.948627423062018,43.01764655,C662,_,00490,38
C662__00480.38,11.942079640111746,43.02657687,C662,_,00480,38
C662__00460.38,11.91662671318297,43.01733617,C662,_,00460,38
C662__00450.38,11.900709462517344,43.01742903,C662,_,00450,38
C662__00420.38,11.876875737341283,43.019597785,C662,_,00420,38
C662__00390.38,11.970817421758747,43.03142444,C662,_,00390,38
C662__00380.38,11.96092316018034,43.036905425,C662,_,00380,38
C662__00360.38,11.937874359977357,43.033461065,C662,_,00360,38
C662__00340.38,11.926250428333784,43.025509695,C662,_,00340,38
C662__00310.38,11.894703902032084,43.027566725,C662,_,00310,38
C662__00300.38,11.885885012435125,43.032067185,C662,_,00300,38
C662__00260.38,11.937823877321136,43.042545905,C662,_,00260,38
C662__00240.38,11.920667960861685,43.030662485,C662,_,00240,38
C662__00230.38,11.913087461992674,43.04130926,C662,_,00230,38
C662__00220.38,11.902150609236017,43.03873522,C662,_,00220,38
C662__00210.38,11.890610117546409,43.034299485000005,C662,_,00210,38
C662__00200.38,11.887484019809621,43.035329625,C662,_,00200,38
C662__00190.38,11.882430215747718,43.03319304,C662,_,00190,38
C662__00180.38,11.895638172139012,43.046070185,C662,_,00180,38
C662__00170.38,11.981402422692547,43.04718661,C662,_,00170,38
C662__00150.38,11.950836631340827,43.06227783,C662,_,00150,38
C662__00140.38,11.939483697748432,43.04983705,C662,_,00140,38
C662__00130.38,11.92551543791588,43.047354424999995,C662,_,00130,38
C662__00120.38,11.926186105924483,43.054357355,C662,_,00120,38
C662__00100.38,11.90206710231706,43.05198599,C662,_,00100,38
C662__00090.38,11.921758371369087,43.059978385,C662,_,00090,38
C662__00080.38,11.920072152314756,43.05664878,C662,_,00080,38
C662__00060.38,11.894472608606684,43.05687745,C662,_,00060,38
C662__00030.38,11.920789346098795,43.067813779999994,C662,_,00030,38
C662__00070.380,11.912837853246867,43.05750127,C662,_,00070,380
C662__00680.380,11.95403295399641,42.98106878,C662,_,00680,380
C662__00660.380,11.954296535411405,42.98877305,C662,_,00660,380
C662__00620.380,11.952180062860945,42.99952716,C662,_,00620,380
C662__00590.380,11.951026009539541,43.013628749999995,C662,_,00590,380
C662__00580.380,11.941278284991776,43.007965705000004,C662,_,00580,380
C662__00500.380,11.954489926753531,43.01965998,C662,_,00500,380
C662__00490.380,11.94971596329347,43.015074729999995,C662,_,00490,380
C662__00480.380,11.93985112106505,43.0230332,C662,_,00480,380
C662__00470.380,11.925512222042133,43.022607535000006,C662,_,00470,380
C662__00360.380,11.937977077041797,43.03340198,C662,_,00360,380
C662__00080.380,11.9190654045387,43.058305275,C662,_,00080,380
C662__00070.381,11.912650764792986,43.05846809,C662,_,00070,381
C662__00680.381,11.954569623108021,42.98102524,C662,_,00680,381
C662__00660.381,11.953243690720065,42.98939385,C662,_,00660,381
C662__00620.381,11.952213591860113,42.99920295,C662,_,00620,381
C662__00590.381,11.951399191009227,43.013666645,C662,_,00590,381
C662__00580.381,11.939356323792502,43.007138915,C662,_,00580,381
C662__00500.381,11.95436603541425,43.019418200000004,C662,_,00500,381
C662__00490.381,11.949928417855421,43.015040805,C662,_,00490,381
C662__00480.381,11.94283144938908,43.02368774,C662,_,00480,381
C662__00080.381,11.920051963965651,43.058728215,C662,_,00080,381
C662__00080.382,11.919035232924735,43.05855715,C662,_,00080,382
C662__00680.382,11.953417790510429,42.981205509999995,C662,_,00680,382
C662__00660.382,11.953170368797542,42.989746785,C662,_,00660,382
C662__0063.382,11.954639870275738,43.003010095,C662,_,0063,382
C662__00590.382,11.951913878954041,43.01342502999999,C662,_,00590,382
C662__00580.382,11.939409482747475,43.007064905,C662,_,00580,382
C662__00560.382,11.942486324384578,43.01545746,C662,_,00560,382
C662__00500.382,11.955314590760121,43.020009805,C662,_,00500,382
C662__00490.382,11.949359834918903,43.01507138,C662,_,00490,382
C662__00470.382,11.934261403612435,43.022799324999994,C662,_,00470,382
C662__00080.383,11.92011251292602,43.05902535,C662,_,00080,383
C662__00680.383,11.953594353308198,42.98116959,C662,_,00680,383
C662__00660.383,11.952996901654725,42.990143485,C662,_,00660,383
C662__00620.383,11.952334272708592,42.998616819999995,C662,_,00620,383
C662__00590.383,11.952009048588048,43.014007864999996,C662,_,00590,383
C662__00560.383,11.942564457948484,43.015583645,C662,_,00560,383
C662__00480.383,11.942385928058158,43.023454795000006,C662,_,00480,383
C662__00470.383,11.935565657609226,43.0181552,C662,_,00470,383
C662__00360.383,11.939300887977534,43.030577975,C662,_,00360,383
C662__00080.384,11.918980697925125,43.0588026,C662,_,00080,384
C662__00680.384,11.95467474716513,42.981135225,C662,_,00680,384
C662__00660.384,11.95328485565548,42.989746785,C662,_,00660,384
C662__00590.384,11.95226635961116,43.013158559999994,C662,_,00590,384
C662__00490.384,11.949689594327587,43.0149246,C662,_,00490,384
C662__00480.384,11.942049812812254,43.02330383,C662,_,00480,384
C662__00470.384,11.93294505967161,43.01802873,C662,_,00470,384
C662__00070.385,11.912300219452039,43.06222884,C662,_,00070,385
C662__00680.385,11.950184109189976,42.98453722,C662,_,00680,385
C662__00660.385,11.952787966669934,42.990638065,C662,_,00660,385
C662__00620.385,11.952553393225656,42.998737495,C662,_,00620,385
C662__00580.385,11.940396316596171,43.005177845000006,C662,_,00580,385
C662__00500.385,11.954849786179262,43.019691435,C662,_,00500,385
C662__00490.385,11.945151782106358,43.015474365,C662,_,00490,385
C662__00480.385,11.943023040124942,43.0228704,C662,_,00480,385
C662__00470.385,11.933494478991511,43.018391445000006,C662,_,00470,385
C662__00360.385,11.937945792949218,43.02876224,C662,_,00360,385
C662__00080.385,11.920151404672687,43.059278989999996,C662,_,00080,385
C662__00070.386,11.912068720897262,43.062064405,C662,_,00070,386
C662__00680.386,11.950608458228983,42.98429691,C662,_,00680,386
C662__00590.386,11.957435866212158,43.011825005000006,C662,_,00590,386
C662__00500.386,11.954773633004766,43.019632095000006,C662,_,00500,386
C662__00490.386,11.945270105145386,43.01547051,C662,_,00490,386
C662__00480.386,11.943151931174288,43.022531045,C662,_,00480,386
C662__00470.386,11.934383402605413,43.018664325,C662,_,00470,386
C662__00360.386,11.940479077540605,43.03120602,C662,_,00360,386
C662__00080.386,11.919356512683928,43.05557958,C662,_,00080,386
C662__00080.387,11.919362637304914,43.05545241,C662,_,00080,387
C662__00680.387,11.949995598936432,42.984423935,C662,_,00680,387
C662__00660.387,11.952728040452877,42.99092248,C662,_,00660,387
C662__0063.387,11.957150255889266,43.00343824,C662,_,0063,387
C662__00590.387,11.957544695177727,43.011552785,C662,_,00590,387
C662__00500.387,11.954712269053696,43.019587665,C662,_,00500,387
C662__00490.387,11.945500882931633,43.01540249,C662,_,00490,387
C662__00480.387,11.940619180352726,43.022384475,C662,_,00480,387
C662__00470.387,11.933909275721678,43.018771400000006,C662,_,00470,387
C662__00360.387,11.940095592647179,43.030678155000004,C662,_,00360,387
C662__00070.388,11.912557004833161,43.06247011,C662,_,00070,388
C662__00680.388,11.943087128072143,42.981659775,C662,_,00680,388
C662__00660.388,11.952457754955763,42.991393785,C662,_,00660,388
C662__00620.388,11.95223250557141,42.998737245,C662,_,00620,388
C662__00590.388,11.960765293649533,43.011606295,C662,_,00590,388
C662__00500.388,11.954676947880419,43.019364675,C662,_,00500,388
C662__00490.388,11.945712194024647,43.015420309999996,C662,_,00490,388
C662__00480.388,11.940457411975975,43.02164123,C662,_,00480,388
C662__00470.388,11.92125761125266,43.02353428,C662,_,00470,388
C662__00080.388,11.919167451348715,43.057909655,C662,_,00080,388
C662__00080.389,11.919954825384941,43.058261865000006,C662,_,00080,389
C662__00680.389,11.942739765240876,42.981065290000004,C662,_,00680,389
C662__00630.389,11.95955740605924,43.00478293,C662,_,00630,389
C662__00620.389,11.952074524318562,42.9988222,C662,_,00620,389
C662__00590.389,11.960399259649659,43.011092535,C662,_,00590,389
C662__00560.389,11.942988316372041,43.015238260000004,C662,_,00560,389
C662__00490.389,11.945698354960067,43.015340890000004,C662,_,00490,389
C662__00480.389,11.940906761924388,43.022290435,C662,_,00480,389
C662__00470.389,11.920266208510764,43.02293448,C662,_,00470,389
C662__00360.389,11.94137122686369,43.03106977,C662,_,00360,389
C662__00010.39,11.919957083925063,43.072170695,C662,_,00010,39
C662__00660.39,11.953037404297614,42.992911765,C662,_,00660,39
C662__00650.39,11.937957401041405,42.994721104999996,C662,_,00650,39
C662__00640.39,11.931808810750427,42.99389902,C662,_,00640,39
C662__00620.39,11.952644028435188,43.00219137,C662,_,00620,39
C662__00600.39,11.914106074311555,43.000804970000004,C662,_,00600,39
C662__00590.39,11.952837353923515,43.01317502,C662,_,00590,39
C662__00580.39,11.942165373339801,43.008239175,C662,_,00580,39
C662__00560.39,11.934387873477213,43.014821655,C662,_,00560,39
C662__00550.39,11.924101648566165,43.007911005,C662,_,00550,39
C662__00530.39,11.906797021356613,43.007904925,C662,_,00530,39
C662__00520.39,11.960141207971592,43.02078804999999,C662,_,00520,39
C662__00510.39,11.9611761469097,43.02427298,C662,_,00510,39
C662__00500.39,11.950716230565629,43.025206944999994,C662,_,00500,39
C662__00490.39,11.948516106993793,43.01763248,C662,_,00490,39
C662__00480.39,11.942988300197147,43.026674240000006,C662,_,00480,39
C662__00470.39,11.935405532595983,43.021645285000005,C662,_,00470,39
C662__00460.39,11.91620425095676,43.017041129999996,C662,_,00460,39
C662__00450.39,11.899923440642013,43.015796425000005,C662,_,00450,39
C662__00420.39,11.877174314281708,43.021468445,C662,_,00420,39
C662__00400.39,11.869613828982065,43.02733466,C662,_,00400,39
C662__00390.39,11.972670121009767,43.03227495,C662,_,00390,39
C662__00380.39,11.962321498179485,43.037246284999995,C662,_,00380,39
C662__00370.39,11.950823732875541,43.03369099,C662,_,00370,39
C662__00350.39,11.930271250000171,43.03207911,C662,_,00350,39
C662__00340.39,11.921337388378674,43.0269636,C662,_,00340,39
C662__00330.39,11.910160890627152,43.024706089999995,C662,_,00330,39
C662__00320.39,11.903551627336032,43.02654451,C662,_,00320,39
C662__00300.39,11.88608412658214,43.032012925000004,C662,_,00300,39
C662__00290.39,11.863384044215175,43.03059318,C662,_,00290,39
C662__00270.39,11.951911063575412,43.04127873,C662,_,00270,39
C662__00250.39,11.923120964024491,43.04022804,C662,_,00250,39
C662__00240.39,11.921976834006292,43.03026796,C662,_,00240,39
C662__00230.39,11.913949950736626,43.04104373,C662,_,00230,39
C662__00220.39,11.902260271222499,43.038316835,C662,_,00220,39
C662__00210.39,11.891538521307048,43.03472018,C662,_,00210,39
C662__00200.39,11.886758797282726,43.035035255,C662,_,00200,39
C662__00190.39,11.88346582815975,43.033453460000004,C662,_,00190,39
C662__00180.39,11.897073809990676,43.046893125,C662,_,00180,39
C662__00170.39,11.980613388930571,43.04685531,C662,_,00170,39
C662__00150.39,11.954008855278733,43.061722025,C662,_,00150,39
C662__00140.39,11.942343171568762,43.05066784500001,C662,_,00140,39
C662__00130.39,11.92848315136413,43.045492095,C662,_,00130,39
C662__00110.39,11.919868652112665,43.04747607,C662,_,00110,39
C662__00100.39,11.90239565664408,43.051029875,C662,_,00100,39
C662__00090.39,11.922122124258571,43.05964445,C662,_,00090,39
C662__00080.39,11.91983027963682,43.05508655,C662,_,00080,39
C662__00070.39,11.914768228652541,43.05822369,C662,_,00070,39
C662__00060.39,11.897032798437907,43.05689817,C662,_,00060,39
C662__00030.39,11.918267685810118,43.067063430000005,C662,_,00030,39
C662__00020.39,11.906559373598311,43.06537804,C662,_,00020,39
C662__00080.390,11.919182772033778,43.057733145,C662,_,00080,390
C662__00680.390,11.937029147398139,42.981540255,C662,_,00680,390
C662__00660.390,11.952337092933467,42.992198725,C662,_,00660,390
C662__00620.390,11.952038651678478,42.998431885,C662,_,00620,390
C662__00590.390,11.956945361934412,43.009909305,C662,_,00590,390
C662__00560.390,11.942504022788244,43.015100185,C662,_,00560,390
C662__00500.390,11.953274540597308,43.01778366,C662,_,00500,390
C662__00480.390,11.940955975291768,43.022962495,C662,_,00480,390
C662__00470.390,11.920103380629644,43.0226147,C662,_,00470,390
C662__00360.390,11.93986179899819,43.030083395000005,C662,_,00360,390
C662__00080.391,11.91991177901022,43.058060874999995,C662,_,00080,391
C662__00680.391,11.938045123388545,42.981452364999996,C662,_,00680,391
C662__00660.391,11.952709071354,42.99196236,C662,_,00660,391
C662__00620.391,11.952149723957822,42.99862141,C662,_,00620,391
C662__00490.391,11.946128515753335,43.015361060000004,C662,_,00490,391
C662__00480.391,11.939759460281039,43.02379326,C662,_,00480,391
C662__00470.391,11.919886732534346,43.022204245,C662,_,00470,391
C662__00070.392,11.912949025989155,43.05532937,C662,_,00070,392
C662__00620.392,11.951300333643024,43.00371072,C662,_,00620,392
C662__00490.392,11.946566438412042,43.015510385,C662,_,00490,392
C662__00480.392,11.939621966693801,43.02356625,C662,_,00480,392
C662__00470.392,11.919816204692822,43.022001035,C662,_,00470,392
C662__00360.392,11.939786705102424,43.02990688,C662,_,00360,392
C662__00080.392,11.918763976433112,43.055361085,C662,_,00080,392
C662__00070.393,11.91115543206775,43.056055725,C662,_,00070,393
C662__00680.393,11.942232648220994,42.981382104999994,C662,_,00680,393
C662__00660.393,11.951966189686521,42.99251008,C662,_,00660,393
C662__00560.393,11.940966816906434,43.008601725000005,C662,_,00560,393
C662__00500.393,11.9537023431497,43.017770745,C662,_,00500,393
C662__00480.393,11.947605090509505,43.018141405,C662,_,00480,393
C662__00470.393,11.919739977951092,43.021902665,C662,_,00470,393
C662__00080.393,11.919242504414264,43.05514683,C662,_,00080,393
C662__00070.394,11.91159787173341,43.055513695,C662,_,00070,394
C662__00680.394,11.94317670776998,42.98038193,C662,_,00680,394
C662__00660.394,11.95204670350985,42.9930839,C662,_,00660,394
C662__00590.394,11.955427421599971,43.007172625,C662,_,00590,394
C662__00560.394,11.94098835376862,43.0083786,C662,_,00560,394
C662__00490.394,11.946842613856477,43.01534263,C662,_,00490,394
C662__00480.394,11.942444882799467,43.016313735,C662,_,00480,394
C662__00470.394,11.920592512977038,43.02233181,C662,_,00470,394
C662__00080.394,11.914713503680748,43.060807785,C662,_,00080,394
C662__00080.395,11.914502569179994,43.060772465,C662,_,00080,395
C662__00680.395,11.938857292491,42.981278445,C662,_,00680,395
C662__00660.395,11.952162864849392,42.992841760000005,C662,_,00660,395
C662__00620.395,11.953907090016827,43.001113685,C662,_,00620,395
C662__00590.395,11.956546084690359,43.007389614999994,C662,_,00590,395
C662__00500.395,11.953692683433008,43.01790698,C662,_,00500,395
C662__00480.395,11.940596341741738,43.01671825,C662,_,00480,395
C662__00470.395,11.920774511067885,43.02249696,C662,_,00470,395
C662__00360.395,11.936214404037173,43.02707769,C662,_,00360,395
C662__00080.396,11.914224164652037,43.060920225,C662,_,00080,396
C662__00660.396,11.952070096517996,42.99291779,C662,_,00660,396
C662__00560.396,11.94065464130159,43.008119555,C662,_,00560,396
C662__00500.396,11.953791746237064,43.017936065,C662,_,00500,396
C662__00480.396,11.939720463767603,43.01760199,C662,_,00480,396
C662__00470.396,11.920469364522607,43.022131105,C662,_,00470,396
C662__00360.396,11.93690386377163,43.02663946,C662,_,00360,396
C662__00080.397,11.914272049917402,43.060656644999995,C662,_,00080,397
C662__00680.397,11.94118226175393,42.981280615,C662,_,00680,397
C662__00660.397,11.951614817673647,42.993453455,C662,_,00660,397
C662__00590.397,11.955805828351057,43.007288165000006,C662,_,00590,397
C662__00500.397,11.95385001049539,43.01798646,C662,_,00500,397
C662__00480.397,11.940260401163929,43.021468645,C662,_,00480,397
C662__00360.397,11.936751685870345,43.027352414999996,C662,_,00360,397
C662__00070.398,11.912222921388281,43.0622254,C662,_,00070,398
C662__00680.398,11.953137991166354,42.980268045,C662,_,00680,398
C662__0063.398,11.954484591154486,43.00300837,C662,_,0063,398
C662__00590.398,11.956165875684285,43.00743996,C662,_,00590,398
C662__00500.398,11.953538341119337,43.017844909999994,C662,_,00500,398
C662__00360.398,11.937048589287292,43.02720585,C662,_,00360,398
C662__00080.398,11.914606604211224,43.06039089,C662,_,00080,398
C662__00080.399,11.91440621042375,43.060587995,C662,_,00080,399
C662__00680.399,11.953129763478444,42.98064247,C662,_,00680,399
C662__00660.399,11.950785788699053,42.99438947,C662,_,00660,399
C662__00590.399,11.95649042730551,43.007571995,C662,_,00590,399
C662__00560.399,11.940264126136128,43.008903205,C662,_,00560,399
C662__00480.399,11.936303456673885,43.020233175,C662,_,00480,399
C662__00360.399,11.937308299498696,43.027933495,C662,_,00360,399
C662__00020.4,11.909902350638003,43.06544118,C662,_,00020,4
C662__00670.4,11.933397396285422,42.987074500000006,C662,_,00670,4
C662__00650.4,11.938103072736244,42.99848927,C662,_,00650,4
C662__00640.4,11.928203633652915,42.997120785,C662,_,00640,4
C662__0063.4,11.951389315305246,43.006212205,C662,_,0063,4
C662__00620.4,11.93698772312803,43.003766569999996,C662,_,00620,4
C662__00610.4,11.922020911335554,43.003360595000004,C662,_,00610,4
C662__00600.4,11.917202141595233,43.006319774999994,C662,_,00600,4
C662__00590.4,11.954554184913054,43.015654139999995,C662,_,00590,4
C662__00580.4,11.946251142462156,43.0117902,C662,_,00580,4
C662__00570.4,11.929853563840505,43.011917905000004,C662,_,00570,4
C662__00560.4,11.933209858758838,43.01671456,C662,_,00560,4
C662__00550.4,11.926760711695673,43.014526540000006,C662,_,00550,4
C662__00540.4,11.917467087747884,43.015920545,C662,_,00540,4
C662__00530.4,11.907006728070826,43.01374972,C662,_,00530,4
C662__00510.4,11.964875699601414,43.031548195,C662,_,00510,4
C662__00500.4,11.950023334464081,43.02764392,C662,_,00500,4
C662__00480.4,11.941657588568837,43.029196760000005,C662,_,00480,4
C662__00470.4,11.920695297015783,43.021675445,C662,_,00470,4
C662__00460.4,11.918575480565753,43.022479000000004,C662,_,00460,4
C662__00450.4,11.906969363783183,43.022890669999995,C662,_,00450,4
C662__00420.4,11.882645790425903,43.027103235,C662,_,00420,4
C662__00400.4,11.862907186538031,43.028324135000005,C662,_,00400,4
C662__00390.4,11.968133457229808,43.043035565,C662,_,00390,4
C662__00380.4,11.956361606892568,43.0384721,C662,_,00380,4
C662__00350.4,11.932071892843723,43.037839719999994,C662,_,00350,4
C662__00330.4,11.912238790097113,43.030270355,C662,_,00330,4
C662__00320.4,11.904441932430188,43.033837965000004,C662,_,00320,4
C662__00310.4,11.89832059456403,43.03218077,C662,_,00310,4
C662__00300.4,11.8862987251384,43.03370803,C662,_,00300,4
C662__00290.4,11.871998003161739,43.034633665,C662,_,00290,4
C662__00280.4,11.957521016221428,43.044182315,C662,_,00280,4
C662__00270.4,11.944937435473278,43.047381935000004,C662,_,00270,4
C662__00260.4,11.934568193608197,43.046006795,C662,_,00260,4
C662__00250.4,11.92000116714275,43.04203049,C662,_,00250,4
C662__00240.4,11.921002619179479,43.039683159999996,C662,_,00240,4
C662__00220.4,11.906631038148461,43.04542089,C662,_,00220,4
C662__00210.4,11.897797755640983,43.042418545000004,C662,_,00210,4
C662__00190.4,11.877030863356389,43.04193475,C662,_,00190,4
C662__00180.4,11.902114599778647,43.050582930000004,C662,_,00180,4
C662__00170.4,11.977772874495129,43.05881264,C662,_,00170,4
C662__00150.4,11.962687452831183,43.066445475,C662,_,00150,4
C662__00130.4,11.919619809313355,43.04300332,C662,_,00130,4
C662__00120.4,11.932786120260255,43.054485735,C662,_,00120,4
C662__00110.4,11.91409149997266,43.05283411,C662,_,00110,4
C662__00100.4,11.908680436426595,43.05585093,C662,_,00100,4
C662__00090.4,11.926464788348856,43.061793175000005,C662,_,00090,4
C662__00080.4,11.914861172449054,43.05934397,C662,_,00080,4
C662__00070.4,11.909615810655804,43.063181055,C662,_,00070,4
C662__00060.4,11.889870312104016,43.06023013,C662,_,00060,4
C662__00050.4,11.924221303203499,43.0738508,C662,_,00050,4
C662__00030.4,11.921707752624155,43.065404959999995,C662,_,00030,4
C662__00010.40,11.912985343165193,43.068717070000005,C662,_,00010,40
C662__00650.40,11.937176326506858,42.994355635000005,C662,_,00650,40
C662__00590.40,11.95527896402611,43.01313902,C662,_,00590,40
C662__00580.40,11.942579770763363,43.008287125,C662,_,00580,40
C662__00570.40,11.929398415913717,43.007393225,C662,_,00570,40
C662__00560.40,11.934873986167748,43.015246415,C662,_,00560,40
C662__00550.40,11.925518268896784,43.008180034999995,C662,_,00550,40
C662__00530.40,11.909035980969284,43.0077473,C662,_,00530,40
C662__00500.40,11.95131545458355,43.025310020000006,C662,_,00500,40
C662__00490.40,11.948054100647884,43.01562735,C662,_,00490,40
C662__00480.40,11.944258561393582,43.02667346,C662,_,00480,40
C662__00470.40,11.933199797271048,43.020709075,C662,_,00470,40
C662__00460.40,11.91019208758387,43.01547047,C662,_,00460,40
C662__00450.40,11.900482101555955,43.01539887,C662,_,00450,40
C662__00440.40,11.894319392368192,43.018376525,C662,_,00440,40
C662__00420.40,11.882959096038531,43.01803107,C662,_,00420,40
C662__00400.40,11.869145525437407,43.02764324,C662,_,00400,40
C662__00390.40,11.967846274775649,43.030944835,C662,_,00390,40
C662__00380.40,11.959009983665993,43.035146385,C662,_,00380,40
C662__00370.40,11.951841165939284,43.034804045,C662,_,00370,40
C662__00360.40,11.937972641450095,43.032899515,C662,_,00360,40
C662__00350.40,11.931499657985723,43.03264933,C662,_,00350,40
C662__00330.40,11.909520386958336,43.025349035000005,C662,_,00330,40
C662__00320.40,11.900821607616919,43.025748215,C662,_,00320,40
C662__00310.40,11.894900958860507,43.02779545,C662,_,00310,40
C662__00300.40,11.885434219707221,43.031468364999995,C662,_,00300,40
C662__00290.40,11.863285711966341,43.030361635000006,C662,_,00290,40
C662__00270.40,11.951680125843566,43.044614115,C662,_,00270,40
C662__00260.40,11.93762248092419,43.041893765,C662,_,00260,40
C662__00250.40,11.923435393148582,43.043942445,C662,_,00250,40
C662__00240.40,11.921558941967058,43.031545905,C662,_,00240,40
C662__00230.40,11.914110833427902,43.040410925,C662,_,00230,40
C662__00220.40,11.902764142545973,43.03861694,C662,_,00220,40
C662__00210.40,11.891746064937124,43.03429022,C662,_,00210,40
C662__00200.40,11.886876017359029,43.034732945,C662,_,00200,40
C662__00190.40,11.884775391648263,43.033300565,C662,_,00190,40
C662__00170.40,11.981142008561616,43.046390564999996,C662,_,00170,40
C662__00150.40,11.953673892425822,43.061338930000005,C662,_,00150,40
C662__00140.40,11.943838095359244,43.051270085,C662,_,00140,40
C662__00130.40,11.9302778073801,43.04592644,C662,_,00130,40
C662__00110.40,11.921968609716465,43.047965735,C662,_,00110,40
C662__00100.40,11.902524481902441,43.050876110000004,C662,_,00100,40
C662__00090.40,11.928794294125856,43.061596785,C662,_,00090,40
C662__00080.40,11.916974929065624,43.058177865,C662,_,00080,40
C662__00070.40,11.913778898266624,43.05832781,C662,_,00070,40
C662__00060.40,11.903898990782366,43.056673610000004,C662,_,00060,40
C662__00030.40,11.91529917316181,43.06178792,C662,_,00030,40
C662__00080.400,11.915746965441018,43.06034048,C662,_,00080,400
C662__00680.400,11.953127078511713,42.980499554999994,C662,_,00680,400
C662__00660.400,11.951378580349962,42.993945795,C662,_,00660,400
C662__00620.400,11.947710269766372,43.004314969999996,C662,_,00620,400
C662__00590.400,11.953044597421044,43.01554187,C662,_,00590,400
C662__00560.400,11.94030793320605,43.008573260000006,C662,_,00560,400
C662__00480.400,11.947181840012327,43.01855684,C662,_,00480,400
C662__00360.400,11.93766234588938,43.027546845,C662,_,00360,400
C662__00070.401,11.909427833966488,43.06158518,C662,_,00070,401
C662__00680.401,11.953123569316578,42.98035654,C662,_,00680,401
C662__00620.401,11.946385639568764,43.00438073,C662,_,00620,401
C662__00560.401,11.94037793203728,43.008378545,C662,_,00560,401
C662__00480.401,11.946294238183153,43.01865406,C662,_,00480,401
C662__00360.401,11.937949448487993,43.02808333,C662,_,00360,401
C662__00080.401,11.91511508897921,43.05994479500001,C662,_,00080,401
C662__00080.402,11.917958648440122,43.056781025,C662,_,00080,402
C662__00680.402,11.952997394411906,42.98119036,C662,_,00680,402
C662__00660.402,11.95152569557367,42.994061575,C662,_,00660,402
C662__00620.402,11.946474252552932,43.0042545,C662,_,00620,402
C662__00560.402,11.939291659557455,43.009660115,C662,_,00560,402
C662__00500.402,11.956203875489571,43.019933765000005,C662,_,00500,402
C662__00490.402,11.947210058190771,43.01463499,C662,_,00490,402
C662__00360.402,11.93831361293974,43.027852175,C662,_,00360,402
C662__00070.403,11.913552914774758,43.057377305,C662,_,00070,403
C662__00680.403,11.942389278297235,42.981951685,C662,_,00680,403
C662__00660.403,11.951630192363446,42.993703370000006,C662,_,00660,403
C662__00620.403,11.946603496471615,43.004237415,C662,_,00620,403
C662__00590.403,11.950274157759736,43.01304967,C662,_,00590,403
C662__00560.403,11.939121701731327,43.009585975,C662,_,00560,403
C662__00500.403,11.948529463843418,43.020001065,C662,_,00500,403
C662__00490.403,11.94877276939951,43.014551729999994,C662,_,00490,403
C662__00480.403,11.946005634404345,43.018188945000006,C662,_,00480,403
C662__00360.403,11.940411070409798,43.030042745,C662,_,00360,403
C662__00080.403,11.917582528242754,43.0563311,C662,_,00080,403
C662__00080.404,11.918373284120998,43.056376145,C662,_,00080,404
C662__00680.404,11.943146524528725,42.980878835,C662,_,00680,404
C662__00590.404,11.948325357624164,43.013126975000006,C662,_,00590,404
C662__00560.404,11.938860724973887,43.00971507,C662,_,00560,404
C662__00500.404,11.947897590107814,43.020130755,C662,_,00500,404
C662__00490.404,11.94341320623034,43.0161374,C662,_,00490,404
C662__00480.404,11.943802593797027,43.022509825,C662,_,00480,404
C662__00360.404,11.940493966715824,43.030187049999995,C662,_,00360,404
C662__00080.405,11.917666670354883,43.056183195,C662,_,00080,405
C662__00680.405,11.941591813576778,42.982850604999996,C662,_,00680,405
C662__00660.405,11.951202298229655,42.99428856,C662,_,00660,405
C662__00500.405,11.949127045519177,43.01930968,C662,_,00500,405
C662__00490.405,11.948692499885244,43.017591355,C662,_,00490,405
C662__00480.405,11.943304180189743,43.02201001,C662,_,00480,405
C662__00360.405,11.936477761899287,43.03262753,C662,_,00360,405
C662__00080.406,11.917484602189088,43.0560088,C662,_,00080,406
C662__00660.406,11.952707116463568,42.993396175,C662,_,00660,406
C662__00590.406,11.951055603891419,43.006915570000004,C662,_,00590,406
C662__00560.406,11.938638027568736,43.009623845,C662,_,00560,406
C662__00500.406,11.948661734889047,43.01948516,C662,_,00500,406
C662__00360.406,11.938419141759695,43.031242505,C662,_,00360,406
C662__00070.407,11.91362954698193,43.057892034999995,C662,_,00070,407
C662__00680.407,11.951702041344955,42.983273355,C662,_,00680,407
C662__00660.407,11.95105736983381,42.99458104,C662,_,00660,407
C662__00560.407,11.938744046552282,43.010218800000004,C662,_,00560,407
C662__00490.407,11.947036956124332,43.015395264999995,C662,_,00490,407
C662__00480.407,11.942306952641003,43.01641482,C662,_,00480,407
C662__00360.408,11.939142361928509,43.029816515,C662,_,00360,408
C662__00680.408,11.954529043243493,42.984168355,C662,_,00680,408
C662__00620.408,11.948555708415519,43.00407705,C662,_,00620,408
C662__00590.408,11.950776242145063,43.013497255,C662,_,00590,408
C662__00490.408,11.94707121861096,43.0152927,C662,_,00490,408
C662__00470.409,11.928718644792417,43.016287614999996,C662,_,00470,409
C662__00680.409,11.953500527377603,42.98424663,C662,_,00680,409
C662__00620.409,11.948666461066702,43.00444646,C662,_,00620,409
C662__00560.409,11.938728878407503,43.01010386,C662,_,00560,409
C662__00480.409,11.945534228664778,43.024642755,C662,_,00480,409
C662__00010.41,11.91125442331725,43.069157059999995,C662,_,00010,41
C662__00670.41,11.941731793878532,42.98606227,C662,_,00670,41
C662__00650.41,11.938920433855007,42.995097470000005,C662,_,00650,41
C662__00640.41,11.932798095595055,42.99334342,C662,_,00640,41
C662__00620.41,11.95385414034109,43.002233724999996,C662,_,00620,41
C662__00600.41,11.91877513082414,43.001176515,C662,_,00600,41
C662__00590.41,11.956860685271131,43.013591145,C662,_,00590,41
C662__00570.41,11.933365544730961,43.007661595,C662,_,00570,41
C662__00560.41,11.935130925924115,43.015479279999994,C662,_,00560,41
C662__00530.41,11.908703522886501,43.006994975,C662,_,00530,41
C662__00520.41,11.962441026628845,43.020482584999996,C662,_,00520,41
C662__00500.41,11.95247519812315,43.02533387,C662,_,00500,41
C662__00490.41,11.948473148883032,43.01759656,C662,_,00490,41
C662__00480.41,11.945652228930252,43.02351967,C662,_,00480,41
C662__00450.41,11.900333266859356,43.01504616,C662,_,00450,41
C662__00440.41,11.894253582691498,43.018658474999995,C662,_,00440,41
C662__00430.41,11.890400470794422,43.01949422,C662,_,00430,41
C662__00420.41,11.881552723992804,43.019299995,C662,_,00420,41
C662__00380.41,11.960374443552844,43.036023265,C662,_,00380,41
C662__00370.41,11.952307939924424,43.034931119999996,C662,_,00370,41
C662__00360.41,11.93843549200123,43.03305885,C662,_,00360,41
C662__00350.41,11.93246958977312,43.032526094999994,C662,_,00350,41
C662__00340.41,11.927125385944956,43.02569332,C662,_,00340,41
C662__00330.41,11.910766657597364,43.025991585,C662,_,00330,41
C662__00320.41,11.90152293957161,43.025394555,C662,_,00320,41
C662__00310.41,11.895033345549333,43.02769636,C662,_,00310,41
C662__00290.41,11.864925511005769,43.030643174999994,C662,_,00290,41
C662__00280.41,11.959971771750205,43.04522309,C662,_,00280,41
C662__00270.41,11.952163116005929,43.043946829999996,C662,_,00270,41
C662__00250.41,11.921027329366161,43.04326434,C662,_,00250,41
C662__00240.41,11.921918011215373,43.031680425000005,C662,_,00240,41
C662__00230.41,11.915453263154154,43.040472195,C662,_,00230,41
C662__00220.41,11.903409661212049,43.039596155,C662,_,00220,41
C662__00200.41,11.888000782987689,43.035020675,C662,_,00200,41
C662__00180.41,11.898471528279893,43.047101255,C662,_,00180,41
C662__00170.41,11.980497586043958,43.046323575,C662,_,00170,41
C662__00150.41,11.954433496581178,43.061315,C662,_,00150,41
C662__00140.41,11.944132297893162,43.051122715,C662,_,00140,41
C662__00130.41,11.932126541654158,43.04642285,C662,_,00130,41
C662__00110.41,11.915636877844957,43.04579814,C662,_,00110,41
C662__00100.41,11.908784445902768,43.04847891,C662,_,00100,41
C662__00070.41,11.914805892444821,43.058100839999994,C662,_,00070,41
C662__00060.41,11.905441038497258,43.059066279999996,C662,_,00060,41
C662__00030.41,11.916437418260966,43.06218511,C662,_,00030,41
C662__00470.410,11.920110706631238,43.015676330000005,C662,_,00470,410
C662__00620.410,11.948771859315256,43.004495774999995,C662,_,00620,410
C662__00560.410,11.938936345645736,43.010109490000005,C662,_,00560,410
C662__00360.411,11.935958983645525,43.028940225,C662,_,00360,411
C662__00660.411,11.949930956848796,42.990047790000006,C662,_,00660,411
C662__00620.411,11.94853040247732,43.00444376,C662,_,00620,411
C662__00590.411,11.955749486007825,43.008505805,C662,_,00590,411
C662__00560.411,11.938012154827994,43.010460460000004,C662,_,00560,411
C662__00490.411,11.949360635738213,43.016466705,C662,_,00490,411
C662__00480.411,11.942412077244416,43.02086846,C662,_,00480,411
C662__00470.411,11.919803912330256,43.015552685,C662,_,00470,411
C662__00360.412,11.935858636046067,43.029231595,C662,_,00360,412
C662__00680.412,11.944307538949772,42.977972245000004,C662,_,00680,412
C662__00660.412,11.954317813287723,42.993356205,C662,_,00660,412
C662__00630.412,11.956955368151934,42.995493595,C662,_,00630,412
C662__00620.412,11.948118753430522,43.0046126,C662,_,00620,412
C662__00560.412,11.937535653970095,43.010866585,C662,_,00560,412
C662__00490.412,11.946806670602037,43.015390284999995,C662,_,00490,412
C662__00480.412,11.941840531582386,43.022551345,C662,_,00480,412
C662__00470.412,11.919541193397555,43.015846495000005,C662,_,00470,412
C662__00470.413,11.919419752467068,43.015789885000004,C662,_,00470,413
C662__00680.413,11.9440504266485,42.978106155,C662,_,00680,413
C662__00660.413,11.954237371056468,42.993184845,C662,_,00660,413
C662__00620.413,11.94864806598581,43.00453958,C662,_,00620,413
C662__00560.413,11.937969168245914,43.010726875,C662,_,00560,413
C662__00490.413,11.942262275904787,43.01700754,C662,_,00490,413
C662__00480.413,11.945921510675623,43.022028094999996,C662,_,00480,413
C662__00470.414,11.9349961228462,43.02011073,C662,_,00470,414
C662__00680.414,11.94353112890537,42.97719621,C662,_,00680,414
C662__00660.414,11.952380856797923,42.993859025,C662,_,00660,414
C662__00620.414,11.948479872453106,43.004710365,C662,_,00620,414
C662__00480.414,11.946118254673042,43.02222663,C662,_,00480,414
C662__00470.415,11.935379599623413,43.020087255,C662,_,00470,415
C662__00680.415,11.943184310660744,42.97650122,C662,_,00680,415
C662__00660.415,11.95324843225772,42.99640582,C662,_,00660,415
C662__00620.415,11.946214910507095,43.00407788,C662,_,00620,415
C662__00560.415,11.938224408262958,43.010310675,C662,_,00560,415
C662__00470.416,11.923233476376401,43.016418665,C662,_,00470,416
C662__00680.416,11.94294828436173,42.97655364,C662,_,00680,416
C662__00660.416,11.957234042004163,42.98567603,C662,_,00660,416
C662__00620.416,11.946084208071355,43.004156585000004,C662,_,00620,416
C662__00590.416,11.950687501833848,43.008011350000004,C662,_,00590,416
C662__00560.416,11.93753663210391,43.011132700000005,C662,_,00560,416
C662__00500.416,11.955179197868581,43.018988590000006,C662,_,00500,416
C662__00490.416,11.945643686338041,43.016087244999994,C662,_,00490,416
C662__00470.417,11.924317774123367,43.014782435,C662,_,00470,417
C662__00680.417,11.94623224648948,42.976884285,C662,_,00680,417
C662__00660.417,11.957007636046109,42.98548466,C662,_,00660,417
C662__00620.417,11.94621979259518,43.00484784,C662,_,00620,417
C662__00560.417,11.93635251698059,43.012087205,C662,_,00560,417
C662__00500.417,11.952594075656886,43.016547555,C662,_,00500,417
C662__00490.417,11.9476287106577,43.016344610000004,C662,_,00490,417
C662__00480.417,11.939186685434052,43.021307715,C662,_,00480,417
C662__00470.418,11.929340619113844,43.020516035,C662,_,00470,418
C662__00680.418,11.94339091268609,42.976402665,C662,_,00680,418
C662__00660.418,11.954641367814965,42.99124593,C662,_,00660,418
C662__0063.418,11.95523339401093,43.003532735,C662,_,0063,418
C662__00590.418,11.956762863191774,43.006743435000004,C662,_,00590,418
C662__00560.418,11.936332842338217,43.011783585,C662,_,00560,418
C662__00500.418,11.952803145594594,43.016764835000004,C662,_,00500,418
C662__00470.419,11.929366095496718,43.020462655,C662,_,00470,419
C662__00680.419,11.943984702426082,42.976248185,C662,_,00680,419
C662__00660.419,11.955531921420924,42.99082702,C662,_,00660,419
C662__00620.419,11.946617631089772,43.004935855,C662,_,00620,419
C662__00590.419,11.95399502152172,43.006704185000004,C662,_,00590,419
C662__00560.419,11.937082700798136,43.01126393,C662,_,00560,419
C662__00500.419,11.952568948053457,43.01689575,C662,_,00500,419
C662__00490.419,11.949899567463369,43.01542469,C662,_,00490,419
C662__00030.42,11.914656276854402,43.06253917,C662,_,00030,42
C662__00650.42,11.938511866080097,42.99407617,C662,_,00650,42
C662__00570.42,11.933762930538727,43.00716366,C662,_,00570,42
C662__00560.42,11.935717386286662,43.01573493,C662,_,00560,42
C662__00550.42,11.920107609119384,43.00621146,C662,_,00550,42
C662__00530.42,11.909726208351534,43.006683304999996,C662,_,00530,42
C662__00510.42,11.958947696824998,43.02264466,C662,_,00510,42
C662__00500.42,11.952949033880422,43.025355245,C662,_,00500,42
C662__00490.42,11.948419045126354,43.01758624,C662,_,00490,42
C662__00480.42,11.936413343122904,43.02544426,C662,_,00480,42
C662__00460.42,11.91373929367194,43.01631616,C662,_,00460,42
C662__00450.42,11.901129899805053,43.01435721,C662,_,00450,42
C662__00440.42,11.89427816574323,43.01828089,C662,_,00440,42
C662__00420.42,11.883254719341318,43.01854545,C662,_,00420,42
C662__00410.42,11.876054343701025,43.026241435,C662,_,00410,42
C662__00400.42,11.86997957504082,43.02715448,C662,_,00400,42
C662__00370.42,11.954129682305602,43.034417935,C662,_,00370,42
C662__00360.42,11.938773046536738,43.033025429999995,C662,_,00360,42
C662__00350.42,11.933302783055655,43.03281935,C662,_,00350,42
C662__00340.42,11.926924703716814,43.026671050000004,C662,_,00340,42
C662__00310.42,11.891986682915366,43.027332915,C662,_,00310,42
C662__00280.42,11.959133851025666,43.044636870000005,C662,_,00280,42
C662__00270.42,11.952937771593248,43.045088164999996,C662,_,00270,42
C662__00260.42,11.939789066661081,43.043300560000006,C662,_,00260,42
C662__00250.42,11.924729264761709,43.039104159999994,C662,_,00250,42
C662__00220.42,11.903240744919652,43.03883919,C662,_,00220,42
C662__00210.42,11.891891298868053,43.033994385,C662,_,00210,42
C662__00200.42,11.886248804898385,43.044629105,C662,_,00200,42
C662__00190.42,11.885704188705448,43.03388769,C662,_,00190,42
C662__00170.42,11.981052136125005,43.04609182,C662,_,00170,42
C662__00160.42,11.952180515941095,43.052416805,C662,_,00160,42
C662__00150.42,11.9511369046448,43.059255655,C662,_,00150,42
C662__00140.42,11.946460273684108,43.051856905,C662,_,00140,42
C662__00130.42,11.935697093565167,43.047396524999996,C662,_,00130,42
C662__00110.42,11.916355778941039,43.045482135,C662,_,00110,42
C662__00100.42,11.908244790156006,43.052351915,C662,_,00100,42
C662__00090.42,11.928586545805912,43.06269465,C662,_,00090,42
C662__00080.42,11.917305667601052,43.057514014999995,C662,_,00080,42
C662__00070.42,11.913951357969992,43.05768819,C662,_,00070,42
C662__00360.420,11.937798561948885,43.029194204999996,C662,_,00360,420
C662__00680.420,11.943755712426672,42.976297175,C662,_,00680,420
C662__00660.420,11.95570227342137,42.990829525,C662,_,00660,420
C662__00620.420,11.94578715649484,43.00458166,C662,_,00620,420
C662__00590.420,11.952241892061704,43.014403685000005,C662,_,00590,420
C662__00560.420,11.935670780276826,43.012603845,C662,_,00560,420
C662__00500.420,11.953021146501602,43.016212925000005,C662,_,00500,420
C662__00480.420,11.944728645401932,43.022036715,C662,_,00480,420
C662__00470.420,11.91767662285756,43.01729917,C662,_,00470,420
C662__00360.421,11.936326421468571,43.03052099,C662,_,00360,421
C662__00680.421,11.942900810148737,42.97648089,C662,_,00680,421
C662__00660.421,11.95645995580134,42.99057114,C662,_,00660,421
C662__00620.421,11.945949245224188,43.004321135,C662,_,00620,421
C662__00590.421,11.952420331754901,43.015065825,C662,_,00590,421
C662__00560.421,11.94482335943588,43.01446506,C662,_,00560,421
C662__00480.421,11.944767952377479,43.02219635,C662,_,00480,421
C662__00070.422,11.913156697924066,43.05390041,C662,_,00070,422
C662__00680.422,11.943828218220789,42.976480589999994,C662,_,00680,422
C662__00660.422,11.95621684365016,42.9906887,C662,_,00660,422
C662__0062.422,11.955513904457735,42.999487915,C662,_,0062,422
C662__00590.422,11.957077148695404,43.006275865,C662,_,00590,422
C662__00560.422,11.94238294566364,43.014870925,C662,_,00560,422
C662__00480.422,11.944990383052673,43.022272325,C662,_,00480,422
C662__00470.422,11.928023255117044,43.02054862,C662,_,00470,422
C662__00360.422,11.940358886106072,43.030866715,C662,_,00360,422
C662__00310.422,11.90002761412186,43.025403095,C662,_,00310,422
C662__00070.423,11.913298795998951,43.053605375000004,C662,_,00070,423
C662__00680.423,11.953393570338836,42.979957940000006,C662,_,00680,423
C662__00660.423,11.956560821403098,42.990593585,C662,_,00660,423
C662__00590.423,11.964279516806943,43.014844275,C662,_,00590,423
C662__00560.423,11.94229068361318,43.014675395,C662,_,00560,423
C662__00480.423,11.943331790771023,43.027253765,C662,_,00480,423
C662__00360.423,11.940535555999055,43.030970659999994,C662,_,00360,423
C662__00310.423,11.900062841786582,43.025188265,C662,_,00310,423
C662__00070.424,11.914065606050194,43.054272080000004,C662,_,00070,424
C662__00590.424,11.962157784971843,43.01350621,C662,_,00590,424
C662__00500.424,11.952040107395078,43.015470300000004,C662,_,00500,424
C662__00480.424,11.943443688861256,43.02727677,C662,_,00480,424
C662__00470.424,11.928390785669283,43.020351075,C662,_,00470,424
C662__00360.424,11.940467968547166,43.033613865,C662,_,00360,424
C662__00310.424,11.899418911185514,43.02538889,C662,_,00310,424
C662__00070.425,11.914863207920607,43.05407194,C662,_,00070,425
C662__00590.425,11.963881380466777,43.01459016,C662,_,00590,425
C662__00560.425,11.942683321396714,43.014779585,C662,_,00560,425
C662__00500.425,11.95223722139515,43.01572933,C662,_,00500,425
C662__00490.425,11.947282827482667,43.014633765,C662,_,00490,425
C662__00310.425,11.899074065942987,43.025495815,C662,_,00310,425
C662__00070.426,11.914481434616494,43.054443535,C662,_,00070,426
C662__00680.426,11.954096310638263,42.98027063,C662,_,00680,426
C662__00620.426,11.942458901115241,43.004280105,C662,_,00620,426
C662__00590.426,11.961551591756297,43.012644865,C662,_,00590,426
C662__00560.426,11.942548895593667,43.01456809,C662,_,00560,426
C662__00470.426,11.922164213152183,43.01525715,C662,_,00470,426
C662__00360.426,11.938449358696708,43.030208560000005,C662,_,00360,426
C662__00310.426,11.898773923182091,43.025370345,C662,_,00310,426
C662__00070.427,11.914843530872153,43.054285480000004,C662,_,00070,427
C662__00620.427,11.94123373607108,43.003385359999996,C662,_,00620,427
C662__00590.427,11.961016232322443,43.01182647500001,C662,_,00590,427
C662__00470.427,11.922410547973303,43.01528834,C662,_,00470,427
C662__00310.427,11.899546181049587,43.025151075,C662,_,00310,427
C662__00070.428,11.91492676954748,43.054535369999996,C662,_,00070,428
C662__00630.428,11.962412487399707,43.003451035,C662,_,00630,428
C662__00620.428,11.941083859426953,43.003385025,C662,_,00620,428
C662__00590.428,11.9618687396116,43.0123238,C662,_,00590,428
C662__00310.428,11.89517115449783,43.03115088,C662,_,00310,428
C662__00070.429,11.914968901480709,43.054300225000006,C662,_,00070,429
C662__00620.429,11.941250620909837,43.0030992,C662,_,00620,429
C662__00590.429,11.955432697020079,43.005575660000005,C662,_,00590,429
C662__00480.429,11.946307679384018,43.01802491,C662,_,00480,429
C662__00360.429,11.94020209748535,43.030624,C662,_,00360,429
C662__00310.429,11.896769158460234,43.03095111499999,C662,_,00310,429
C662__00020.43,11.906449012161819,43.064643149999995,C662,_,00020,43
C662__00680.43,11.942069773785068,42.97726014,C662,_,00680,43
C662__00650.43,11.941680209192999,42.994273315,C662,_,00650,43
C662__0063.43,11.956342207909284,43.003648115,C662,_,0063,43
C662__00610.43,11.921660917465204,42.99692488,C662,_,00610,43
C662__00600.43,11.915782632096628,43.005657865,C662,_,00600,43
C662__00590.43,11.957996856366837,43.0140446,C662,_,00590,43
C662__00570.43,11.935004333540089,43.00788412,C662,_,00570,43
C662__00560.43,11.936626275407058,43.014669104999996,C662,_,00560,43
C662__00550.43,11.921513722511525,43.006725945,C662,_,00550,43
C662__00530.43,11.911616646809605,43.006872015,C662,_,00530,43
C662__00520.43,11.963621347725127,43.02075068,C662,_,00520,43
C662__00500.43,11.954108090320496,43.025216995,C662,_,00500,43
C662__00490.43,11.948386871170316,43.017568465,C662,_,00490,43
C662__00480.43,11.945376911784575,43.023421005,C662,_,00480,43
C662__00470.43,11.933371803193857,43.019863795,C662,_,00470,43
C662__00460.43,11.918733841201995,43.023831865,C662,_,00460,43
C662__00450.43,11.901095964488926,43.015481855000004,C662,_,00450,43
C662__00440.43,11.894894472570705,43.01813675,C662,_,00440,43
C662__00430.43,11.88441706691181,43.018108805,C662,_,00430,43
C662__00420.43,11.883133212871765,43.017973420000004,C662,_,00420,43
C662__00410.43,11.878627298580387,43.025822455,C662,_,00410,43
C662__00400.43,11.869396137488636,43.02764324,C662,_,00400,43
C662__00380.43,11.961575082040905,43.03583553,C662,_,00380,43
C662__00370.43,11.953723227967807,43.033726904999995,C662,_,00370,43
C662__00360.43,11.93884093901909,43.032571765,C662,_,00360,43
C662__00350.43,11.934960369462917,43.033561905,C662,_,00350,43
C662__00340.43,11.927733490150274,43.025520725,C662,_,00340,43
C662__00330.43,11.912051005175929,43.024858845,C662,_,00330,43
C662__00310.43,11.892837553696399,43.027125435,C662,_,00310,43
C662__00300.43,11.885946354158488,43.030223725,C662,_,00300,43
C662__00290.43,11.865493824399724,43.03062711,C662,_,00290,43
C662__00280.43,11.959291051559687,43.04724889,C662,_,00280,43
C662__00250.43,11.923977972599914,43.040002865,C662,_,00250,43
C662__00230.43,11.911469658572624,43.04017858,C662,_,00230,43
C662__00220.43,11.903612473674121,43.038865720000004,C662,_,00220,43
C662__00210.43,11.893374132375076,43.034596205,C662,_,00210,43
C662__00200.43,11.883934961200051,43.039723805,C662,_,00200,43
C662__00190.43,11.879058208713507,43.031809089999996,C662,_,00190,43
C662__00170.43,11.980361858426592,43.045926105,C662,_,00170,43
C662__00150.43,11.949843597831583,43.057123235,C662,_,00150,43
C662__00130.43,11.93579653801102,43.04739884,C662,_,00130,43
C662__00110.43,11.916890589545126,43.045358965,C662,_,00110,43
C662__00060.43,11.899483150744267,43.059356995,C662,_,00060,43
C662__00030.43,11.915442349978612,43.063054335000004,C662,_,00030,43
C662__00070.430,11.915115587979976,43.054594205,C662,_,00070,430
C662__00620.430,11.941100299103685,43.003091325,C662,_,00620,430
C662__00590.430,11.957848001593547,43.00738025,C662,_,00590,430
C662__00560.430,11.943082376369937,43.01475572,C662,_,00560,430
C662__00500.430,11.956263996563166,43.020200200000005,C662,_,00500,430
C662__00480.430,11.944808783167591,43.017654664999995,C662,_,00480,430
C662__00360.430,11.936364762119403,43.02932505,C662,_,00360,430
C662__00310.430,11.896590851590176,43.031778544999995,C662,_,00310,430
C662__00070.431,11.915188150111968,43.054267355,C662,_,00070,431
C662__00620.431,11.941354089632881,43.003340255,C662,_,00620,431
C662__00590.431,11.955575842933039,43.00567057,C662,_,00590,431
C662__00560.431,11.944578441197233,43.015313585,C662,_,00560,431
C662__00480.431,11.945403318328786,43.01760031,C662,_,00480,431
C662__00360.431,11.936416086730464,43.029667475,C662,_,00360,431
C662__00310.431,11.898010221922355,43.031456725,C662,_,00310,431
C662__00070.432,11.915464028642178,43.05467377,C662,_,00070,432
C662__00620.432,11.941371956943872,43.003107415,C662,_,00620,432
C662__00590.432,11.957302488168157,43.006643845,C662,_,00590,432
C662__00480.432,11.94583288998071,43.017977290000005,C662,_,00480,432
C662__00360.432,11.940800309421821,43.030852429999996,C662,_,00360,432
C662__00310.432,11.896770515714913,43.030339245,C662,_,00310,432
C662__00070.433,11.91559547628736,43.05451915,C662,_,00070,433
C662__00490.433,11.94805071247613,43.01783521,C662,_,00490,433
C662__00480.433,11.94608694117762,43.01836538,C662,_,00480,433
C662__00360.433,11.940340015512806,43.030723535,C662,_,00360,433
C662__00310.433,11.897313326514496,43.030439695,C662,_,00310,433
C662__00310.434,11.895217770412092,43.033660275,C662,_,00310,434
C662__00590.434,11.956645261337105,43.006260319999996,C662,_,00590,434
C662__00500.434,11.952803432208608,43.02816153,C662,_,00500,434
C662__00480.434,11.946925427851006,43.01845693,C662,_,00480,434
C662__00360.434,11.939933506812107,43.030846374999996,C662,_,00360,434
C662__00070.435,11.916002765125626,43.054633769999995,C662,_,00070,435
C662__00620.435,11.951257509511507,42.99913912,C662,_,00620,435
C662__00590.435,11.96123492152634,43.01213679,C662,_,00590,435
C662__00560.435,11.931111420997158,43.01695497,C662,_,00560,435
C662__00310.435,11.895782258991991,43.0337379,C662,_,00310,435
C662__00490.436,11.949795282241373,43.015170080000004,C662,_,00490,436
C662__0063.436,11.95342814342348,43.00468807,C662,_,0063,436
C662__00620.436,11.951213395950134,42.998664165,C662,_,00620,436
C662__00590.436,11.958938177937615,43.00903681,C662,_,00590,436
C662__00500.436,11.951499535644773,43.019703425,C662,_,00500,436
C662__00070.437,11.914236604335699,43.056835559999996,C662,_,00070,437
C662__00590.437,11.95858929058948,43.00794162,C662,_,00590,437
C662__00560.437,11.930938293612797,43.01543294,C662,_,00560,437
C662__00500.437,11.95940568215719,43.01979205,C662,_,00500,437
C662__00360.437,11.937267367677114,43.032417505,C662,_,00360,437
C662__00070.438,11.910518280085821,43.06338819,C662,_,00070,438
C662__0063.438,11.95774423677549,43.004424465,C662,_,0063,438
C662__00620.438,11.951574682810858,42.99888935,C662,_,00620,438
C662__00560.438,11.930073950733917,43.01458092,C662,_,00560,438
C662__00360.438,11.936954951172732,43.032568345,C662,_,00360,438
C662__00070.439,11.91072795103245,43.06297719,C662,_,00070,439
C662__00590.439,11.957085293302036,43.006518715,C662,_,00590,439
C662__00480.439,11.944164325279509,43.02434976,C662,_,00480,439
C662__00360.439,11.937311522401862,43.032696515,C662,_,00360,439
C662__00030.44,11.91418500731579,43.063047659999995,C662,_,00030,44
C662__00680.44,11.942811062809323,42.977243494999996,C662,_,00680,44
C662__00670.44,11.944877926494598,42.987944655,C662,_,00670,44
C662__00660.44,11.954183401370397,42.992764890000004,C662,_,00660,44
C662__00650.44,11.94166761173165,42.99527871,C662,_,00650,44
C662__00610.44,11.923779076291858,42.997799565,C662,_,00610,44
C662__00600.44,11.91770060034025,43.00356128,C662,_,00600,44
C662__00590.44,11.958635294963823,43.014118565,C662,_,00590,44
C662__00570.44,11.936273596557145,43.00795748,C662,_,00570,44
C662__00560.44,11.937355230673141,43.01462378,C662,_,00560,44
C662__00550.44,11.922359525194455,43.00668962,C662,_,00550,44
C662__00530.44,11.913097474462468,43.010798945000005,C662,_,00530,44
C662__00520.44,11.967004480759176,43.021875075,C662,_,00520,44
C662__00510.44,11.959403076181411,43.02282863,C662,_,00510,44
C662__00500.44,11.946602768484647,43.02413783,C662,_,00500,44
C662__00490.44,11.948368713980333,43.01751256,C662,_,00490,44
C662__00480.44,11.937548644315214,43.025976130000004,C662,_,00480,44
C662__00470.44,11.934152598443186,43.020175095,C662,_,00470,44
C662__00460.44,11.911026412630807,43.01991597,C662,_,00460,44
C662__00450.44,11.901846027981676,43.015231845,C662,_,00450,44
C662__00440.44,11.894419771610677,43.01762695,C662,_,00440,44
C662__00430.44,11.890039886023873,43.01772669,C662,_,00430,44
C662__00420.44,11.883307354341689,43.017717335,C662,_,00420,44
C662__00410.44,11.87832979998975,43.027253505000004,C662,_,00410,44
C662__00390.44,11.972168823022798,43.031172185,C662,_,00390,44
C662__00370.44,11.954626042457924,43.03378078,C662,_,00370,44
C662__00360.44,11.939144553741174,43.033304560000005,C662,_,00360,44
C662__00340.44,11.927981452159779,43.024217775,C662,_,00340,44
C662__00330.44,11.912500126771755,43.0260517,C662,_,00330,44
C662__00310.44,11.893670801491826,43.027527945,C662,_,00310,44
C662__00300.44,11.888424787514925,43.03159505,C662,_,00300,44
C662__00280.44,11.958934074569912,43.047601785,C662,_,00280,44
C662__00260.44,11.941032569588305,43.042899704999996,C662,_,00260,44
C662__00250.44,11.923737529503413,43.03997343,C662,_,00250,44
C662__00240.44,11.923079457843329,43.032355725,C662,_,00240,44
C662__00230.44,11.91205963500737,43.040046705,C662,_,00230,44
C662__00220.44,11.903182058102272,43.038293984999996,C662,_,00220,44
C662__00210.44,11.897373006528142,43.03646088,C662,_,00210,44
C662__00200.44,11.888417290951105,43.041268555,C662,_,00200,44
C662__00190.44,11.879375239798934,43.031367305,C662,_,00190,44
C662__00170.44,11.980741734689328,43.04576639,C662,_,00170,44
C662__00150.44,11.950535722256348,43.058038405,C662,_,00150,44
C662__00140.44,11.937140719960361,43.04828267,C662,_,00140,44
C662__00110.44,11.917572819834133,43.046351735,C662,_,00110,44
C662__00100.44,11.912002690587574,43.05473544,C662,_,00100,44
C662__00360.440,11.937185139119332,43.032208165,C662,_,00360,440
C662__00590.440,11.95754677843551,43.007014325,C662,_,00590,440
C662__00480.440,11.942805181273098,43.027172504999996,C662,_,00480,440
C662__00360.441,11.937854355984772,43.03178762,C662,_,00360,441
C662__00580.441,11.949398530564181,43.004705810000004,C662,_,00580,441
C662__00360.442,11.937092253639657,43.032201725,C662,_,00360,442
C662__00660.442,11.948339822440904,42.9939302,C662,_,00660,442
C662__00620.442,11.951664760783231,42.998495945,C662,_,00620,442
C662__00580.442,11.94932426850016,43.00484774,C662,_,00580,442
C662__00480.442,11.940595476933096,43.024363535000006,C662,_,00480,442
C662__00070.443,11.915662016503902,43.056458545,C662,_,00070,443
C662__00620.443,11.95186522003836,42.9985654,C662,_,00620,443
C662__00580.443,11.949395088574198,43.00488911,C662,_,00580,443
C662__00500.443,11.956059001222565,43.018514319999994,C662,_,00500,443
C662__00480.443,11.94447824144072,43.024229,C662,_,00480,443
C662__00360.443,11.937887696500509,43.033213905,C662,_,00360,443
C662__00070.444,11.914624109180721,43.05701965,C662,_,00070,444
C662__00660.444,11.954705841284609,42.995198395,C662,_,00660,444
C662__00580.444,11.94889214113375,43.00476377,C662,_,00580,444
C662__00500.444,11.954380285321069,43.01819554,C662,_,00500,444
C662__00490.444,11.94845551241611,43.01823797,C662,_,00490,444
C662__00480.444,11.94464341134811,43.024245615,C662,_,00480,444
C662__00360.444,11.937050106207934,43.03056138,C662,_,00360,444
C662__00070.445,11.915303165502475,43.057261819999994,C662,_,00070,445
C662__00660.445,11.950454794908019,42.99436478,C662,_,00660,445
C662__00620.445,11.951998193063037,42.998900925,C662,_,00620,445
C662__00580.445,11.95064998023432,43.004752145,C662,_,00580,445
C662__00480.445,11.943970044231513,43.024573955,C662,_,00480,445
C662__00070.446,11.914254430828835,43.05759079,C662,_,00070,446
C662__00660.446,11.950718035960907,42.994135099999994,C662,_,00660,446
C662__00590.446,11.95138304105948,43.00807367,C662,_,00590,446
C662__00560.446,11.933645019415072,43.017234165000005,C662,_,00560,446
C662__00480.446,11.943942343067437,43.024524595,C662,_,00480,446
C662__00360.446,11.940207899673885,43.03392978,C662,_,00360,446
C662__00070.447,11.914132799513757,43.057704915,C662,_,00070,447
C662__00660.447,11.950964772645007,42.99402388,C662,_,00660,447
C662__0062.447,11.955451834898053,42.999660105000004,C662,_,0062,447
C662__00590.447,11.951263094343627,43.007659775,C662,_,00590,447
C662__00560.447,11.933679666336836,43.016975285,C662,_,00560,447
C662__00500.447,11.947165571111853,43.024309195,C662,_,00500,447
C662__00480.447,11.944004438627285,43.02417394,C662,_,00480,447
C662__00360.447,11.940646200491251,43.03417752,C662,_,00360,447
C662__00070.448,11.914892496979462,43.05790475,C662,_,00070,448
C662__0062.448,11.955296937093566,42.999725549999994,C662,_,0062,448
C662__00580.448,11.946684572538052,43.005899645,C662,_,00580,448
C662__00560.448,11.934586717575831,43.016121195,C662,_,00560,448
C662__00500.448,11.951624375444533,43.02244806,C662,_,00500,448
C662__00480.448,11.944014534915826,43.0243878,C662,_,00480,448
C662__00360.448,11.940214440869113,43.033636265,C662,_,00360,448
C662__00070.449,11.915048181917108,43.057554345,C662,_,00070,449
C662__00660.449,11.95314349817059,42.99483508,C662,_,00660,449
C662__0062.449,11.955803757261272,42.998644885,C662,_,0062,449
C662__00560.449,11.932718828672233,43.015287465,C662,_,00560,449
C662__00500.449,11.958903728933338,43.017258405,C662,_,00500,449
C662__00480.449,11.943915001569291,43.024251245,C662,_,00480,449
C662__00360.449,11.940805276802433,43.03402407,C662,_,00360,449
C662__00030.45,11.914947424795434,43.06346267,C662,_,00030,45
C662__00650.45,11.942277543948306,42.994688005,C662,_,00650,45
C662__00620.45,11.937366510065484,43.00142151,C662,_,00620,45
C662__00610.45,11.927329286752002,42.99804817,C662,_,00610,45
C662__00600.45,11.920480687391915,43.00162929,C662,_,00600,45
C662__00590.45,11.959427019723016,43.014470585,C662,_,00590,45
C662__00580.45,11.946436000617297,43.00770806,C662,_,00580,45
C662__00570.45,11.935898712712548,43.0073278,C662,_,00570,45
C662__00560.45,11.938102114604646,43.01520067,C662,_,00560,45
C662__00550.45,11.923499920829958,43.00682397,C662,_,00550,45
C662__00530.45,11.913403682775133,43.008705595,C662,_,00530,45
C662__00520.45,11.966982691416625,43.021413575,C662,_,00520,45
C662__00510.45,11.959768790370406,43.02311211,C662,_,00510,45
C662__00500.45,11.947517674746635,43.02416652,C662,_,00500,45
C662__00490.45,11.948418058866062,43.01751256,C662,_,00490,45
C662__00480.45,11.938347168543846,43.025414510000004,C662,_,00480,45
C662__00470.45,11.93524481515476,43.020247905000005,C662,_,00470,45
C662__00460.45,11.911073359406107,43.018076484999995,C662,_,00460,45
C662__00450.45,11.902476121839985,43.01608136,C662,_,00450,45
C662__00440.45,11.89357087976487,43.0183548,C662,_,00440,45
C662__00430.45,11.889812263404801,43.018788125,C662,_,00430,45
C662__00420.45,11.883587407945404,43.025968675,C662,_,00420,45
C662__00410.45,11.879797625472357,43.02690192,C662,_,00410,45
C662__00400.45,11.867777907264148,43.027959960000004,C662,_,00400,45
C662__00380.45,11.961812962217099,43.034927795,C662,_,00380,45
C662__00370.45,11.955330662335815,43.034205705,C662,_,00370,45
C662__00360.45,11.939472711510636,43.033016090000004,C662,_,00360,45
C662__00350.45,11.936290166565858,43.033296230000005,C662,_,00350,45
C662__00330.45,11.912754220586868,43.02497694,C662,_,00330,45
C662__00320.45,11.90263632453917,43.025374459999995,C662,_,00320,45
C662__00310.45,11.893953328514632,43.027288115000005,C662,_,00310,45
C662__00300.45,11.889082515201727,43.030939745,C662,_,00300,45
C662__00290.45,11.866612898450203,43.030185975,C662,_,00290,45
C662__00280.45,11.959476161966332,43.045615,C662,_,00280,45
C662__00260.45,11.942443171931176,43.044069885,C662,_,00260,45
C662__00250.45,11.925222544395261,43.038376615000004,C662,_,00250,45
C662__00230.45,11.912933374729938,43.0396164,C662,_,00230,45
C662__00220.45,11.904310382369726,43.038742920000004,C662,_,00220,45
C662__00210.45,11.897190215374266,43.03559637,C662,_,00210,45
C662__00200.45,11.888194403501261,43.04208605,C662,_,00200,45
C662__00190.45,11.879903070091057,43.03223652,C662,_,00190,45
C662__00170.45,11.980939492330446,43.04569637,C662,_,00170,45
C662__00150.45,11.950623699245085,43.057731239999995,C662,_,00150,45
C662__00140.45,11.939969765390957,43.049284209999996,C662,_,00140,45
C662__00130.45,11.927587100951872,43.04797852,C662,_,00130,45
C662__00110.45,11.918315884881055,43.046042465,C662,_,00110,45
C662__00080.45,11.914091952691138,43.059766159999995,C662,_,00080,45
C662__00070.45,11.913535046999295,43.05780518,C662,_,00070,45
C662__00060.45,11.893883855401373,43.060254189999995,C662,_,00060,45
C662__00070.450,11.913826140737989,43.058052515,C662,_,00070,450
C662__00660.450,11.953180341101769,42.994751855000004,C662,_,00660,450
C662__0062.450,11.956043283205046,42.998492555,C662,_,0062,450
C662__00590.450,11.951332689160377,43.007427915,C662,_,00590,450
C662__00500.450,11.952778644629213,43.016223915,C662,_,00500,450
C662__00480.450,11.944219666717427,43.024044065,C662,_,00480,450
C662__00360.450,11.940128306699807,43.033349560000005,C662,_,00360,450
C662__00070.451,11.915029615394124,43.057329159999995,C662,_,00070,451
C662__00660.451,11.953287657943225,42.99466677,C662,_,00660,451
C662__0062.451,11.955214694196979,42.998654595000005,C662,_,0062,451
C662__00490.451,11.94899842296455,43.018027655,C662,_,00490,451
C662__00480.451,11.94404290965943,43.024469249999996,C662,_,00480,451
C662__00360.451,11.940928538036868,43.03350246,C662,_,00360,451
C662__00070.452,11.913985750519116,43.05820869,C662,_,00070,452
C662__00660.452,11.954069187387006,42.995308715,C662,_,00660,452
C662__0062.452,11.954912659992242,42.99829812,C662,_,0062,452
C662__00590.452,11.951463737940056,43.014049575,C662,_,00590,452
C662__00490.452,11.947101292197356,43.01519245,C662,_,00490,452
C662__00480.452,11.944031009279026,43.02435361,C662,_,00480,452
C662__00070.453,11.917738301463645,43.055367345,C662,_,00070,453
C662__0062.453,11.954866865432765,42.998840825,C662,_,0062,453
C662__00500.453,11.9526769690288,43.01633549500001,C662,_,00500,453
C662__00480.453,11.939592176638538,43.018092460000005,C662,_,00480,453
C662__00070.454,11.911277552852042,43.063166975,C662,_,00070,454
C662__00580.454,11.94840238365023,43.005123409999996,C662,_,00580,454
C662__00500.454,11.952513876823145,43.01628781,C662,_,00500,454
C662__00480.454,11.939454059513299,43.01795271,C662,_,00480,454
C662__00360.454,11.93942750453742,43.029436135,C662,_,00360,454
C662__00070.455,11.91070096303017,43.063434244999996,C662,_,00070,455
C662__00620.455,11.94354171427454,43.004086279999996,C662,_,00620,455
C662__00590.455,11.951527908116862,43.00775402,C662,_,00590,455
C662__00500.455,11.950862021155658,43.01981295,C662,_,00500,455
C662__00490.455,11.948020972222633,43.01760552499999,C662,_,00490,455
C662__00480.455,11.939696855147242,43.01759437,C662,_,00480,455
C662__00360.455,11.945321584513891,43.032199355,C662,_,00360,455
C662__00070.456,11.908917153652752,43.056759555,C662,_,00070,456
C662__00620.456,11.943972251100341,43.00396964,C662,_,00620,456
C662__00560.456,11.945779808696415,43.01487257,C662,_,00560,456
C662__00500.456,11.953900390647973,43.01808304,C662,_,00500,456
C662__00480.456,11.936542041170691,43.022890935,C662,_,00480,456
C662__00360.456,11.941987265101154,43.030864035,C662,_,00360,456
C662__00070.457,11.913352189316296,43.05952216,C662,_,00070,457
C662__00620.457,11.944092720014487,43.004219335,C662,_,00620,457
C662__00500.457,11.953738706222675,43.01799218,C662,_,00500,457
C662__00070.458,11.912205640485697,43.05487746,C662,_,00070,458
C662__00620.458,11.944557460722049,43.004254814999996,C662,_,00620,458
C662__00580.458,11.948718409070658,43.00635577,C662,_,00580,458
C662__00500.458,11.95765570330603,43.026088005,C662,_,00500,458
C662__00480.458,11.94246213177615,43.015821195,C662,_,00480,458
C662__00480.459,11.942562081047633,43.016188575,C662,_,00480,459
C662__00660.459,11.951124284526689,42.994630380000004,C662,_,00660,459
C662__00620.459,11.944144262701517,43.004236785,C662,_,00620,459
C662__00580.459,11.949145138590358,43.006579905,C662,_,00580,459
C662__00500.459,11.957612730544218,43.026373555000006,C662,_,00500,459
C662__00490.459,11.948154292863016,43.01826353,C662,_,00490,459
C662__00020.46,11.905080741669515,43.063945685,C662,_,00020,46
C662__00670.46,11.93590023956381,42.985981620000004,C662,_,00670,46
C662__00650.46,11.942604894995947,42.994438835,C662,_,00650,46
C662__0063.46,11.95306471109214,43.00475514,C662,_,0063,46
C662__00620.46,11.937003652444647,43.00018448,C662,_,00620,46
C662__00610.46,11.933227870525513,42.998248815,C662,_,00610,46
C662__00600.46,11.919367143336125,43.001902035,C662,_,00600,46
C662__00580.46,11.94598567648225,43.007508215,C662,_,00580,46
C662__00570.46,11.936410945602109,43.007500185,C662,_,00570,46
C662__00560.46,11.938640949802572,43.01482222,C662,_,00560,46
C662__00550.46,11.924809854872318,43.00670617,C662,_,00550,46
C662__00530.46,11.91528592604551,43.008951085,C662,_,00530,46
C662__00520.46,11.968845897413974,43.02181482,C662,_,00520,46
C662__00510.46,11.960400600061153,43.02286615,C662,_,00510,46
C662__00500.46,11.947947328850926,43.024060235,C662,_,00500,46
C662__00490.46,11.948463107111898,43.01749859,C662,_,00490,46
C662__00480.46,11.939733733673759,43.026264485,C662,_,00480,46
C662__00470.46,11.935481015800306,43.020188165,C662,_,00470,46
C662__00460.46,11.912525922961665,43.01880358,C662,_,00460,46
C662__00450.46,11.90328165415691,43.01636094,C662,_,00450,46
C662__00440.46,11.893370799965652,43.017338085,C662,_,00440,46
C662__00430.46,11.890572292383158,43.017993265,C662,_,00430,46
C662__00410.46,11.874514968535983,43.02621302,C662,_,00410,46
C662__00400.46,11.869002857704235,43.02798713,C662,_,00400,46
C662__00380.46,11.962241790041329,43.03684255,C662,_,00380,46
C662__00370.46,11.955712290612079,43.03414,C662,_,00370,46
C662__00360.46,11.93973783251769,43.032572955,C662,_,00360,46
C662__00350.46,11.93364864842195,43.032198245000004,C662,_,00350,46
C662__00330.46,11.914615359583596,43.02571834,C662,_,00330,46
C662__00300.46,11.889394608340982,43.02958933,C662,_,00300,46
C662__00290.46,11.867250831316353,43.030219329999994,C662,_,00290,46
C662__00280.46,11.959084664137482,43.04762124,C662,_,00280,46
C662__00250.46,11.92415792719284,43.039551355,C662,_,00250,46
C662__00230.46,11.910852886003557,43.03956669,C662,_,00230,46
C662__00220.46,11.90490259047873,43.038476419999995,C662,_,00220,46
C662__00210.46,11.897321844779125,43.03444498,C662,_,00210,46
C662__00200.46,11.885014820979531,43.04240666,C662,_,00200,46
C662__00190.46,11.879694785384386,43.03181865,C662,_,00190,46
C662__00170.46,11.969682184784494,43.047320835,C662,_,00170,46
C662__00160.46,11.952433735554283,43.051635355,C662,_,00160,46
C662__00150.46,11.9496912446628,43.056292665,C662,_,00150,46
C662__00140.46,11.94244772537471,43.0502296,C662,_,00140,46
C662__00110.46,11.91874723808975,43.04593234,C662,_,00110,46
C662__00100.46,11.911622700043385,43.054008685,C662,_,00100,46
C662__00080.46,11.91452227939202,43.059156615,C662,_,00080,46
C662__00070.46,11.913489935864341,43.057678980000006,C662,_,00070,46
C662__00060.46,11.892988753970439,43.058028295,C662,_,00060,46
C662__00030.46,11.913950169745714,43.06329481,C662,_,00030,46
C662__00070.460,11.909567611310834,43.062579915,C662,_,00070,460
C662__00660.460,11.95099235302967,42.99453628,C662,_,00660,460
C662__00560.460,11.934405677242745,43.016139445,C662,_,00560,460
C662__00500.460,11.957376810270562,43.025006725,C662,_,00500,460
C662__00480.460,11.942311396682118,43.016052105,C662,_,00480,460
C662__00480.461,11.942417702952751,43.015989605,C662,_,00480,461
C662__00660.461,11.952893926389628,42.996099380000004,C662,_,00660,461
C662__00620.461,11.942752497665616,43.003681515,C662,_,00620,461
C662__00580.461,11.950142227311384,43.00594764,C662,_,00580,461
C662__00560.461,11.934575775858654,43.015974244999995,C662,_,00560,461
C662__00070.462,11.908710777523101,43.063384415,C662,_,00070,462
C662__00590.462,11.946595507340781,43.0146225,C662,_,00590,462
C662__00560.462,11.934527941984872,43.01615779,C662,_,00560,462
C662__00500.462,11.957894823364153,43.026367955,C662,_,00500,462
C662__00480.462,11.946353354734978,43.02220581,C662,_,00480,462
C662__00480.463,11.945935334697705,43.02174594,C662,_,00480,463
C662__00660.463,11.950955567073137,42.9938901,C662,_,00660,463
C662__00620.463,11.945237540010073,43.003604355,C662,_,00620,463
C662__00590.463,11.952492190230242,43.00676867,C662,_,00590,463
C662__00580.463,11.94965481642467,43.006199625,C662,_,00580,463
C662__00560.463,11.934517477077033,43.016103560000005,C662,_,00560,463
C662__00070.464,11.909465398220219,43.063153639999996,C662,_,00070,464
C662__00660.464,11.951200647960405,42.993453455,C662,_,00660,464
C662__00620.464,11.943737646509058,43.002713285,C662,_,00620,464
C662__00580.464,11.949150718874195,43.005973655,C662,_,00580,464
C662__00480.464,11.943680914232097,43.01946366,C662,_,00480,464
C662__00360.464,11.93588668649189,43.03064963,C662,_,00360,464
C662__00070.465,11.909753768164647,43.063015695000004,C662,_,00070,465
C662__00620.465,11.945440288539709,43.00336509,C662,_,00620,465
C662__00580.465,11.949165031338588,43.005557595,C662,_,00580,465
C662__00560.465,11.945478587220546,43.014556945,C662,_,00560,465
C662__00480.465,11.94361173583663,43.024867945,C662,_,00480,465
C662__00070.466,11.909699595412377,43.062986985,C662,_,00070,466
C662__00620.466,11.945080457105638,43.002536595,C662,_,00620,466
C662__00590.466,11.95244967825263,43.006612865,C662,_,00590,466
C662__00580.466,11.949149503529632,43.00530144,C662,_,00580,466
C662__00560.466,11.945519240274871,43.014213295000005,C662,_,00560,466
C662__00480.466,11.939232698251939,43.020052425,C662,_,00480,466
C662__00360.467,11.937609968322821,43.032075309999996,C662,_,00360,467
C662__00660.467,11.949831546543315,42.994470845,C662,_,00660,467
C662__00620.467,11.945637030787847,43.00283912,C662,_,00620,467
C662__00560.467,11.942672735934549,43.01528788,C662,_,00560,467
C662__00490.467,11.94363725707464,43.015759759999995,C662,_,00490,467
C662__00480.467,11.939225205966284,43.020005929999996,C662,_,00480,467
C662__00070.468,11.910585101284056,43.061696885,C662,_,00070,468
C662__00660.468,11.948936592860939,42.99464723,C662,_,00660,468
C662__00620.468,11.945858906409466,43.00247257,C662,_,00620,468
C662__00580.468,11.947920581796517,43.01176108,C662,_,00580,468
C662__00070.469,11.910764441855395,43.061652945000006,C662,_,00070,469
C662__00590.469,11.952733264138363,43.006612595,C662,_,00590,469
C662__00500.469,11.950329324491168,43.018842395,C662,_,00500,469
C662__00480.469,11.946146814267193,43.024861035,C662,_,00480,469
C662__00020.47,11.903989123430742,43.064749155,C662,_,00020,47
C662__00670.47,11.933728082881773,42.983999659999995,C662,_,00670,47
C662__00650.47,11.942653166222897,42.994956335,C662,_,00650,47
C662__00640.47,11.91710619940331,42.992341249999996,C662,_,00640,47
C662__0063.47,11.953100230710444,43.004652435,C662,_,0063,47
C662__00620.47,11.938083531133714,43.000043115,C662,_,00620,47
C662__00610.47,11.93381864708564,42.998350835,C662,_,00610,47
C662__00600.47,11.920051452884769,42.99981494,C662,_,00600,47
C662__00590.47,11.960332012525244,43.014320955,C662,_,00590,47
C662__00580.47,11.946946136485826,43.00810288,C662,_,00580,47
C662__00570.47,11.936448275211065,43.006995105,C662,_,00570,47
C662__00560.47,11.939452129589535,43.01513397,C662,_,00560,47
C662__00530.47,11.911506367330224,43.005889485,C662,_,00530,47
C662__00520.47,11.970030355896935,43.02377034,C662,_,00520,47
C662__00500.47,11.94879200922699,43.024070115,C662,_,00500,47
C662__00490.47,11.948507020882285,43.01746718,C662,_,00490,47
C662__00480.47,11.941524888542322,43.026547545,C662,_,00480,47
C662__00460.47,11.915842971017446,43.020420575,C662,_,00460,47
C662__00440.47,11.89301129124397,43.016873855,C662,_,00440,47
C662__00430.47,11.886095593538336,43.017451140000006,C662,_,00430,47
C662__00420.47,11.87863884684866,43.020578099999994,C662,_,00420,47
C662__00410.47,11.873955286491245,43.025387165,C662,_,00410,47
C662__00400.47,11.869217730988332,43.0279244,C662,_,00400,47
C662__00390.47,11.972341056551631,43.028724350000005,C662,_,00390,47
C662__00380.47,11.95721248361816,43.034185230000006,C662,_,00380,47
C662__00360.47,11.940463446676103,43.0329103,C662,_,00360,47
C662__00350.47,11.934475897687808,43.032520930000004,C662,_,00350,47
C662__00340.47,11.9296352428901,43.027989605,C662,_,00340,47
C662__00330.47,11.915248739452412,43.02558707,C662,_,00330,47
C662__00310.47,11.893045981911833,43.026675714999996,C662,_,00310,47
C662__00300.47,11.890037313530529,43.029972154999996,C662,_,00300,47
C662__00290.47,11.8712585778663,43.028543545000005,C662,_,00290,47
C662__00280.47,11.959821312213684,43.045571839999994,C662,_,00280,47
C662__00270.47,11.95534086016421,43.044808814999996,C662,_,00270,47
C662__00250.47,11.925498479962254,43.037008955000005,C662,_,00250,47
C662__00240.47,11.923334193120695,43.03120366,C662,_,00240,47
C662__00230.47,11.910938517704333,43.03849359,C662,_,00230,47
C662__00220.47,11.905045091075134,43.036654395,C662,_,00220,47
C662__00210.47,11.89504316024647,43.043091079999996,C662,_,00210,47
C662__00200.47,11.887972063697347,43.04138522,C662,_,00200,47
C662__00190.47,11.88004967543095,43.031211625,C662,_,00190,47
C662__00170.47,11.97275356071826,43.04365536,C662,_,00170,47
C662__00160.47,11.951577131713709,43.050964855000004,C662,_,00160,47
C662__00150.47,11.946573217904985,43.054713004999996,C662,_,00150,47
C662__00140.47,11.944194913598718,43.050807934999995,C662,_,00140,47
C662__00130.47,11.925934948101599,43.047542824999994,C662,_,00130,47
C662__00110.47,11.920038831865323,43.04705883,C662,_,00110,47
C662__00080.47,11.913924984503627,43.059930765000004,C662,_,00080,47
C662__00070.47,11.913324177314749,43.05758175,C662,_,00070,47
C662__00060.47,11.89377416204303,43.056676749999994,C662,_,00060,47
C662__00030.47,11.914684134448482,43.063697340000004,C662,_,00030,47
C662__00070.470,11.913957792752392,43.058312189999995,C662,_,00070,470
C662__0063.470,11.953908754175787,43.00386301,C662,_,0063,470
C662__00620.470,11.951391467045585,42.99903182,C662,_,00620,470
C662__00560.470,11.944262474642546,43.015076745,C662,_,00560,470
C662__00500.470,11.950387428872784,43.01871877,C662,_,00500,470
C662__00360.470,11.937356873259697,43.032919754999995,C662,_,00360,470
C662__00070.471,11.913901784428312,43.058311325000005,C662,_,00070,471
C662__00660.471,11.950650605116792,42.993833695,C662,_,00660,471
C662__00560.471,11.939000372717084,43.013597329999996,C662,_,00560,471
C662__00360.471,11.93712137384323,43.032134055,C662,_,00360,471
C662__00070.472,11.913969404578165,43.058384785,C662,_,00070,472
C662__00660.472,11.950395090978084,42.993279605,C662,_,00660,472
C662__00590.472,11.954544640915042,43.007506265,C662,_,00590,472
C662__00500.472,11.951013916047081,43.028237745,C662,_,00500,472
C662__00480.472,11.941650557765875,43.020657395,C662,_,00480,472
C662__00070.473,11.91434067603603,43.05861763,C662,_,00070,473
C662__00660.473,11.950859250274483,42.99338323,C662,_,00660,473
C662__00620.473,11.951885005670492,42.99879564,C662,_,00620,473
C662__00590.473,11.955028653642097,43.007557320000004,C662,_,00590,473
C662__00580.473,11.948745843247472,43.008911845,C662,_,00580,473
C662__00500.473,11.952458077054544,43.02640303,C662,_,00500,473
C662__00490.473,11.946738192915635,43.018109745000004,C662,_,00490,473
C662__00480.473,11.94179697088072,43.020670615,C662,_,00480,473
C662__00070.474,11.91388350850248,43.057560275,C662,_,00070,474
C662__00660.474,11.952094453726543,42.991281924999996,C662,_,00660,474
C662__0063.474,11.955975277376172,43.00332624,C662,_,0063,474
C662__00560.474,11.940700074479576,43.00943831,C662,_,00560,474
C662__00500.474,11.951330070554922,43.027127445000005,C662,_,00500,474
C662__00490.474,11.948881276047922,43.01759774,C662,_,00490,474
C662__00480.474,11.941963338943825,43.020668865,C662,_,00480,474
C662__00360.474,11.938623615206374,43.03129987,C662,_,00360,474
C662__00070.475,11.913634287167616,43.058069885,C662,_,00070,475
C662__00660.475,11.952149217685692,42.990873895,C662,_,00660,475
C662__00620.475,11.954135541360337,42.998481850000005,C662,_,00620,475
C662__00580.475,11.947616946844045,43.008848619999995,C662,_,00580,475
C662__00500.475,11.952744418692062,43.02633607999999,C662,_,00500,475
C662__00490.475,11.94898883124142,43.017565645,C662,_,00490,475
C662__00480.475,11.94161933708764,43.02001962,C662,_,00480,475
C662__00070.476,11.913334405502953,43.057748325,C662,_,00070,476
C662__00660.476,11.954921272011052,42.996219325,C662,_,00660,476
C662__00620.476,11.953646428018349,42.99882436,C662,_,00620,476
C662__00580.476,11.947835335864934,43.009362625,C662,_,00580,476
C662__00560.476,11.94045171665935,43.008969815,C662,_,00560,476
C662__00500.476,11.951854936228361,43.025927485,C662,_,00500,476
C662__00360.476,11.938242997867079,43.03103299,C662,_,00360,476
C662__00070.477,11.91346358165484,43.0578478,C662,_,00070,477
C662__00660.477,11.954912244705962,42.996137995,C662,_,00660,477
C662__00620.477,11.9537204519454,42.99871485,C662,_,00620,477
C662__00580.477,11.947447549817209,43.009523895,C662,_,00580,477
C662__00500.477,11.950950790213263,43.02631823,C662,_,00500,477
C662__00070.478,11.913482243823072,43.05777503,C662,_,00070,478
C662__00660.478,11.954638766830938,42.996075215000005,C662,_,00660,478
C662__00620.478,11.949281540961977,43.004103615,C662,_,00620,478
C662__00590.478,11.951006414937195,43.007816004999995,C662,_,00590,478
C662__00580.478,11.947481879045318,43.00981538,C662,_,00580,478
C662__00560.478,11.940357958180092,43.00943830999999,C662,_,00560,478
C662__00500.478,11.950529823901178,43.02636467,C662,_,00500,478
C662__00480.478,11.938177949085926,43.021304595000004,C662,_,00480,478
C662__00360.478,11.9387995824053,43.030755,C662,_,00360,478
C662__00070.479,11.913590261256346,43.057687535,C662,_,00070,479
C662__00660.479,11.954815391998647,42.995968105,C662,_,00660,479
C662__00620.479,11.949588427467358,43.004098455000005,C662,_,00620,479
C662__00580.479,11.947216438182185,43.00952551,C662,_,00580,479
C662__00560.479,11.940023091385518,43.00929161,C662,_,00560,479
C662__00500.479,11.950962645552861,43.028785215,C662,_,00500,479
C662__00480.479,11.936663947462817,43.02080196,C662,_,00480,479
C662__00020.48,11.907610469536966,43.06389565,C662,_,00020,48
C662__00670.48,11.933921057290178,42.984998000000004,C662,_,00670,48
C662__00650.48,11.942961607353181,42.99491698,C662,_,00650,48
C662__00640.48,11.917213351072618,42.992363714999996,C662,_,00640,48
C662__0063.48,11.954466608198214,43.00501165,C662,_,0063,48
C662__00610.48,11.933593291028586,42.99786196,C662,_,00610,48
C662__00600.48,11.920325784143964,42.998355935,C662,_,00600,48
C662__00590.48,11.960198571057077,43.01419192,C662,_,00590,48
C662__00580.48,11.947626647580645,43.00742411,C662,_,00580,48
C662__00570.48,11.936774753076255,43.0068005,C662,_,00570,48
C662__00550.48,11.92220455472846,43.0049129,C662,_,00550,48
C662__00530.48,11.912490225138097,43.006123515,C662,_,00530,48
C662__00510.48,11.961218017546276,43.023005194999996,C662,_,00510,48
C662__00500.48,11.949596354046733,43.0240122,C662,_,00500,48
C662__00490.48,11.948673480836785,43.017332095,C662,_,00490,48
C662__00480.48,11.942492992193777,43.02588427,C662,_,00480,48
C662__00460.48,11.917878512368178,43.019705110000004,C662,_,00460,48
C662__00450.48,11.902024639954803,43.012812185,C662,_,00450,48
C662__00440.48,11.893893366096094,43.01743066,C662,_,00440,48
C662__00430.48,11.887859005627304,43.017678204999996,C662,_,00430,48
C662__00420.48,11.88350208761343,43.022939095,C662,_,00420,48
C662__00410.48,11.876200846461385,43.02549148,C662,_,00410,48
C662__00380.48,11.958381518961914,43.034450535000005,C662,_,00380,48
C662__00360.48,11.940938671618975,43.03234189,C662,_,00360,48
C662__00350.48,11.934694374321584,43.032388194999996,C662,_,00350,48
C662__00340.48,11.929974775417431,43.026658284999996,C662,_,00340,48
C662__00330.48,11.916200587563146,43.02567832,C662,_,00330,48
C662__00320.48,11.905865895291013,43.025577764999994,C662,_,00320,48
C662__00310.48,11.89292364544578,43.026528065,C662,_,00310,48
C662__00290.48,11.872354818222934,43.028412259999996,C662,_,00290,48
C662__00280.48,11.960619786045928,43.043895365,C662,_,00280,48
C662__00260.48,11.931708583463635,43.039794425,C662,_,00260,48
C662__00250.48,11.925554198427832,43.03703983,C662,_,00250,48
C662__00230.48,11.913843379550748,43.03870168,C662,_,00230,48
C662__00220.48,11.907420937583309,43.03672161,C662,_,00220,48
C662__00210.48,11.889147613634126,43.04039529,C662,_,00210,48
C662__00200.48,11.887189176753989,43.042637154999994,C662,_,00200,48
C662__00190.48,11.880546787213188,43.03186633999999,C662,_,00190,48
C662__00170.48,11.97154415604351,43.039610505,C662,_,00170,48
C662__00140.48,11.941357040539545,43.049302465,C662,_,00140,48
C662__00130.48,11.926112487476738,43.047354125,C662,_,00130,48
C662__00110.48,11.920770518167096,43.047004154999996,C662,_,00110,48
C662__00090.48,11.93047635809937,43.06008113,C662,_,00090,48
C662__00060.48,11.897687584356413,43.06313487,C662,_,00060,48
C662__00030.48,11.913736277364187,43.0635232,C662,_,00030,48
C662__00070.480,11.91438346816394,43.058114509999996,C662,_,00070,480
C662__00620.480,11.949513271467314,43.004044594999996,C662,_,00620,480
C662__00590.480,11.963435947720813,43.011611425,C662,_,00590,480
C662__00580.480,11.948027629593819,43.00987495,C662,_,00580,480
C662__00560.480,11.940207518427782,43.009153665,C662,_,00560,480
C662__00490.480,11.948187329105808,43.017789915,C662,_,00490,480
C662__00360.480,11.936209191896333,43.030226245,C662,_,00360,480
C662__00070.481,11.913852977325103,43.058257705,C662,_,00070,481
C662__00580.481,11.948077846193442,43.009616969999996,C662,_,00580,481
C662__00560.481,11.945415791924919,43.013548835,C662,_,00560,481
C662__00490.481,11.946930010145435,43.017225495000005,C662,_,00490,481
C662__00480.481,11.93718761928151,43.021999910000005,C662,_,00480,481
C662__00480.482,11.937062197459325,43.021980525000004,C662,_,00480,482
C662__0063.482,11.953891424392875,43.00469911,C662,_,0063,482
C662__00590.482,11.955309329329705,43.01043877,C662,_,00590,482
C662__00560.482,11.945228388275414,43.01344378,C662,_,00560,482
C662__00490.482,11.946946557033618,43.017280005,C662,_,00490,482
C662__00070.483,11.914519752653533,43.058850250000006,C662,_,00070,483
C662__00580.483,11.94850090547914,43.00920823,C662,_,00580,483
C662__00560.483,11.945370391716825,43.013415505,C662,_,00560,483
C662__00480.483,11.937475854847179,43.02217032,C662,_,00480,483
C662__00070.484,11.914189013821051,43.058581775,C662,_,00070,484
C662__00660.484,11.94619428773692,42.990536524999996,C662,_,00660,484
C662__00560.484,11.945154828407222,43.01359357,C662,_,00560,484
C662__00480.484,11.937949694286544,43.02393095,C662,_,00480,484
C662__00360.484,11.937815461477692,43.029342764999996,C662,_,00360,484
C662__00070.485,11.914539931536128,43.057395235,C662,_,00070,485
C662__00660.485,11.946733368403233,42.989745105,C662,_,00660,485
C662__00590.485,11.951319811997053,43.007859665,C662,_,00590,485
C662__00560.485,11.9398673194049,43.009741835,C662,_,00560,485
C662__00480.485,11.938487116621351,43.023915835,C662,_,00480,485
C662__00070.486,11.915173602271011,43.05720316,C662,_,00070,486
C662__00660.486,11.946863268971832,42.98949906,C662,_,00660,486
C662__00580.486,11.948463861666742,43.00861911,C662,_,00580,486
C662__00560.486,11.94017972213716,43.009646925,C662,_,00560,486
C662__00500.486,11.953426632579188,43.028797874999995,C662,_,00500,486
C662__00480.486,11.938738559751599,43.02385279,C662,_,00480,486
C662__00070.487,11.91434808602266,43.057443575,C662,_,00070,487
C662__00660.487,11.946707211839758,42.989984515,C662,_,00660,487
C662__00580.487,11.949564245641547,43.006718715000005,C662,_,00580,487
C662__00500.487,11.956956141634864,43.01752363,C662,_,00500,487
C662__00480.487,11.945157393795611,43.02067552,C662,_,00480,487
C662__00360.487,11.93815911253774,43.029435434999996,C662,_,00360,487
C662__00070.488,11.91381876018762,43.05792821,C662,_,00070,488
C662__0063.488,11.956198056551692,43.005184595,C662,_,0063,488
C662__00590.488,11.951562273114135,43.007931264999996,C662,_,00590,488
C662__00580.488,11.946877007606957,43.00997983,C662,_,00580,488
C662__00480.488,11.945571913986369,43.020717265,C662,_,00480,488
C662__00070.489,11.913638859399,43.058045795,C662,_,00070,489
C662__00580.489,11.946777639931696,43.010152105,C662,_,00580,489
C662__00500.489,11.957344475398806,43.017367985,C662,_,00500,489
C662__00480.489,11.946033714812792,43.020825795,C662,_,00480,489
C662__00020.49,11.909020658699347,43.064224839999994,C662,_,00020,49
C662__00670.49,11.93352873163392,42.98820433,C662,_,00670,49
C662__00650.49,11.943172823771386,42.995366095,C662,_,00650,49
C662__00640.49,11.91849980521673,42.99249433,C662,_,00640,49
C662__00620.49,11.93859828013504,43.00133795,C662,_,00620,49
C662__00610.49,11.935028797565709,42.99776579,C662,_,00610,49
C662__00600.49,11.921056760867426,42.996434295,C662,_,00600,49
C662__00590.49,11.960977922629219,43.01437575,C662,_,00590,49
C662__00580.49,11.947999694989537,43.007516235,C662,_,00580,49
C662__00560.49,11.940567698355348,43.015285565,C662,_,00560,49
C662__00550.49,11.923335122608702,43.00545567499999,C662,_,00550,49
C662__00530.49,11.913326629859348,43.006930190000006,C662,_,00530,49
C662__00520.49,11.971155543596444,43.022478105,C662,_,00520,49
C662__00510.49,11.959746794616358,43.02061155,C662,_,00510,49
C662__00500.49,11.950513080214602,43.0240308,C662,_,00500,49
C662__00490.49,11.94877683024425,43.017273610000004,C662,_,00490,49
C662__00480.49,11.943802722489865,43.02577561,C662,_,00480,49
C662__00460.49,11.917678174570733,43.018921065,C662,_,00460,49
C662__00450.49,11.901414042218638,43.011428179999996,C662,_,00450,49
C662__00430.49,11.889417777778634,43.01744569,C662,_,00430,49
C662__00420.49,11.881088635968602,43.020273849999995,C662,_,00420,49
C662__00410.49,11.875433807602587,43.02512414500001,C662,_,00410,49
C662__00400.49,11.868912238501357,43.027856595,C662,_,00400,49
C662__00390.49,11.966547555238241,43.0401101,C662,_,00390,49
C662__00380.49,11.959120080945583,43.03467807,C662,_,00380,49
C662__00360.49,11.942926735066434,43.031767345,C662,_,00360,49
C662__00320.49,11.900549459846225,43.024723125,C662,_,00320,49
C662__00320.49,11.900526595230973,43.025428585,C662,_,00320,49
C662__00310.49,11.89327843617243,43.026528635,C662,_,00310,49
C662__00300.49,11.891506001030024,43.031491405,C662,_,00300,49
C662__00290.49,11.873408592081887,43.02899808,C662,_,00290,49
C662__00280.49,11.960227521036158,43.044413985000006,C662,_,00280,49
C662__00270.49,11.955325555278858,43.044151635,C662,_,00270,49
C662__00260.49,11.932261657723842,43.039356185,C662,_,00260,49
C662__00250.49,11.925614996814229,43.036603205,C662,_,00250,49
C662__00240.49,11.926936256635269,43.032684020000005,C662,_,00240,49
C662__00230.49,11.909970129137495,43.038628765,C662,_,00230,49
C662__00220.49,11.908302613662912,43.03637851,C662,_,00220,49
C662__00210.49,11.896077373217711,43.039744895,C662,_,00210,49
C662__00190.49,11.881203055092659,43.03149149,C662,_,00190,49
C662__00180.49,11.888361665326505,43.043208410000005,C662,_,00180,49
C662__00170.49,11.979075491287634,43.044801559999996,C662,_,00170,49
C662__00150.49,11.951500454611036,43.065303424999996,C662,_,00150,49
C662__00140.49,11.94538509263452,43.050603155000005,C662,_,00140,49
C662__00110.49,11.920661749876473,43.04671887,C662,_,00110,49
C662__00080.49,11.91421524751767,43.059482125,C662,_,00080,49
C662__00070.49,11.913263684070017,43.05830602,C662,_,00070,49
C662__00030.49,11.914483546092262,43.063866614999995,C662,_,00030,49
C662__00070.490,11.914515566863894,43.05715275,C662,_,00070,490
C662__0063.490,11.953244940505602,43.003642005,C662,_,0063,490
C662__00500.490,11.957382816390101,43.01693094,C662,_,00500,490
C662__00490.490,11.947997271912062,43.018041825,C662,_,00490,490
C662__00480.490,11.946481874657017,43.02094473,C662,_,00480,490
C662__00070.491,11.914601096802201,43.05735735499999,C662,_,00070,491
C662__00590.491,11.951501462899055,43.013307425,C662,_,00590,491
C662__00580.491,11.945450657906196,43.009791230000005,C662,_,00580,491
C662__00500.491,11.957576143057398,43.01692081,C662,_,00500,491
C662__00490.491,11.948195107307576,43.015369140000004,C662,_,00490,491
C662__00070.492,11.914723877184716,43.057205735,C662,_,00070,492
C662__00590.492,11.951255225437254,43.013284415,C662,_,00590,492
C662__00580.492,11.945426289287429,43.009720314999996,C662,_,00580,492
C662__00500.492,11.95760980954346,43.016846285,C662,_,00500,492
C662__00490.492,11.949051207818838,43.016569995,C662,_,00490,492
C662__00480.492,11.945490966877532,43.020964320000004,C662,_,00480,492
C662__00070.493,11.91464441170251,43.05735299,C662,_,00070,493
C662__00660.493,11.957085488945534,42.989925775,C662,_,00660,493
C662__00630.493,11.9552156689454,42.994157125,C662,_,00630,493
C662__00590.493,11.948851504907294,43.011780535,C662,_,00590,493
C662__00580.493,11.945155836087554,43.009742259999996,C662,_,00580,493
C662__00560.493,11.937885043187284,43.009826005,C662,_,00560,493
C662__00500.493,11.957968286063954,43.016795695,C662,_,00500,493
C662__00490.493,11.945932174481172,43.015999245,C662,_,00490,493
C662__00480.493,11.945887580683447,43.0211094,C662,_,00480,493
C662__00360.493,11.939001091611228,43.02830839,C662,_,00360,493
C662__00070.494,11.914896190482395,43.057281724999996,C662,_,00070,494
C662__00480.494,11.946290991658838,43.02122183,C662,_,00480,494
C662__00360.494,11.939066158321019,43.02817452,C662,_,00360,494
C662__00070.495,11.914497575318103,43.057384925,C662,_,00070,495
C662__00660.495,11.955648892257669,42.99271919,C662,_,00660,495
C662__00630.495,11.962557232687267,43.00450818,C662,_,00630,495
C662__00480.495,11.942292550348085,43.020032215,C662,_,00480,495
C662__00360.495,11.939178743888204,43.028178960000005,C662,_,00360,495
C662__00070.496,11.914312704780015,43.0574307,C662,_,00070,496
C662__0063.496,11.957011216281796,43.004990515,C662,_,0063,496
C662__00590.496,11.954034047313408,43.005974985,C662,_,00590,496
C662__00560.496,11.944082290395452,43.015454070000004,C662,_,00560,496
C662__00500.496,11.95149127586099,43.026559075,C662,_,00500,496
C662__00490.496,11.947524250503093,43.01727875,C662,_,00490,496
C662__00360.496,11.942531155030396,43.03129742,C662,_,00360,496
C662__00070.497,11.914154476541112,43.057472535,C662,_,00070,497
C662__0063.497,11.957127904045592,43.005086235,C662,_,0063,497
C662__00580.497,11.944961229784546,43.00953523,C662,_,00580,497
C662__00500.497,11.950063086610552,43.02679696,C662,_,00500,497
C662__00490.497,11.947611192926665,43.017160095,C662,_,00490,497
C662__00070.498,11.913565940276175,43.058026955,C662,_,00070,498
C662__00590.498,11.953736326493505,43.0066071,C662,_,00590,498
C662__00500.498,11.950772666189936,43.0278278,C662,_,00500,498
C662__00360.498,11.942687453667943,43.031139565000004,C662,_,00360,498
C662__00070.499,11.913459646371223,43.057916925,C662,_,00070,499
C662__00500.499,11.950703629796871,43.028455775,C662,_,00500,499
C662__00480.499,11.946442991286414,43.019587025,C662,_,00480,499
C662__00010.5,11.919762118078669,43.07210943,C662,_,00010,5
C662__00650.5,11.93771018675665,42.99844136,C662,_,00650,5
C662__00640.5,11.929360192406314,42.997332135,C662,_,00640,5
C662__00620.5,11.937765236508959,43.004112039999995,C662,_,00620,5
C662__00610.5,11.924659436460011,43.00339314,C662,_,00610,5
C662__00600.5,11.917612111138698,43.006556814999996,C662,_,00600,5
C662__00590.5,11.955516844266976,43.01521245,C662,_,00590,5
C662__00580.5,11.946981389425787,43.012302975,C662,_,00580,5
C662__00570.5,11.930894752231527,43.01164857,C662,_,00570,5
C662__00560.5,11.93305506003316,43.016600249999996,C662,_,00560,5
C662__00540.5,11.920259943642385,43.01508286,C662,_,00540,5
C662__00530.5,11.907939916000721,43.01458189,C662,_,00530,5
C662__00510.5,11.962683031917194,43.029763380000006,C662,_,00510,5
C662__00500.5,11.951798138122864,43.027049905,C662,_,00500,5
C662__00490.5,11.947704649617291,43.017660215,C662,_,00490,5
C662__00480.5,11.941878066252787,43.024011815,C662,_,00480,5
C662__00460.5,11.909465304976354,43.022010625,C662,_,00460,5
C662__00440.5,11.892051119403025,43.01871996,C662,_,00440,5
C662__00430.5,11.885850062509308,43.025908575,C662,_,00430,5
C662__00420.5,11.882701077797797,43.026796075,C662,_,00420,5
C662__00400.5,11.865754961452783,43.028385154999995,C662,_,00400,5
C662__00380.5,11.957951785033957,43.03896891,C662,_,00380,5
C662__00370.5,11.949345638258993,43.040280375,C662,_,00370,5
C662__00350.5,11.93262534559522,43.037812294999995,C662,_,00350,5
C662__00330.5,11.913533912587539,43.030870254999996,C662,_,00330,5
C662__00320.5,11.90530353630864,43.03404234,C662,_,00320,5
C662__00310.5,11.898590277375359,43.032351625000004,C662,_,00310,5
C662__00300.5,11.88684433041373,43.033472695,C662,_,00300,5
C662__00290.5,11.873232771933909,43.03572374,C662,_,00290,5
C662__00280.5,11.959463104884065,43.044919245,C662,_,00280,5
C662__00270.5,11.951794260876653,43.048749915,C662,_,00270,5
C662__00260.5,11.936138469470208,43.046458845000004,C662,_,00260,5
C662__00250.5,11.924753549917014,43.044303095000004,C662,_,00250,5
C662__00240.5,11.921350210005212,43.040340975,C662,_,00240,5
C662__00230.5,11.908849487631944,43.04271411,C662,_,00230,5
C662__00220.5,11.906966527315676,43.045436265,C662,_,00220,5
C662__00210.5,11.889107293233023,43.042245515000005,C662,_,00210,5
C662__00190.5,11.879090320739104,43.042175459999996,C662,_,00190,5
C662__00180.5,11.902130919540635,43.049962115,C662,_,00180,5
C662__00170.5,11.978089266444954,43.057952854999996,C662,_,00170,5
C662__00160.5,11.954388122324243,43.04967852,C662,_,00160,5
C662__00150.5,11.963316225097694,43.06712433,C662,_,00150,5
C662__00140.5,11.934334526880718,43.052204155,C662,_,00140,5
C662__00130.5,11.925131134971707,43.0453083,C662,_,00130,5
C662__00120.5,11.92327889950216,43.050113010000004,C662,_,00120,5
C662__00110.5,11.912858034489055,43.05174228,C662,_,00110,5
C662__00090.5,11.926489599640483,43.062564985,C662,_,00090,5
C662__00080.5,11.915012767757084,43.05876449,C662,_,00080,5
C662__00070.5,11.910064685730656,43.063091015,C662,_,00070,5
C662__00060.5,11.891795967234604,43.060125920000004,C662,_,00060,5
C662__00050.5,11.92425462739747,43.07426165,C662,_,00050,5
C662__00040.5,11.92255634299977,43.063864054999996,C662,_,00040,5
C662__00030.5,11.921768626404688,43.064524215000006,C662,_,00030,5
C662__00020.5,11.909594538936553,43.064906199999996,C662,_,00020,5
C662__00020.50,11.90877381331627,43.064010585,C662,_,00020,50
C662__00680.50,11.938795930901758,42.97925662,C662,_,00680,50
C662__00670.50,11.933182410432547,42.984992455,C662,_,00670,50
C662__00660.50,11.949764018766581,42.99168981,C662,_,00660,50
C662__00650.50,11.943717967591168,42.994659715,C662,_,00650,50
C662__00640.50,11.920063909098005,42.992133855000006,C662,_,00640,50
C662__0063.50,11.958598925080212,43.00661933,C662,_,0063,50
C662__00590.50,11.954410700176972,43.005860694999996,C662,_,00590,50
C662__00580.50,11.948074649532824,43.007915185,C662,_,00580,50
C662__00570.50,11.926027846288498,43.005503295,C662,_,00570,50
C662__00560.50,11.932623297655738,43.017080165,C662,_,00560,50
C662__00530.50,11.91490990382699,43.007411094999995,C662,_,00530,50
C662__00520.50,11.972246561420166,43.02186656,C662,_,00520,50
C662__00510.50,11.959343385565106,43.022335135000006,C662,_,00510,50
C662__00500.50,11.951195315944421,43.024807115,C662,_,00500,50
C662__00490.50,11.948843176690193,43.017226144999995,C662,_,00490,50
C662__00480.50,11.94421664908219,43.026207365000005,C662,_,00480,50
C662__00470.50,11.935686134092922,43.01993701,C662,_,00470,50
C662__00460.50,11.916803295041628,43.01787909,C662,_,00460,50
C662__00450.50,11.902724143942557,43.011723454999995,C662,_,00450,50
C662__00440.50,11.89677678858597,43.01939465,C662,_,00440,50
C662__00430.50,11.889509079122076,43.01647889,C662,_,00430,50
C662__00420.50,11.883791346427936,43.02644797,C662,_,00420,50
C662__00400.50,11.869057342947295,43.027574325,C662,_,00400,50
C662__00390.50,11.964446125847655,43.03880487,C662,_,00390,50
C662__00380.50,11.960178214824815,43.034238365,C662,_,00380,50
C662__00360.50,11.944172357580015,43.032035565,C662,_,00360,50
C662__00350.50,11.929864544196302,43.03618292,C662,_,00350,50
C662__00340.50,11.9289923908532,43.02591547,C662,_,00340,50
C662__00320.50,11.900932317635766,43.025141579999996,C662,_,00320,50
C662__00310.50,11.894106825569233,43.02707787,C662,_,00310,50
C662__00290.50,11.87538638247186,43.029233860000005,C662,_,00290,50
C662__00280.50,11.960668014299046,43.043513725,C662,_,00280,50
C662__00270.50,11.949491630552572,43.044057984999995,C662,_,00270,50
C662__00260.50,11.93225284710648,43.0398306,C662,_,00260,50
C662__00250.50,11.925730104693706,43.036363945,C662,_,00250,50
C662__00240.50,11.927282926957634,43.031904075,C662,_,00240,50
C662__00220.50,11.908346310952332,43.036699145,C662,_,00220,50
C662__00210.50,11.892251492580677,43.038881775,C662,_,00210,50
C662__00190.50,11.882269367285708,43.031380235,C662,_,00190,50
C662__00180.50,11.889528376547414,43.043412515,C662,_,00180,50
C662__00170.50,11.979643246876243,43.044540014999995,C662,_,00170,50
C662__00160.50,11.957665764773513,43.050717809999995,C662,_,00160,50
C662__00150.50,11.951625481200942,43.065303424999996,C662,_,00150,50
C662__00140.50,11.94568344222225,43.050322395,C662,_,00140,50
C662__00130.50,11.925929762453421,43.047254255,C662,_,00130,50
C662__00110.50,11.923718125161944,43.047217614999994,C662,_,00110,50
C662__00100.50,11.905230639542868,43.05010285,C662,_,00100,50
C662__00080.50,11.912136225659587,43.06172643,C662,_,00080,50
C662__00070.50,11.913202484828066,43.056865115,C662,_,00070,50
C662__00030.50,11.91338856328819,43.063877555000005,C662,_,00030,50
C662__00070.500,11.914786845960055,43.05734664,C662,_,00070,500
C662__00580.500,11.950108110518425,43.006336315,C662,_,00580,500
C662__00500.500,11.951161163175305,43.027094254999994,C662,_,00500,500
C662__00490.500,11.949499049581135,43.015649409999995,C662,_,00490,500
C662__00360.500,11.941407945509928,43.03069812,C662,_,00360,500
C662__00070.501,11.914794882352332,43.057329875,C662,_,00070,501
C662__00630.501,11.95557599208165,42.99412963,C662,_,00630,501
C662__00580.501,11.950018640350919,43.006493875000004,C662,_,00580,501
C662__00480.501,11.946654700811425,43.019453215,C662,_,00480,501
C662__00070.502,11.913759478464257,43.05802403,C662,_,00070,502
C662__00580.502,11.949956606597397,43.006737765,C662,_,00580,502
C662__00480.502,11.944257489658966,43.020741920000006,C662,_,00480,502
C662__00360.502,11.942267440653277,43.03058439,C662,_,00360,502
C662__00070.503,11.913665491257202,43.05807242,C662,_,00070,503
C662__00630.503,11.955265423915646,42.99422227,C662,_,00630,503
C662__00580.503,11.948761097720642,43.00666051,C662,_,00580,503
C662__00480.503,11.944453298174903,43.020516945,C662,_,00480,503
C662__00070.504,11.914009980990864,43.0575082,C662,_,00070,504
C662__0063.504,11.957534298209115,43.0048063,C662,_,0063,504
C662__00580.504,11.9460543196859,43.008541754999996,C662,_,00580,504
C662__00480.504,11.944452752350886,43.020841235,C662,_,00480,504
C662__00360.504,11.937262487095634,43.030106135,C662,_,00360,504
C662__00070.505,11.914732490506019,43.057271555,C662,_,00070,505
C662__0063.505,11.95739530532866,43.0047849,C662,_,0063,505
C662__00580.505,11.94649959080277,43.008606215,C662,_,00580,505
C662__00490.505,11.946587648893866,43.017831709999996,C662,_,00490,505
C662__00480.505,11.944622563115963,43.02063658,C662,_,00480,505
C662__00360.505,11.93797412698652,43.030124240000006,C662,_,00360,505
C662__00070.506,11.914751199865032,43.057317069999996,C662,_,00070,506
C662__0063.506,11.95726255147531,43.004804144999994,C662,_,0063,506
C662__00580.506,11.946762062698884,43.008605355,C662,_,00580,506
C662__00500.506,11.958873088078878,43.01577394,C662,_,00500,506
C662__00480.506,11.945042973591718,43.02081006,C662,_,00480,506
C662__00360.506,11.93743970431132,43.029813245,C662,_,00360,506
C662__00070.507,11.913356217458183,43.05780876,C662,_,00070,507
C662__00590.507,11.959997455455241,43.009707945,C662,_,00590,507
C662__00480.507,11.944850487299156,43.020946179999996,C662,_,00480,507
C662__00360.507,11.937987611788213,43.029864475,C662,_,00360,507
C662__00070.508,11.914588069044349,43.058670770000006,C662,_,00070,508
C662__00590.508,11.960411549435586,43.010285710000005,C662,_,00590,508
C662__00480.508,11.937167520982243,43.01843555000001,C662,_,00480,508
C662__00360.508,11.937426618024286,43.030488565,C662,_,00360,508
C662__00070.509,11.914461646020438,43.058726719999996,C662,_,00070,509
C662__00590.509,11.961397084797213,43.01168077,C662,_,00590,509
C662__00480.509,11.937090134328358,43.01833585999999,C662,_,00480,509
C662__00360.509,11.93807640245203,43.030360535,C662,_,00360,509
C662__00030.51,11.914068917847509,43.064243385,C662,_,00030,51
C662__00680.51,11.956156574662824,42.983519709999996,C662,_,00680,51
C662__00670.51,11.93437952263217,42.98435359,C662,_,00670,51
C662__00650.51,11.944735204052163,42.994376195,C662,_,00650,51
C662__00640.51,11.922196402828316,42.992504784999994,C662,_,00640,51
C662__00600.51,11.915544160841915,43.000806710000006,C662,_,00600,51
C662__00590.51,11.964468298016692,43.014239814999996,C662,_,00590,51
C662__00560.51,11.940422108027926,43.01457801,C662,_,00560,51
C662__00550.51,11.922310800173609,43.01240867,C662,_,00550,51
C662__00530.51,11.91555460862078,43.007683635,C662,_,00530,51
C662__00520.51,11.971426739196911,43.023384045,C662,_,00520,51
C662__00500.51,11.951837448507682,43.024522895000004,C662,_,00500,51
C662__00490.51,11.948938196448388,43.0171618,C662,_,00490,51
C662__00480.51,11.94457075367341,43.026356265,C662,_,00480,51
C662__00470.51,11.935876860515364,43.019938984999996,C662,_,00470,51
C662__00460.51,11.91608422513965,43.01755019,C662,_,00460,51
C662__00450.51,11.903690912103233,43.01403414,C662,_,00450,51
C662__00430.51,11.891304595717955,43.01612574,C662,_,00430,51
C662__00420.51,11.88388102925141,43.026383835000004,C662,_,00420,51
C662__00410.51,11.876785785789313,43.024495235,C662,_,00410,51
C662__00400.51,11.869009424912843,43.027332369999996,C662,_,00400,51
C662__00380.51,11.962578010760271,43.034416255,C662,_,00380,51
C662__00360.51,11.944497873604767,43.03193247,C662,_,00360,51
C662__00350.51,11.930184895256836,43.03698308,C662,_,00350,51
C662__00340.51,11.929603011571203,43.026012445,C662,_,00340,51
C662__00310.51,11.89510124912345,43.027214665,C662,_,00310,51
C662__00300.51,11.894374862924163,43.032998795,C662,_,00300,51
C662__00290.51,11.876383003445904,43.029502205,C662,_,00290,51
C662__00280.51,11.96105172014596,43.040152455,C662,_,00280,51
C662__00270.51,11.948841236360247,43.043142845000006,C662,_,00270,51
C662__00250.51,11.918727274453058,43.042189095,C662,_,00250,51
C662__00240.51,11.927646466863195,43.03116449,C662,_,00240,51
C662__00230.51,11.908885583409615,43.037056515,C662,_,00230,51
C662__00220.51,11.899557451338016,43.036615760000004,C662,_,00220,51
C662__00210.51,11.891282672713196,43.039940385,C662,_,00210,51
C662__00190.51,11.883350455041048,43.031409575,C662,_,00190,51
C662__00180.51,11.89051101159033,43.043960145,C662,_,00180,51
C662__00170.51,11.978986830407955,43.043995624999994,C662,_,00170,51
C662__00150.51,11.950458399662839,43.052602305,C662,_,00150,51
C662__00140.51,11.94762643864605,43.051562565,C662,_,00140,51
C662__00130.51,11.926036515871662,43.04728434,C662,_,00130,51
C662__00100.51,11.910033124751537,43.049275449999996,C662,_,00100,51
C662__00090.51,11.930067957236723,43.059908835,C662,_,00090,51
C662__00080.51,11.912292426158832,43.061450085000004,C662,_,00080,51
C662__00060.51,11.891093627926818,43.062041385,C662,_,00060,51
C662__00070.510,11.913697382342878,43.057631385,C662,_,00070,510
C662__00490.510,11.949204036622273,43.017547015,C662,_,00490,510
C662__00360.510,11.937634187752607,43.030687305,C662,_,00360,510
C662__00070.511,11.913700229686174,43.05758494,C662,_,00070,511
C662__00590.511,11.952586872225075,43.00727836,C662,_,00590,511
C662__00500.511,11.955704758835818,43.01862396,C662,_,00500,511
C662__00360.511,11.938121768954534,43.030562975,C662,_,00360,511
C662__00070.512,11.913755749437051,43.057286695,C662,_,00070,512
C662__00590.512,11.952482341145664,43.007096235,C662,_,00590,512
C662__00500.512,11.954992342453076,43.018491245,C662,_,00500,512
C662__00070.513,11.913891187940708,43.057536225,C662,_,00070,513
C662__00500.513,11.955298073775516,43.018436805,C662,_,00500,513
C662__00070.514,11.91355876311954,43.057959690000004,C662,_,00070,514
C662__0063.514,11.954244618791787,43.004526575,C662,_,0063,514
C662__00490.514,11.94926497156218,43.017900139999995,C662,_,00490,514
C662__00070.515,11.914193391084385,43.05748417,C662,_,00070,515
C662__00580.515,11.945285644384537,43.0104165,C662,_,00580,515
C662__00490.515,11.948378367531024,43.018015770000005,C662,_,00490,515
C662__00480.515,11.940429085928285,43.024114870000005,C662,_,00480,515
C662__00360.515,11.936816498836794,43.030330695,C662,_,00360,515
C662__00070.516,11.914043026784665,43.05752117,C662,_,00070,516
C662__0063.516,11.954065567148497,43.004701174999994,C662,_,0063,516
C662__00590.516,11.951078115883757,43.00794875,C662,_,00590,516
C662__00580.516,11.94487833761674,43.01041775,C662,_,00580,516
C662__00500.516,11.95297847847134,43.01809885,C662,_,00500,516
C662__00490.516,11.94942583607883,43.01666653,C662,_,00490,516
C662__00480.516,11.940301085693495,43.02384473,C662,_,00480,516
C662__00360.516,11.937558312133445,43.032999849999996,C662,_,00360,516
C662__00070.517,11.914956815481588,43.05729921,C662,_,00070,517
C662__0063.517,11.95409117767656,43.004532035,C662,_,0063,517
C662__00500.517,11.9534242966982,43.01822474,C662,_,00500,517
C662__00490.517,11.948797326415551,43.016092015,C662,_,00490,517
C662__00480.517,11.940472314367387,43.019005355000004,C662,_,00480,517
C662__00360.517,11.937225723243113,43.029087725,C662,_,00360,517
C662__00070.518,11.914387633221644,43.058742435,C662,_,00070,518
C662__00590.518,11.951000304155638,43.013273940000005,C662,_,00590,518
C662__00500.518,11.953872799635832,43.01837244,C662,_,00500,518
C662__00490.518,11.948798269296383,43.01614182,C662,_,00490,518
C662__00480.518,11.945303435576928,43.023804275,C662,_,00480,518
C662__00360.519,11.937453887134277,43.02918817,C662,_,00360,519
C662__00590.519,11.951044786175578,43.01310876,C662,_,00590,519
C662__00500.519,11.954040034453735,43.018387020000006,C662,_,00500,519
C662__00480.519,11.944424816072276,43.02388854,C662,_,00480,519
C662__00020.52,11.909352582234048,43.06380579499999,C662,_,00020,52
C662__00650.52,11.94581014356039,42.994550204999996,C662,_,00650,52
C662__00630.52,11.961874554966538,43.006981874999994,C662,_,00630,52
C662__00610.52,11.931953267846692,42.996426875,C662,_,00610,52
C662__00600.52,11.914536345315463,43.001857799999996,C662,_,00600,52
C662__00590.52,11.964891583358849,43.01423117,C662,_,00590,52
C662__00580.52,11.948132974697375,43.008582165,C662,_,00580,52
C662__00560.52,11.941191639448448,43.01495493,C662,_,00560,52
C662__00550.52,11.923948742613161,43.008668244999996,C662,_,00550,52
C662__00530.52,11.910764143939817,43.012494184999994,C662,_,00530,52
C662__00520.52,11.966981832938494,43.021147235,C662,_,00520,52
C662__00500.52,11.951839835645963,43.023892169999996,C662,_,00500,52
C662__00480.52,11.945134774382005,43.026317045,C662,_,00480,52
C662__00460.52,11.911157493555095,43.022031139999996,C662,_,00460,52
C662__00450.52,11.904772207637393,43.01349175,C662,_,00450,52
C662__00440.52,11.895762704074322,43.020511445,C662,_,00440,52
C662__00410.52,11.877512843051907,43.026455905000006,C662,_,00410,52
C662__00400.52,11.868303512871814,43.027563105,C662,_,00400,52
C662__00380.52,11.963492991953714,43.034493854999994,C662,_,00380,52
C662__00370.52,11.949045078991357,43.032881149999994,C662,_,00370,52
C662__00340.52,11.930198233515078,43.02574835,C662,_,00340,52
C662__00330.52,11.911099835307807,43.02394433,C662,_,00330,52
C662__00320.52,11.902344943463739,43.024693095,C662,_,00320,52
C662__00310.52,11.894458088319906,43.026572665,C662,_,00310,52
C662__00300.52,11.894442672361038,43.031297595,C662,_,00300,52
C662__00280.52,11.959712718341066,43.045479990000004,C662,_,00280,52
C662__00270.52,11.949794328457742,43.043255585,C662,_,00270,52
C662__00260.52,11.934178187986973,43.040025185000005,C662,_,00260,52
C662__00250.52,11.9192300652043,43.04256385,C662,_,00250,52
C662__00240.52,11.918896188567334,43.02887378,C662,_,00240,52
C662__00230.52,11.909347321150523,43.036845650000004,C662,_,00230,52
C662__00220.52,11.89920303257826,43.035915059999994,C662,_,00220,52
C662__00210.52,11.891546272635551,43.039162845,C662,_,00210,52
C662__00190.52,11.883294144191904,43.032728455,C662,_,00190,52
C662__00180.52,11.891031885797567,43.04455369,C662,_,00180,52
C662__00170.52,11.97679924047972,43.043550875,C662,_,00170,52
C662__00160.52,11.95754230453871,43.04851834,C662,_,00160,52
C662__00150.52,11.953675424731003,43.05228123,C662,_,00150,52
C662__00140.52,11.93784248398023,43.047939029999995,C662,_,00140,52
C662__00130.52,11.926513492425222,43.047709585,C662,_,00130,52
C662__00110.52,11.916316161207234,43.052136715,C662,_,00110,52
C662__00100.52,11.910922963807254,43.049618609999996,C662,_,00100,52
C662__00060.52,11.89179757087189,43.061235550000006,C662,_,00060,52
C662__00030.52,11.912062414637065,43.06516675,C662,_,00030,52
C662__00490.520,11.946809919453104,43.016413865,C662,_,00490,520
C662__00630.520,11.955181484949598,42.994660415,C662,_,00630,520
C662__00580.520,11.947595167862637,43.011956935,C662,_,00580,520
C662__00500.520,11.952670999821716,43.018130965,C662,_,00500,520
C662__00480.521,11.937295460490624,43.023825110000004,C662,_,00480,521
C662__0063.521,11.955140217106761,43.001242315,C662,_,0063,521
C662__00500.521,11.953246738904191,43.018099125,C662,_,00500,521
C662__00490.521,11.948678286867523,43.018198775,C662,_,00490,521
C662__00490.522,11.947838171967327,43.01787906,C662,_,00490,522
C662__0063.522,11.95492414371125,43.001296984999996,C662,_,0063,522
C662__00590.522,11.952043308880938,43.00721581,C662,_,00590,522
C662__00580.522,11.945023041302617,43.008556575,C662,_,00580,522
C662__00500.522,11.952717581690404,43.018130115,C662,_,00500,522
C662__00490.523,11.946733097483355,43.017597125,C662,_,00490,523
C662__00580.523,11.94509909634533,43.008968895,C662,_,00580,523
C662__00500.523,11.949401850164765,43.020384164999996,C662,_,00500,523
C662__00490.524,11.943411597834494,43.015678460000004,C662,_,00490,524
C662__0063.524,11.957427504633985,43.005114774999996,C662,_,0063,524
C662__00490.525,11.943313903809887,43.016849539999995,C662,_,00490,525
C662__0063.525,11.9571427189743,43.004933745,C662,_,0063,525
C662__00590.525,11.954502869837668,43.007980625,C662,_,00590,525
C662__00500.525,11.953549241587098,43.01788533,C662,_,00500,525
C662__00500.526,11.953392116648029,43.017375415000004,C662,_,00500,526
C662__0063.526,11.958451048432476,43.005984174999995,C662,_,0063,526
C662__00590.526,11.954803054392626,43.006170170000004,C662,_,00590,526
C662__00490.527,11.949193238349306,43.01818899,C662,_,00490,527
C662__0063.527,11.959007383359967,43.005707275,C662,_,0063,527
C662__00590.527,11.954554833967897,43.006374635,C662,_,00590,527
C662__00500.527,11.95291983808505,43.01655499,C662,_,00500,527
C662__00480.528,11.940564505371132,43.025718479999995,C662,_,00480,528
C662__00590.528,11.952780273980572,43.01414241,C662,_,00590,528
C662__00500.528,11.954943137262557,43.018587275,C662,_,00500,528
C662__00480.529,11.942859510773959,43.023407199999994,C662,_,00480,529
C662__0063.529,11.951376577930944,43.005168055,C662,_,0063,529
C662__00020.53,11.900589219033705,43.06354097,C662,_,00020,53
C662__00660.53,11.952067584637643,42.991807195,C662,_,00660,53
C662__00650.53,11.946642268487441,42.993606955000004,C662,_,00650,53
C662__00640.53,11.922391941570833,42.99242005,C662,_,00640,53
C662__0063.53,11.958593880957999,43.006482934999994,C662,_,0063,53
C662__00610.53,11.933421243361543,42.99648718,C662,_,00610,53
C662__00600.53,11.91624364061115,42.996373989999995,C662,_,00600,53
C662__00590.53,11.965213815846838,43.014127055,C662,_,00590,53
C662__00580.53,11.948506644921572,43.008152925000005,C662,_,00580,53
C662__00570.53,11.930527126089801,43.00608111,C662,_,00570,53
C662__00560.53,11.941540693438125,43.015285565,C662,_,00560,53
C662__00550.53,11.922946731159701,43.01187897,C662,_,00550,53
C662__00520.53,11.96893899674188,43.020773225,C662,_,00520,53
C662__00500.53,11.95363130640584,43.023966695,C662,_,00500,53
C662__00480.53,11.945125842449293,43.02580184,C662,_,00480,53
C662__00460.53,11.911273614177286,43.021391245000004,C662,_,00460,53
C662__00430.53,11.888490299160365,43.024836840000006,C662,_,00430,53
C662__00410.53,11.87716700657381,43.02555768,C662,_,00410,53
C662__00400.53,11.866815836761027,43.02815733,C662,_,00400,53
C662__00390.53,11.971184183470195,43.035827345,C662,_,00390,53
C662__00380.53,11.963423069359042,43.035057045,C662,_,00380,53
C662__00370.53,11.949750967507867,43.033337689999996,C662,_,00370,53
C662__00340.53,11.930528281322221,43.02594598,C662,_,00340,53
C662__00330.53,11.912580814939984,43.023679635,C662,_,00330,53
C662__00320.53,11.903679100850479,43.024296045,C662,_,00320,53
C662__00310.53,11.8942634540355,43.02520499,C662,_,00310,53
C662__00300.53,11.893690399402978,43.03026312,C662,_,00300,53
C662__00280.53,11.959812167567149,43.045176080000005,C662,_,00280,53
C662__00270.53,11.95085193487105,43.043610145,C662,_,00270,53
C662__00250.53,11.923628794318475,43.043635949999995,C662,_,00250,53
C662__00230.53,11.909990881374362,43.034979985,C662,_,00230,53
C662__00220.53,11.900000058256085,43.034796420000006,C662,_,00220,53
C662__00210.53,11.890104462872483,43.036574814999994,C662,_,00210,53
C662__00200.53,11.880436722904275,43.045654725000006,C662,_,00200,53
C662__00190.53,11.88445844299822,43.031685975,C662,_,00190,53
C662__00180.53,11.89228997799055,43.044084534999996,C662,_,00180,53
C662__00170.53,11.977162005007,43.0433044,C662,_,00170,53
C662__00160.53,11.952838539731626,43.05013615,C662,_,00160,53
C662__00150.53,11.953395190744864,43.052405074999996,C662,_,00150,53
C662__00140.53,11.942195122595034,43.04917564,C662,_,00140,53
C662__00130.53,11.926624977902726,43.047500744999994,C662,_,00130,53
C662__00100.53,11.904422442793814,43.053138795,C662,_,00100,53
C662__00090.53,11.931006342611926,43.05701721,C662,_,00090,53
C662__00060.53,11.888877925231704,43.061648129999995,C662,_,00060,53
C662__00490.530,11.949450415266565,43.017466924999994,C662,_,00490,530
C662__00590.530,11.952716154996754,43.013942545000006,C662,_,00590,530
C662__00480.531,11.937199109246244,43.020460725,C662,_,00480,531
C662__00590.531,11.952669341148352,43.01378677,C662,_,00590,531
C662__00490.531,11.94930380180655,43.017225460000006,C662,_,00490,531
C662__00480.532,11.94196655397112,43.01674949,C662,_,00480,532
C662__00590.532,11.952623053966086,43.01361174,C662,_,00590,532
C662__00500.532,11.952732660939724,43.01589023,C662,_,00500,532
C662__00490.532,11.949274661832018,43.01719523,C662,_,00490,532
C662__00480.533,11.942143322669274,43.01649739,C662,_,00480,533
C662__0063.533,11.957333000651023,43.004991970000006,C662,_,0063,533
C662__00590.533,11.955122164673906,43.007021644999995,C662,_,00590,533
C662__00500.533,11.955057074524799,43.01988951,C662,_,00500,533
C662__00490.533,11.949423038752133,43.017056875,C662,_,00490,533
C662__00490.534,11.94905378078709,43.017204469999996,C662,_,00490,534
C662__0063.534,11.957665684984406,43.00501043,C662,_,0063,534
C662__00590.534,11.951422187807985,43.00705526,C662,_,00590,534
C662__00500.535,11.955796657204084,43.02009671,C662,_,00500,535
C662__00630.535,11.956064583256843,42.994550055000005,C662,_,00630,535
C662__00490.536,11.946532722226628,43.016861074999994,C662,_,00490,536
C662__0063.536,11.954179754636314,43.00240326,C662,_,0063,536
C662__00590.536,11.95341922176516,43.006204249999996,C662,_,00590,536
C662__00500.536,11.955958926101758,43.01933392,C662,_,00500,536
C662__00490.537,11.94987453993983,43.015252450000006,C662,_,00490,537
C662__00630.537,11.955224680300226,42.994305685,C662,_,00630,537
C662__00590.537,11.950804936321088,43.012707660000004,C662,_,00590,537
C662__00480.538,11.935998541925226,43.023378754999996,C662,_,00480,538
C662__00630.538,11.955300814708943,42.994261144999996,C662,_,00630,538
C662__00590.538,11.95075817721999,43.013628749999995,C662,_,00590,538
C662__00500.538,11.959282776040636,43.02668181,C662,_,00500,538
C662__00490.538,11.950064163162908,43.015330684999995,C662,_,00490,538
C662__00480.539,11.935995022701109,43.023094815,C662,_,00480,539
C662__0063.539,11.957134744308332,43.004780565000004,C662,_,0063,539
C662__00500.539,11.959599810533762,43.02647836,C662,_,00500,539
C662__00490.539,11.948840696221103,43.017857145,C662,_,00490,539
C662__00030.54,11.912689174813902,43.06448679,C662,_,00030,54
C662__00680.54,11.954264508940488,42.978991365,C662,_,00680,54
C662__00640.54,11.923094091872192,42.992867435,C662,_,00640,54
C662__00630.54,11.959912796584828,43.0054412,C662,_,00630,54
C662__00610.54,11.935512233743188,42.99717629,C662,_,00610,54
C662__00600.54,11.915734764736111,42.99625523,C662,_,00600,54
C662__00590.54,11.96555503383928,43.014026705,C662,_,00590,54
C662__00580.54,11.949017398677476,43.00767951,C662,_,00580,54
C662__00570.54,11.927578289889126,43.004288415,C662,_,00570,54
C662__00560.54,11.93207570888395,43.016979605,C662,_,00560,54
C662__00550.54,11.928106185538354,43.01552409,C662,_,00550,54
C662__00530.54,11.907208724493415,43.013818165,C662,_,00530,54
C662__00520.54,11.971781328853009,43.020692710000006,C662,_,00520,54
C662__00510.54,11.95915487962424,43.021894294999996,C662,_,00510,54
C662__00500.54,11.953797267116226,43.02455979,C662,_,00500,54
C662__00490.54,11.949088642892507,43.01707803,C662,_,00490,54
C662__00480.54,11.945825711807695,43.026032435000005,C662,_,00480,54
C662__00470.54,11.91891201283629,43.020228315,C662,_,00470,54
C662__00430.54,11.887997797646301,43.025125775,C662,_,00430,54
C662__00410.54,11.876939352916068,43.025000675,C662,_,00410,54
C662__00400.54,11.867254094229533,43.028007785,C662,_,00400,54
C662__00390.54,11.971734614381202,43.037321805,C662,_,00390,54
C662__00380.54,11.963460852160006,43.035194125000004,C662,_,00380,54
C662__00370.54,11.951858763170087,43.03320455,C662,_,00370,54
C662__00360.54,11.937030333313261,43.033312925,C662,_,00360,54
C662__00350.54,11.92879819117437,43.03061629,C662,_,00350,54
C662__00340.54,11.931735471386588,43.025686565,C662,_,00340,54
C662__00330.54,11.912745507641526,43.024160385,C662,_,00330,54
C662__00320.54,11.902899525303912,43.02354402,C662,_,00320,54
C662__00310.54,11.896437453851492,43.02520499,C662,_,00310,54
C662__00300.54,11.893202774362852,43.02958416,C662,_,00300,54
C662__00290.54,11.882949826214176,43.030166075,C662,_,00290,54
C662__00280.54,11.959464280570634,43.046607804999994,C662,_,00280,54
C662__00270.54,11.951430859651161,43.04417388,C662,_,00270,54
C662__00260.54,11.93654448081665,43.04145744,C662,_,00260,54
C662__00250.54,11.923436135141824,43.043514025,C662,_,00250,54
C662__00240.54,11.920474036529816,43.028894484999995,C662,_,00240,54
C662__00230.54,11.911229980803597,43.034984390000005,C662,_,00230,54
C662__00220.54,11.902283883681902,43.035861765,C662,_,00220,54
C662__00210.54,11.893431259922966,43.03579786,C662,_,00210,54
C662__00200.54,11.885094689681473,43.04694436,C662,_,00200,54
C662__00190.54,11.884208438540725,43.03153674,C662,_,00190,54
C662__00180.54,11.891833379336173,43.044033999999996,C662,_,00180,54
C662__00170.54,11.977197382982714,43.04307494,C662,_,00170,54
C662__00160.54,11.955259347876407,43.049662055,C662,_,00160,54
C662__00150.54,11.951289936381635,43.052715855,C662,_,00150,54
C662__00140.54,11.945190979476834,43.05002993,C662,_,00140,54
C662__00130.54,11.927210291802231,43.04786852,C662,_,00130,54
C662__00110.54,11.919169323116124,43.05259136,C662,_,00110,54
C662__00100.54,11.906131185414639,43.051816245,C662,_,00100,54
C662__00090.54,11.929343918265761,43.060379865,C662,_,00090,54
C662__00080.54,11.912754827755943,43.061099025000004,C662,_,00080,54
C662__00070.54,11.914730349055187,43.057011655,C662,_,00070,54
C662__00490.540,11.949279630407414,43.01706319,C662,_,00490,540
C662__0063.540,11.956831030646082,43.005192155,C662,_,0063,540
C662__00500.540,11.95626914540036,43.019612575,C662,_,00500,540
C662__00480.541,11.944019995143302,43.02034234,C662,_,00480,541
C662__00480.542,11.943733878406224,43.019933765,C662,_,00480,542
C662__00630.542,11.956004043044512,42.99578817,C662,_,00630,542
C662__00590.542,11.954704063634846,43.007392949999996,C662,_,00590,542
C662__00500.542,11.949923646094192,43.015952925,C662,_,00500,542
C662__00480.544,11.94384754879865,43.01969225,C662,_,00480,544
C662__00500.544,11.950020637925864,43.01593083,C662,_,00500,544
C662__00480.546,11.942625885430314,43.019229505,C662,_,00480,546
C662__0063.546,11.95485872869197,43.00138231,C662,_,0063,546
C662__00500.546,11.949971108738445,43.016104080000005,C662,_,00500,546
C662__00490.546,11.943709601181752,43.015670445,C662,_,00490,546
C662__00480.547,11.944150464474223,43.019015100000004,C662,_,00480,547
C662__00630.547,11.955389390788733,42.99440841,C662,_,00630,547
C662__00500.547,11.949710117084965,43.017667105,C662,_,00500,547
C662__00480.548,11.944163570787659,43.019291565,C662,_,00480,548
C662__00590.548,11.952902382067858,43.00680668,C662,_,00590,548
C662__00500.548,11.949820511087989,43.017188755,C662,_,00500,548
C662__00490.548,11.943505343291704,43.015746414999995,C662,_,00490,548
C662__00480.549,11.944587683506171,43.01867378,C662,_,00480,549
C662__00500.549,11.94989539930506,43.017002015,C662,_,00500,549
C662__00020.55,11.909074830931752,43.06375654,C662,_,00020,55
C662__00680.55,11.954153102366746,42.97881291,C662,_,00680,55
C662__00660.55,11.954364622769704,42.990790655,C662,_,00660,55
C662__00650.55,11.93670259993079,42.99218609,C662,_,00650,55
C662__00630.55,11.960512557428107,43.00535584,C662,_,00630,55
C662__00620.55,11.94245943542073,43.000892035,C662,_,00620,55
C662__00610.55,11.922207077366501,43.002792555,C662,_,00610,55
C662__00590.55,11.965879657996922,43.01392649,C662,_,00590,55
C662__00560.55,11.938312796654209,43.016534865,C662,_,00560,55
C662__00520.55,11.966977286608266,43.020103035000005,C662,_,00520,55
C662__00510.55,11.959770920947584,43.022234714999996,C662,_,00510,55
C662__00490.55,11.949199169215358,43.016979899999995,C662,_,00490,55
C662__00480.55,11.946495714623193,43.026397689999996,C662,_,00480,55
C662__00470.55,11.919864320716657,43.02044492,C662,_,00470,55
C662__00460.55,11.914609298927159,43.0238138,C662,_,00460,55
C662__00430.55,11.888871115650918,43.024686555,C662,_,00430,55
C662__00420.55,11.882980151298632,43.027356874999995,C662,_,00420,55
C662__00400.55,11.867658457745435,43.027677444999995,C662,_,00400,55
C662__00390.55,11.971024528232295,43.03493861,C662,_,00390,55
C662__00380.55,11.957946349023864,43.033801615,C662,_,00380,55
C662__00370.55,11.952801675648194,43.033642189999995,C662,_,00370,55
C662__00350.55,11.930021525164296,43.031394845,C662,_,00350,55
C662__00340.55,11.931296683844703,43.025629745,C662,_,00340,55
C662__00330.55,11.91383774155193,43.023493975,C662,_,00330,55
C662__00310.55,11.897482398867616,43.02542097,C662,_,00310,55
C662__00300.55,11.884347351907664,43.0305419,C662,_,00300,55
C662__00290.55,11.880647764878905,43.029431224999996,C662,_,00290,55
C662__00280.55,11.95926783427853,43.04723465,C662,_,00280,55
C662__00250.55,11.920034779017389,43.042438675,C662,_,00250,55
C662__00240.55,11.920818269535825,43.029214995000004,C662,_,00240,55
C662__00230.55,11.913954587060088,43.035172265,C662,_,00230,55
C662__00220.55,11.90278095830699,43.036502495,C662,_,00220,55
C662__00210.55,11.889450780804093,43.038889005,C662,_,00210,55
C662__00200.55,11.882922902814169,43.046332995,C662,_,00200,55
C662__00190.55,11.88424018278931,43.031110465,C662,_,00190,55
C662__00180.55,11.892061665828557,43.044635174999996,C662,_,00180,55
C662__00170.55,11.97618002199378,43.043153765,C662,_,00170,55
C662__00160.55,11.955630979872366,43.049445160000005,C662,_,00160,55
C662__00150.55,11.952343280761244,43.052530055000005,C662,_,00150,55
C662__00130.55,11.927771045048445,43.047135084999994,C662,_,00130,55
C662__00110.55,11.920358462231171,43.052518840000005,C662,_,00110,55
C662__00100.55,11.90939435560037,43.049989585,C662,_,00100,55
C662__00090.55,11.932773088760264,43.06133036,C662,_,00090,55
C662__00080.55,11.913362688215958,43.060493255,C662,_,00080,55
C662__00060.55,11.899339708237193,43.061592864999994,C662,_,00060,55
C662__00030.55,11.918310127289343,43.06181016,C662,_,00030,55
C662__00480.550,11.943801005863087,43.019405414999994,C662,_,00480,550
C662__0063.550,11.953696462641346,43.003250394999995,C662,_,0063,550
C662__00590.550,11.952340343820971,43.01491103,C662,_,00590,550
C662__00490.550,11.94374800638601,43.015737220000005,C662,_,00490,550
C662__00480.551,11.945426729317166,43.018874965,C662,_,00480,551
C662__0063.551,11.956769296529963,43.004368485,C662,_,0063,551
C662__00590.551,11.952285955174787,43.014707380000004,C662,_,00590,551
C662__00500.551,11.95030138796604,43.017874325,C662,_,00500,551
C662__00490.551,11.943739017808827,43.01579398,C662,_,00490,551
C662__00480.552,11.94518358428111,43.019486265,C662,_,00480,552
C662__0063.552,11.95714418697694,43.005500275,C662,_,0063,552
C662__00500.552,11.950525981147134,43.01780871,C662,_,00500,552
C662__00490.552,11.943756403150967,43.01578622,C662,_,00490,552
C662__00480.553,11.945116058277836,43.01940091,C662,_,00480,553
C662__0063.553,11.95667099014917,43.005409775000004,C662,_,0063,553
C662__00480.554,11.945088319594067,43.018906785,C662,_,00480,554
C662__00500.554,11.95173514200939,43.017951175,C662,_,00500,554
C662__00480.555,11.944849453780634,43.019644465,C662,_,00480,555
C662__00480.556,11.944742308693336,43.019259794999996,C662,_,00480,556
C662__0063.556,11.95756198125173,43.005323935,C662,_,0063,556
C662__00590.556,11.952392916597836,43.00848334,C662,_,00590,556
C662__00480.557,11.944882388947269,43.01913685,C662,_,00480,557
C662__0063.557,11.954767727825446,43.004211960000006,C662,_,0063,557
C662__00590.557,11.952630802080703,43.008721835,C662,_,00590,557
C662__00500.557,11.951486056910447,43.017744965,C662,_,00500,557
C662__00480.558,11.944899446786385,43.019133105,C662,_,00480,558
C662__00590.558,11.95079204388957,43.007359879999996,C662,_,00590,558
C662__00500.558,11.95193566273051,43.018230395,C662,_,00500,558
C662__00480.559,11.944833316022782,43.018704400000004,C662,_,00480,559
C662__00500.559,11.952178376620598,43.018256045,C662,_,00500,559
C662__00020.56,11.909490828788858,43.063712245000005,C662,_,00020,56
C662__00680.56,11.949803252997206,42.985428275000004,C662,_,00680,56
C662__00670.56,11.949525557351716,42.985902605,C662,_,00670,56
C662__00660.56,11.955796154627368,42.991022195,C662,_,00660,56
C662__00640.56,11.92557167665748,42.993205675,C662,_,00640,56
C662__00630.56,11.962348745,43.006077735000005,C662,_,00630,56
C662__00620.56,11.943525369181023,43.001513375,C662,_,00620,56
C662__00610.56,11.92663968475883,43.002077979999996,C662,_,00610,56
C662__00590.56,11.96615244151094,43.01384433,C662,_,00590,56
C662__00570.56,11.92972815928873,43.005205544999995,C662,_,00570,56
C662__00560.56,11.942251718072132,43.01553741,C662,_,00560,56
C662__00550.56,11.929806760901087,43.015408025,C662,_,00550,56
C662__00520.56,11.96911431342454,43.020239395000004,C662,_,00520,56
C662__00510.56,11.956931462383592,43.02114582,C662,_,00510,56
C662__00500.56,11.956809535579545,43.02410716999999,C662,_,00500,56
C662__00490.56,11.949258523236884,43.01692188,C662,_,00490,56
C662__00480.56,11.9358293891035,43.02493484,C662,_,00480,56
C662__00470.56,11.92098126005829,43.02000156,C662,_,00470,56
C662__00460.56,11.915166878225023,43.016870284999996,C662,_,00460,56
C662__00450.56,11.901071068741922,43.01991731,C662,_,00450,56
C662__00440.56,11.895452227704794,43.019931455,C662,_,00440,56
C662__00430.56,11.888565249198663,43.023599715,C662,_,00430,56
C662__00420.56,11.881774371680542,43.026775925,C662,_,00420,56
C662__00400.56,11.866717153673731,43.027945585,C662,_,00400,56
C662__00390.56,11.970843071156054,43.034077205,C662,_,00390,56
C662__00380.56,11.958716056574456,43.033898085000004,C662,_,00380,56
C662__00370.56,11.952372936530422,43.03283864,C662,_,00370,56
C662__00360.56,11.936506105179863,43.032704155000005,C662,_,00360,56
C662__00350.56,11.930136106000987,43.030587275,C662,_,00350,56
C662__00340.56,11.93134835002904,43.02441212,C662,_,00340,56
C662__00330.56,11.914542163282416,43.024451049999996,C662,_,00330,56
C662__00310.56,11.898074911300945,43.025166715,C662,_,00310,56
C662__00290.56,11.882425887765166,43.029696815,C662,_,00290,56
C662__00280.56,11.958888870489204,43.047607725,C662,_,00280,56
C662__00270.56,11.951542247872005,43.043543709999994,C662,_,00270,56
C662__00260.56,11.936000627963455,43.04010089,C662,_,00260,56
C662__00240.56,11.921365486636635,43.03013818,C662,_,00240,56
C662__00230.56,11.914916698452412,43.037150260000004,C662,_,00230,56
C662__00220.56,11.903460734254875,43.035982790000006,C662,_,00220,56
C662__00210.56,11.889556929940296,43.03883972,C662,_,00210,56
C662__00190.56,11.88383836932448,43.03087339,C662,_,00190,56
C662__00170.56,11.976480178791707,43.04302419,C662,_,00170,56
C662__00160.56,11.955307480754515,43.049567120000006,C662,_,00160,56
C662__00150.56,11.960865205546712,43.067365769999995,C662,_,00150,56
C662__00140.56,11.949115434549238,43.051311775,C662,_,00140,56
C662__00130.56,11.926346497820672,43.047244840000005,C662,_,00130,56
C662__00110.56,11.921252620507268,43.049363455,C662,_,00110,56
C662__00100.56,11.907695451051008,43.050100650000005,C662,_,00100,56
C662__00090.56,11.932250506827325,43.058491785,C662,_,00090,56
C662__00080.56,11.913530237255841,43.060359434999995,C662,_,00080,56
C662__00030.56,11.917502290285224,43.061375855,C662,_,00030,56
C662__00480.560,11.944498458950966,43.01929114,C662,_,00480,560
C662__0063.560,11.9569105961485,43.005332005,C662,_,0063,560
C662__00590.560,11.950723939092779,43.007353214999995,C662,_,00590,560
C662__00500.560,11.950141126611227,43.01728826,C662,_,00500,560
C662__00480.561,11.944541965459955,43.01936413,C662,_,00480,561
C662__0063.561,11.955185643598657,43.002515125,C662,_,0063,561
C662__00590.561,11.955933393492124,43.01321564,C662,_,00590,561
C662__00490.562,11.946896900395423,43.0151874,C662,_,00490,562
C662__0063.562,11.958056123777322,43.005417815,C662,_,0063,562
C662__00590.562,11.954920695879261,43.014670325,C662,_,00590,562
C662__00480.563,11.943351418576349,43.01923773,C662,_,00480,563
C662__0063.563,11.957824182736271,43.005844370000005,C662,_,0063,563
C662__00590.563,11.95507000200322,43.01466946,C662,_,00590,563
C662__00490.563,11.94689927680718,43.015240215000006,C662,_,00490,563
C662__00480.564,11.935965844111518,43.024802539999996,C662,_,00480,564
C662__0063.564,11.957465864801453,43.006161309999996,C662,_,0063,564
C662__00490.564,11.946962475276035,43.015268254999995,C662,_,00490,564
C662__00490.565,11.947010611620499,43.01530133,C662,_,00490,565
C662__0063.565,11.957776380028928,43.006193395,C662,_,0063,565
C662__00590.565,11.955141625017346,43.01547304,C662,_,00590,565
C662__00490.566,11.946953954354047,43.01519567,C662,_,00490,566
C662__0063.566,11.95872940662453,43.005428705,C662,_,0063,566
C662__00500.566,11.950139831732436,43.015890335,C662,_,00500,566
C662__00490.567,11.947011456443967,43.01515082,C662,_,00490,567
C662__0063.567,11.95516195429321,43.002304960000004,C662,_,0063,567
C662__00560.567,11.942113809611671,43.01016736,C662,_,00560,567
C662__00500.567,11.951338331816547,43.018041804999996,C662,_,00500,567
C662__00070.568,11.909152068610002,43.063147695,C662,_,00070,568
C662__0063.568,11.954803506207526,43.002460675,C662,_,0063,568
C662__00590.568,11.952780918444306,43.01554187,C662,_,00590,568
C662__00560.568,11.942362257043971,43.00963184,C662,_,00560,568
C662__00500.568,11.951687288155242,43.018193755,C662,_,00500,568
C662__00490.568,11.94708721510165,43.015185869999996,C662,_,00490,568
C662__00480.568,11.938191695175187,43.018549525,C662,_,00480,568
C662__00490.569,11.947097562598369,43.015032155,C662,_,00490,569
C662__0063.569,11.956031460672575,43.00257971,C662,_,0063,569
C662__00590.569,11.952549995234207,43.01522326,C662,_,00590,569
C662__00560.569,11.942467942735234,43.009310490000004,C662,_,00560,569
C662__00500.569,11.951881384844214,43.018371785,C662,_,00500,569
C662__00030.57,11.917540253792858,43.064228575,C662,_,00030,57
C662__00680.57,11.949792480949192,42.984762075,C662,_,00680,57
C662__00670.57,11.94949343409855,42.985812795,C662,_,00670,57
C662__00660.57,11.951361551869402,42.992484615,C662,_,00660,57
C662__00650.57,11.94036501492743,42.993362340000004,C662,_,00650,57
C662__00640.57,11.926751886330859,42.99366011,C662,_,00640,57
C662__00600.57,11.915649085239853,42.99565313,C662,_,00600,57
C662__00590.57,11.966370632270957,43.0137766,C662,_,00590,57
C662__00570.57,11.931602004042023,43.006450515,C662,_,00570,57
C662__00550.57,11.930287068144953,43.01608292,C662,_,00550,57
C662__00520.57,11.969349576081756,43.019707085,C662,_,00520,57
C662__00500.57,11.958898613106925,43.02365923,C662,_,00500,57
C662__00490.57,11.948278513771337,43.017448810000005,C662,_,00490,57
C662__00480.57,11.937482225735092,43.02488416,C662,_,00480,57
C662__00470.57,11.920453426421552,43.01964639,C662,_,00470,57
C662__00430.57,11.891625620106907,43.02279887500001,C662,_,00430,57
C662__00420.57,11.883800979481578,43.02653329,C662,_,00420,57
C662__00400.57,11.866982814756856,43.027870995,C662,_,00400,57
C662__00390.57,11.97175892581468,43.03716197,C662,_,00390,57
C662__00380.57,11.959439132000877,43.0338365,C662,_,00380,57
C662__00370.57,11.95505447413175,43.033316635,C662,_,00370,57
C662__00350.57,11.931419828055976,43.03128454,C662,_,00350,57
C662__00330.57,11.912152779402986,43.02330261,C662,_,00330,57
C662__00320.57,11.908548725113018,43.032869215,C662,_,00320,57
C662__00310.57,11.898424579900645,43.02536713000001,C662,_,00310,57
C662__00290.57,11.862496894946844,43.029387990000004,C662,_,00290,57
C662__00280.57,11.958686380527949,43.04792123,C662,_,00280,57
C662__00270.57,11.954519052179677,43.0433241,C662,_,00270,57
C662__00260.57,11.937059463507572,43.0406799,C662,_,00260,57
C662__00240.57,11.91906546140724,43.028266155,C662,_,00240,57
C662__00230.57,11.91718021224725,43.038786815,C662,_,00230,57
C662__00220.57,11.904273393534282,43.035460505,C662,_,00220,57
C662__00210.57,11.8901374341843,43.03908346,C662,_,00210,57
C662__00190.57,11.883475718950766,43.030712324999996,C662,_,00190,57
C662__00170.57,11.976880614862587,43.0427624,C662,_,00170,57
C662__00160.57,11.955623745620596,43.049362465,C662,_,00160,57
C662__00150.57,11.961907119976203,43.0663746,C662,_,00150,57
C662__00140.57,11.936595362777279,43.047454349999995,C662,_,00140,57
C662__00100.57,11.903373837529813,43.05371747,C662,_,00100,57
C662__00090.57,11.930057163060015,43.05921601,C662,_,00090,57
C662__00080.57,11.913711047775642,43.060210685,C662,_,00080,57
C662__00070.57,11.914544817010215,43.056926849999996,C662,_,00070,57
C662__00060.57,11.89225294132184,43.062188835,C662,_,00060,57
C662__00070.570,11.91403166688383,43.05728656,C662,_,00070,570
C662__00590.570,11.952457635070115,43.015095114999994,C662,_,00590,570
C662__00560.570,11.942124200303368,43.00925203,C662,_,00560,570
C662__00500.570,11.956598348988479,43.01825807,C662,_,00500,570
C662__00490.570,11.943128476494625,43.016877019999995,C662,_,00490,570
C662__00480.570,11.94025431942865,43.01792893,C662,_,00480,570
C662__00070.571,11.916184968384787,43.05488117,C662,_,00070,571
C662__00560.571,11.941263575075627,43.009188295,C662,_,00560,571
C662__00500.571,11.95659326991423,43.017963800000004,C662,_,00500,571
C662__00490.571,11.943549239279076,43.016498455000004,C662,_,00490,571
C662__00480.571,11.939833354597742,43.017645474999995,C662,_,00480,571
C662__00070.572,11.91589342310212,43.054797980000004,C662,_,00070,572
C662__00560.572,11.942352503593657,43.008881445,C662,_,00560,572
C662__00500.572,11.957259023371822,43.01830165,C662,_,00500,572
C662__00070.573,11.91456302639098,43.056487795,C662,_,00070,573
C662__00500.573,11.957638836697427,43.01798211,C662,_,00500,573
C662__00070.574,11.915269163799511,43.056621485,C662,_,00070,574
C662__0063.574,11.957279030303809,43.00467483,C662,_,0063,574
C662__00590.574,11.95339833495261,43.010530855,C662,_,00590,574
C662__00500.574,11.958325738436315,43.01882344,C662,_,00500,574
C662__00070.575,11.915338755694957,43.056142555,C662,_,00070,575
C662__00500.575,11.958089393312545,43.018289159999995,C662,_,00500,575
C662__00480.575,11.947262000163388,43.018188914999996,C662,_,00480,575
C662__00070.576,11.915359255259304,43.0565842,C662,_,00070,576
C662__00500.576,11.95801684682123,43.018198885000004,C662,_,00500,576
C662__00480.577,11.945933188164151,43.024884889999996,C662,_,00480,577
C662__00480.578,11.93580201198816,43.02393701,C662,_,00480,578
C662__0063.578,11.953875251006309,43.003569135,C662,_,0063,578
C662__00590.578,11.953280561556687,43.01080467,C662,_,00590,578
C662__00560.578,11.942552080208594,43.009067195,C662,_,00560,578
C662__00500.578,11.950624895854531,43.014456055,C662,_,00500,578
C662__00560.579,11.94318797513273,43.0096023,C662,_,00560,579
C662__00590.579,11.953723807818672,43.01079891,C662,_,00590,579
C662__00020.58,11.90016500389461,43.061957844999995,C662,_,00020,58
C662__00680.58,11.95105011074605,42.985018135000004,C662,_,00680,58
C662__00670.58,11.944977455346027,42.987795365,C662,_,00670,58
C662__00660.58,11.957592071036242,42.990914239999995,C662,_,00660,58
C662__00650.58,11.940726015311679,42.993696635,C662,_,00650,58
C662__00640.58,11.93229653093909,42.992049859999995,C662,_,00640,58
C662__0063.58,11.955882772715638,43.004887,C662,_,0063,58
C662__00610.58,11.923937746613968,43.004314945000004,C662,_,00610,58
C662__00600.58,11.915404253787525,42.9953768,C662,_,00600,58
C662__00590.58,11.96658763454667,43.01371194,C662,_,00590,58
C662__00580.58,11.9384549225167,43.007999155,C662,_,00580,58
C662__00570.58,11.932042514834887,43.0057487,C662,_,00570,58
C662__00560.58,11.942637242717177,43.015509875,C662,_,00560,58
C662__00520.58,11.97109099830084,43.019510545,C662,_,00520,58
C662__00510.58,11.957461144024636,43.020690235000004,C662,_,00510,58
C662__00500.58,11.946416198137623,43.023701745,C662,_,00500,58
C662__00490.58,11.948330675098038,43.017411745,C662,_,00490,58
C662__00470.58,11.921033881656943,43.018043555,C662,_,00470,58
C662__00460.58,11.911972385370213,43.019619115,C662,_,00460,58
C662__00440.58,11.896038607697946,43.02015399,C662,_,00440,58
C662__00400.58,11.86707146305184,43.028323945,C662,_,00400,58
C662__00390.58,11.970790654588177,43.033752735,C662,_,00390,58
C662__00370.58,11.956118933407172,43.033358285000006,C662,_,00370,58
C662__00350.58,11.931450013543092,43.030306015,C662,_,00350,58
C662__00330.58,11.912033651443654,43.031439995,C662,_,00330,58
C662__00320.58,11.902190101545646,43.03034254,C662,_,00320,58
C662__00310.58,11.900403084490884,43.02601333,C662,_,00310,58
C662__00290.58,11.863036612954888,43.029509875,C662,_,00290,58
C662__00280.58,11.960794944939568,43.042335175,C662,_,00280,58
C662__00270.58,11.946291916999881,43.042481374999994,C662,_,00270,58
C662__00240.58,11.919797754905293,43.02866254,C662,_,00240,58
C662__00230.58,11.917484039650207,43.03787959,C662,_,00230,58
C662__00210.58,11.889216787430046,43.038334545,C662,_,00210,58
C662__00190.58,11.880986582756687,43.04143137,C662,_,00190,58
C662__00170.58,11.975964350603629,43.04298281,C662,_,00170,58
C662__00160.58,11.950127168883462,43.050596465,C662,_,00160,58
C662__00150.58,11.96122286519155,43.066400215,C662,_,00150,58
C662__00140.58,11.943524854144812,43.04943401,C662,_,00140,58
C662__00130.58,11.925927933397588,43.047246709999996,C662,_,00130,58
C662__00110.58,11.919858910395725,43.051555125,C662,_,00110,58
C662__00100.58,11.905948314198245,43.04956065499999,C662,_,00100,58
C662__00090.58,11.93181880173238,43.0627703,C662,_,00090,58
C662__00060.58,11.894996212333009,43.062110239999996,C662,_,00060,58
C662__00030.58,11.9158431549923,43.063722995,C662,_,00030,58
C662__00070.580,11.911118448269196,43.05713445,C662,_,00070,580
C662__00560.580,11.942561363085668,43.00944751,C662,_,00560,580
C662__00500.580,11.9524085700516,43.01702076,C662,_,00500,580
C662__00070.581,11.910511433590646,43.056916785,C662,_,00070,581
C662__00560.581,11.942654022135418,43.00888887,C662,_,00560,581
C662__00500.581,11.951380599385985,43.016660155,C662,_,00500,581
C662__00070.582,11.910828152796455,43.05689346,C662,_,00070,582
C662__00500.582,11.951055650863525,43.01748911,C662,_,00500,582
C662__00480.582,11.93523828808186,43.024262215,C662,_,00480,582
C662__00480.583,11.939779165840292,43.01907328,C662,_,00480,583
C662__00560.583,11.938876796175563,43.010224895,C662,_,00560,583
C662__00500.583,11.951087502420862,43.017829235,C662,_,00500,583
C662__00070.584,11.908330061074556,43.063130295,C662,_,00070,584
C662__00590.584,11.95415999854783,43.010515415,C662,_,00590,584
C662__00560.584,11.93908487703263,43.01020307,C662,_,00560,584
C662__00500.584,11.950866189315061,43.01802749,C662,_,00500,584
C662__00070.585,11.908755495994392,43.063212449999995,C662,_,00070,585
C662__00560.585,11.944660306094868,43.012621265,C662,_,00560,585
C662__00500.585,11.950948249694203,43.018173205,C662,_,00500,585
C662__00480.585,11.939735667341624,43.01917112,C662,_,00480,585
C662__00070.586,11.90868913610952,43.06279875,C662,_,00070,586
C662__00590.586,11.95450883128566,43.010445704999995,C662,_,00590,586
C662__00560.586,11.94440055834724,43.01248913,C662,_,00560,586
C662__00500.586,11.950929184939165,43.017988085,C662,_,00500,586
C662__00070.587,11.908944013891222,43.063008095,C662,_,00070,587
C662__00590.587,11.954801595332071,43.010373955000006,C662,_,00590,587
C662__00560.587,11.944646936442101,43.012390190000005,C662,_,00560,587
C662__00500.587,11.95107192656169,43.018159575,C662,_,00500,587
C662__00480.587,11.941399082414552,43.02536288,C662,_,00480,587
C662__00070.588,11.907024874928211,43.06264332,C662,_,00070,588
C662__0063.588,11.957240918353518,43.005203995,C662,_,0063,588
C662__00590.588,11.954765531745142,43.010249675,C662,_,00590,588
C662__00500.588,11.957471673671291,43.016860565,C662,_,00500,588
C662__00480.588,11.941001925828314,43.025156005,C662,_,00480,588
C662__00500.589,11.957672451906841,43.01677287,C662,_,00500,589
C662__00030.59,11.912632060286048,43.06448679,C662,_,00030,59
C662__00650.59,11.94123637832913,42.992635879999995,C662,_,00650,59
C662__0063.59,11.956045479380862,43.004747519999995,C662,_,0063,59
C662__00610.59,11.921386704010516,43.002087544999995,C662,_,00610,59
C662__00600.59,11.916444993539425,42.996409435000004,C662,_,00600,59
C662__00590.59,11.966868584739135,43.013624539999995,C662,_,00590,59
C662__00570.59,11.935514169664167,43.007286445,C662,_,00570,59
C662__00560.59,11.942782281053915,43.015565655,C662,_,00560,59
C662__00550.59,11.919497571574718,43.009803065,C662,_,00550,59
C662__00510.59,11.958681579478192,43.02084969,C662,_,00510,59
C662__00500.59,11.947046500857162,43.02339044,C662,_,00500,59
C662__00490.59,11.948360872128355,43.01737343,C662,_,00490,59
C662__00470.59,11.921760461823759,43.02084992,C662,_,00470,59
C662__00440.59,11.895674479099934,43.02015616,C662,_,00440,59
C662__00430.59,11.891305698275094,43.023041135,C662,_,00430,59
C662__00420.59,11.881363894520586,43.025452115,C662,_,00420,59
C662__00400.59,11.868409241184626,43.02785593,C662,_,00400,59
C662__00390.59,11.966936462747256,43.03812685,C662,_,00390,59
C662__00380.59,11.9586459549005,43.033463325,C662,_,00380,59
C662__00370.59,11.946934963539766,43.032108435,C662,_,00370,59
C662__00360.59,11.936224938099517,43.032420075000005,C662,_,00360,59
C662__00350.59,11.931758869577434,43.03179429,C662,_,00350,59
C662__00340.59,11.921100790945562,43.02457876,C662,_,00340,59
C662__00330.59,11.908415512981158,43.02814751,C662,_,00330,59
C662__00320.59,11.902161972915561,43.024269695,C662,_,00320,59
C662__00310.59,11.900728129212853,43.026023699999996,C662,_,00310,59
C662__00300.59,11.885840069375595,43.028455035,C662,_,00300,59
C662__00290.59,11.865243048391843,43.028974865,C662,_,00290,59
C662__00280.59,11.960584275473686,43.044299865,C662,_,00280,59
C662__00260.59,11.94074282366979,43.041381295,C662,_,00260,59
C662__00250.59,11.919402700793302,43.041922514999996,C662,_,00250,59
C662__00230.59,11.916371866818288,43.03680131,C662,_,00230,59
C662__00210.59,11.888737785992648,43.038616805000004,C662,_,00210,59
C662__00190.59,11.879756569456182,43.03806004,C662,_,00190,59
C662__00180.59,11.898812542506349,43.044850894999996,C662,_,00180,59
C662__00170.59,11.976256389666194,43.042839455,C662,_,00170,59
C662__00160.59,11.95674410874426,43.048927355000004,C662,_,00160,59
C662__00150.59,11.961347629792211,43.06752118,C662,_,00150,59
C662__00140.59,11.941881596624974,43.04831954,C662,_,00140,59
C662__00130.59,11.926656880111059,43.04746276,C662,_,00130,59
C662__00100.59,11.906957426841581,43.05002327,C662,_,00100,59
C662__00090.59,11.930699453364717,43.062246465,C662,_,00090,59
C662__00080.59,11.912878824644372,43.060976905000004,C662,_,00080,59
C662__00060.59,11.902365573112542,43.05983361,C662,_,00060,59
C662__00500.590,11.957761529157121,43.01676628,C662,_,00500,590
C662__00630.590,11.956086451069265,42.995138229999995,C662,_,00630,590
C662__00560.590,11.944764379960805,43.012307289999995,C662,_,00560,590
C662__00480.591,11.936434912684721,43.02330538,C662,_,00480,591
C662__00560.591,11.944741869237555,43.01230487,C662,_,00560,591
C662__00500.591,11.957787614460877,43.01685786,C662,_,00500,591
C662__00480.592,11.935836576466382,43.02365241,C662,_,00480,592
C662__00590.592,11.9518745783253,43.006795295,C662,_,00590,592
C662__00500.592,11.951358081198261,43.016424125,C662,_,00500,592
C662__00500.593,11.951337160383781,43.01626826,C662,_,00500,593
C662__00590.593,11.956639443154069,43.007741795,C662,_,00590,593
C662__00560.593,11.944912428486301,43.012933445,C662,_,00560,593
C662__00480.594,11.936581181695413,43.025253109999994,C662,_,00480,594
C662__00560.594,11.940508459786981,43.00966536,C662,_,00560,594
C662__00500.594,11.9516397503132,43.016158085,C662,_,00500,594
C662__00480.595,11.946866489735468,43.020803355,C662,_,00480,595
C662__00560.595,11.943646159925857,43.01513563,C662,_,00560,595
C662__00500.595,11.951486248828973,43.016117295,C662,_,00500,595
C662__00500.596,11.951385538864026,43.016166815,C662,_,00500,596
C662__00560.596,11.943673559804038,43.01531487,C662,_,00560,596
C662__00500.597,11.956508119616228,43.01566495,C662,_,00500,597
C662__00480.598,11.94280052072944,43.020015375,C662,_,00480,598
C662__00560.598,11.92942988450255,43.013863115,C662,_,00560,598
C662__00500.599,11.95565484053575,43.01733649,C662,_,00500,599
C662__0063.599,11.959334852652134,43.00639375,C662,_,0063,599
C662__00010.6,11.918505234632203,43.07258718,C662,_,00010,6
C662__00670.6,11.937428191859034,42.987345015,C662,_,00670,6
C662__00650.6,11.934521398455201,42.998662115,C662,_,00650,6
C662__00640.6,11.92887851384494,42.99649633,C662,_,00640,6
C662__0063.6,11.952150388345473,43.00585408,C662,_,0063,6
C662__00620.6,11.937749643648495,43.003392655,C662,_,00620,6
C662__00610.6,11.93192549301363,43.003189465000005,C662,_,00610,6
C662__00600.6,11.917999895902266,43.00650351,C662,_,00600,6
C662__00590.6,11.946651947507167,43.014108324999995,C662,_,00590,6
C662__00580.6,11.947836007606575,43.01214177,C662,_,00580,6
C662__00570.6,11.928049931408182,43.010584715,C662,_,00570,6
C662__00560.6,11.935243913391893,43.01629394,C662,_,00560,6
C662__00550.6,11.928587553551822,43.015036445,C662,_,00550,6
C662__00540.6,11.914452992999337,43.01445055,C662,_,00540,6
C662__00530.6,11.90852637121166,43.01332625,C662,_,00530,6
C662__00510.6,11.962953662134144,43.03023118,C662,_,00510,6
C662__00500.6,11.954231774784041,43.02737429,C662,_,00500,6
C662__00480.6,11.943835245965282,43.029739405,C662,_,00480,6
C662__00460.6,11.910340151579796,43.021236474999995,C662,_,00460,6
C662__00450.6,11.909207105420029,43.02317225,C662,_,00450,6
C662__00440.6,11.892133337332691,43.02003983,C662,_,00440,6
C662__00420.6,11.88116258748877,43.026601025000005,C662,_,00420,6
C662__00400.6,11.86678128498519,43.027797925,C662,_,00400,6
C662__00360.6,11.942824028709287,43.039880745000005,C662,_,00360,6
C662__00350.6,11.932290634450005,43.037529745,C662,_,00350,6
C662__00340.6,11.92263947450812,43.029818375,C662,_,00340,6
C662__00330.6,11.914576049894656,43.031152864999996,C662,_,00330,6
C662__00320.6,11.905992260945574,43.034096665,C662,_,00320,6
C662__00310.6,11.896128418946212,43.031947935,C662,_,00310,6
C662__00300.6,11.88699556169908,43.033614215,C662,_,00300,6
C662__00290.6,11.874911417734717,43.035844005,C662,_,00290,6
C662__00270.6,11.954637895182831,43.049322794999995,C662,_,00270,6
C662__00260.6,11.936341453603328,43.04633033,C662,_,00260,6
C662__00240.6,11.921084945353378,43.040718305,C662,_,00240,6
C662__00230.6,11.910502647466469,43.043802819999996,C662,_,00230,6
C662__00220.6,11.90824385798305,43.044944515,C662,_,00220,6
C662__00210.6,11.889011371355881,43.041314645,C662,_,00210,6
C662__00200.6,11.88461406365619,43.045484235,C662,_,00200,6
C662__00190.6,11.880611019671502,43.041881045,C662,_,00190,6
C662__00180.6,11.904994964355705,43.04899302,C662,_,00180,6
C662__00170.6,11.978570789975805,43.05809319,C662,_,00170,6
C662__00160.6,11.954456692954881,43.05016075,C662,_,00160,6
C662__00150.6,11.96465714003665,43.066516775,C662,_,00150,6
C662__00140.6,11.93490157491468,43.052735444999996,C662,_,00140,6
C662__00130.6,11.92468707919748,43.047138625,C662,_,00130,6
C662__00120.6,11.925833784297838,43.050682179999995,C662,_,00120,6
C662__00110.6,11.913973396447517,43.051981585,C662,_,00110,6
C662__00070.6,11.910266901354815,43.062935935,C662,_,00070,6
C662__00060.6,11.890381846498565,43.0596242,C662,_,00060,6
C662__00050.6,11.924475135476746,43.073680475,C662,_,00050,6
C662__00040.6,11.923449770404504,43.06405897,C662,_,00040,6
C662__00030.6,11.920130525240232,43.060676555,C662,_,00030,6
C662__00020.6,11.908580281631187,43.065589255,C662,_,00020,6
C662__00020.60,11.909599462709117,43.0635548,C662,_,00020,60
C662__00680.60,11.956096886529888,42.98297083,C662,_,00680,60
C662__00650.60,11.941785281611523,42.99336753,C662,_,00650,60
C662__00640.60,11.93519695602508,42.99199187,C662,_,00640,60
C662__00610.60,11.922635220189301,42.997858815,C662,_,00610,60
C662__00600.60,11.918122979341664,42.99562382,C662,_,00600,60
C662__00590.60,11.948706061392123,43.012473415,C662,_,00590,60
C662__00570.60,11.932395663417303,43.00517094,C662,_,00570,60
C662__00560.60,11.939137244398985,43.01497438,C662,_,00560,60
C662__00550.60,11.926846510460738,43.014189915,C662,_,00550,60
C662__00520.60,11.960306251088141,43.019675645,C662,_,00520,60
C662__00510.60,11.960121787003603,43.022029520000004,C662,_,00510,60
C662__00500.60,11.9474409909808,43.023411815,C662,_,00500,60
C662__00490.60,11.948380694336729,43.017314475,C662,_,00490,60
C662__00480.60,11.939351274467228,43.024493865,C662,_,00480,60
C662__00450.60,11.905982159914132,43.018570464999996,C662,_,00450,60
C662__00430.60,11.891699540196003,43.023161325000004,C662,_,00430,60
C662__00390.60,11.968359201412596,43.040670585,C662,_,00390,60
C662__00380.60,11.960524451315457,43.033818175,C662,_,00380,60
C662__00360.60,11.93621884652443,43.032249414999995,C662,_,00360,60
C662__00340.60,11.92882354061536,43.029600805,C662,_,00340,60
C662__00320.60,11.902455105381236,43.02170948,C662,_,00320,60
C662__00310.60,11.899406597224742,43.02514339,C662,_,00310,60
C662__00300.60,11.883686870856458,43.02870877,C662,_,00300,60
C662__00290.60,11.867735989159957,43.028494075,C662,_,00290,60
C662__00280.60,11.96087371896241,43.042078525,C662,_,00280,60
C662__00270.60,11.947930011219086,43.042429325,C662,_,00270,60
C662__00260.60,11.941027411107246,43.042336245,C662,_,00260,60
C662__00250.60,11.922117588673197,43.04203049,C662,_,00250,60
C662__00240.60,11.921126590941423,43.028746485,C662,_,00240,60
C662__00230.60,11.916292720186757,43.036244569999994,C662,_,00230,60
C662__00220.60,11.907176886653478,43.035467235,C662,_,00220,60
C662__00210.60,11.888947511372928,43.039695015,C662,_,00210,60
C662__00180.60,11.901346162774281,43.049993029999996,C662,_,00180,60
C662__00170.60,11.976629500787446,43.042582325,C662,_,00170,60
C662__00150.60,11.959067071875767,43.068065974999996,C662,_,00150,60
C662__00140.60,11.948784548420509,43.050607685,C662,_,00140,60
C662__00130.60,11.927327950738508,43.04765621,C662,_,00130,60
C662__00110.60,11.920788552437235,43.05167123,C662,_,00110,60
C662__00090.60,11.931774592296403,43.05906116,C662,_,00090,60
C662__00060.60,11.90259616722031,43.05751988,C662,_,00060,60
C662__00500.600,11.95568017340922,43.017537255,C662,_,00500,600
C662__0063.600,11.959238749353762,43.006195930000004,C662,_,0063,600
C662__00590.600,11.951883105990616,43.01293943,C662,_,00590,600
C662__00560.600,11.930352288395005,43.014245955,C662,_,00560,600
C662__00070.601,11.9118821465213,43.062683365,C662,_,00070,601
C662__00590.601,11.952417317196481,43.013473675,C662,_,00590,601
C662__00500.601,11.95651043442442,43.01731586,C662,_,00500,601
C662__00480.601,11.937483667324852,43.02732465,C662,_,00480,601
C662__00480.602,11.938294794044145,43.027009885,C662,_,00480,602
C662__00590.602,11.953161297902401,43.01368787,C662,_,00590,602
C662__00500.602,11.955854921638842,43.017343635,C662,_,00500,602
C662__00070.603,11.91261449028682,43.055049425,C662,_,00070,603
C662__0063.603,11.953886208599586,43.00345832,C662,_,0063,603
C662__00590.603,11.953206552573446,43.013839540000006,C662,_,00590,603
C662__00560.603,11.930351265852877,43.014163365,C662,_,00560,603
C662__00500.603,11.954954854895494,43.017319895,C662,_,00500,603
C662__00480.603,11.937667470275699,43.026761019999995,C662,_,00480,603
C662__00070.604,11.912751362819222,43.05503745,C662,_,00070,604
C662__00500.604,11.955275092854064,43.017226035,C662,_,00500,604
C662__00480.604,11.937237210308028,43.026628055,C662,_,00480,604
C662__00070.605,11.912548597333661,43.054881484999996,C662,_,00070,605
C662__00590.605,11.952834087565803,43.014291845,C662,_,00590,605
C662__00500.605,11.957235620630358,43.016814960000005,C662,_,00500,605
C662__00480.605,11.938934962103524,43.02655801,C662,_,00480,605
C662__00070.606,11.912580969350687,43.054986740000004,C662,_,00070,606
C662__00480.606,11.93860834115986,43.02646638,C662,_,00480,606
C662__00070.607,11.915574714726413,43.0570465,C662,_,00070,607
C662__00590.607,11.952769360428722,43.014496055,C662,_,00590,607
C662__00480.607,11.943148889798282,43.019622385,C662,_,00480,607
C662__00070.608,11.916275584132581,43.05651408,C662,_,00070,608
C662__00500.608,11.959497902042234,43.016323099999994,C662,_,00500,608
C662__00070.609,11.916493023198736,43.056094605,C662,_,00070,609
C662__0063.609,11.955456322326869,43.003292865000006,C662,_,0063,609
C662__00560.609,11.937251081450913,43.01440823,C662,_,00560,609
C662__00480.609,11.942918658881402,43.024920449999996,C662,_,00480,609
C662__00020.61,11.909452309860228,43.063562045,C662,_,00020,61
C662__00670.61,11.945427572584501,42.985293240000004,C662,_,00670,61
C662__00650.61,11.94213726593238,42.993585769999996,C662,_,00650,61
C662__00620.61,11.949628453681452,43.000656785000004,C662,_,00620,61
C662__00610.61,11.923743107487791,42.998398730000005,C662,_,00610,61
C662__00590.61,11.950496785934387,43.01193776,C662,_,00590,61
C662__00580.61,11.94576219852246,43.011592095,C662,_,00580,61
C662__00560.61,11.94428867520222,43.01545737,C662,_,00560,61
C662__00550.61,11.925715031979408,43.008828875,C662,_,00550,61
C662__00530.61,11.91076899155252,43.01488992,C662,_,00530,61
C662__00510.61,11.960737746263721,43.02202818,C662,_,00510,61
C662__00500.61,11.94877665794116,43.023490795,C662,_,00500,61
C662__00490.61,11.948119036314399,43.01565402,C662,_,00490,61
C662__00470.61,11.922546529310488,43.018260205000004,C662,_,00470,61
C662__00460.61,11.909277497764975,43.01775213,C662,_,00460,61
C662__00450.61,11.897348110290288,43.01952311,C662,_,00450,61
C662__00390.61,11.966693476617493,43.037361135,C662,_,00390,61
C662__00380.61,11.958673629070992,43.032928010000006,C662,_,00380,61
C662__00370.61,11.947649656758475,43.03220484,C662,_,00370,61
C662__00330.61,11.91262592170619,43.027353505,C662,_,00330,61
C662__00310.61,11.899125256460575,43.02495098,C662,_,00310,61
C662__00300.61,11.883389516446762,43.02792424,C662,_,00300,61
C662__00280.61,11.960955142019664,43.04131383,C662,_,00280,61
C662__00270.61,11.9494104841819,43.04257565,C662,_,00270,61
C662__00250.61,11.920597659916318,43.04309952,C662,_,00250,61
C662__00240.61,11.921566929638928,43.0287812,C662,_,00240,61
C662__00220.61,11.907981871962342,43.03588716,C662,_,00220,61
C662__00210.61,11.889478999980106,43.04155224,C662,_,00210,61
C662__00190.61,11.882348947051446,43.0344801,C662,_,00190,61
C662__00170.61,11.97526564293613,43.042088815,C662,_,00170,61
C662__00160.61,11.956770334554601,43.05107337,C662,_,00160,61
C662__00150.61,11.9616415334309,43.065615785,C662,_,00150,61
C662__00140.61,11.949582466675853,43.051038415,C662,_,00140,61
C662__00110.61,11.920476057719684,43.052054125,C662,_,00110,61
C662__00080.61,11.912329106075088,43.061604689999996,C662,_,00080,61
C662__00070.61,11.913161083725461,43.056505955,C662,_,00070,61
C662__00060.61,11.90316050528195,43.057628554999994,C662,_,00060,61
C662__00030.61,11.92040255525648,43.059635695,C662,_,00030,61
C662__00070.610,11.916476599919768,43.056361445,C662,_,00070,610
C662__00560.610,11.937880491621792,43.01403277,C662,_,00560,610
C662__00480.610,11.94367362351639,43.024979009999996,C662,_,00480,610
C662__00070.611,11.915840062288797,43.05684084,C662,_,00070,611
C662__0063.611,11.958129600797452,43.004896155,C662,_,0063,611
C662__00500.611,11.946727192238448,43.024730595,C662,_,00500,611
C662__00070.612,11.916001676970854,43.05671694,C662,_,00070,612
C662__00560.612,11.93912058778427,43.017616305000004,C662,_,00560,612
C662__00070.613,11.915698363701459,43.056950815,C662,_,00070,613
C662__0063.613,11.953131102176766,43.00339439,C662,_,0063,613
C662__00590.613,11.954396792701983,43.00984415,C662,_,00590,613
C662__00480.613,11.945736057276676,43.02014137,C662,_,00480,613
C662__00070.614,11.915327399999999,43.05715453,C662,_,00070,614
C662__00590.614,11.955482009063513,43.01064217,C662,_,00590,614
C662__00500.614,11.947041491617753,43.02453077,C662,_,00500,614
C662__00480.614,11.946515359930196,43.020651555,C662,_,00480,614
C662__00070.615,11.915447153880102,43.057118155,C662,_,00070,615
C662__00560.615,11.937761658188098,43.009357125,C662,_,00560,615
C662__00070.616,11.910790242868309,43.06256162,C662,_,00070,616
C662__00560.616,11.938029671181631,43.00954453,C662,_,00560,616
C662__00500.616,11.948817245885092,43.018228465,C662,_,00500,616
C662__00480.616,11.945074059100872,43.02402332,C662,_,00480,616
C662__00070.617,11.910786038448503,43.062605855,C662,_,00070,617
C662__0063.617,11.955361355288773,43.002717765,C662,_,0063,617
C662__00590.617,11.955074898552663,43.01083841,C662,_,00590,617
C662__00560.617,11.938105100299605,43.00963864,C662,_,00560,617
C662__00500.617,11.948347578382887,43.018590020000005,C662,_,00500,617
C662__00070.618,11.912258550844701,43.055132085,C662,_,00070,618
C662__0063.618,11.957302224557157,43.005719735,C662,_,0063,618
C662__00560.618,11.938456776060644,43.009474675,C662,_,00560,618
C662__00500.618,11.948833868462177,43.0183367,C662,_,00500,618
C662__00480.618,11.945940441899758,43.024529485,C662,_,00480,618
C662__00070.619,11.912237072832866,43.055287205,C662,_,00070,619
C662__00560.619,11.938198128307235,43.00940175,C662,_,00560,619
C662__00500.619,11.94881394591795,43.018288784999996,C662,_,00500,619
C662__00020.62,11.90921922178373,43.063516054999994,C662,_,00020,62
C662__00660.62,11.947254575787252,42.98952923,C662,_,00660,62
C662__00650.62,11.943184754464678,42.992894565,C662,_,00650,62
C662__0063.62,11.957775534906581,43.005252185,C662,_,0063,62
C662__00600.62,11.921426014463432,43.003474185,C662,_,00600,62
C662__00560.62,11.944486352621276,43.015431085,C662,_,00560,62
C662__00550.62,11.924227413653085,43.008345844999994,C662,_,00550,62
C662__00530.62,11.910711008086931,43.01472719,C662,_,00530,62
C662__00520.62,11.961116014622894,43.019407465,C662,_,00520,62
C662__00510.62,11.960848623908909,43.021934040000005,C662,_,00510,62
C662__00500.62,11.949705789271079,43.0236293,C662,_,00500,62
C662__00490.62,11.948230812629308,43.017387785,C662,_,00490,62
C662__00470.62,11.92298857123047,43.02033995,C662,_,00470,62
C662__00440.62,11.892208240794425,43.01821588,C662,_,00440,62
C662__00390.62,11.966823693788225,43.03692759,C662,_,00390,62
C662__00380.62,11.960569600887357,43.033339935,C662,_,00380,62
C662__00360.62,11.936638006223406,43.032150645,C662,_,00360,62
C662__00350.62,11.93297580891501,43.03170488,C662,_,00350,62
C662__00330.62,11.915882406149898,43.02699289,C662,_,00330,62
C662__00320.62,11.90005895853962,43.029698615,C662,_,00320,62
C662__00320.62,11.899495938156928,43.02897632,C662,_,00320,62
C662__00310.62,11.891300016046984,43.0267674,C662,_,00310,62
C662__00300.62,11.884416718837805,43.027734525,C662,_,00300,62
C662__00280.62,11.9610171970853,43.040695465,C662,_,00280,62
C662__00270.62,11.951356443189542,43.041694469999996,C662,_,00270,62
C662__00250.62,11.927890664117681,43.037237335,C662,_,00250,62
C662__00240.62,11.9218167552261,43.02805988,C662,_,00240,62
C662__00230.62,11.91554664821309,43.03604075,C662,_,00230,62
C662__00220.62,11.908167169246493,43.03512787,C662,_,00220,62
C662__00210.62,11.888625794331084,43.04143768,C662,_,00210,62
C662__00190.62,11.884711763837345,43.03204045,C662,_,00190,62
C662__00180.62,11.89722032302252,43.049122025,C662,_,00180,62
C662__00170.62,11.975889749614295,43.042380165,C662,_,00170,62
C662__00150.62,11.962149361052646,43.06511758,C662,_,00150,62
C662__00090.62,11.930123683847272,43.059891914999994,C662,_,00090,62
C662__00080.62,11.913077862364402,43.06078215,C662,_,00080,62
C662__00070.62,11.913052915871862,43.055889485,C662,_,00070,62
C662__00060.62,11.905287940142955,43.06174684,C662,_,00060,62
C662__00030.62,11.918379178213783,43.060973669999996,C662,_,00030,62
C662__00070.620,11.912427970868649,43.054952375,C662,_,00070,620
C662__00560.620,11.937961560496472,43.009357125,C662,_,00560,620
C662__00070.621,11.917642500374356,43.054393649999994,C662,_,00070,621
C662__00590.621,11.955217335855316,43.01063773,C662,_,00590,621
C662__00500.621,11.94832480782494,43.01975735,C662,_,00500,621
C662__00070.622,11.917581386157924,43.05418674,C662,_,00070,622
C662__00590.622,11.95210626907173,43.013318915,C662,_,00590,622
C662__00560.622,11.93326713148979,43.011586980000004,C662,_,00560,622
C662__00500.622,11.95824748291989,43.023417955,C662,_,00500,622
C662__00480.622,11.93688195114223,43.018644775,C662,_,00480,622
C662__00070.623,11.913675763543267,43.053019684999995,C662,_,00070,623
C662__00590.623,11.948635204408616,43.01351728,C662,_,00590,623
C662__00560.623,11.934412405337714,43.016950550000004,C662,_,00560,623
C662__00500.623,11.954149441209712,43.020228505,C662,_,00500,623
C662__00480.623,11.937231066257278,43.018429055,C662,_,00480,623
C662__00070.624,11.91362143690389,43.05287724,C662,_,00070,624
C662__0063.624,11.953839661213149,43.003152154999995,C662,_,0063,624
C662__00590.624,11.949679532351986,43.013539089999995,C662,_,00590,624
C662__00560.624,11.934771443382633,43.017059325,C662,_,00560,624
C662__00480.624,11.938616994415355,43.022674980000005,C662,_,00480,624
C662__00070.625,11.916052902680594,43.05371897,C662,_,00070,625
C662__0063.625,11.95536287795433,43.003167775,C662,_,0063,625
C662__00560.625,11.935169796666626,43.017059325,C662,_,00560,625
C662__00500.625,11.953654725067729,43.019684095,C662,_,00500,625
C662__00070.626,11.91631419203433,43.05359452,C662,_,00070,626
C662__00590.626,11.951080020811734,43.012882669999996,C662,_,00590,626
C662__00500.626,11.952403694046431,43.019848005,C662,_,00500,626
C662__00480.626,11.93912750674594,43.022886445,C662,_,00480,626
C662__00070.627,11.912067384252007,43.057606725,C662,_,00070,627
C662__00500.627,11.95427360112711,43.02168021,C662,_,00500,627
C662__00070.628,11.912810680330558,43.057600465,C662,_,00070,628
C662__00500.628,11.953964619267751,43.021529505000004,C662,_,00500,628
C662__00480.628,11.9393558314676,43.02251747,C662,_,00480,628
C662__00500.629,11.954066240068098,43.021447015,C662,_,00500,629
C662__00020.63,11.90940357383387,43.063448855,C662,_,00020,63
C662__00660.63,11.947790697981546,42.98958739,C662,_,00660,63
C662__00650.63,11.943660772585872,42.99255986,C662,_,00650,63
C662__00640.63,11.926707850510063,42.99610724,C662,_,00640,63
C662__0063.63,11.957939947265292,43.005224170000005,C662,_,0063,63
C662__00610.63,11.924963676834803,43.00422082,C662,_,00610,63
C662__00600.63,11.920962886510647,43.001801885000006,C662,_,00600,63
C662__00590.63,11.950236055040055,43.012480569999994,C662,_,00590,63
C662__00570.63,11.933178915169854,43.005205525,C662,_,00570,63
C662__00560.63,11.944844084152171,43.01538461,C662,_,00560,63
C662__00550.63,11.923752641724704,43.00740924,C662,_,00550,63
C662__00510.63,11.963331853556612,43.02993556,C662,_,00510,63
C662__00490.63,11.948192451274865,43.017330900000005,C662,_,00490,63
C662__00470.63,11.923740142957186,43.020803945,C662,_,00470,63
C662__00430.63,11.891540673597468,43.022637215,C662,_,00430,63
C662__00420.63,11.88043853460944,43.025609415,C662,_,00420,63
C662__00390.63,11.966809303279954,43.033097465,C662,_,00390,63
C662__00380.63,11.958888548956674,43.03265647,C662,_,00380,63
C662__00370.63,11.943539276734537,43.03144487,C662,_,00370,63
C662__00350.63,11.933507451405617,43.03142886,C662,_,00350,63
C662__00330.63,11.909894384652095,43.02545245,C662,_,00330,63
C662__00310.63,11.891812948602503,43.026517534999996,C662,_,00310,63
C662__00300.63,11.885030878955197,43.027147845,C662,_,00300,63
C662__00290.63,11.86903946455212,43.02847604,C662,_,00290,63
C662__00280.63,11.955703906140581,43.038572805,C662,_,00280,63
C662__00270.63,11.952770810997125,43.04214024,C662,_,00270,63
C662__00260.63,11.942454469969652,43.04283848,C662,_,00260,63
C662__00250.63,11.929078774488366,43.037164765,C662,_,00250,63
C662__00240.63,11.919665724131324,43.027331704999995,C662,_,00240,63
C662__00230.63,11.908959266574676,43.0352958,C662,_,00230,63
C662__00220.63,11.908329153887331,43.046770415,C662,_,00220,63
C662__00210.63,11.889781984909458,43.04096621,C662,_,00210,63
C662__00190.63,11.884189570053818,43.031667745,C662,_,00190,63
C662__00180.63,11.904841143874865,43.047311910000005,C662,_,00180,63
C662__00170.63,11.976059677411751,43.042171205,C662,_,00170,63
C662__00160.63,11.957247902607973,43.050447265,C662,_,00160,63
C662__00150.63,11.952197918905808,43.062881829999995,C662,_,00150,63
C662__00140.63,11.935542264904138,43.053502595,C662,_,00140,63
C662__00090.63,11.929932527688173,43.059963665,C662,_,00090,63
C662__00080.63,11.913715894188584,43.06005054,C662,_,00080,63
C662__00070.63,11.912938559849032,43.0557884,C662,_,00070,63
C662__00030.63,11.917794187152122,43.060625575,C662,_,00030,63
C662__00500.630,11.953942155819561,43.021332900000004,C662,_,00500,630
C662__00590.630,11.956422803735613,43.00722399,C662,_,00590,630
C662__00560.630,11.940536683614871,43.016352345,C662,_,00560,630
C662__00500.631,11.952737121129058,43.02131468,C662,_,00500,631
C662__00590.631,11.95523316782896,43.007021345,C662,_,00590,631
C662__00560.631,11.940761909948996,43.015984045,C662,_,00560,631
C662__00500.632,11.953793908251239,43.021627069999994,C662,_,00500,632
C662__00590.632,11.955522334536393,43.00706339,C662,_,00590,632
C662__00560.632,11.944444396495665,43.010802755,C662,_,00560,632
C662__00070.633,11.911252329195513,43.062603075,C662,_,00070,633
C662__00560.633,11.94442469682084,43.010354129999996,C662,_,00560,633
C662__00500.633,11.953948149058345,43.021520620000004,C662,_,00500,633
C662__00480.634,11.943782777518976,43.01736184,C662,_,00480,634
C662__00560.634,11.944020669255234,43.010310595,C662,_,00560,634
C662__00500.634,11.955704813666639,43.018939435,C662,_,00500,634
C662__00480.635,11.945825255669291,43.01703304,C662,_,00480,635
C662__00560.635,11.944334279990944,43.009942699999996,C662,_,00560,635
C662__00500.635,11.955612894851253,43.018776855,C662,_,00500,635
C662__00480.636,11.945718122455974,43.019640705,C662,_,00480,636
C662__00560.636,11.944581536757815,43.010464729999995,C662,_,00560,636
C662__00500.636,11.953960875364874,43.019077339999996,C662,_,00500,636
C662__00500.637,11.953852581203275,43.01849705,C662,_,00500,637
C662__00480.638,11.940261278916747,43.025162995,C662,_,00480,638
C662__00590.638,11.959490645876649,43.01230917,C662,_,00590,638
C662__00500.638,11.951543147620844,43.016440810000006,C662,_,00500,638
C662__00480.639,11.935826747516192,43.021867665,C662,_,00480,639
C662__00590.639,11.959844188777046,43.012273855000004,C662,_,00590,639
C662__00500.639,11.949638276781505,43.0165894,C662,_,00500,639
C662__00020.64,11.90963812306114,43.0634184,C662,_,00020,64
C662__00660.64,11.949007538171882,42.989610424999995,C662,_,00660,64
C662__00650.64,11.943840315199381,42.993135905,C662,_,00650,64
C662__00640.64,11.931425692204071,42.991415024999995,C662,_,00640,64
C662__0063.64,11.958094447162804,43.005192980000004,C662,_,0063,64
C662__00620.64,11.950095140970332,43.00028403,C662,_,00620,64
C662__00610.64,11.922920824352659,43.001682685,C662,_,00610,64
C662__00600.64,11.920441685685711,42.999967325,C662,_,00600,64
C662__00590.64,11.950475339214155,43.012793605,C662,_,00590,64
C662__00580.64,11.939957196999352,43.007509335,C662,_,00580,64
C662__00570.64,11.934419422149942,43.00648891,C662,_,00570,64
C662__00550.64,11.929770143918557,43.01596398,C662,_,00550,64
C662__00530.64,11.91209295320553,43.014653785,C662,_,00530,64
C662__00520.64,11.961464633410017,43.01940081,C662,_,00520,64
C662__00510.64,11.959299463463683,43.020553245,C662,_,00510,64
C662__00500.64,11.95093877961813,43.023410569999996,C662,_,00500,64
C662__00480.64,11.941463604727609,43.02558202,C662,_,00480,64
C662__00470.64,11.925041477310788,43.02019783,C662,_,00470,64
C662__00460.64,11.907313853744714,43.017637175000004,C662,_,00460,64
C662__00440.64,11.892700516432885,43.018294444999995,C662,_,00440,64
C662__00430.64,11.890443614402471,43.024073725,C662,_,00430,64
C662__00420.64,11.879511617248465,43.025546035000005,C662,_,00420,64
C662__00390.64,11.972624323436266,43.030765654999996,C662,_,00390,64
C662__00380.64,11.962091898041539,43.032761265000005,C662,_,00380,64
C662__00370.64,11.943710346253862,43.031297214999995,C662,_,00370,64
C662__00350.64,11.933844643011973,43.03131408,C662,_,00350,64
C662__00340.64,11.930659145320316,43.025774185,C662,_,00340,64
C662__00330.64,11.91016501222374,43.02606436,C662,_,00330,64
C662__00320.64,11.907619549337333,43.03405351,C662,_,00320,64
C662__00310.64,11.892350361907933,43.02612404,C662,_,00310,64
C662__00300.64,11.886660779606983,43.027751075,C662,_,00300,64
C662__00290.64,11.872766784854837,43.027901345000004,C662,_,00290,64
C662__00270.64,11.952534015452422,43.04180378,C662,_,00270,64
C662__00260.64,11.942252042666087,43.042686555,C662,_,00260,64
C662__00250.64,11.92814293811309,43.038288165,C662,_,00250,64
C662__00230.64,11.909207438891023,43.03493888,C662,_,00230,64
C662__00220.64,11.90751980029427,43.042441464999996,C662,_,00220,64
C662__00210.64,11.889896184280897,43.04052567,C662,_,00210,64
C662__00200.64,11.882209575541154,43.043623605,C662,_,00200,64
C662__00190.64,11.87786462290107,43.045005215,C662,_,00190,64
C662__00180.64,11.888903020728534,43.0448519,C662,_,00180,64
C662__00170.64,11.974354728001945,43.041052365,C662,_,00170,64
C662__00160.64,11.954669366217807,43.05122193,C662,_,00160,64
C662__00150.64,11.95233367101742,43.060323075,C662,_,00150,64
C662__00140.64,11.940735540686227,43.05252801499999,C662,_,00140,64
C662__00110.64,11.9208948107197,43.051155905,C662,_,00110,64
C662__00100.64,11.90559989329638,43.04960792999999,C662,_,00100,64
C662__00090.64,11.929693232715888,43.060724925,C662,_,00090,64
C662__00030.64,11.910925726795297,43.064001805,C662,_,00030,64
C662__00500.640,11.949771006234567,43.0165894,C662,_,00500,640
C662__00590.640,11.960568118182149,43.01221061,C662,_,00590,640
C662__00560.640,11.938144904818202,43.010778355,C662,_,00560,640
C662__00480.641,11.94345454859669,43.022325845,C662,_,00480,641
C662__00590.641,11.96088151861932,43.00770954,C662,_,00590,641
C662__00560.641,11.93852975321771,43.010531085,C662,_,00560,641
C662__00480.642,11.941932120361455,43.017423225,C662,_,00480,642
C662__00590.642,11.961638137279188,43.00822571,C662,_,00590,642
C662__00560.642,11.944431766082733,43.01090163,C662,_,00560,642
C662__00480.643,11.946900726009869,43.021736950000005,C662,_,00480,643
C662__00590.643,11.962127454061484,43.008495175,C662,_,00590,643
C662__00560.643,11.941882847726383,43.014246584999995,C662,_,00560,643
C662__00480.644,11.947090064966773,43.021623739999995,C662,_,00480,644
C662__00590.644,11.962857266440185,43.008836875,C662,_,00590,644
C662__00480.645,11.946575818444963,43.01863261,C662,_,00480,645
C662__0063.645,11.95552702810783,43.0021021,C662,_,0063,645
C662__00590.645,11.953077180152526,43.00618952000001,C662,_,00590,645
C662__00560.645,11.945881749116872,43.01390558,C662,_,00560,645
C662__00480.646,11.946550723285188,43.018666874999994,C662,_,00480,646
C662__00590.646,11.964349727357263,43.00935609,C662,_,00590,646
C662__00560.646,11.945764461853923,43.013876225000004,C662,_,00560,646
C662__00480.647,11.946217641687877,43.018197745,C662,_,00480,647
C662__00590.647,11.96478568506966,43.00949184,C662,_,00590,647
C662__00480.648,11.946229572003297,43.01805851,C662,_,00480,648
C662__00590.648,11.965155671751116,43.009605089999994,C662,_,00590,648
C662__00480.649,11.946583943042754,43.01866304,C662,_,00480,649
C662__00590.649,11.954871692100955,43.00557589,C662,_,00590,649
C662__00560.649,11.938637952015457,43.01422182,C662,_,00560,649
C662__00030.65,11.91088457684149,43.0639795,C662,_,00030,65
C662__00650.65,11.944169009714681,42.993428605,C662,_,00650,65
C662__00640.65,11.929479990063061,42.99061169,C662,_,00640,65
C662__0063.65,11.958428962086474,43.005422475,C662,_,0063,65
C662__00620.65,11.950546758859979,43.000344505,C662,_,00620,65
C662__00610.65,11.93378758569302,43.00367575,C662,_,00610,65
C662__00600.65,11.920559624617315,42.998356375,C662,_,00600,65
C662__00580.65,11.944963047629155,43.011332935,C662,_,00580,65
C662__00570.65,11.934456718125588,43.00599876,C662,_,00570,65
C662__00560.65,11.944973511889227,43.015351205,C662,_,00560,65
C662__00500.65,11.950065908367161,43.027237639999996,C662,_,00500,65
C662__00490.65,11.948206007634559,43.01726524,C662,_,00490,65
C662__00480.65,11.941806795292104,43.025307785,C662,_,00480,65
C662__00470.65,11.925205319871129,43.01861921,C662,_,00470,65
C662__00430.65,11.889783041099065,43.024229535,C662,_,00430,65
C662__00420.65,11.879669026057876,43.02535718,C662,_,00420,65
C662__00390.65,11.972427707957218,43.029468359999996,C662,_,00390,65
C662__00370.65,11.944892492136809,43.03076571,C662,_,00370,65
C662__00350.65,11.934701122429395,43.031733994999996,C662,_,00350,65
C662__00340.65,11.931038501760067,43.025863465,C662,_,00340,65
C662__00330.65,11.910993190087192,43.023590225,C662,_,00330,65
C662__00320.65,11.907924549668543,43.03296326,C662,_,00320,65
C662__00310.65,11.892717237299745,43.026553515,C662,_,00310,65
C662__00300.65,11.886480139361172,43.02659647,C662,_,00300,65
C662__00290.65,11.87434952797215,43.028557405,C662,_,00290,65
C662__00280.65,11.959376737569453,43.045759610000005,C662,_,00280,65
C662__00270.65,11.953182984056863,43.041874719999996,C662,_,00270,65
C662__00260.65,11.942069436607287,43.042266045,C662,_,00260,65
C662__00240.65,11.920565568716988,43.027336935,C662,_,00240,65
C662__00210.65,11.890520047852693,43.0402315,C662,_,00210,65
C662__00190.65,11.876942965572383,43.044570375000006,C662,_,00190,65
C662__00170.65,11.974902508559211,43.040623499999995,C662,_,00170,65
C662__00160.65,11.956645928774925,43.050795225,C662,_,00160,65
C662__00150.65,11.95225238410594,43.059979095,C662,_,00150,65
C662__00140.65,11.938238395695594,43.053054955,C662,_,00140,65
C662__00100.65,11.911441651239624,43.055012845,C662,_,00100,65
C662__00090.65,11.92943242031063,43.05678413,C662,_,00090,65
C662__00070.65,11.91278252293187,43.055309455,C662,_,00070,65
C662__00480.650,11.946254952816954,43.018184149999996,C662,_,00480,650
C662__0063.650,11.956498588903672,43.002932404999996,C662,_,0063,650
C662__00590.650,11.952269121668142,43.00726192,C662,_,00590,650
C662__00480.651,11.946540272052534,43.018634495,C662,_,00480,651
C662__0063.651,11.955023199791645,43.00230218,C662,_,0063,651
C662__00590.651,11.95791360442497,43.006783299999995,C662,_,00590,651
C662__00480.652,11.943700404868473,43.02426378,C662,_,00480,652
C662__00590.652,11.958362040513439,43.006742605,C662,_,00590,652
C662__00480.653,11.940978964229858,43.025747315000004,C662,_,00480,653
C662__00590.653,11.955236354904084,43.00546333,C662,_,00590,653
C662__00500.653,11.952184735203662,43.018841515,C662,_,00500,653
C662__00590.654,11.957761745892483,43.0066876,C662,_,00590,654
C662__00480.655,11.94082750093418,43.025585065,C662,_,00480,655
C662__00560.655,11.944812943895101,43.015196265,C662,_,00560,655
C662__00560.656,11.944972837862657,43.015230869999996,C662,_,00560,656
C662__0063.656,11.95245822713109,43.006032045,C662,_,0063,656
C662__00480.657,11.9364317702228,43.019139845,C662,_,00480,657
C662__0063.657,11.952917478371017,43.005913815,C662,_,0063,657
C662__00560.657,11.946041534518127,43.013537645,C662,_,00560,657
C662__00500.657,11.949785278199316,43.01587155,C662,_,00500,657
C662__00480.658,11.936826278851866,43.01904705,C662,_,00480,658
C662__00590.658,11.9565130406134,43.005899549999995,C662,_,00590,658
C662__00500.658,11.950125508201978,43.015978974999996,C662,_,00500,658
C662__00480.659,11.936926241578078,43.018996895,C662,_,00480,659
C662__00590.659,11.955150160514767,43.005922319999996,C662,_,00590,659
C662__00560.659,11.944801017741899,43.011610565,C662,_,00560,659
C662__00500.659,11.950268019635017,43.01588965,C662,_,00500,659
C662__00030.66,11.912326294940499,43.063015539999995,C662,_,00030,66
C662__00680.66,11.956045860870578,42.983552075,C662,_,00680,66
C662__00660.66,11.949362891195925,42.989073265,C662,_,00660,66
C662__00650.66,11.945070433231862,42.993003705,C662,_,00650,66
C662__00640.66,11.931325054791381,42.990579595,C662,_,00640,66
C662__00620.66,11.951615631670943,43.00108985,C662,_,00620,66
C662__00610.66,11.934048405892707,43.003456855,C662,_,00610,66
C662__00570.66,11.934895894341413,43.00612243,C662,_,00570,66
C662__00560.66,11.938140926080912,43.01461792,C662,_,00560,66
C662__00550.66,11.93057318856603,43.016776840000006,C662,_,00550,66
C662__00530.66,11.91372257520112,43.014100685,C662,_,00530,66
C662__00520.66,11.966280310789614,43.01935863,C662,_,00520,66
C662__00510.66,11.957616752842364,43.021699604999995,C662,_,00510,66
C662__00500.66,11.951843287029313,43.023305074999996,C662,_,00500,66
C662__00490.66,11.948251544664453,43.01718545,C662,_,00490,66
C662__00480.66,11.942667177959207,43.02527508,C662,_,00480,66
C662__00470.66,11.925715256056236,43.018239750000006,C662,_,00470,66
C662__00460.66,11.908594929762794,43.01753932,C662,_,00460,66
C662__00430.66,11.891492905065942,43.022130915,C662,_,00430,66
C662__00390.66,11.969423227339867,43.032993405,C662,_,00390,66
C662__00380.66,11.958618545366722,43.031847235,C662,_,00380,66
C662__00370.66,11.947118735253957,43.03200693,C662,_,00370,66
C662__00350.66,11.934566958195203,43.031366735,C662,_,00350,66
C662__00340.66,11.930696087749709,43.02642421,C662,_,00340,66
C662__00320.66,11.909811590709136,43.032200925,C662,_,00320,66
C662__00310.66,11.892834718610992,43.026195625,C662,_,00310,66
C662__00300.66,11.887743182182287,43.0271637,C662,_,00300,66
C662__00290.66,11.874468318485846,43.028187035,C662,_,00290,66
C662__00280.66,11.956563423459263,43.044189599999996,C662,_,00280,66
C662__00270.66,11.946760855915105,43.045749965,C662,_,00270,66
C662__00260.66,11.942535736095152,43.0422925,C662,_,00260,66
C662__00240.66,11.92120052871434,43.027632225,C662,_,00240,66
C662__00230.66,11.908273698901324,43.034622325,C662,_,00230,66
C662__00220.66,11.900792725097958,43.04200553,C662,_,00220,66
C662__00210.66,11.89031955786685,43.04039925,C662,_,00210,66
C662__00190.66,11.884598930379763,43.03195444,C662,_,00190,66
C662__00180.66,11.895167275801853,43.04506212,C662,_,00180,66
C662__00170.66,11.975257455419959,43.041121524999994,C662,_,00170,66
C662__00150.66,11.952360846572667,43.06000767,C662,_,00150,66
C662__00140.66,11.935721041247355,43.050445429999996,C662,_,00140,66
C662__00090.66,11.93091296391946,43.056484325,C662,_,00090,66
C662__00060.66,11.901243087940614,43.061119545,C662,_,00060,66
C662__00560.660,11.944601159309121,43.011645515,C662,_,00560,660
C662__0063.660,11.953474689977956,43.00303551499999,C662,_,0063,660
C662__00590.660,11.94863949159031,43.013081205,C662,_,00590,660
C662__00480.661,11.942934285866649,43.02271557,C662,_,00480,661
C662__0063.661,11.954122367902283,43.00515622,C662,_,0063,661
C662__00590.661,11.949220694069313,43.013564045,C662,_,00590,661
C662__00560.661,11.94617116720974,43.01384215,C662,_,00560,661
C662__00480.662,11.942768452094334,43.022462805,C662,_,00480,662
C662__00590.662,11.948818588988082,43.013047349999994,C662,_,00590,662
C662__00560.662,11.945913653684446,43.01344387,C662,_,00560,662
C662__00480.663,11.94644730263352,43.01824577,C662,_,00480,663
C662__0063.663,11.959134661146669,43.006446940000004,C662,_,0063,663
C662__00590.663,11.950289517064189,43.01316487,C662,_,00590,663
C662__00560.663,11.945911105627044,43.013086965,C662,_,00560,663
C662__00480.664,11.946709689948253,43.018292904999996,C662,_,00480,664
C662__0063.664,11.959409154478957,43.0065484,C662,_,0063,664
C662__00590.664,11.950391901374818,43.013282270000005,C662,_,00590,664
C662__00560.664,11.94577176215367,43.01334383,C662,_,00560,664
C662__00480.665,11.946083541648306,43.018077195000004,C662,_,00480,665
C662__00590.665,11.94890021521347,43.013329795000004,C662,_,00590,665
C662__00560.665,11.945699456594493,43.013193005000005,C662,_,00560,665
C662__00480.666,11.94618259772481,43.018054215,C662,_,00480,666
C662__00590.666,11.954040530611085,43.010725265000005,C662,_,00590,666
C662__00560.666,11.945926780766342,43.01401247,C662,_,00560,666
C662__00480.667,11.946152616409472,43.0183124,C662,_,00480,667
C662__00590.667,11.954322820692562,43.010683005000004,C662,_,00590,667
C662__00560.667,11.946533162556404,43.013663295,C662,_,00560,667
C662__00480.668,11.946341880524555,43.01818517,C662,_,00480,668
C662__0063.668,11.95533513899452,43.001719565,C662,_,0063,668
C662__00560.668,11.946109095225186,43.014079385,C662,_,00560,668
C662__00480.669,11.946299809822147,43.01808224,C662,_,00480,669
C662__00560.669,11.937657319402993,43.017137989999995,C662,_,00560,669
C662__00030.67,11.913065734686363,43.063005845,C662,_,00030,67
C662__00670.67,11.935236135723352,42.990651135,C662,_,00670,67
C662__00650.67,11.945322549127114,42.993105424999996,C662,_,00650,67
C662__00620.67,11.951606963969411,43.00051684,C662,_,00620,67
C662__00610.67,11.921016005130378,43.000505509999996,C662,_,00610,67
C662__00570.67,11.933748843631102,43.005032485,C662,_,00570,67
C662__00550.67,11.931032424204771,43.016717795000005,C662,_,00550,67
C662__00520.67,11.970193864721299,43.01902087,C662,_,00520,67
C662__00500.67,11.953060858227971,43.02311799,C662,_,00500,67
C662__00490.67,11.948514792900482,43.017236475000004,C662,_,00490,67
C662__00480.67,11.943364333490518,43.025210265,C662,_,00480,67
C662__00470.67,11.92617764131223,43.018052285,C662,_,00470,67
C662__00460.67,11.908334146780904,43.016481,C662,_,00460,67
C662__00450.67,11.904569070431322,43.01391865,C662,_,00450,67
C662__00390.67,11.970884041674903,43.028169385,C662,_,00390,67
C662__00380.67,11.959845258593482,43.031782050000004,C662,_,00380,67
C662__00340.67,11.929033771284832,43.02926741,C662,_,00340,67
C662__00310.67,11.89065880836461,43.026084815000004,C662,_,00310,67
C662__00290.67,11.874915820241114,43.028463605,C662,_,00290,67
C662__00280.67,11.959375567971524,43.04567903,C662,_,00280,67
C662__00270.67,11.949066979177687,43.04457015,C662,_,00270,67
C662__00240.67,11.921517367160776,43.027759515,C662,_,00240,67
C662__00230.67,11.908162340617867,43.034245764999994,C662,_,00230,67
C662__00210.67,11.890553608965906,43.039102885,C662,_,00210,67
C662__00190.67,11.883255266268746,43.035077285,C662,_,00190,67
C662__00170.67,11.973785815966938,43.04053533,C662,_,00170,67
C662__00150.67,11.952210962404436,43.05976841,C662,_,00150,67
C662__00140.67,11.934638291814991,43.05016302,C662,_,00140,67
C662__00110.67,11.915806748360824,43.04557733,C662,_,00110,67
C662__00100.67,11.90903131165333,43.04864381,C662,_,00100,67
C662__00090.67,11.930639607764641,43.056465505,C662,_,00090,67
C662__00070.67,11.912822913864407,43.054862695,C662,_,00070,67
C662__00480.670,11.946438302343395,43.018484345000005,C662,_,00480,670
C662__00590.670,11.95958937213797,43.0120598,C662,_,00590,670
C662__00560.670,11.93415423240009,43.013233845,C662,_,00560,670
C662__00480.671,11.946388984794503,43.018528195,C662,_,00480,671
C662__00590.671,11.960531511083262,43.012065539999995,C662,_,00590,671
C662__00560.671,11.940417206309426,43.009710555,C662,_,00560,671
C662__00480.672,11.946464332524835,43.018527175,C662,_,00480,672
C662__00480.673,11.946766855041886,43.018523529999996,C662,_,00480,673
C662__00590.673,11.953994521761539,43.009683960000004,C662,_,00590,673
C662__00480.674,11.946702392804404,43.01852754,C662,_,00480,674
C662__00590.674,11.962642425886488,43.013219665,C662,_,00590,674
C662__00480.675,11.946621145099508,43.018522669999996,C662,_,00480,675
C662__00590.675,11.963405365032875,43.013679265,C662,_,00590,675
C662__00500.675,11.949805835936793,43.01814174,C662,_,00500,675
C662__00480.676,11.946674690345137,43.018501985,C662,_,00480,676
C662__0063.676,11.952290376832437,43.00424229,C662,_,0063,676
C662__00590.676,11.963627207002062,43.013833745,C662,_,00590,676
C662__00480.677,11.94713839503219,43.01835785,C662,_,00480,677
C662__0063.677,11.958015864583526,43.00616719,C662,_,0063,677
C662__00590.677,11.963423052227714,43.014651605,C662,_,00590,677
C662__00500.677,11.946503149025325,43.02463381,C662,_,00500,677
C662__00480.678,11.947069398334182,43.018282154999994,C662,_,00480,678
C662__0063.678,11.955352254055075,43.00285993,C662,_,0063,678
C662__00590.678,11.962207846484981,43.012266585,C662,_,00590,678
C662__00480.679,11.947106811686108,43.01834351,C662,_,00480,679
C662__00590.679,11.962627313786893,43.01215904,C662,_,00590,679
C662__00560.679,11.93783965252291,43.010166955,C662,_,00560,679
C662__00500.679,11.94998775618248,43.02789841,C662,_,00500,679
C662__00020.68,11.909865394324203,43.063355705,C662,_,00020,68
C662__00680.68,11.955562400517369,42.98378528,C662,_,00680,68
C662__00670.68,11.933684888431607,42.990518275,C662,_,00670,68
C662__00660.68,11.953265074185405,42.989029335,C662,_,00660,68
C662__00650.68,11.944225657504791,42.992130380000006,C662,_,00650,68
C662__00640.68,11.922674936469935,42.99522124,C662,_,00640,68
C662__00620.68,11.952678073439866,43.000641535,C662,_,00620,68
C662__00610.68,11.921312464517378,43.00059396,C662,_,00610,68
C662__00600.68,11.921567145249838,43.003989605,C662,_,00600,68
C662__00590.68,11.951621644033239,43.012455349999996,C662,_,00590,68
C662__00580.68,11.949142671448598,43.00739024,C662,_,00580,68
C662__00570.68,11.936012315342099,43.006204499999996,C662,_,00570,68
C662__00560.68,11.945108923896166,43.015246845,C662,_,00560,68
C662__00520.68,11.970958973101514,43.019287059999996,C662,_,00520,68
C662__00510.68,11.959211941090803,43.02161152,C662,_,00510,68
C662__00500.68,11.954371399739445,43.02298255,C662,_,00500,68
C662__00490.68,11.948573989908722,43.017195995,C662,_,00490,68
C662__00480.68,11.944343362184355,43.017468425000004,C662,_,00480,68
C662__00470.68,11.92634321023952,43.018198405,C662,_,00470,68
C662__00430.68,11.891175829975051,43.022652,C662,_,00430,68
C662__00420.68,11.879001956014005,43.025631875,C662,_,00420,68
C662__00390.68,11.969117115561158,43.03020134,C662,_,00390,68
C662__00380.68,11.961140651137438,43.03215989,C662,_,00380,68
C662__00370.68,11.949304114867045,43.032095645,C662,_,00370,68
C662__00360.68,11.93694898575199,43.032363585,C662,_,00360,68
C662__00350.68,11.934328147902018,43.030370495,C662,_,00350,68
C662__00340.68,11.928821909604984,43.02979103,C662,_,00340,68
C662__00330.68,11.913263036286732,43.027115144999996,C662,_,00330,68
C662__00320.68,11.901379914174235,43.021950180000005,C662,_,00320,68
C662__00310.68,11.891190096960248,43.026224915,C662,_,00310,68
C662__00300.68,11.888234688973341,43.026896785000005,C662,_,00300,68
C662__00290.68,11.875297365297609,43.02845744,C662,_,00290,68
C662__00280.68,11.955983647961515,43.038631589999994,C662,_,00280,68
C662__00270.68,11.949341564613448,43.04466099,C662,_,00270,68
C662__00260.68,11.942809035386208,43.042998569999995,C662,_,00260,68
C662__00240.68,11.920057389347363,43.026874455,C662,_,00240,68
C662__00230.68,11.910919445467387,43.03368544,C662,_,00230,68
C662__00220.68,11.902833760277225,43.041134195,C662,_,00220,68
C662__00210.68,11.891425150974088,43.03946536,C662,_,00210,68
C662__00190.68,11.883966147280443,43.034405025,C662,_,00190,68
C662__00180.68,11.89572999986341,43.046400485,C662,_,00180,68
C662__00170.68,11.973501504563945,43.039961105,C662,_,00170,68
C662__00150.68,11.952423396229534,43.05988086,C662,_,00150,68
C662__00140.68,11.938501476539692,43.051137135,C662,_,00140,68
C662__00110.68,11.917700000799922,43.046120245,C662,_,00110,68
C662__00100.68,11.910752088085758,43.04932474,C662,_,00100,68
C662__00070.68,11.915316879454211,43.056942875000004,C662,_,00070,68
C662__00060.68,11.904188338495793,43.057653065,C662,_,00060,68
C662__00030.68,11.913066959000707,43.06271432,C662,_,00030,68
C662__00480.680,11.936385462565319,43.01891813,C662,_,00480,680
C662__0063.680,11.955709577791684,43.000208595000004,C662,_,0063,680
C662__00590.680,11.962757104191803,43.012205695000006,C662,_,00590,680
C662__00480.681,11.936112862568155,43.019390885,C662,_,00480,681
C662__0063.681,11.95551406715667,43.001096645000004,C662,_,0063,681
C662__00590.681,11.961793895334619,43.010524329999996,C662,_,00590,681
C662__00560.681,11.935948007578105,43.016511685,C662,_,00560,681
C662__00480.682,11.936019905035213,43.01988736,C662,_,00480,682
C662__0063.682,11.957796316010114,43.005322305,C662,_,0063,682
C662__00590.682,11.960972050716752,43.008842865,C662,_,00590,682
C662__00480.683,11.936018729784102,43.01969312,C662,_,00480,683
C662__00590.683,11.96052301135095,43.00791463,C662,_,00590,683
C662__00560.683,11.936207213292516,43.017070095,C662,_,00560,683
C662__00500.683,11.950502551554038,43.027408635,C662,_,00500,683
C662__00480.684,11.936134908292422,43.019518895,C662,_,00480,684
C662__0063.684,11.955893282276975,43.003216435,C662,_,0063,684
C662__00590.684,11.9640753438321,43.014777145,C662,_,00590,684
C662__00560.684,11.936160793188591,43.01718669,C662,_,00560,684
C662__00480.685,11.936049499393103,43.01952038,C662,_,00480,685
C662__00590.685,11.963425262263373,43.014718085,C662,_,00590,685
C662__00500.685,11.951973348377727,43.016610225,C662,_,00500,685
C662__00480.686,11.936243439990179,43.01915974,C662,_,00480,686
C662__00590.686,11.963747533172068,43.01446439,C662,_,00590,686
C662__00560.686,11.936572628970326,43.01688937,C662,_,00560,686
C662__00480.687,11.935693214742631,43.021042825,C662,_,00480,687
C662__00560.687,11.936694634697101,43.017210115,C662,_,00560,687
C662__00480.688,11.9360209449374,43.019906295,C662,_,00480,688
C662__0063.688,11.952637633911454,43.00394858,C662,_,0063,688
C662__00590.688,11.950731057565982,43.006672730000005,C662,_,00590,688
C662__00560.688,11.936234226031491,43.017107235,C662,_,00560,688
C662__00480.689,11.938964118581007,43.022490825,C662,_,00480,689
C662__00630.689,11.962274259823499,43.002217005000006,C662,_,00630,689
C662__00590.689,11.950452726322167,43.006869304999995,C662,_,00590,689
C662__00020.69,11.909979905707043,43.063276134999995,C662,_,00020,69
C662__00680.69,11.955782455894834,42.983791385,C662,_,00680,69
C662__00670.69,11.934458619689128,42.98379127,C662,_,00670,69
C662__00660.69,11.954699451386485,42.98955789,C662,_,00660,69
C662__00650.69,11.944893754952734,42.99212508,C662,_,00650,69
C662__00640.69,11.928190992183668,42.996399030000006,C662,_,00640,69
C662__0063.69,11.95830336095115,43.005230045000005,C662,_,0063,69
C662__00590.69,11.953412158763328,43.012788845,C662,_,00590,69
C662__00580.69,11.943140813177068,43.007066195,C662,_,00580,69
C662__00570.69,11.936592756853228,43.006073665,C662,_,00570,69
C662__00510.69,11.958984206622208,43.020690744999996,C662,_,00510,69
C662__00500.69,11.954941007348445,43.02274344,C662,_,00500,69
C662__00480.69,11.944030719170591,43.025697359999995,C662,_,00480,69
C662__00470.69,11.926250989995214,43.01853694,C662,_,00470,69
C662__00450.69,11.904070135733537,43.013814075,C662,_,00450,69
C662__00430.69,11.891323288436777,43.02284242,C662,_,00430,69
C662__00420.69,11.879701241165293,43.02583799,C662,_,00420,69
C662__00390.69,11.970042971636143,43.02826222,C662,_,00390,69
C662__00380.69,11.962032279875077,43.0315407,C662,_,00380,69
C662__00370.69,11.95034853605816,43.032278000000005,C662,_,00370,69
C662__00340.69,11.929235059074921,43.029091495,C662,_,00340,69
C662__00320.69,11.904789357971817,43.0340247,C662,_,00320,69
C662__00310.69,11.891500768772268,43.025809615,C662,_,00310,69
C662__00300.69,11.887585937321033,43.026482915,C662,_,00300,69
C662__00290.69,11.876352907320218,43.028402165,C662,_,00290,69
C662__00280.69,11.955856673282451,43.043497195,C662,_,00280,69
C662__00260.69,11.94326853413802,43.042984795,C662,_,00260,69
C662__00240.69,11.920279448741475,43.02689144,C662,_,00240,69
C662__00230.69,11.911508415826908,43.033064589999995,C662,_,00230,69
C662__00220.69,11.909935187159547,43.04072393,C662,_,00220,69
C662__00210.69,11.889779441769777,43.04098198,C662,_,00210,69
C662__00200.69,11.887788975378205,43.036640885,C662,_,00200,69
C662__00190.69,11.88282214433574,43.034288020000005,C662,_,00190,69
C662__00180.69,11.895191287109698,43.044011534999996,C662,_,00180,69
C662__00170.69,11.973935406722687,43.040000505,C662,_,00170,69
C662__00150.69,11.952171230501115,43.059557225,C662,_,00150,69
C662__00140.69,11.936854137705339,43.048785554999995,C662,_,00140,69
C662__00110.69,11.920702014383552,43.046473649999996,C662,_,00110,69
C662__00100.69,11.907671884799177,43.050272344999996,C662,_,00100,69
C662__00070.69,11.914980501016029,43.057081175,C662,_,00070,69
C662__00060.69,11.904011296917005,43.057302265000004,C662,_,00060,69
C662__00030.69,11.919494565138312,43.06004109,C662,_,00030,69
C662__00480.690,11.944135369424794,43.02182467,C662,_,00480,690
C662__0063.690,11.957186436170106,43.00603026,C662,_,0063,690
C662__00590.690,11.950244811315791,43.007209695,C662,_,00590,690
C662__00500.690,11.95176436658223,43.016427225,C662,_,00500,690
C662__00480.691,11.944596269538586,43.02147607,C662,_,00480,691
C662__0063.691,11.956126920396294,43.0031477,C662,_,0063,691
C662__00500.691,11.951812316499485,43.016312445,C662,_,00500,691
C662__00480.692,11.944048229215614,43.021515835,C662,_,00480,692
C662__00560.692,11.936854465346517,43.01724366,C662,_,00560,692
C662__00480.693,11.94425570936933,43.02135114,C662,_,00480,693
C662__00590.693,11.95497028642579,43.00649849,C662,_,00590,693
C662__00560.694,11.931134065220796,43.016879945,C662,_,00560,694
C662__00500.695,11.949575963233176,43.018160734999995,C662,_,00500,695
C662__00560.695,11.931256766797077,43.017108035,C662,_,00560,695
C662__00500.696,11.949920979381226,43.028586905,C662,_,00500,696
C662__00590.696,11.958882527200522,43.00810431,C662,_,00590,696
C662__00560.696,11.931790366354718,43.015489005,C662,_,00560,696
C662__00500.697,11.950268428479006,43.028677885,C662,_,00500,697
C662__00560.697,11.931405889738066,43.016472315,C662,_,00560,697
C662__00560.698,11.931327977007872,43.016126424999996,C662,_,00560,698
C662__00500.699,11.950611045345223,43.028826695,C662,_,00500,699
C662__00580.699,11.937176902177917,43.004992035,C662,_,00580,699
C662__00560.699,11.93139931731362,43.01636569,C662,_,00560,699
C662__00010.7,11.919566680834286,43.07174404,C662,_,00010,7
C662__00670.7,11.938419881841584,42.98790819,C662,_,00670,7
C662__00660.7,11.954566698611375,42.997873195,C662,_,00660,7
C662__00640.7,11.929545257992178,42.996537274999994,C662,_,00640,7
C662__00620.7,11.937500823426863,43.002652569999995,C662,_,00620,7
C662__00610.7,11.931858495005976,43.00281423,C662,_,00610,7
C662__00580.7,11.94824449961926,43.011673355,C662,_,00580,7
C662__00570.7,11.928342815802278,43.00967288,C662,_,00570,7
C662__00560.7,11.934213778323128,43.016800360000005,C662,_,00560,7
C662__00540.7,11.915015003147612,43.014939975000004,C662,_,00540,7
C662__00520.7,11.965594110311367,43.026227895,C662,_,00520,7
C662__00510.7,11.965449568654169,43.030372815,C662,_,00510,7
C662__00500.7,11.952541954853094,43.027490665,C662,_,00500,7
C662__00490.7,11.948802361123558,43.01819156,C662,_,00490,7
C662__00480.7,11.941969183612494,43.028328205,C662,_,00480,7
C662__00470.7,11.92345853126602,43.023222415,C662,_,00470,7
C662__00450.7,11.909437756984278,43.022829235,C662,_,00450,7
C662__00440.7,11.892774116752767,43.019877935,C662,_,00440,7
C662__00420.7,11.880798815463312,43.02628892,C662,_,00420,7
C662__00410.7,11.871799734805865,43.02394909,C662,_,00410,7
C662__00400.7,11.868590547732328,43.027987925000005,C662,_,00400,7
C662__00390.7,11.9686609052183,43.036218025,C662,_,00390,7
C662__00380.7,11.960185904881957,43.03901508,C662,_,00380,7
C662__00360.7,11.943454124380146,43.03990263,C662,_,00360,7
C662__00350.7,11.934081396156454,43.03768567,C662,_,00350,7
C662__00340.7,11.922533235048151,43.029005815000005,C662,_,00340,7
C662__00320.7,11.906220941477638,43.03391073,C662,_,00320,7
C662__00270.7,11.951889746542559,43.04799551,C662,_,00270,7
C662__00260.7,11.937259959206136,43.047361135,C662,_,00260,7
C662__00250.7,11.925382136217607,43.039910539999994,C662,_,00250,7
C662__00240.7,11.923285915351357,43.039379935,C662,_,00240,7
C662__00230.7,11.911266675567395,43.0437255,C662,_,00230,7
C662__00220.7,11.908820930416304,43.045020885,C662,_,00220,7
C662__00210.7,11.890465361566367,43.04135316,C662,_,00210,7
C662__00190.7,11.880087719146774,43.04042061,C662,_,00190,7
C662__00180.7,11.904510021447738,43.04977202,C662,_,00180,7
C662__00170.7,11.978252184454448,43.057693655,C662,_,00170,7
C662__00150.7,11.963449376458383,43.066305580000005,C662,_,00150,7
C662__00140.7,11.937064759871282,43.051928195,C662,_,00140,7
C662__00130.7,11.926333926739318,43.04536879,C662,_,00130,7
C662__00120.7,11.92768001030868,43.051507665,C662,_,00120,7
C662__00110.7,11.914613320350409,43.052275355,C662,_,00110,7
C662__00100.7,11.911585318405002,43.054904275,C662,_,00100,7
C662__00090.7,11.929360501673997,43.061691859999996,C662,_,00090,7
C662__00080.7,11.917010116171024,43.058828410000004,C662,_,00080,7
C662__00060.7,11.891638503319438,43.060474494999994,C662,_,00060,7
C662__00050.7,11.926135081826704,43.074326119999995,C662,_,00050,7
C662__00040.7,11.925348535873967,43.0645163,C662,_,00040,7
C662__00030.7,11.920026158865117,43.06190582,C662,_,00030,7
C662__00020.70,11.901141441354348,43.064655285,C662,_,00020,70
C662__00680.70,11.956044624469248,42.983738875,C662,_,00680,70
C662__00670.70,11.934063300310353,42.982880175,C662,_,00670,70
C662__00660.70,11.957290364148447,42.989453935,C662,_,00660,70
C662__00650.70,11.945121158146149,42.992388785,C662,_,00650,70
C662__00640.70,11.922668039994777,42.99506941,C662,_,00640,70
C662__00610.70,11.92477308487668,43.000147135,C662,_,00610,70
C662__00600.70,11.91633829824374,42.996558895,C662,_,00600,70
C662__00590.70,11.955296922732586,43.012660015,C662,_,00590,70
C662__00580.70,11.942659926674315,43.007020715,C662,_,00580,70
C662__00570.70,11.934939330925594,43.00526351,C662,_,00570,70
C662__00530.70,11.913962103986906,43.012860265,C662,_,00530,70
C662__00510.70,11.959467079899412,43.020724085,C662,_,00510,70
C662__00500.70,11.955944576900942,43.02321674,C662,_,00500,70
C662__00480.70,11.943994309639223,43.02554712,C662,_,00480,70
C662__00470.70,11.927751846826245,43.019412325,C662,_,00470,70
C662__00460.70,11.9079069803642,43.01765638,C662,_,00460,70
C662__00450.70,11.90293257666817,43.019560665,C662,_,00450,70
C662__00440.70,11.89807956446219,43.017459325000004,C662,_,00440,70
C662__00420.70,11.881422913684425,43.02607106,C662,_,00420,70
C662__00390.70,11.971621175951533,43.030641225,C662,_,00390,70
C662__00380.70,11.9586837133096,43.031127569999995,C662,_,00380,70
C662__00370.70,11.951335334549615,43.032507734999996,C662,_,00370,70
C662__00350.70,11.928925360157987,43.030362055,C662,_,00350,70
C662__00330.70,11.91021658218816,43.03148626,C662,_,00330,70
C662__00320.70,11.90639932381917,43.033870844999996,C662,_,00320,70
C662__00290.70,11.876549498012258,43.028402165,C662,_,00290,70
C662__00270.70,11.950459760202232,43.043412805,C662,_,00270,70
C662__00260.70,11.943249516773168,43.042659979999996,C662,_,00260,70
C662__00250.70,11.92801473700409,43.043727815,C662,_,00250,70
C662__00230.70,11.912079035872864,43.032836065,C662,_,00230,70
C662__00220.70,11.908174844086577,43.041220595,C662,_,00220,70
C662__00210.70,11.891447447739028,43.040029735000005,C662,_,00210,70
C662__00200.70,11.88220334046885,43.04304573,C662,_,00200,70
C662__00190.70,11.884370953593834,43.03484023,C662,_,00190,70
C662__00180.70,11.903086813324826,43.04966729,C662,_,00180,70
C662__00170.70,11.974531401524692,43.03989278,C662,_,00170,70
C662__00150.70,11.961951644545024,43.065820565,C662,_,00150,70
C662__00140.70,11.935616770789753,43.048024940000005,C662,_,00140,70
C662__00110.70,11.92079489289572,43.04635339,C662,_,00110,70
C662__00100.70,11.91184360761089,43.049661869999994,C662,_,00100,70
C662__00030.70,11.911058568923325,43.06385829,C662,_,00030,70
C662__00560.700,11.935898332909993,43.011642685,C662,_,00560,700
C662__0063.700,11.957121980884617,43.005994305,C662,_,0063,700
C662__00590.700,11.953070161013462,43.008570195000004,C662,_,00590,700
C662__00480.701,11.940055828511998,43.025318174999995,C662,_,00480,701
C662__00590.701,11.95320995373825,43.008522775,C662,_,00590,701
C662__00560.701,11.932023313001537,43.0121049,C662,_,00560,701
C662__00500.701,11.950125296629825,43.028834195,C662,_,00500,701
C662__00500.702,11.950506708132515,43.028853420000004,C662,_,00500,702
C662__00590.702,11.952921785702395,43.008494670000005,C662,_,00590,702
C662__00500.703,11.949189012146313,43.01876601,C662,_,00500,703
C662__0063.703,11.953579312567882,43.004426589999994,C662,_,0063,703
C662__00590.703,11.95600139940275,43.005911175,C662,_,00590,703
C662__00560.703,11.9322059138409,43.011754714999995,C662,_,00560,703
C662__00480.704,11.940404448798464,43.025130989999994,C662,_,00480,704
C662__00590.704,11.95605652914719,43.005870335,C662,_,00590,704
C662__00500.704,11.948898200094895,43.01924474,C662,_,00500,704
C662__00480.705,11.940146870580293,43.025306795,C662,_,00480,705
C662__0063.705,11.954275511642471,43.00487333,C662,_,0063,705
C662__00590.705,11.956173885346715,43.006936620000005,C662,_,00590,705
C662__00560.705,11.934098345354968,43.01114371,C662,_,00560,705
C662__00480.706,11.940480221086647,43.025294939999995,C662,_,00480,706
C662__0063.706,11.954417184846502,43.002424645000005,C662,_,0063,706
C662__00500.706,11.952832174419386,43.01707893,C662,_,00500,706
C662__00500.707,11.952796725130188,43.017048685000006,C662,_,00500,707
C662__0063.707,11.95574031615789,43.00236797,C662,_,0063,707
C662__00590.707,11.954163486908364,43.009887555,C662,_,00590,707
C662__00560.707,11.944938658645317,43.015247375,C662,_,00560,707
C662__00480.708,11.942493686545568,43.016068065,C662,_,00480,708
C662__0063.708,11.95598669572815,43.002044215,C662,_,0063,708
C662__00590.708,11.95391432484507,43.010730655,C662,_,00590,708
C662__00500.708,11.952768681446887,43.017024015000004,C662,_,00500,708
C662__00480.709,11.942660872909268,43.016072335000004,C662,_,00480,709
C662__0063.709,11.955995541662382,43.001765309999996,C662,_,0063,709
C662__00590.709,11.95342132862,43.014172625,C662,_,00590,709
C662__00560.709,11.943554326912075,43.014574035,C662,_,00560,709
C662__00500.709,11.952741109970528,43.016998725,C662,_,00500,709
C662__00480.709,11.942656069286887,43.01602547,C662,_,00480,709
C662__00020.71,11.90247352220862,43.064534269999996,C662,_,00020,71
C662__00670.71,11.94158038273667,42.984759305,C662,_,00670,71
C662__00660.71,11.958357345488494,42.989427265,C662,_,00660,71
C662__00650.71,11.945560278537378,42.991954125,C662,_,00650,71
C662__00640.71,11.925302676938605,42.996340145000005,C662,_,00640,71
C662__00620.71,11.938815584924898,42.999429235,C662,_,00620,71
C662__00600.71,11.916208525417066,42.996577689999995,C662,_,00600,71
C662__00590.71,11.956061057315026,43.012553515,C662,_,00590,71
C662__00570.71,11.935378698322413,43.00546318,C662,_,00570,71
C662__00560.71,11.94533125566991,43.01527462,C662,_,00560,71
C662__00530.71,11.912875832493842,43.011474285000006,C662,_,00530,71
C662__00520.71,11.960390656231956,43.018338325,C662,_,00520,71
C662__00500.71,11.95564051964184,43.02335277,C662,_,00500,71
C662__00490.71,11.948448713020131,43.017173105,C662,_,00490,71
C662__00470.71,11.92571108591084,43.020742584999994,C662,_,00470,71
C662__00460.71,11.908130439502788,43.01735031,C662,_,00460,71
C662__00450.71,11.903239499339385,43.019397285,C662,_,00450,71
C662__00390.71,11.971158521005611,43.028146594999996,C662,_,00390,71
C662__00380.71,11.959885198531108,43.03095767,C662,_,00380,71
C662__00360.71,11.936998951793726,43.03201849,C662,_,00360,71
C662__00330.71,11.911940640952409,43.028569884999996,C662,_,00330,71
C662__00310.71,11.892269590119334,43.025809615,C662,_,00310,71
C662__00300.71,11.889528080778565,43.027619125,C662,_,00300,71
C662__00290.71,11.876864147777084,43.02842409,C662,_,00290,71
C662__00270.71,11.949485397742226,43.0454114,C662,_,00270,71
C662__00260.71,11.943233819559989,43.042487045,C662,_,00260,71
C662__00240.71,11.916971664516195,43.03141453,C662,_,00240,71
C662__00230.71,11.913269455332,43.032923600000004,C662,_,00230,71
C662__00220.71,11.900478201258451,43.038217405,C662,_,00220,71
C662__00210.71,11.896217376897177,43.03767232,C662,_,00210,71
C662__00200.71,11.881918756479887,43.042748925,C662,_,00200,71
C662__00190.71,11.883986124563929,43.034285455,C662,_,00190,71
C662__00180.71,11.898182042202178,43.050130710000005,C662,_,00180,71
C662__00170.71,11.974037694533731,43.039310995,C662,_,00170,71
C662__00140.71,11.949242583702155,43.051245995,C662,_,00140,71
C662__00100.71,11.907954553608555,43.05002327,C662,_,00100,71
C662__00070.71,11.913960751523437,43.05537811,C662,_,00070,71
C662__00030.71,11.911093298370446,43.06391322,C662,_,00030,71
C662__00480.710,11.94257014942465,43.01612843,C662,_,00480,710
C662__0063.710,11.955789619671327,43.0015856,C662,_,0063,710
C662__00590.710,11.95305483085486,43.01406488,C662,_,00590,710
C662__00560.710,11.943858921238395,43.014893505,C662,_,00560,710
C662__00500.710,11.95270374143028,43.016969335,C662,_,00500,710
C662__00500.711,11.952972998796447,43.017044535,C662,_,00500,711
C662__0063.711,11.955946055760737,43.00150482,C662,_,0063,711
C662__00500.712,11.951904098314618,43.01607989,C662,_,00500,712
C662__0063.712,11.954058804029575,43.002994665,C662,_,0063,712
C662__00480.713,11.942190224604571,43.01880621,C662,_,00480,713
C662__00500.713,11.953323740812763,43.017005515,C662,_,00500,713
C662__00480.714,11.942548559472543,43.018770055,C662,_,00480,714
C662__00630.714,11.955869871887035,42.994440905,C662,_,00630,714
C662__00590.714,11.953174239283907,43.01437833999999,C662,_,00590,714
C662__00500.714,11.95189961164143,43.014666059999996,C662,_,00500,714
C662__00480.715,11.942718219364789,43.018751675,C662,_,00480,715
C662__00630.715,11.955834493209021,42.994018874999995,C662,_,00630,715
C662__00500.715,11.952239387809044,43.015307585,C662,_,00500,715
C662__00480.716,11.942776682538174,43.01845564,C662,_,00480,716
C662__00590.716,11.953266718615168,43.014352435000006,C662,_,00590,716
C662__00500.716,11.954800086826715,43.018565185,C662,_,00500,716
C662__00480.717,11.942794551737016,43.018668805000004,C662,_,00480,717
C662__00590.717,11.955988495640375,43.011136965,C662,_,00590,717
C662__00500.717,11.955766858542184,43.019904374999996,C662,_,00500,717
C662__00480.718,11.942825469622736,43.01873253,C662,_,00480,718
C662__00590.718,11.956462412245578,43.006692384999994,C662,_,00590,718
C662__00560.718,11.939073832131978,43.017152100000004,C662,_,00560,718
C662__00500.718,11.955511695139464,43.019379145,C662,_,00500,718
C662__00480.719,11.94297834289554,43.01861823,C662,_,00480,719
C662__00500.719,11.952292242442127,43.016700485,C662,_,00500,719
C662__00020.72,11.90863248730554,43.066413055,C662,_,00020,72
C662__00680.72,11.949807672039892,42.984424045,C662,_,00680,72
C662__00670.72,11.946855124449243,42.9867847,C662,_,00670,72
C662__00660.72,11.94707931849802,42.988006525,C662,_,00660,72
C662__00650.72,11.935053661333203,42.991685974999996,C662,_,00650,72
C662__00630.72,11.957131738937651,43.001703719999995,C662,_,00630,72
C662__00620.72,11.939120725448443,42.99982249,C662,_,00620,72
C662__00610.72,11.92219421775504,43.002530405,C662,_,00610,72
C662__00590.72,11.957891993393481,43.01348147,C662,_,00590,72
C662__00580.72,11.943861054315256,43.00716697,C662,_,00580,72
C662__00570.72,11.934607788626494,43.004933405,C662,_,00570,72
C662__00560.72,11.942318172387584,43.011388935,C662,_,00560,72
C662__00530.72,11.913635207389742,43.00798701,C662,_,00530,72
C662__00520.72,11.961658590932027,43.018442785000005,C662,_,00520,72
C662__00500.72,11.956654514434668,43.023114805,C662,_,00500,72
C662__00490.72,11.948444245545389,43.017104305000004,C662,_,00490,72
C662__00480.72,11.944734070964405,43.024924985,C662,_,00480,72
C662__00470.72,11.92586561535273,43.020670304999996,C662,_,00470,72
C662__00460.72,11.90703360042507,43.018210775,C662,_,00460,72
C662__00420.72,11.882333748471508,43.026387855,C662,_,00420,72
C662__00390.72,11.971700500600672,43.030345405,C662,_,00390,72
C662__00380.72,11.96200589849263,43.03106581,C662,_,00380,72
C662__00350.72,11.933330447417909,43.030295405000004,C662,_,00350,72
C662__00330.72,11.913978271621477,43.024859485,C662,_,00330,72
C662__00320.72,11.90700077119373,43.03448906,C662,_,00320,72
C662__00310.72,11.889986245175088,43.025388335,C662,_,00310,72
C662__00300.72,11.889765637306041,43.026832330000005,C662,_,00300,72
C662__00260.72,11.943767264915262,43.04295785,C662,_,00260,72
C662__00240.72,11.91733748309369,43.03008489,C662,_,00240,72
C662__00220.72,11.901873728336529,43.03987164,C662,_,00220,72
C662__00210.72,11.896504785115054,43.03749223,C662,_,00210,72
C662__00190.72,11.883313118131506,43.03432087,C662,_,00190,72
C662__00180.72,11.899980040831668,43.048714455,C662,_,00180,72
C662__00170.72,11.979843036995307,43.04457784,C662,_,00170,72
C662__00150.72,11.956674020264757,43.051657414999994,C662,_,00150,72
C662__00140.72,11.949287619428699,43.05105628,C662,_,00140,72
C662__00100.72,11.902717778496825,43.051026109999995,C662,_,00100,72
C662__00080.72,11.914968859544842,43.06084591,C662,_,00080,72
C662__00070.72,11.913286491409938,43.054944485,C662,_,00070,72
C662__00030.72,11.911410940405073,43.06361368,C662,_,00030,72
C662__00480.720,11.943352920056919,43.018679285000005,C662,_,00480,720
C662__00630.720,11.955758112782355,42.994266165,C662,_,00630,720
C662__00500.720,11.952450983590914,43.016517640000004,C662,_,00500,720
C662__00480.721,11.943767313896313,43.018681975,C662,_,00480,721
C662__00590.721,11.960240440203407,43.011806865,C662,_,00590,721
C662__00500.721,11.957301001543046,43.019985225,C662,_,00500,721
C662__00500.722,11.958644165523863,43.019678514999995,C662,_,00500,722
C662__00560.722,11.939845588606598,43.016953555,C662,_,00560,722
C662__00480.723,11.939764854950015,43.02261705,C662,_,00480,723
C662__00630.723,11.957340822987472,42.99384058,C662,_,00630,723
C662__00590.723,11.955438895094463,43.006306705,C662,_,00590,723
C662__00580.723,11.948384155620673,43.006158325,C662,_,00580,723
C662__00560.723,11.944064709091489,43.015394025000006,C662,_,00560,723
C662__00500.723,11.953607001591614,43.016872844999995,C662,_,00500,723
C662__00480.724,11.940138240513345,43.022640735,C662,_,00480,724
C662__00630.724,11.95667504609931,42.99463487,C662,_,00630,724
C662__00590.724,11.952018599862201,43.013235914999996,C662,_,00590,724
C662__00580.724,11.948272733180124,43.00602583,C662,_,00580,724
C662__00560.724,11.934221670365817,43.012837515,C662,_,00560,724
C662__00500.724,11.95008148326385,43.01850753,C662,_,00500,724
C662__00480.725,11.93659798198357,43.019938705,C662,_,00480,725
C662__00590.725,11.949008199316234,43.011486085,C662,_,00590,725
C662__00580.725,11.948356518067333,43.006106775,C662,_,00580,725
C662__00560.725,11.930750085149658,43.014206705,C662,_,00560,725
C662__00500.725,11.949530851830744,43.02327365,C662,_,00500,725
C662__00480.726,11.93887728192547,43.018291275,C662,_,00480,726
C662__00590.726,11.949116177943916,43.01155896,C662,_,00590,726
C662__00580.726,11.936325483455363,43.004642274999995,C662,_,00580,726
C662__00560.726,11.93161699103129,43.01373978,C662,_,00560,726
C662__00480.727,11.939134318194476,43.0183356,C662,_,00480,727
C662__0063.727,11.95726130672213,43.004933745,C662,_,0063,727
C662__00590.727,11.94912542501141,43.011440695000005,C662,_,00590,727
C662__00500.727,11.951664836488012,43.020438105,C662,_,00500,727
C662__00590.728,11.949249129970088,43.011455935,C662,_,00590,728
C662__0063.728,11.95716464529645,43.00481376,C662,_,0063,728
C662__00580.729,11.950980025110686,43.004918095,C662,_,00580,729
C662__00020.73,11.91203540929322,43.06596391,C662,_,00020,73
C662__00640.73,11.933781483816837,42.993220910000005,C662,_,00640,73
C662__0063.73,11.958854818748218,43.005094639999996,C662,_,0063,73
C662__00610.73,11.922459385413639,43.00252719,C662,_,00610,73
C662__00570.73,11.93522081141046,43.00477122,C662,_,00570,73
C662__00520.73,11.962789766531518,43.018352465,C662,_,00520,73
C662__00510.73,11.967441230200185,43.029287485,C662,_,00510,73
C662__00500.73,11.95751623080417,43.022326660000004,C662,_,00500,73
C662__00490.73,11.94840078655633,43.0171431,C662,_,00490,73
C662__00480.73,11.945070307267027,43.025261115000006,C662,_,00480,73
C662__00470.73,11.926881389371053,43.020301355,C662,_,00470,73
C662__00460.73,11.907726755407069,43.0182571,C662,_,00460,73
C662__00450.73,11.906412138465104,43.01521045,C662,_,00450,73
C662__00440.73,11.894402063707721,43.019403245,C662,_,00440,73
C662__00420.73,11.882015637360148,43.025997235,C662,_,00420,73
C662__00390.73,11.971263821923223,43.02813799,C662,_,00390,73
C662__00380.73,11.96190089982712,43.03073989,C662,_,00380,73
C662__00370.73,11.9562286534671,43.032643074999996,C662,_,00370,73
C662__00350.73,11.931264578631502,43.02953849,C662,_,00350,73
C662__00330.73,11.91373410743484,43.02668541,C662,_,00330,73
C662__00310.73,11.890652081920683,43.025306580000006,C662,_,00310,73
C662__00300.73,11.890151841206132,43.02687703,C662,_,00300,73
C662__00290.73,11.876884291585615,43.028793195,C662,_,00290,73
C662__00270.73,11.947890890507722,43.048288015,C662,_,00270,73
C662__00260.73,11.944732974765063,43.043247815,C662,_,00260,73
C662__00250.73,11.92489684379116,43.04307432,C662,_,00250,73
C662__00240.73,11.926015387328619,43.03192545500001,C662,_,00240,73
C662__00230.73,11.915572188716599,43.032424925,C662,_,00230,73
C662__00220.73,11.902318751888073,43.039330719999995,C662,_,00220,73
C662__00210.73,11.896557695126127,43.037480455,C662,_,00210,73
C662__00190.73,11.885089348708343,43.034270725,C662,_,00190,73
C662__00180.73,11.900767369802452,43.04871609,C662,_,00180,73
C662__00170.73,11.981490281708222,43.04824317,C662,_,00170,73
C662__00160.73,11.961211235501708,43.049130385,C662,_,00160,73
C662__00150.73,11.957011019454686,43.05159106,C662,_,00150,73
C662__00100.73,11.899297632982687,43.05141347,C662,_,00100,73
C662__00030.73,11.911195603639316,43.063860065,C662,_,00030,73
C662__00580.730,11.950343199289161,43.00496683,C662,_,00580,730
C662__00630.730,11.956534779770747,42.9939176,C662,_,00630,730
C662__00500.731,11.951881105944466,43.017330995,C662,_,00500,731
C662__00580.731,11.951150815340736,43.004807485,C662,_,00580,731
C662__00560.731,11.938493324855447,43.01118302,C662,_,00560,731
C662__00500.732,11.952200577545259,43.01794285,C662,_,00500,732
C662__00630.732,11.95672924381082,42.994384685,C662,_,00630,732
C662__00590.732,11.955435378082623,43.014243820000004,C662,_,00590,732
C662__00560.732,11.939731653255254,43.01328129,C662,_,00560,732
C662__00500.733,11.952345205948767,43.01808284,C662,_,00500,733
C662__00630.733,11.956563407212641,42.994202325,C662,_,00630,733
C662__00560.733,11.940091893874605,43.01281274,C662,_,00560,733
C662__00500.734,11.952224410931187,43.018121074999996,C662,_,00500,734
C662__00630.734,11.956354788580828,42.993871795000004,C662,_,00630,734
C662__00590.734,11.95090870667005,43.006716265,C662,_,00590,734
C662__00560.734,11.936839749015228,43.01675976,C662,_,00560,734
C662__00500.735,11.952474004864476,43.01812895,C662,_,00500,735
C662__00590.735,11.959956189132763,43.00889427,C662,_,00590,735
C662__00560.735,11.936649005985545,43.016738615,C662,_,00560,735
C662__00560.736,11.937032210352335,43.016818225,C662,_,00560,736
C662__00500.737,11.952335985804954,43.01817768,C662,_,00500,737
C662__00630.737,11.956393725380332,42.99404579,C662,_,00630,737
C662__00590.737,11.952345408386641,43.013677869999995,C662,_,00590,737
C662__00560.737,11.936679250618372,43.01655914,C662,_,00560,737
C662__00500.738,11.955079849040342,43.019806915000004,C662,_,00500,738
C662__00630.738,11.95628661895677,42.99387961,C662,_,00630,738
C662__00590.738,11.95345497871996,43.013636649999995,C662,_,00590,738
C662__00580.738,11.938013895145435,43.009012485,C662,_,00580,738
C662__00560.738,11.93626468492807,43.01071855,C662,_,00560,738
C662__00560.739,11.937497181930198,43.010066715,C662,_,00560,739
C662__0063.739,11.95676048278707,43.00580914,C662,_,0063,739
C662__00590.739,11.953493016973148,43.013810545,C662,_,00590,739
C662__00580.739,11.938729012913974,43.00910349,C662,_,00580,739
C662__00020.74,11.90654621031037,43.066945954999994,C662,_,00020,74
C662__00670.74,11.946262048517795,42.98537231,C662,_,00670,74
C662__00660.74,11.948791890857294,42.98818873,C662,_,00660,74
C662__00620.74,11.940442150779749,42.998986845,C662,_,00620,74
C662__00610.74,11.923023619574751,43.002393075,C662,_,00610,74
C662__00590.74,11.957788437856102,43.013260255000006,C662,_,00590,74
C662__00580.74,11.94554698927497,43.00745518,C662,_,00580,74
C662__00570.74,11.93592481960297,43.004843519999994,C662,_,00570,74
C662__00560.74,11.94587111624177,43.014920974999995,C662,_,00560,74
C662__00530.74,11.91228048374413,43.009758215000005,C662,_,00530,74
C662__00520.74,11.963260156864575,43.0177507,C662,_,00520,74
C662__00510.74,11.965221378828545,43.030598815000005,C662,_,00510,74
C662__00500.74,11.958154290058946,43.02256335,C662,_,00500,74
C662__00480.74,11.946340607111345,43.02536791,C662,_,00480,74
C662__00460.74,11.906947670911169,43.01784638,C662,_,00460,74
C662__00430.74,11.88769603162039,43.02458749,C662,_,00430,74
C662__00420.74,11.882392190029917,43.02560163,C662,_,00420,74
C662__00390.74,11.97106522610919,43.028610305,C662,_,00390,74
C662__00380.74,11.957432002611775,43.030442945000004,C662,_,00380,74
C662__00370.74,11.945001640893954,43.030348515,C662,_,00370,74
C662__00360.74,11.938207060386592,43.032077575,C662,_,00360,74
C662__00350.74,11.933097763961026,43.02972781,C662,_,00350,74
C662__00300.74,11.891121151729227,43.02735378,C662,_,00300,74
C662__00290.74,11.877559169227872,43.0287691,C662,_,00290,74
C662__00270.74,11.950520350346848,43.046162530000004,C662,_,00270,74
C662__00260.74,11.94545864599857,43.042599415,C662,_,00260,74
C662__00250.74,11.926446755775224,43.044700515,C662,_,00250,74
C662__00240.74,11.922256637819919,43.0365316,C662,_,00240,74
C662__00230.74,11.915454336747025,43.032247639999994,C662,_,00230,74
C662__00220.74,11.902929717754066,43.03976943,C662,_,00220,74
C662__00210.74,11.897170377383704,43.038623134999995,C662,_,00210,74
C662__00200.74,11.882362686456457,43.042634105000005,C662,_,00200,74
C662__00190.74,11.884675050113426,43.034181785,C662,_,00190,74
C662__00180.74,11.896066012567074,43.04634967,C662,_,00180,74
C662__00170.74,11.969106015782028,43.04282303,C662,_,00170,74
C662__00110.74,11.922234228143012,43.047012395,C662,_,00110,74
C662__00100.74,11.91122589003027,43.05511492,C662,_,00100,74
C662__00080.74,11.913843355152085,43.0607888,C662,_,00080,74
C662__00070.74,11.916065690417124,43.05631884,C662,_,00070,74
C662__00060.74,11.903097402457826,43.062353220000006,C662,_,00060,74
C662__00030.74,11.913209825834777,43.062494595,C662,_,00030,74
C662__00560.740,11.93692134263992,43.010168435,C662,_,00560,740
C662__0063.740,11.957010163306235,43.00589483,C662,_,0063,740
C662__00590.740,11.953449991750311,43.01347612,C662,_,00590,740
C662__00580.740,11.938051301817048,43.00482858,C662,_,00580,740
C662__00500.741,11.95601732551544,43.024838325000005,C662,_,00500,741
C662__0063.741,11.956739328711947,43.004006315,C662,_,0063,741
C662__00590.741,11.953516991289248,43.013627715,C662,_,00590,741
C662__00560.741,11.937487007496145,43.009925705,C662,_,00560,741
C662__00500.742,11.956766256123224,43.025069654999996,C662,_,00500,742
C662__00590.742,11.953564593596482,43.01380483,C662,_,00590,742
C662__00580.742,11.93834343117264,43.004861555000005,C662,_,00580,742
C662__00560.742,11.93756033303119,43.010033025,C662,_,00560,742
C662__00500.743,11.957131740120065,43.02607032,C662,_,00500,743
C662__00590.743,11.95441094345603,43.007778415,C662,_,00590,743
C662__00560.743,11.935018458619883,43.009438335,C662,_,00560,743
C662__00500.744,11.957124999362566,43.025720265000004,C662,_,00500,744
C662__00590.744,11.954327425994329,43.00804106,C662,_,00590,744
C662__00560.744,11.93527766341013,43.009178399999996,C662,_,00560,744
C662__00560.745,11.935706092582798,43.009433994999995,C662,_,00560,745
C662__00590.745,11.954225575186298,43.00790012,C662,_,00590,745
C662__00500.746,11.958112433028901,43.016684209999994,C662,_,00500,746
C662__00630.746,11.960023066866473,43.004903209999995,C662,_,00630,746
C662__00590.746,11.954458782074052,43.00762685,C662,_,00590,746
C662__00560.746,11.936623683953506,43.009757449999995,C662,_,00560,746
C662__00500.747,11.951659218091049,43.015476480000004,C662,_,00500,747
C662__00630.747,11.959223561475497,43.004715355,C662,_,00630,747
C662__00590.747,11.954308580659584,43.007688865000006,C662,_,00590,747
C662__00560.747,11.936004560857866,43.009846534999994,C662,_,00560,747
C662__00500.748,11.949094242700959,43.019754225,C662,_,00500,748
C662__0063.748,11.957955820778519,43.006471405,C662,_,0063,748
C662__00590.748,11.954450386738932,43.007401595000005,C662,_,00590,748
C662__00580.748,11.950208646604587,43.006022195,C662,_,00580,748
C662__00560.748,11.935598914683958,43.009037219999996,C662,_,00560,748
C662__00560.749,11.93546444839566,43.00931732,C662,_,00560,749
C662__00590.749,11.954306993310945,43.007388675,C662,_,00590,749
C662__00580.749,11.94767463104655,43.00542987,C662,_,00580,749
C662__00030.75,11.913418751888075,43.063333595,C662,_,00030,75
C662__00650.75,11.937893361671316,42.99028131,C662,_,00650,75
C662__00640.75,11.923362377986304,42.995523705,C662,_,00640,75
C662__00630.75,11.959511455702973,43.005034545,C662,_,00630,75
C662__00620.75,11.940631498610742,42.99834476,C662,_,00620,75
C662__00610.75,11.922083852153612,43.001512925,C662,_,00610,75
C662__00590.75,11.957096328155469,43.013066455,C662,_,00590,75
C662__00580.75,11.947131279008588,43.007228765,C662,_,00580,75
C662__00570.75,11.926097080737332,43.00370761,C662,_,00570,75
C662__00560.75,11.930148179218161,43.01447442,C662,_,00560,75
C662__00530.75,11.914131143045072,43.0073668,C662,_,00530,75
C662__00500.75,11.958698484284424,43.022677825,C662,_,00500,75
C662__00490.75,11.948351278355041,43.017127509999995,C662,_,00490,75
C662__00480.75,11.94629908934201,43.02498376,C662,_,00480,75
C662__00470.75,11.927609798829327,43.02018869,C662,_,00470,75
C662__00450.75,11.902563226328565,43.019491935000005,C662,_,00450,75
C662__00430.75,11.888189426095646,43.024924535,C662,_,00430,75
C662__00390.75,11.971031166014349,43.028157105,C662,_,00390,75
C662__00380.75,11.96127839907002,43.03025982,C662,_,00380,75
C662__00370.75,11.949106158823763,43.031153515,C662,_,00370,75
C662__00360.75,11.938569421619821,43.03174277,C662,_,00360,75
C662__00350.75,11.933507573169853,43.02929329,C662,_,00350,75
C662__00340.75,11.92924283819002,43.028871255,C662,_,00340,75
C662__00320.75,11.905948815183095,43.03380645,C662,_,00320,75
C662__00310.75,11.890957475308516,43.02515492,C662,_,00310,75
C662__00260.75,11.945606613196386,43.04169725,C662,_,00260,75
C662__00250.75,11.926017796254364,43.041552395,C662,_,00250,75
C662__00230.75,11.915669748892665,43.031766149999996,C662,_,00230,75
C662__00220.75,11.905193718404021,43.04005943,C662,_,00220,75
C662__00210.75,11.896978891001218,43.038370295,C662,_,00210,75
C662__00190.75,11.87924007104807,43.03428192,C662,_,00190,75
C662__00160.75,11.961060578736639,43.049356765,C662,_,00160,75
C662__00150.75,11.95648367949931,43.051562945,C662,_,00150,75
C662__00140.75,11.938412108287913,43.0512286,C662,_,00140,75
C662__00080.75,11.91408800927972,43.060549585000004,C662,_,00080,75
C662__00070.75,11.916547136942942,43.05574874,C662,_,00070,75
C662__00060.75,11.902660576969234,43.06255821,C662,_,00060,75
C662__00500.750,11.955273154886527,43.019574315,C662,_,00500,750
C662__00630.750,11.955951282253114,42.995655485,C662,_,00630,750
C662__00590.750,11.954267710045784,43.00748706,C662,_,00590,750
C662__00580.750,11.947728869889264,43.005291655,C662,_,00580,750
C662__00560.750,11.935342350359743,43.008898555,C662,_,00560,750
C662__00500.751,11.955320015080822,43.019692019999994,C662,_,00500,751
C662__00590.751,11.95438455863263,43.007068950000004,C662,_,00590,751
C662__00560.751,11.940742304710575,43.008244505,C662,_,00560,751
C662__00500.752,11.94969278752928,43.01619342,C662,_,00500,752
C662__0063.752,11.958032022655928,43.006371335,C662,_,0063,752
C662__00580.752,11.93918107246309,43.00893575,C662,_,00580,752
C662__00560.753,11.941016902984895,43.008027049999995,C662,_,00560,753
C662__0063.753,11.958106275047074,43.006363480000005,C662,_,0063,753
C662__00590.753,11.951252321321904,43.01310916,C662,_,00590,753
C662__00560.754,11.940889032563707,43.00792183,C662,_,00560,754
C662__00630.754,11.960990344916059,43.0044426,C662,_,00630,754
C662__00580.754,11.938497829250446,43.00855867,C662,_,00580,754
C662__00560.755,11.938771924640186,43.00969729,C662,_,00560,755
C662__00630.755,11.961159977256463,43.004794294999996,C662,_,00630,755
C662__00590.755,11.951422786735481,43.01312464,C662,_,00590,755
C662__00580.755,11.937682054915971,43.00476645,C662,_,00580,755
C662__00500.756,11.951686953822069,43.020295075,C662,_,00500,756
C662__00630.756,11.961207407565874,43.004717195,C662,_,00630,756
C662__00580.756,11.937507363747429,43.005369740000006,C662,_,00580,756
C662__00560.756,11.939252562800597,43.00935504,C662,_,00560,756
C662__00500.757,11.951314152135517,43.020025265,C662,_,00500,757
C662__00630.757,11.961278107124663,43.00383225,C662,_,00630,757
C662__00580.757,11.93732190945618,43.005430739999994,C662,_,00580,757
C662__00560.757,11.941094591277814,43.015828355,C662,_,00560,757
C662__00560.758,11.941205900537689,43.015840975,C662,_,00560,758
C662__00630.758,11.961549574907206,43.003991694999996,C662,_,00630,758
C662__00590.758,11.954318073142083,43.006849814999995,C662,_,00590,758
C662__00500.759,11.956883250142308,43.0201768,C662,_,00500,759
C662__00630.759,11.96159363548843,43.003845424999994,C662,_,00630,759
C662__00590.759,11.95061647663367,43.009965035,C662,_,00590,759
C662__00560.759,11.940628587349597,43.008224389999995,C662,_,00560,759
C662__00020.76,11.90814142925505,43.06829508,C662,_,00020,76
C662__00670.76,11.946417445376238,42.98630938,C662,_,00670,76
C662__00650.76,11.939251949066175,42.991135555,C662,_,00650,76
C662__00640.76,11.928058772560568,42.99529611,C662,_,00640,76
C662__00620.76,11.941120980302387,42.9981101,C662,_,00620,76
C662__00610.76,11.921131062015455,43.00087162,C662,_,00610,76
C662__00600.76,11.916164941768308,42.996261715,C662,_,00600,76
C662__00590.76,11.958803107307512,43.013413175,C662,_,00590,76
C662__00580.76,11.947637089095842,43.007035015,C662,_,00580,76
C662__00570.76,11.927327523137048,43.003919545,C662,_,00570,76
C662__00530.76,11.909942471349488,43.011354804999996,C662,_,00530,76
C662__00510.76,11.96728491334678,43.02972823,C662,_,00510,76
C662__00500.76,11.948611088383473,43.022606255,C662,_,00500,76
C662__00480.76,11.946735728224219,43.0253686,C662,_,00480,76
C662__00460.76,11.909763709115607,43.01572991,C662,_,00460,76
C662__00450.76,11.907765393872925,43.016025915,C662,_,00450,76
C662__00430.76,11.888280844809263,43.024849814999996,C662,_,00430,76
C662__00420.76,11.881648089717036,43.027285039999995,C662,_,00420,76
C662__00380.76,11.957850147624011,43.029928315,C662,_,00380,76
C662__00370.76,11.949232543225232,43.031503224999994,C662,_,00370,76
C662__00360.76,11.93922251695747,43.03186693,C662,_,00360,76
C662__00350.76,11.934234366124855,43.029341475,C662,_,00350,76
C662__00340.76,11.927258522115734,43.028362015,C662,_,00340,76
C662__00310.76,11.891146582858905,43.025246859999996,C662,_,00310,76
C662__00300.76,11.887787623493445,43.025917435,C662,_,00300,76
C662__00270.76,11.947147528330014,43.0426482,C662,_,00270,76
C662__00260.76,11.930407199069233,43.03821566,C662,_,00260,76
C662__00250.76,11.92681249648033,43.044645735,C662,_,00250,76
C662__00230.76,11.90982090098954,43.042336829999996,C662,_,00230,76
C662__00220.76,11.906345245842353,43.039593205,C662,_,00220,76
C662__00210.76,11.896829468755325,43.03799273,C662,_,00210,76
C662__00200.76,11.8827588452668,43.043214625000005,C662,_,00200,76
C662__00180.76,11.90646967038419,43.048190355,C662,_,00180,76
C662__00140.76,11.942156999422522,43.051075545,C662,_,00140,76
C662__00100.76,11.8946747545256,43.056500215,C662,_,00100,76
C662__00080.76,11.914398944845729,43.060298265,C662,_,00080,76
C662__00030.76,11.913637177948278,43.06341632,C662,_,00030,76
C662__00560.760,11.940685104637383,43.008224389999995,C662,_,00560,760
C662__00630.760,11.961287980834229,43.00348493,C662,_,00630,760
C662__00580.760,11.944774020664124,43.010409005,C662,_,00580,760
C662__00560.761,11.939350107457994,43.016741075,C662,_,00560,761
C662__00630.761,11.961207346802759,43.00413939,C662,_,00630,761
C662__00500.762,11.95282007645583,43.018368304999996,C662,_,00500,762
C662__00630.762,11.962344580314706,43.004265235,C662,_,00630,762
C662__00560.762,11.93884819074942,43.016328529999996,C662,_,00560,762
C662__00500.763,11.950392834429456,43.01711267,C662,_,00500,763
C662__00630.763,11.961704785876789,43.003451035,C662,_,00630,763
C662__00560.763,11.938598823043147,43.017432105,C662,_,00560,763
C662__00500.764,11.950491213778534,43.017497815,C662,_,00500,764
C662__00630.764,11.961287518342662,43.004453915,C662,_,00630,764
C662__00560.764,11.938141380090887,43.017541455,C662,_,00560,764
C662__00500.765,11.951830086048131,43.02086889,C662,_,00500,765
C662__00630.765,11.95634316029307,42.99572445,C662,_,00630,765
C662__00580.765,11.946504474529078,43.005385955,C662,_,00580,765
C662__00500.766,11.951699903720014,43.020612235,C662,_,00500,766
C662__00630.766,11.957483202575101,42.993802040000006,C662,_,00630,766
C662__00580.766,11.948784117355832,43.004780285,C662,_,00580,766
C662__00580.767,11.946450688673638,43.00544543,C662,_,00580,767
C662__00630.767,11.957656205941259,42.993753170000005,C662,_,00630,767
C662__00500.768,11.947401532684852,43.02476876,C662,_,00500,768
C662__00630.768,11.957909684839276,42.99368132,C662,_,00630,768
C662__00590.768,11.957126604931869,43.00846757,C662,_,00590,768
C662__00580.768,11.94635848022592,43.005348475000005,C662,_,00580,768
C662__00500.769,11.947114262751416,43.024547485,C662,_,00500,769
C662__00630.769,11.95739040713531,42.99358977,C662,_,00630,769
C662__00580.769,11.946375197374516,43.005348475000005,C662,_,00580,769
C662__00020.77,11.907286831013483,43.06795108,C662,_,00020,77
C662__00670.77,11.94543062989344,42.987770755,C662,_,00670,77
C662__00660.77,11.952135932024966,42.988416865000005,C662,_,00660,77
C662__00650.77,11.940559442743137,42.99031395,C662,_,00650,77
C662__00640.77,11.91861279687122,42.990224265,C662,_,00640,77
C662__00630.77,11.959919188539187,43.005015375,C662,_,00630,77
C662__00620.77,11.941830421510957,42.998813580000004,C662,_,00620,77
C662__00610.77,11.920880199259456,43.000761955,C662,_,00610,77
C662__00590.77,11.959336159280932,43.01306494,C662,_,00590,77
C662__00580.77,11.948825057387827,43.007007619999996,C662,_,00580,77
C662__00570.77,11.930207155698586,43.004559470000004,C662,_,00570,77
C662__00530.77,11.91185996266673,43.011591769999995,C662,_,00530,77
C662__00520.77,11.964301021883752,43.01793559,C662,_,00520,77
C662__00510.77,11.963430512620823,43.030119209999995,C662,_,00510,77
C662__00500.77,11.947665837788428,43.022398155000005,C662,_,00500,77
C662__00490.77,11.948628234093523,43.017097844999995,C662,_,00490,77
C662__00480.77,11.934776474210594,43.024476115,C662,_,00480,77
C662__00470.77,11.93080166723459,43.020511279999994,C662,_,00470,77
C662__00460.77,11.908951067292627,43.01773069,C662,_,00460,77
C662__00430.77,11.887846552682756,43.024608645,C662,_,00430,77
C662__00420.77,11.881857479181955,43.027942675,C662,_,00420,77
C662__00390.77,11.97172755668489,43.02809774,C662,_,00390,77
C662__00380.77,11.959549652737572,43.02948445,C662,_,00380,77
C662__00370.77,11.950771018471443,43.032015675,C662,_,00370,77
C662__00350.77,11.935042538901449,43.030068625,C662,_,00350,77
C662__00310.77,11.891270219547,43.025319155000005,C662,_,00310,77
C662__00300.77,11.88921194270322,43.02515,C662,_,00300,77
C662__00270.77,11.950071609787926,43.04153676,C662,_,00270,77
C662__00260.77,11.931928344242888,43.03882342,C662,_,00260,77
C662__00250.77,11.926171189843117,43.039506024999994,C662,_,00250,77
C662__00240.77,11.918147355733698,43.029357355,C662,_,00240,77
C662__00220.77,11.903642829066706,43.044527755000004,C662,_,00220,77
C662__00210.77,11.89731832357303,43.0380383,C662,_,00210,77
C662__00190.77,11.886485850552093,43.035315105,C662,_,00190,77
C662__00180.77,11.906925569412449,43.04802462,C662,_,00180,77
C662__00170.77,11.976135082190194,43.060123605,C662,_,00170,77
C662__00150.77,11.95842691958243,43.050833885,C662,_,00150,77
C662__00140.77,11.94555654364438,43.05041611,C662,_,00140,77
C662__00100.77,11.909162984325011,43.05545649,C662,_,00100,77
C662__00080.77,11.914769380670126,43.06015513,C662,_,00080,77
C662__00030.77,11.913670937363156,43.063425685,C662,_,00030,77
C662__00500.770,11.955158964259756,43.019927425000006,C662,_,00500,770
C662__00630.770,11.957529345693569,42.99355283,C662,_,00630,770
C662__00580.770,11.94893005204965,43.00476377,C662,_,00580,770
C662__00500.771,11.955347953695941,43.019817614999994,C662,_,00500,771
C662__00630.771,11.957689724436081,42.99350967,C662,_,00630,771
C662__00580.771,11.948927146735919,43.00464278,C662,_,00580,771
C662__00590.772,11.955448728672364,43.010128535,C662,_,00590,772
C662__00630.772,11.957941843153248,42.993440545,C662,_,00630,772
C662__00500.773,11.953107636287157,43.028686335,C662,_,00500,773
C662__00590.773,11.957125115997151,43.00922112,C662,_,00590,773
C662__00590.774,11.957032610566525,43.0097466,C662,_,00590,774
C662__00500.775,11.953833139726479,43.028216495,C662,_,00500,775
C662__00630.775,11.960219580443198,43.001429325000004,C662,_,00630,775
C662__00500.776,11.951968860898287,43.02865793,C662,_,00500,776
C662__00580.776,11.939536491614867,43.00854133,C662,_,00580,776
C662__00580.777,11.939967053735398,43.007990785000004,C662,_,00580,777
C662__00630.777,11.960231150494286,43.001513145000004,C662,_,00630,777
C662__00500.778,11.952523837010666,43.027591855,C662,_,00500,778
C662__00630.778,11.960211800123966,43.0015853,C662,_,00630,778
C662__00500.779,11.957228856358382,43.01613357,C662,_,00500,779
C662__00630.779,11.960001060056406,43.00138271,C662,_,00630,779
C662__00580.779,11.943563892259037,43.00872714,C662,_,00580,779
C662__00020.78,11.908851966470907,43.06813267,C662,_,00020,78
C662__00650.78,11.944278088186575,42.991340820000005,C662,_,00650,78
C662__00640.78,11.917869361511993,42.99003956999999,C662,_,00640,78
C662__00620.78,11.942882460940478,42.999232145,C662,_,00620,78
C662__00590.78,11.960541194978635,43.013794375,C662,_,00590,78
C662__00580.78,11.948846032455414,43.006702985000004,C662,_,00580,78
C662__00570.78,11.931407856024432,43.00464158,C662,_,00570,78
C662__00530.78,11.906053899237934,43.013882269999996,C662,_,00530,78
C662__00520.78,11.964593614234914,43.016893745,C662,_,00520,78
C662__00500.78,11.9481560809317,43.022522545,C662,_,00500,78
C662__00480.78,11.935921006617125,43.024337040000006,C662,_,00480,78
C662__00470.78,11.932754290684283,43.019970959999995,C662,_,00470,78
C662__00460.78,11.909360981422665,43.01727666,C662,_,00460,78
C662__00450.78,11.904140007212055,43.01779974,C662,_,00450,78
C662__00430.78,11.891068784921341,43.022551565,C662,_,00430,78
C662__00420.78,11.882201433453433,43.027750729999994,C662,_,00420,78
C662__00390.78,11.968372884696585,43.030280770000005,C662,_,00390,78
C662__00380.78,11.954493099964214,43.029281,C662,_,00380,78
C662__00370.78,11.95280962936804,43.031560665,C662,_,00370,78
C662__00360.78,11.935777412362167,43.031623350000004,C662,_,00360,78
C662__00350.78,11.93449354840877,43.02924427000001,C662,_,00350,78
C662__00340.78,11.929988628998448,43.025907615,C662,_,00340,78
C662__00320.78,11.907703856005318,43.033956495,C662,_,00320,78
C662__00310.78,11.89138514270631,43.025371095,C662,_,00310,78
C662__00300.78,11.893502863397487,43.032856995,C662,_,00300,78
C662__00270.78,11.958083126478165,43.045642130000004,C662,_,00270,78
C662__00260.78,11.932732379540212,43.038730244999996,C662,_,00260,78
C662__00250.78,11.926355210944195,43.03929788,C662,_,00250,78
C662__00240.78,11.921542746806828,43.02825475,C662,_,00240,78
C662__00230.78,11.910828372626272,43.040789724999996,C662,_,00230,78
C662__00220.78,11.903547369404269,43.045290585000004,C662,_,00220,78
C662__00210.78,11.89688340185328,43.037896605,C662,_,00210,78
C662__00170.78,11.974717606852147,43.040804425000005,C662,_,00170,78
C662__00160.78,11.962990731218746,43.049074555000004,C662,_,00160,78
C662__00150.78,11.958686188186174,43.050475145,C662,_,00150,78
C662__00140.78,11.942254399669814,43.050872760000004,C662,_,00140,78
C662__00110.78,11.922510810507152,43.047499275,C662,_,00110,78
C662__00100.78,11.90917564115564,43.05587853,C662,_,00100,78
C662__00080.78,11.913821409729104,43.06052328,C662,_,00080,78
C662__00070.78,11.91180137181032,43.058376895,C662,_,00070,78
C662__00060.78,11.895703359276556,43.0615262,C662,_,00060,78
C662__00030.78,11.913461455102855,43.0632018,C662,_,00030,78
C662__00500.780,11.95594604836263,43.016615875,C662,_,00500,780
C662__00630.780,11.960136054320849,43.001428235,C662,_,00630,780
C662__00500.781,11.951974355088392,43.01882519,C662,_,00500,781
C662__00630.781,11.959957275154613,43.001535515,C662,_,00630,781
C662__00500.782,11.95051699622757,43.01842258,C662,_,00500,782
C662__00580.782,11.944105369645499,43.008368255,C662,_,00580,782
C662__00500.783,11.957619566027127,43.016383515,C662,_,00500,783
C662__00630.783,11.96036550965323,43.001576445,C662,_,00630,783
C662__00590.783,11.957302779838567,43.011232695000004,C662,_,00590,783
C662__00580.783,11.94413615719317,43.008590165,C662,_,00580,783
C662__00500.784,11.950416765506565,43.028393980000004,C662,_,00500,784
C662__00630.784,11.960650988175786,43.00150279,C662,_,00630,784
C662__00590.784,11.957533558311138,43.010588655,C662,_,00590,784
C662__00500.785,11.950474989408193,43.028096845,C662,_,00500,785
C662__00630.785,11.96082909219464,43.00146515,C662,_,00630,785
C662__00590.785,11.956626215298224,43.01047897,C662,_,00590,785
C662__00580.785,11.94407602376932,43.008902885,C662,_,00580,785
C662__00500.786,11.949994582237954,43.01726014,C662,_,00500,786
C662__0063.786,11.952212015247927,43.005838385000004,C662,_,0063,786
C662__00590.786,11.957270578380921,43.01037141,C662,_,00590,786
C662__00580.786,11.944165349699983,43.008479545,C662,_,00580,786
C662__00500.787,11.949930723983407,43.017703775,C662,_,00500,787
C662__0063.787,11.952265389145362,43.00582197,C662,_,0063,787
C662__00590.787,11.9567649468331,43.00996561,C662,_,00590,787
C662__00580.787,11.944383098556262,43.008636795,C662,_,00580,787
C662__00500.788,11.953604374147424,43.017914875,C662,_,00500,788
C662__0063.788,11.95232582166247,43.00581786,C662,_,0063,788
C662__00590.788,11.957247763065578,43.01022247,C662,_,00590,788
C662__00580.788,11.944448378519919,43.008699379999996,C662,_,00580,788
C662__00590.789,11.95742193765032,43.01046526499999,C662,_,00590,789
C662__0063.789,11.952379296544635,43.005791835,C662,_,0063,789
C662__00020.79,11.908535770738066,43.067977084999995,C662,_,00020,79
C662__00660.79,11.956575578489632,42.988236715,C662,_,00660,79
C662__00640.79,11.917778484621994,42.98998391,C662,_,00640,79
C662__00620.79,11.943836818220678,42.99968305,C662,_,00620,79
C662__00590.79,11.961639085798668,43.013613545,C662,_,00590,79
C662__00580.79,11.937097583099625,43.006030145,C662,_,00580,79
C662__00570.79,11.931577866027515,43.004437519999996,C662,_,00570,79
C662__00530.79,11.913199978319506,43.00993552,C662,_,00530,79
C662__00520.79,11.965079458597705,43.017971900000006,C662,_,00520,79
C662__00500.79,11.949380047784445,43.022607575,C662,_,00500,79
C662__00480.79,11.936172550967726,43.02443911,C662,_,00480,79
C662__00470.79,11.931897518238353,43.019665505,C662,_,00470,79
C662__00450.79,11.905251026575744,43.017281444999995,C662,_,00450,79
C662__00390.79,11.970409373939347,43.028219285,C662,_,00390,79
C662__00370.79,11.95289982427962,43.031478475,C662,_,00370,79
C662__00360.79,11.936078154457068,43.03160245,C662,_,00360,79
C662__00350.79,11.931516406956161,43.0288186,C662,_,00350,79
C662__00340.79,11.92935533948648,43.027868305,C662,_,00340,79
C662__00330.79,11.910615198616657,43.03216585,C662,_,00330,79
C662__00320.79,11.89914747669962,43.031126205,C662,_,00320,79
C662__00310.79,11.891245808346717,43.025200475000005,C662,_,00310,79
C662__00300.79,11.893540630883507,43.03127544,C662,_,00300,79
C662__00250.79,11.926264965882531,43.039406435000004,C662,_,00250,79
C662__00240.79,11.921847104525868,43.02838701,C662,_,00240,79
C662__00220.79,11.905711464071842,43.041452285,C662,_,00220,79
C662__00210.79,11.892696758126867,43.03678805,C662,_,00210,79
C662__00190.79,11.884411609516679,43.03151303,C662,_,00190,79
C662__00170.79,11.974056650299401,43.039795275,C662,_,00170,79
C662__00150.79,11.962255105804878,43.058151505,C662,_,00150,79
C662__00140.79,11.945043241994941,43.050815825,C662,_,00140,79
C662__00110.79,11.923619942819156,43.047893335,C662,_,00110,79
C662__00080.79,11.913951824086578,43.06039259,C662,_,00080,79
C662__00070.79,11.91376309526796,43.059263619999996,C662,_,00070,79
C662__00060.79,11.889820314322828,43.06027761,C662,_,00060,79
C662__00030.79,11.913610389575739,43.062997085,C662,_,00030,79
C662__00500.790,11.950628349377894,43.014503655,C662,_,00500,790
C662__0063.790,11.952437242670019,43.0057775,C662,_,0063,790
C662__00590.790,11.957365575110703,43.010383585,C662,_,00590,790
C662__00500.791,11.952314717463057,43.01647237,C662,_,00500,791
C662__0063.791,11.952485973575447,43.005746169999995,C662,_,0063,791
C662__00590.791,11.95761684470287,43.010576805,C662,_,00590,791
C662__00580.791,11.944030825606813,43.00807221,C662,_,00580,791
C662__00500.792,11.952573006300431,43.016673615,C662,_,00500,792
C662__0063.792,11.952545267314214,43.00573489,C662,_,0063,792
C662__00590.792,11.957342751909216,43.010391229999996,C662,_,00590,792
C662__00580.792,11.944386199866397,43.008374735000004,C662,_,00580,792
C662__00500.793,11.952541485483518,43.016637955,C662,_,00500,793
C662__0063.793,11.952600263548833,43.005727015000005,C662,_,0063,793
C662__00590.793,11.951535912797684,43.012960495,C662,_,00590,793
C662__00580.793,11.944407254901677,43.008383745,C662,_,00580,793
C662__00500.794,11.952709110741022,43.016709355,C662,_,00500,794
C662__0063.794,11.952667795333424,43.005751655,C662,_,0063,794
C662__00590.794,11.951324971416962,43.012960660000005,C662,_,00590,794
C662__00580.794,11.944467542036616,43.008127055,C662,_,00580,794
C662__00500.795,11.952374367672872,43.016596055,C662,_,00500,795
C662__0063.795,11.952722269452204,43.005751655,C662,_,0063,795
C662__00590.795,11.953485706481766,43.00927658,C662,_,00590,795
C662__00580.795,11.944465260440086,43.00834084,C662,_,00580,795
C662__00500.796,11.95234912995182,43.01648137,C662,_,00500,796
C662__0063.796,11.952738308893231,43.005674095,C662,_,0063,796
C662__00590.796,11.954482634453289,43.00926041,C662,_,00590,796
C662__00580.796,11.945160191136573,43.008248484999996,C662,_,00580,796
C662__00500.797,11.953039305111105,43.016266915,C662,_,00500,797
C662__0063.797,11.952788375095116,43.00566442,C662,_,0063,797
C662__00590.797,11.954315175057072,43.008298825,C662,_,00590,797
C662__00580.797,11.94462499884806,43.008319560000004,C662,_,00580,797
C662__00580.798,11.944183857772218,43.00945903,C662,_,00580,798
C662__0063.798,11.95281698126237,43.00562150499999,C662,_,0063,798
C662__00590.798,11.954222515285258,43.008452015,C662,_,00590,798
C662__00500.799,11.950857010187349,43.016358100000005,C662,_,00500,799
C662__0063.799,11.95286899870218,43.00561238,C662,_,0063,799
C662__00580.799,11.944208434859956,43.009206335,C662,_,00580,799
C662__00010.8,11.913605430454869,43.070618374999995,C662,_,00010,8
C662__00670.8,11.939532044309262,42.98773645,C662,_,00670,8
C662__00660.8,11.954550330631037,42.997651285,C662,_,00660,8
C662__00650.8,11.938814851554902,42.998053569999996,C662,_,00650,8
C662__00640.8,11.930633539395807,42.996068275,C662,_,00640,8
C662__00620.8,11.941573564315462,43.00438257,C662,_,00620,8
C662__00610.8,11.932935605997208,43.002855435,C662,_,00610,8
C662__00600.8,11.910917911954396,43.004659645000004,C662,_,00600,8
C662__00590.8,11.9567587867941,43.005980225,C662,_,00590,8
C662__00550.8,11.922536392839833,43.01400787,C662,_,00550,8
C662__00540.8,11.915845506595442,43.014185615,C662,_,00540,8
C662__00510.8,11.962824168758804,43.029202955,C662,_,00510,8
C662__00500.8,11.954749544928571,43.026699335,C662,_,00500,8
C662__00480.8,11.946095099153023,43.029876470000005,C662,_,00480,8
C662__00470.8,11.924046344054979,43.02206681,C662,_,00470,8
C662__00460.8,11.911725165007665,43.021363484999995,C662,_,00460,8
C662__00450.8,11.909131987822356,43.022883160000006,C662,_,00450,8
C662__00440.8,11.892984680332564,43.018199905,C662,_,00440,8
C662__00430.8,11.884494237874318,43.025298305,C662,_,00430,8
C662__00410.8,11.872747167238098,43.023675735,C662,_,00410,8
C662__00400.8,11.867537630754356,43.028183165,C662,_,00400,8
C662__00390.8,11.969971320791029,43.03603074,C662,_,00390,8
C662__00380.8,11.961104006892683,43.039444225,C662,_,00380,8
C662__00360.8,11.940503016505442,43.03919584,C662,_,00360,8
C662__00350.8,11.929614463791195,43.037010375,C662,_,00350,8
C662__00340.8,11.923144190506124,43.029213525,C662,_,00340,8
C662__00320.8,11.904992306813108,43.033265235,C662,_,00320,8
C662__00310.8,11.895368746558741,43.031215135,C662,_,00310,8
C662__00300.8,11.886951950425164,43.033394154999996,C662,_,00300,8
C662__00290.8,11.872587575488023,43.033720805,C662,_,00290,8
C662__00270.8,11.951962901803808,43.04758946,C662,_,00270,8
C662__00260.8,11.938014158173532,43.046734735,C662,_,00260,8
C662__00240.8,11.919865874782221,43.03852714,C662,_,00240,8
C662__00230.8,11.911904169159364,43.04441349,C662,_,00230,8
C662__00210.8,11.890677981749722,43.04093179,C662,_,00210,8
C662__00200.8,11.88169634365353,43.04285214,C662,_,00200,8
C662__00190.8,11.881312323004703,43.040315035,C662,_,00190,8
C662__00180.8,11.886783640509496,43.047155669999995,C662,_,00180,8
C662__00170.8,11.97862237340961,43.057853935,C662,_,00170,8
C662__00150.8,11.966646660278633,43.06592517,C662,_,00150,8
C662__00130.8,11.925780960559937,43.04474692,C662,_,00130,8
C662__00120.8,11.930149273738024,43.05251321,C662,_,00120,8
C662__00110.8,11.912505409581328,43.051304040000005,C662,_,00110,8
C662__00100.8,11.912321524649984,43.05419406,C662,_,00100,8
C662__00080.8,11.922099924599909,43.05806138,C662,_,00080,8
C662__00070.8,11.910491897635483,43.062586445,C662,_,00070,8
C662__00060.8,11.892518228240903,43.06012708,C662,_,00060,8
C662__00050.8,11.92721228757525,43.074097585000004,C662,_,00050,8
C662__00040.8,11.925282918146644,43.06328123,C662,_,00040,8
C662__00030.8,11.912033161294389,43.065041285,C662,_,00030,8
C662__00020.80,11.907133032903804,43.06725343,C662,_,00020,80
C662__00670.80,11.938450489472975,42.98511365,C662,_,00670,80
C662__00660.80,11.957206846930086,42.988832895,C662,_,00660,80
C662__00640.80,11.922923723961478,42.995284905000005,C662,_,00640,80
C662__0063.80,11.95780881213748,43.004875639999995,C662,_,0063,80
C662__00590.80,11.96281685962109,43.01369015,C662,_,00590,80
C662__00570.80,11.932088618033525,43.004864645,C662,_,00570,80
C662__00560.80,11.932511779591358,43.01409179,C662,_,00560,80
C662__00530.80,11.9093151983191,43.014182745,C662,_,00530,80
C662__00520.80,11.96511539859919,43.0176877,C662,_,00520,80
C662__00510.80,11.96539046065099,43.030004524999995,C662,_,00510,80
C662__00500.80,11.949485905023113,43.022133335,C662,_,00500,80
C662__00490.80,11.948771919917487,43.017103309999996,C662,_,00490,80
C662__00470.80,11.931235796374196,43.019352635000004,C662,_,00470,80
C662__00460.80,11.908400776233066,43.017821104999996,C662,_,00460,80
C662__00450.80,11.905735115004916,43.01808475,C662,_,00450,80
C662__00390.80,11.970780662176203,43.02851874,C662,_,00390,80
C662__00380.80,11.957161820814825,43.029029405,C662,_,00380,80
C662__00370.80,11.954647860323245,43.031384625,C662,_,00370,80
C662__00360.80,11.936252322698078,43.03100506,C662,_,00360,80
C662__00350.80,11.93341182981706,43.028712455,C662,_,00350,80
C662__00340.80,11.931146170581094,43.026041989999996,C662,_,00340,80
C662__00330.80,11.910730134893292,43.032221555,C662,_,00330,80
C662__00300.80,11.893183211933778,43.03061469,C662,_,00300,80
C662__00290.80,11.878418270073933,43.02863569,C662,_,00290,80
C662__00260.80,11.931828751737275,43.038462455,C662,_,00260,80
C662__00250.80,11.926230628832206,43.039261395,C662,_,00250,80
C662__00240.80,11.926845131228891,43.03120268000001,C662,_,00240,80
C662__00230.80,11.91129321043585,43.041211255,C662,_,00230,80
C662__00210.80,11.895509356530326,43.037287989999996,C662,_,00210,80
C662__00190.80,11.885801897165868,43.035721429999995,C662,_,00190,80
C662__00170.80,11.977751049070227,43.04411642,C662,_,00170,80
C662__00160.80,11.961041458370264,43.049200330000005,C662,_,00160,80
C662__00150.80,11.957260223605164,43.05186441,C662,_,00150,80
C662__00140.80,11.935264266547346,43.053247625,C662,_,00140,80
C662__00110.80,11.92222200323329,43.04859792,C662,_,00110,80
C662__00080.80,11.914134376773566,43.060210685,C662,_,00080,80
C662__00070.80,11.914327301781132,43.05879992,C662,_,00070,80
C662__00060.80,11.88962255990743,43.060750545000005,C662,_,00060,80
C662__00030.80,11.913651803103265,43.06296896,C662,_,00030,80
C662__00500.800,11.953024712791773,43.016300075000004,C662,_,00500,800
C662__0063.800,11.95296470338636,43.005676825,C662,_,0063,800
C662__00590.800,11.954574221996038,43.008474875,C662,_,00590,800
C662__00500.801,11.953263714524642,43.01653068,C662,_,00500,801
C662__0063.801,11.953013677216372,43.005676825,C662,_,0063,801
C662__00590.801,11.95458308511659,43.008353065,C662,_,00590,801
C662__00500.802,11.953080922211537,43.0165551,C662,_,00500,802
C662__00500.803,11.953112773140521,43.016550905,C662,_,00500,803
C662__00630.803,11.963982862802407,43.00607585,C662,_,00630,803
C662__00590.803,11.957347214174945,43.010149330000004,C662,_,00590,803
C662__00500.804,11.953239074843335,43.016646615,C662,_,00500,804
C662__00630.804,11.963573377359502,43.00508531,C662,_,00630,804
C662__00590.804,11.956897227144225,43.009755084999995,C662,_,00590,804
C662__00580.804,11.944255230514845,43.009628875000004,C662,_,00580,804
C662__00500.805,11.952980011302024,43.016117109999996,C662,_,00500,805
C662__00630.805,11.963466252969058,43.004826019999996,C662,_,00630,805
C662__00580.805,11.944577673824096,43.009521555,C662,_,00580,805
C662__00580.806,11.94444464813261,43.009460155,C662,_,00580,806
C662__00630.806,11.963374277793328,43.004604404999995,C662,_,00630,806
C662__00590.806,11.952533950514706,43.00938344,C662,_,00590,806
C662__00630.807,11.963143201528618,43.00404815,C662,_,00630,807
C662__00580.808,11.94444596918453,43.008442495,C662,_,00580,808
C662__00630.808,11.962870628837042,43.00339218,C662,_,00630,808
C662__00580.809,11.943916917187693,43.008584845,C662,_,00580,809
C662__00630.809,11.963273619084989,43.004361715,C662,_,00630,809
C662__00030.81,11.918375285824547,43.06182165,C662,_,00030,81
C662__00670.81,11.94407091509147,42.988713315,C662,_,00670,81
C662__00660.81,11.958294515081754,42.9888269,C662,_,00660,81
C662__00640.81,11.9225575208802,42.994467775,C662,_,00640,81
C662__0063.81,11.957458577831279,43.00457661,C662,_,0063,81
C662__00620.81,11.9438981417013,42.997848465000004,C662,_,00620,81
C662__00610.81,11.92509048656821,42.998656315000005,C662,_,00610,81
C662__00590.81,11.963625508045007,43.01359821,C662,_,00590,81
C662__00570.81,11.932472464100083,43.004056770000005,C662,_,00570,81
C662__00560.81,11.932961168937927,43.014181640000004,C662,_,00560,81
C662__00530.81,11.908799135277818,43.01318406,C662,_,00530,81
C662__00520.81,11.965251470392445,43.01699703,C662,_,00520,81
C662__00510.81,11.95944157760519,43.0225068,C662,_,00510,81
C662__00500.81,11.95041369522356,43.02230016,C662,_,00500,81
C662__00490.81,11.9487346574501,43.01707351,C662,_,00490,81
C662__00480.81,11.93707141655818,43.024427564999996,C662,_,00480,81
C662__00470.81,11.931433823342218,43.01853141,C662,_,00470,81
C662__00450.81,11.905561452846587,43.018501119999996,C662,_,00450,81
C662__00430.81,11.890461427420023,43.022103125,C662,_,00430,81
C662__00390.81,11.971829087941707,43.02859569,C662,_,00390,81
C662__00380.81,11.958824798625914,43.028823405,C662,_,00380,81
C662__00370.81,11.95501037347719,43.031843795,C662,_,00370,81
C662__00360.81,11.9365373187589,43.03122036,C662,_,00360,81
C662__00350.81,11.934861830610402,43.02852275,C662,_,00350,81
C662__00340.81,11.930429188054966,43.026310835000004,C662,_,00340,81
C662__00330.81,11.910236891708287,43.03188169,C662,_,00330,81
C662__00320.81,11.906285651027225,43.032228045,C662,_,00320,81
C662__00310.81,11.891202617550004,43.025145120000005,C662,_,00310,81
C662__00300.81,11.892645751686757,43.029864095,C662,_,00300,81
C662__00290.81,11.879251294013336,43.028595875,C662,_,00290,81
C662__00260.81,11.931862594230083,43.03830276,C662,_,00260,81
C662__00250.81,11.926191629280197,43.039395095,C662,_,00250,81
C662__00240.81,11.926582210261046,43.031615775,C662,_,00240,81
C662__00230.81,11.914317186152118,43.039781770000005,C662,_,00230,81
C662__00210.81,11.895568717547437,43.03736911,C662,_,00210,81
C662__00190.81,11.885417743423298,43.03507225,C662,_,00190,81
C662__00180.81,11.902953613389403,43.045467204999994,C662,_,00180,81
C662__00170.81,11.977990867068005,43.043712485,C662,_,00170,81
C662__00160.81,11.958199482252304,43.049041695,C662,_,00160,81
C662__00150.81,11.95784146235518,43.052568295,C662,_,00150,81
C662__00140.81,11.936425075120287,43.05244752,C662,_,00140,81
C662__00110.81,11.922812064809111,43.048572885,C662,_,00110,81
C662__00100.81,11.910277393835894,43.05503983,C662,_,00100,81
C662__00070.81,11.914046246170287,43.058714765000005,C662,_,00070,81
C662__00060.81,11.889639480572434,43.060051165000004,C662,_,00060,81
C662__00580.810,11.944704938225772,43.009542305,C662,_,00580,810
C662__00630.810,11.957553620403596,43.002918975,C662,_,00630,810
C662__00580.811,11.944773705647172,43.009539175,C662,_,00580,811
C662__00630.811,11.961362442865989,43.00172713,C662,_,00630,811
C662__00580.812,11.944639219046657,43.009521555,C662,_,00580,812
C662__00630.812,11.961057704872083,43.00154561,C662,_,00630,812
C662__00590.812,11.953373919821765,43.013984885,C662,_,00590,812
C662__00580.813,11.944642776743798,43.009618465,C662,_,00580,813
C662__00630.813,11.96110870254612,43.001660834999996,C662,_,00630,813
C662__00580.814,11.944756908322447,43.00962011,C662,_,00580,814
C662__00630.814,11.961153427833564,43.00176201,C662,_,00630,814
C662__00620.814,11.94835826469455,43.003263375,C662,_,00620,814
C662__00620.815,11.944945817493,43.001635179999994,C662,_,00620,815
C662__00630.815,11.961198876405877,43.001864850000004,C662,_,00630,815
C662__00590.816,11.95008574833452,43.01005255,C662,_,00590,816
C662__00630.816,11.961239986588431,43.00195796,C662,_,00630,816
C662__00620.816,11.94382942390358,43.001196254999996,C662,_,00620,816
C662__00580.817,11.944697804734847,43.009750405,C662,_,00580,817
C662__00630.817,11.961267369910345,43.002018899999996,C662,_,00630,817
C662__00620.817,11.94439618130005,43.001419885000004,C662,_,00620,817
C662__00580.818,11.944800497697862,43.009693485,C662,_,00580,818
C662__00630.818,11.961288323183554,43.002070544999995,C662,_,00630,818
C662__00620.818,11.94472422490744,43.00194049,C662,_,00620,818
C662__00590.818,11.949511148834569,43.008576215,C662,_,00590,818
C662__00580.819,11.944803093813423,43.009806080000004,C662,_,00580,819
C662__00630.819,11.961349689380775,43.00220719,C662,_,00630,819
C662__00620.819,11.944271278807319,43.001757795,C662,_,00620,819
C662__00590.819,11.958538284305206,43.010214325,C662,_,00590,819
C662__00020.82,11.902508207291422,43.065089345,C662,_,00020,82
C662__00670.82,11.940803096830138,42.98501712,C662,_,00670,82
C662__00660.82,11.958691546971323,42.989227645,C662,_,00660,82
C662__00650.82,11.938892891668566,42.988737385,C662,_,00650,82
C662__00640.82,11.922991763813602,42.994588375,C662,_,00640,82
C662__0063.82,11.95778549937193,43.004640865,C662,_,0063,82
C662__00620.82,11.946972266696207,42.998886595,C662,_,00620,82
C662__00590.82,11.95386799609791,43.006058859999996,C662,_,00590,82
C662__00580.82,11.940041212084433,43.00683824,C662,_,00580,82
C662__00570.82,11.93374081707084,43.004523905,C662,_,00570,82
C662__00560.82,11.932641707849102,43.01374557,C662,_,00560,82
C662__00530.82,11.90866325582114,43.01363049,C662,_,00530,82
C662__00520.82,11.965870776811489,43.01811308,C662,_,00520,82
C662__00510.82,11.957331863348427,43.02105129,C662,_,00510,82
C662__00500.82,11.950878546698748,43.02263055,C662,_,00500,82
C662__00490.82,11.948687048635342,43.017034589999994,C662,_,00490,82
C662__00480.82,11.937749519250954,43.02431477499999,C662,_,00480,82
C662__00470.82,11.931187341440364,43.017931825,C662,_,00470,82
C662__00430.82,11.891589634155894,43.02197248,C662,_,00430,82
C662__00420.82,11.87905646267105,43.02480523,C662,_,00420,82
C662__00390.82,11.97213929488369,43.028156225000004,C662,_,00390,82
C662__00380.82,11.95962412050471,43.029050765,C662,_,00380,82
C662__00370.82,11.955717001941967,43.031595705,C662,_,00370,82
C662__00360.82,11.936658511936038,43.03113214,C662,_,00360,82
C662__00340.82,11.930091017278553,43.026253095,C662,_,00340,82
C662__00330.82,11.908474561193293,43.029857245,C662,_,00330,82
C662__00310.82,11.89114224906206,43.025055775,C662,_,00310,82
C662__00250.82,11.928176869327084,43.04073337,C662,_,00250,82
C662__00240.82,11.92681721510724,43.031901925,C662,_,00240,82
C662__00230.82,11.912115675970426,43.038347654999995,C662,_,00230,82
C662__00220.82,11.907064516422576,43.0410191,C662,_,00220,82
C662__00210.82,11.89622766505104,43.03814023,C662,_,00210,82
C662__00200.82,11.881448633650308,43.04533931,C662,_,00200,82
C662__00190.82,11.885974132065662,43.035036739999995,C662,_,00190,82
C662__00180.82,11.896632374209085,43.048246765,C662,_,00180,82
C662__00170.82,11.977503935569164,43.043065999999996,C662,_,00170,82
C662__00160.82,11.959691133880346,43.04942446,C662,_,00160,82
C662__00150.82,11.958790061589688,43.050562315,C662,_,00150,82
C662__00140.82,11.93791734673282,43.05159182,C662,_,00140,82
C662__00110.82,11.921924701662999,43.049639075,C662,_,00110,82
C662__00100.82,11.911297633554668,43.05502816,C662,_,00100,82
C662__00070.82,11.913787410726105,43.058595104999995,C662,_,00070,82
C662__00060.82,11.889529305609258,43.059978900000004,C662,_,00060,82
C662__00030.82,11.913983804385255,43.062118005,C662,_,00030,82
C662__00580.820,11.944641239905463,43.009660620000005,C662,_,00580,820
C662__00630.820,11.961635501311223,43.002199055,C662,_,00630,820
C662__00620.820,11.95074165898523,43.004137155,C662,_,00620,820
C662__00590.820,11.957504007801777,43.008675435,C662,_,00590,820
C662__00580.821,11.944804042231368,43.00961791,C662,_,00580,821
C662__00630.821,11.961840944052717,43.002197565,C662,_,00630,821
C662__00620.821,11.950006408110525,43.004062415,C662,_,00620,821
C662__00590.821,11.957792234370523,43.008420220000005,C662,_,00590,821
C662__00580.822,11.944818089621421,43.009537505,C662,_,00580,822
C662__00630.822,11.962054886156924,43.0022126,C662,_,00630,822
C662__00620.822,11.949916631660823,43.00433298,C662,_,00620,822
C662__00590.822,11.95070025712236,43.014097485,C662,_,00590,822
C662__00580.823,11.945979892612453,43.010862085,C662,_,00580,823
C662__0063.823,11.95835868042894,43.006628774999996,C662,_,0063,823
C662__00580.824,11.946091162448889,43.010863220000005,C662,_,00580,824
C662__0063.824,11.959613131863726,43.006755885000004,C662,_,0063,824
C662__00590.824,11.959020543964971,43.014501010000004,C662,_,00590,824
C662__00580.825,11.946091049209262,43.01083864,C662,_,00580,825
C662__00630.825,11.960753726443949,43.005501335,C662,_,00630,825
C662__00620.825,11.939528306168462,43.00341471,C662,_,00620,825
C662__00590.825,11.95729525837626,43.00754594,C662,_,00590,825
C662__00580.826,11.946158621609872,43.01086891,C662,_,00580,826
C662__00630.826,11.960850815409051,43.005612965,C662,_,00630,826
C662__00590.826,11.957281682794253,43.007513595,C662,_,00590,826
C662__00580.827,11.946148100336739,43.010838344999996,C662,_,00580,827
C662__00630.827,11.9603653247151,43.00387507000001,C662,_,00630,827
C662__00590.827,11.95727474979002,43.007504175,C662,_,00590,827
C662__00580.828,11.946173612002093,43.010887345,C662,_,00580,828
C662__00630.828,11.96062277028036,43.003903945000005,C662,_,00630,828
C662__00590.828,11.957335642583562,43.007359195,C662,_,00590,828
C662__00580.829,11.946194824860035,43.01085766,C662,_,00580,829
C662__00630.829,11.960354295944569,43.00390769,C662,_,00630,829
C662__00590.829,11.957446336813408,43.00751447,C662,_,00590,829
C662__00020.83,11.90344282003625,43.065209069999995,C662,_,00020,83
C662__00670.83,11.935573348813632,42.983360250000004,C662,_,00670,83
C662__00660.83,11.958452558827794,42.988628825,C662,_,00660,83
C662__00650.83,11.939472320355797,42.988520109999996,C662,_,00650,83
C662__00640.83,11.92253881527713,42.99435173,C662,_,00640,83
C662__0063.83,11.958084617309083,43.004763415,C662,_,0063,83
C662__00620.83,11.947709245773442,42.998848769999995,C662,_,00620,83
C662__00570.83,11.92537614029603,43.00329006,C662,_,00570,83
C662__00560.83,11.93339725363354,43.01422225,C662,_,00560,83
C662__00550.83,11.923331042808046,43.004942565,C662,_,00550,83
C662__00530.83,11.90758181361338,43.01375926,C662,_,00530,83
C662__00520.83,11.966492031278758,43.018294785,C662,_,00520,83
C662__00500.83,11.951675379792182,43.022254270000005,C662,_,00500,83
C662__00480.83,11.93964211437826,43.025042035,C662,_,00480,83
C662__00470.83,11.931887979072332,43.01805053,C662,_,00470,83
C662__00460.83,11.909118404860434,43.01620624,C662,_,00460,83
C662__00430.83,11.89145802677512,43.021705605,C662,_,00430,83
C662__00420.83,11.8778634284708,43.024730485000006,C662,_,00420,83
C662__00370.83,11.956480217583165,43.03147474,C662,_,00370,83
C662__00350.83,11.931583223248577,43.02795428,C662,_,00350,83
C662__00340.83,11.93000728233711,43.026248405000004,C662,_,00340,83
C662__00330.83,11.907374977142467,43.02718003,C662,_,00330,83
C662__00320.83,11.899346375870955,43.03224343,C662,_,00320,83
C662__00310.83,11.891174449242344,43.02493466,C662,_,00310,83
C662__00290.83,11.881713681075263,43.028464865000004,C662,_,00290,83
C662__00240.83,11.926710087254694,43.03241846,C662,_,00240,83
C662__00230.83,11.913619798527394,43.04276955,C662,_,00230,83
C662__00210.83,11.896383394116327,43.038628175,C662,_,00210,83
C662__00190.83,11.886482106880829,43.035054994999996,C662,_,00190,83
C662__00180.83,11.897123981474824,43.048109984999996,C662,_,00180,83
C662__00170.83,11.978913878704166,43.051936760000004,C662,_,00170,83
C662__00160.83,11.956582911638483,43.049683575,C662,_,00160,83
C662__00150.83,11.9553114795642,43.052038865,C662,_,00150,83
C662__00140.83,11.937612531183754,43.047743495,C662,_,00140,83
C662__00110.83,11.922210756890184,43.049886295,C662,_,00110,83
C662__00100.83,11.910809976324124,43.055168085000005,C662,_,00100,83
C662__00080.83,11.914010675917446,43.061190995000004,C662,_,00080,83
C662__00070.83,11.91349655307524,43.05856008,C662,_,00070,83
C662__00060.83,11.887956518196443,43.06136413,C662,_,00060,83
C662__00030.83,11.915947227651966,43.06135535,C662,_,00030,83
C662__00580.830,11.946230766357374,43.010879985,C662,_,00580,830
C662__00630.830,11.960613077614354,43.003939375,C662,_,00630,830
C662__00590.830,11.957474561563558,43.007460554999994,C662,_,00590,830
C662__00580.831,11.946209579116367,43.010833950000006,C662,_,00580,831
C662__0063.831,11.95552094917575,43.005148405,C662,_,0063,831
C662__00620.831,11.938978609929432,43.00081887,C662,_,00620,831
C662__00590.831,11.957343062064858,43.007232204999994,C662,_,00590,831
C662__00580.832,11.94636960046087,43.010638465,C662,_,00580,832
C662__0063.832,11.959232306795794,43.006650345,C662,_,0063,832
C662__00620.832,11.937355009456294,43.000222765000004,C662,_,00620,832
C662__00590.832,11.957180360166952,43.00698765999999,C662,_,00590,832
C662__00580.833,11.946476877165988,43.010638465,C662,_,00580,833
C662__0063.833,11.959457063040183,43.006647735,C662,_,0063,833
C662__00620.833,11.937595737537524,42.999621445,C662,_,00620,833
C662__00590.833,11.95704444413942,43.006884944999996,C662,_,00590,833
C662__00580.834,11.945084895232327,43.01164262,C662,_,00580,834
C662__0063.834,11.959147568630268,43.00664656,C662,_,0063,834
C662__00620.834,11.947889014536507,43.004006505,C662,_,00620,834
C662__00590.834,11.957492125311536,43.007493205,C662,_,00590,834
C662__00580.835,11.945768451470013,43.01072214,C662,_,00580,835
C662__0063.835,11.955608977052787,43.005010389999995,C662,_,0063,835
C662__00620.835,11.941782632408543,43.003982,C662,_,00620,835
C662__00590.835,11.957392384418416,43.007026155,C662,_,00590,835
C662__00580.836,11.945918491163308,43.012235785,C662,_,00580,836
C662__0063.836,11.957813422156486,43.004726845,C662,_,0063,836
C662__00620.836,11.943115185671331,43.001423599999995,C662,_,00620,836
C662__00590.836,11.957286333174396,43.00694934,C662,_,00590,836
C662__00580.837,11.94606432447381,43.01100017,C662,_,00580,837
C662__0063.837,11.957974419834938,43.004809550000004,C662,_,0063,837
C662__0062.837,11.954968269954419,43.000404020000005,C662,_,0062,837
C662__00590.837,11.957173884064222,43.006792985000004,C662,_,00590,837
C662__00580.838,11.945592497952088,43.011640685,C662,_,00580,838
C662__0063.838,11.957908790530201,43.004732149999995,C662,_,0063,838
C662__00590.838,11.957044462926975,43.00674857,C662,_,00590,838
C662__00580.839,11.945503707717709,43.012035235,C662,_,00580,839
C662__00590.839,11.956953635211693,43.00664508,C662,_,00590,839
C662__00030.84,11.914447237259402,43.063960815,C662,_,00030,84
C662__00670.84,11.939675266814486,42.98725842,C662,_,00670,84
C662__00660.84,11.958215037899826,42.988039650000005,C662,_,00660,84
C662__00650.84,11.94071380136311,42.989624625000005,C662,_,00650,84
C662__00640.84,11.92278543617467,42.99622171,C662,_,00640,84
C662__0063.84,11.95801510247175,43.004627275,C662,_,0063,84
C662__00590.84,11.950991135681637,43.011875535,C662,_,00590,84
C662__00580.84,11.940328889774317,43.00633613,C662,_,00580,84
C662__00570.84,11.92684425392083,43.002965114999995,C662,_,00570,84
C662__00560.84,11.934263990914015,43.014062095,C662,_,00560,84
C662__00550.84,11.921677949689567,43.004369260000004,C662,_,00550,84
C662__00520.84,11.96948395357634,43.018918479999996,C662,_,00520,84
C662__00510.84,11.959654733521962,43.022314789999996,C662,_,00510,84
C662__00500.84,11.952426984186474,43.021964205,C662,_,00500,84
C662__00490.84,11.948629018481949,43.016969489999994,C662,_,00490,84
C662__00470.84,11.931592964020465,43.01774781,C662,_,00470,84
C662__00460.84,11.907052812582217,43.01980193,C662,_,00460,84
C662__00440.84,11.89575434002768,43.021007995,C662,_,00440,84
C662__00420.84,11.877598211834203,43.024417685,C662,_,00420,84
C662__00380.84,11.954650299425671,43.028107925,C662,_,00380,84
C662__00370.84,11.957231981074045,43.031268245,C662,_,00370,84
C662__00360.84,11.937263270224381,43.031315095,C662,_,00360,84
C662__00350.84,11.932376833815797,43.028455695,C662,_,00350,84
C662__00340.84,11.92621788850912,43.029631865,C662,_,00340,84
C662__00330.84,11.907296545949201,43.026911335,C662,_,00330,84
C662__00320.84,11.904389769514214,43.033375365,C662,_,00320,84
C662__00310.84,11.891418852425293,43.024988155,C662,_,00310,84
C662__00300.84,11.885419575152735,43.032326940000004,C662,_,00300,84
C662__00270.84,11.95368585418056,43.049058814999995,C662,_,00270,84
C662__00260.84,11.932345410488818,43.03830692,C662,_,00260,84
C662__00240.84,11.926353468390102,43.032918785,C662,_,00240,84
C662__00230.84,11.907358698642891,43.034525814999995,C662,_,00230,84
C662__00220.84,11.90731094760859,43.04283129,C662,_,00220,84
C662__00210.84,11.896401926135987,43.03798509,C662,_,00210,84
C662__00200.84,11.882483005684813,43.04434422,C662,_,00200,84
C662__00190.84,11.886269208828411,43.035533145,C662,_,00190,84
C662__00180.84,11.897738484817694,43.04760941,C662,_,00180,84
C662__00170.84,11.978144360782574,43.05786175,C662,_,00170,84
C662__00160.84,11.956045555535672,43.050098274999996,C662,_,00160,84
C662__00150.84,11.95621806529193,43.051765865,C662,_,00150,84
C662__00140.84,11.938391770589796,43.047966454999994,C662,_,00140,84
C662__00110.84,11.92169406107951,43.05038297,C662,_,00110,84
C662__00100.84,11.911165681984464,43.05502816,C662,_,00100,84
C662__00080.84,11.914935644074646,43.0600476,C662,_,00080,84
C662__00060.84,11.889695803768877,43.060906955,C662,_,00060,84
C662__00580.840,11.945707726864025,43.01128018,C662,_,00580,840
C662__00620.840,11.941734568222097,43.003693935,C662,_,00620,840
C662__00590.840,11.956858368421884,43.00653144,C662,_,00590,840
C662__00580.841,11.945774304158103,43.011085304999995,C662,_,00580,841
C662__00630.841,11.960332202390086,43.006817645,C662,_,00630,841
C662__00590.841,11.956744908469144,43.006475395,C662,_,00590,841
C662__00580.842,11.948505156175367,43.01010024,C662,_,00580,842
C662__00630.842,11.960305080064412,43.00682843,C662,_,00630,842
C662__00620.842,11.946417296034927,43.004830005,C662,_,00620,842
C662__00590.842,11.957598253672987,43.0078618,C662,_,00590,842
C662__00580.843,11.94871955201025,43.009363965,C662,_,00580,843
C662__00630.843,11.959896669653638,43.00620819,C662,_,00630,843
C662__00590.843,11.95775399587406,43.007781765000004,C662,_,00590,843
C662__00580.844,11.939419020449463,43.006725395000004,C662,_,00580,844
C662__00630.844,11.959699151705824,43.005975035,C662,_,00630,844
C662__00590.844,11.95771106147668,43.007680155,C662,_,00590,844
C662__00580.845,11.944767549680881,43.011316140000005,C662,_,00580,845
C662__00630.845,11.96018596559902,43.006674925,C662,_,00630,845
C662__00590.845,11.957666113760858,43.007573335000004,C662,_,00590,845
C662__00580.846,11.939798229691922,43.007073305,C662,_,00580,846
C662__00630.846,11.959395746912403,43.005309595,C662,_,00630,846
C662__00590.846,11.957391733154713,43.0078954,C662,_,00590,846
C662__00580.847,11.940012695557549,43.00724882,C662,_,00580,847
C662__00630.847,11.959346913119488,43.005331255,C662,_,00630,847
C662__00590.847,11.957446235983536,43.00783878,C662,_,00590,847
C662__00580.848,11.936800731115632,43.00446688,C662,_,00580,848
C662__00630.848,11.959285310633764,43.005057675,C662,_,00630,848
C662__00620.848,11.943482623896392,43.0033852,C662,_,00620,848
C662__00590.848,11.957446496238667,43.00773952,C662,_,00590,848
C662__00580.849,11.936806625208456,43.00469427,C662,_,00580,849
C662__00630.849,11.959243135756479,43.00497528,C662,_,00630,849
C662__00620.849,11.94407278345954,43.00347816,C662,_,00620,849
C662__00590.849,11.957400213963082,43.007600620000005,C662,_,00590,849
C662__00020.85,11.904232682451592,43.06383828,C662,_,00020,85
C662__00680.85,11.955309729147741,42.983761085,C662,_,00680,85
C662__00670.85,11.948176874232757,42.985656105000004,C662,_,00670,85
C662__00650.85,11.940471882792748,42.98910377,C662,_,00650,85
C662__00640.85,11.927378084900958,42.99546388,C662,_,00640,85
C662__0063.85,11.958615895042032,43.004802865,C662,_,0063,85
C662__00610.85,11.924637171688218,42.997390395,C662,_,00610,85
C662__00590.85,11.951557128927988,43.011915325000004,C662,_,00590,85
C662__00560.85,11.935234759952051,43.00994516,C662,_,00560,85
C662__00550.85,11.921557642184922,43.004375620000005,C662,_,00550,85
C662__00530.85,11.908899991051763,43.014322745,C662,_,00530,85
C662__00520.85,11.969461358261714,43.01825299,C662,_,00520,85
C662__00490.85,11.948848058984339,43.01705076499999,C662,_,00490,85
C662__00480.85,11.94100594700044,43.024311955,C662,_,00480,85
C662__00470.85,11.931722830297836,43.018259035,C662,_,00470,85
C662__00450.85,11.909061909707908,43.022440275,C662,_,00450,85
C662__00430.85,11.891401329733888,43.021577375,C662,_,00430,85
C662__00420.85,11.883839431617208,43.024739325,C662,_,00420,85
C662__00380.85,11.95737265644011,43.0284492,C662,_,00380,85
C662__00370.85,11.957714672583307,43.031695865,C662,_,00370,85
C662__00360.85,11.937850880185628,43.031185945000004,C662,_,00360,85
C662__00350.85,11.933178899955438,43.028341174999994,C662,_,00350,85
C662__00330.85,11.907239299032797,43.02660885,C662,_,00330,85
C662__00310.85,11.89180511589027,43.02513385,C662,_,00310,85
C662__00270.85,11.95450824240682,43.048988644999994,C662,_,00270,85
C662__00260.85,11.938429334435824,43.0386504,C662,_,00260,85
C662__00240.85,11.926663159332133,43.03311502,C662,_,00240,85
C662__00230.85,11.915391180374357,43.043704225,C662,_,00230,85
C662__00220.85,11.90678879983494,43.043886799999996,C662,_,00220,85
C662__00210.85,11.895871469927515,43.036829585,C662,_,00210,85
C662__00180.85,11.907126264354876,43.04773466,C662,_,00180,85
C662__00170.85,11.977986071828884,43.058055625,C662,_,00170,85
C662__00160.85,11.956011742391897,43.050111779999995,C662,_,00160,85
C662__00110.85,11.922058260473829,43.05064249,C662,_,00110,85
C662__00080.85,11.914343635245686,43.0600029,C662,_,00080,85
C662__00060.85,11.89196858182547,43.06034019,C662,_,00060,85
C662__00030.85,11.91432806448541,43.06400157,C662,_,00030,85
C662__00580.850,11.936899372247343,43.004785425,C662,_,00580,850
C662__00630.850,11.959221400715757,43.00498769,C662,_,00630,850
C662__00590.850,11.957452516804022,43.007589214999996,C662,_,00590,850
C662__00580.851,11.936685327850775,43.004785425,C662,_,00580,851
C662__00630.851,11.959208818240235,43.004901509999996,C662,_,00630,851
C662__00590.851,11.957500243433433,43.007598825,C662,_,00590,851
C662__00580.852,11.936658063764257,43.004514705,C662,_,00580,852
C662__00630.852,11.959175828908048,43.00489639,C662,_,00630,852
C662__00620.852,11.946382757518187,43.00467525,C662,_,00620,852
C662__00590.852,11.957550534540626,43.007486345000004,C662,_,00590,852
C662__00580.853,11.936716346299537,43.004638485,C662,_,00580,853
C662__00630.853,11.959115031019163,43.0047027,C662,_,00630,853
C662__00620.853,11.93997904766281,43.001324755,C662,_,00620,853
C662__00590.853,11.9576029405736,43.007426214999995,C662,_,00590,853
C662__00580.854,11.936954057326085,43.00483882,C662,_,00580,854
C662__00630.854,11.959130142681186,43.00479192,C662,_,00630,854
C662__00590.854,11.957535284494567,43.00725102,C662,_,00590,854
C662__00580.855,11.937135502751065,43.004544415,C662,_,00580,855
C662__00630.855,11.9589739621421,43.004375554999996,C662,_,00630,855
C662__00580.856,11.940600359003511,43.005860315,C662,_,00580,856
C662__00590.856,11.956888486191545,43.007493185,C662,_,00590,856
C662__00590.857,11.957146584361208,43.007593674999995,C662,_,00590,857
C662__00580.858,11.941247591649955,43.004957535,C662,_,00580,858
C662__00590.858,11.957102441361325,43.00756482,C662,_,00590,858
C662__00590.859,11.957090508975499,43.00755703,C662,_,00590,859
C662__0063.859,11.951099892374042,43.006465045,C662,_,0063,859
C662__00620.859,11.944925572914013,43.001225585,C662,_,00620,859
C662__00020.86,11.90564203217874,43.063653455,C662,_,00020,86
C662__00680.86,11.955408009797214,42.98375503,C662,_,00680,86
C662__00670.86,11.938244468874249,42.986453855,C662,_,00670,86
C662__00660.86,11.952330788127423,42.986193295,C662,_,00660,86
C662__00650.86,11.943202114603704,42.989536584999996,C662,_,00650,86
C662__00640.86,11.927903445433245,42.99700035,C662,_,00640,86
C662__00630.86,11.959925597581778,43.004445000000004,C662,_,00630,86
C662__00620.86,11.952980344890843,42.999345945,C662,_,00620,86
C662__00590.86,11.953257781073262,43.0123217,C662,_,00590,86
C662__00580.86,11.945494842701766,43.00699512,C662,_,00580,86
C662__00570.86,11.929798410878597,43.003301875,C662,_,00570,86
C662__00560.86,11.935760274194534,43.013261990000004,C662,_,00560,86
C662__00550.86,11.92153976222551,43.00463955,C662,_,00550,86
C662__00530.86,11.908390867919593,43.014174,C662,_,00530,86
C662__00520.86,11.968151136288363,43.01768962,C662,_,00520,86
C662__00510.86,11.959922059118258,43.025838715,C662,_,00510,86
C662__00500.86,11.954366088190415,43.022268155,C662,_,00500,86
C662__00490.86,11.948906959286997,43.017007495,C662,_,00490,86
C662__00480.86,11.941945311995298,43.024675945,C662,_,00480,86
C662__00470.86,11.932346049271533,43.018418975,C662,_,00470,86
C662__00460.86,11.907757578146587,43.01793395,C662,_,00460,86
C662__00450.86,11.908663866109432,43.022576595000004,C662,_,00450,86
C662__00380.86,11.959022309555017,43.02843921,C662,_,00380,86
C662__00350.86,11.933675300437878,43.02782036,C662,_,00350,86
C662__00340.86,11.928222714394483,43.02866525,C662,_,00340,86
C662__00330.86,11.906848985272934,43.025803385,C662,_,00330,86
C662__00320.86,11.905693801538739,43.03256675,C662,_,00320,86
C662__00310.86,11.892322788090713,43.02544240500001,C662,_,00310,86
C662__00300.86,11.885730398767148,43.03229419,C662,_,00300,86
C662__00290.86,11.871051307846894,43.034928625,C662,_,00290,86
C662__00270.86,11.953057392070097,43.049707825,C662,_,00270,86
C662__00260.86,11.937317210679954,43.037867855,C662,_,00260,86
C662__00240.86,11.925714740905438,43.033575585,C662,_,00240,86
C662__00230.86,11.915931023199889,43.043898514999995,C662,_,00230,86
C662__00220.86,11.905700096328204,43.03612237,C662,_,00220,86
C662__00210.86,11.896519936151783,43.037634585,C662,_,00210,86
C662__00180.86,11.903832706280207,43.04597230500001,C662,_,00180,86
C662__00170.86,11.97788350365866,43.058184159999996,C662,_,00170,86
C662__00160.86,11.959908561198954,43.048360419999995,C662,_,00160,86
C662__00150.86,11.957078328201344,43.05116554,C662,_,00150,86
C662__00140.86,11.93437049782159,43.05075851,C662,_,00140,86
C662__00110.86,11.921524421626923,43.05092338,C662,_,00110,86
C662__00100.86,11.9044022990199,43.056093610000005,C662,_,00100,86
C662__00080.86,11.914537651319234,43.059799760000004,C662,_,00080,86
C662__00070.86,11.91317259777618,43.058544595,C662,_,00070,86
C662__00060.86,11.892766860377865,43.060178135,C662,_,00060,86
C662__00030.86,11.916840540963543,43.06100078,C662,_,00030,86
C662__00580.860,11.94171152038235,43.005080160000006,C662,_,00580,860
C662__0063.860,11.951453716957325,43.006379435,C662,_,0063,860
C662__00620.860,11.945296465771538,43.00150953,C662,_,00620,860
C662__00590.860,11.956939889456253,43.00746299,C662,_,00590,860
C662__00620.861,11.944944938595867,43.001300685000004,C662,_,00620,861
C662__0063.861,11.95174740475083,43.00630789,C662,_,0063,861
C662__00580.862,11.939821878037446,43.005057635,C662,_,00580,862
C662__00660.862,11.955653435028562,42.996039775,C662,_,00660,862
C662__00630.862,11.962124000977138,43.001840380000004,C662,_,00630,862
C662__00620.862,11.944637205414667,43.00128578,C662,_,00620,862
C662__00590.862,11.9572600895114,43.007792345,C662,_,00590,862
C662__00580.863,11.93985804983194,43.004850250000004,C662,_,00580,863
C662__00660.863,11.955312362127913,42.992621310000004,C662,_,00660,863
C662__00630.863,11.96173302972733,43.001392745,C662,_,00630,863
C662__00620.863,11.944446536185637,43.00120751,C662,_,00620,863
C662__00590.863,11.9573197594587,43.007708145,C662,_,00590,863
C662__00590.864,11.957248848797686,43.007648145,C662,_,00590,864
C662__00660.864,11.956089352415336,42.993286995000005,C662,_,00660,864
C662__00630.864,11.96190287981606,43.001872565,C662,_,00630,864
C662__00580.865,11.944643910791637,43.010785805,C662,_,00580,865
C662__00630.865,11.961882329594273,43.001548490000005,C662,_,00630,865
C662__00580.866,11.938070111374392,43.006608045,C662,_,00580,866
C662__00630.866,11.961622653030403,43.001876545,C662,_,00630,866
C662__00580.867,11.947776863420088,43.008472005,C662,_,00580,867
C662__00580.868,11.948102941325907,43.008315225000004,C662,_,00580,868
C662__0063.868,11.954897573496407,43.005271535,C662,_,0063,868
C662__00580.869,11.948337111583594,43.008615275,C662,_,00580,869
C662__00020.87,11.905278917384337,43.063229575,C662,_,00020,87
C662__00670.87,11.937429641817548,42.985514725,C662,_,00670,87
C662__00660.87,11.956510898273054,42.986723485,C662,_,00660,87
C662__00650.87,11.943993788299316,42.98897757,C662,_,00650,87
C662__00640.87,11.920611443892767,42.99310969,C662,_,00640,87
C662__0062.87,11.955312038519557,42.99903442,C662,_,0062,87
C662__00610.87,11.922161508875593,42.99709425,C662,_,00610,87
C662__00590.87,11.954279142683996,43.01221907,C662,_,00590,87
C662__00580.87,11.944171205394259,43.00614198,C662,_,00580,87
C662__00560.87,11.936109471184903,43.01422982,C662,_,00560,87
C662__00550.87,11.930214461589825,43.015117085,C662,_,00550,87
C662__00530.87,11.908220681252061,43.013825409999995,C662,_,00530,87
C662__00520.87,11.969552095879955,43.017072975,C662,_,00520,87
C662__00510.87,11.960027290172164,43.02541683,C662,_,00510,87
C662__00500.87,11.955339621045265,43.022793065,C662,_,00500,87
C662__00480.87,11.942311591911363,43.024566195000006,C662,_,00480,87
C662__00470.87,11.932496730596199,43.01901115,C662,_,00470,87
C662__00460.87,11.909573531372446,43.0160302,C662,_,00460,87
C662__00450.87,11.90203028837832,43.018997694999996,C662,_,00450,87
C662__00440.87,11.892599291960174,43.02107259,C662,_,00440,87
C662__00430.87,11.891451207491613,43.02134478,C662,_,00430,87
C662__00420.87,11.876680160329336,43.022044460000004,C662,_,00420,87
C662__00370.87,11.95190609678639,43.030614619999994,C662,_,00370,87
C662__00360.87,11.93867935862848,43.031603395000005,C662,_,00360,87
C662__00350.87,11.934444694378325,43.028046835,C662,_,00350,87
C662__00330.87,11.907682263729608,43.028007795,C662,_,00330,87
C662__00310.87,11.889884542367895,43.024637165,C662,_,00310,87
C662__00300.87,11.887321943550742,43.032103109999994,C662,_,00300,87
C662__00270.87,11.944567795470718,43.04846435,C662,_,00270,87
C662__00240.87,11.925841780143895,43.033652365,C662,_,00240,87
C662__00230.87,11.91485458362218,43.043459285,C662,_,00230,87
C662__00220.87,11.903119723947047,43.03860698,C662,_,00220,87
C662__00200.87,11.881673355552106,43.04378234,C662,_,00200,87
C662__00190.87,11.879609464673106,43.035633610000005,C662,_,00190,87
C662__00180.87,11.905334428347775,43.046891814999995,C662,_,00180,87
C662__00170.87,11.97849907387068,43.05817041,C662,_,00170,87
C662__00160.87,11.95988220942878,43.048667745,C662,_,00160,87
C662__00150.87,11.954705119888231,43.051919760000004,C662,_,00150,87
C662__00100.87,11.910102979863012,43.05376995,C662,_,00100,87
C662__00070.87,11.914442162269644,43.05778716,C662,_,00070,87
C662__00060.87,11.895898161479018,43.060067520000004,C662,_,00060,87
C662__00030.87,11.910805554898904,43.063989615,C662,_,00030,87
C662__00580.870,11.948436341375732,43.00849332,C662,_,00580,870
C662__00620.870,11.945043276758087,43.001406915,C662,_,00620,870
C662__00590.870,11.955189834654217,43.014448345000005,C662,_,00590,870
C662__00580.871,11.94835200944769,43.00844782,C662,_,00580,871
C662__00660.871,11.948205042691427,42.996869759999996,C662,_,00660,871
C662__00620.871,11.944537747614397,43.00112797,C662,_,00620,871
C662__00590.871,11.950074069525183,43.013916695,C662,_,00590,871
C662__00580.872,11.94832280733657,43.00844941,C662,_,00580,872
C662__00620.872,11.951454401928437,42.998312915,C662,_,00620,872
C662__00590.872,11.951971402905116,43.00653824,C662,_,00590,872
C662__00590.873,11.954130560860001,43.01414402,C662,_,00590,873
C662__00660.873,11.954275748059114,42.99086235,C662,_,00660,873
C662__00620.873,11.951243353915961,42.997929670000005,C662,_,00620,873
C662__00580.874,11.948809727315815,43.007528885,C662,_,00580,874
C662__00620.874,11.951576236510185,42.998682765,C662,_,00620,874
C662__00580.875,11.949628953299468,43.007914415,C662,_,00580,875
C662__00660.875,11.955356140094771,42.995968770000005,C662,_,00660,875
C662__00630.875,11.961763698049836,43.00124188,C662,_,00630,875
C662__00620.875,11.94792140548497,43.003607945,C662,_,00620,875
C662__00590.875,11.954898565381981,43.009421795,C662,_,00590,875
C662__00580.876,11.948807330439609,43.008818925,C662,_,00580,876
C662__00660.876,11.946942912085063,42.99216708,C662,_,00660,876
C662__00630.876,11.961678851883093,43.00102277,C662,_,00630,876
C662__00620.876,11.94839877163453,43.00388271,C662,_,00620,876
C662__00590.876,11.955057057526396,43.009385695,C662,_,00590,876
C662__00580.877,11.949352382263768,43.007852235,C662,_,00580,877
C662__00630.877,11.961617340570703,43.00086381,C662,_,00630,877
C662__00590.877,11.955040290957992,43.009076915,C662,_,00590,877
C662__00580.878,11.948704346962757,43.008346145,C662,_,00580,878
C662__00660.878,11.957207468288875,42.990606255,C662,_,00660,878
C662__00630.878,11.961594179632923,43.000762765000005,C662,_,00630,878
C662__00590.878,11.955020486960544,43.009003414999995,C662,_,00590,878
C662__00580.879,11.948858700259638,43.00835799,C662,_,00580,879
C662__00660.879,11.957351791610414,42.990743710000004,C662,_,00660,879
C662__00630.879,11.961513996018954,43.00059761,C662,_,00630,879
C662__00590.879,11.954736437329643,43.008353065,C662,_,00590,879
C662__00030.88,11.918765509829196,43.061469455,C662,_,00030,88
C662__00670.88,11.937604503159982,42.985545155,C662,_,00670,88
C662__00660.88,11.957638579483671,42.98665038,C662,_,00660,88
C662__00650.88,11.945610904487836,42.98950337,C662,_,00650,88
C662__00640.88,11.921416340116103,42.99144389,C662,_,00640,88
C662__00630.88,11.962609579899793,43.004728735,C662,_,00630,88
C662__00620.88,11.94141379633416,42.997621464999995,C662,_,00620,88
C662__00590.88,11.955418799786052,43.012356655,C662,_,00590,88
C662__00580.88,11.94637840034276,43.006272025,C662,_,00580,88
C662__00570.88,11.935317804179817,43.00612243,C662,_,00570,88
C662__00560.88,11.936256494134211,43.014571395,C662,_,00560,88
C662__00550.88,11.931208387335625,43.016380080000005,C662,_,00550,88
C662__00520.88,11.969819422100409,43.01734544,C662,_,00520,88
C662__00500.88,11.954902901913293,43.02206961500001,C662,_,00500,88
C662__00490.88,11.948994215592338,43.016945500000006,C662,_,00490,88
C662__00480.88,11.942403926808291,43.02430151,C662,_,00480,88
C662__00470.88,11.932840280000551,43.019054315,C662,_,00470,88
C662__00460.88,11.909741616814355,43.016514695,C662,_,00460,88
C662__00450.88,11.90205141605496,43.01945407,C662,_,00450,88
C662__00440.88,11.892610780697755,43.020799575,C662,_,00440,88
C662__00430.88,11.891467864252618,43.020718,C662,_,00430,88
C662__00380.88,11.9617680095039,43.028419355,C662,_,00380,88
C662__00370.88,11.952372982839496,43.03051971,C662,_,00370,88
C662__00330.88,11.916029912088995,43.025086175,C662,_,00330,88
C662__00310.88,11.890311729113526,43.024359905,C662,_,00310,88
C662__00300.88,11.887821490252845,43.03334065,C662,_,00300,88
C662__00290.88,11.867638192282394,43.031914145,C662,_,00290,88
C662__00270.88,11.949478168709184,43.050420065,C662,_,00270,88
C662__00260.88,11.932767165787116,43.03825862,C662,_,00260,88
C662__00240.88,11.926509197126716,43.033534435,C662,_,00240,88
C662__00230.88,11.915074547953449,43.043594295000005,C662,_,00230,88
C662__00220.88,11.906823007979165,43.047469265000004,C662,_,00220,88
C662__00210.88,11.889263691494826,43.039790475000004,C662,_,00210,88
C662__00190.88,11.880306122212824,43.036478455,C662,_,00190,88
C662__00180.88,11.90350808107307,43.045427294999996,C662,_,00180,88
C662__00170.88,11.978391900180526,43.058270730000004,C662,_,00170,88
C662__00160.88,11.959773548769983,43.048664685,C662,_,00160,88
C662__00150.88,11.953664711122041,43.065835835,C662,_,00150,88
C662__00140.88,11.935384380925747,43.0512298,C662,_,00140,88
C662__00110.88,11.921373907934065,43.0513743,C662,_,00110,88
C662__00100.88,11.910393631343275,43.053263275000006,C662,_,00100,88
C662__00070.88,11.914633108852463,43.057472785,C662,_,00070,88
C662__00060.88,11.896619038290861,43.059808860000004,C662,_,00060,88
C662__00580.880,11.949092091235826,43.007865065000004,C662,_,00580,880
C662__00660.880,11.948303975542927,42.99246022,C662,_,00660,880
C662__00630.880,11.961448377013436,43.00043568,C662,_,00630,880
C662__00590.880,11.954896102982172,43.008688185,C662,_,00590,880
C662__00580.881,11.947396890929754,43.008410075,C662,_,00580,881
C662__00630.881,11.961384140283108,43.00027715,C662,_,00630,881
C662__00590.881,11.955137484063421,43.00883656,C662,_,00590,881
C662__00580.882,11.947899476562483,43.008207405,C662,_,00580,882
C662__00660.882,11.947955302827332,42.99179584,C662,_,00660,882
C662__00630.882,11.961326625224178,43.000135224999994,C662,_,00630,882
C662__00590.882,11.954970270498045,43.008142535,C662,_,00590,882
C662__00580.883,11.948193072348925,43.00794751,C662,_,00580,883
C662__00660.883,11.947640084805016,42.99151496,C662,_,00660,883
C662__0063.883,11.950899904487269,43.006113915,C662,_,0063,883
C662__00590.883,11.954942751703847,43.008082785,C662,_,00590,883
C662__00580.884,11.948616489910698,43.00743566,C662,_,00580,884
C662__00660.884,11.94820637033747,42.991924725000004,C662,_,00660,884
C662__0063.884,11.950817759262225,43.00632278,C662,_,0063,884
C662__00620.884,11.939934255512913,43.000893254999994,C662,_,00620,884
C662__00580.885,11.948857811950715,43.007875205,C662,_,00580,885
C662__0063.885,11.950760476159962,43.006251545,C662,_,0063,885
C662__00590.885,11.95544203800032,43.008572009999995,C662,_,00590,885
C662__00590.886,11.955303189234783,43.008432535,C662,_,00590,886
C662__00660.886,11.947906803036583,42.99162919,C662,_,00660,886
C662__00580.887,11.939749229113325,43.00872226,C662,_,00580,887
C662__00660.887,11.953551220062344,42.996339135,C662,_,00660,887
C662__0063.887,11.954751150679291,43.002139935,C662,_,0063,887
C662__00590.887,11.955295904355783,43.00900711,C662,_,00590,887
C662__00580.888,11.940408638774741,43.007603015,C662,_,00580,888
C662__00660.888,11.953301602681584,42.99625304,C662,_,00660,888
C662__0063.888,11.954799847403997,43.002078839999996,C662,_,0063,888
C662__00620.888,11.947353022233923,42.99991171,C662,_,00620,888
C662__00580.889,11.940234309714427,43.00774994,C662,_,00580,889
C662__00660.889,11.952951081880853,42.99726913,C662,_,00660,889
C662__0063.889,11.95519276991405,43.00209818,C662,_,0063,889
C662__00620.889,11.948125422690001,42.999728175,C662,_,00620,889
C662__00590.889,11.955556259639124,43.008788475,C662,_,00590,889
C662__00020.89,11.90301038063867,43.06428429,C662,_,00020,89
C662__00670.89,11.938223932716653,42.985818515000005,C662,_,00670,89
C662__00650.89,11.945912079543806,42.98806478,C662,_,00650,89
C662__0063.89,11.95706850771732,43.00431878,C662,_,0063,89
C662__00590.89,11.956148821507195,43.012124485,C662,_,00590,89
C662__00580.89,11.947448383726845,43.005813015,C662,_,00580,89
C662__00570.89,11.928120021324748,43.011746040000006,C662,_,00570,89
C662__00560.89,11.937367839220368,43.0141356,C662,_,00560,89
C662__00550.89,11.930101936624848,43.016348365,C662,_,00550,89
C662__00530.89,11.908465346720448,43.014798139999996,C662,_,00530,89
C662__00520.89,11.959726303540887,43.017378025,C662,_,00520,89
C662__00510.89,11.960870767686227,43.025196699999995,C662,_,00510,89
C662__00500.89,11.9558052522592,43.022121855,C662,_,00500,89
C662__00490.89,11.9490698955052,43.016849315,C662,_,00490,89
C662__00480.89,11.942766521410881,43.02450667,C662,_,00480,89
C662__00470.89,11.933566642851414,43.018852745000004,C662,_,00470,89
C662__00450.89,11.898054139282493,43.019739355,C662,_,00450,89
C662__00380.89,11.955954544059997,43.02782693,C662,_,00380,89
C662__00370.89,11.95426380964691,43.030500965,C662,_,00370,89
C662__00360.89,11.93924286544963,43.031573475,C662,_,00360,89
C662__00350.89,11.931853088331076,43.02734918,C662,_,00350,89
C662__00330.89,11.915775017090265,43.029398785,C662,_,00330,89
C662__00320.89,11.900638211037133,43.021506845000005,C662,_,00320,89
C662__00310.89,11.890560491821219,43.024283655,C662,_,00310,89
C662__00300.89,11.888852922295353,43.033774210000004,C662,_,00300,89
C662__00290.89,11.865126624235964,43.030269059999995,C662,_,00290,89
C662__00270.89,11.950822519296107,43.05021073,C662,_,00270,89
C662__00240.89,11.926471432028773,43.03362857,C662,_,00240,89
C662__00210.89,11.888723835846381,43.038321214999996,C662,_,00210,89
C662__00170.89,11.97827477227253,43.05838036,C662,_,00170,89
C662__00160.89,11.959322596138737,43.048489274999994,C662,_,00160,89
C662__00150.89,11.951940375,43.065635485,C662,_,00150,89
C662__00110.89,11.921581850556628,43.051317705,C662,_,00110,89
C662__00100.89,11.91147196606204,43.053081475,C662,_,00100,89
C662__00080.89,11.916386285997017,43.059753645,C662,_,00080,89
C662__00070.89,11.915077478616471,43.057059005,C662,_,00070,89
C662__00060.89,11.896639221611425,43.05980176,C662,_,00060,89
C662__00030.89,11.918092394916876,43.06109712,C662,_,00030,89
C662__00620.890,11.94791950111738,42.99996519,C662,_,00620,890
C662__00660.890,11.952513376093549,42.997261625,C662,_,00660,890
C662__0063.890,11.954640154862311,43.002031705,C662,_,0063,890
C662__00580.891,11.942210916595574,43.006433584999996,C662,_,00580,891
C662__00660.891,11.953439114857975,42.99764108,C662,_,00660,891
C662__0063.891,11.953017225801016,43.003903465,C662,_,0063,891
C662__00590.891,11.955490200543249,43.009050044999995,C662,_,00590,891
C662__00590.892,11.955887316643082,43.008445425,C662,_,00590,892
C662__00660.892,11.952263996213235,42.99787828,C662,_,00660,892
C662__0063.892,11.953227954817768,43.004129410000004,C662,_,0063,892
C662__00620.892,11.945998721202713,42.999964795,C662,_,00620,892
C662__00580.893,11.94047754475902,43.007599005,C662,_,00580,893
C662__00660.893,11.9521085774236,42.997895625,C662,_,00660,893
C662__0063.893,11.953249716519156,43.00403326,C662,_,0063,893
C662__00620.893,11.947985150787286,42.99935377,C662,_,00620,893
C662__00580.894,11.942168456191453,43.007299535,C662,_,00580,894
C662__0063.894,11.953128349870536,43.004000915,C662,_,0063,894
C662__00620.894,11.947934599863812,42.999860420000005,C662,_,00620,894
C662__00580.895,11.941808759900299,43.007397245,C662,_,00580,895
C662__00660.895,11.952487613005363,42.997165214999995,C662,_,00660,895
C662__00620.895,11.947781237544968,43.000227325,C662,_,00620,895
C662__00590.895,11.955707321660487,43.008831895,C662,_,00590,895
C662__00580.896,11.941141237458332,43.00790331,C662,_,00580,896
C662__00660.896,11.952214688161801,42.99711873,C662,_,00660,896
C662__0063.896,11.954724863759076,43.003475855,C662,_,0063,896
C662__00620.896,11.949916101042486,42.999336685,C662,_,00620,896
C662__00590.896,11.955549212894098,43.009059335,C662,_,00590,896
C662__00580.897,11.941033956555685,43.007755785,C662,_,00580,897
C662__00660.897,11.951904028548642,42.997781945,C662,_,00660,897
C662__00630.897,11.960011036645582,43.00477182,C662,_,00630,897
C662__00620.897,11.949045000687518,42.998788895000004,C662,_,00620,897
C662__00580.898,11.941875548129703,43.007687204999996,C662,_,00580,898
C662__00660.898,11.95187449258989,42.99727882,C662,_,00660,898
C662__00590.898,11.95552527829027,43.00916607,C662,_,00590,898
C662__00580.899,11.941355101547618,43.007779815,C662,_,00580,899
C662__00660.899,11.952297025645327,42.996747625,C662,_,00660,899
C662__00620.899,11.94944242381532,42.998169155,C662,_,00620,899
C662__00010.9,11.914960422958437,43.06937884,C662,_,00010,9
C662__00670.9,11.940859249142932,42.988605680000006,C662,_,00670,9
C662__00660.9,11.955547471173986,42.997863675000005,C662,_,00660,9
C662__00650.9,11.939443842780904,42.99862107,C662,_,00650,9
C662__0063.9,11.953660967887867,43.005801364999996,C662,_,0063,9
C662__00620.9,11.941260208217484,43.00385626,C662,_,00620,9
C662__00610.9,11.932768160825855,43.003601509999996,C662,_,00610,9
C662__00600.9,11.912071144468868,43.003662965000004,C662,_,00600,9
C662__00590.9,11.953978387697925,43.01465456,C662,_,00590,9
C662__00580.9,11.947814374674177,43.011469785,C662,_,00580,9
C662__00540.9,11.916377841423197,43.01436561,C662,_,00540,9
C662__00510.9,11.962636827667733,43.028661084999996,C662,_,00510,9
C662__00500.9,11.954977550058334,43.02688245,C662,_,00500,9
C662__00490.9,11.948492977226174,43.017930745,C662,_,00490,9
C662__00480.9,11.946828451474492,43.0288386,C662,_,00480,9
C662__00460.9,11.913062159635622,43.021376270000005,C662,_,00460,9
C662__00440.9,11.895006402137527,43.019615675,C662,_,00440,9
C662__00430.9,11.88504809915651,43.02548332,C662,_,00430,9
C662__00410.9,11.874364123886796,43.02380533,C662,_,00410,9
C662__00400.9,11.871679087244692,43.027092385,C662,_,00400,9
C662__00390.9,11.972787791689044,43.038449,C662,_,00390,9
C662__00380.9,11.961158888244867,43.039417189999995,C662,_,00380,9
C662__00370.9,11.948275020395677,43.03969616,C662,_,00370,9
C662__00360.9,11.94094494317508,43.038565954999996,C662,_,00360,9
C662__00350.9,11.931350719938262,43.036867635,C662,_,00350,9
C662__00300.9,11.88727976249983,43.03360037,C662,_,00300,9
C662__00290.9,11.873182964918561,43.033973105,C662,_,00290,9
C662__00280.9,11.959282226679349,43.04405767,C662,_,00280,9
C662__00270.9,11.952044532855322,43.04644278,C662,_,00270,9
C662__00260.9,11.929912758312046,43.042251185,C662,_,00260,9
C662__00250.9,11.927185736677643,43.041914035000005,C662,_,00250,9
C662__00240.9,11.922025710745519,43.03810834,C662,_,00240,9
C662__00230.9,11.912768893135237,43.043703065,C662,_,00230,9
C662__00210.9,11.890182274220276,43.040120205,C662,_,00210,9
C662__00190.9,11.87431265985274,43.03814731,C662,_,00190,9
C662__00180.9,11.887949197486517,43.04711158,C662,_,00180,9
C662__00170.9,11.978347163527559,43.05755363,C662,_,00170,9
C662__00150.9,11.964794188617326,43.064828035,C662,_,00150,9
C662__00140.9,11.937925398326968,43.054192915,C662,_,00140,9
C662__00120.9,11.932191804614733,43.05344769,C662,_,00120,9
C662__00110.9,11.912245819742271,43.050917,C662,_,00110,9
C662__00100.9,11.911114951225304,43.05366806,C662,_,00100,9
C662__00090.9,11.938400810500214,43.05462903,C662,_,00090,9
C662__00080.9,11.92688203051901,43.056224755,C662,_,00080,9
C662__00050.9,11.926355092048563,43.072253905,C662,_,00050,9
C662__00040.9,11.927739902602195,43.064034050000004,C662,_,00040,9
C662__00020.90,11.903138143967976,43.06310989,C662,_,00020,90
C662__00670.90,11.938343752078634,42.985457075,C662,_,00670,90
C662__00660.90,11.95680281466377,42.984646065,C662,_,00660,90
C662__00650.90,11.944432724716187,42.993937579999994,C662,_,00650,90
C662__0063.90,11.958265106882266,43.004133875,C662,_,0063,90
C662__00620.90,11.946437463044278,42.99784021,C662,_,00620,90
C662__00590.90,11.956764603057206,43.012204055,C662,_,00590,90
C662__00570.90,11.933307379579345,43.005658405,C662,_,00570,90
C662__00560.90,11.937309656895234,43.013780440000005,C662,_,00560,90
C662__00550.90,11.930048307322256,43.016536,C662,_,00550,90
C662__00530.90,11.909014295702962,43.013547974999994,C662,_,00530,90
C662__00520.90,11.960286017756626,43.017227365,C662,_,00520,90
C662__00510.90,11.960517639706858,43.024967075,C662,_,00510,90
C662__00500.90,11.952648888780338,43.024654345,C662,_,00500,90
C662__00490.90,11.949112241603563,43.016761505000005,C662,_,00490,90
C662__00480.90,11.94338622457468,43.02435794,C662,_,00480,90
C662__00450.90,11.902556921764123,43.0181063,C662,_,00450,90
C662__00380.90,11.95684846964476,43.02805065,C662,_,00380,90
C662__00370.90,11.95486091455941,43.03072099,C662,_,00370,90
C662__00360.90,11.939508926143173,43.03121197,C662,_,00360,90
C662__00350.90,11.932748324789547,43.027439705000006,C662,_,00350,90
C662__00320.90,11.904363342794129,43.0336407,C662,_,00320,90
C662__00310.90,11.891019466905442,43.024286475,C662,_,00310,90
C662__00300.90,11.885708393084288,43.032191170000004,C662,_,00300,90
C662__00270.90,11.954581992302614,43.04947205,C662,_,00270,90
C662__00240.90,11.926107428531413,43.034044125,C662,_,00240,90
C662__00230.90,11.915909149485566,43.032791044999996,C662,_,00230,90
C662__00210.90,11.892082192509214,43.034493645,C662,_,00210,90
C662__00200.90,11.880999297793785,43.042533414999994,C662,_,00200,90
C662__00180.90,11.894772255418706,43.050065364999995,C662,_,00180,90
C662__00170.90,11.974543885804424,43.040896345,C662,_,00170,90
C662__00160.90,11.959102263992662,43.049770655,C662,_,00160,90
C662__00150.90,11.958206822286579,43.05087221,C662,_,00150,90
C662__00110.90,11.921268254003067,43.051651755,C662,_,00110,90
C662__00100.90,11.911179394964748,43.05278313,C662,_,00100,90
C662__00080.90,11.916028922992023,43.059545405,C662,_,00080,90
C662__00060.90,11.896933519346522,43.05970638,C662,_,00060,90
C662__00030.90,11.91329463966558,43.065211770000005,C662,_,00030,90
C662__00580.900,11.939763182299473,43.008918910000006,C662,_,00580,900
C662__00660.900,11.95250396683063,42.996635145,C662,_,00660,900
C662__00620.900,11.949310670991016,42.999925274999995,C662,_,00620,900
C662__00590.900,11.955941739042377,43.009575819999995,C662,_,00590,900
C662__00580.901,11.939504851824974,43.00874544,C662,_,00580,901
C662__00660.901,11.952952995388259,42.99642579,C662,_,00660,901
C662__00620.901,11.948306283608932,42.999075935,C662,_,00620,901
C662__00580.902,11.939951321957322,43.008613659999995,C662,_,00580,902
C662__0063.902,11.957541302553308,43.00501663,C662,_,0063,902
C662__00620.902,11.94876308750842,42.99922451,C662,_,00620,902
C662__00590.902,11.956127603655817,43.009986444999996,C662,_,00590,902
C662__00580.903,11.939702031201556,43.00845765,C662,_,00580,903
C662__00660.903,11.957693944178132,42.993218569999996,C662,_,00660,903
C662__00620.903,11.945155206586973,42.998027255,C662,_,00620,903
C662__00580.904,11.940043335218068,43.0085013,C662,_,00580,904
C662__00660.904,11.95812393559634,42.993103215000005,C662,_,00660,904
C662__00620.904,11.945587979401068,42.997866805,C662,_,00620,904
C662__00580.905,11.939807034363758,43.008350265000004,C662,_,00580,905
C662__00660.905,11.958596889955787,42.99298876,C662,_,00660,905
C662__00580.906,11.940207447729023,43.008310795,C662,_,00580,906
C662__00620.906,11.9471630441674,43.003971019999994,C662,_,00620,906
C662__00590.906,11.956987042618085,43.008616645000004,C662,_,00590,906
C662__00580.907,11.93996723782139,43.00816863,C662,_,00580,907
C662__00620.907,11.95183734657114,42.99984859,C662,_,00620,907
C662__00590.907,11.957047691886732,43.00862212,C662,_,00590,907
C662__00580.908,11.940129735765323,43.008401605,C662,_,00580,908
C662__00590.908,11.955943071514326,43.01058006,C662,_,00590,908
C662__00580.909,11.939892110561253,43.00825358,C662,_,00580,909
C662__0063.909,11.95384653725963,43.004221799999996,C662,_,0063,909
C662__00590.909,11.955941302928164,43.009740895,C662,_,00590,909
C662__00020.91,11.906386934100489,43.06337589,C662,_,00020,91
C662__00670.91,11.938433912508902,42.985528994999996,C662,_,00670,91
C662__00660.91,11.95660855632908,42.984189395,C662,_,00660,91
C662__00650.91,11.935757280554462,42.993086835,C662,_,00650,91
C662__00640.91,11.921358345359959,42.995445169999996,C662,_,00640,91
C662__00630.91,11.961467992735356,43.004772335,C662,_,00630,91
C662__00620.91,11.947299893825008,42.99794718,C662,_,00620,91
C662__00590.91,11.957883861797072,43.01234069,C662,_,00590,91
C662__00580.91,11.947974265757683,43.006317715,C662,_,00580,91
C662__00570.91,11.932875163532103,43.010163905,C662,_,00570,91
C662__00550.91,11.930841117224984,43.016478845,C662,_,00550,91
C662__00530.91,11.908808728868983,43.01390883,C662,_,00530,91
C662__00520.91,11.960847994768312,43.017515044999996,C662,_,00520,91
C662__00510.91,11.961187455367927,43.02496061,C662,_,00510,91
C662__00500.91,11.948094995509383,43.021776779999996,C662,_,00500,91
C662__00490.91,11.948806896606918,43.01700221,C662,_,00490,91
C662__00480.91,11.944071565933658,43.024679595,C662,_,00480,91
C662__00460.91,11.907523353945406,43.01806528,C662,_,00460,91
C662__00450.91,11.902218277605748,43.016692155,C662,_,00450,91
C662__00430.91,11.884526181856984,43.025728415,C662,_,00430,91
C662__00380.91,11.957875367671575,43.028070465,C662,_,00380,91
C662__00370.91,11.955010777184082,43.031042635000006,C662,_,00370,91
C662__00360.91,11.940438662188715,43.031779385,C662,_,00360,91
C662__00310.91,11.891160111563238,43.02479376,C662,_,00310,91
C662__00300.91,11.885612782714592,43.031985325,C662,_,00300,91
C662__00270.91,11.95722608028578,43.048326630000005,C662,_,00270,91
C662__00260.91,11.932917524277954,43.03884639,C662,_,00260,91
C662__00240.91,11.926324705119224,43.034110805,C662,_,00240,91
C662__00220.91,11.907226983132706,43.047651325000004,C662,_,00220,91
C662__00180.91,11.898109509934265,43.05103953,C662,_,00180,91
C662__00170.91,11.973710864384788,43.03999886,C662,_,00170,91
C662__00160.91,11.960003740521543,43.049877905,C662,_,00160,91
C662__00150.91,11.957841423584085,43.050948075,C662,_,00150,91
C662__00140.91,11.93703140896393,43.052631184999996,C662,_,00140,91
C662__00110.91,11.921185290458801,43.05178785,C662,_,00110,91
C662__00100.91,11.907422874756023,43.055760289999995,C662,_,00100,91
C662__00080.91,11.915721923126593,43.0593644,C662,_,00080,91
C662__00070.91,11.91492264711566,43.057011435,C662,_,00070,91
C662__00060.91,11.898721430963201,43.0594677,C662,_,00060,91
C662__00030.91,11.91270665456686,43.065029785,C662,_,00030,91
C662__00580.910,11.941313924934263,43.007753345,C662,_,00580,910
C662__0063.910,11.95370478202521,43.004219225,C662,_,0063,910
C662__00620.910,11.951172998513902,42.999426545,C662,_,00620,910
C662__00580.911,11.9411952531405,43.0076224,C662,_,00580,911
C662__00620.911,11.946912850055885,43.00393176,C662,_,00620,911
C662__00590.911,11.956551004272004,43.008215115,C662,_,00590,911
C662__00580.912,11.941807901940795,43.007335514999994,C662,_,00580,912
C662__00590.912,11.956724690152864,43.008040300000005,C662,_,00590,912
C662__00580.913,11.941494790825352,43.00739253,C662,_,00580,913
C662__00590.913,11.956046153081488,43.007973175000004,C662,_,00590,913
C662__00580.914,11.942183454779293,43.007035885,C662,_,00580,914
C662__00590.914,11.955990474502698,43.007540225,C662,_,00590,914
C662__00580.915,11.940353805693528,43.00751753,C662,_,00580,915
C662__00630.915,11.957736888954141,42.99548804,C662,_,00630,915
C662__00590.915,11.955537530144973,43.008231695,C662,_,00590,915
C662__00580.916,11.940235510072394,43.00744459,C662,_,00580,916
C662__00660.916,11.948502801824494,42.990749585,C662,_,00660,916
C662__0063.916,11.950916167041271,43.006412525,C662,_,0063,916
C662__00590.916,11.955815359699319,43.008866265,C662,_,00590,916
C662__00580.917,11.94251987481399,43.00669596,C662,_,00580,917
C662__0063.917,11.950947320431531,43.006117175,C662,_,0063,917
C662__00580.918,11.942209849155955,43.00677915,C662,_,00580,918
C662__00660.918,11.948715146929548,42.990053825,C662,_,00660,918
C662__00580.919,11.941629923226689,43.007106915,C662,_,00580,919
C662__00660.919,11.952672775061718,42.99762541,C662,_,00660,919
C662__0063.919,11.955815564950559,43.002425085,C662,_,0063,919
C662__00030.92,11.913982367736828,43.063030319999996,C662,_,00030,92
C662__00670.92,11.938999205572696,42.985409395000005,C662,_,00670,92
C662__00650.92,11.941463506804629,42.99216443,C662,_,00650,92
C662__00640.92,11.921453361565955,42.99423177,C662,_,00640,92
C662__00620.92,11.948098681238871,42.99738974,C662,_,00620,92
C662__00590.92,11.960585324125288,43.01297091,C662,_,00590,92
C662__00580.92,11.948447208432682,43.006049155,C662,_,00580,92
C662__00560.92,11.93821166977001,43.013765785000004,C662,_,00560,92
C662__00550.92,11.930950652401734,43.016654325000005,C662,_,00550,92
C662__00530.92,11.90890823621876,43.01409638,C662,_,00530,92
C662__00520.92,11.961529567978173,43.01779893,C662,_,00520,92
C662__00510.92,11.960747241414609,43.024794990000004,C662,_,00510,92
C662__00500.92,11.94997313450514,43.02172775,C662,_,00500,92
C662__00490.92,11.948773564336744,43.016921705,C662,_,00490,92
C662__00480.92,11.944305465221547,43.024414699999994,C662,_,00480,92
C662__00450.92,11.903122461885665,43.015578635,C662,_,00450,92
C662__00430.92,11.884496826068247,43.02593736,C662,_,00430,92
C662__00360.92,11.940148704551293,43.03142501,C662,_,00360,92
C662__00350.92,11.935121582627037,43.027685385,C662,_,00350,92
C662__00340.92,11.929086307164543,43.02886718,C662,_,00340,92
C662__00300.92,11.891674458688932,43.028955855,C662,_,00300,92
C662__00290.92,11.862293682410527,43.029489735,C662,_,00290,92
C662__00270.92,11.957875435810728,43.048085415,C662,_,00270,92
C662__00260.92,11.933468723187886,43.038813805000004,C662,_,00260,92
C662__00240.92,11.925640728065932,43.03376985,C662,_,00240,92
C662__00230.92,11.916076649982553,43.03229378499999,C662,_,00230,92
C662__00220.92,11.907338924020722,43.047322475,C662,_,00220,92
C662__00200.92,11.8815666626423,43.042729245000004,C662,_,00200,92
C662__00180.92,11.893294592214419,43.04952849,C662,_,00180,92
C662__00170.92,11.978530114226004,43.053485179999996,C662,_,00170,92
C662__00160.92,11.95809665751824,43.04997571,C662,_,00160,92
C662__00110.92,11.921102195062392,43.05191952,C662,_,00110,92
C662__00100.92,11.907126709023643,43.05524955,C662,_,00100,92
C662__00070.92,11.914884276299595,43.056915975,C662,_,00070,92
C662__00060.92,11.897443033261872,43.05958304,C662,_,00060,92
C662__00580.920,11.939614327457626,43.00905024,C662,_,00580,920
C662__0063.920,11.955576268506844,43.002480145,C662,_,0063,920
C662__00590.920,11.955623507896322,43.009071665,C662,_,00590,920
C662__00580.921,11.939022831563129,43.008671795,C662,_,00580,921
C662__00660.921,11.959056365272343,42.992856634999995,C662,_,00660,921
C662__00580.922,11.940400692593574,43.008025505,C662,_,00580,922
C662__00660.922,11.959464905488893,42.992737105,C662,_,00660,922
C662__00590.922,11.956840206773993,43.008245165000005,C662,_,00590,922
C662__00580.923,11.940296125371702,43.00795676,C662,_,00580,923
C662__00660.923,11.946400398562016,42.991446135000004,C662,_,00660,923
C662__00590.923,11.95713987350829,43.008028915,C662,_,00590,923
C662__00580.924,11.93985240887951,43.00872284,C662,_,00580,924
C662__00660.924,11.947281395625634,42.991389080000005,C662,_,00660,924
C662__00620.924,11.953303980182032,43.0009792,C662,_,00620,924
C662__00580.925,11.937931214379862,43.00750139,C662,_,00580,925
C662__00660.925,11.94597068571396,42.9911063,C662,_,00660,925
C662__00590.925,11.956358921504739,43.00891383,C662,_,00590,925
C662__00620.926,11.954614004079438,43.00100769,C662,_,00620,926
C662__00660.926,11.948572489167189,42.992515615,C662,_,00660,926
C662__0063.926,11.957333290751013,43.00394034,C662,_,0063,926
C662__00660.927,11.948324243355597,42.992114895,C662,_,00660,927
C662__00620.928,11.941972694625495,43.00325633,C662,_,00620,928
C662__00660.928,11.94727714334402,42.99125429,C662,_,00660,928
C662__00630.928,11.958273646066782,42.993396485,C662,_,00630,928
C662__00580.929,11.94099949193933,43.007025835,C662,_,00580,929
C662__00660.929,11.948138739039667,42.9917194,C662,_,00660,929
C662__00630.929,11.954889165675663,42.994241235000004,C662,_,00630,929
C662__00620.929,11.94174582750464,43.003467955,C662,_,00620,929
C662__00020.93,11.90882596890749,43.063956155,C662,_,00020,93
C662__00660.93,11.955890425200584,42.99661103,C662,_,00660,93
C662__00650.93,11.94381303433579,42.990300680000004,C662,_,00650,93
C662__00640.93,11.921462819917062,42.99342518500001,C662,_,00640,93
C662__00630.93,11.958857945024572,43.003862964999996,C662,_,00630,93
C662__00620.93,11.948384689936876,42.998325035,C662,_,00620,93
C662__00610.93,11.925269526242806,42.999078975,C662,_,00610,93
C662__00590.93,11.960464190561648,43.01192563,C662,_,00590,93
C662__00580.93,11.949740965263157,43.00538548,C662,_,00580,93
C662__00570.93,11.927121551427572,43.006410200000005,C662,_,00570,93
C662__00560.93,11.939190503637374,43.012965415,C662,_,00560,93
C662__00550.93,11.93049589354431,43.01499409,C662,_,00550,93
C662__00530.93,11.907897921003377,43.013801515,C662,_,00530,93
C662__00520.93,11.961670320734108,43.01757971,C662,_,00520,93
C662__00500.93,11.951360386218834,43.021720875,C662,_,00500,93
C662__00490.93,11.948861280245062,43.01695613,C662,_,00490,93
C662__00460.93,11.913173044780375,43.022475195,C662,_,00460,93
C662__00450.93,11.903973786217797,43.015876665,C662,_,00450,93
C662__00430.93,11.884555129812515,43.026037079999995,C662,_,00430,93
C662__00370.93,11.955888585824171,43.029514805000005,C662,_,00370,93
C662__00350.93,11.935038267055772,43.02751202,C662,_,00350,93
C662__00320.93,11.905663276512907,43.03365321,C662,_,00320,93
C662__00310.93,11.8912846703804,43.0246018,C662,_,00310,93
C662__00300.93,11.892278174350803,43.02869304,C662,_,00300,93
C662__00270.93,11.95814979787541,43.047651705,C662,_,00270,93
C662__00260.93,11.933425100496343,43.03932001,C662,_,00260,93
C662__00240.93,11.925648848523362,43.035755525,C662,_,00240,93
C662__00180.93,11.899312005297205,43.051203244999996,C662,_,00180,93
C662__00170.93,11.97827483009203,43.051843004999995,C662,_,00170,93
C662__00160.93,11.961355608122947,43.049451645000005,C662,_,00160,93
C662__00150.93,11.957411147759405,43.051231775,C662,_,00150,93
C662__00150.93,11.956921334422553,43.051154825,C662,_,00150,93
C662__00140.93,11.937766615711766,43.053522385,C662,_,00140,93
C662__00110.93,11.92101688733262,43.05205909,C662,_,00110,93
C662__00060.93,11.897617109395748,43.059149415,C662,_,00060,93
C662__00580.930,11.940600319333337,43.00726089,C662,_,00580,930
C662__00660.930,11.948107792819254,42.990940609999996,C662,_,00660,930
C662__00620.930,11.941588712361696,43.00349873,C662,_,00620,930
C662__00590.930,11.954994486182722,43.008839115,C662,_,00590,930
C662__00580.931,11.94089938403492,43.00661427,C662,_,00580,931
C662__00660.931,11.948399198551638,42.992078875,C662,_,00660,931
C662__00620.931,11.941691309086089,43.003314345,C662,_,00620,931
C662__00590.931,11.955091254315445,43.009076275,C662,_,00590,931
C662__00580.932,11.94010173440411,43.00668537,C662,_,00580,932
C662__00660.932,11.948381167955642,42.994674535,C662,_,00660,932
C662__00620.932,11.94150093626747,43.00331471,C662,_,00620,932
C662__00590.932,11.950541233630155,43.00712206,C662,_,00590,932
C662__00580.933,11.940700337427453,43.006757455,C662,_,00580,933
C662__00660.933,11.956067930955559,42.992494175000004,C662,_,00660,933
C662__00620.933,11.941702633816405,43.003123785,C662,_,00620,933
C662__00590.933,11.956821164713663,43.007582925,C662,_,00590,933
C662__00580.934,11.942630872260315,43.005427694999995,C662,_,00580,934
C662__00620.934,11.941517713540032,43.003115820000005,C662,_,00620,934
C662__00590.934,11.957014961391632,43.007635155,C662,_,00590,934
C662__00580.935,11.9415837699276,43.00661764,C662,_,00580,935
C662__00660.935,11.95673712275697,42.992686905,C662,_,00660,935
C662__00630.935,11.9562563906415,43.000226760000004,C662,_,00630,935
C662__00620.935,11.945033567251443,43.00380593,C662,_,00620,935
C662__00590.935,11.953988989202546,43.006045854999996,C662,_,00590,935
C662__00580.936,11.942089380530213,43.006446409999995,C662,_,00580,936
C662__00630.936,11.956341769066364,43.000531755,C662,_,00630,936
C662__00620.936,11.944842571851288,43.00400481,C662,_,00620,936
C662__00590.936,11.953966267398982,43.00604818,C662,_,00590,936
C662__00580.937,11.940533331706463,43.007453465,C662,_,00580,937
C662__0063.937,11.953931587103842,43.00252174,C662,_,0063,937
C662__00590.937,11.953940433479511,43.006300705,C662,_,00590,937
C662__00580.938,11.940728834707723,43.007649795,C662,_,00580,938
C662__00590.939,11.954276806073507,43.006215865,C662,_,00590,939
C662__00660.939,11.9512016646644,42.995871699999995,C662,_,00660,939
C662__0063.939,11.954025486597153,43.002626355000004,C662,_,0063,939
C662__00620.939,11.945055140558665,43.00441092,C662,_,00620,939
C662__00020.94,11.909086907615574,43.06410765,C662,_,00020,94
C662__00660.94,11.955523791137356,42.992091285,C662,_,00660,94
C662__00650.94,11.9445335794435,42.989181425,C662,_,00650,94
C662__00640.94,11.92143042430661,42.992597005,C662,_,00640,94
C662__00620.94,11.948653770883993,42.997931845,C662,_,00620,94
C662__00610.94,11.921797518312665,42.99717875,C662,_,00610,94
C662__00580.94,11.9368870599241,43.00530071,C662,_,00580,94
C662__00560.94,11.939071987995792,43.01432425,C662,_,00560,94
C662__00550.94,11.931259048803925,43.01637506,C662,_,00550,94
C662__00520.94,11.962707427550551,43.01767199,C662,_,00520,94
C662__00500.94,11.951715627844901,43.021830865,C662,_,00500,94
C662__00490.94,11.948890932301278,43.016868529999996,C662,_,00490,94
C662__00480.94,11.945262746169082,43.0248167,C662,_,00480,94
C662__00460.94,11.911855360341054,43.020982435,C662,_,00460,94
C662__00450.94,11.903738463260993,43.015264735,C662,_,00450,94
C662__00430.94,11.884712952445337,43.026056714999996,C662,_,00430,94
C662__00380.94,11.958717126197183,43.036670564999994,C662,_,00380,94
C662__00370.94,11.947351627055141,43.026791285,C662,_,00370,94
C662__00360.94,11.941617081686285,43.031510284999996,C662,_,00360,94
C662__00350.94,11.935154284675079,43.027511845,C662,_,00350,94
C662__00340.94,11.928995000308642,43.029106514999995,C662,_,00340,94
C662__00310.94,11.89141734279388,43.02451741,C662,_,00310,94
C662__00300.94,11.885516608624233,43.03256555,C662,_,00300,94
C662__00270.94,11.95811916177807,43.04788938,C662,_,00270,94
C662__00240.94,11.926079287836222,43.03499388,C662,_,00240,94
C662__00200.94,11.882850912847074,43.043803765,C662,_,00200,94
C662__00180.94,11.887458035472793,43.047601115,C662,_,00180,94
C662__00170.94,11.979141926561507,43.05522347,C662,_,00170,94
C662__00160.94,11.95916008137166,43.048100770000005,C662,_,00160,94
C662__00110.94,11.922628240871994,43.049020415,C662,_,00110,94
C662__00070.94,11.915718795974374,43.05669954,C662,_,00070,94
C662__00060.94,11.8982094452818,43.059099169999996,C662,_,00060,94
C662__00590.940,11.95421142375189,43.006113845,C662,_,00590,940
C662__00660.940,11.948749390617355,42.98675713,C662,_,00660,940
C662__0063.940,11.953810795470776,43.002451795,C662,_,0063,940
C662__00620.940,11.953739599383233,42.99815078,C662,_,00620,940
C662__00590.941,11.954248795548438,43.006034514999996,C662,_,00590,941
C662__00660.941,11.950091001421713,42.987448435,C662,_,00660,941
C662__0063.941,11.956748941410664,43.00394497,C662,_,0063,941
C662__00590.942,11.954051233915152,43.00608819,C662,_,00590,942
C662__00620.942,11.952564772258203,42.99809714,C662,_,00620,942
C662__00590.943,11.954002794777892,43.006102095,C662,_,00590,943
C662__00680.943,11.953738713799217,42.98166984,C662,_,00680,943
C662__00620.943,11.937139711571067,42.99954484,C662,_,00620,943
C662__00590.944,11.954035569411243,43.006132910000005,C662,_,00590,944
C662__00680.944,11.954140546544096,42.981509785,C662,_,00680,944
C662__00590.945,11.954147694985592,43.006471345,C662,_,00590,945
C662__00590.946,11.95386477856555,43.006549315,C662,_,00590,946
C662__00630.946,11.960267755028898,43.005114199999994,C662,_,00630,946
C662__00590.947,11.953802547581697,43.006582095,C662,_,00590,947
C662__00630.947,11.960157769592286,43.005987745,C662,_,00630,947
C662__00590.948,11.951022039910486,43.00683803,C662,_,00590,948
C662__00660.948,11.957775954293465,42.99084024,C662,_,00660,948
C662__0063.948,11.951860200726166,43.006046275,C662,_,0063,948
C662__00590.949,11.953775114066314,43.0062146,C662,_,00590,949
C662__00630.949,11.959872780367013,43.004789015,C662,_,00630,949
C662__00620.949,11.951579221683499,43.00341637,C662,_,00620,949
C662__00020.95,11.909033214850776,43.063945505,C662,_,00020,95
C662__00660.95,11.95839830854094,42.989848655,C662,_,00660,95
C662__00630.95,11.962333001235717,43.003924385,C662,_,00630,95
C662__00620.95,11.948600366515759,42.99763637,C662,_,00620,95
C662__00590.95,11.962264771652283,43.01347711,C662,_,00590,95
C662__00570.95,11.934646700519544,43.004517065,C662,_,00570,95
C662__00560.95,11.939699958508552,43.01441679,C662,_,00560,95
C662__00530.95,11.911368799015786,43.01516796,C662,_,00530,95
C662__00520.95,11.962955115689406,43.01724647,C662,_,00520,95
C662__00510.95,11.963957391031766,43.025626255,C662,_,00510,95
C662__00500.95,11.952989276636579,43.021548645,C662,_,00500,95
C662__00490.95,11.948977445677045,43.016789785,C662,_,00490,95
C662__00480.95,11.945576815196988,43.024525229999995,C662,_,00480,95
C662__00470.95,11.935588762108775,43.01783529,C662,_,00470,95
C662__00450.95,11.903532959329265,43.01420845,C662,_,00450,95
C662__00440.95,11.896215153144396,43.019670575,C662,_,00440,95
C662__00430.95,11.884770971998957,43.02615881,C662,_,00430,95
C662__00380.95,11.959234116999742,43.03928968,C662,_,00380,95
C662__00370.95,11.955722611279683,43.035499095000006,C662,_,00370,95
C662__00360.95,11.942090518430149,43.031550890000005,C662,_,00360,95
C662__00350.95,11.935241541536678,43.02750982,C662,_,00350,95
C662__00340.95,11.929042996248796,43.028979164999996,C662,_,00340,95
C662__00320.95,11.90519871273398,43.032286,C662,_,00320,95
C662__00310.95,11.891738356303797,43.024233235,C662,_,00310,95
C662__00300.95,11.88528772508517,43.032428795,C662,_,00300,95
C662__00290.95,11.880479942181562,43.02847658,C662,_,00290,95
C662__00270.95,11.959232463761381,43.04654752,C662,_,00270,95
C662__00260.95,11.934103171678972,43.039171984999996,C662,_,00260,95
C662__00240.95,11.925565211923677,43.033805564999994,C662,_,00240,95
C662__00180.95,11.889634254915478,43.047972485,C662,_,00180,95
C662__00170.95,11.978184619659558,43.057795229999996,C662,_,00170,95
C662__00160.95,11.961089305575914,43.04742702,C662,_,00160,95
C662__00150.95,11.958110482630142,43.05094511,C662,_,00150,95
C662__00140.95,11.938131214679801,43.05381357,C662,_,00140,95
C662__00110.95,11.921758259930094,43.049625655,C662,_,00110,95
C662__00080.95,11.91622351912882,43.058868665000006,C662,_,00080,95
C662__00060.95,11.896566808800706,43.05951816,C662,_,00060,95
C662__00590.950,11.952295593751707,43.006505385,C662,_,00590,950
C662__00590.951,11.965216385591146,43.00938999,C662,_,00590,951
C662__00660.951,11.95857203707866,42.992207725,C662,_,00660,951
C662__0063.951,11.955840498736201,43.002723085,C662,_,0063,951
C662__00590.952,11.95640627029341,43.00651848,C662,_,00590,952
C662__00660.952,11.957562475619923,42.99188671,C662,_,00660,952
C662__0063.952,11.955966904229959,43.002763645,C662,_,0063,952
C662__00590.953,11.956670756362657,43.007065455,C662,_,00590,953
C662__0063.953,11.955697678306517,43.002826555,C662,_,0063,953
C662__00590.954,11.956817234337727,43.00705284,C662,_,00590,954
C662__0063.954,11.956201210269494,43.00371459,C662,_,0063,954
C662__00620.954,11.939474355672584,43.003956529999996,C662,_,00620,954
C662__00590.955,11.956801491464422,43.00697601,C662,_,00590,955
C662__0063.955,11.95644038792592,43.00376521,C662,_,0063,955
C662__00620.955,11.939807467130532,43.004252695,C662,_,00620,955
C662__00590.956,11.956890165837946,43.00711766,C662,_,00590,956
C662__00660.956,11.957892939654618,42.992954995000005,C662,_,00660,956
C662__00620.956,11.940381006745614,43.00435535,C662,_,00620,956
C662__00590.957,11.956129241101394,43.006697509999995,C662,_,00590,957
C662__00660.957,11.959446141851043,42.99253899,C662,_,00660,957
C662__00620.957,11.939078807995497,43.00404991,C662,_,00620,957
C662__00590.958,11.956283636441306,43.006901729999996,C662,_,00590,958
C662__00660.958,11.9577062556926,42.99333421,C662,_,00660,958
C662__00620.958,11.939062782967767,43.0037971,C662,_,00620,958
C662__00590.959,11.95593462880787,43.006886265000006,C662,_,00590,959
C662__00660.959,11.958158558897333,42.993209609999994,C662,_,00660,959
C662__00620.959,11.939571775013647,43.00385598,C662,_,00620,959
C662__00020.96,11.909187489210858,43.064028225,C662,_,00020,96
C662__00650.96,11.944275878749611,42.996590955,C662,_,00650,96
C662__00620.96,11.948796459369087,42.997542535,C662,_,00620,96
C662__00610.96,11.934320548694936,42.99841345,C662,_,00610,96
C662__00590.96,11.962389966191495,43.013279589999996,C662,_,00590,96
C662__00580.96,11.937630479385605,43.00488880499999,C662,_,00580,96
C662__00570.96,11.933146770761311,43.00445397,C662,_,00570,96
C662__00560.96,11.939190332338253,43.01353458,C662,_,00560,96
C662__00520.96,11.96336684435606,43.01712079,C662,_,00520,96
C662__00510.96,11.959563893335488,43.02255868,C662,_,00510,96
C662__00490.96,11.946404577898718,43.017383960000004,C662,_,00490,96
C662__00480.96,11.946400216344198,43.024861205,C662,_,00480,96
C662__00470.96,11.936372387413432,43.01762006,C662,_,00470,96
C662__00460.96,11.906351480291377,43.019782205,C662,_,00460,96
C662__00440.96,11.89217521212283,43.022844505,C662,_,00440,96
C662__00430.96,11.885182552789864,43.02553231,C662,_,00430,96
C662__00380.96,11.961455954277682,43.029307779999996,C662,_,00380,96
C662__00360.96,11.9430143272881,43.03152625,C662,_,00360,96
C662__00350.96,11.93532940232328,43.027500165,C662,_,00350,96
C662__00340.96,11.929518215766459,43.02869651,C662,_,00340,96
C662__00330.96,11.909837784907827,43.028785145,C662,_,00330,96
C662__00320.96,11.904469621182141,43.032117385,C662,_,00320,96
C662__00310.96,11.89144724707053,43.024213355,C662,_,00310,96
C662__00290.96,11.881025789003761,43.02847658,C662,_,00290,96
C662__00270.96,11.958956245404707,43.04696932,C662,_,00270,96
C662__00240.96,11.924932126082986,43.03788145,C662,_,00240,96
C662__00230.96,11.91623784306665,43.032787775,C662,_,00230,96
C662__00200.96,11.88167447904046,43.042727225,C662,_,00200,96
C662__00180.96,11.891895988689864,43.048878655,C662,_,00180,96
C662__00170.96,11.978615908085825,43.058033269999996,C662,_,00170,96
C662__00160.96,11.960729729912636,43.0483296,C662,_,00160,96
C662__00150.96,11.956523657656113,43.05141838,C662,_,00150,96
C662__00110.96,11.921817870027667,43.050604344999996,C662,_,00110,96
C662__00080.96,11.916277539736729,43.059206675,C662,_,00080,96
C662__00060.96,11.896446328422854,43.05956327,C662,_,00060,96
C662__00030.96,11.911313936819786,43.063804045,C662,_,00030,96
C662__00590.960,11.95653083207169,43.007268085,C662,_,00590,960
C662__00660.960,11.958557332495229,42.993097795,C662,_,00660,960
C662__0063.960,11.955304453423185,43.004304545,C662,_,0063,960
C662__00620.960,11.940015033076058,43.00404357,C662,_,00620,960
C662__00590.961,11.949046846573145,43.011269745,C662,_,00590,961
C662__00660.961,11.959099314794049,42.992952815,C662,_,00660,961
C662__00590.962,11.949075963281341,43.011481939999996,C662,_,00590,962
C662__00660.962,11.953498126494775,42.996874455,C662,_,00660,962
C662__00620.962,11.945463989890197,43.001718675,C662,_,00620,962
C662__00590.963,11.955964430425851,43.006487535000005,C662,_,00590,963
C662__00630.963,11.956965293204664,43.00215525,C662,_,00630,963
C662__00620.963,11.943563108098575,43.001035970000004,C662,_,00620,963
C662__00590.964,11.94612245461616,43.015150555000005,C662,_,00590,964
C662__00660.964,11.95528818394877,42.996240175,C662,_,00660,964
C662__0063.964,11.95483026491295,43.002982945,C662,_,0063,964
C662__00590.965,11.953612779364068,43.006249185,C662,_,00590,965
C662__00630.965,11.959592363559945,43.003719935,C662,_,00630,965
C662__00590.966,11.954927502996252,43.007076085,C662,_,00590,966
C662__00620.966,11.949562378237287,42.998234655,C662,_,00620,966
C662__00590.967,11.950748239424792,43.013281989999996,C662,_,00590,967
C662__00660.967,11.95459774566448,42.995214245,C662,_,00660,967
C662__00620.967,11.94955762214887,42.99859898,C662,_,00620,967
C662__00590.968,11.95303180768273,43.01053264,C662,_,00590,968
C662__00620.968,11.949808400321619,42.998654509999994,C662,_,00620,968
C662__00590.969,11.950891221063664,43.007167065000004,C662,_,00590,969
C662__00620.969,11.950083657260123,42.99873178,C662,_,00620,969
C662__00020.97,11.909282895444424,43.06394304,C662,_,00020,97
C662__00680.97,11.955327048378546,42.984024785,C662,_,00680,97
C662__00650.97,11.945806396133019,42.997001659999995,C662,_,00650,97
C662__00630.97,11.96219576171184,43.002983775000004,C662,_,00630,97
C662__00620.97,11.949314446023315,42.99755164,C662,_,00620,97
C662__00610.97,11.933486007483861,42.997229445,C662,_,00610,97
C662__00590.97,11.962039116986638,43.012272605,C662,_,00590,97
C662__00580.97,11.937998067272193,43.005128604999996,C662,_,00580,97
C662__00560.97,11.939890440961362,43.013784815,C662,_,00560,97
C662__00520.97,11.963495709005421,43.01706868,C662,_,00520,97
C662__00510.97,11.961643820913922,43.02401793,C662,_,00510,97
C662__00500.97,11.947713062719867,43.021449520000004,C662,_,00500,97
C662__00490.97,11.946897753875435,43.017545705,C662,_,00490,97
C662__00470.97,11.918710476023929,43.018831855,C662,_,00470,97
C662__00460.97,11.906192441425027,43.020013825,C662,_,00460,97
C662__00450.97,11.903699933856714,43.01927371,C662,_,00450,97
C662__00440.97,11.895616030849588,43.020820365,C662,_,00440,97
C662__00430.97,11.885298918716149,43.025577795000004,C662,_,00430,97
C662__00350.97,11.932539977664653,43.02651541,C662,_,00350,97
C662__00330.97,11.91026708708365,43.028430435,C662,_,00330,97
C662__00270.97,11.95879208508313,43.047556425,C662,_,00270,97
C662__00240.97,11.925386327335687,43.03457756,C662,_,00240,97
C662__00220.97,11.908682891212926,43.044911545000005,C662,_,00220,97
C662__00200.97,11.882766346469472,43.04429149,C662,_,00200,97
C662__00170.97,11.976794147804823,43.05922894,C662,_,00170,97
C662__00150.97,11.956627103200109,43.05132236,C662,_,00150,97
C662__00110.97,11.92169595344757,43.050973305,C662,_,00110,97
C662__00080.97,11.916436248012761,43.059310139999994,C662,_,00080,97
C662__00070.97,11.913160847884562,43.058460415,C662,_,00070,97
C662__00060.97,11.893041729154795,43.059801155,C662,_,00060,97
C662__00030.97,11.910824019294669,43.064512575,C662,_,00030,97
C662__00590.970,11.963618344176618,43.009116795,C662,_,00590,970
C662__00620.970,11.950377210641296,42.99884423,C662,_,00620,970
C662__00590.971,11.955421008559174,43.00547763,C662,_,00590,971
C662__00660.971,11.948820122163378,42.99689495,C662,_,00660,971
C662__00630.971,11.95982670119021,43.003694385,C662,_,00630,971
C662__00620.971,11.95067306742358,42.998945845,C662,_,00620,971
C662__00590.972,11.952992345459789,43.00836695,C662,_,00590,972
C662__00660.972,11.95440960809691,42.99620703,C662,_,00660,972
C662__00630.972,11.959781811800358,43.00353246,C662,_,00630,972
C662__00620.972,11.951028036119908,42.999172509999994,C662,_,00620,972
C662__00590.973,11.951617684925768,43.010667515,C662,_,00590,973
C662__00620.973,11.950088831671152,42.99852253,C662,_,00620,973
C662__00620.974,11.95019407952763,42.998384474999995,C662,_,00620,974
C662__00620.975,11.950484253122724,42.998499665,C662,_,00620,975
C662__00660.975,11.951779606115991,42.990921465,C662,_,00660,975
C662__00630.975,11.957400065980202,42.997258900000006,C662,_,00630,975
C662__00620.976,11.95073259713136,42.99852197,C662,_,00620,976
C662__00590.977,11.952140067335842,43.01389907,C662,_,00590,977
C662__0063.977,11.95529713197078,43.004345845,C662,_,0063,977
C662__00620.977,11.950992266990738,42.998645705,C662,_,00620,977
C662__00580.978,11.947269990730884,43.010898409999996,C662,_,00580,978
C662__00660.978,11.949124576373038,42.991057870000006,C662,_,00660,978
C662__00630.978,11.959481959633237,43.00272937,C662,_,00630,978
C662__00620.978,11.951006842695987,42.998750765,C662,_,00620,978
C662__00580.979,11.947606264958825,43.01101595,C662,_,00580,979
C662__00660.979,11.949345132063595,42.990903015,C662,_,00660,979
C662__00630.979,11.957952849637206,42.997798525,C662,_,00630,979
C662__00620.979,11.950726650121279,42.998100745,C662,_,00620,979
C662__00590.979,11.955809968439198,43.009369480000004,C662,_,00590,979
C662__00030.98,11.911052920745696,43.064707235,C662,_,00030,98
C662__0063.98,11.952182634367784,43.00437443,C662,_,0063,98
C662__00610.98,11.933793994941936,42.997357914999995,C662,_,00610,98
C662__00590.98,11.963021398318403,43.01348735,C662,_,00590,98
C662__00560.98,11.940782897429258,43.013678755,C662,_,00560,98
C662__00550.98,11.926741308015714,43.00897225,C662,_,00550,98
C662__00530.98,11.906651530500252,43.01339734,C662,_,00530,98
C662__00520.98,11.963698353974824,43.017057144999995,C662,_,00520,98
C662__00500.98,11.949268586262022,43.020861995000004,C662,_,00500,98
C662__00490.98,11.94854509842662,43.01669612,C662,_,00490,98
C662__00480.98,11.935389369003428,43.023123165,C662,_,00480,98
C662__00450.98,11.903505033688932,43.015442175000004,C662,_,00450,98
C662__00440.98,11.895484412247084,43.020898265,C662,_,00440,98
C662__00430.98,11.886108329291023,43.024580185000005,C662,_,00430,98
C662__00350.98,11.93315767908761,43.02675211,C662,_,00350,98
C662__00340.98,11.926769654333757,43.03046984,C662,_,00340,98
C662__00330.98,11.910287942847338,43.02867408,C662,_,00330,98
C662__00270.98,11.95881886923785,43.04720601,C662,_,00270,98
C662__00240.98,11.925904511303056,43.03449174,C662,_,00240,98
C662__00230.98,11.916413854010418,43.04063224,C662,_,00230,98
C662__00220.98,11.907327604356794,43.04090739,C662,_,00220,98
C662__00180.98,11.898964351417511,43.046766245,C662,_,00180,98
C662__00170.98,11.976806431333404,43.059616665,C662,_,00170,98
C662__00150.98,11.956489482129665,43.05137021,C662,_,00150,98
C662__00110.98,11.922225901311187,43.049374900000004,C662,_,00110,98
C662__00080.98,11.916310951067555,43.058821304999995,C662,_,00080,98
C662__00060.98,11.890951066975171,43.059383444999995,C662,_,00060,98
C662__00580.980,11.947773648563405,43.010609779999996,C662,_,00580,980
C662__00630.980,11.95803093690493,42.997298235,C662,_,00630,980
C662__00620.980,11.950340267968443,42.998277155,C662,_,00620,980
C662__00590.980,11.955973798802548,43.009232495,C662,_,00590,980
C662__00580.981,11.947531450562298,43.01049449,C662,_,00580,981
C662__00660.981,11.950432031989159,42.990911784999994,C662,_,00660,981
C662__00630.981,11.958908038825394,43.00392826,C662,_,00630,981
C662__00620.981,11.950618902017968,42.998396604999996,C662,_,00620,981
C662__00580.982,11.947507786526167,43.01035256,C662,_,00580,982
C662__00630.982,11.959345828707319,43.003826860000004,C662,_,00630,982
C662__00620.982,11.95086042807364,42.998409945000006,C662,_,00620,982
C662__00580.983,11.947820271984138,43.010730965,C662,_,00580,983
C662__00660.983,11.95039630478194,42.990522755,C662,_,00660,983
C662__00630.983,11.959265084068411,43.00373506,C662,_,00630,983
C662__00620.983,11.951027910500759,42.998466125,C662,_,00620,983
C662__00590.983,11.956293781472816,43.00820922,C662,_,00590,983
C662__00580.984,11.94809488084898,43.00939545999999,C662,_,00580,984
C662__0063.984,11.955277534982667,43.00418306,C662,_,0063,984
C662__00620.984,11.950266329069336,42.99813321,C662,_,00620,984
C662__00580.985,11.947432971940954,43.010652105,C662,_,00580,985
C662__00660.985,11.95511748839936,42.98698409,C662,_,00660,985
C662__0063.985,11.95527315092325,43.00424743,C662,_,0063,985
C662__00620.985,11.950338383167697,42.998091495,C662,_,00620,985
C662__00590.985,11.956200044444833,43.008529190000004,C662,_,00590,985
C662__00580.986,11.947462249780767,43.010656615,C662,_,00580,986
C662__0063.986,11.955324289610562,43.00417011,C662,_,0063,986
C662__00580.987,11.9490176731517,43.009088515,C662,_,00580,987
C662__00660.987,11.94909358910732,42.990471209999995,C662,_,00660,987
C662__0063.987,11.955313575158563,43.00426281,C662,_,0063,987
C662__00620.987,11.952047921927058,42.99962402,C662,_,00620,987
C662__00580.988,11.948782809005943,43.008907185,C662,_,00580,988
C662__00660.988,11.949449693888074,42.990361594999996,C662,_,00660,988
C662__00620.988,11.95252609116894,42.999745635,C662,_,00620,988
C662__00590.988,11.956087600321187,43.008915564999995,C662,_,00590,988
C662__00580.989,11.947741412300228,43.009852525,C662,_,00580,989
C662__00660.989,11.949048738163167,42.99000409,C662,_,00660,989
C662__0063.989,11.954716535065291,43.00396067,C662,_,0063,989
C662__00620.989,11.952922396613662,42.999454515,C662,_,00620,989
C662__00030.99,11.911550345669244,43.06405833,C662,_,00030,99
C662__00660.99,11.954083532008436,42.99413292,C662,_,00660,99
C662__0063.99,11.952472382150583,43.00443796,C662,_,0063,99
C662__00620.99,11.952051067716088,42.998248815,C662,_,00620,99
C662__00610.99,11.933208968553519,42.997475465,C662,_,00610,99
C662__00590.99,11.963237373182013,43.012378305,C662,_,00590,99
C662__00580.99,11.940537508069612,43.004758194999994,C662,_,00580,99
C662__00560.99,11.94118751803598,43.01361152,C662,_,00560,99
C662__00550.99,11.926568436068395,43.00860976,C662,_,00550,99
C662__00500.99,11.949614762090768,43.021442745,C662,_,00500,99
C662__00490.99,11.947031038666719,43.017545705,C662,_,00490,99
C662__00480.99,11.935481957171113,43.023343365,C662,_,00480,99
C662__00460.99,11.911123543133833,43.019164685,C662,_,00460,99
C662__00450.99,11.902769245233312,43.016011684999995,C662,_,00450,99
C662__00440.99,11.895434961098582,43.020861425,C662,_,00440,99
C662__00430.99,11.886208580039355,43.024990105,C662,_,00430,99
C662__00380.99,11.953263390001823,43.029219940000004,C662,_,00380,99
C662__00360.99,11.935630547072435,43.030515085,C662,_,00360,99
C662__00350.99,11.933922379719373,43.02686516,C662,_,00350,99
C662__00340.99,11.927075447852818,43.030290285,C662,_,00340,99
C662__00320.99,11.902377037342363,43.02026311,C662,_,00320,99
C662__00310.99,11.892463347259493,43.023695485000005,C662,_,00310,99
C662__00270.99,11.958561477791504,43.046910600000004,C662,_,00270,99
C662__00260.99,11.936494930290547,43.03925151,C662,_,00260,99
C662__00240.99,11.92611985931753,43.03452635,C662,_,00240,99
C662__00230.99,11.9174123108197,43.04143518,C662,_,00230,99
C662__00220.99,11.909508425461961,43.04615911,C662,_,00220,99
C662__00200.99,11.882584301110832,43.044222000000005,C662,_,00200,99
C662__00150.99,11.956589074592502,43.051397435,C662,_,00150,99
C662__00110.99,11.92206828485898,43.049768130000004,C662,_,00110,99
C662__00080.99,11.916539460827359,43.059554885,C662,_,00080,99
C662__00060.99,11.896455827464361,43.059574874999996,C662,_,00060,99
C662__00580.990,11.947899224150767,43.0095818,C662,_,00580,990
C662__00660.990,11.949542190743394,42.99021926,C662,_,00660,990
C662__00620.990,11.952660579085167,42.999529609999996,C662,_,00620,990
C662__00590.990,11.95533481609012,43.00924282,C662,_,00590,990
C662__00580.991,11.94840544633421,43.009162520000004,C662,_,00580,991
C662__00660.991,11.94967290520982,42.99019419,C662,_,00660,991
C662__00620.991,11.941824920741452,43.002439190000004,C662,_,00620,991
C662__00580.992,11.9480117655371,43.009093199999995,C662,_,00580,992
C662__00660.992,11.951097184831593,42.991077725,C662,_,00660,992
C662__00620.992,11.941376680607634,43.00137128,C662,_,00620,992
C662__00580.993,11.94800614826238,43.009407435,C662,_,00580,993
C662__00660.993,11.951604322689736,42.99122972,C662,_,00660,993
C662__00620.993,11.940554283389293,43.001125925,C662,_,00620,993
C662__00580.994,11.947444060485429,43.009219200000004,C662,_,00580,994
C662__00660.994,11.951238424775514,42.990824535,C662,_,00660,994
C662__00620.994,11.939601280859158,43.00108568500001,C662,_,00620,994
C662__00580.995,11.948905050159427,43.009086705,C662,_,00580,995
C662__00660.995,11.951671737615005,42.99097976,C662,_,00660,995
C662__00590.995,11.955436090562976,43.00961983,C662,_,00590,995
C662__00590.996,11.94970101000182,43.010406465,C662,_,00590,996
C662__00660.996,11.95051018762388,42.990489405,C662,_,00660,996
C662__0063.996,11.956748627133933,43.00402657,C662,_,0063,996
C662__00620.996,11.942083743683021,42.99735604,C662,_,00620,996
C662__00590.997,11.950143403538348,43.010541375,C662,_,00590,997
C662__00660.997,11.951591428476641,42.99085478,C662,_,00660,997
C662__0063.997,11.955783271414656,43.000370395000004,C662,_,0063,997
C662__00620.997,11.94179634584362,42.997089275,C662,_,00620,997
C662__00580.998,11.943565809323061,43.007174465000006,C662,_,00580,998
C662__0063.998,11.955535676028308,43.00038805,C662,_,0063,998
C662__00590.998,11.961291944872464,43.007094015,C662,_,00590,998
C662__00580.999,11.943404089687515,43.00678402,C662,_,00580,999
C662__00620.999,11.942654673899419,42.99755152,C662,_,00620,999
C662__00590.999,11.961680166936002,43.00709979,C662,_,00590,999
