nome_particella,lon,lat,BELFIORE,SEZIONE,FOGLIO,PARTICELLA
I767__00010.1,8.455678927046842,45.59099552,I767,_,00010,1
I767__00180.1,8.426173353939765,45.563167565,I767,_,00180,1
I767__00170.1,8.449250881328826,45.575811875,I767,_,00170,1
I767__00160.1,8.441545862627978,45.57561965,I767,_,00160,1
I767__00150.1,8.432238706089032,45.57488603,I767,_,00150,1
I767__00140.1,8.426364599251748,45.574871955000006,I767,_,00140,1
I767__00130.1,8.416667424503379,45.565525390000005,I767,_,00130,1
I767__00120.1,8.41084619218806,45.573579339999995,I767,_,00120,1
I767__00110.1,8.418963863443464,45.579737984999994,I767,_,00110,1
I767__00100.1,8.424153486567544,45.58002983,I767,_,00100,1
I767__00090.1,8.435017691687609,45.57680193,I767,_,00090,1
I767__00070.1,8.432162705543824,45.587208685,I767,_,00070,1
I767__00060.1,8.438195157444671,45.588188775000006,I767,_,00060,1
I767__00050.1,8.441712361181398,45.58852046,I767,_,00050,1
I767__00040.1,8.447917377871619,45.582934995,I767,_,00040,1
I767__00030.1,8.458652473750849,45.579536515,I767,_,00030,1
I767__00020.1,8.45598695213193,45.585476435,I767,_,00020,1
I767__00010.10,8.45581521125386,45.58981242,I767,_,00010,10
I767__00180.10,8.428855486857596,45.563955355000004,I767,_,00180,10
I767__00170.10,8.45080220360038,45.575852839999996,I767,_,00170,10
I767__00160.10,8.4425935221584,45.575267175,I767,_,00160,10
I767__00140.10,8.428092388064783,45.57533205,I767,_,00140,10
I767__00130.10,8.420449905595802,45.567510889999994,I767,_,00130,10
I767__00120.10,8.413169196700487,45.57365739,I767,_,00120,10
I767__00110.10,8.420887052350006,45.579511425,I767,_,00110,10
I767__00100.10,8.42674910206349,45.579114815,I767,_,00100,10
I767__00080.10,8.43730961484522,45.57789372,I767,_,00080,10
I767__00070.10,8.435984407440838,45.587543645,I767,_,00070,10
I767__00050.10,8.442455120922641,45.588440675,I767,_,00050,10
I767__00040.10,8.449020621379482,45.581099175000006,I767,_,00040,10
I767__00030.10,8.460548605251454,45.578609845,I767,_,00030,10
I767__00020.10,8.457297330880921,45.585644395,I767,_,00020,10
I767__00010.100,8.463088215620711,45.59260555,I767,_,00010,100
I767__00180.100,8.43452798869037,45.56515959,I767,_,00180,100
I767__00170.100,8.453137269688524,45.57433954,I767,_,00170,100
I767__00160.100,8.447504134811073,45.573556214999996,I767,_,00160,100
I767__00150.100,8.434831731814953,45.57333345,I767,_,00150,100
I767__00140.100,8.42566552665901,45.567775435,I767,_,00140,100
I767__00120.100,8.41770988352809,45.571610705,I767,_,00120,100
I767__00110.100,8.421190679712904,45.577021755000004,I767,_,00110,100
I767__00080.100,8.438484291156088,45.576706215,I767,_,00080,100
I767__00060.100,8.443081254763204,45.583071184999994,I767,_,00060,100
I767__00050.100,8.448596874722629,45.589195615,I767,_,00050,100
I767__00040.100,8.452890592778825,45.583371105,I767,_,00040,100
I767__00030.100,8.46509969576502,45.578612035000006,I767,_,00030,100
I767__00020.100,8.459417994639622,45.581316595000004,I767,_,00020,100
I767__00010.101,8.46356483203055,45.592697830000006,I767,_,00010,101
I767__00180.101,8.434018883621725,45.565234685,I767,_,00180,101
I767__00170.101,8.452855168935546,45.574658205,I767,_,00170,101
I767__00160.101,8.447388402096212,45.57349064,I767,_,00160,101
I767__00140.101,8.425828250315213,45.567775,I767,_,00140,101
I767__00120.101,8.418073817120552,45.571536745,I767,_,00120,101
I767__00110.101,8.42127072175234,45.57695165,I767,_,00110,101
I767__00060.101,8.44333020887653,45.583089279999996,I767,_,00060,101
I767__00050.101,8.44895514486199,45.589177785000004,I767,_,00050,101
I767__00040.101,8.453633478067452,45.58367229,I767,_,00040,101
I767__00030.101,8.467363866391768,45.578453335,I767,_,00030,101
I767__00020.101,8.459678825312807,45.580751414999995,I767,_,00020,101
I767__00010.102,8.46430415185275,45.592848475,I767,_,00010,102
I767__00180.102,8.433224231860413,45.563588870000004,I767,_,00180,102
I767__00170.102,8.452754745231779,45.57462588,I767,_,00170,102
I767__00160.102,8.447607897826067,45.573267555,I767,_,00160,102
I767__00140.102,8.426080534722221,45.567631175,I767,_,00140,102
I767__00120.102,8.418695615383934,45.57065838,I767,_,00120,102
I767__00110.102,8.42215701239949,45.577465175,I767,_,00110,102
I767__00060.102,8.442663629409846,45.582789410000004,I767,_,00060,102
I767__00050.102,8.449041672636172,45.588853415,I767,_,00050,102
I767__00040.102,8.453797825747984,45.583675299999996,I767,_,00040,102
I767__00030.102,8.46842512734203,45.578779319999995,I767,_,00030,102
I767__00020.102,8.46023698084128,45.580573865,I767,_,00020,102
I767__00010.103,8.464273738030386,45.59534119,I767,_,00010,103
I767__00180.103,8.43250340081524,45.561756085,I767,_,00180,103
I767__00170.103,8.453046131380177,45.574283769999994,I767,_,00170,103
I767__00160.103,8.447462098700727,45.57321365,I767,_,00160,103
I767__00150.103,8.435217342130287,45.57385429,I767,_,00150,103
I767__00140.103,8.42601330450011,45.567896090000005,I767,_,00140,103
I767__00120.103,8.418732386180295,45.571365055,I767,_,00120,103
I767__00110.103,8.422258916902159,45.577275189999995,I767,_,00110,103
I767__00090.103,8.436712666264102,45.576010005,I767,_,00090,103
I767__00060.103,8.442163068679385,45.58259117,I767,_,00060,103
I767__00050.103,8.449563026995108,45.589227245000004,I767,_,00050,103
I767__00040.103,8.45302659866838,45.58331437,I767,_,00040,103
I767__00030.103,8.468888966072932,45.5789013,I767,_,00030,103
I767__00020.103,8.460450784629392,45.58069552,I767,_,00020,103
I767__00010.104,8.464709480894705,45.595393355,I767,_,00010,104
I767__00180.104,8.433919230112668,45.564847715,I767,_,00180,104
I767__00170.104,8.452736881573124,45.57417259,I767,_,00170,104
I767__00160.104,8.447252493139278,45.573397875,I767,_,00160,104
I767__00150.104,8.435351913147777,45.573917214999994,I767,_,00150,104
I767__00140.104,8.426070937173431,45.567982055,I767,_,00140,104
I767__00120.104,8.419315353784345,45.570333995,I767,_,00120,104
I767__00110.104,8.421368399431497,45.576863685,I767,_,00110,104
I767__00100.104,8.43160285781779,45.578415750000005,I767,_,00100,104
I767__00090.104,8.436690001903662,45.57623572,I767,_,00090,104
I767__00060.104,8.442295069252442,45.582761430000005,I767,_,00060,104
I767__00050.104,8.449873078221058,45.589455755,I767,_,00050,104
I767__00040.104,8.45389948754272,45.583664005,I767,_,00040,104
I767__00030.104,8.468841680024706,45.579312345000005,I767,_,00030,104
I767__00020.104,8.460551823645071,45.581190095,I767,_,00020,104
I767__00010.105,8.46445808250375,45.59507301,I767,_,00010,105
I767__00180.105,8.433219677637926,45.563827795,I767,_,00180,105
I767__00170.105,8.452477320986873,45.574491625,I767,_,00170,105
I767__00160.105,8.44713393313421,45.573459655,I767,_,00160,105
I767__00150.105,8.435539056476173,45.574003425,I767,_,00150,105
I767__00140.105,8.42608681992541,45.568129145,I767,_,00140,105
I767__00120.105,8.419336776683615,45.570053855,I767,_,00120,105
I767__00110.105,8.42045446043533,45.576798405,I767,_,00110,105
I767__00080.105,8.438875918256716,45.575654175,I767,_,00080,105
I767__00070.105,8.434893187441222,45.583380039999994,I767,_,00070,105
I767__00060.105,8.443282887153854,45.58270891,I767,_,00060,105
I767__00050.105,8.451145799104637,45.589403305000005,I767,_,00050,105
I767__00040.105,8.45380230392611,45.5835603,I767,_,00040,105
I767__00030.105,8.469235333399379,45.579418265,I767,_,00030,105
I767__00020.105,8.460864896064752,45.580814825000004,I767,_,00020,105
I767__00010.106,8.464197220709352,45.59478115500001,I767,_,00010,106
I767__00180.106,8.436230223672826,45.565085635,I767,_,00180,106
I767__00170.106,8.452153162206667,45.574364375,I767,_,00170,106
I767__00160.106,8.447188400213086,45.57327119,I767,_,00160,106
I767__00150.106,8.435701151593463,45.573803775,I767,_,00150,106
I767__00140.106,8.42628772195599,45.568232505,I767,_,00140,106
I767__00120.106,8.419376356641727,45.56963692,I767,_,00120,106
I767__00110.106,8.42011051124798,45.5768748,I767,_,00110,106
I767__00100.106,8.432144442995263,45.578966375,I767,_,00100,106
I767__00060.106,8.443360800803573,45.582538245,I767,_,00060,106
I767__00050.106,8.45118914835282,45.589597815000005,I767,_,00050,106
I767__00040.106,8.452954616426673,45.583167145000004,I767,_,00040,106
I767__00030.106,8.469378256202312,45.579013044999996,I767,_,00030,106
I767__00020.106,8.461005306945049,45.580338600000005,I767,_,00020,106
I767__00010.107,8.464638266068,45.594411895,I767,_,00010,107
I767__00180.107,8.43460038883989,45.563180785,I767,_,00180,107
I767__00170.107,8.452400353148384,45.574047975,I767,_,00170,107
I767__00160.107,8.447559112193154,45.573057845,I767,_,00160,107
I767__00140.107,8.426695635869855,45.56715018,I767,_,00140,107
I767__00120.107,8.419123884080191,45.56953346,I767,_,00120,107
I767__00110.107,8.420007211789988,45.576587495,I767,_,00110,107
I767__00080.107,8.438457646028061,45.576428615,I767,_,00080,107
I767__00070.107,8.435422063115986,45.583015895,I767,_,00070,107
I767__00060.107,8.442504062611235,45.58291268,I767,_,00060,107
I767__00050.107,8.451050747069793,45.589912825,I767,_,00050,107
I767__00040.107,8.453413079119407,45.583333554999996,I767,_,00040,107
I767__00030.107,8.469704855928597,45.57967463,I767,_,00030,107
I767__00020.107,8.461291146886063,45.581893305,I767,_,00020,107
I767__00010.108,8.464491448439253,45.594320409999995,I767,_,00010,108
I767__00180.108,8.432598371883945,45.56269527,I767,_,00180,108
I767__00170.108,8.452319089680792,45.573884525,I767,_,00170,108
I767__00160.108,8.447551821389794,45.57293278,I767,_,00160,108
I767__00140.108,8.426922466355041,45.566881640000005,I767,_,00140,108
I767__00120.108,8.419024396561204,45.569298294999996,I767,_,00120,108
I767__00110.108,8.419794912759405,45.57652193,I767,_,00110,108
I767__00080.108,8.438318880556713,45.57636335,I767,_,00080,108
I767__00060.108,8.441679614819176,45.582419169999994,I767,_,00060,108
I767__00050.108,8.450722925032448,45.590024785,I767,_,00050,108
I767__00040.108,8.453912404504173,45.583529295000005,I767,_,00040,108
I767__00030.108,8.469746455096635,45.579485175,I767,_,00030,108
I767__00020.108,8.461804849711932,45.581521405000004,I767,_,00020,108
I767__00010.109,8.46464683787158,45.594288855,I767,_,00010,109
I767__00170.109,8.451978837249605,45.574301855,I767,_,00170,109
I767__00160.109,8.447117333831148,45.57322782,I767,_,00160,109
I767__00150.109,8.435450682931535,45.573687055,I767,_,00150,109
I767__00140.109,8.427688275944128,45.56723597,I767,_,00140,109
I767__00120.109,8.418693488350993,45.56941798,I767,_,00120,109
I767__00110.109,8.419548106220546,45.576582665000004,I767,_,00110,109
I767__00080.109,8.438077745731295,45.57632242,I767,_,00080,109
I767__00060.109,8.441055828266691,45.582282025,I767,_,00060,109
I767__00050.109,8.450631892400857,45.59012772,I767,_,00050,109
I767__00040.109,8.454198935570362,45.583661955,I767,_,00040,109
I767__00030.109,8.469877886603914,45.579109175,I767,_,00030,109
I767__00020.109,8.4616164126328,45.580091005,I767,_,00020,109
I767__00010.11,8.4554101069747,45.589574670000005,I767,_,00010,11
I767__00180.11,8.436687297649051,45.566370615,I767,_,00180,11
I767__00170.11,8.450032927581681,45.575428125,I767,_,00170,11
I767__00160.11,8.442360787358282,45.57521181,I767,_,00160,11
I767__00130.11,8.420362554024805,45.568056255,I767,_,00130,11
I767__00120.11,8.4133945732046,45.57376169,I767,_,00120,11
I767__00110.11,8.420957702003601,45.579627695,I767,_,00110,11
I767__00100.11,8.42552104597403,45.579214635,I767,_,00100,11
I767__00070.11,8.43685002085801,45.588048310000005,I767,_,00070,11
I767__00060.11,8.44138842611262,45.58757772,I767,_,00060,11
I767__00040.11,8.449474804204332,45.58091322,I767,_,00040,11
I767__00030.11,8.460014457136097,45.57832766,I767,_,00030,11
I767__00020.11,8.457496426154766,45.585814655,I767,_,00020,11
I767__00010.110,8.465235006378727,45.594469755000006,I767,_,00010,110
I767__00170.110,8.45193021761756,45.574134015,I767,_,00170,110
I767__00160.110,8.446967113434027,45.573168685,I767,_,00160,110
I767__00140.110,8.427372647000276,45.567687395,I767,_,00140,110
I767__00120.110,8.41859388859567,45.569919105,I767,_,00120,110
I767__00110.110,8.420092103283945,45.57627818,I767,_,00110,110
I767__00090.110,8.436844949935436,45.57606473,I767,_,00090,110
I767__00070.110,8.436575120974315,45.58298592,I767,_,00070,110
I767__00060.110,8.44139865548216,45.582511345,I767,_,00060,110
I767__00050.110,8.450192264774554,45.590249189999994,I767,_,00050,110
I767__00040.110,8.453960091027986,45.58334356,I767,_,00040,110
I767__00030.110,8.46988501513614,45.57884521,I767,_,00030,110
I767__00020.110,8.462554940236783,45.580769815,I767,_,00020,110
I767__00010.111,8.465457760926142,45.59451414,I767,_,00010,111
I767__00170.111,8.452087748934819,45.57392007,I767,_,00170,111
I767__00160.111,8.447228235871744,45.572923605,I767,_,00160,111
I767__00150.111,8.435652462623992,45.57347113,I767,_,00150,111
I767__00140.111,8.426737372782668,45.56871816,I767,_,00140,111
I767__00120.111,8.4184398613702,45.570002314999996,I767,_,00120,111
I767__00110.111,8.421346803096757,45.575887835,I767,_,00110,111
I767__00100.111,8.433168609357871,45.577917245,I767,_,00100,111
I767__00080.111,8.438468059570173,45.576195555,I767,_,00080,111
I767__00070.111,8.4370990024887,45.583045655,I767,_,00070,111
I767__00060.111,8.441181109537373,45.58275257,I767,_,00060,111
I767__00050.111,8.449815562502465,45.59052665,I767,_,00050,111
I767__00040.111,8.453373758758381,45.583096100000006,I767,_,00040,111
I767__00030.111,8.468711031907246,45.578688695,I767,_,00030,111
I767__00020.111,8.462625792585605,45.58055197,I767,_,00020,111
I767__00010.112,8.464610511067704,45.594150514999995,I767,_,00010,112
I767__00170.112,8.451886114029376,45.57392007,I767,_,00170,112
I767__00160.112,8.446874301596363,45.572825210000005,I767,_,00160,112
I767__00140.112,8.427218261535547,45.569236765,I767,_,00140,112
I767__00120.112,8.417758144093948,45.569257609999994,I767,_,00120,112
I767__00110.112,8.421104108372063,45.57554651,I767,_,00110,112
I767__00100.112,8.432984691249999,45.577814430000004,I767,_,00100,112
I767__00070.112,8.437855602095095,45.58322332,I767,_,00070,112
I767__00060.112,8.442085332304377,45.582960135,I767,_,00060,112
I767__00050.112,8.451644960089881,45.5908933,I767,_,00050,112
I767__00040.112,8.453402886778925,45.58283821,I767,_,00040,112
I767__00030.112,8.469142420715176,45.578651539999996,I767,_,00030,112
I767__00020.112,8.462777355609912,45.580364384999996,I767,_,00020,112
I767__00010.113,8.46463613896732,45.594024635,I767,_,00010,113
I767__00170.113,8.451858568081445,45.573659930000005,I767,_,00170,113
I767__00160.113,8.44675522634654,45.573087755,I767,_,00160,113
I767__00140.113,8.42797326654092,45.5676986,I767,_,00140,113
I767__00120.113,8.417973726962968,45.56927403,I767,_,00120,113
I767__00110.113,8.420772286487132,45.575456945,I767,_,00110,113
I767__00070.113,8.43781415552289,45.58329243,I767,_,00070,113
I767__00060.113,8.442059972612107,45.583072575,I767,_,00060,113
I767__00050.113,8.45185513112126,45.59074654,I767,_,00050,113
I767__00040.113,8.454157891681227,45.583127625,I767,_,00040,113
I767__00030.113,8.468284161757948,45.57844136,I767,_,00030,113
I767__00020.113,8.463381283698977,45.587583914999996,I767,_,00020,113
I767__00010.114,8.465432959507158,45.59418373,I767,_,00010,114
I767__00170.114,8.45143065988033,45.573950620000005,I767,_,00170,114
I767__00160.114,8.44622458899601,45.57301808,I767,_,00160,114
I767__00150.114,8.435830512708364,45.573661695,I767,_,00150,114
I767__00140.114,8.428568535468298,45.567993285,I767,_,00140,114
I767__00120.114,8.4173380012918,45.5687516,I767,_,00120,114
I767__00110.114,8.42036100790204,45.575257825,I767,_,00110,114
I767__00080.114,8.4382168439273,45.575956905,I767,_,00080,114
I767__00070.114,8.437229260660182,45.58315698,I767,_,00070,114
I767__00060.114,8.441985835513101,45.58321803,I767,_,00060,114
I767__00050.114,8.452215935376579,45.590374825,I767,_,00050,114
I767__00040.114,8.454620842546039,45.583307239999996,I767,_,00040,114
I767__00030.114,8.469732807778179,45.57862163,I767,_,00030,114
I767__00020.114,8.462981256000315,45.58702706,I767,_,00020,114
I767__00010.115,8.464647816527506,45.593931315,I767,_,00010,115
I767__00170.115,8.450351080004973,45.574205430000006,I767,_,00170,115
I767__00160.115,8.446102363224838,45.573084445,I767,_,00160,115
I767__00140.115,8.427651940840184,45.569153315,I767,_,00140,115
I767__00120.115,8.418295353472086,45.56905689,I767,_,00120,115
I767__00110.115,8.420140709824711,45.57515033,I767,_,00110,115
I767__00080.115,8.438308134710105,45.575950975,I767,_,00080,115
I767__00070.115,8.43779612206496,45.58340811,I767,_,00070,115
I767__00060.115,8.442689520055847,45.583858265,I767,_,00060,115
I767__00050.115,8.453522825759215,45.591019885,I767,_,00050,115
I767__00040.115,8.454562791137267,45.583127625,I767,_,00040,115
I767__00030.115,8.469782401299364,45.578479380000005,I767,_,00030,115
I767__00020.115,8.463689130670458,45.58716605,I767,_,00020,115
I767__00010.116,8.465436036971962,45.59408952,I767,_,00010,116
I767__00160.116,8.445149045284321,45.57231146,I767,_,00160,116
I767__00140.116,8.428039830996438,45.569319445000005,I767,_,00140,116
I767__00120.116,8.417065782655193,45.568142255,I767,_,00120,116
I767__00110.116,8.419899447858478,45.57514248,I767,_,00110,116
I767__00090.116,8.436142180358246,45.577424385,I767,_,00090,116
I767__00070.116,8.436631584959276,45.58315228,I767,_,00070,116
I767__00060.116,8.442733460445126,45.584257165,I767,_,00060,116
I767__00050.116,8.454608228017985,45.590814005,I767,_,00050,116
I767__00040.116,8.452481516135144,45.58771294,I767,_,00040,116
I767__00030.116,8.468936918344298,45.578351139999995,I767,_,00030,116
I767__00020.116,8.462971057938494,45.586834415,I767,_,00020,116
I767__00010.117,8.46544649787468,45.59392792,I767,_,00010,117
I767__00170.117,8.449786594336604,45.573956605,I767,_,00170,117
I767__00160.117,8.444209936491097,45.572355005,I767,_,00160,117
I767__00150.117,8.43652071229829,45.57321604,I767,_,00150,117
I767__00140.117,8.428276695556143,45.56886236,I767,_,00140,117
I767__00120.117,8.417578089221319,45.56787969,I767,_,00120,117
I767__00110.117,8.419793520230215,45.575158110000004,I767,_,00110,117
I767__00100.117,8.433432541245253,45.57773743,I767,_,00100,117
I767__00080.117,8.438346060817693,45.576007950000005,I767,_,00080,117
I767__00070.117,8.437481960105067,45.583681295,I767,_,00070,117
I767__00060.117,8.44227240458628,45.58413826,I767,_,00060,117
I767__00050.117,8.45377254680815,45.590318984999996,I767,_,00050,117
I767__00040.117,8.453553033467438,45.58816385,I767,_,00040,117
I767__00030.117,8.469107600002474,45.5780558,I767,_,00030,117
I767__00020.117,8.46357141317392,45.58690579,I767,_,00020,117
I767__00010.118,8.465025537817967,45.593626244999996,I767,_,00010,118
I767__00170.118,8.449797844606675,45.574219049999996,I767,_,00170,118
I767__00160.118,8.443430639609236,45.57193235,I767,_,00160,118
I767__00150.118,8.436558803820809,45.57349179,I767,_,00150,118
I767__00140.118,8.429672616273407,45.568109835,I767,_,00140,118
I767__00120.118,8.417758742868745,45.567948345000005,I767,_,00120,118
I767__00110.118,8.419935738958678,45.57487475,I767,_,00110,118
I767__00080.118,8.4383867474935,45.576036075000005,I767,_,00080,118
I767__00070.118,8.436538322784946,45.58333859,I767,_,00070,118
I767__00060.118,8.442026991999533,45.583811095,I767,_,00060,118
I767__00050.118,8.453186655978058,45.59005665,I767,_,00050,118
I767__00040.118,8.4528807528248,45.58777668,I767,_,00040,118
I767__00030.118,8.469484746192453,45.578129045,I767,_,00030,118
I767__00020.118,8.462759700145039,45.58662552,I767,_,00020,118
I767__00010.119,8.465083093995052,45.59349674,I767,_,00010,119
I767__00170.119,8.449598243839079,45.574298895,I767,_,00170,119
I767__00160.119,8.4432978077467,45.571655559999996,I767,_,00160,119
I767__00150.119,8.43699147410812,45.573099565,I767,_,00150,119
I767__00140.119,8.430248674838133,45.5685988,I767,_,00140,119
I767__00120.119,8.418048739963991,45.56784682,I767,_,00120,119
I767__00110.119,8.419717808234779,45.575045125,I767,_,00110,119
I767__00090.119,8.435984934149364,45.5772354,I767,_,00090,119
I767__00080.119,8.438403547847333,45.575983475,I767,_,00080,119
I767__00060.119,8.442221751579357,45.583547165,I767,_,00060,119
I767__00050.119,8.452518581327329,45.589884080000004,I767,_,00050,119
I767__00040.119,8.452435767520754,45.58739856,I767,_,00040,119
I767__00030.119,8.470055572152441,45.578097424999996,I767,_,00030,119
I767__00020.119,8.46358138989612,45.58679802,I767,_,00020,119
I767__00010.12,8.455536656265892,45.589574670000005,I767,_,00010,12
I767__00180.12,8.43080514531161,45.562782725000005,I767,_,00180,12
I767__00170.12,8.450981305333734,45.575815305,I767,_,00170,12
I767__00160.12,8.442183654088005,45.575105215,I767,_,00160,12
I767__00150.12,8.434488211455342,45.57541656,I767,_,00150,12
I767__00130.12,8.420829886256842,45.567549745,I767,_,00130,12
I767__00120.12,8.413596329185662,45.573758005,I767,_,00120,12
I767__00110.12,8.42076445229709,45.579793725,I767,_,00110,12
I767__00100.12,8.424832561400468,45.580085875,I767,_,00100,12
I767__00080.12,8.437348381645553,45.57775558,I767,_,00080,12
I767__00070.12,8.437466984961818,45.58817459,I767,_,00070,12
I767__00060.12,8.441397188810043,45.587940204999995,I767,_,00060,12
I767__00050.12,8.442915466591272,45.587993915,I767,_,00050,12
I767__00040.12,8.44961724680054,45.580775564999996,I767,_,00040,12
I767__00030.12,8.458688818498242,45.578165185,I767,_,00030,12
I767__00020.12,8.457922847195793,45.585784795,I767,_,00020,12
I767__00010.120,8.465800279278112,45.593787199999994,I767,_,00010,120
I767__00170.120,8.449193120408623,45.573853834999994,I767,_,00170,120
I767__00160.120,8.44299511742789,45.57161187,I767,_,00160,120
I767__00140.120,8.42920094756931,45.568704205,I767,_,00140,120
I767__00120.120,8.418170974930222,45.567914275,I767,_,00120,120
I767__00110.120,8.41961484521926,45.575011125,I767,_,00110,120
I767__00090.120,8.436080704772998,45.577107670000004,I767,_,00090,120
I767__00080.120,8.439807437723609,45.575315965,I767,_,00080,120
I767__00070.120,8.436662707483052,45.583620984999996,I767,_,00070,120
I767__00060.120,8.44180852704864,45.583417415,I767,_,00060,120
I767__00050.120,8.451435531687848,45.58923108,I767,_,00050,120
I767__00040.120,8.452697853277208,45.587056575,I767,_,00040,120
I767__00030.120,8.46921543822949,45.577855334999995,I767,_,00030,120
I767__00020.120,8.462846422468896,45.586473735,I767,_,00020,120
I767__00010.121,8.464794925833624,45.59312604,I767,_,00010,121
I767__00170.121,8.450384303189193,45.573769979999994,I767,_,00170,121
I767__00160.121,8.442678095633372,45.57157376,I767,_,00160,121
I767__00150.121,8.435515004221315,45.574897345,I767,_,00150,121
I767__00140.121,8.429745549321126,45.56888095,I767,_,00140,121
I767__00120.121,8.418254120866656,45.567957765,I767,_,00120,121
I767__00110.121,8.419538729340715,45.575693349999995,I767,_,00110,121
I767__00100.121,8.43333702680157,45.575630805,I767,_,00100,121
I767__00090.121,8.436262246699682,45.577249825,I767,_,00090,121
I767__00060.121,8.440578784703385,45.58353873,I767,_,00060,121
I767__00050.121,8.451666163410051,45.589032895,I767,_,00050,121
I767__00040.121,8.453070735722584,45.586915905,I767,_,00040,121
I767__00030.121,8.468893591003248,45.577848245,I767,_,00030,121
I767__00020.121,8.463635418911823,45.58664623,I767,_,00020,121
I767__00010.122,8.465262285423986,45.593177545,I767,_,00010,122
I767__00170.122,8.449821904314996,45.57367149,I767,_,00170,122
I767__00160.122,8.442351861440434,45.57148584,I767,_,00160,122
I767__00150.122,8.436665594739932,45.57398319,I767,_,00150,122
I767__00140.122,8.428829314169658,45.56913339,I767,_,00140,122
I767__00120.122,8.418366736655525,45.56801615,I767,_,00120,122
I767__00110.122,8.419427091023962,45.575785295,I767,_,00110,122
I767__00100.122,8.433201712602308,45.575783795,I767,_,00100,122
I767__00080.122,8.439799648040804,45.57596488,I767,_,00080,122
I767__00070.122,8.437637822487408,45.584262519999996,I767,_,00070,122
I767__00060.122,8.441319330838398,45.583973549999996,I767,_,00060,122
I767__00050.122,8.45285471408415,45.58942767,I767,_,00050,122
I767__00040.122,8.452918234849339,45.586234915,I767,_,00040,122
I767__00030.122,8.468388071609585,45.57791837,I767,_,00030,122
I767__00020.122,8.46335746285056,45.586466900000005,I767,_,00020,122
I767__00010.123,8.466136999265105,45.59347571,I767,_,00010,123
I767__00170.123,8.450644355738229,45.573611920000005,I767,_,00170,123
I767__00160.123,8.442529185336287,45.571290765,I767,_,00160,123
I767__00140.123,8.429339135396017,45.5692587,I767,_,00140,123
I767__00120.123,8.41841100297379,45.56816725,I767,_,00120,123
I767__00110.123,8.419303750507723,45.57584917,I767,_,00110,123
I767__00080.123,8.438506411371087,45.576023555,I767,_,00080,123
I767__00070.123,8.436281822558092,45.584148400000004,I767,_,00070,123
I767__00060.123,8.441018574080157,45.58428107,I767,_,00060,123
I767__00050.123,8.453887627835043,45.589606235,I767,_,00050,123
I767__00040.123,8.451658520865852,45.583840855000005,I767,_,00040,123
I767__00030.123,8.467688483594719,45.577953475,I767,_,00030,123
I767__00020.123,8.463285280421157,45.586222135,I767,_,00020,123
I767__00010.124,8.466273523241114,45.59322487,I767,_,00010,124
I767__00170.124,8.450236600417744,45.57358886,I767,_,00170,124
I767__00150.124,8.436754507559327,45.573853310000004,I767,_,00150,124
I767__00140.124,8.428724556082955,45.569363800000005,I767,_,00140,124
I767__00120.124,8.418493998401658,45.568241225,I767,_,00120,124
I767__00110.124,8.41916825282415,45.575931170000004,I767,_,00110,124
I767__00070.124,8.436173801258834,45.584282529999996,I767,_,00070,124
I767__00060.124,8.44083465965743,45.584338845,I767,_,00060,124
I767__00050.124,8.454453767108582,45.58962328,I767,_,00050,124
I767__00040.124,8.454041956376907,45.58750065,I767,_,00040,124
I767__00030.124,8.467305542754758,45.57799728,I767,_,00030,124
I767__00010.125,8.457439822020401,45.589073785,I767,_,00010,125
I767__00170.125,8.449788170991718,45.573159285,I767,_,00170,125
I767__00160.125,8.44018798661114,45.571597960000005,I767,_,00160,125
I767__00150.125,8.436815756406924,45.573722000000004,I767,_,00150,125
I767__00140.125,8.42820035212091,45.569966185,I767,_,00140,125
I767__00120.125,8.418594398081764,45.568265445,I767,_,00120,125
I767__00110.125,8.41947115991896,45.576351115,I767,_,00110,125
I767__00100.125,8.432663427949283,45.576893075,I767,_,00100,125
I767__00070.125,8.436515186922229,45.5843991,I767,_,00070,125
I767__00060.125,8.440859959446279,45.584122245,I767,_,00060,125
I767__00050.125,8.45452387330311,45.58925465,I767,_,00050,125
I767__00030.125,8.468378029721467,45.578231814999995,I767,_,00030,125
I767__00020.125,8.46413307597512,45.585810575,I767,_,00020,125
I767__00010.126,8.457726238028362,45.589119265,I767,_,00010,126
I767__00170.126,8.450700311608891,45.573130115,I767,_,00170,126
I767__00160.126,8.440845453633543,45.569920455,I767,_,00160,126
I767__00140.126,8.428082609814975,45.570199885,I767,_,00140,126
I767__00120.126,8.41870238094758,45.568287139999995,I767,_,00120,126
I767__00110.126,8.419073490940477,45.576421350000004,I767,_,00110,126
I767__00090.126,8.436616274806896,45.577470090000006,I767,_,00090,126
I767__00070.126,8.43688406964294,45.584514105,I767,_,00070,126
I767__00060.126,8.440607587322223,45.584133969999996,I767,_,00060,126
I767__00050.126,8.453811776645622,45.58930882,I767,_,00050,126
I767__00040.126,8.45550347663152,45.586441015000005,I767,_,00040,126
I767__00030.126,8.467603519618232,45.578248625,I767,_,00030,126
I767__00020.126,8.463281625785983,45.585105764999994,I767,_,00020,126
I767__00010.127,8.457740082728305,45.58882821,I767,_,00010,127
I767__00170.127,8.45147841834632,45.573436195,I767,_,00170,127
I767__00160.127,8.44133611330016,45.569736809999995,I767,_,00160,127
I767__00140.127,8.428918818688693,45.57011177,I767,_,00140,127
I767__00120.127,8.418949782960233,45.568328835,I767,_,00120,127
I767__00110.127,8.418661407685113,45.576194315,I767,_,00110,127
I767__00100.127,8.433181368529013,45.577126675,I767,_,00100,127
I767__00080.127,8.438693030536868,45.57607314,I767,_,00080,127
I767__00070.127,8.437022671710935,45.585525965,I767,_,00070,127
I767__00060.127,8.440465336774,45.584459905,I767,_,00060,127
I767__00040.127,8.455857363765222,45.58589779,I767,_,00040,127
I767__00030.127,8.466853713973045,45.578190695,I767,_,00030,127
I767__00020.127,8.462483200871883,45.58524812500001,I767,_,00020,127
I767__00010.128,8.457592643736007,45.58945068,I767,_,00010,128
I767__00170.128,8.451608024430353,45.573349945000004,I767,_,00170,128
I767__00160.128,8.441704180111266,45.569926345,I767,_,00160,128
I767__00140.128,8.429191880907386,45.57005391,I767,_,00140,128
I767__00120.128,8.419231143537566,45.568481250000005,I767,_,00120,128
I767__00110.128,8.418328039955998,45.57593942,I767,_,00110,128
I767__00090.128,8.437218239530937,45.576935645,I767,_,00090,128
I767__00070.128,8.437904357602143,45.585935275,I767,_,00070,128
I767__00060.128,8.440160482517268,45.584472925,I767,_,00060,128
I767__00050.128,8.453244881072528,45.588599365,I767,_,00050,128
I767__00040.128,8.453474888865465,45.58469545,I767,_,00040,128
I767__00030.128,8.465846900003527,45.578233135,I767,_,00030,128
I767__00020.128,8.462680627692412,45.584895525,I767,_,00020,128
I767__00010.129,8.457746793275867,45.589724309999994,I767,_,00010,129
I767__00170.129,8.451703434747639,45.57321456,I767,_,00170,129
I767__00160.129,8.44201731987621,45.57029216,I767,_,00160,129
I767__00150.129,8.436868638100524,45.573648989999995,I767,_,00150,129
I767__00140.129,8.429365652514704,45.57025165,I767,_,00140,129
I767__00120.129,8.41941782494036,45.56858214499999,I767,_,00120,129
I767__00110.129,8.41753737946749,45.575916635,I767,_,00110,129
I767__00070.129,8.438488634579624,45.585773265,I767,_,00070,129
I767__00060.129,8.440247014993075,45.584202195,I767,_,00060,129
I767__00050.129,8.453081342379825,45.5888042,I767,_,00050,129
I767__00040.129,8.453584258159283,45.58465024,I767,_,00040,129
I767__00030.129,8.464563319732557,45.578332195,I767,_,00030,129
I767__00020.129,8.461912809721376,45.58494495,I767,_,00020,129
I767__00010.13,8.455959282453392,45.58967933,I767,_,00010,13
I767__00180.13,8.433713495726135,45.563825885,I767,_,00180,13
I767__00170.13,8.45098258538725,45.575635365,I767,_,00170,13
I767__00160.13,8.442054605186737,45.575028705,I767,_,00160,13
I767__00130.13,8.420888416466148,45.56837471,I767,_,00130,13
I767__00120.13,8.413906416279836,45.57353657,I767,_,00120,13
I767__00110.13,8.421917244580346,45.580983335,I767,_,00110,13
I767__00100.13,8.426769498241265,45.579883515,I767,_,00100,13
I767__00090.13,8.435827460687047,45.57600349,I767,_,00090,13
I767__00070.13,8.437317498012048,45.587961615,I767,_,00070,13
I767__00060.13,8.441734490903267,45.587247415,I767,_,00060,13
I767__00050.13,8.442948628728372,45.587738099999996,I767,_,00050,13
I767__00040.13,8.448899023166842,45.58022928,I767,_,00040,13
I767__00030.13,8.457639295807342,45.57804272,I767,_,00030,13
I767__00020.13,8.45639892391964,45.58504592,I767,_,00020,13
I767__00010.130,8.458270684017105,45.59018881,I767,_,00010,130
I767__00170.130,8.452266121104753,45.57294936,I767,_,00170,130
I767__00160.130,8.442556416566934,45.570500195,I767,_,00160,130
I767__00140.130,8.4296748057148,45.57070299,I767,_,00140,130
I767__00120.130,8.419565521474553,45.568637675000005,I767,_,00120,130
I767__00110.130,8.41757625813367,45.57566945,I767,_,00110,130
I767__00100.130,8.43347373768935,45.577312315,I767,_,00100,130
I767__00090.130,8.436945878973958,45.57625613,I767,_,00090,130
I767__00080.130,8.438991546411234,45.576057605,I767,_,00080,130
I767__00070.130,8.43804033847552,45.58614331,I767,_,00070,130
I767__00060.130,8.440030535751852,45.58405908,I767,_,00060,130
I767__00050.130,8.453030600198456,45.589088745,I767,_,00050,130
I767__00040.130,8.45365512096605,45.584500455,I767,_,00040,130
I767__00030.130,8.465257603512313,45.57807168,I767,_,00030,130
I767__00020.130,8.462078103508546,45.584707805,I767,_,00020,130
I767__00010.131,8.458381829602285,45.590841534999996,I767,_,00010,131
I767__00170.131,8.452136302366124,45.572873675,I767,_,00170,131
I767__00160.131,8.442571125110465,45.570754545,I767,_,00160,131
I767__00150.131,8.436315668823228,45.57312161,I767,_,00150,131
I767__00140.131,8.429145561531353,45.570718665,I767,_,00140,131
I767__00120.131,8.419698119498378,45.56869676,I767,_,00120,131
I767__00110.131,8.417651626154125,45.5755271,I767,_,00110,131
I767__00100.131,8.433724243711453,45.57724091,I767,_,00100,131
I767__00090.131,8.437042694056544,45.57629798000001,I767,_,00090,131
I767__00080.131,8.439050017045014,45.576166584999996,I767,_,00080,131
I767__00070.131,8.438510229927239,45.584623835,I767,_,00070,131
I767__00060.131,8.439180122214829,45.58441679,I767,_,00060,131
I767__00050.131,8.451841065609145,45.588642265000004,I767,_,00050,131
I767__00040.131,8.453806406906665,45.58433793499999,I767,_,00040,131
I767__00030.131,8.465443629585026,45.577942449999995,I767,_,00030,131
I767__00020.131,8.461412303827078,45.584707805,I767,_,00020,131
I767__00010.132,8.45897491126286,45.59021397,I767,_,00010,132
I767__00170.132,8.452013629000561,45.572862400000005,I767,_,00170,132
I767__00160.132,8.442586669524125,45.570819060000005,I767,_,00160,132
I767__00150.132,8.436265201994065,45.572999065000005,I767,_,00150,132
I767__00140.132,8.428488317325568,45.57044191999999,I767,_,00140,132
I767__00110.132,8.417694282578298,45.575392005,I767,_,00110,132
I767__00100.132,8.433777994618037,45.57714054,I767,_,00100,132
I767__00090.132,8.43720944715751,45.576499145,I767,_,00090,132
I767__00080.132,8.43887476206009,45.576179249999996,I767,_,00080,132
I767__00070.132,8.4382321707725,45.583871744999996,I767,_,00070,132
I767__00060.132,8.439346573075156,45.58430752,I767,_,00060,132
I767__00050.132,8.45200016618327,45.588339250000004,I767,_,00050,132
I767__00040.132,8.453944108485501,45.58420296,I767,_,00040,132
I767__00030.132,8.465483514201118,45.577866605,I767,_,00030,132
I767__00020.132,8.461129674647609,45.584419929999996,I767,_,00020,132
I767__00010.133,8.459247813259903,45.59059528,I767,_,00010,133
I767__00170.133,8.451866337090165,45.57294862,I767,_,00170,133
I767__00160.133,8.442847085067022,45.570537085,I767,_,00160,133
I767__00150.133,8.435821575561732,45.573109360000004,I767,_,00150,133
I767__00140.133,8.428851078535796,45.570999025,I767,_,00140,133
I767__00120.133,8.420536619862569,45.56947572999999,I767,_,00120,133
I767__00110.133,8.416953147437479,45.575162500000005,I767,_,00110,133
I767__00100.133,8.433744425121787,45.5769612,I767,_,00100,133
I767__00090.133,8.436375722954883,45.575185610000005,I767,_,00090,133
I767__00080.133,8.438837245121512,45.576244450000004,I767,_,00080,133
I767__00070.133,8.43679408280244,45.58288197,I767,_,00070,133
I767__00060.133,8.43967105421061,45.58447685,I767,_,00060,133
I767__00050.133,8.451952888383648,45.588049235,I767,_,00050,133
I767__00040.133,8.453993194339592,45.584126194999996,I767,_,00040,133
I767__00030.133,8.465909216727603,45.57766133,I767,_,00030,133
I767__00020.133,8.461480533499483,45.584289049999995,I767,_,00020,133
I767__00010.134,8.459059982731887,45.59118567,I767,_,00010,134
I767__00170.134,8.452313627577718,45.572278055,I767,_,00170,134
I767__00160.134,8.442824550011938,45.5710268,I767,_,00160,134
I767__00140.134,8.429667566718866,45.571034385000004,I767,_,00140,134
I767__00120.134,8.42108269463781,45.56890258,I767,_,00120,134
I767__00110.134,8.4168536455423,45.574847535,I767,_,00110,134
I767__00090.134,8.436363977863145,45.57554404,I767,_,00090,134
I767__00080.134,8.438895495428422,45.576424255000006,I767,_,00080,134
I767__00070.134,8.438089474967438,45.58293383,I767,_,00070,134
I767__00060.134,8.439722380293642,45.584182694999996,I767,_,00060,134
I767__00050.134,8.452470223140057,45.588227085,I767,_,00050,134
I767__00040.134,8.454042200582643,45.584008595,I767,_,00040,134
I767__00030.134,8.46378985552779,45.577784,I767,_,00030,134
I767__00020.134,8.462226385568728,45.584562855,I767,_,00020,134
I767__00010.135,8.459297214455532,45.59130078,I767,_,00010,135
I767__00170.135,8.451979849595158,45.57237635,I767,_,00170,135
I767__00160.135,8.443223139061388,45.57101543,I767,_,00160,135
I767__00140.135,8.430000641250103,45.571148844999996,I767,_,00140,135
I767__00120.135,8.416142062167427,45.57484656,I767,_,00120,135
I767__00110.135,8.418045271911453,45.5753663,I767,_,00110,135
I767__00100.135,8.434034754550755,45.576894455,I767,_,00100,135
I767__00080.135,8.439127255502976,45.57640258,I767,_,00080,135
I767__00070.135,8.437783751890464,45.582735755,I767,_,00070,135
I767__00060.135,8.438551538017169,45.584107970000005,I767,_,00060,135
I767__00050.135,8.452562169501718,45.588077355,I767,_,00050,135
I767__00040.135,8.454093863286161,45.58392205,I767,_,00040,135
I767__00030.135,8.463916483499407,45.57768495,I767,_,00030,135
I767__00020.135,8.461887330402028,45.58417251,I767,_,00020,135
I767__00010.136,8.459658595457299,45.59110107,I767,_,00010,136
I767__00170.136,8.451683583956429,45.572531435,I767,_,00170,136
I767__00120.136,8.41647538914129,45.57497326,I767,_,00120,136
I767__00110.136,8.418109200033633,45.575263045,I767,_,00110,136
I767__00090.136,8.436428746113377,45.57536566,I767,_,00090,136
I767__00070.136,8.437373471017107,45.58247897,I767,_,00070,136
I767__00060.136,8.438930558973489,45.584080845,I767,_,00060,136
I767__00050.136,8.452011496310291,45.587892100000005,I767,_,00050,136
I767__00040.136,8.454130808135774,45.58386257,I767,_,00040,136
I767__00030.136,8.46393164877215,45.577500689999994,I767,_,00030,136
I767__00020.136,8.461867806295611,45.584025865,I767,_,00020,136
I767__00010.137,8.46007221880045,45.591451975,I767,_,00010,137
I767__00170.137,8.45069540717914,45.572865504999996,I767,_,00170,137
I767__00140.137,8.429705487380946,45.569859775,I767,_,00140,137
I767__00120.137,8.418145488180258,45.56920312,I767,_,00120,137
I767__00110.137,8.418232629636787,45.575183255,I767,_,00110,137
I767__00100.137,8.434048291107734,45.576709980000004,I767,_,00100,137
I767__00090.137,8.436579232461838,45.57554603,I767,_,00090,137
I767__00070.137,8.436978524989284,45.582054674999995,I767,_,00070,137
I767__00060.137,8.439020035732774,45.583896795,I767,_,00060,137
I767__00050.137,8.452038894097736,45.587700139999995,I767,_,00050,137
I767__00040.137,8.454187993681014,45.58383337,I767,_,00040,137
I767__00030.137,8.4629126831619,45.577484389999995,I767,_,00030,137
I767__00020.137,8.462800579204849,45.584663795,I767,_,00020,137
I767__00010.138,8.460699759507143,45.591418399999995,I767,_,00010,138
I767__00170.138,8.45030558308229,45.572825275,I767,_,00170,138
I767__00150.138,8.435379511433002,45.572829965,I767,_,00150,138
I767__00140.138,8.43028984746032,45.570503775,I767,_,00140,138
I767__00120.138,8.417280471356671,45.568497225,I767,_,00120,138
I767__00110.138,8.418562010489072,45.57512252,I767,_,00110,138
I767__00100.138,8.434332522325484,45.576858795,I767,_,00100,138
I767__00090.138,8.436637918294583,45.575371995,I767,_,00090,138
I767__00070.138,8.436780796194423,45.58236087,I767,_,00070,138
I767__00060.138,8.439171870412807,45.58360525,I767,_,00060,138
I767__00050.138,8.450899158199075,45.587737125000004,I767,_,00050,138
I767__00040.138,8.454234463242539,45.58380583,I767,_,00040,138
I767__00030.138,8.463229669914629,45.57720118,I767,_,00030,138
I767__00020.138,8.464403468213698,45.584964580000005,I767,_,00020,138
I767__00010.139,8.460999470833334,45.59194762,I767,_,00010,139
I767__00170.139,8.450771244643255,45.572811540000004,I767,_,00170,139
I767__00160.139,8.443884461389732,45.57072348,I767,_,00160,139
I767__00140.139,8.431014506428195,45.57165106,I767,_,00140,139
I767__00110.139,8.418526904071527,45.574852825,I767,_,00110,139
I767__00090.139,8.436657943765962,45.57521345,I767,_,00090,139
I767__00080.139,8.439261746331145,45.57619952,I767,_,00080,139
I767__00070.139,8.435964534255838,45.582678494999996,I767,_,00070,139
I767__00060.139,8.439256527720975,45.58353277,I767,_,00060,139
I767__00050.139,8.45025899498712,45.588550600000005,I767,_,00050,139
I767__00040.139,8.45430852298168,45.583799479999996,I767,_,00040,139
I767__00030.139,8.464004905149064,45.577353115,I767,_,00030,139
I767__00020.139,8.464758109661657,45.585148939999996,I767,_,00020,139
I767__00010.14,8.45582984649954,45.589566245,I767,_,00010,14
I767__00180.14,8.431206398932872,45.562435355000005,I767,_,00180,14
I767__00170.14,8.450403161863306,45.575179655,I767,_,00170,14
I767__00160.14,8.44182376254767,45.57495445,I767,_,00160,14
I767__00140.14,8.428571166972702,45.57546139,I767,_,00140,14
I767__00130.14,8.421332377769062,45.56853621,I767,_,00130,14
I767__00120.14,8.414007108792973,45.573551800000004,I767,_,00120,14
I767__00110.14,8.421558448676784,45.580677675000004,I767,_,00110,14
I767__00100.14,8.426925884270794,45.579898830000005,I767,_,00100,14
I767__00070.14,8.437912794114455,45.58811877,I767,_,00070,14
I767__00060.14,8.441540376661965,45.58788194,I767,_,00060,14
I767__00050.14,8.443000599557383,45.587362125,I767,_,00050,14
I767__00040.14,8.449588489916742,45.580602955,I767,_,00040,14
I767__00030.14,8.458064352641404,45.57699393,I767,_,00030,14
I767__00020.14,8.45726247358084,45.584966019999996,I767,_,00020,14
I767__00010.140,8.461220528557956,45.591438284999995,I767,_,00010,140
I767__00170.140,8.450690525717176,45.57273238,I767,_,00170,140
I767__00160.140,8.44370138459428,45.57039441,I767,_,00160,140
I767__00120.140,8.416516299552685,45.575905275,I767,_,00120,140
I767__00110.140,8.419057990001399,45.574919775,I767,_,00110,140
I767__00090.140,8.436962862427627,45.57494194,I767,_,00090,140
I767__00070.140,8.435997367666014,45.582558725,I767,_,00070,140
I767__00060.140,8.439207604193234,45.583399575,I767,_,00060,140
I767__00050.140,8.447395409610195,45.587430025,I767,_,00050,140
I767__00040.140,8.454383279409331,45.583742025,I767,_,00040,140
I767__00030.140,8.463349999193877,45.577082555,I767,_,00030,140
I767__00020.140,8.463965620338985,45.584878515,I767,_,00020,140
I767__00010.141,8.461826831912088,45.59196314,I767,_,00010,141
I767__00170.141,8.450811014739529,45.572656699999996,I767,_,00170,141
I767__00160.141,8.444384601679177,45.570940305,I767,_,00160,141
I767__00120.141,8.416373672174728,45.572189795,I767,_,00120,141
I767__00110.141,8.419185784572676,45.574809445,I767,_,00110,141
I767__00060.141,8.438366894865279,45.58267549,I767,_,00060,141
I767__00050.141,8.449080444112703,45.58738069,I767,_,00050,141
I767__00040.141,8.454534731052334,45.58365552,I767,_,00040,141
I767__00030.141,8.464160699145769,45.57727853,I767,_,00030,141
I767__00020.141,8.46364462626617,45.584462795,I767,_,00020,141
I767__00010.142,8.462226866853529,45.59206533,I767,_,00010,142
I767__00170.142,8.451230758712612,45.572628895,I767,_,00170,142
I767__00160.142,8.444273781021465,45.57114164,I767,_,00160,142
I767__00120.142,8.416059036747933,45.56846479,I767,_,00120,142
I767__00110.142,8.419534493498702,45.574748555,I767,_,00110,142
I767__00060.142,8.43850808685592,45.582772415,I767,_,00060,142
I767__00050.142,8.447478767922846,45.58718704,I767,_,00050,142
I767__00040.142,8.454635480501596,45.583595134999996,I767,_,00040,142
I767__00030.142,8.465914660337159,45.577430865,I767,_,00030,142
I767__00020.142,8.463344984929215,45.583999750000004,I767,_,00020,142
I767__00010.143,8.462642014044519,45.59214696,I767,_,00010,143
I767__00170.143,8.450566399024524,45.57238174,I767,_,00170,143
I767__00160.143,8.444393579809987,45.57134266,I767,_,00160,143
I767__00140.143,8.431990540459417,45.57065939,I767,_,00140,143
I767__00120.143,8.41794692523882,45.571515965,I767,_,00120,143
I767__00110.143,8.418622371205881,45.574132485,I767,_,00110,143
I767__00060.143,8.438947760936545,45.58294597,I767,_,00060,143
I767__00050.143,8.446681402923293,45.586691695,I767,_,00050,143
I767__00040.143,8.454887093885157,45.583451305,I767,_,00040,143
I767__00030.143,8.466821655332708,45.577593525,I767,_,00030,143
I767__00020.143,8.464546184916523,45.584312034999996,I767,_,00020,143
I767__00010.144,8.462348142199396,45.59178747,I767,_,00010,144
I767__00170.144,8.450915805507979,45.572330969999996,I767,_,00170,144
I767__00160.144,8.444206841845514,45.5714112,I767,_,00160,144
I767__00150.144,8.436475037343433,45.572354250000004,I767,_,00150,144
I767__00140.144,8.432095442379174,45.571861775,I767,_,00140,144
I767__00120.144,8.417280757458663,45.5692531,I767,_,00120,144
I767__00110.144,8.418441847068653,45.57425897,I767,_,00110,144
I767__00080.144,8.4385379825855,45.576964149999995,I767,_,00080,144
I767__00060.144,8.43921867686758,45.58289676,I767,_,00060,144
I767__00050.144,8.446556753025835,45.587181245,I767,_,00050,144
I767__00040.144,8.455072439686752,45.583333249999995,I767,_,00040,144
I767__00030.144,8.467290670965982,45.577714745,I767,_,00030,144
I767__00020.144,8.464104899342372,45.583820495,I767,_,00020,144
I767__00010.145,8.46250315040408,45.591403215,I767,_,00010,145
I767__00170.145,8.450901369644843,45.572211464999995,I767,_,00170,145
I767__00160.145,8.443900542364748,45.571537989999996,I767,_,00160,145
I767__00150.145,8.43635203189734,45.572033024999996,I767,_,00150,145
I767__00140.145,8.432290388893975,45.571932605,I767,_,00140,145
I767__00120.145,8.417139277627383,45.569392699999995,I767,_,00120,145
I767__00110.145,8.418281670175372,45.574484925,I767,_,00110,145
I767__00090.145,8.436702943182322,45.575660775,I767,_,00090,145
I767__00080.145,8.438506063081178,45.576995999999994,I767,_,00080,145
I767__00060.145,8.439652165669496,45.58322513,I767,_,00060,145
I767__00050.145,8.44674457358865,45.587544855000004,I767,_,00050,145
I767__00040.145,8.455228257514001,45.583207290000004,I767,_,00040,145
I767__00030.145,8.467674132811169,45.577681965,I767,_,00030,145
I767__00020.145,8.461948568903383,45.58359888,I767,_,00020,145
I767__00010.146,8.457409874887155,45.58760453,I767,_,00010,146
I767__00170.146,8.450982834279703,45.572126995,I767,_,00170,146
I767__00160.146,8.445285980984943,45.572197695,I767,_,00160,146
I767__00150.146,8.435401527196255,45.57083818,I767,_,00150,146
I767__00140.146,8.43223245879415,45.5722772,I767,_,00140,146
I767__00120.146,8.420112549880924,45.568662775,I767,_,00120,146
I767__00110.146,8.417730077159446,45.574070559999996,I767,_,00110,146
I767__00090.146,8.436638310003378,45.575690025,I767,_,00090,146
I767__00080.146,8.438574667014093,45.57701528,I767,_,00080,146
I767__00070.146,8.43591441606323,45.582030044999996,I767,_,00070,146
I767__00060.146,8.439942589154459,45.583689039999996,I767,_,00060,146
I767__00050.146,8.446074681926547,45.587819235,I767,_,00050,146
I767__00040.146,8.45496713636089,45.587897985,I767,_,00040,146
I767__00030.146,8.468378731267952,45.57764796,I767,_,00030,146
I767__00020.146,8.462118415822237,45.583480210000005,I767,_,00020,146
I767__00010.147,8.45765662933514,45.587721015,I767,_,00010,147
I767__00170.147,8.449868750559805,45.571936775,I767,_,00170,147
I767__00160.147,8.445482847863802,45.57211951,I767,_,00160,147
I767__00150.147,8.435574674177094,45.570890415,I767,_,00150,147
I767__00140.147,8.432602600986417,45.57178396,I767,_,00140,147
I767__00120.147,8.416953587825374,45.5729637,I767,_,00120,147
I767__00110.147,8.4174736832891,45.57394563,I767,_,00110,147
I767__00070.147,8.435452507157152,45.582171355,I767,_,00070,147
I767__00050.147,8.445972478964372,45.587300865,I767,_,00050,147
I767__00040.147,8.456541339785739,45.58739388,I767,_,00040,147
I767__00030.147,8.469643062060932,45.577742244999996,I767,_,00030,147
I767__00020.147,8.463037066072484,45.58366005,I767,_,00020,147
I767__00010.148,8.458207472467192,45.58759036,I767,_,00010,148
I767__00170.148,8.449226225525436,45.57179936,I767,_,00170,148
I767__00160.148,8.445443956861531,45.571979569999996,I767,_,00160,148
I767__00150.148,8.436161393811995,45.57170959,I767,_,00150,148
I767__00140.148,8.432841889450549,45.571458855,I767,_,00140,148
I767__00120.148,8.413353020746948,45.57244927,I767,_,00120,148
I767__00110.148,8.417605757988062,45.573749455,I767,_,00110,148
I767__00080.148,8.43852162967833,45.577047015,I767,_,00080,148
I767__00070.148,8.435545009751864,45.581879830000005,I767,_,00070,148
I767__00060.148,8.440410408592506,45.583098320000005,I767,_,00060,148
I767__00050.148,8.44516369200512,45.5878168,I767,_,00050,148
I767__00040.148,8.456134720014699,45.58700753,I767,_,00040,148
I767__00030.148,8.46987274492498,45.57744245,I767,_,00030,148
I767__00020.148,8.463096697155056,45.58345508,I767,_,00020,148
I767__00010.149,8.456995661905765,45.587862869999995,I767,_,00010,149
I767__00170.149,8.449201233896819,45.57166719999999,I767,_,00170,149
I767__00160.149,8.445740427158533,45.57197292,I767,_,00160,149
I767__00140.149,8.432304193451564,45.57245544,I767,_,00140,149
I767__00120.149,8.413407487680413,45.57225726,I767,_,00120,149
I767__00110.149,8.417902849538056,45.573896415,I767,_,00110,149
I767__00080.149,8.438462779731708,45.577039490000004,I767,_,00080,149
I767__00060.149,8.43969693311183,45.582994674999995,I767,_,00060,149
I767__00050.149,8.44486014958827,45.587761855,I767,_,00050,149
I767__00040.149,8.456642749223702,45.58682148,I767,_,00040,149
I767__00030.149,8.46881823027106,45.57784966,I767,_,00030,149
I767__00020.149,8.462079366176717,45.583338855,I767,_,00020,149
I767__00010.15,8.455689436346821,45.58942413,I767,_,00010,15
I767__00180.15,8.431940467451694,45.56215888,I767,_,00180,15
I767__00170.15,8.450712055800171,45.57532225,I767,_,00170,15
I767__00160.15,8.44158338634038,45.574923260000006,I767,_,00160,15
I767__00130.15,8.421419097400186,45.568145650000005,I767,_,00130,15
I767__00120.15,8.414114559642327,45.573606505,I767,_,00120,15
I767__00110.15,8.422238388322906,45.580757965000004,I767,_,00110,15
I767__00100.15,8.427118115101209,45.5798194,I767,_,00100,15
I767__00070.15,8.438089138189568,45.58791093,I767,_,00070,15
I767__00060.15,8.4416428263931,45.58805795,I767,_,00060,15
I767__00050.15,8.443308037344089,45.587357755,I767,_,00050,15
I767__00040.15,8.448986946058179,45.5800383,I767,_,00040,15
I767__00030.15,8.463923791079699,45.580016549999996,I767,_,00030,15
I767__00020.15,8.457855720213729,45.584997470000005,I767,_,00020,15
I767__00010.150,8.458158537136729,45.588141199999995,I767,_,00010,150
I767__00170.150,8.44994672652431,45.5718492,I767,_,00170,150
I767__00160.150,8.445600267004824,45.57176521,I767,_,00160,150
I767__00150.150,8.436704136997047,45.571054835,I767,_,00150,150
I767__00140.150,8.433472712442036,45.570859975,I767,_,00140,150
I767__00120.150,8.417164123902692,45.57281678,I767,_,00120,150
I767__00110.150,8.418036325305067,45.57313154,I767,_,00110,150
I767__00080.150,8.438434464889202,45.57708002,I767,_,00080,150
I767__00060.150,8.44000429422941,45.58297456,I767,_,00060,150
I767__00050.150,8.44506260615999,45.587171600000005,I767,_,00050,150
I767__00040.150,8.457687066316812,45.587040955000006,I767,_,00040,150
I767__00030.150,8.46882265142246,45.577594535,I767,_,00030,150
I767__00020.150,8.462608439480253,45.583134924999996,I767,_,00020,150
I767__00010.151,8.458189989500026,45.588353895,I767,_,00010,151
I767__00170.151,8.449991608781437,45.57173247,I767,_,00170,151
I767__00160.151,8.445763646439246,45.571728585,I767,_,00160,151
I767__00150.151,8.436850973023464,45.571123885,I767,_,00150,151
I767__00140.151,8.434261605225384,45.56994313,I767,_,00140,151
I767__00120.151,8.418014124572377,45.57300928,I767,_,00120,151
I767__00110.151,8.418103070408879,45.573323115,I767,_,00110,151
I767__00100.151,8.427243369171727,45.577450115,I767,_,00100,151
I767__00090.151,8.436823611141154,45.5756278,I767,_,00090,151
I767__00060.151,8.44045656602805,45.582972655,I767,_,00060,151
I767__00050.151,8.445600276799478,45.586391455,I767,_,00050,151
I767__00040.151,8.456661876227802,45.586673399999995,I767,_,00040,151
I767__00030.151,8.468746816827657,45.577230315,I767,_,00030,151
I767__00020.151,8.461865996788067,45.58295047,I767,_,00020,151
I767__00020.152,8.462786494140618,45.583022935,I767,_,00020,152
I767__00170.152,8.449287709375064,45.57153897,I767,_,00170,152
I767__00160.152,8.445549784050971,45.57158417,I767,_,00160,152
I767__00150.152,8.436927659794323,45.571153030000005,I767,_,00150,152
I767__00120.152,8.419056271336462,45.56838519,I767,_,00120,152
I767__00110.152,8.418444782671276,45.5726753,I767,_,00110,152
I767__00100.152,8.431182658593954,45.576364215,I767,_,00100,152
I767__00080.152,8.438417809608543,45.57713415,I767,_,00080,152
I767__00070.152,8.435882960308366,45.581250255,I767,_,00070,152
I767__00060.152,8.440552326469962,45.582975595,I767,_,00060,152
I767__00050.152,8.444354413108035,45.587316685000005,I767,_,00050,152
I767__00040.152,8.456662077959365,45.58645351,I767,_,00040,152
I767__00030.152,8.468307470428355,45.577240895,I767,_,00030,152
I767__00010.153,8.459506325732809,45.588163845,I767,_,00010,153
I767__00170.153,8.44939559219224,45.57137557,I767,_,00170,153
I767__00160.153,8.445726163135157,45.571539555,I767,_,00160,153
I767__00150.153,8.436981878749556,45.57118343,I767,_,00150,153
I767__00140.153,8.432049604861039,45.568641325,I767,_,00140,153
I767__00120.153,8.419965624778683,45.56860543,I767,_,00120,153
I767__00110.153,8.418500135416927,45.572740304999996,I767,_,00110,153
I767__00100.153,8.431685440078507,45.57687111,I767,_,00100,153
I767__00080.153,8.438609994653971,45.57718842,I767,_,00080,153
I767__00070.153,8.43582364472597,45.580877635,I767,_,00070,153
I767__00060.153,8.440688251627641,45.5828658,I767,_,00060,153
I767__00050.153,8.443335535709824,45.586965785000004,I767,_,00050,153
I767__00040.153,8.456627177146611,45.58636327,I767,_,00040,153
I767__00030.153,8.467534211865027,45.57744872,I767,_,00030,153
I767__00020.153,8.463982906476701,45.583207994999995,I767,_,00020,153
I767__00010.154,8.460269768858323,45.58837108,I767,_,00010,154
I767__00170.154,8.450033571289675,45.571601165000004,I767,_,00170,154
I767__00160.154,8.447260596105586,45.57247617,I767,_,00160,154
I767__00150.154,8.437014668522604,45.571359445,I767,_,00150,154
I767__00140.154,8.43125213574082,45.56750953,I767,_,00140,154
I767__00120.154,8.418701699428684,45.570798975,I767,_,00120,154
I767__00110.154,8.418551822337117,45.572840735,I767,_,00110,154
I767__00100.154,8.431987971112026,45.578502295,I767,_,00100,154
I767__00080.154,8.438728262328576,45.57727053,I767,_,00080,154
I767__00070.154,8.435722847402424,45.58103867,I767,_,00070,154
I767__00060.154,8.43880408146702,45.582306515,I767,_,00060,154
I767__00050.154,8.44303138317545,45.58685819,I767,_,00050,154
I767__00040.154,8.457883790097206,45.586607564999994,I767,_,00040,154
I767__00030.154,8.467623774914681,45.577214485,I767,_,00030,154
I767__00020.154,8.463782718212482,45.58367888,I767,_,00020,154
I767__00010.155,8.460241745164188,45.5888642,I767,_,00010,155
I767__00170.155,8.450096479397939,45.571448835,I767,_,00170,155
I767__00160.155,8.448665039983162,45.57302216,I767,_,00160,155
I767__00140.155,8.430783081561644,45.569822905,I767,_,00140,155
I767__00120.155,8.419593672981751,45.56971783,I767,_,00120,155
I767__00110.155,8.418533321357978,45.57319321,I767,_,00110,155
I767__00100.155,8.432865258378754,45.57582535,I767,_,00100,155
I767__00090.155,8.436835194582512,45.57572914,I767,_,00090,155
I767__00080.155,8.438768453034264,45.5772941,I767,_,00080,155
I767__00070.155,8.435607695585723,45.58122154,I767,_,00070,155
I767__00060.155,8.440018706483162,45.58136321,I767,_,00060,155
I767__00050.155,8.44262849326342,45.586796989999996,I767,_,00050,155
I767__00040.155,8.456908346515482,45.586176155000004,I767,_,00040,155
I767__00030.155,8.46752953188225,45.57697902,I767,_,00030,155
I767__00020.155,8.464734116063617,45.58347555,I767,_,00020,155
I767__00010.156,8.45951201092143,45.588839815,I767,_,00010,156
I767__00170.156,8.44949733123178,45.571129745,I767,_,00170,156
I767__00160.156,8.448978965932861,45.573080215000005,I767,_,00160,156
I767__00150.156,8.437234133697373,45.57277836,I767,_,00150,156
I767__00140.156,8.431089616911049,45.569216069999996,I767,_,00140,156
I767__00120.156,8.412105866144278,45.57172871,I767,_,00120,156
I767__00110.156,8.41875109640377,45.57327991,I767,_,00110,156
I767__00080.156,8.438816288531912,45.577206695,I767,_,00080,156
I767__00070.156,8.436235962966988,45.580543205,I767,_,00070,156
I767__00060.156,8.439996413677111,45.581249580000005,I767,_,00060,156
I767__00050.156,8.442518926785269,45.58587621,I767,_,00050,156
I767__00040.156,8.456024970247046,45.585910510000005,I767,_,00040,156
I767__00030.156,8.467001963765014,45.576924675,I767,_,00030,156
I767__00020.156,8.46492294100985,45.583216475,I767,_,00020,156
I767__00010.157,8.45857099762494,45.58882821,I767,_,00010,157
I767__00170.157,8.449715943134422,45.571140545,I767,_,00170,157
I767__00160.157,8.44924182172306,45.573126625,I767,_,00160,157
I767__00150.157,8.437506287694465,45.572476640000005,I767,_,00150,157
I767__00140.157,8.43069651276878,45.569119740000005,I767,_,00140,157
I767__00120.157,8.414296723282298,45.573903725,I767,_,00120,157
I767__00110.157,8.418918423947474,45.57349046,I767,_,00110,157
I767__00100.157,8.428984541534238,45.581321165,I767,_,00100,157
I767__00080.157,8.438826710231872,45.577303040000004,I767,_,00080,157
I767__00060.157,8.440054427869779,45.581182345,I767,_,00060,157
I767__00050.157,8.44267625311701,45.58589852,I767,_,00050,157
I767__00040.157,8.456096280668477,45.585926150000006,I767,_,00040,157
I767__00030.157,8.4660044868652,45.577148745,I767,_,00030,157
I767__00010.158,8.459196626918917,45.58927634,I767,_,00010,158
I767__00170.158,8.450215526500436,45.571371125,I767,_,00170,158
I767__00160.158,8.449408590949622,45.572753265,I767,_,00160,158
I767__00150.158,8.437875273316738,45.571958995,I767,_,00150,158
I767__00140.158,8.430252027417115,45.569065885,I767,_,00140,158
I767__00120.158,8.416739619416198,45.57575427,I767,_,00120,158
I767__00110.158,8.419031619116433,45.57365206,I767,_,00110,158
I767__00100.158,8.431148613438635,45.576871655000005,I767,_,00100,158
I767__00090.158,8.436758288502887,45.575836565,I767,_,00090,158
I767__00070.158,8.435729992708474,45.58064757,I767,_,00070,158
I767__00060.158,8.439121358793159,45.580326420000006,I767,_,00060,158
I767__00050.158,8.44272620680211,45.58624913,I767,_,00050,158
I767__00040.158,8.456181379186463,45.58592874,I767,_,00040,158
I767__00030.158,8.465843021348267,45.576890065,I767,_,00030,158
I767__00020.158,8.464967706354901,45.582931405,I767,_,00020,158
I767__00010.159,8.460118654182963,45.589312379999996,I767,_,00010,159
I767__00170.159,8.450302706014426,45.57136125,I767,_,00170,159
I767__00160.159,8.448329337228559,45.572256155,I767,_,00160,159
I767__00140.159,8.43124109527264,45.56839699,I767,_,00140,159
I767__00120.159,8.413992287753628,45.568483735,I767,_,00120,159
I767__00110.159,8.419176043309822,45.573680444999994,I767,_,00110,159
I767__00090.159,8.436932996713018,45.575783925,I767,_,00090,159
I767__00070.159,8.435450581624186,45.580717055,I767,_,00070,159
I767__00060.159,8.43922813304781,45.5796868,I767,_,00060,159
I767__00050.159,8.44300696255019,45.585797575,I767,_,00050,159
I767__00040.159,8.456289766446172,45.585930794999996,I767,_,00040,159
I767__00030.159,8.464122729533448,45.577089645,I767,_,00030,159
I767__00020.159,8.46408120563786,45.582931775,I767,_,00020,159
I767__00010.16,8.455854984075117,45.589303205,I767,_,00010,16
I767__00180.16,8.431932163166186,45.563699865000004,I767,_,00180,16
I767__00170.16,8.450359747859135,45.574925695000005,I767,_,00170,16
I767__00160.16,8.44115914258687,45.57474157,I767,_,00160,16
I767__00130.16,8.421059782310973,45.567988595,I767,_,00130,16
I767__00120.16,8.414090620383625,45.573915995,I767,_,00120,16
I767__00110.16,8.422168190427428,45.58058403,I767,_,00110,16
I767__00100.16,8.427218912955206,45.579826604999994,I767,_,00100,16
I767__00080.16,8.437669842628573,45.57801558,I767,_,00080,16
I767__00070.16,8.437579736769637,45.587829775,I767,_,00070,16
I767__00060.16,8.441897760798637,45.58648005,I767,_,00060,16
I767__00050.16,8.443057869341327,45.588188085,I767,_,00050,16
I767__00040.16,8.449816850125238,45.58049081,I767,_,00040,16
I767__00030.16,8.459329718000543,45.577577579999996,I767,_,00030,16
I767__00010.160,8.460710095714248,45.589336925,I767,_,00010,160
I767__00170.160,8.449717392912676,45.571089555,I767,_,00170,160
I767__00160.160,8.446306672300185,45.57163487,I767,_,00160,160
I767__00140.160,8.430865374903622,45.56866674,I767,_,00140,160
I767__00120.160,8.415291028409275,45.567938444999996,I767,_,00120,160
I767__00110.160,8.419638014740608,45.574025395,I767,_,00110,160
I767__00090.160,8.437097749188677,45.575780585000004,I767,_,00090,160
I767__00080.160,8.438949003980124,45.577230494999995,I767,_,00080,160
I767__00070.160,8.43525896639142,45.58073468,I767,_,00070,160
I767__00060.160,8.43996578750455,45.580015149999994,I767,_,00060,160
I767__00050.160,8.443218868123072,45.585546855000004,I767,_,00050,160
I767__00040.160,8.456370737209394,45.585932255,I767,_,00040,160
I767__00030.160,8.463423939255266,45.576931945,I767,_,00030,160
I767__00020.160,8.46284909141094,45.582828395,I767,_,00020,160
I767__00010.161,8.460657454556642,45.589872115000006,I767,_,00010,161
I767__00170.161,8.449857272257132,45.57106716,I767,_,00170,161
I767__00140.161,8.430890986702856,45.568331955000005,I767,_,00140,161
I767__00120.161,8.416205660722625,45.566945090000004,I767,_,00120,161
I767__00110.161,8.420090229891526,45.573813695,I767,_,00110,161
I767__00100.161,8.426423886286774,45.579572205000005,I767,_,00100,161
I767__00090.161,8.43697726823066,45.575933705,I767,_,00090,161
I767__00080.161,8.438927234622646,45.577164644999996,I767,_,00080,161
I767__00060.161,8.43967803056276,45.58014006,I767,_,00060,161
I767__00050.161,8.44313329699302,45.58606363,I767,_,00050,161
I767__00040.161,8.45641016900755,45.58593345,I767,_,00040,161
I767__00030.161,8.463467240473975,45.576583375,I767,_,00030,161
I767__00020.161,8.461965730161157,45.582706720000004,I767,_,00020,161
I767__00010.162,8.459178159849586,45.589476765,I767,_,00010,162
I767__00170.162,8.45024737411454,45.571250140000004,I767,_,00170,162
I767__00160.162,8.445197686165205,45.570908540000005,I767,_,00160,162
I767__00150.162,8.438375097726363,45.573122084999994,I767,_,00150,162
I767__00140.162,8.430365046471602,45.567954385,I767,_,00140,162
I767__00120.162,8.415084609684573,45.56661833,I767,_,00120,162
I767__00110.162,8.41992675905874,45.57414377,I767,_,00110,162
I767__00100.162,8.425504455744532,45.580395499999995,I767,_,00100,162
I767__00090.162,8.43705327721647,45.575967829999996,I767,_,00090,162
I767__00070.162,8.435262495962148,45.579960545,I767,_,00070,162
I767__00050.162,8.443302905617399,45.58642151,I767,_,00050,162
I767__00040.162,8.456449948311985,45.585934914999996,I767,_,00040,162
I767__00030.162,8.463153097907206,45.576120985,I767,_,00030,162
I767__00020.162,8.462761595342116,45.582590325,I767,_,00020,162
I767__00010.163,8.45916948163585,45.589614165,I767,_,00010,163
I767__00170.163,8.450445586393815,45.571155905,I767,_,00170,163
I767__00160.163,8.444862517238562,45.570702095,I767,_,00160,163
I767__00150.163,8.438100840279485,45.573541899999995,I767,_,00150,163
I767__00140.163,8.429519901292432,45.567441105,I767,_,00140,163
I767__00120.163,8.416987727506443,45.56735985,I767,_,00120,163
I767__00110.163,8.420134691455203,45.574064795,I767,_,00110,163
I767__00100.163,8.425866623497981,45.58072751,I767,_,00100,163
I767__00090.163,8.43710465125429,45.57590125,I767,_,00090,163
I767__00080.163,8.439049038281851,45.577189235,I767,_,00080,163
I767__00070.163,8.435485689631115,45.5799137,I767,_,00070,163
I767__00060.163,8.44109795884188,45.58097154,I767,_,00060,163
I767__00050.163,8.44356185153639,45.585897185,I767,_,00050,163
I767__00040.163,8.456538492542787,45.585939955,I767,_,00040,163
I767__00030.163,8.464563222555256,45.576350935,I767,_,00030,163
I767__00020.163,8.46296761506616,45.582446285,I767,_,00020,163
I767__00010.164,8.45948385921757,45.589861665,I767,_,00010,164
I767__00170.164,8.449845293437932,45.57088507500001,I767,_,00170,164
I767__00160.164,8.444568416957337,45.57048954,I767,_,00160,164
I767__00140.164,8.429584944461169,45.566816970000005,I767,_,00140,164
I767__00120.164,8.418849306427454,45.568276825,I767,_,00120,164
I767__00110.164,8.420323063825396,45.574040305,I767,_,00110,164
I767__00100.164,8.426942576984226,45.580885035,I767,_,00100,164
I767__00090.164,8.437218716541388,45.575807275,I767,_,00090,164
I767__00060.164,8.441187825661657,45.58168752,I767,_,00060,164
I767__00050.164,8.443736269582299,45.585766765,I767,_,00050,164
I767__00040.164,8.457802115258614,45.58619516,I767,_,00040,164
I767__00030.164,8.464019519759944,45.576621145,I767,_,00030,164
I767__00020.164,8.46405723069957,45.582698115,I767,_,00020,164
I767__00010.165,8.459700360281133,45.590288805,I767,_,00010,165
I767__00170.165,8.449512159294736,45.570367835,I767,_,00170,165
I767__00160.165,8.444402672329549,45.57039745,I767,_,00160,165
I767__00150.165,8.439394349233929,45.574169125,I767,_,00150,165
I767__00140.165,8.429619559290721,45.5665477,I767,_,00140,165
I767__00120.165,8.413211762551178,45.573740615000006,I767,_,00120,165
I767__00110.165,8.420659968141944,45.57401227,I767,_,00110,165
I767__00100.165,8.427355590505755,45.580806765000005,I767,_,00100,165
I767__00090.165,8.437270114369792,45.575837025,I767,_,00090,165
I767__00080.165,8.438994348570183,45.577312864999996,I767,_,00080,165
I767__00060.165,8.441455760474073,45.581496619999996,I767,_,00060,165
I767__00050.165,8.444009557260301,45.585972600000005,I767,_,00050,165
I767__00040.165,8.458021375894674,45.586219255,I767,_,00040,165
I767__00030.165,8.46449936034885,45.576693035,I767,_,00030,165
I767__00020.165,8.46407133821765,45.582434989999996,I767,_,00020,165
I767__00010.166,8.46032390575984,45.590272665,I767,_,00010,166
I767__00170.166,8.449803007968338,45.570374295,I767,_,00170,166
I767__00160.166,8.444259692766096,45.569906925,I767,_,00160,166
I767__00150.166,8.440599521035466,45.572769269999995,I767,_,00150,166
I767__00140.166,8.429002986555716,45.566914565,I767,_,00140,166
I767__00120.166,8.41562370575227,45.574531324999995,I767,_,00120,166
I767__00110.166,8.420868408920214,45.57410199,I767,_,00110,166
I767__00100.166,8.430189233144205,45.57988926,I767,_,00100,166
I767__00090.166,8.437317630303944,45.575874064999994,I767,_,00090,166
I767__00060.166,8.441515525558069,45.581546134999996,I767,_,00060,166
I767__00050.166,8.44390157540376,45.58608632,I767,_,00050,166
I767__00040.166,8.456381128867744,45.584172365,I767,_,00040,166
I767__00030.166,8.464302899590873,45.57691044,I767,_,00030,166
I767__00020.166,8.464889803440409,45.582620075,I767,_,00020,166
I767__00010.167,8.460058710796703,45.590772265,I767,_,00010,167
I767__00170.167,8.449887315274012,45.57032134,I767,_,00170,167
I767__00160.167,8.445358748500857,45.570306974999994,I767,_,00160,167
I767__00150.167,8.439558689212124,45.573763084999996,I767,_,00150,167
I767__00120.167,8.415691110876303,45.57444259,I767,_,00120,167
I767__00110.167,8.420872747071032,45.574267969999994,I767,_,00110,167
I767__00100.167,8.430008684791776,45.579707655,I767,_,00100,167
I767__00090.167,8.437251861620386,45.575944745,I767,_,00090,167
I767__00080.167,8.439174526487147,45.577355595,I767,_,00080,167
I767__00060.167,8.441097221114084,45.581898945000006,I767,_,00060,167
I767__00050.167,8.44363894598935,45.586483195,I767,_,00050,167
I767__00040.167,8.45688193223856,45.58402998,I767,_,00040,167
I767__00030.167,8.464831729063095,45.576879149999996,I767,_,00030,167
I767__00020.167,8.46528921865354,45.58271507,I767,_,00020,167
I767__00010.168,8.460806535488171,45.590899789999995,I767,_,00010,168
I767__00170.168,8.449917415374,45.57017054,I767,_,00170,168
I767__00150.168,8.439702250111194,45.572821355,I767,_,00150,168
I767__00140.168,8.4283958947739,45.56688072,I767,_,00140,168
I767__00120.168,8.416205494882515,45.57475889,I767,_,00120,168
I767__00110.168,8.42112773579997,45.574259729999994,I767,_,00110,168
I767__00100.168,8.428092099119798,45.577144995,I767,_,00100,168
I767__00090.168,8.437156759161695,45.57600136,I767,_,00090,168
I767__00080.168,8.439181288190467,45.57728242,I767,_,00080,168
I767__00070.168,8.43542363259056,45.579746645,I767,_,00070,168
I767__00060.168,8.441244569470154,45.58195542,I767,_,00060,168
I767__00050.168,8.443798502818936,45.586689324999995,I767,_,00050,168
I767__00040.168,8.458031658491066,45.58407975,I767,_,00040,168
I767__00030.168,8.465071888122413,45.576419515,I767,_,00030,168
I767__00020.168,8.464993460506111,45.582462545,I767,_,00020,168
I767__00010.169,8.461314729141826,45.590544455,I767,_,00010,169
I767__00170.169,8.450028467292082,45.569688885,I767,_,00170,169
I767__00160.169,8.447202140004599,45.57121035,I767,_,00160,169
I767__00150.169,8.432791396408524,45.573550845,I767,_,00150,169
I767__00140.169,8.427770826286656,45.56669608999999,I767,_,00140,169
I767__00120.169,8.416271650584111,45.574669099999994,I767,_,00120,169
I767__00110.169,8.421505936306215,45.57456586,I767,_,00110,169
I767__00090.169,8.437215504271576,45.576038159999996,I767,_,00090,169
I767__00080.169,8.439213119874946,45.577262160000004,I767,_,00080,169
I767__00070.169,8.435646773543468,45.57983483,I767,_,00070,169
I767__00060.169,8.441619288854021,45.581628550000005,I767,_,00060,169
I767__00050.169,8.444224086500153,45.586190185,I767,_,00050,169
I767__00040.169,8.456807217004819,45.583666199999996,I767,_,00040,169
I767__00030.169,8.466055377713523,45.576563115,I767,_,00030,169
I767__00020.169,8.46544361240359,45.582393365,I767,_,00020,169
I767__00010.17,8.455121836212637,45.58865027,I767,_,00010,17
I767__00180.17,8.430621419762128,45.565129005,I767,_,00180,17
I767__00170.17,8.450679953161103,45.575120575,I767,_,00170,17
I767__00160.17,8.441076962567484,45.574862425,I767,_,00160,17
I767__00140.17,8.430934828520986,45.575823745,I767,_,00140,17
I767__00130.17,8.421252301273732,45.567867254999996,I767,_,00130,17
I767__00120.17,8.414529372140825,45.573839559999996,I767,_,00120,17
I767__00110.17,8.422393773444579,45.58056347,I767,_,00110,17
I767__00100.17,8.428578804455968,45.579308455,I767,_,00100,17
I767__00070.17,8.43640232400363,45.58748032,I767,_,00070,17
I767__00060.17,8.441630785723007,45.586597245,I767,_,00060,17
I767__00050.17,8.442968993857798,45.588586075,I767,_,00050,17
I767__00040.17,8.449298170860914,45.583889005,I767,_,00040,17
I767__00030.17,8.458798115490307,45.576535035,I767,_,00030,17
I767__00020.17,8.458159426085103,45.585317455,I767,_,00020,17
I767__00010.170,8.462725792447209,45.591286,I767,_,00010,170
I767__00180.170,8.431080773648096,45.566126335,I767,_,00180,170
I767__00170.170,8.450296390722954,45.57012993,I767,_,00170,170
I767__00160.170,8.44827050301252,45.57141341,I767,_,00160,170
I767__00150.170,8.43927650103963,45.572632315,I767,_,00150,170
I767__00140.170,8.427150991112692,45.566505230000004,I767,_,00140,170
I767__00120.170,8.41653961281035,45.57488636,I767,_,00120,170
I767__00110.170,8.421868249135336,45.575101645,I767,_,00110,170
I767__00090.170,8.437507158520074,45.576090645,I767,_,00090,170
I767__00080.170,8.43928263337576,45.577238295,I767,_,00080,170
I767__00070.170,8.43727430401751,45.579449870000005,I767,_,00070,170
I767__00060.170,8.441781319706212,45.58166731,I767,_,00060,170
I767__00050.170,8.454191850392846,45.59113877,I767,_,00050,170
I767__00040.170,8.457075229434155,45.583477355,I767,_,00040,170
I767__00030.170,8.467303747583696,45.57658438,I767,_,00030,170
I767__00020.170,8.465469519745483,45.58213542,I767,_,00020,170
I767__00010.171,8.462676054154382,45.59099682,I767,_,00010,171
I767__00180.171,8.431238343011989,45.566203720000004,I767,_,00180,171
I767__00170.171,8.45064765931268,45.570457955,I767,_,00170,171
I767__00160.171,8.448599502301018,45.571566725,I767,_,00160,171
I767__00140.171,8.42686361073264,45.566290710000004,I767,_,00140,171
I767__00120.171,8.41660408827401,45.574798625,I767,_,00120,171
I767__00110.171,8.422078753453945,45.574902075,I767,_,00110,171
I767__00100.171,8.43367865299633,45.57576513,I767,_,00100,171
I767__00090.171,8.437583323436819,45.576213625,I767,_,00090,171
I767__00080.171,8.439292404964192,45.577177375,I767,_,00080,171
I767__00060.171,8.441504952342303,45.582013329999995,I767,_,00060,171
I767__00050.171,8.444116536050384,45.585396200000005,I767,_,00050,171
I767__00040.171,8.458189582126089,45.583561315,I767,_,00040,171
I767__00030.171,8.467662365938494,45.57655418,I767,_,00030,171
I767__00020.171,8.465006688736514,45.582363005000005,I767,_,00020,171
I767__00010.172,8.462742187763139,45.590814095,I767,_,00010,172
I767__00180.172,8.431318019700623,45.565793400000004,I767,_,00180,172
I767__00170.172,8.45071276066998,45.570206049999996,I767,_,00170,172
I767__00160.172,8.448705351145227,45.57160306,I767,_,00160,172
I767__00140.172,8.426334528462665,45.56598579,I767,_,00140,172
I767__00120.172,8.417297105385753,45.569117750000004,I767,_,00120,172
I767__00110.172,8.422540999470742,45.574546465,I767,_,00110,172
I767__00100.172,8.433602360461443,45.57738909,I767,_,00100,172
I767__00090.172,8.437729717753982,45.576096005,I767,_,00090,172
I767__00080.172,8.439307011374407,45.577148995,I767,_,00080,172
I767__00070.172,8.437464549380376,45.580685835,I767,_,00070,172
I767__00060.172,8.441853283464283,45.58195188,I767,_,00060,172
I767__00050.172,8.445173372610807,45.586100630000004,I767,_,00050,172
I767__00040.172,8.457654185908822,45.58326749,I767,_,00040,172
I767__00030.172,8.468272156444199,45.576947360000005,I767,_,00030,172
I767__00020.172,8.464586297520542,45.582014009999995,I767,_,00020,172
I767__00010.173,8.46193883677141,45.59066312,I767,_,00010,173
I767__00180.173,8.43149000167246,45.56585295,I767,_,00180,173
I767__00170.173,8.450725443867034,45.570047895,I767,_,00170,173
I767__00160.173,8.44878547664616,45.571694050000005,I767,_,00160,173
I767__00140.173,8.427755068741302,45.566190135,I767,_,00140,173
I767__00120.173,8.416225508235513,45.573909365,I767,_,00120,173
I767__00110.173,8.421835383157333,45.575789215,I767,_,00110,173
I767__00100.173,8.43365258060641,45.57747946,I767,_,00100,173
I767__00090.173,8.437659618210038,45.576080865,I767,_,00090,173
I767__00080.173,8.43927485609688,45.57709268,I767,_,00080,173
I767__00060.173,8.442158799571992,45.582419169999994,I767,_,00060,173
I767__00050.173,8.444893573670932,45.5862637,I767,_,00050,173
I767__00040.173,8.456936489402327,45.58309377,I767,_,00040,173
I767__00030.173,8.468695517826523,45.576925405,I767,_,00030,173
I767__00020.173,8.464883343656545,45.58195316,I767,_,00020,173
I767__00010.174,8.461602358052083,45.590329245,I767,_,00010,174
I767__00170.174,8.45071245228238,45.569880795,I767,_,00170,174
I767__00160.174,8.449384298834374,45.57092387,I767,_,00160,174
I767__00140.174,8.42803953974869,45.56531588,I767,_,00140,174
I767__00120.174,8.416923634605348,45.574196165000004,I767,_,00120,174
I767__00110.174,8.421960621422576,45.575812595,I767,_,00110,174
I767__00100.174,8.434151381635962,45.576589025,I767,_,00100,174
I767__00090.174,8.437736204207562,45.57624751,I767,_,00090,174
I767__00080.174,8.440344120787806,45.576102265,I767,_,00080,174
I767__00070.174,8.437053673241067,45.581532495000005,I767,_,00070,174
I767__00060.174,8.442829750532887,45.58264589,I767,_,00060,174
I767__00050.174,8.44445849377934,45.586723725,I767,_,00050,174
I767__00040.174,8.457879527056548,45.583139335,I767,_,00040,174
I767__00030.174,8.468900069248727,45.577064885,I767,_,00030,174
I767__00020.174,8.465227965894886,45.5818546,I767,_,00020,174
I767__00010.175,8.461200020219895,45.589877325,I767,_,00010,175
I767__00170.175,8.450735481050025,45.569433965,I767,_,00170,175
I767__00160.175,8.448928314575504,45.571097855000005,I767,_,00160,175
I767__00140.175,8.428959829786946,45.565693519999996,I767,_,00140,175
I767__00120.175,8.417405780262872,45.5697879,I767,_,00120,175
I767__00110.175,8.421855157617967,45.576101635,I767,_,00110,175
I767__00090.175,8.437760019902553,45.57610568,I767,_,00090,175
I767__00080.175,8.439351971046193,45.57701595,I767,_,00080,175
I767__00060.175,8.442924957522617,45.582525385,I767,_,00060,175
I767__00050.175,8.444495886126454,45.586781605,I767,_,00050,175
I767__00040.175,8.456986610094539,45.582965515,I767,_,00040,175
I767__00030.175,8.46945178367422,45.577152165,I767,_,00030,175
I767__00020.175,8.465146793914274,45.581589285,I767,_,00020,175
I767__00010.176,8.462057976881107,45.590116585000004,I767,_,00010,176
I767__00170.176,8.450942862162513,45.56888077,I767,_,00170,176
I767__00160.176,8.44929605145849,45.57075684,I767,_,00160,176
I767__00150.176,8.439427116110352,45.57096366,I767,_,00150,176
I767__00140.176,8.429522059598526,45.56632577,I767,_,00140,176
I767__00120.176,8.41991291967309,45.569769539999996,I767,_,00120,176
I767__00110.176,8.421992276928187,45.576109245,I767,_,00110,176
I767__00100.176,8.432611073754519,45.577700635,I767,_,00100,176
I767__00090.176,8.437843383730964,45.576152455,I767,_,00090,176
I767__00080.176,8.439203735423046,45.577005045,I767,_,00080,176
I767__00070.176,8.437710652742723,45.58110001,I767,_,00070,176
I767__00060.176,8.442240519086704,45.58228623,I767,_,00060,176
I767__00050.176,8.44501237706365,45.586257685,I767,_,00050,176
I767__00040.176,8.457440454138759,45.58298924,I767,_,00040,176
I767__00030.176,8.470320706088906,45.57732104,I767,_,00030,176
I767__00020.176,8.464734770488056,45.581674915,I767,_,00020,176
I767__00010.177,8.462529972362626,45.5906533,I767,_,00010,177
I767__00170.177,8.451384123831364,45.568662305000004,I767,_,00170,177
I767__00160.177,8.449508780778853,45.57056103,I767,_,00160,177
I767__00150.177,8.438737954954902,45.570198325,I767,_,00150,177
I767__00140.177,8.42998342596899,45.56645603,I767,_,00140,177
I767__00120.177,8.4205862436011,45.569060234999995,I767,_,00120,177
I767__00110.177,8.422148774413149,45.576369055,I767,_,00110,177
I767__00100.177,8.428753835179482,45.582424904999996,I767,_,00100,177
I767__00090.177,8.437748449286126,45.575870535,I767,_,00090,177
I767__00080.177,8.439287407206812,45.576968555,I767,_,00080,177
I767__00070.177,8.437336396642262,45.581627345,I767,_,00070,177
I767__00060.177,8.442421482569724,45.582246315000006,I767,_,00060,177
I767__00050.177,8.445158642942125,45.586257125,I767,_,00050,177
I767__00040.177,8.457242764731376,45.58269423,I767,_,00040,177
I767__00030.177,8.470411830600838,45.577197330000004,I767,_,00030,177
I767__00020.177,8.46438357722044,45.581746339999995,I767,_,00020,177
I767__00010.178,8.463197112764664,45.59063982,I767,_,00010,178
I767__00170.178,8.45095296246923,45.56871263,I767,_,00170,178
I767__00160.178,8.449012656492965,45.57047101,I767,_,00160,178
I767__00140.178,8.43023751851385,45.56656629,I767,_,00140,178
I767__00120.178,8.420204822437992,45.56893463,I767,_,00120,178
I767__00110.178,8.422739243020287,45.575073565,I767,_,00110,178
I767__00100.178,8.431367929047891,45.57980884,I767,_,00100,178
I767__00080.178,8.439363767792024,45.576957,I767,_,00080,178
I767__00070.178,8.437516913797525,45.581640625,I767,_,00070,178
I767__00060.178,8.442951988604818,45.582432425,I767,_,00060,178
I767__00050.178,8.444733094073104,45.58668204,I767,_,00050,178
I767__00040.178,8.448637266368676,45.57926244,I767,_,00040,178
I767__00030.178,8.46947045673892,45.57701099,I767,_,00030,178
I767__00020.178,8.464267662635393,45.58157996,I767,_,00020,178
I767__00010.179,8.463394010444741,45.59016315,I767,_,00010,179
I767__00170.179,8.4510141535335,45.568600195,I767,_,00170,179
I767__00160.179,8.448830951620149,45.570572735,I767,_,00160,179
I767__00150.179,8.437946138084834,45.57103162,I767,_,00150,179
I767__00140.179,8.43039019962442,45.5666461,I767,_,00140,179
I767__00120.179,8.420881108572114,45.56876414,I767,_,00120,179
I767__00110.179,8.423090005974915,45.575502925,I767,_,00110,179
I767__00100.179,8.429293286859648,45.578521190000004,I767,_,00100,179
I767__00090.179,8.43805026596112,45.5758441,I767,_,00090,179
I767__00070.179,8.437768499891355,45.58144291,I767,_,00070,179
I767__00060.179,8.443071658404929,45.58231319,I767,_,00060,179
I767__00050.179,8.44470224128252,45.58689369,I767,_,00050,179
I767__00040.179,8.449126473071527,45.579704595,I767,_,00040,179
I767__00030.179,8.46887358424927,45.57686898,I767,_,00030,179
I767__00020.179,8.46463185932829,45.581505135,I767,_,00020,179
I767__00010.18,8.454934057303646,45.58846206,I767,_,00010,18
I767__00180.18,8.431554166057538,45.56542108,I767,_,00180,18
I767__00170.18,8.450470609780197,45.574883115,I767,_,00170,18
I767__00160.18,8.441622247833262,45.575096195,I767,_,00160,18
I767__00140.18,8.431196213197268,45.57611791,I767,_,00140,18
I767__00130.18,8.421536895353809,45.56799283,I767,_,00130,18
I767__00120.18,8.414585243406666,45.574027064999996,I767,_,00120,18
I767__00110.18,8.422390471269226,45.580285365,I767,_,00110,18
I767__00100.18,8.427884334217858,45.58127141,I767,_,00100,18
I767__00090.18,8.43622428941254,45.576059064999995,I767,_,00090,18
I767__00070.18,8.436133807047417,45.587114605,I767,_,00070,18
I767__00060.18,8.441609026175591,45.586370295,I767,_,00060,18
I767__00050.18,8.44322440183487,45.588451955,I767,_,00050,18
I767__00040.18,8.449507220510196,45.58391034,I767,_,00040,18
I767__00030.18,8.459683122471937,45.5771293,I767,_,00030,18
I767__00020.18,8.457038419839716,45.584482484999995,I767,_,00020,18
I767__00010.180,8.462528102606072,45.590116585000004,I767,_,00010,180
I767__00170.180,8.451054474283795,45.56852003,I767,_,00170,180
I767__00160.180,8.448478239589333,45.57094584,I767,_,00160,180
I767__00150.180,8.436825630619808,45.570674745,I767,_,00150,180
I767__00140.180,8.430532384469469,45.566888705,I767,_,00140,180
I767__00120.180,8.42057734048932,45.56856162,I767,_,00120,180
I767__00110.180,8.422139619637061,45.576617155,I767,_,00110,180
I767__00100.180,8.42591388104842,45.57934014,I767,_,00100,180
I767__00090.180,8.438064159374369,45.57573147,I767,_,00090,180
I767__00070.180,8.437721052289893,45.582043170000006,I767,_,00070,180
I767__00060.180,8.442378801054538,45.582079455,I767,_,00060,180
I767__00050.180,8.445319943888244,45.586302875,I767,_,00050,180
I767__00040.180,8.449335113559375,45.57961358,I767,_,00040,180
I767__00030.180,8.468679683653436,45.576866105,I767,_,00030,180
I767__00020.180,8.465065482024773,45.581415335,I767,_,00020,180
I767__00010.181,8.46226128568454,45.5897219,I767,_,00010,181
I767__00170.181,8.45107273670375,45.568473659999995,I767,_,00170,181
I767__00160.181,8.447463598429188,45.57091968,I767,_,00160,181
I767__00150.181,8.437424442216917,45.57065631,I767,_,00150,181
I767__00140.181,8.430788656168225,45.567486105,I767,_,00140,181
I767__00120.181,8.415771980436734,45.575499105000006,I767,_,00120,181
I767__00110.181,8.422438485604971,45.576576035,I767,_,00110,181
I767__00070.181,8.438009563041568,45.58223477,I767,_,00070,181
I767__00060.181,8.442567355794253,45.581938355000005,I767,_,00060,181
I767__00050.181,8.44543195151485,45.586352065,I767,_,00050,181
I767__00040.181,8.448568707467704,45.579023245,I767,_,00040,181
I767__00030.181,8.468257610780235,45.576881565,I767,_,00030,181
I767__00020.181,8.464985443209736,45.58124776,I767,_,00020,181
I767__00010.182,8.463119576625326,45.58984013,I767,_,00010,182
I767__00170.182,8.45149071472533,45.568799655,I767,_,00170,182
I767__00160.182,8.445983156103576,45.57020437,I767,_,00160,182
I767__00150.182,8.437601674569798,45.570335125,I767,_,00150,182
I767__00140.182,8.431031145274488,45.566755265,I767,_,00140,182
I767__00110.182,8.422670089355856,45.576701915,I767,_,00110,182
I767__00090.182,8.438091282433236,45.575640250000006,I767,_,00090,182
I767__00070.182,8.438315163005914,45.58196322,I767,_,00070,182
I767__00060.182,8.443202264685814,45.582141945000004,I767,_,00060,182
I767__00050.182,8.444998648238144,45.586750800000004,I767,_,00050,182
I767__00040.182,8.448868095281563,45.579123905,I767,_,00040,182
I767__00030.182,8.46824243325695,45.57681394,I767,_,00030,182
I767__00020.182,8.464532565193078,45.581337725,I767,_,00020,182
I767__00010.183,8.463198576723112,45.589657895,I767,_,00010,183
I767__00170.183,8.45176297929364,45.56894507,I767,_,00170,183
I767__00160.183,8.445446555900809,45.56989782,I767,_,00160,183
I767__00150.183,8.437401165444932,45.570117685,I767,_,00150,183
I767__00110.183,8.423380848562521,45.575601309999996,I767,_,00110,183
I767__00070.183,8.438492206386957,45.581770235,I767,_,00070,183
I767__00060.183,8.444331608942882,45.582649094999994,I767,_,00060,183
I767__00050.183,8.44514514498087,45.586704375,I767,_,00050,183
I767__00040.183,8.449447746947929,45.579569899999996,I767,_,00040,183
I767__00030.183,8.468668044299033,45.576810735,I767,_,00030,183
I767__00020.183,8.464166395095202,45.581403795,I767,_,00020,183
I767__00010.184,8.46196916914078,45.589626165,I767,_,00010,184
I767__00170.184,8.451979220156854,45.56905105,I767,_,00170,184
I767__00160.184,8.445643173533322,45.56965977,I767,_,00160,184
I767__00150.184,8.437114918528426,45.569761835,I767,_,00150,184
I767__00110.184,8.42282391943036,45.576865264999995,I767,_,00110,184
I767__00090.184,8.437995812482125,45.57578317,I767,_,00090,184
I767__00070.184,8.438717648873187,45.581669945,I767,_,00070,184
I767__00060.184,8.444010461565444,45.582859395,I767,_,00060,184
I767__00050.184,8.445496972613597,45.586382465,I767,_,00050,184
I767__00040.184,8.44915875172724,45.579151145,I767,_,00040,184
I767__00030.184,8.46822690522368,45.57674635,I767,_,00030,184
I767__00020.184,8.46474855908484,45.580832855,I767,_,00020,184
I767__00010.185,8.46182528722811,45.589484885000005,I767,_,00010,185
I767__00170.185,8.452048504828337,45.569077925,I767,_,00170,185
I767__00160.185,8.445915510479107,45.56989782,I767,_,00160,185
I767__00150.185,8.43575736371668,45.569973579999996,I767,_,00150,185
I767__00140.185,8.432472169652751,45.566546525,I767,_,00140,185
I767__00120.185,8.414085383566603,45.5672122,I767,_,00120,185
I767__00110.185,8.423016094900687,45.57681155,I767,_,00110,185
I767__00090.185,8.437919206350543,45.575769155,I767,_,00090,185
I767__00070.185,8.438039778318856,45.58135577,I767,_,00070,185
I767__00060.185,8.443528481050842,45.582933145,I767,_,00060,185
I767__00050.185,8.445445840222305,45.586836035000005,I767,_,00050,185
I767__00040.185,8.449609952505828,45.5794901,I767,_,00040,185
I767__00030.185,8.468653658024182,45.576741425,I767,_,00030,185
I767__00020.185,8.463994038869854,45.581099464999994,I767,_,00020,185
I767__00010.186,8.461677092219066,45.58941471999999,I767,_,00010,186
I767__00170.186,8.452422623841898,45.569300185,I767,_,00170,186
I767__00160.186,8.4462772953,45.570112105,I767,_,00160,186
I767__00150.186,8.435807394211828,45.56954501,I767,_,00150,186
I767__00140.186,8.431854124098532,45.566198514999996,I767,_,00140,186
I767__00120.186,8.416929063995134,45.570354115,I767,_,00120,186
I767__00110.186,8.42310107967596,45.57675758,I767,_,00110,186
I767__00090.186,8.437848097321737,45.5757536,I767,_,00090,186
I767__00080.186,8.439037552621935,45.576838914999996,I767,_,00080,186
I767__00070.186,8.438297799513336,45.581428785,I767,_,00070,186
I767__00060.186,8.443952081865007,45.5832595,I767,_,00060,186
I767__00050.186,8.445497882537236,45.586974080000005,I767,_,00050,186
I767__00040.186,8.449336370075224,45.57968401,I767,_,00040,186
I767__00030.186,8.468891665527256,45.57677718,I767,_,00030,186
I767__00020.186,8.464147244570313,45.58212693,I767,_,00020,186
I767__00010.187,8.461692521677417,45.588846625,I767,_,00010,187
I767__00170.187,8.453861553156973,45.56947383,I767,_,00170,187
I767__00160.187,8.446222959682181,45.569919445,I767,_,00160,187
I767__00150.187,8.435464913152927,45.56947148,I767,_,00150,187
I767__00120.187,8.412379629679581,45.56855211,I767,_,00120,187
I767__00110.187,8.423144266681511,45.576760775,I767,_,00110,187
I767__00080.187,8.439098302121405,45.5768168,I767,_,00080,187
I767__00070.187,8.438895691353313,45.581420914999995,I767,_,00070,187
I767__00060.187,8.444774768183361,45.582968345,I767,_,00060,187
I767__00050.187,8.446268079907837,45.586453115,I767,_,00050,187
I767__00040.187,8.449900553193409,45.5801192,I767,_,00040,187
I767__00030.187,8.469937135795032,45.576995855,I767,_,00030,187
I767__00020.187,8.46315404725391,45.5820784,I767,_,00020,187
I767__00010.188,8.461240945383842,45.588827265,I767,_,00010,188
I767__00170.188,8.453158806724346,45.569326915000005,I767,_,00170,188
I767__00160.188,8.446042687777272,45.56980942,I767,_,00160,188
I767__00150.188,8.435039282204368,45.56923316,I767,_,00150,188
I767__00140.188,8.432949967847069,45.5652858,I767,_,00140,188
I767__00120.188,8.411099537310955,45.571617575000005,I767,_,00120,188
I767__00110.188,8.42385223014194,45.57622786,I767,_,00110,188
I767__00080.188,8.439093097427548,45.577239465,I767,_,00080,188
I767__00060.188,8.445119839387193,45.58259074,I767,_,00060,188
I767__00050.188,8.445831032932325,45.586165035,I767,_,00050,188
I767__00040.188,8.449807336225046,45.579540955,I767,_,00040,188
I767__00030.188,8.469943347856857,45.57692716,I767,_,00030,188
I767__00020.188,8.462286443826581,45.581988005,I767,_,00020,188
I767__00010.189,8.461745532607278,45.58856906,I767,_,00010,189
I767__00170.189,8.453011569039742,45.569351615,I767,_,00170,189
I767__00160.189,8.446039062715842,45.569575475,I767,_,00160,189
I767__00140.189,8.430537805128893,45.568388255,I767,_,00140,189
I767__00120.189,8.411193415378666,45.572486295000004,I767,_,00120,189
I767__00110.189,8.424366059335421,45.57656736,I767,_,00110,189
I767__00090.189,8.437833780599451,45.57564942,I767,_,00090,189
I767__00080.189,8.439310709987716,45.577432474999995,I767,_,00080,189
I767__00060.189,8.445300005009756,45.582202165,I767,_,00060,189
I767__00050.189,8.445286307137401,45.585776345,I767,_,00050,189
I767__00030.189,8.468959622669168,45.576728349999996,I767,_,00030,189
I767__00020.189,8.462531444842046,45.58165515,I767,_,00020,189
I767__00010.19,8.45512978348621,45.58833914,I767,_,00010,19
I767__00180.19,8.435088784429416,45.56700854,I767,_,00180,19
I767__00170.19,8.450966917084148,45.575113175,I767,_,00170,19
I767__00160.19,8.441426494234017,45.57510961,I767,_,00160,19
I767__00130.19,8.421379427998598,45.567710840000004,I767,_,00130,19
I767__00120.19,8.414974301346833,45.57418719,I767,_,00120,19
I767__00110.19,8.422288371266234,45.58009578,I767,_,00110,19
I767__00100.19,8.42770520378674,45.581549885,I767,_,00100,19
I767__00090.19,8.436160111316507,45.57604838,I767,_,00090,19
I767__00070.19,8.437772128572536,45.587545829999996,I767,_,00070,19
I767__00060.19,8.441441756525625,45.586612555,I767,_,00060,19
I767__00050.19,8.443394972203496,45.58836019,I767,_,00050,19
I767__00040.19,8.449519770001412,45.583662935,I767,_,00040,19
I767__00030.19,8.46015352410108,45.577413175000004,I767,_,00030,19
I767__00020.19,8.458020600506927,45.58476575,I767,_,00020,19
I767__00010.190,8.461428968832951,45.58855963,I767,_,00010,190
I767__00170.190,8.453258794273058,45.569593665,I767,_,00170,190
I767__00160.190,8.446519920357833,45.56981631,I767,_,00160,190
I767__00140.190,8.428418443758108,45.569885105,I767,_,00140,190
I767__00120.190,8.4113645207002,45.56990854,I767,_,00120,190
I767__00110.190,8.424947351344908,45.57685782,I767,_,00110,190
I767__00060.190,8.4454177984919,45.582648645,I767,_,00060,190
I767__00050.190,8.445000696633599,45.585478675,I767,_,00050,190
I767__00040.190,8.450276793946438,45.580188175,I767,_,00040,190
I767__00030.190,8.468977415254658,45.576658405,I767,_,00030,190
I767__00020.190,8.463299802496039,45.581732775000006,I767,_,00020,190
I767__00010.191,8.46191593197725,45.58831746,I767,_,00010,191
I767__00170.191,8.453317602227713,45.569778174999996,I767,_,00170,191
I767__00160.191,8.447417210238171,45.57031275,I767,_,00160,191
I767__00120.191,8.413653718937674,45.56718272,I767,_,00120,191
I767__00110.191,8.425653828181535,45.57743557,I767,_,00110,191
I767__00100.191,8.433794691927432,45.576190795,I767,_,00100,191
I767__00090.191,8.437712061599477,45.57557431,I767,_,00090,191
I767__00070.191,8.438761754930468,45.579912379999996,I767,_,00070,191
I767__00060.191,8.44475145933194,45.583379300000004,I767,_,00060,191
I767__00050.191,8.444930899396589,45.58528783,I767,_,00050,191
I767__00040.191,8.451219266517146,45.580859270000005,I767,_,00040,191
I767__00030.191,8.46997204014218,45.5768602,I767,_,00030,191
I767__00020.191,8.4636183768155,45.581595075,I767,_,00020,191
I767__00010.192,8.461237493074528,45.58848184,I767,_,00010,192
I767__00170.192,8.453143374498548,45.569715495,I767,_,00170,192
I767__00160.192,8.447547252947217,45.570203320000005,I767,_,00160,192
I767__00150.192,8.433612534931221,45.56891268,I767,_,00150,192
I767__00140.192,8.425709655150992,45.56676274,I767,_,00140,192
I767__00120.192,8.413296272733907,45.57064717,I767,_,00120,192
I767__00110.192,8.425761564959686,45.57649415,I767,_,00110,192
I767__00090.192,8.43715973610717,45.57564378,I767,_,00090,192
I767__00080.192,8.439524459407222,45.577305030000005,I767,_,00080,192
I767__00060.192,8.445620825412089,45.582928965,I767,_,00060,192
I767__00050.192,8.444668092587174,45.585019509999995,I767,_,00050,192
I767__00040.192,8.451127712276222,45.58092700500001,I767,_,00040,192
I767__00030.192,8.470123991580072,45.57681613,I767,_,00030,192
I767__00020.192,8.462634691277088,45.58145521,I767,_,00020,192
I767__00010.193,8.461705593319294,45.58825164,I767,_,00010,193
I767__00170.193,8.452860139221446,45.56942325,I767,_,00170,193
I767__00160.193,8.446301878091008,45.569452240000004,I767,_,00160,193
I767__00150.193,8.43357002431961,45.56871293499999,I767,_,00150,193
I767__00140.193,8.432009964189422,45.575039149999995,I767,_,00140,193
I767__00120.193,8.411736417584736,45.570813135,I767,_,00120,193
I767__00110.193,8.424707062231965,45.57596169,I767,_,00110,193
I767__00100.193,8.433478384739873,45.576027685,I767,_,00100,193
I767__00090.193,8.437327038753676,45.57544697,I767,_,00090,193
I767__00070.193,8.438359335395589,45.579410205,I767,_,00070,193
I767__00060.193,8.445397318701316,45.58319749,I767,_,00060,193
I767__00050.193,8.444997772103164,45.584756285,I767,_,00050,193
I767__00040.193,8.450876229880297,45.580975335000005,I767,_,00040,193
I767__00030.193,8.468983754664627,45.576586055,I767,_,00030,193
I767__00020.193,8.462897947580295,45.58111696,I767,_,00020,193
I767__00010.194,8.46104347990042,45.588409715,I767,_,00010,194
I767__00170.194,8.45276698619276,45.569721625,I767,_,00170,194
I767__00160.194,8.44629310249822,45.56919705,I767,_,00160,194
I767__00150.194,8.433426728814585,45.56866473,I767,_,00150,194
I767__00140.194,8.429878770736513,45.574688120000005,I767,_,00140,194
I767__00120.194,8.412304947982697,45.570261895,I767,_,00120,194
I767__00110.194,8.424799044147253,45.575566565,I767,_,00110,194
I767__00100.194,8.433798840939808,45.577436164999995,I767,_,00100,194
I767__00090.194,8.437296646942432,45.575157375,I767,_,00090,194
I767__00080.194,8.439577034001413,45.577128965,I767,_,00080,194
I767__00070.194,8.437166906717394,45.579119345,I767,_,00070,194
I767__00060.194,8.44530758226432,45.583533195,I767,_,00060,194
I767__00050.194,8.445141994607878,45.58508896,I767,_,00050,194
I767__00040.194,8.45126827276335,45.58126459,I767,_,00040,194
I767__00030.194,8.468594653779284,45.576531720000006,I767,_,00030,194
I767__00020.194,8.463406646452965,45.58118034,I767,_,00020,194
I767__00010.195,8.461614330030088,45.588127545,I767,_,00010,195
I767__00170.195,8.452563601676996,45.569980425,I767,_,00170,195
I767__00160.195,8.446705673581068,45.569514685,I767,_,00160,195
I767__00150.195,8.433215182376767,45.56837621,I767,_,00150,195
I767__00140.195,8.430210084875597,45.574712555,I767,_,00140,195
I767__00120.195,8.411681639774892,45.569924235,I767,_,00120,195
I767__00110.195,8.425123395613898,45.575750385,I767,_,00110,195
I767__00100.195,8.433787387549,45.57736011,I767,_,00100,195
I767__00080.195,8.439641789195559,45.57713941,I767,_,00080,195
I767__00070.195,8.43808715172831,45.579202054999996,I767,_,00070,195
I767__00060.195,8.445485294220049,45.58355089,I767,_,00060,195
I767__00050.195,8.445369416996932,45.58532327,I767,_,00050,195
I767__00040.195,8.450727873353262,45.58101903,I767,_,00040,195
I767__00030.195,8.468180124888729,45.57654235,I767,_,00030,195
I767__00020.195,8.463444266336754,45.58047055,I767,_,00020,195
I767__00010.196,8.460912679724174,45.58832131,I767,_,00010,196
I767__00170.196,8.452119284343947,45.569524189999996,I767,_,00170,196
I767__00160.196,8.447196891318757,45.569903714999995,I767,_,00160,196
I767__00150.196,8.433031080108268,45.568194185,I767,_,00150,196
I767__00120.196,8.412375440887264,45.569919755,I767,_,00120,196
I767__00110.196,8.42559906135621,45.57594401,I767,_,00110,196
I767__00100.196,8.42842748446165,45.580602995,I767,_,00100,196
I767__00080.196,8.439724177506022,45.577125945,I767,_,00080,196
I767__00070.196,8.437899023878598,45.57914499,I767,_,00070,196
I767__00060.196,8.446001159961444,45.583000264999995,I767,_,00060,196
I767__00050.196,8.445637336347493,45.585821015,I767,_,00050,196
I767__00040.196,8.451152989152884,45.58146983,I767,_,00040,196
I767__00030.196,8.468298467247138,45.576202550000005,I767,_,00030,196
I767__00020.196,8.463909154903828,45.580930295,I767,_,00020,196
I767__00010.197,8.461508543539445,45.5880261,I767,_,00010,197
I767__00170.197,8.451907582485227,45.56973934,I767,_,00170,197
I767__00160.197,8.448030566059673,45.570296965,I767,_,00160,197
I767__00120.197,8.410144540202282,45.573378785,I767,_,00120,197
I767__00110.197,8.426997060334687,45.575652935,I767,_,00110,197
I767__00100.197,8.430668647110807,45.57818206,I767,_,00100,197
I767__00090.197,8.437392074538167,45.575047055,I767,_,00090,197
I767__00050.197,8.445791091490047,45.58562148,I767,_,00050,197
I767__00040.197,8.451381040441717,45.5816293,I767,_,00040,197
I767__00030.197,8.467615407850474,45.576305239999996,I767,_,00030,197
I767__00020.197,8.464543217593985,45.580758195,I767,_,00020,197
I767__00010.198,8.460786254209278,45.588053970000004,I767,_,00010,198
I767__00170.198,8.452216797985727,45.56996087,I767,_,00170,198
I767__00160.198,8.448226560287125,45.57033156,I767,_,00160,198
I767__00140.198,8.432225813026577,45.573687215,I767,_,00140,198
I767__00120.198,8.409760230346386,45.573268505,I767,_,00120,198
I767__00110.198,8.426385689262247,45.575654605,I767,_,00110,198
I767__00090.198,8.437494242796951,45.575168930000004,I767,_,00090,198
I767__00060.198,8.44602825164548,45.583269869999995,I767,_,00060,198
I767__00050.198,8.446185102076477,45.58560578,I767,_,00050,198
I767__00040.198,8.451849628594713,45.58168651,I767,_,00040,198
I767__00030.198,8.46732592794487,45.576305239999996,I767,_,00030,198
I767__00020.198,8.464371183036809,45.58053038,I767,_,00020,198
I767__00010.199,8.461368062387848,45.58775079,I767,_,00010,199
I767__00170.199,8.451744432014046,45.569756665,I767,_,00170,199
I767__00160.199,8.447673333106641,45.569893335,I767,_,00160,199
I767__00150.199,8.434763931823078,45.568332315,I767,_,00150,199
I767__00120.199,8.415401380505482,45.571353224999996,I767,_,00120,199
I767__00110.199,8.426290484095803,45.57553278,I767,_,00110,199
I767__00080.199,8.439744200246466,45.577061135,I767,_,00080,199
I767__00060.199,8.44554209390687,45.583724615,I767,_,00060,199
I767__00050.199,8.445585434165515,45.58513211,I767,_,00050,199
I767__00040.199,8.451894179976835,45.581541924999996,I767,_,00040,199
I767__00030.199,8.466778075547538,45.576038249999996,I767,_,00030,199
I767__00020.199,8.464272222298948,45.580441765,I767,_,00020,199
I767__00010.2,8.45608579027488,45.591448565,I767,_,00010,2
I767__00180.2,8.426808893778754,45.56341616,I767,_,00180,2
I767__00170.2,8.449969043710514,45.57603025,I767,_,00170,2
I767__00150.2,8.432366674788552,45.5746661,I767,_,00150,2
I767__00140.2,8.426823876121128,45.575076010000004,I767,_,00140,2
I767__00130.2,8.417096237707568,45.56582138,I767,_,00130,2
I767__00120.2,8.410444242525596,45.571695180000006,I767,_,00120,2
I767__00110.2,8.41914415537426,45.57985185,I767,_,00110,2
I767__00100.2,8.424621991082084,45.579546955,I767,_,00100,2
I767__00090.2,8.435447675744312,45.576350715000004,I767,_,00090,2
I767__00060.2,8.438743280797228,45.588335065,I767,_,00060,2
I767__00050.2,8.442012938727157,45.588234305,I767,_,00050,2
I767__00040.2,8.448722897336943,45.58311205,I767,_,00040,2
I767__00030.2,8.459765085128861,45.579932825,I767,_,00030,2
I767__00020.2,8.456300372425524,45.58542921,I767,_,00020,2
I767__00010.20,8.455359834734363,45.588518425000004,I767,_,00010,20
I767__00180.20,8.433606063504529,45.56621614,I767,_,00180,20
I767__00170.20,8.451195067878071,45.57521749,I767,_,00170,20
I767__00160.20,8.441111289312339,45.57498180499999,I767,_,00160,20
I767__00130.20,8.421958724765101,45.568101330000005,I767,_,00130,20
I767__00120.20,8.415344820213853,45.57535223,I767,_,00120,20
I767__00110.20,8.422691018539926,45.57996284,I767,_,00110,20
I767__00100.20,8.427556502369939,45.580806765000005,I767,_,00100,20
I767__00070.20,8.438209935857724,45.587690855,I767,_,00070,20
I767__00060.20,8.44124208129266,45.58671743,I767,_,00060,20
I767__00050.20,8.443509588334885,45.588515439999995,I767,_,00050,20
I767__00040.20,8.449550438497862,45.58340372,I767,_,00040,20
I767__00030.20,8.460442231520796,45.577876005,I767,_,00030,20
I767__00020.20,8.458225520971968,45.58465574,I767,_,00020,20
I767__00010.200,8.460862734760658,45.58766205,I767,_,00010,200
I767__00170.200,8.451505232191717,45.569961725,I767,_,00170,200
I767__00160.200,8.447793400443542,45.56966845,I767,_,00160,200
I767__00150.200,8.435092162806495,45.56849676,I767,_,00150,200
I767__00140.200,8.431911985861419,45.573018590000004,I767,_,00140,200
I767__00120.200,8.412661191066931,45.5688265,I767,_,00120,200
I767__00110.200,8.426249181342545,45.57539033,I767,_,00110,200
I767__00070.200,8.437357500506835,45.578820945000004,I767,_,00070,200
I767__00060.200,8.445540358810021,45.583886285000006,I767,_,00060,200
I767__00050.200,8.445855248292336,45.58510489,I767,_,00050,200
I767__00040.200,8.451862828681149,45.581425695,I767,_,00040,200
I767__00030.200,8.466801495614618,45.575778935,I767,_,00030,200
I767__00020.200,8.46421354544996,45.58031415,I767,_,00020,200
I767__00010.201,8.461716363793023,45.58763399,I767,_,00010,201
I767__00170.201,8.451739917465375,45.5701089,I767,_,00170,201
I767__00160.201,8.44804547952986,45.56958558,I767,_,00160,201
I767__00150.201,8.435438820644343,45.56866238,I767,_,00150,201
I767__00120.201,8.413157977482633,45.568790915,I767,_,00120,201
I767__00110.201,8.426007361589178,45.575417709999996,I767,_,00110,201
I767__00100.201,8.428174577152019,45.577819059999996,I767,_,00100,201
I767__00080.201,8.439594092458243,45.57702972,I767,_,00080,201
I767__00070.201,8.43668889459085,45.578955835,I767,_,00070,201
I767__00060.201,8.445510782975052,45.58395943,I767,_,00060,201
I767__00050.201,8.446131516023385,45.585172365000005,I767,_,00050,201
I767__00040.201,8.451512727119358,45.581138055,I767,_,00040,201
I767__00030.201,8.466789992930906,45.575347525,I767,_,00030,201
I767__00020.201,8.464476082852823,45.58726883,I767,_,00020,201
I767__00010.202,8.462116320322146,45.587652250000005,I767,_,00010,202
I767__00170.202,8.451247181101767,45.57021443,I767,_,00170,202
I767__00160.202,8.446606530377355,45.568833005,I767,_,00160,202
I767__00150.202,8.435797854323102,45.568834554999995,I767,_,00150,202
I767__00140.202,8.425514577207041,45.56766657,I767,_,00140,202
I767__00110.202,8.425703295856092,45.575478485000005,I767,_,00110,202
I767__00100.202,8.428060363736368,45.57763912,I767,_,00100,202
I767__00060.202,8.446145340255924,45.58334747,I767,_,00060,202
I767__00050.202,8.445729201148154,45.584771275,I767,_,00050,202
I767__00040.202,8.451951062640628,45.581363715,I767,_,00040,202
I767__00030.202,8.465826743723326,45.57540412,I767,_,00030,202
I767__00020.202,8.465717118853721,45.58750898,I767,_,00020,202
I767__00010.203,8.462482654684377,45.587681625,I767,_,00010,203
I767__00170.203,8.451385613009062,45.57062623,I767,_,00170,203
I767__00160.203,8.44675909233746,45.568627675,I767,_,00160,203
I767__00150.203,8.436110724628422,45.56888012,I767,_,00150,203
I767__00140.203,8.425730637716843,45.567775435,I767,_,00140,203
I767__00110.203,8.426024803054577,45.575107355,I767,_,00110,203
I767__00090.203,8.43769303539694,45.57534536,I767,_,00090,203
I767__00080.203,8.439519726728083,45.576981950000004,I767,_,00080,203
I767__00060.203,8.446347606392054,45.58330564,I767,_,00060,203
I767__00050.203,8.445312183601803,45.584517125,I767,_,00050,203
I767__00040.203,8.451963449561074,45.582033325,I767,_,00040,203
I767__00030.203,8.465746453843565,45.575841165,I767,_,00030,203
I767__00020.203,8.465495872415898,45.58725543,I767,_,00020,203
I767__00010.204,8.46279961913148,45.588131345,I767,_,00010,204
I767__00170.204,8.451917361658465,45.571065255,I767,_,00170,204
I767__00160.204,8.446889748721148,45.5684873,I767,_,00160,204
I767__00150.204,8.436608902333912,45.568927805,I767,_,00150,204
I767__00140.204,8.429644064258518,45.570039225,I767,_,00140,204
I767__00110.204,8.425678187871963,45.575198459999996,I767,_,00110,204
I767__00080.204,8.439608726860829,45.577003000000005,I767,_,00080,204
I767__00060.204,8.446413522723619,45.58345457,I767,_,00060,204
I767__00050.204,8.445487958066677,45.584278305,I767,_,00050,204
I767__00040.204,8.45222446358629,45.582211535,I767,_,00040,204
I767__00030.204,8.465879670174719,45.576117655,I767,_,00030,204
I767__00020.204,8.464766573709397,45.58699633,I767,_,00020,204
I767__00010.205,8.462656080701098,45.58846826,I767,_,00010,205
I767__00170.205,8.452046197130784,45.571318489999996,I767,_,00170,205
I767__00160.205,8.447722750024928,45.569083115,I767,_,00160,205
I767__00150.205,8.436813335159622,45.569028075000006,I767,_,00150,205
I767__00140.205,8.427495649193359,45.568740315,I767,_,00140,205
I767__00120.205,8.414227379132743,45.56942775,I767,_,00120,205
I767__00110.205,8.425123370725345,45.57491937,I767,_,00110,205
I767__00100.205,8.429539811699058,45.58132915,I767,_,00100,205
I767__00090.205,8.437674425264728,45.57516073,I767,_,00090,205
I767__00080.205,8.440428900081596,45.576173795,I767,_,00080,205
I767__00070.205,8.438609200411625,45.57898092000001,I767,_,00070,205
I767__00050.205,8.44569696123617,45.584544965,I767,_,00050,205
I767__00040.205,8.452192252427398,45.582477125,I767,_,00040,205
I767__00030.205,8.465179342389984,45.576141235,I767,_,00030,205
I767__00020.205,8.464673327857344,45.586759655,I767,_,00020,205
I767__00010.206,8.463149514723888,45.589437634999996,I767,_,00010,206
I767__00170.206,8.45115920832759,45.570731195,I767,_,00170,206
I767__00160.206,8.44825004136193,45.569036139999994,I767,_,00160,206
I767__00150.206,8.436977763133143,45.569242599999995,I767,_,00150,206
I767__00140.206,8.430641000231663,45.568503074999995,I767,_,00140,206
I767__00110.206,8.4246167146723,45.574948405,I767,_,00110,206
I767__00100.206,8.429820811990215,45.580984935000004,I767,_,00100,206
I767__00060.206,8.446964569586726,45.58322,I767,_,00060,206
I767__00050.206,8.44589509859334,45.58445913,I767,_,00050,206
I767__00040.206,8.452399537141615,45.58228463,I767,_,00040,206
I767__00030.206,8.464222044189135,45.57593059,I767,_,00030,206
I767__00020.206,8.464383875641326,45.586833675,I767,_,00020,206
I767__00010.207,8.46363664934279,45.589429734999996,I767,_,00010,207
I767__00170.207,8.451021719272765,45.57082071,I767,_,00170,207
I767__00160.207,8.448140615252278,45.568838075,I767,_,00160,207
I767__00150.207,8.437750829531229,45.569345940000005,I767,_,00150,207
I767__00140.207,8.429390266534952,45.568324125,I767,_,00140,207
I767__00110.207,8.42385157235989,45.574574375,I767,_,00110,207
I767__00100.207,8.429648321381968,45.578710975,I767,_,00100,207
I767__00060.207,8.446484651150577,45.583682035,I767,_,00060,207
I767__00050.207,8.445704124482322,45.584188895,I767,_,00050,207
I767__00040.207,8.453204145096114,45.582200195,I767,_,00040,207
I767__00030.207,8.464344591820952,45.575390475,I767,_,00030,207
I767__00020.207,8.465982905260088,45.58707924,I767,_,00020,207
I767__00010.208,8.463444527660588,45.589057804999996,I767,_,00010,208
I767__00170.208,8.451547020179255,45.571169409999996,I767,_,00170,208
I767__00160.208,8.448857527856237,45.568911345000004,I767,_,00160,208
I767__00140.208,8.427655481618999,45.565948750000004,I767,_,00140,208
I767__00110.208,8.424109220227951,45.574220015,I767,_,00110,208
I767__00100.208,8.428907992251329,45.578320745,I767,_,00100,208
I767__00060.208,8.446542995706128,45.58408977,I767,_,00060,208
I767__00050.208,8.446027222141549,45.584069745,I767,_,00050,208
I767__00040.208,8.452789242114232,45.58256919,I767,_,00040,208
I767__00030.208,8.46291535503141,45.575592105,I767,_,00030,208
I767__00020.208,8.465970035257454,45.586970910000005,I767,_,00020,208
I767__00010.209,8.463609584209076,45.58893311,I767,_,00010,209
I767__00170.209,8.451642855575908,45.571415545,I767,_,00170,209
I767__00160.209,8.449627636503948,45.56939601,I767,_,00160,209
I767__00150.209,8.439917278031855,45.570507935,I767,_,00150,209
I767__00140.209,8.4273548617546,45.574218419999994,I767,_,00140,209
I767__00110.209,8.424526123026716,45.57441059,I767,_,00110,209
I767__00100.209,8.428558394823275,45.57707728,I767,_,00100,209
I767__00060.209,8.446794310829763,45.58437764,I767,_,00060,209
I767__00050.209,8.446288307691386,45.58440849,I767,_,00050,209
I767__00040.209,8.453143645542543,45.582589,I767,_,00040,209
I767__00030.209,8.465030515917512,45.574016119999996,I767,_,00030,209
I767__00020.209,8.465864575823229,45.586877905,I767,_,00020,209
I767__00010.21,8.455306236019238,45.588205895,I767,_,00010,21
I767__00180.21,8.434793189670067,45.565939525000005,I767,_,00180,21
I767__00170.21,8.451144920358054,45.57539173000001,I767,_,00170,21
I767__00160.21,8.440775970255544,45.574927265,I767,_,00160,21
I767__00130.21,8.422500075378984,45.568228184999995,I767,_,00130,21
I767__00120.21,8.416243240110138,45.57562929,I767,_,00120,21
I767__00110.21,8.423339137709648,45.58001414,I767,_,00110,21
I767__00100.21,8.42766211867557,45.58085695,I767,_,00100,21
I767__00070.21,8.438222365941217,45.587528199999994,I767,_,00070,21
I767__00060.21,8.441005116344602,45.586799585,I767,_,00060,21
I767__00050.21,8.44362359346201,45.58864203,I767,_,00050,21
I767__00040.21,8.4498135255133,45.58331551,I767,_,00040,21
I767__00030.21,8.460504270983542,45.5781058,I767,_,00030,21
I767__00020.21,8.457682634541259,45.58447033,I767,_,00020,21
I767__00010.210,8.463601955440737,45.588632204999996,I767,_,00010,210
I767__00170.210,8.450889575365172,45.57091292,I767,_,00170,210
I767__00160.210,8.450017235208344,45.56908328,I767,_,00160,210
I767__00140.210,8.42835853731661,45.574926835,I767,_,00140,210
I767__00110.210,8.424851681108752,45.574555520000004,I767,_,00110,210
I767__00100.210,8.428383316269983,45.57702082,I767,_,00100,210
I767__00070.210,8.436913378629072,45.578023200000004,I767,_,00070,210
I767__00060.210,8.447082449654527,45.58426025,I767,_,00060,210
I767__00050.210,8.445959962204686,45.584647520000004,I767,_,00050,210
I767__00040.210,8.453317968601382,45.582341285,I767,_,00040,210
I767__00030.210,8.464823581449311,45.575000325000005,I767,_,00030,210
I767__00020.210,8.466075802122155,45.586846925,I767,_,00020,210
I767__00010.211,8.463543411269654,45.588409670000004,I767,_,00010,211
I767__00170.211,8.45070000785405,45.570980425,I767,_,00170,211
I767__00160.211,8.45026434732192,45.568873395,I767,_,00160,211
I767__00150.211,8.438909003341085,45.570057355,I767,_,00150,211
I767__00110.211,8.42324953021078,45.573761055000006,I767,_,00110,211
I767__00100.211,8.430127307199733,45.57757312,I767,_,00100,211
I767__00090.211,8.437912247583458,45.575348505,I767,_,00090,211
I767__00080.211,8.439517244091299,45.57682052,I767,_,00080,211
I767__00060.211,8.446781283450889,45.583963385000004,I767,_,00060,211
I767__00050.211,8.446353989132477,45.58510669,I767,_,00050,211
I767__00040.211,8.453415515570123,45.58249436,I767,_,00040,211
I767__00030.211,8.46499523742406,45.574691975,I767,_,00030,211
I767__00020.211,8.466391973853131,45.586839475000005,I767,_,00020,211
I767__00010.212,8.46337210077003,45.588095945,I767,_,00010,212
I767__00170.212,8.451440313276176,45.57145867,I767,_,00170,212
I767__00160.212,8.450573014457705,45.568557705,I767,_,00160,212
I767__00150.212,8.439087677853452,45.5699219,I767,_,00150,212
I767__00110.212,8.424165867684653,45.573206029999994,I767,_,00110,212
I767__00100.212,8.43187981785097,45.57722132,I767,_,00100,212
I767__00090.212,8.437923746505241,45.57535287,I767,_,00090,212
I767__00080.212,8.440587139866622,45.57614327,I767,_,00080,212
I767__00070.212,8.43596913089289,45.57800227,I767,_,00070,212
I767__00060.212,8.44714288546794,45.583865935,I767,_,00060,212
I767__00050.212,8.446493490227263,45.584975310000004,I767,_,00050,212
I767__00030.212,8.465038527005104,45.574552235,I767,_,00030,212
I767__00020.212,8.466126758389937,45.586679950000004,I767,_,00020,212
I767__00010.213,8.463996452656373,45.588222470000005,I767,_,00010,213
I767__00170.213,8.450546063174473,45.571769925,I767,_,00170,213
I767__00160.213,8.449422644210205,45.568106475,I767,_,00160,213
I767__00150.213,8.438980612119533,45.569594745,I767,_,00150,213
I767__00110.213,8.424265602325224,45.572939815,I767,_,00110,213
I767__00100.213,8.43191367285053,45.57705091,I767,_,00100,213
I767__00090.213,8.437962249092777,45.575309375,I767,_,00090,213
I767__00070.213,8.43271112838589,45.587408249999996,I767,_,00070,213
I767__00060.213,8.447451337007656,45.58413232,I767,_,00060,213
I767__00050.213,8.446801720053816,45.5848557,I767,_,00050,213
I767__00040.213,8.45352644285909,45.58256,I767,_,00040,213
I767__00030.213,8.465068452033096,45.574451839999995,I767,_,00030,213
I767__00020.213,8.466226400702222,45.58658235,I767,_,00020,213
I767__00010.214,8.4640806681446,45.587824174999994,I767,_,00010,214
I767__00170.214,8.451103337532928,45.571938235,I767,_,00170,214
I767__00160.214,8.449336562679015,45.56826214,I767,_,00160,214
I767__00150.214,8.439695320860604,45.56983572,I767,_,00150,214
I767__00110.214,8.424022509446445,45.572933305,I767,_,00110,214
I767__00100.214,8.426159232553378,45.58083035,I767,_,00100,214
I767__00090.214,8.437832530899197,45.575504175,I767,_,00090,214
I767__00070.214,8.435800681018161,45.58522801,I767,_,00070,214
I767__00060.214,8.447627870634106,45.584033725,I767,_,00060,214
I767__00050.214,8.44695520419407,45.585484,I767,_,00050,214
I767__00040.214,8.453623097725583,45.582390455,I767,_,00040,214
I767__00030.214,8.465095048332241,45.574299835000005,I767,_,00030,214
I767__00020.214,8.466118789994628,45.586466915,I767,_,00020,214
I767__00010.215,8.464435447789246,45.58786531,I767,_,00010,215
I767__00170.215,8.45198376560319,45.572161395,I767,_,00170,215
I767__00160.215,8.448686389907929,45.568091685,I767,_,00160,215
I767__00140.215,8.432735577284511,45.575371475,I767,_,00140,215
I767__00110.215,8.423574596234069,45.57302301,I767,_,00110,215
I767__00100.215,8.426652799476958,45.580730345,I767,_,00100,215
I767__00090.215,8.437907178940513,45.575538105,I767,_,00090,215
I767__00080.215,8.439372439610867,45.576722235000005,I767,_,00080,215
I767__00070.215,8.435848004342972,45.584377655,I767,_,00070,215
I767__00060.215,8.4472112205633,45.58371236,I767,_,00060,215
I767__00050.215,8.44649892164324,45.58588381,I767,_,00050,215
I767__00040.215,8.45387922342568,45.582256305,I767,_,00040,215
I767__00030.215,8.465339399380657,45.574898925,I767,_,00030,215
I767__00020.215,8.465977991036283,45.586342435000006,I767,_,00020,215
I767__00010.216,8.463182625946153,45.592415305,I767,_,00010,216
I767__00170.216,8.452333125156827,45.571636185,I767,_,00170,216
I767__00160.216,8.448967155459238,45.568390465,I767,_,00160,216
I767__00140.216,8.432068324065886,45.575345885000004,I767,_,00140,216
I767__00110.216,8.422926524441245,45.573868445,I767,_,00110,216
I767__00080.216,8.439173765558039,45.57665634,I767,_,00080,216
I767__00060.216,8.447523591761716,45.583779765,I767,_,00060,216
I767__00050.216,8.446982541971757,45.585788105,I767,_,00050,216
I767__00040.216,8.454107281148826,45.58249261,I767,_,00040,216
I767__00030.216,8.465653231074922,45.574916785,I767,_,00030,216
I767__00020.216,8.46500699210263,45.585961485,I767,_,00020,216
I767__00010.217,8.46341759083604,45.592172985000005,I767,_,00010,217
I767__00170.217,8.4529000693448,45.571535475000005,I767,_,00170,217
I767__00160.217,8.449289898363517,45.568682005,I767,_,00160,217
I767__00150.217,8.440264735294729,45.570385650000006,I767,_,00150,217
I767__00110.217,8.422805501783365,45.57428434,I767,_,00110,217
I767__00080.217,8.439377354053601,45.576519945,I767,_,00080,217
I767__00070.217,8.432467659240913,45.581829944999996,I767,_,00070,217
I767__00060.217,8.447823682988906,45.584014795,I767,_,00060,217
I767__00050.217,8.447053262297217,45.586201855,I767,_,00050,217
I767__00040.217,8.454669750334347,45.5829804,I767,_,00040,217
I767__00030.217,8.46620711064782,45.575040875,I767,_,00030,217
I767__00020.217,8.465641571505909,45.5861386,I767,_,00020,217
I767__00010.218,8.463817043978132,45.59200496,I767,_,00010,218
I767__00170.218,8.45240014170373,45.57108015,I767,_,00170,218
I767__00160.218,8.449136630711735,45.56867942,I767,_,00160,218
I767__00150.218,8.440206798181524,45.569354025,I767,_,00150,218
I767__00110.218,8.42200263540969,45.574008750000004,I767,_,00110,218
I767__00100.218,8.43114278726453,45.580139625,I767,_,00100,218
I767__00080.218,8.439434073590842,45.576314885,I767,_,00080,218
I767__00060.218,8.447888917766697,45.58388416,I767,_,00060,218
I767__00050.218,8.447430213625648,45.585572525,I767,_,00050,218
I767__00040.218,8.455147786729299,45.583086105,I767,_,00040,218
I767__00030.218,8.466735808915505,45.574978935000004,I767,_,00030,218
I767__00020.218,8.466267999294939,45.58622589,I767,_,00020,218
I767__00010.219,8.463714844264715,45.59187086,I767,_,00010,219
I767__00170.219,8.452171896706805,45.570980645,I767,_,00170,219
I767__00160.219,8.44907504319865,45.56874279,I767,_,00160,219
I767__00150.219,8.439974309717387,45.569386034999994,I767,_,00150,219
I767__00110.219,8.422184636785968,45.57322667,I767,_,00110,219
I767__00080.219,8.440727668397908,45.57565118,I767,_,00080,219
I767__00070.219,8.428667403621972,45.58360111499999,I767,_,00070,219
I767__00060.219,8.4475623443299,45.583709595,I767,_,00060,219
I767__00050.219,8.447692008316809,45.585778005,I767,_,00050,219
I767__00040.219,8.455138391748779,45.58288717,I767,_,00040,219
I767__00030.219,8.467018005327986,45.574907214999996,I767,_,00030,219
I767__00020.219,8.466896112657782,45.586355975000004,I767,_,00020,219
I767__00010.22,8.455633817217745,45.58833147,I767,_,00010,22
I767__00180.22,8.436528213207342,45.563605795,I767,_,00180,22
I767__00170.22,8.451672506827357,45.575206664999996,I767,_,00170,22
I767__00150.22,8.435178773799715,45.575695190000005,I767,_,00150,22
I767__00130.22,8.42214350976705,45.568705635,I767,_,00130,22
I767__00120.22,8.415259693111508,45.575066765,I767,_,00120,22
I767__00110.22,8.422273695015917,45.579565605,I767,_,00110,22
I767__00100.22,8.42756497839936,45.581673304999995,I767,_,00100,22
I767__00070.22,8.437593288127928,45.5873546,I767,_,00070,22
I767__00060.22,8.440732318541517,45.586779105000005,I767,_,00060,22
I767__00050.22,8.44384975138793,45.58875698,I767,_,00050,22
I767__00040.22,8.449805422005259,45.58352092,I767,_,00040,22
I767__00030.22,8.460863264189047,45.577750605,I767,_,00030,22
I767__00020.22,8.458917655162,45.584368409999996,I767,_,00020,22
I767__00010.220,8.46455803253082,45.592041355000006,I767,_,00010,220
I767__00170.220,8.451998036687069,45.570924070000004,I767,_,00170,220
I767__00160.220,8.448000928067916,45.568337424999996,I767,_,00160,220
I767__00150.220,8.439756581106558,45.56949021,I767,_,00150,220
I767__00110.220,8.422559987447912,45.573517615,I767,_,00110,220
I767__00090.220,8.438228384928344,45.575345999999996,I767,_,00090,220
I767__00060.220,8.447434833462319,45.58353631,I767,_,00060,220
I767__00050.220,8.447735778773595,45.58604157,I767,_,00050,220
I767__00040.220,8.45455268749425,45.582770095,I767,_,00040,220
I767__00030.220,8.467420661418103,45.575238195,I767,_,00030,220
I767__00020.220,8.466982572320376,45.586093274999996,I767,_,00020,220
I767__00010.221,8.463629863416958,45.591653865,I767,_,00010,221
I767__00170.221,8.451654175899412,45.57056869,I767,_,00170,221
I767__00160.221,8.448140789156103,45.56821325,I767,_,00160,221
I767__00150.221,8.439639206852984,45.56952162,I767,_,00150,221
I767__00140.221,8.4242632678001,45.569763280000004,I767,_,00140,221
I767__00110.221,8.422853775212136,45.573282995,I767,_,00110,221
I767__00060.221,8.447965616878598,45.5837906,I767,_,00060,221
I767__00050.221,8.447822347654771,45.586078445,I767,_,00050,221
I767__00040.221,8.454625828043227,45.582613385,I767,_,00040,221
I767__00030.221,8.46765941394173,45.57535758,I767,_,00030,221
I767__00020.221,8.466284631959113,45.58597345,I767,_,00020,221
I767__00010.222,8.46367162306306,45.59151874,I767,_,00010,222
I767__00170.222,8.451797829645209,45.57055673,I767,_,00170,222
I767__00160.222,8.448258718968006,45.5681273,I767,_,00160,222
I767__00150.222,8.439914037737484,45.569148305,I767,_,00150,222
I767__00140.222,8.428693032873745,45.569770675,I767,_,00140,222
I767__00110.222,8.42313122100346,45.572907275,I767,_,00110,222
I767__00090.222,8.437916655224456,45.575573235,I767,_,00090,222
I767__00080.222,8.439725872350063,45.57668083,I767,_,00080,222
I767__00070.222,8.43701133031854,45.579391380000004,I767,_,00070,222
I767__00060.222,8.44807776110336,45.58344639,I767,_,00060,222
I767__00050.222,8.447893047950199,45.586050244999996,I767,_,00050,222
I767__00040.222,8.45514286168314,45.58273807,I767,_,00040,222
I767__00030.222,8.46789679872554,45.57549992,I767,_,00030,222
I767__00020.222,8.465697223785176,45.585855655,I767,_,00020,222
I767__00010.223,8.464594701607966,45.591702264999995,I767,_,00010,223
I767__00170.223,8.451981144088734,45.570273235,I767,_,00170,223
I767__00160.223,8.447732806442016,45.567942595,I767,_,00160,223
I767__00150.223,8.439513508594182,45.569478925,I767,_,00150,223
I767__00140.223,8.432622145857128,45.57202873,I767,_,00140,223
I767__00110.223,8.423679051193796,45.572606245,I767,_,00110,223
I767__00070.223,8.437884819666273,45.581770235,I767,_,00070,223
I767__00060.223,8.447608002360148,45.583289445000005,I767,_,00060,223
I767__00050.223,8.448063258741733,45.585943875,I767,_,00050,223
I767__00040.223,8.45515405667197,45.582538529999994,I767,_,00040,223
I767__00030.223,8.46838515149879,45.575860365,I767,_,00030,223
I767__00020.223,8.465110114037323,45.58572902,I767,_,00020,223
I767__00010.224,8.46417006040874,45.5915118,I767,_,00010,224
I767__00170.224,8.452539547838203,45.571034555,I767,_,00170,224
I767__00160.224,8.447944553416272,45.567737185,I767,_,00160,224
I767__00150.224,8.439577839087649,45.569091865000004,I767,_,00150,224
I767__00110.224,8.423430605230948,45.57248905,I767,_,00110,224
I767__00070.224,8.43890698100891,45.579676750000004,I767,_,00070,224
I767__00060.224,8.447557678274421,45.5827734,I767,_,00060,224
I767__00050.224,8.448238950027653,45.585892535,I767,_,00050,224
I767__00040.224,8.454714567205993,45.582439535,I767,_,00040,224
I767__00030.224,8.468667260357893,45.575914780000005,I767,_,00030,224
I767__00020.224,8.466030699456468,45.58562805,I767,_,00020,224
I767__00010.225,8.46374290945408,45.591359825,I767,_,00010,225
I767__00170.225,8.45243871472098,45.57072707499999,I767,_,00170,225
I767__00160.225,8.448206000763623,45.56765054,I767,_,00160,225
I767__00150.225,8.438775261422833,45.56885498,I767,_,00150,225
I767__00140.225,8.426869596986208,45.57461762,I767,_,00140,225
I767__00110.225,8.423042475172679,45.572351585,I767,_,00110,225
I767__00080.225,8.439740681409408,45.576609274999996,I767,_,00080,225
I767__00060.225,8.447875088440835,45.582464125,I767,_,00060,225
I767__00050.225,8.448230192687394,45.586076965000004,I767,_,00050,225
I767__00040.225,8.454768153565286,45.582371725,I767,_,00040,225
I767__00030.225,8.470496626299404,45.576702014999995,I767,_,00030,225
I767__00020.225,8.466953713606514,45.58582756,I767,_,00020,225
I767__00010.226,8.46403946174871,45.591312955,I767,_,00010,226
I767__00170.226,8.45313234296809,45.571340125,I767,_,00170,226
I767__00160.226,8.447761741197152,45.567437485,I767,_,00160,226
I767__00150.226,8.438125968608139,45.568653035,I767,_,00150,226
I767__00140.226,8.432656063339596,45.576325225000005,I767,_,00140,226
I767__00110.226,8.422803514047526,45.572338875,I767,_,00110,226
I767__00070.226,8.427763080708186,45.586370985,I767,_,00070,226
I767__00060.226,8.448114183445373,45.581616845,I767,_,00060,226
I767__00050.226,8.448086973813464,45.586392785,I767,_,00050,226
I767__00040.226,8.455167881946577,45.582456465,I767,_,00040,226
I767__00030.226,8.469830678259619,45.576362435,I767,_,00030,226
I767__00020.226,8.467403143445331,45.585611490000005,I767,_,00020,226
I767__00010.227,8.463753129565863,45.59104464,I767,_,00010,227
I767__00170.227,8.453202599936489,45.571173134999995,I767,_,00170,227
I767__00160.227,8.447322324622716,45.567213675,I767,_,00160,227
I767__00150.227,8.43770567071469,45.568526524999996,I767,_,00150,227
I767__00110.227,8.422315252520379,45.57211337,I767,_,00110,227
I767__00100.227,8.425398187637315,45.578859300000005,I767,_,00100,227
I767__00090.227,8.43835666131935,45.575472605,I767,_,00090,227
I767__00080.227,8.439931774474426,45.57653352,I767,_,00080,227
I767__00070.227,8.437809000135282,45.578769550000004,I767,_,00070,227
I767__00060.227,8.447677900217418,45.58140765,I767,_,00060,227
I767__00050.227,8.447950466536788,45.58642217,I767,_,00050,227
I767__00040.227,8.45518781566782,45.582371574999996,I767,_,00040,227
I767__00030.227,8.46924645055176,45.575963125,I767,_,00030,227
I767__00020.227,8.46710112679486,45.585440500000004,I767,_,00020,227
I767__00010.228,8.464676128440397,45.59122743,I767,_,00010,228
I767__00170.228,8.453363880800502,45.571142025,I767,_,00170,228
I767__00160.228,8.447171152067572,45.566726724999995,I767,_,00160,228
I767__00150.228,8.437434347070125,45.568429464999994,I767,_,00150,228
I767__00140.228,8.427508544680201,45.57278388,I767,_,00140,228
I767__00110.228,8.421572463215053,45.572538345,I767,_,00110,228
I767__00100.228,8.42960673814321,45.577314945,I767,_,00100,228
I767__00060.228,8.447273152199143,45.5813592,I767,_,00060,228
I767__00050.228,8.447822532107569,45.586775755000005,I767,_,00050,228
I767__00040.228,8.454784161422747,45.58228813,I767,_,00040,228
I767__00030.228,8.470333220639546,45.579505295000004,I767,_,00030,228
I767__00020.228,8.466772879120745,45.585359445,I767,_,00020,228
I767__00010.229,8.463809701231398,45.590775595,I767,_,00010,229
I767__00170.229,8.45244635692948,45.570384970000006,I767,_,00170,229
I767__00160.229,8.446772522979145,45.567023324999994,I767,_,00160,229
I767__00150.229,8.437208962739343,45.56834066,I767,_,00150,229
I767__00140.229,8.432026498953611,45.573857614999994,I767,_,00140,229
I767__00110.229,8.421507939894962,45.57207927,I767,_,00110,229
I767__00070.229,8.438067324314208,45.57882456,I767,_,00070,229
I767__00060.229,8.44814726755543,45.581851505,I767,_,00060,229
I767__00050.229,8.447924387041077,45.58694243,I767,_,00050,229
I767__00040.229,8.454117039177731,45.582094409999996,I767,_,00040,229
I767__00030.229,8.470914050165518,45.57963951,I767,_,00030,229
I767__00020.229,8.466165704422046,45.58544718,I767,_,00020,229
I767__00010.23,8.455269815093011,45.588873865,I767,_,00010,23
I767__00180.23,8.437304475856124,45.56424317,I767,_,00180,23
I767__00170.23,8.450946252945005,45.574919054999995,I767,_,00170,23
I767__00160.23,8.442067079490304,45.574536140000006,I767,_,00160,23
I767__00150.23,8.435432804140287,45.575737919999995,I767,_,00150,23
I767__00140.23,8.43226915848806,45.576643399999995,I767,_,00140,23
I767__00130.23,8.42154669958394,45.568538375,I767,_,00130,23
I767__00120.23,8.415327705315015,45.574910994999996,I767,_,00120,23
I767__00110.23,8.421102408666181,45.578772435000005,I767,_,00110,23
I767__00100.23,8.428540485762031,45.58132506,I767,_,00100,23
I767__00090.23,8.435854003562547,45.575978500000005,I767,_,00090,23
I767__00070.23,8.436452173079173,45.586910665000005,I767,_,00070,23
I767__00060.23,8.44012869048813,45.586728335000004,I767,_,00060,23
I767__00050.23,8.443665101869188,45.58753635,I767,_,00050,23
I767__00040.23,8.449639041070881,45.583966700000005,I767,_,00040,23
I767__00030.23,8.460874335343147,45.577445505,I767,_,00030,23
I767__00020.23,8.45890690220591,45.585744704999996,I767,_,00020,23
I767__00010.230,8.464728347670919,45.59095724,I767,_,00010,230
I767__00170.230,8.452800306017085,45.570321865,I767,_,00170,230
I767__00160.230,8.446444209775017,45.567210180000004,I767,_,00160,230
I767__00150.230,8.437104175939234,45.56797795,I767,_,00150,230
I767__00140.230,8.43239104678506,45.573967010000004,I767,_,00140,230
I767__00110.230,8.420962955393618,45.57212009,I767,_,00110,230
I767__00090.230,8.438466004184999,45.575226705000006,I767,_,00090,230
I767__00060.230,8.44794019639092,45.581856810000005,I767,_,00060,230
I767__00050.230,8.448332174135874,45.586506035,I767,_,00050,230
I767__00040.230,8.45440887574792,45.582110865000004,I767,_,00040,230
I767__00030.230,8.471482630210499,45.579762125,I767,_,00030,230
I767__00020.230,8.46620211689926,45.585314595,I767,_,00020,230
I767__00010.231,8.464584577886894,45.590681035,I767,_,00010,231
I767__00170.231,8.453532797551723,45.571077275,I767,_,00170,231
I767__00160.231,8.446704804938465,45.56729244,I767,_,00160,231
I767__00150.231,8.436529842667017,45.56792955,I767,_,00150,231
I767__00140.231,8.424537823536307,45.570061975,I767,_,00140,231
I767__00110.231,8.421173975517805,45.573051925,I767,_,00110,231
I767__00090.231,8.43847091875255,45.57529993,I767,_,00090,231
I767__00070.231,8.434470312863304,45.577253865,I767,_,00070,231
I767__00060.231,8.447150693795196,45.58139138,I767,_,00060,231
I767__00050.231,8.448405432310734,45.58638741,I767,_,00050,231
I767__00040.231,8.45483654700436,45.582148645000004,I767,_,00040,231
I767__00030.231,8.472219409954995,45.580008684999996,I767,_,00030,231
I767__00020.231,8.46634190062262,45.58505789,I767,_,00020,231
I767__00010.232,8.464126626494682,45.590353895,I767,_,00010,232
I767__00170.232,8.45338738917035,45.57060343,I767,_,00170,232
I767__00160.232,8.447417292509027,45.567450675,I767,_,00160,232
I767__00150.232,8.436001410734487,45.567834555,I767,_,00150,232
I767__00140.232,8.424747229477866,45.569962939999996,I767,_,00140,232
I767__00110.232,8.42066765183075,45.573346740000005,I767,_,00110,232
I767__00100.232,8.430200433039307,45.576312285,I767,_,00100,232
I767__00090.232,8.436426191763523,45.57716217,I767,_,00090,232
I767__00080.232,8.439784453649683,45.576429945,I767,_,00080,232
I767__00070.232,8.433146250180005,45.587039295,I767,_,00070,232
I767__00060.232,8.44727998397572,45.581597935000005,I767,_,00060,232
I767__00050.232,8.448525381892155,45.58607619,I767,_,00050,232
I767__00040.232,8.455228620564778,45.582242335000004,I767,_,00040,232
I767__00030.232,8.472981799701037,45.57998848,I767,_,00030,232
I767__00020.232,8.465391303394096,45.585222175,I767,_,00020,232
I767__00010.233,8.465040146258087,45.590567785000005,I767,_,00010,233
I767__00170.233,8.45352559225541,45.57054622,I767,_,00170,233
I767__00160.233,8.44743179783175,45.567590124999995,I767,_,00160,233
I767__00150.233,8.43581058938305,45.567687305,I767,_,00150,233
I767__00140.233,8.429519292547637,45.569513805,I767,_,00140,233
I767__00110.233,8.4200447562536,45.572732099999996,I767,_,00110,233
I767__00090.233,8.438511119515624,45.57519155,I767,_,00090,233
I767__00080.233,8.43957887459207,45.57640116499999,I767,_,00080,233
I767__00070.233,8.434627347278939,45.58653383,I767,_,00070,233
I767__00060.233,8.447764614797556,45.58188468,I767,_,00060,233
I767__00050.233,8.448816645622262,45.58615124,I767,_,00050,233
I767__00040.233,8.454828637692106,45.581602065,I767,_,00040,233
I767__00030.233,8.472111539937893,45.579588625,I767,_,00030,233
I767__00020.233,8.465770640015148,45.584183745000004,I767,_,00020,233
I767__00010.234,8.465070836429447,45.590506065,I767,_,00010,234
I767__00170.234,8.453600203316633,45.570506905,I767,_,00170,234
I767__00160.234,8.44724151547927,45.56768844,I767,_,00160,234
I767__00150.234,8.435413185209407,45.56754833,I767,_,00150,234
I767__00110.234,8.421144501539246,45.57183456,I767,_,00110,234
I767__00100.234,8.429425733278931,45.57739252499999,I767,_,00100,234
I767__00090.234,8.438444211599776,45.575110085000006,I767,_,00090,234
I767__00070.234,8.434464112799144,45.580682785,I767,_,00070,234
I767__00060.234,8.447585659746846,45.58207348,I767,_,00060,234
I767__00050.234,8.448712342310078,45.58641062,I767,_,00050,234
I767__00040.234,8.455260731376955,45.58222941,I767,_,00040,234
I767__00030.234,8.472743714787207,45.579155619999995,I767,_,00030,234
I767__00020.234,8.466438148503457,45.584856695,I767,_,00020,234
I767__00010.235,8.464190404767525,45.59022535,I767,_,00010,235
I767__00170.235,8.453736817185966,45.570594865000004,I767,_,00170,235
I767__00160.235,8.44713121464744,45.568180975000004,I767,_,00160,235
I767__00110.235,8.421042388591664,45.571847695,I767,_,00110,235
I767__00090.235,8.438399811118984,45.57512529,I767,_,00090,235
I767__00060.235,8.447009667961234,45.581624344999994,I767,_,00060,235
I767__00050.235,8.449077084711377,45.586107,I767,_,00050,235
I767__00040.235,8.45595728605377,45.58238844,I767,_,00040,235
I767__00030.235,8.470865194768606,45.57854745,I767,_,00030,235
I767__00020.235,8.466532406373442,45.584613669999996,I767,_,00020,235
I767__00010.236,8.465106842557326,45.590406895,I767,_,00010,236
I767__00170.236,8.453811304449765,45.57057068,I767,_,00170,236
I767__00160.236,8.446723899051026,45.567940385,I767,_,00160,236
I767__00150.236,8.438159764600137,45.567864085,I767,_,00150,236
I767__00110.236,8.420973627731776,45.571822025,I767,_,00110,236
I767__00070.236,8.437475865222599,45.57956077,I767,_,00070,236
I767__00060.236,8.446779708607892,45.581698904999996,I767,_,00060,236
I767__00050.236,8.448945700882971,45.586411035,I767,_,00050,236
I767__00040.236,8.456118722831999,45.58198978,I767,_,00040,236
I767__00030.236,8.472373926379642,45.57886242,I767,_,00030,236
I767__00020.236,8.466845990517626,45.584404855,I767,_,00020,236
I767__00010.237,8.464265152148759,45.590030395,I767,_,00010,237
I767__00170.237,8.454133443504906,45.57060038,I767,_,00170,237
I767__00160.237,8.446510581725068,45.56782124,I767,_,00160,237
I767__00150.237,8.43903126542346,45.5674454,I767,_,00150,237
I767__00140.237,8.4310857791831,45.575295385,I767,_,00140,237
I767__00110.237,8.42078911885126,45.57191384,I767,_,00110,237
I767__00090.237,8.438298138815941,45.575244780000006,I767,_,00090,237
I767__00060.237,8.447230066773502,45.582020799999995,I767,_,00060,237
I767__00050.237,8.4486647078128,45.586529255,I767,_,00050,237
I767__00040.237,8.456398622072237,45.58146928,I767,_,00040,237
I767__00030.237,8.472223182740242,45.578543395,I767,_,00030,237
I767__00010.238,8.465190029741557,45.590211925000006,I767,_,00010,238
I767__00170.238,8.454001276506972,45.570207685,I767,_,00170,238
I767__00160.238,8.446144326192574,45.567695885,I767,_,00160,238
I767__00150.238,8.439599183637846,45.567523345,I767,_,00150,238
I767__00140.238,8.431380816982077,45.575356495,I767,_,00140,238
I767__00110.238,8.420755762876716,45.57180309,I767,_,00110,238
I767__00100.238,8.433242497429047,45.576827429999994,I767,_,00100,238
I767__00070.238,8.43879024737264,45.581569135,I767,_,00070,238
I767__00060.238,8.44696516772803,45.58197271,I767,_,00060,238
I767__00050.238,8.448541635310107,45.586808725,I767,_,00050,238
I767__00040.238,8.455662707201702,45.581289175,I767,_,00040,238
I767__00030.238,8.472581599294184,45.578474365000005,I767,_,00030,238
I767__00010.239,8.464334879680463,45.58984478,I767,_,00010,239
I767__00170.239,8.455919168892574,45.570377199999996,I767,_,00170,239
I767__00160.239,8.443161856383767,45.569599325,I767,_,00160,239
I767__00150.239,8.439508543436093,45.568493090000004,I767,_,00150,239
I767__00140.239,8.432438068324972,45.573781260000004,I767,_,00140,239
I767__00110.239,8.420568184386092,45.571880390000004,I767,_,00110,239
I767__00100.239,8.432170745530938,45.577576045,I767,_,00100,239
I767__00090.239,8.438143667863292,45.57523022,I767,_,00090,239
I767__00080.239,8.439611656985505,45.576249895000004,I767,_,00080,239
I767__00060.239,8.447639353563114,45.582464125,I767,_,00060,239
I767__00050.239,8.448960505,45.586874985,I767,_,00050,239
I767__00040.239,8.454962679322634,45.581134250000005,I767,_,00040,239
I767__00030.239,8.472339938463989,45.578212625,I767,_,00030,239
I767__00020.239,8.467357388485917,45.584010345,I767,_,00020,239
I767__00010.24,8.456026575499418,45.58870306,I767,_,00010,24
I767__00180.24,8.438730850592401,45.564499465,I767,_,00180,24
I767__00170.24,8.45111611283942,45.57478346,I767,_,00170,24
I767__00160.24,8.441325519217052,45.57457462,I767,_,00160,24
I767__00150.24,8.435649088224727,45.575566249999994,I767,_,00150,24
I767__00140.24,8.432454710902196,45.576687390000004,I767,_,00140,24
I767__00130.24,8.421371019076307,45.56883301,I767,_,00130,24
I767__00120.24,8.416008051666667,45.575290445,I767,_,00120,24
I767__00110.24,8.421216053735648,45.5789705,I767,_,00110,24
I767__00100.24,8.428081184567894,45.582354955,I767,_,00100,24
I767__00070.24,8.437819472075287,45.587261565000006,I767,_,00070,24
I767__00060.24,8.439690444418876,45.58709113,I767,_,00060,24
I767__00050.24,8.444249097780702,45.58769575,I767,_,00050,24
I767__00040.24,8.450005832243985,45.583853045,I767,_,00040,24
I767__00030.24,8.461237524398662,45.577649055,I767,_,00030,24
I767__00020.24,8.459098657335055,45.58381113,I767,_,00020,24
I767__00010.240,8.464390279432322,45.58971975,I767,_,00010,240
I767__00170.240,8.450251528960912,45.57542053,I767,_,00170,240
I767__00160.240,8.4424255461333,45.56991587,I767,_,00160,240
I767__00150.240,8.439737427126733,45.568334754999995,I767,_,00150,240
I767__00110.240,8.420524644822763,45.57148781,I767,_,00110,240
I767__00090.240,8.438232060312536,45.575115645,I767,_,00090,240
I767__00070.240,8.433329397152365,45.587039295,I767,_,00070,240
I767__00060.240,8.447527714889203,45.582442485,I767,_,00060,240
I767__00050.240,8.449124820641146,45.58651493,I767,_,00050,240
I767__00040.240,8.455001360738306,45.581003534999994,I767,_,00040,240
I767__00030.240,8.472692376607338,45.577997429999996,I767,_,00030,240
I767__00020.240,8.465989695890759,45.58378218,I767,_,00020,240
I767__00010.241,8.46529027260545,45.589954840000004,I767,_,00010,241
I767__00170.241,8.456607906232676,45.575100625,I767,_,00170,241
I767__00160.241,8.44271651882736,45.568790585,I767,_,00160,241
I767__00150.241,8.439843864444203,45.5683706,I767,_,00150,241
I767__00140.241,8.432459757868223,45.572531185,I767,_,00140,241
I767__00110.241,8.419786429649108,45.572407244999994,I767,_,00110,241
I767__00090.241,8.438061524018519,45.57509647,I767,_,00090,241
I767__00070.241,8.434784170547339,45.579498945,I767,_,00070,241
I767__00060.241,8.446428038456695,45.581740679999996,I767,_,00060,241
I767__00050.241,8.449409458323828,45.58653606,I767,_,00050,241
I767__00040.241,8.455995792095688,45.581226830000006,I767,_,00040,241
I767__00030.241,8.472703708847936,45.577786175,I767,_,00030,241
I767__00020.241,8.465279605097837,45.58362862,I767,_,00020,241
I767__00010.242,8.464474620220619,45.589512995,I767,_,00010,242
I767__00170.242,8.45526987360256,45.570604290000006,I767,_,00170,242
I767__00160.242,8.443229476860939,45.567265795,I767,_,00160,242
I767__00150.242,8.43978124230489,45.568557045000006,I767,_,00150,242
I767__00140.242,8.427589454359733,45.567770545,I767,_,00140,242
I767__00110.242,8.419268531138721,45.572510455,I767,_,00110,242
I767__00100.242,8.43349694152094,45.577634105,I767,_,00100,242
I767__00090.242,8.437894175784361,45.575129704999995,I767,_,00090,242
I767__00060.242,8.44613797804541,45.5814934,I767,_,00060,242
I767__00050.242,8.449359599498994,45.586648865,I767,_,00050,242
I767__00040.242,8.456422651733973,45.581177,I767,_,00040,242
I767__00030.242,8.47301447687584,45.57770524,I767,_,00030,242
I767__00020.242,8.465270359689349,45.583405135,I767,_,00020,242
I767__00010.243,8.465397737303256,45.589697085,I767,_,00010,243
I767__00170.243,8.455419258674281,45.570749725,I767,_,00170,243
I767__00160.243,8.442495243311997,45.567680915,I767,_,00160,243
I767__00150.243,8.440079567800435,45.56841051,I767,_,00150,243
I767__00140.243,8.426622911062012,45.566099105,I767,_,00140,243
I767__00110.243,8.42020841192867,45.571339415,I767,_,00110,243
I767__00100.243,8.433039848243876,45.578220314999996,I767,_,00100,243
I767__00060.243,8.445993619536045,45.58159688,I767,_,00060,243
I767__00050.243,8.449226584857254,45.58694338,I767,_,00050,243
I767__00040.243,8.454916451313913,45.580786875,I767,_,00040,243
I767__00030.243,8.471468444381376,45.577226835000005,I767,_,00030,243
I767__00020.243,8.465920869279692,45.58356773,I767,_,00020,243
I767__00010.244,8.464551745754413,45.5893167,I767,_,00010,244
I767__00170.244,8.454707448072405,45.570609520000005,I767,_,00170,244
I767__00150.244,8.440256445055436,45.568985209999994,I767,_,00150,244
I767__00140.244,8.42590554296914,45.566922469999994,I767,_,00140,244
I767__00110.244,8.41945294188394,45.57164037,I767,_,00110,244
I767__00100.244,8.432747008996344,45.577554065,I767,_,00100,244
I767__00090.244,8.43788091955605,45.575006654999996,I767,_,00090,244
I767__00080.244,8.439964504006468,45.576361285000004,I767,_,00080,244
I767__00060.244,8.446274164829443,45.58177694,I767,_,00060,244
I767__00050.244,8.449623556577812,45.586877215,I767,_,00050,244
I767__00040.244,8.455181545427717,45.580714075,I767,_,00040,244
I767__00030.244,8.471774752912584,45.577075065,I767,_,00030,244
I767__00020.244,8.467546207703219,45.583908135,I767,_,00020,244
I767__00010.245,8.465478593347838,45.589500535,I767,_,00010,245
I767__00170.245,8.455138369726178,45.570939409999994,I767,_,00170,245
I767__00160.245,8.441793748392179,45.56709787,I767,_,00160,245
I767__00150.245,8.440124647718214,45.569636415,I767,_,00150,245
I767__00140.245,8.432457247989172,45.56969824,I767,_,00140,245
I767__00110.245,8.419143876299383,45.571514545,I767,_,00110,245
I767__00100.245,8.43290229338303,45.5773436,I767,_,00100,245
I767__00060.245,8.44697459216443,45.58225194,I767,_,00060,245
I767__00050.245,8.449734713803597,45.586549785,I767,_,00050,245
I767__00040.245,8.45634776852106,45.581000915000004,I767,_,00040,245
I767__00030.245,8.472709067651998,45.57749499,I767,_,00030,245
I767__00020.245,8.467626422877874,45.583715854999994,I767,_,00020,245
I767__00010.246,8.465094932572814,45.589153355,I767,_,00010,246
I767__00170.246,8.454904769830868,45.571150040000006,I767,_,00170,246
I767__00160.246,8.441674750738802,45.56700218,I767,_,00160,246
I767__00150.246,8.440927704658264,45.569226775000004,I767,_,00150,246
I767__00140.246,8.433520169139753,45.56983208,I767,_,00140,246
I767__00110.246,8.420461732586052,45.56990827,I767,_,00110,246
I767__00100.246,8.433320435042598,45.577919230000006,I767,_,00100,246
I767__00060.246,8.447061368316763,45.58272542,I767,_,00060,246
I767__00050.246,8.449674390712499,45.58699936,I767,_,00050,246
I767__00040.246,8.456524010158454,45.580717199999995,I767,_,00040,246
I767__00030.246,8.461051437583691,45.57902199,I767,_,00030,246
I767__00020.246,8.465895824271346,45.583341835,I767,_,00020,246
I767__00010.247,8.465224765403077,45.58900165,I767,_,00010,247
I767__00170.247,8.454826524475685,45.571212035,I767,_,00170,247
I767__00160.247,8.44141704523735,45.56708145,I767,_,00160,247
I767__00150.247,8.441003622160375,45.56911603,I767,_,00150,247
I767__00140.247,8.431896108071363,45.567830744999995,I767,_,00140,247
I767__00110.247,8.420564697687308,45.570442494999995,I767,_,00110,247
I767__00070.247,8.435664663211055,45.584588034999996,I767,_,00070,247
I767__00060.247,8.447054722214165,45.58257861,I767,_,00060,247
I767__00050.247,8.449796022019205,45.586523655,I767,_,00050,247
I767__00040.247,8.455430921463073,45.580420465,I767,_,00040,247
I767__00030.247,8.463509120365774,45.579600505,I767,_,00030,247
I767__00020.247,8.465891386139734,45.583199645,I767,_,00020,247
I767__00010.248,8.465351521119576,45.588841720000005,I767,_,00010,248
I767__00170.248,8.454751471535078,45.57126844,I767,_,00170,248
I767__00160.248,8.441327547603736,45.566877035,I767,_,00160,248
I767__00150.248,8.440339525341148,45.568865759999994,I767,_,00150,248
I767__00140.248,8.43192702935531,45.567135065,I767,_,00140,248
I767__00110.248,8.421336758233512,45.56943264,I767,_,00110,248
I767__00080.248,8.440062988362136,45.57623269,I767,_,00080,248
I767__00070.248,8.435084372236503,45.58343705,I767,_,00070,248
I767__00060.248,8.446875805571118,45.58251867,I767,_,00060,248
I767__00050.248,8.449523608873378,45.586405035,I767,_,00050,248
I767__00040.248,8.455310032896548,45.580175155,I767,_,00040,248
I767__00030.248,8.469234170420792,45.58008463,I767,_,00030,248
I767__00020.248,8.466687542301607,45.583366145,I767,_,00020,248
I767__00010.249,8.46545346815115,45.588647030000004,I767,_,00010,249
I767__00170.249,8.454852767917721,45.571369715,I767,_,00170,249
I767__00160.249,8.441318548655847,45.566621205000004,I767,_,00160,249
I767__00150.249,8.440440780311938,45.56866455,I767,_,00150,249
I767__00140.249,8.431370423361026,45.568649730000004,I767,_,00140,249
I767__00110.249,8.421458224245665,45.569465195,I767,_,00110,249
I767__00100.249,8.433633457086595,45.576376635,I767,_,00100,249
I767__00090.249,8.437734625814182,45.574916545,I767,_,00090,249
I767__00070.249,8.435742202294428,45.583594135,I767,_,00070,249
I767__00060.249,8.446470875362305,45.582536989999994,I767,_,00060,249
I767__00050.249,8.449571127040915,45.586131775,I767,_,00050,249
I767__00040.249,8.456622779240632,45.5805804,I767,_,00040,249
I767__00030.249,8.466393097996626,45.57874749,I767,_,00030,249
I767__00020.249,8.466493707352704,45.583189035000004,I767,_,00020,249
I767__00010.25,8.456278904157125,45.589035409999994,I767,_,00010,25
I767__00180.25,8.438868619538201,45.56411839,I767,_,00180,25
I767__00170.25,8.451264019316643,45.574654984999995,I767,_,00170,25
I767__00160.25,8.442343123587735,45.57477235,I767,_,00160,25
I767__00140.25,8.432269374720363,45.575741835,I767,_,00140,25
I767__00130.25,8.42239186220663,45.5693365,I767,_,00130,25
I767__00120.25,8.415409884605907,45.574801895,I767,_,00120,25
I767__00110.25,8.421076019148448,45.57927092,I767,_,00110,25
I767__00100.25,8.427514508543762,45.583213865,I767,_,00100,25
I767__00090.25,8.435888960586972,45.575936495,I767,_,00090,25
I767__00070.25,8.437812029731987,45.587168145,I767,_,00070,25
I767__00060.25,8.43920403062707,45.5872556,I767,_,00060,25
I767__00050.25,8.444230780380117,45.588011769999994,I767,_,00050,25
I767__00040.25,8.45027157861839,45.58402812,I767,_,00040,25
I767__00030.25,8.461230609898148,45.577889479999996,I767,_,00030,25
I767__00020.25,8.45906039981833,45.583112545,I767,_,00020,25
I767__00010.250,8.46538863548447,45.588487355,I767,_,00010,250
I767__00170.250,8.454877200683342,45.571419989999995,I767,_,00170,250
I767__00160.250,8.441186080888308,45.565981135,I767,_,00160,250
I767__00150.250,8.441144003834296,45.568932665000005,I767,_,00150,250
I767__00140.250,8.428068459638101,45.566786945000004,I767,_,00140,250
I767__00110.250,8.421579933325622,45.56956597,I767,_,00110,250
I767__00100.250,8.432090619164637,45.577302599999996,I767,_,00100,250
I767__00090.250,8.437784606869151,45.574870445,I767,_,00090,250
I767__00080.250,8.439109871086721,45.574878935,I767,_,00080,250
I767__00060.250,8.446025461199124,45.58238145,I767,_,00060,250
I767__00050.250,8.45001997868492,45.586132879999994,I767,_,00050,250
I767__00040.250,8.456725671202047,45.580456905,I767,_,00040,250
I767__00030.250,8.469292734113061,45.57925403,I767,_,00030,250
I767__00020.250,8.46763685479214,45.583515680000005,I767,_,00020,250
I767__00010.251,8.465443814234451,45.588351705,I767,_,00010,251
I767__00170.251,8.454506151607777,45.571439659999996,I767,_,00170,251
I767__00160.251,8.441444078537845,45.565819845,I767,_,00160,251
I767__00150.251,8.441191345454378,45.56887957,I767,_,00150,251
I767__00110.251,8.421748541398905,45.56973378,I767,_,00110,251
I767__00100.251,8.433089529020991,45.57644216,I767,_,00100,251
I767__00090.251,8.43769610851757,45.57485213,I767,_,00090,251
I767__00080.251,8.437477606189415,45.57722701,I767,_,00080,251
I767__00070.251,8.43402682971606,45.577624674999996,I767,_,00070,251
I767__00060.251,8.445936645176904,45.58208217000001,I767,_,00060,251
I767__00050.251,8.45023836987367,45.586085905000004,I767,_,00050,251
I767__00040.251,8.455624863302422,45.580148339999994,I767,_,00040,251
I767__00030.251,8.46968594003069,45.579267275,I767,_,00030,251
I767__00020.251,8.467836397445481,45.583008140000004,I767,_,00020,251
I767__00010.252,8.46489400714779,45.58811352,I767,_,00010,252
I767__00170.252,8.454067294268437,45.571631034999996,I767,_,00170,252
I767__00160.252,8.441555032134811,45.565601695,I767,_,00160,252
I767__00150.252,8.440560738764736,45.568627445000004,I767,_,00150,252
I767__00140.252,8.430551506033847,45.57567132,I767,_,00140,252
I767__00110.252,8.421007401397556,45.570412565,I767,_,00110,252
I767__00090.252,8.437621498943502,45.574990764999995,I767,_,00090,252
I767__00080.252,8.437856557585395,45.57733419,I767,_,00080,252
I767__00060.252,8.445624598509053,45.58180553,I767,_,00060,252
I767__00050.252,8.450068332758494,45.586370295,I767,_,00050,252
I767__00040.252,8.455703341340364,45.5800333,I767,_,00040,252
I767__00030.252,8.468581998443433,45.57858788,I767,_,00030,252
I767__00020.252,8.468007930943891,45.582949165,I767,_,00020,252
I767__00010.253,8.465788156626104,45.588288515,I767,_,00010,253
I767__00170.253,8.45414528787753,45.57188657499999,I767,_,00170,253
I767__00160.253,8.441702738982276,45.565616025,I767,_,00160,253
I767__00150.253,8.440631351187246,45.568570805,I767,_,00150,253
I767__00140.253,8.42574910869672,45.570740355,I767,_,00140,253
I767__00110.253,8.420950095705843,45.57105031,I767,_,00110,253
I767__00100.253,8.431524928713385,45.57806095,I767,_,00100,253
I767__00070.253,8.434741014959805,45.58114204,I767,_,00070,253
I767__00060.253,8.446292873590288,45.581989905,I767,_,00060,253
I767__00050.253,8.45015880444376,45.586629725,I767,_,00050,253
I767__00040.253,8.456697210869905,45.58030852,I767,_,00040,253
I767__00030.253,8.46483079185553,45.57758575,I767,_,00030,253
I767__00020.253,8.46781038860254,45.582813605,I767,_,00020,253
I767__00010.254,8.464987950274459,45.5880041,I767,_,00010,254
I767__00170.254,8.45373096456809,45.571812585,I767,_,00170,254
I767__00160.254,8.441720573352377,45.56550729,I767,_,00160,254
I767__00150.254,8.441244384708728,45.568822705,I767,_,00150,254
I767__00140.254,8.425480104227052,45.570608085,I767,_,00140,254
I767__00110.254,8.421447966959846,45.57086731,I767,_,00110,254
I767__00100.254,8.432435339116413,45.577597589999996,I767,_,00100,254
I767__00090.254,8.43754345325101,45.57490551,I767,_,00090,254
I767__00070.254,8.43488670757835,45.582472089999996,I767,_,00070,254
I767__00060.254,8.445767335588108,45.58166284,I767,_,00060,254
I767__00050.254,8.451614320171398,45.58671765,I767,_,00050,254
I767__00040.254,8.456861371882832,45.580217860000005,I767,_,00040,254
I767__00030.254,8.464935254075378,45.57723544,I767,_,00030,254
I767__00020.254,8.467436277703351,45.582556479999994,I767,_,00020,254
I767__00010.255,8.46520647528806,45.587707195,I767,_,00010,255
I767__00170.255,8.453849124311756,45.572101485000005,I767,_,00170,255
I767__00160.255,8.441827652496801,45.564908525,I767,_,00160,255
I767__00150.255,8.440941478350798,45.569117435,I767,_,00150,255
I767__00140.255,8.426932709748698,45.567062015000005,I767,_,00140,255
I767__00110.255,8.421839677740001,45.57072358,I767,_,00110,255
I767__00090.255,8.437351243945269,45.574933259999995,I767,_,00090,255
I767__00060.255,8.445447121448106,45.581541095000006,I767,_,00060,255
I767__00050.255,8.451385895999326,45.586364355,I767,_,00050,255
I767__00040.255,8.45582671817576,45.579925149999994,I767,_,00040,255
I767__00030.255,8.464670436349264,45.576812875,I767,_,00030,255
I767__00020.255,8.468057391156254,45.58247111,I767,_,00020,255
I767__00010.256,8.466133419126983,45.58788691,I767,_,00010,256
I767__00170.256,8.453758666641988,45.57215576,I767,_,00170,256
I767__00160.256,8.441951234307215,45.5649286,I767,_,00160,256
I767__00150.256,8.441298971465393,45.568761615,I767,_,00150,256
I767__00140.256,8.428761525911682,45.56672917,I767,_,00140,256
I767__00110.256,8.422016588655076,45.570509959999995,I767,_,00110,256
I767__00100.256,8.43199667586002,45.577229765,I767,_,00100,256
I767__00060.256,8.445197986707385,45.581551495,I767,_,00060,256
I767__00050.256,8.45094341683702,45.585725284999995,I767,_,00050,256
I767__00040.256,8.45596026635779,45.57981834,I767,_,00040,256
I767__00030.256,8.466406920730313,45.576076025000006,I767,_,00030,256
I767__00020.256,8.46647953991287,45.5828093,I767,_,00020,256
I767__00010.257,8.465601746797777,45.59277522,I767,_,00010,257
I767__00170.257,8.453727190230959,45.572312620000005,I767,_,00170,257
I767__00160.257,8.442036316690082,45.565065035,I767,_,00160,257
I767__00150.257,8.44070303699064,45.56850835,I767,_,00150,257
I767__00140.257,8.433510926354188,45.57107302,I767,_,00140,257
I767__00110.257,8.421906772445352,45.569939559999995,I767,_,00110,257
I767__00100.257,8.433341138756075,45.577825915,I767,_,00100,257
I767__00090.257,8.437430431097429,45.574858965,I767,_,00090,257
I767__00070.257,8.434252984063189,45.582938455000004,I767,_,00070,257
I767__00060.257,8.445144614694811,45.581691879999994,I767,_,00060,257
I767__00050.257,8.45053374455514,45.585718785,I767,_,00050,257
I767__00040.257,8.456868715839848,45.580077445,I767,_,00040,257
I767__00030.257,8.465509740618078,45.576201725000004,I767,_,00030,257
I767__00020.257,8.465949098615496,45.582405805,I767,_,00020,257
I767__00010.258,8.465333959337958,45.59216363,I767,_,00010,258
I767__00170.258,8.453366920041315,45.57244193,I767,_,00170,258
I767__00160.258,8.442228623548134,45.565163605,I767,_,00160,258
I767__00150.258,8.44076376314263,45.568435234999995,I767,_,00150,258
I767__00140.258,8.426999686316961,45.56645914,I767,_,00140,258
I767__00110.258,8.422368699068524,45.569822425,I767,_,00110,258
I767__00090.258,8.437483579649045,45.57487017,I767,_,00090,258
I767__00060.258,8.44498530683196,45.58174768,I767,_,00060,258
I767__00050.258,8.451122682607215,45.586457105,I767,_,00050,258
I767__00040.258,8.456990672744354,45.57995033,I767,_,00040,258
I767__00030.258,8.464716575925056,45.57604309,I767,_,00030,258
I767__00020.258,8.46595149707786,45.58216471,I767,_,00020,258
I767__00010.259,8.465990096605147,45.59197655,I767,_,00010,259
I767__00170.259,8.453277690525272,45.572671355,I767,_,00170,259
I767__00160.259,8.442531033844123,45.565138945,I767,_,00160,259
I767__00140.259,8.427356328789855,45.566570395,I767,_,00140,259
I767__00110.259,8.422867447735088,45.56999356,I767,_,00110,259
I767__00090.259,8.43753587143407,45.574830495,I767,_,00090,259
I767__00070.259,8.437591648963108,45.58359859,I767,_,00070,259
I767__00060.259,8.444815140168064,45.5818224,I767,_,00060,259
I767__00050.259,8.450669481025276,45.586360600000006,I767,_,00050,259
I767__00040.259,8.45617793514159,45.57973117,I767,_,00040,259
I767__00030.259,8.466240489273499,45.57484686,I767,_,00030,259
I767__00020.259,8.466577585968306,45.582056324999996,I767,_,00020,259
I767__00010.26,8.45669667597535,45.58902662,I767,_,00010,26
I767__00180.26,8.43879117065245,45.563799970000005,I767,_,00180,26
I767__00170.26,8.451474197728015,45.574501235,I767,_,00170,26
I767__00160.26,8.442829650567266,45.575118225,I767,_,00160,26
I767__00150.26,8.43577523364312,45.575405985,I767,_,00150,26
I767__00130.26,8.423451143551404,45.569851145,I767,_,00130,26
I767__00120.26,8.416151264859307,45.57511426,I767,_,00120,26
I767__00110.26,8.420924472923414,45.57939584499999,I767,_,00110,26
I767__00100.26,8.427840647573628,45.5828591,I767,_,00100,26
I767__00080.26,8.438002731224252,45.57824429,I767,_,00080,26
I767__00070.26,8.4379566747097,45.58713792,I767,_,00070,26
I767__00060.26,8.438387832279918,45.58753125,I767,_,00060,26
I767__00050.26,8.444158602249825,45.588398335,I767,_,00050,26
I767__00040.26,8.450390849876982,45.58421097,I767,_,00040,26
I767__00030.26,8.460822783977338,45.57832953,I767,_,00030,26
I767__00020.26,8.459424874430825,45.58275567,I767,_,00020,26
I767__00010.260,8.466021267516252,45.591494575,I767,_,00010,260
I767__00170.260,8.45269185913488,45.57250818,I767,_,00170,260
I767__00160.260,8.442590356232893,45.564737795,I767,_,00160,260
I767__00140.260,8.432639391285093,45.573808334999995,I767,_,00140,260
I767__00110.260,8.422573353923973,45.570509959999995,I767,_,00110,260
I767__00100.260,8.431799608410785,45.577782205000005,I767,_,00100,260
I767__00070.260,8.436718709620461,45.58419175,I767,_,00070,260
I767__00060.260,8.444728819651168,45.58194444,I767,_,00060,260
I767__00050.260,8.450144017328183,45.585898785,I767,_,00050,260
I767__00040.260,8.456302657239615,45.57959992,I767,_,00040,260
I767__00030.260,8.464368065121224,45.57948539,I767,_,00030,260
I767__00020.260,8.46757249769335,45.582139510000005,I767,_,00020,260
I767__00010.261,8.465965293679602,45.59120037,I767,_,00010,261
I767__00170.261,8.452926765965168,45.572869284999996,I767,_,00170,261
I767__00160.261,8.443027379009017,45.564630975,I767,_,00160,261
I767__00150.261,8.440822933729375,45.56834138,I767,_,00150,261
I767__00140.261,8.432068460268042,45.574642225,I767,_,00140,261
I767__00110.261,8.42202523345712,45.571116020000005,I767,_,00110,261
I767__00060.261,8.444276872893177,45.581615535,I767,_,00060,261
I767__00050.261,8.449827185982699,45.585664644999994,I767,_,00050,261
I767__00040.261,8.457190301907355,45.579817415,I767,_,00040,261
I767__00030.261,8.465436801581955,45.579514020000005,I767,_,00030,261
I767__00020.261,8.468521614449967,45.5823508,I767,_,00020,261
I767__00010.262,8.467064004979408,45.591487975,I767,_,00010,262
I767__00170.262,8.453052308412875,45.57305677,I767,_,00170,262
I767__00160.262,8.443446617011894,45.565151865000004,I767,_,00160,262
I767__00150.262,8.44091406433098,45.568224785,I767,_,00150,262
I767__00140.262,8.425951850434954,45.56970329000001,I767,_,00140,262
I767__00110.262,8.422959906419957,45.571314,I767,_,00110,262
I767__00100.262,8.431338739394619,45.57762162,I767,_,00100,262
I767__00090.262,8.437276874218949,45.574512825,I767,_,00090,262
I767__00060.262,8.444365944454361,45.58149344,I767,_,00060,262
I767__00050.262,8.449613162666072,45.58546958,I767,_,00050,262
I767__00040.262,8.457310540823029,45.579672904999995,I767,_,00040,262
I767__00030.262,8.465949070061928,45.579589670000004,I767,_,00030,262
I767__00020.262,8.467816870793607,45.58200434,I767,_,00020,262
I767__00010.263,8.46596091923648,45.59099211,I767,_,00010,263
I767__00170.263,8.452810911690467,45.573034525,I767,_,00170,263
I767__00160.263,8.44295006338315,45.565271695,I767,_,00160,263
I767__00140.263,8.426509551972286,45.56971516,I767,_,00140,263
I767__00110.263,8.423259602085752,45.57044236,I767,_,00110,263
I767__00100.263,8.43083071316401,45.576407165000006,I767,_,00100,263
I767__00090.263,8.437583099321888,45.57389838,I767,_,00090,263
I767__00070.263,8.437707831899598,45.580230085,I767,_,00070,263
I767__00060.263,8.444519494378765,45.58131631,I767,_,00060,263
I767__00050.263,8.449052316096525,45.585602525,I767,_,00050,263
I767__00040.263,8.456414098241863,45.579460510000004,I767,_,00040,263
I767__00030.263,8.466693084684042,45.579518605,I767,_,00030,263
I767__00020.263,8.466484106985048,45.58187029,I767,_,00020,263
I767__00010.264,8.466650459305693,45.591130590000006,I767,_,00010,264
I767__00170.264,8.452783355487428,45.573178395,I767,_,00170,264
I767__00160.264,8.443372118264666,45.565480695000005,I767,_,00160,264
I767__00140.264,8.426524685580645,45.570002605,I767,_,00140,264
I767__00110.264,8.423385780545285,45.570767905,I767,_,00110,264
I767__00100.264,8.432952383152564,45.57702623,I767,_,00100,264
I767__00080.264,8.437589542367697,45.577819535,I767,_,00080,264
I767__00070.264,8.436946233678443,45.578958695,I767,_,00070,264
I767__00060.264,8.444702042113839,45.58119082499999,I767,_,00060,264
I767__00050.264,8.4495252068631,45.585066675,I767,_,00050,264
I767__00040.264,8.456617823895698,45.57917733,I767,_,00040,264
I767__00030.264,8.469486099159553,45.578269765,I767,_,00030,264
I767__00020.264,8.465875074420936,45.581996645000004,I767,_,00020,264
I767__00010.265,8.4672403781432,45.591240255,I767,_,00010,265
I767__00170.265,8.452180649513917,45.57330966,I767,_,00170,265
I767__00160.265,8.442615265697254,45.565928505,I767,_,00160,265
I767__00150.265,8.441426969178774,45.56793108,I767,_,00150,265
I767__00140.265,8.426946259193226,45.57026755,I767,_,00140,265
I767__00060.265,8.444053419409553,45.58100582,I767,_,00060,265
I767__00050.265,8.449226984126911,45.585001955,I767,_,00050,265
I767__00040.265,8.457422651903764,45.579362435,I767,_,00040,265
I767__00030.265,8.46513476867328,45.577800565000004,I767,_,00030,265
I767__00020.265,8.46604380671768,45.58176944,I767,_,00020,265
I767__00010.266,8.466019031031054,45.59065009,I767,_,00010,266
I767__00170.266,8.452381601022772,45.573384815,I767,_,00170,266
I767__00160.266,8.442379511342384,45.56615164,I767,_,00160,266
I767__00150.266,8.440617535688553,45.567796955000006,I767,_,00150,266
I767__00140.266,8.427416189157052,45.570517205,I767,_,00140,266
I767__00110.266,8.423549571582674,45.570895305,I767,_,00110,266
I767__00100.266,8.433013506883448,45.575557855,I767,_,00100,266
I767__00090.266,8.437571914899255,45.574608275,I767,_,00090,266
I767__00080.266,8.438592472164078,45.577677640000005,I767,_,00080,266
I767__00070.266,8.434397043157867,45.57782147,I767,_,00070,266
I767__00060.266,8.44409116316638,45.5811433,I767,_,00060,266
I767__00050.266,8.448763010282917,45.585510275000004,I767,_,00050,266
I767__00040.266,8.457563077223732,45.57922931,I767,_,00040,266
I767__00030.266,8.467516814766727,45.57682738,I767,_,00030,266
I767__00020.266,8.466620143998888,45.58161694,I767,_,00020,266
I767__00010.267,8.466603044179646,45.590831815,I767,_,00010,267
I767__00170.267,8.45253169160316,45.57347481,I767,_,00170,267
I767__00160.267,8.4420701109759,45.566329185,I767,_,00160,267
I767__00150.267,8.44056736678112,45.567401195,I767,_,00150,267
I767__00140.267,8.429825589933397,45.57252194,I767,_,00140,267
I767__00110.267,8.424059359991606,45.571429265,I767,_,00110,267
I767__00100.267,8.434432307017365,45.57669747,I767,_,00100,267
I767__00070.267,8.43457262742698,45.579159965,I767,_,00070,267
I767__00060.267,8.443930579919323,45.58118484,I767,_,00060,267
I767__00050.267,8.449275531973502,45.584700165,I767,_,00050,267
I767__00040.267,8.456763357426563,45.579030880000005,I767,_,00040,267
I767__00030.267,8.46586296437956,45.576977505,I767,_,00030,267
I767__00020.267,8.466572866355431,45.581517345,I767,_,00020,267
I767__00010.268,8.467299353581438,45.590972805,I767,_,00010,268
I767__00170.268,8.453641427207081,45.573895405,I767,_,00170,268
I767__00160.268,8.442928846152991,45.56649086,I767,_,00160,268
I767__00110.268,8.424086460435515,45.572077,I767,_,00110,268
I767__00100.268,8.433992764361527,45.57707881,I767,_,00100,268
I767__00090.268,8.437763856511538,45.574639645,I767,_,00090,268
I767__00060.268,8.443702903030527,45.581141785,I767,_,00060,268
I767__00050.268,8.449112849059349,45.584650845,I767,_,00050,268
I767__00040.268,8.457675088318048,45.579012070000005,I767,_,00040,268
I767__00030.268,8.465950465015034,45.576786975000005,I767,_,00030,268
I767__00020.268,8.465955210475522,45.58165371,I767,_,00020,268
I767__00010.269,8.465921918238628,45.5903557,I767,_,00010,269
I767__00170.269,8.45393396225166,45.573983675,I767,_,00170,269
I767__00160.269,8.442950917440907,45.56685583,I767,_,00160,269
I767__00150.269,8.433482085392328,45.572913575,I767,_,00150,269
I767__00110.269,8.424322300739586,45.572112805,I767,_,00110,269
I767__00070.269,8.435353371608773,45.579321355,I767,_,00070,269
I767__00060.269,8.443644083352199,45.58127445,I767,_,00060,269
I767__00050.269,8.44866218133952,45.585275615,I767,_,00050,269
I767__00040.269,8.45695688715658,45.5788239,I767,_,00040,269
I767__00030.269,8.46398422807843,45.576140824999996,I767,_,00030,269
I767__00020.269,8.465974874650943,45.581555785,I767,_,00020,269
I767__00010.27,8.456576883374531,45.588488215,I767,_,00010,27
I767__00180.27,8.438852249659796,45.563794215,I767,_,00180,27
I767__00170.27,8.451766041075446,45.57451664,I767,_,00170,27
I767__00160.27,8.443684215575852,45.575266455000005,I767,_,00160,27
I767__00150.27,8.435660538947396,45.57534811,I767,_,00150,27
I767__00140.27,8.432243905005425,45.57545013,I767,_,00140,27
I767__00130.27,8.423513909685667,45.56961545,I767,_,00130,27
I767__00120.27,8.415997152543273,45.575004675,I767,_,00120,27
I767__00110.27,8.4194592030471,45.57875535,I767,_,00110,27
I767__00100.27,8.428043342579743,45.582828094999996,I767,_,00100,27
I767__00090.27,8.435924014247126,45.575895175,I767,_,00090,27
I767__00070.27,8.43785977182591,45.587066885,I767,_,00070,27
I767__00060.27,8.438933952102268,45.58717769,I767,_,00060,27
I767__00050.27,8.444535620253413,45.58852777,I767,_,00050,27
I767__00040.27,8.45049686987597,45.584302405,I767,_,00040,27
I767__00030.27,8.460689443919605,45.57960753,I767,_,00030,27
I767__00020.27,8.459080098754864,45.582647955,I767,_,00020,27
I767__00010.270,8.466862118777861,45.590479275,I767,_,00010,270
I767__00170.270,8.454358168064593,45.574105285,I767,_,00170,270
I767__00160.270,8.44356089082444,45.566417755,I767,_,00160,270
I767__00140.270,8.427907893658187,45.565893855,I767,_,00140,270
I767__00110.270,8.424541543796852,45.572101829999994,I767,_,00110,270
I767__00100.270,8.432520225184678,45.578590245,I767,_,00100,270
I767__00090.270,8.437936794947916,45.574723925,I767,_,00090,270
I767__00080.270,8.438372658314513,45.577575955,I767,_,00080,270
I767__00060.270,8.443908159513752,45.58139234,I767,_,00060,270
I767__00050.270,8.448239948229299,45.5851057,I767,_,00050,270
I767__00040.270,8.455749841191992,45.57906088,I767,_,00040,270
I767__00030.270,8.468023703932872,45.576030474999996,I767,_,00030,270
I767__00020.270,8.46650156954584,45.58144297,I767,_,00020,270
I767__00010.271,8.466275818441076,45.5901806,I767,_,00010,271
I767__00170.271,8.454175453797518,45.573868454999996,I767,_,00170,271
I767__00160.271,8.443053801156918,45.56718361,I767,_,00160,271
I767__00150.271,8.434450006623631,45.57093016,I767,_,00150,271
I767__00140.271,8.432182493144612,45.57322761,I767,_,00140,271
I767__00110.271,8.424735815877035,45.572186475,I767,_,00110,271
I767__00100.271,8.43249571254187,45.578532445,I767,_,00100,271
I767__00090.271,8.438123569206219,45.57477049,I767,_,00090,271
I767__00080.271,8.438414560235861,45.577665635,I767,_,00080,271
I767__00070.271,8.434782379788793,45.578894265,I767,_,00070,271
I767__00060.271,8.443799039309706,45.58155429,I767,_,00060,271
I767__00050.271,8.447974570137738,45.585181235,I767,_,00050,271
I767__00040.271,8.455473930200712,45.579286945,I767,_,00040,271
I767__00030.271,8.465452634618712,45.57431279,I767,_,00030,271
I767__00020.271,8.467358111565254,45.581628655,I767,_,00020,271
I767__00010.272,8.46645968313948,45.590144575,I767,_,00010,272
I767__00170.272,8.453430410408643,45.57355741,I767,_,00170,272
I767__00150.272,8.433779162130968,45.57302315,I767,_,00150,272
I767__00140.272,8.430995586743093,45.574399685,I767,_,00140,272
I767__00110.272,8.425283583863145,45.571410244999996,I767,_,00110,272
I767__00100.272,8.432742599297455,45.578349695,I767,_,00100,272
I767__00090.272,8.438039392307623,45.5748529,I767,_,00090,272
I767__00080.272,8.438386167914434,45.577642145,I767,_,00080,272
I767__00060.272,8.443527065440978,45.581432065,I767,_,00060,272
I767__00050.272,8.447936828194099,45.584972525,I767,_,00050,272
I767__00040.272,8.454473749495449,45.581155519999996,I767,_,00040,272
I767__00030.272,8.465730935834097,45.57450738,I767,_,00030,272
I767__00020.272,8.468699387921257,45.58189961,I767,_,00020,272
I767__00010.273,8.46635713593646,45.590055675,I767,_,00010,273
I767__00160.273,8.44372917613661,45.566501425,I767,_,00160,273
I767__00150.273,8.434532440041167,45.57289967,I767,_,00150,273
I767__00110.273,8.425324536977104,45.571685024999994,I767,_,00110,273
I767__00100.273,8.433284753504152,45.57623366,I767,_,00100,273
I767__00090.273,8.438292385427756,45.574870905,I767,_,00090,273
I767__00060.273,8.443688073844157,45.58082919,I767,_,00060,273
I767__00050.273,8.447670720508235,45.58508224,I767,_,00050,273
I767__00040.273,8.453284267271695,45.578816805,I767,_,00040,273
I767__00030.273,8.472384439089033,45.579360465,I767,_,00030,273
I767__00020.273,8.468396344616277,45.581723785,I767,_,00020,273
I767__00010.274,8.466114858068966,45.589836059999996,I767,_,00010,274
I767__00170.274,8.451422612404873,45.572849485000006,I767,_,00170,274
I767__00160.274,8.44453088976822,45.565386825000004,I767,_,00160,274
I767__00150.274,8.438487010477948,45.57236196,I767,_,00150,274
I767__00110.274,8.424814419044495,45.572291160000006,I767,_,00110,274
I767__00100.274,8.432436750882168,45.57729293,I767,_,00100,274
I767__00080.274,8.438679874510326,45.577536705,I767,_,00080,274
I767__00060.274,8.44330444631872,45.580816215,I767,_,00060,274
I767__00050.274,8.447579740343688,45.584992755,I767,_,00050,274
I767__00040.274,8.452902419751478,45.579934304999995,I767,_,00040,274
I767__00030.274,8.458760621928278,45.576400115,I767,_,00030,274
I767__00020.274,8.467388487645849,45.58152061,I767,_,00020,274
I767__00010.275,8.466570756025137,45.589955925,I767,_,00010,275
I767__00170.275,8.453332096355247,45.573280690000004,I767,_,00170,275
I767__00160.275,8.444730517786134,45.565513855,I767,_,00160,275
I767__00150.275,8.434968048646239,45.56986388999999,I767,_,00150,275
I767__00110.275,8.425518652835564,45.571733315,I767,_,00110,275
I767__00100.275,8.432430397768481,45.577452575,I767,_,00100,275
I767__00070.275,8.4349326149934,45.57870369,I767,_,00070,275
I767__00060.275,8.443177826208185,45.581300395,I767,_,00060,275
I767__00050.275,8.447536591083626,45.58486386,I767,_,00050,275
I767__00040.275,8.454305223260107,45.580205915,I767,_,00040,275
I767__00030.275,8.459213469570447,45.57639974,I767,_,00030,275
I767__00020.275,8.465497589603856,45.58134188,I767,_,00020,275
I767__00010.276,8.467330370108815,45.590130970000004,I767,_,00010,276
I767__00170.276,8.453519143721941,45.573353825,I767,_,00170,276
I767__00150.276,8.437934037903293,45.570089734999996,I767,_,00150,276
I767__00110.276,8.42486498072074,45.572449025,I767,_,00110,276
I767__00100.276,8.432755753933202,45.576031545,I767,_,00100,276
I767__00070.276,8.435105892642813,45.57837952,I767,_,00070,276
I767__00060.276,8.442912454152141,45.581429565,I767,_,00060,276
I767__00050.276,8.44737688326155,45.58482348,I767,_,00050,276
I767__00040.276,8.454672226386146,45.580330945,I767,_,00040,276
I767__00030.276,8.45924201921709,45.576810394999995,I767,_,00030,276
I767__00020.276,8.465649957538673,45.581506329999996,I767,_,00020,276
I767__00010.277,8.467783166557208,45.590710185,I767,_,00010,277
I767__00170.277,8.453798139166118,45.573406070000004,I767,_,00170,277
I767__00150.277,8.439757411106893,45.569140454999996,I767,_,00150,277
I767__00110.277,8.424983717615527,45.572680125,I767,_,00110,277
I767__00100.277,8.427041590454188,45.576508655,I767,_,00100,277
I767__00070.277,8.435407097955135,45.578685845,I767,_,00070,277
I767__00060.277,8.443333029634253,45.581584785000004,I767,_,00060,277
I767__00050.277,8.447157681962505,45.584636725,I767,_,00050,277
I767__00040.277,8.454234472946123,45.58088723,I767,_,00040,277
I767__00030.277,8.459973625267232,45.576962664999996,I767,_,00030,277
I767__00020.277,8.465945987111642,45.580980575,I767,_,00020,277
I767__00010.278,8.466403269761287,45.589612525,I767,_,00010,278
I767__00170.278,8.454501280136384,45.5736902,I767,_,00170,278
I767__00140.278,8.431836386730748,45.575265955000006,I767,_,00140,278
I767__00110.278,8.425393450942178,45.572838555000004,I767,_,00110,278
I767__00100.278,8.426992286776334,45.576458200000005,I767,_,00100,278
I767__00070.278,8.43568684376851,45.57888148,I767,_,00070,278
I767__00060.278,8.444167443125801,45.581804065,I767,_,00060,278
I767__00050.278,8.44697031211999,45.584472415,I767,_,00050,278
I767__00040.278,8.453673992086847,45.5806372,I767,_,00040,278
I767__00030.278,8.460178547315502,45.576755000000006,I767,_,00030,278
I767__00020.278,8.465396944591646,45.580328885,I767,_,00020,278
I767__00010.279,8.46744860662805,45.589756089999995,I767,_,00010,279
I767__00170.279,8.45477102943233,45.573444730000006,I767,_,00170,279
I767__00150.279,8.434237644127059,45.574709584999994,I767,_,00150,279
I767__00110.279,8.42564768357934,45.573055345,I767,_,00110,279
I767__00100.279,8.426748639177898,45.57678026,I767,_,00100,279
I767__00060.279,8.444572171981768,45.582024855,I767,_,00060,279
I767__00050.279,8.448382189934968,45.584774935,I767,_,00050,279
I767__00040.279,8.453292086712171,45.58063745,I767,_,00040,279
I767__00030.279,8.460398267303109,45.577231405000006,I767,_,00030,279
I767__00020.279,8.46526840029858,45.58003661,I767,_,00020,279
I767__00010.28,8.455465600857856,45.588043459999994,I767,_,00010,28
I767__00180.28,8.438996614327152,45.564732205,I767,_,00180,28
I767__00170.28,8.45198297188369,45.57436059,I767,_,00170,28
I767__00160.28,8.444125127892512,45.575504585000004,I767,_,00160,28
I767__00150.28,8.435390522990794,45.57561853,I767,_,00150,28
I767__00140.28,8.432253130781447,45.575105725,I767,_,00140,28
I767__00130.28,8.42366451094176,45.56940728,I767,_,00130,28
I767__00120.28,8.416266823862053,45.5750163,I767,_,00120,28
I767__00110.28,8.419466014340967,45.57865903,I767,_,00110,28
I767__00100.28,8.427837275811285,45.58362473,I767,_,00100,28
I767__00090.28,8.436146789251417,45.575925235,I767,_,00090,28
I767__00070.28,8.4380142609396,45.58702357,I767,_,00070,28
I767__00060.28,8.438995836763667,45.586979715,I767,_,00060,28
I767__00050.28,8.444497521790908,45.58796535,I767,_,00050,28
I767__00040.28,8.450695993755838,45.58440083,I767,_,00040,28
I767__00030.28,8.460937518954125,45.57965752,I767,_,00030,28
I767__00020.28,8.458692780704045,45.5825049,I767,_,00020,28
I767__00010.280,8.468232929566454,45.589910965,I767,_,00010,280
I767__00170.280,8.454897888301062,45.573324335,I767,_,00170,280
I767__00140.280,8.42684803611831,45.57360508,I767,_,00140,280
I767__00110.280,8.42601582738843,45.57297972,I767,_,00110,280
I767__00100.280,8.433455859822724,45.576582220000006,I767,_,00100,280
I767__00070.280,8.435059042113533,45.579134935,I767,_,00070,280
I767__00060.280,8.444741248957754,45.582217035,I767,_,00060,280
I767__00050.280,8.44839476820994,45.584671545000006,I767,_,00050,280
I767__00040.280,8.45312819422152,45.5807568,I767,_,00040,280
I767__00030.280,8.460712145941248,45.57713329,I767,_,00030,280
I767__00020.280,8.46518574932104,45.579964634999996,I767,_,00020,280
I767__00010.281,8.466510835983975,45.589426155,I767,_,00010,281
I767__00170.281,8.4539681449658,45.57323606,I767,_,00170,281
I767__00140.281,8.427567794366109,45.56663185,I767,_,00140,281
I767__00110.281,8.426202832382376,45.573050045,I767,_,00110,281
I767__00100.281,8.433477994812165,45.576660114999996,I767,_,00100,281
I767__00070.281,8.437761130711943,45.579662045000006,I767,_,00070,281
I767__00060.281,8.444595376452401,45.58240343,I767,_,00060,281
I767__00050.281,8.447791641142445,45.584369960000004,I767,_,00050,281
I767__00040.281,8.453431805299289,45.581425615,I767,_,00040,281
I767__00030.281,8.464642361237445,45.57551786,I767,_,00030,281
I767__00020.281,8.466322660088336,45.580169819999995,I767,_,00020,281
I767__00010.282,8.467400417606331,45.589611605,I767,_,00010,282
I767__00170.282,8.45363851230794,45.57316295,I767,_,00170,282
I767__00160.282,8.444584189443578,45.566980935000004,I767,_,00160,282
I767__00150.282,8.441007896547266,45.56766231,I767,_,00150,282
I767__00140.282,8.432518820953458,45.566043925,I767,_,00140,282
I767__00110.282,8.426082581474759,45.573372415,I767,_,00110,282
I767__00100.282,8.432843077080182,45.57677966,I767,_,00100,282
I767__00070.282,8.437062590246038,45.58804137,I767,_,00070,282
I767__00060.282,8.443482355951103,45.58195854,I767,_,00060,282
I767__00050.282,8.447856115128513,45.58427186,I767,_,00050,282
I767__00040.282,8.453002912653716,45.58093859,I767,_,00040,282
I767__00030.282,8.465025785747633,45.575598695,I767,_,00030,282
I767__00020.282,8.466379756348754,45.58076678,I767,_,00020,282
I767__00010.283,8.467928446170683,45.589603284999995,I767,_,00010,283
I767__00170.283,8.453901890355345,45.572821309999995,I767,_,00170,283
I767__00160.283,8.444881993502669,45.56688218,I767,_,00160,283
I767__00150.283,8.439767625432234,45.571972205,I767,_,00150,283
I767__00140.283,8.432769651146007,45.56680899,I767,_,00140,283
I767__00110.283,8.425856477403567,45.572523555000004,I767,_,00110,283
I767__00100.283,8.43287975573345,45.576666114999995,I767,_,00100,283
I767__00070.283,8.43531597036974,45.57988971,I767,_,00070,283
I767__00060.283,8.442552702598807,45.58172896,I767,_,00060,283
I767__00050.283,8.448582514448404,45.58461537,I767,_,00050,283
I767__00040.283,8.452523734812583,45.58048514,I767,_,00040,283
I767__00030.283,8.459765056680155,45.57953534,I767,_,00030,283
I767__00020.283,8.46728678758689,45.581144005,I767,_,00020,283
I767__00010.284,8.466605690268489,45.589174075,I767,_,00010,284
I767__00170.284,8.454337978671614,45.57301933,I767,_,00170,284
I767__00160.284,8.445027079837006,45.567180375,I767,_,00160,284
I767__00150.284,8.439926192484599,45.571768675,I767,_,00150,284
I767__00110.284,8.425840014680887,45.572258495,I767,_,00110,284
I767__00100.284,8.43053470775752,45.58064363,I767,_,00100,284
I767__00070.284,8.435367641200385,45.57982154,I767,_,00070,284
I767__00060.284,8.441926231821697,45.58144657,I767,_,00060,284
I767__00050.284,8.448702786819965,45.584248155,I767,_,00050,284
I767__00040.284,8.452449623291926,45.580587065,I767,_,00040,284
I767__00030.284,8.459458511589508,45.579401195,I767,_,00030,284
I767__00020.284,8.46865955903427,45.581417145,I767,_,00020,284
I767__00010.285,8.467097945743589,45.58927535,I767,_,00010,285
I767__00170.285,8.454000130477521,45.572725415,I767,_,00170,285
I767__00160.285,8.445406987121576,45.567212135,I767,_,00160,285
I767__00150.285,8.440130803152545,45.571198214999995,I767,_,00150,285
I767__00110.285,8.425800192451309,45.571676585000006,I767,_,00110,285
I767__00090.285,8.43750575248701,45.574165480000005,I767,_,00090,285
I767__00060.285,8.441650478520906,45.581578965000006,I767,_,00060,285
I767__00050.285,8.448170947837879,45.58400236,I767,_,00050,285
I767__00040.285,8.452865458535701,45.5809929,I767,_,00040,285
I767__00030.285,8.459304526851138,45.578806225,I767,_,00030,285
I767__00020.285,8.468198012187386,45.58118575,I767,_,00020,285
I767__00010.286,8.46767865802403,45.589340745,I767,_,00010,286
I767__00170.286,8.45438520797014,45.572901535,I767,_,00170,286
I767__00160.286,8.445487836189056,45.56742167,I767,_,00160,286
I767__00150.286,8.4404657009894,45.570722274999994,I767,_,00150,286
I767__00140.286,8.431769460980687,45.57176316,I767,_,00140,286
I767__00110.286,8.426669729838741,45.572115025,I767,_,00110,286
I767__00100.286,8.433185367890012,45.577612835,I767,_,00100,286
I767__00070.286,8.435907533908892,45.5799373,I767,_,00070,286
I767__00060.286,8.442139817558811,45.580924905,I767,_,00060,286
I767__00050.286,8.44890772570064,45.583895385000005,I767,_,00050,286
I767__00040.286,8.452631095602182,45.581116800000004,I767,_,00040,286
I767__00030.286,8.460374882706201,45.57924303,I767,_,00030,286
I767__00020.286,8.467991357365992,45.581046459999996,I767,_,00020,286
I767__00010.287,8.466766365938392,45.58884579,I767,_,00010,287
I767__00170.287,8.455062231361786,45.573253605000005,I767,_,00170,287
I767__00160.287,8.446304122720136,45.566966275,I767,_,00160,287
I767__00150.287,8.440641580763984,45.570001355,I767,_,00150,287
I767__00110.287,8.426888143559752,45.572233735,I767,_,00110,287
I767__00100.287,8.434746060387766,45.576087825,I767,_,00100,287
I767__00080.287,8.43915175221074,45.578249065,I767,_,00080,287
I767__00060.287,8.441238375883936,45.58096213,I767,_,00060,287
I767__00050.287,8.448446123219597,45.583588495,I767,_,00050,287
I767__00040.287,8.452178110370403,45.580669805,I767,_,00040,287
I767__00030.287,8.459401085638632,45.578780185,I767,_,00030,287
I767__00020.287,8.466778176533126,45.580682409999994,I767,_,00020,287
I767__00010.288,8.467293831253432,45.5889448,I767,_,00010,288
I767__00170.288,8.454959862921307,45.5731062,I767,_,00170,288
I767__00160.288,8.446221350338783,45.56694784,I767,_,00160,288
I767__00150.288,8.441007530847243,45.56924976,I767,_,00150,288
I767__00140.288,8.433225231326336,45.566286215,I767,_,00140,288
I767__00110.288,8.427089940067036,45.572226565,I767,_,00110,288
I767__00100.288,8.43452788821013,45.576370705,I767,_,00100,288
I767__00080.288,8.439197993607493,45.57814551,I767,_,00080,288
I767__00060.288,8.442752625140887,45.580022944999996,I767,_,00060,288
I767__00050.288,8.445121328282315,45.586493265,I767,_,00050,288
I767__00040.288,8.45221613406763,45.58094086,I767,_,00040,288
I767__00030.288,8.459714488677854,45.578565229999995,I767,_,00030,288
I767__00020.288,8.467958631160178,45.580919120000004,I767,_,00020,288
I767__00010.289,8.467815968448189,45.58917356,I767,_,00010,289
I767__00170.289,8.45512315181994,45.573106769999995,I767,_,00170,289
I767__00160.289,8.446096406634979,45.56690442,I767,_,00160,289
I767__00150.289,8.441078839131496,45.56914093,I767,_,00150,289
I767__00110.289,8.421889772619902,45.58083662,I767,_,00110,289
I767__00100.289,8.432813871114767,45.577439275,I767,_,00100,289
I767__00090.289,8.4363167632575,45.577154335,I767,_,00090,289
I767__00070.289,8.435483092524835,45.579148125,I767,_,00070,289
I767__00060.289,8.442661810248545,45.57982744,I767,_,00060,289
I767__00050.289,8.44767713628113,45.58694726,I767,_,00050,289
I767__00040.289,8.452118265618138,45.58110568,I767,_,00040,289
I767__00030.289,8.459031576706103,45.57853644,I767,_,00030,289
I767__00020.289,8.467698222752745,45.580747965,I767,_,00020,289
I767__00010.29,8.455686943977845,45.58792341,I767,_,00010,29
I767__00180.29,8.43917190524224,45.565251015,I767,_,00180,29
I767__00170.29,8.452135968651582,45.574439874999996,I767,_,00170,29
I767__00160.29,8.443663696283547,45.575191724999996,I767,_,00160,29
I767__00130.29,8.423835634626961,45.569159765,I767,_,00130,29
I767__00120.29,8.415470369550441,45.574709729999995,I767,_,00120,29
I767__00110.29,8.419765976684712,45.578667855,I767,_,00110,29
I767__00100.29,8.42798300469421,45.5834347,I767,_,00100,29
I767__00070.29,8.438108488684685,45.586939945,I767,_,00070,29
I767__00060.29,8.439051396209141,45.58676861,I767,_,00060,29
I767__00040.29,8.45074057135843,45.584792835,I767,_,00040,29
I767__00030.29,8.461117987550356,45.579705125,I767,_,00030,29
I767__00020.29,8.458102430814542,45.582645244999995,I767,_,00020,29
I767__00010.290,8.468355325500223,45.58911229,I767,_,00010,290
I767__00170.290,8.455164554309178,45.57306364,I767,_,00170,290
I767__00160.290,8.446024279355576,45.566735005,I767,_,00160,290
I767__00150.290,8.441219602952858,45.56896402,I767,_,00150,290
I767__00110.290,8.421897370991717,45.578231245,I767,_,00110,290
I767__00060.290,8.442234026457697,45.580365695,I767,_,00060,290
I767__00050.290,8.448330216038975,45.58566836,I767,_,00050,290
I767__00040.290,8.451840323904102,45.58089839,I767,_,00040,290
I767__00030.290,8.468886725770815,45.57979965,I767,_,00030,290
I767__00020.290,8.468114392671964,45.580751934999995,I767,_,00020,290
I767__00010.291,8.466917818875906,45.58865506,I767,_,00010,291
I767__00170.291,8.455215021759866,45.573010255,I767,_,00170,291
I767__00160.291,8.44551087051357,45.56646132,I767,_,00160,291
I767__00150.291,8.441266600967241,45.56891012,I767,_,00150,291
I767__00110.291,8.423640637549418,45.579627885,I767,_,00110,291
I767__00080.291,8.439024685693717,45.578022495,I767,_,00080,291
I767__00050.291,8.44415361434087,45.5887592,I767,_,00050,291
I767__00040.291,8.451695426043932,45.580981245000004,I767,_,00040,291
I767__00030.291,8.459401230357084,45.576165665000005,I767,_,00030,291
I767__00020.291,8.467669275659052,45.580557295,I767,_,00020,291
I767__00010.292,8.46760696531458,45.588781575,I767,_,00010,292
I767__00170.292,8.45447581997186,45.572806865000004,I767,_,00170,292
I767__00150.292,8.44131677961105,45.568851769999995,I767,_,00150,292
I767__00110.292,8.423484614479701,45.579820194999996,I767,_,00110,292
I767__00100.292,8.433772807536304,45.576613255,I767,_,00100,292
I767__00070.292,8.433514986688248,45.587362705000004,I767,_,00070,292
I767__00040.292,8.451982040852386,45.581161525,I767,_,00040,292
I767__00030.292,8.459508194543032,45.575896755,I767,_,00030,292
I767__00020.292,8.468723037168699,45.580844125,I767,_,00020,292
I767__00010.293,8.468078890843675,45.588837325,I767,_,00010,293
I767__00150.293,8.441367062210826,45.568788285,I767,_,00150,293
I767__00110.293,8.423997772383272,45.579320045,I767,_,00110,293
I767__00090.293,8.437177248719706,45.57420434,I767,_,00090,293
I767__00070.293,8.438094865327079,45.58672337,I767,_,00070,293
I767__00040.293,8.45216977749445,45.581380765,I767,_,00040,293
I767__00030.293,8.46063092234704,45.576103565,I767,_,00030,293
I767__00020.293,8.469267563917121,45.58095961,I767,_,00020,293
I767__00010.294,8.46873542282152,45.588941070000004,I767,_,00010,294
I767__00170.294,8.454573598106656,45.57256558,I767,_,00170,294
I767__00150.294,8.441422248572636,45.56871617,I767,_,00150,294
I767__00110.294,8.425010602278633,45.57779619,I767,_,00110,294
I767__00100.294,8.433141454270874,45.57729913,I767,_,00100,294
I767__00090.294,8.439157660317013,45.574438455,I767,_,00090,294
I767__00070.294,8.43334868956922,45.5828545,I767,_,00070,294
I767__00060.294,8.440159478045754,45.57810719,I767,_,00060,294
I767__00050.294,8.447479807725365,45.589820105,I767,_,00050,294
I767__00040.294,8.451578054685946,45.581050884999996,I767,_,00040,294
I767__00030.294,8.46033155990923,45.575648395,I767,_,00030,294
I767__00020.294,8.468821134102415,45.580612855,I767,_,00020,294
I767__00010.295,8.467109468951909,45.58842028,I767,_,00010,295
I767__00170.295,8.455363395178818,45.57296502,I767,_,00170,295
I767__00160.295,8.447194638711904,45.574824570000004,I767,_,00160,295
I767__00150.295,8.441503385660011,45.56861559,I767,_,00150,295
I767__00110.295,8.425487836636517,45.578110245,I767,_,00110,295
I767__00070.295,8.433508626464937,45.58264962,I767,_,00070,295
I767__00060.295,8.44124695723274,45.576989835000006,I767,_,00060,295
I767__00050.295,8.44719626653525,45.589603464999996,I767,_,00050,295
I767__00040.295,8.451609843881933,45.580918575,I767,_,00040,295
I767__00030.295,8.462929261076491,45.573043945,I767,_,00030,295
I767__00020.295,8.467468977387409,45.58034406,I767,_,00020,295
I767__00010.296,8.46776894447098,45.588539165,I767,_,00010,296
I767__00170.296,8.455681154740798,45.572834955000005,I767,_,00170,296
I767__00150.296,8.441608005775283,45.56850455,I767,_,00150,296
I767__00110.296,8.41742702121677,45.574495235,I767,_,00110,296
I767__00100.296,8.431692179343209,45.577116364999995,I767,_,00100,296
I767__00060.296,8.440759454622864,45.576973235,I767,_,00060,296
I767__00050.296,8.447060701514847,45.589444285,I767,_,00050,296
I767__00040.296,8.451255376625035,45.580678164999995,I767,_,00040,296
I767__00030.296,8.46236682235331,45.577776715,I767,_,00030,296
I767__00020.296,8.46755291264966,45.580131175000005,I767,_,00020,296
I767__00010.297,8.468114889990485,45.588539165,I767,_,00010,297
I767__00170.297,8.455297983830743,45.572661575,I767,_,00170,297
I767__00160.297,8.448669459910025,45.575659715,I767,_,00160,297
I767__00150.297,8.441963263883146,45.56817567,I767,_,00150,297
I767__00110.297,8.417585912628113,45.5742811,I767,_,00110,297
I767__00100.297,8.43164756834403,45.57721664,I767,_,00100,297
I767__00090.297,8.438277026982963,45.575501245,I767,_,00090,297
I767__00070.297,8.433904066814438,45.582256310000005,I767,_,00070,297
I767__00060.297,8.443197068987391,45.57701898,I767,_,00060,297
I767__00050.297,8.448817913371473,45.590122429999994,I767,_,00050,297
I767__00040.297,8.45095449437843,45.580573814999994,I767,_,00040,297
I767__00030.297,8.469732040942581,45.577620045,I767,_,00030,297
I767__00020.297,8.468898993567127,45.580396215,I767,_,00020,297
I767__00010.298,8.468739822904071,45.588677375,I767,_,00010,298
I767__00170.298,8.45471981675784,45.572500045,I767,_,00170,298
I767__00160.298,8.443766544198716,45.57181352,I767,_,00160,298
I767__00140.298,8.432096922219237,45.566258864999995,I767,_,00140,298
I767__00110.298,8.422050520210338,45.576246345,I767,_,00110,298
I767__00100.298,8.428753778165015,45.575847705,I767,_,00100,298
I767__00080.298,8.438256008865057,45.57587812,I767,_,00080,298
I767__00060.298,8.444772657158023,45.57772194499999,I767,_,00060,298
I767__00050.298,8.45019693329904,45.58932392,I767,_,00050,298
I767__00040.298,8.451291323971597,45.580586675,I767,_,00040,298
I767__00020.298,8.467300716341214,45.587600995,I767,_,00020,298
I767__00010.299,8.467111039882194,45.588172619999995,I767,_,00010,299
I767__00110.299,8.42319281238621,45.576425455,I767,_,00110,299
I767__00090.299,8.438111053581625,45.574832490000006,I767,_,00090,299
I767__00060.299,8.445093571637916,45.5786648,I767,_,00060,299
I767__00050.299,8.44691234942007,45.587610760000004,I767,_,00050,299
I767__00040.299,8.451682261877224,45.58082168,I767,_,00040,299
I767__00030.299,8.467579546199019,45.576033085,I767,_,00030,299
I767__00010.3,8.457793980174038,45.59226483,I767,_,00010,3
I767__00180.3,8.427166475853081,45.562743275,I767,_,00180,3
I767__00170.3,8.449591153338798,45.575707985,I767,_,00170,3
I767__00150.3,8.432681205944988,45.575039114999996,I767,_,00150,3
I767__00140.3,8.426719731259894,45.574862705,I767,_,00140,3
I767__00130.3,8.417489932246744,45.56593309,I767,_,00130,3
I767__00120.3,8.411948607666034,45.573553195,I767,_,00120,3
I767__00110.3,8.419297193354598,45.57984569,I767,_,00110,3
I767__00100.3,8.425051635622683,45.579064474999996,I767,_,00100,3
I767__00090.3,8.435563971191474,45.576178375,I767,_,00090,3
I767__00070.3,8.432958042867952,45.586840335000005,I767,_,00070,3
I767__00060.3,8.438366693983994,45.587775175,I767,_,00060,3
I767__00050.3,8.44208722733335,45.588123905,I767,_,00050,3
I767__00040.3,8.449135691929254,45.58338076,I767,_,00040,3
I767__00030.3,8.460243059653298,45.580074010000004,I767,_,00030,3
I767__00020.3,8.45641383023997,45.585359025,I767,_,00020,3
I767__00010.30,8.456017265889923,45.587826575,I767,_,00010,30
I767__00180.30,8.438381174225942,45.56619214,I767,_,00180,30
I767__00170.30,8.451836556364018,45.57475851,I767,_,00170,30
I767__00160.30,8.44301435165519,45.574818905,I767,_,00160,30
I767__00150.30,8.43535026768334,45.575507255000005,I767,_,00150,30
I767__00130.30,8.424025436830618,45.5689603,I767,_,00130,30
I767__00120.30,8.415561436489313,45.574623705,I767,_,00120,30
I767__00110.30,8.419575085515952,45.57850266,I767,_,00110,30
I767__00100.30,8.428072076431562,45.583317265000005,I767,_,00100,30
I767__00080.30,8.43823166426493,45.57816712,I767,_,00080,30
I767__00070.30,8.438123373080742,45.586865375,I767,_,00070,30
I767__00060.30,8.439186203023718,45.58656365,I767,_,00060,30
I767__00040.30,8.451541945909586,45.58417826,I767,_,00040,30
I767__00030.30,8.461393559988311,45.579605654999995,I767,_,00030,30
I767__00020.30,8.457705366777144,45.582545665,I767,_,00020,30
I767__00010.300,8.467796853301305,45.588290875,I767,_,00010,300
I767__00160.300,8.442174493572264,45.568655085,I767,_,00160,300
I767__00150.300,8.43524302626722,45.57345646,I767,_,00150,300
I767__00140.300,8.43197266194679,45.566251035,I767,_,00140,300
I767__00110.300,8.423084654330797,45.577133,I767,_,00110,300
I767__00090.300,8.438176361112266,45.57472035,I767,_,00090,300
I767__00060.300,8.444456615673928,45.578464690000004,I767,_,00060,300
I767__00050.300,8.448937435561898,45.58652737,I767,_,00050,300
I767__00040.300,8.451851743966076,45.58070679,I767,_,00040,300
I767__00030.300,8.464437817011593,45.575196515,I767,_,00030,300
I767__00020.300,8.468585051751806,45.587563715,I767,_,00020,300
I767__00010.301,8.46742670589887,45.588099215,I767,_,00010,301
I767__00170.301,8.454874258084473,45.572493480000006,I767,_,00170,301
I767__00160.301,8.444801216781304,45.571191299999995,I767,_,00160,301
I767__00140.301,8.431268758571576,45.572114805,I767,_,00140,301
I767__00110.301,8.42541099139758,45.57511772,I767,_,00110,301
I767__00100.301,8.428728179163212,45.575970635000004,I767,_,00100,301
I767__00070.301,8.433036378529104,45.58271633,I767,_,00070,301
I767__00060.301,8.445064071237423,45.578844265,I767,_,00060,301
I767__00050.301,8.448795790362718,45.586837715,I767,_,00050,301
I767__00040.301,8.451475483605332,45.58043817,I767,_,00040,301
I767__00030.301,8.464907484790281,45.57485409,I767,_,00030,301
I767__00020.301,8.469206970416852,45.58764996,I767,_,00020,301
I767__00010.302,8.467964107888772,45.58820672,I767,_,00010,302
I767__00170.302,8.454670615862792,45.572256960000004,I767,_,00170,302
I767__00160.302,8.445325152380248,45.568970715000006,I767,_,00160,302
I767__00110.302,8.425013906312506,45.57462414,I767,_,00110,302
I767__00100.302,8.43301644584234,45.575976855,I767,_,00100,302
I767__00060.302,8.444665583720669,45.579167240000004,I767,_,00060,302
I767__00050.302,8.450308391124693,45.586360600000006,I767,_,00050,302
I767__00040.302,8.451671774913365,45.580394260000006,I767,_,00040,302
I767__00030.302,8.464195124976055,45.576269194999995,I767,_,00030,302
I767__00020.302,8.46780678488233,45.587089325,I767,_,00020,302
I767__00010.303,8.46845641434381,45.588338425,I767,_,00010,303
I767__00170.303,8.455004297560956,45.572422045,I767,_,00170,303
I767__00160.303,8.44672186129943,45.575457015,I767,_,00160,303
I767__00150.303,8.436392003153976,45.57262514,I767,_,00150,303
I767__00140.303,8.430733361097051,45.571750535,I767,_,00140,303
I767__00110.303,8.421395420081549,45.5712755,I767,_,00110,303
I767__00100.303,8.432986811372555,45.578069635,I767,_,00100,303
I767__00060.303,8.444190787423162,45.578974205,I767,_,00060,303
I767__00050.303,8.451498073135461,45.586179064999996,I767,_,00050,303
I767__00040.303,8.45191974472328,45.58061252,I767,_,00040,303
I767__00030.303,8.464687454240337,45.575210424999995,I767,_,00030,303
I767__00020.303,8.468745110785365,45.587323985,I767,_,00020,303
I767__00010.304,8.467220450155217,45.587913505,I767,_,00010,304
I767__00170.304,8.455138609536611,45.572353835,I767,_,00170,304
I767__00160.304,8.445456505745145,45.572746535,I767,_,00160,304
I767__00140.304,8.43087521391407,45.57135078,I767,_,00140,304
I767__00110.304,8.42472620975781,45.571349985,I767,_,00110,304
I767__00060.304,8.4444590653118,45.580048825000006,I767,_,00060,304
I767__00050.304,8.451585913175794,45.58616412,I767,_,00050,304
I767__00040.304,8.452014178618864,45.580567810000005,I767,_,00040,304
I767__00030.304,8.464962221453408,45.575367575,I767,_,00030,304
I767__00020.304,8.469325730511429,45.58746037,I767,_,00020,304
I767__00010.305,8.467811249863257,45.58803248,I767,_,00010,305
I767__00170.305,8.454787037713832,45.572177890000006,I767,_,00170,305
I767__00160.305,8.444236655614244,45.571605895,I767,_,00160,305
I767__00150.305,8.438324184240567,45.572529615,I767,_,00150,305
I767__00140.305,8.431606925185882,45.57201863,I767,_,00140,305
I767__00110.305,8.422633295730506,45.580529625,I767,_,00110,305
I767__00060.305,8.443828181206776,45.57966558,I767,_,00060,305
I767__00050.305,8.451073285567407,45.585681765000004,I767,_,00050,305
I767__00040.305,8.451803695954517,45.580360490000004,I767,_,00040,305
I767__00030.305,8.461590850562896,45.57658079,I767,_,00030,305
I767__00020.305,8.469359883293194,45.587330975,I767,_,00020,305
I767__00010.306,8.468139978605222,45.588095665,I767,_,00010,306
I767__00170.306,8.454887779727738,45.572091215,I767,_,00170,306
I767__00160.306,8.443484817358609,45.571395945,I767,_,00160,306
I767__00150.306,8.439272921575046,45.57246179,I767,_,00150,306
I767__00110.306,8.419492668245702,45.57887074,I767,_,00110,306
I767__00060.306,8.443873716192195,45.57990489,I767,_,00060,306
I767__00050.306,8.45124267383278,45.585645455000005,I767,_,00050,306
I767__00040.306,8.4519100956454,45.580248365,I767,_,00040,306
I767__00020.306,8.468749754162925,45.58722596,I767,_,00020,306
I767__00010.307,8.468743872672118,45.58818966,I767,_,00010,307
I767__00170.307,8.455229611628974,45.572269295,I767,_,00170,307
I767__00140.307,8.429307973530388,45.575272299999995,I767,_,00140,307
I767__00110.307,8.420144395121993,45.57833454,I767,_,00110,307
I767__00060.307,8.44353688228431,45.579717825,I767,_,00060,307
I767__00040.307,8.450983082753062,45.57976169,I767,_,00040,307
I767__00030.307,8.465340084858504,45.57884757,I767,_,00030,307
I767__00020.307,8.469476903678586,45.587142605,I767,_,00020,307
I767__00010.308,8.468380875237688,45.58801544000001,I767,_,00010,308
I767__00170.308,8.455548702821353,45.57242947,I767,_,00170,308
I767__00150.308,8.441623931585056,45.56778736,I767,_,00150,308
I767__00110.308,8.420473993839796,45.57708986,I767,_,00110,308
I767__00090.308,8.437341262633058,45.576115385,I767,_,00090,308
I767__00070.308,8.435947660344121,45.58068127,I767,_,00070,308
I767__00060.308,8.443649499610803,45.57997908,I767,_,00060,308
I767__00050.308,8.445417881658802,45.587864874999994,I767,_,00050,308
I767__00040.308,8.45070281006987,45.579424055000004,I767,_,00040,308
I767__00030.308,8.469178164285962,45.57958138,I767,_,00030,308
I767__00020.308,8.46884032112414,45.58703477500001,I767,_,00020,308
I767__00010.309,8.469015513304573,45.588140525,I767,_,00010,309
I767__00170.309,8.455913485029203,45.572619509999996,I767,_,00170,309
I767__00160.309,8.448247595849804,45.569510725,I767,_,00160,309
I767__00150.309,8.442130696930844,45.5680214,I767,_,00150,309
I767__00110.309,8.420454322484582,45.575437405,I767,_,00110,309
I767__00090.309,8.43741021759031,45.57615088,I767,_,00090,309
I767__00060.309,8.443446103905451,45.58006743,I767,_,00060,309
I767__00050.309,8.445222490536628,45.587743689999996,I767,_,00050,309
I767__00040.309,8.450525853558574,45.579497865,I767,_,00040,309
I767__00030.309,8.470039678255329,45.577957565,I767,_,00030,309
I767__00020.309,8.467916058347495,45.58682829,I767,_,00020,309
I767__00010.31,8.45604629216645,45.587653935,I767,_,00010,31
I767__00180.31,8.438812472292291,45.566368665,I767,_,00180,31
I767__00170.31,8.452079319893471,45.57476814,I767,_,00170,31
I767__00160.31,8.444081636486558,45.57525618,I767,_,00160,31
I767__00140.31,8.43098598368896,45.574992804999994,I767,_,00140,31
I767__00130.31,8.424151150998409,45.568807035000006,I767,_,00130,31
I767__00120.31,8.416124299916795,45.574471585,I767,_,00120,31
I767__00110.31,8.418321937694017,45.577877995,I767,_,00110,31
I767__00100.31,8.42815744449445,45.58320251000001,I767,_,00100,31
I767__00080.31,8.438319739508795,45.57812225,I767,_,00080,31
I767__00070.31,8.438118064680028,45.58655238,I767,_,00070,31
I767__00060.31,8.438864723042125,45.58582215,I767,_,00060,31
I767__00050.31,8.453098214154561,45.591152255,I767,_,00050,31
I767__00040.31,8.451089798890013,45.584854875,I767,_,00040,31
I767__00030.31,8.46186645288699,45.57970536,I767,_,00030,31
I767__00020.31,8.457478098351823,45.58212398,I767,_,00020,31
I767__00010.310,8.468615380541081,45.587820719999996,I767,_,00010,310
I767__00170.310,8.456156905231133,45.57238746,I767,_,00170,310
I767__00160.310,8.448262908455497,45.569190675,I767,_,00160,310
I767__00150.310,8.437506997840078,45.573758104999996,I767,_,00150,310
I767__00110.310,8.419612795965666,45.57356872,I767,_,00110,310
I767__00060.310,8.443901818806413,45.580395710000005,I767,_,00060,310
I767__00050.310,8.445426064633988,45.58773687,I767,_,00050,310
I767__00040.310,8.4507477918218,45.579771120000004,I767,_,00040,310
I767__00030.310,8.467131929965706,45.578158665000004,I767,_,00030,310
I767__00020.310,8.467666412209159,45.58651295,I767,_,00020,310
I767__00010.311,8.469131759121089,45.58790415,I767,_,00010,311
I767__00170.311,8.455827065012755,45.57217214,I767,_,00170,311
I767__00160.311,8.447898950842976,45.568424855,I767,_,00160,311
I767__00150.311,8.434624893421233,45.575712280000005,I767,_,00150,311
I767__00110.311,8.422241803393499,45.574699385,I767,_,00110,311
I767__00090.311,8.437355581986916,45.576026585,I767,_,00090,311
I767__00060.311,8.443749247885842,45.580669865,I767,_,00060,311
I767__00050.311,8.44515983587936,45.587479315,I767,_,00050,311
I767__00040.311,8.450449973877973,45.579929269999994,I767,_,00040,311
I767__00030.311,8.467014369903815,45.57746334,I767,_,00030,311
I767__00020.311,8.468508225536823,45.58667104,I767,_,00020,311
I767__00010.312,8.457076055557508,45.59118518,I767,_,00010,312
I767__00170.312,8.455411863746644,45.572116195,I767,_,00170,312
I767__00160.312,8.447064845910294,45.574591119999994,I767,_,00160,312
I767__00150.312,8.434834483779792,45.575477125000006,I767,_,00150,312
I767__00110.312,8.422914802171212,45.575213160000004,I767,_,00110,312
I767__00090.312,8.437378321173608,45.57589086,I767,_,00090,312
I767__00070.312,8.4373745588572,45.580939130000004,I767,_,00070,312
I767__00060.312,8.444811509011462,45.58110457,I767,_,00060,312
I767__00050.312,8.445446627712045,45.58752115,I767,_,00050,312
I767__00040.312,8.450120771036733,45.579458155,I767,_,00040,312
I767__00030.312,8.467076001516723,45.576317245,I767,_,00030,312
I767__00020.312,8.469537255538386,45.58689461,I767,_,00020,312
I767__00010.313,8.462324593901705,45.5944062,I767,_,00010,313
I767__00170.313,8.455058520083384,45.57193514,I767,_,00170,313
I767__00150.313,8.435096068600949,45.575178215,I767,_,00150,313
I767__00110.313,8.419326550388899,45.57362116,I767,_,00110,313
I767__00060.313,8.4450806716899,45.58098566,I767,_,00060,313
I767__00050.313,8.442781298459384,45.587358175,I767,_,00050,313
I767__00040.313,8.449778362804928,45.579423545,I767,_,00040,313
I767__00030.313,8.467133641743679,45.576033085,I767,_,00030,313
I767__00020.313,8.469673971472464,45.58664034,I767,_,00020,313
I767__00010.314,8.462322740225396,45.594314225,I767,_,00010,314
I767__00170.314,8.455250171867284,45.571769485000004,I767,_,00170,314
I767__00160.314,8.443453105991368,45.56664362,I767,_,00160,314
I767__00150.314,8.434526409357444,45.57582174,I767,_,00150,314
I767__00110.314,8.42603161986283,45.57182258,I767,_,00110,314
I767__00090.314,8.437482799598673,45.57592349,I767,_,00090,314
I767__00060.314,8.44523375218435,45.58072217,I767,_,00060,314
I767__00050.314,8.44223203864443,45.588486270000004,I767,_,00050,314
I767__00040.314,8.44942344434597,45.579125829999995,I767,_,00040,314
I767__00030.314,8.467119117533255,45.575347745,I767,_,00030,314
I767__00020.314,8.46862401466228,45.586483834999996,I767,_,00020,314
I767__00010.315,8.463094027047259,45.59455896,I767,_,00010,315
I767__00150.315,8.433503445885211,45.574656895000004,I767,_,00150,315
I767__00110.315,8.426393969206785,45.571923534999996,I767,_,00110,315
I767__00070.315,8.435411709360583,45.58413666,I767,_,00070,315
I767__00060.315,8.445618264868015,45.580630490000004,I767,_,00060,315
I767__00050.315,8.442615369149912,45.588486985,I767,_,00050,315
I767__00040.315,8.448787590421954,45.5785317,I767,_,00040,315
I767__00030.315,8.466799016681033,45.575585825,I767,_,00030,315
I767__00020.315,8.467725027721556,45.586306425000004,I767,_,00020,315
I767__00010.316,8.463126569911845,45.59447227,I767,_,00010,316
I767__00170.316,8.455617121562026,45.57194314,I767,_,00170,316
I767__00070.316,8.434024901583108,45.58323002,I767,_,00070,316
I767__00060.316,8.445418732216352,45.58044021,I767,_,00060,316
I767__00050.316,8.442770896071586,45.58854053,I767,_,00050,316
I767__00040.316,8.449173193337543,45.578244395,I767,_,00040,316
I767__00030.316,8.47022110038434,45.576360140000006,I767,_,00030,316
I767__00020.316,8.467798430656533,45.586121070000004,I767,_,00020,316
I767__00010.317,8.46317344281839,45.59366086,I767,_,00010,317
I767__00170.317,8.456017658790278,45.572005759999996,I767,_,00170,317
I767__00160.317,8.448673723321196,45.573815365,I767,_,00160,317
I767__00150.317,8.434491429055656,45.573305595,I767,_,00150,317
I767__00110.317,8.422518453511419,45.58098964,I767,_,00110,317
I767__00070.317,8.433110836643682,45.582422155,I767,_,00070,317
I767__00060.317,8.445459409913507,45.580336215,I767,_,00060,317
I767__00050.317,8.443835978658461,45.58774587,I767,_,00050,317
I767__00040.317,8.449751508178725,45.579037005,I767,_,00040,317
I767__00030.317,8.47034965599816,45.57982691,I767,_,00030,317
I767__00020.317,8.468742701470859,45.586327055,I767,_,00020,317
I767__00010.318,8.462842444187697,45.59310356,I767,_,00010,318
I767__00170.318,8.456363147341484,45.572175009999995,I767,_,00170,318
I767__00160.318,8.44892953365043,45.57341779,I767,_,00160,318
I767__00110.318,8.418696093447636,45.57722301,I767,_,00110,318
I767__00090.318,8.438528801693206,45.57514675,I767,_,00090,318
I767__00060.318,8.445342811645634,45.580153625,I767,_,00060,318
I767__00050.318,8.447906335567923,45.59068632,I767,_,00050,318
I767__00040.318,8.450089496011536,45.57935722,I767,_,00040,318
I767__00030.318,8.47006373820259,45.579744605,I767,_,00030,318
I767__00020.318,8.467843855945276,45.585908045,I767,_,00020,318
I767__00020.319,8.468759359635111,45.586089044999994,I767,_,00020,319
I767__00170.319,8.45661160719655,45.572104845,I767,_,00170,319
I767__00160.319,8.442838687364855,45.565680369999995,I767,_,00160,319
I767__00150.319,8.437003872709859,45.572333415,I767,_,00150,319
I767__00110.319,8.419072569751357,45.57717905,I767,_,00110,319
I767__00090.319,8.438581155949263,45.575168535,I767,_,00090,319
I767__00070.319,8.43329027973213,45.582177474999995,I767,_,00070,319
I767__00060.319,8.445559538845677,45.580136105,I767,_,00060,319
I767__00050.319,8.447919081644383,45.590548155,I767,_,00050,319
I767__00040.319,8.450465837028613,45.57934746,I767,_,00040,319
I767__00030.319,8.470793640912976,45.579920845000004,I767,_,00030,319
I767__00010.32,8.4563709584287,45.587973205,I767,_,00010,32
I767__00180.32,8.438599063005075,45.566570444999996,I767,_,00180,32
I767__00170.32,8.452309492934603,45.574491625,I767,_,00170,32
I767__00160.32,8.445270951225888,45.57582501500001,I767,_,00160,32
I767__00150.32,8.435503477463818,45.575307015,I767,_,00150,32
I767__00130.32,8.42441086000282,45.568788435,I767,_,00130,32
I767__00120.32,8.416116053788276,45.574307905,I767,_,00120,32
I767__00110.32,8.418242668994338,45.577679255,I767,_,00110,32
I767__00100.32,8.428247734074468,45.583086125,I767,_,00100,32
I767__00090.32,8.43607590112332,45.57570380999999,I767,_,00090,32
I767__00070.32,8.436701313418641,45.586296895000004,I767,_,00070,32
I767__00060.32,8.43980155142353,45.586150945,I767,_,00060,32
I767__00040.32,8.451646364687395,45.58527456,I767,_,00040,32
I767__00030.32,8.46235829790906,45.579916185,I767,_,00030,32
I767__00020.32,8.457824589833654,45.581985345,I767,_,00020,32
I767__00010.320,8.465136942688066,45.594692245,I767,_,00010,320
I767__00170.320,8.456434764034878,45.572007005,I767,_,00170,320
I767__00160.320,8.44712181375266,45.57514062,I767,_,00160,320
I767__00150.320,8.435935984535579,45.570789255,I767,_,00150,320
I767__00110.320,8.42130859172105,45.574453285,I767,_,00110,320
I767__00060.320,8.4448755132112,45.579586559999996,I767,_,00060,320
I767__00050.320,8.448182133765922,45.590488965000006,I767,_,00050,320
I767__00040.320,8.450038206452936,45.578769865,I767,_,00040,320
I767__00030.320,8.471373298607904,45.58001632,I767,_,00030,320
I767__00020.320,8.469783473452141,45.586459475,I767,_,00020,320
I767__00010.321,8.465383221237158,45.59431123,I767,_,00010,321
I767__00170.321,8.456205938100618,45.57196198,I767,_,00170,321
I767__00160.321,8.445920353198138,45.57510645,I767,_,00160,321
I767__00110.321,8.421704803075231,45.574626,I767,_,00110,321
I767__00090.321,8.435839623201456,45.57693051,I767,_,00090,321
I767__00060.321,8.445776522752192,45.580115955,I767,_,00060,321
I767__00050.321,8.451028037504436,45.58972665,I767,_,00050,321
I767__00040.321,8.449600059845682,45.578237935000004,I767,_,00040,321
I767__00030.321,8.470570813088425,45.579278540000004,I767,_,00030,321
I767__00020.321,8.470316391936667,45.586118459999994,I767,_,00020,321
I767__00010.322,8.457419340284623,45.588842189999994,I767,_,00010,322
I767__00170.322,8.455848314244324,45.571790515,I767,_,00170,322
I767__00160.322,8.448818462184354,45.574547075,I767,_,00160,322
I767__00110.322,8.423717029653751,45.575694625,I767,_,00110,322
I767__00090.322,8.435978058902267,45.57684573,I767,_,00090,322
I767__00060.322,8.445839021656816,45.580009895,I767,_,00060,322
I767__00050.322,8.450609308648538,45.58989685,I767,_,00050,322
I767__00040.322,8.45026963990665,45.578596015,I767,_,00040,322
I767__00030.322,8.471386530305777,45.578923700000004,I767,_,00030,322
I767__00020.322,8.469777220456596,45.58601478,I767,_,00020,322
I767__00020.323,8.46891118286705,45.585922804999996,I767,_,00020,323
I767__00170.323,8.455549029863839,45.571627434999996,I767,_,00170,323
I767__00160.323,8.449356506567069,45.57438116,I767,_,00160,323
I767__00110.323,8.423969881503929,45.575738865000005,I767,_,00110,323
I767__00090.323,8.436699201066961,45.57478026,I767,_,00090,323
I767__00080.323,8.438341393595884,45.57779746,I767,_,00080,323
I767__00060.323,8.446011930776216,45.579933775,I767,_,00060,323
I767__00050.323,8.451743924044951,45.588880485000004,I767,_,00050,323
I767__00040.323,8.450760862836702,45.579329095000006,I767,_,00040,323
I767__00030.323,8.471035405908431,45.57881285,I767,_,00030,323
I767__00010.324,8.460109382555245,45.588492215,I767,_,00010,324
I767__00170.324,8.45530106715823,45.57153284,I767,_,00170,324
I767__00160.324,8.444314577226553,45.57225345,I767,_,00160,324
I767__00150.324,8.436783142007197,45.5719244,I767,_,00150,324
I767__00110.324,8.425284281747064,45.57679939,I767,_,00110,324
I767__00090.324,8.436872166197377,45.57456988,I767,_,00090,324
I767__00070.324,8.436988703646588,45.584050794999996,I767,_,00070,324
I767__00060.324,8.445090522077479,45.579329995,I767,_,00060,324
I767__00050.324,8.452976863180156,45.58929103,I767,_,00050,324
I767__00040.324,8.451150281153751,45.579320465,I767,_,00040,324
I767__00030.324,8.470591545955998,45.57870624,I767,_,00030,324
I767__00020.324,8.468028572632338,45.58577562,I767,_,00020,324
I767__00010.325,8.460777835286564,45.588919525,I767,_,00010,325
I767__00170.325,8.455554999077075,45.571451485,I767,_,00170,325
I767__00160.325,8.444487177156834,45.572107724999995,I767,_,00160,325
I767__00150.325,8.43734908364605,45.57043263,I767,_,00150,325
I767__00110.325,8.425365290344502,45.577001225000004,I767,_,00110,325
I767__00090.325,8.436767513401389,45.574693679999996,I767,_,00090,325
I767__00080.325,8.438252544489933,45.576257705,I767,_,00080,325
I767__00070.325,8.437136763298929,45.583769965,I767,_,00070,325
I767__00060.325,8.444837147453521,45.57915169,I767,_,00060,325
I767__00050.325,8.449473794770258,45.587756889999994,I767,_,00050,325
I767__00040.325,8.4506952760966,45.57860766,I767,_,00040,325
I767__00030.325,8.471104510144926,45.5776763,I767,_,00030,325
I767__00020.325,8.468316341557301,45.585580065,I767,_,00020,325
I767__00010.326,8.459859886061729,45.590384365,I767,_,00010,326
I767__00160.326,8.441450277655385,45.56564362,I767,_,00160,326
I767__00150.326,8.441081537532785,45.569012835,I767,_,00150,326
I767__00110.326,8.425603274081302,45.577082605,I767,_,00110,326
I767__00070.326,8.437735033006451,45.583953394999995,I767,_,00070,326
I767__00060.326,8.44543693657085,45.579001215000005,I767,_,00060,326
I767__00050.326,8.450557042403872,45.58694653,I767,_,00050,326
I767__00030.326,8.47123623486435,45.577498395,I767,_,00030,326
I767__00020.326,8.469282770074646,45.585771615,I767,_,00020,326
I767__00010.327,8.461580245467122,45.58933016,I767,_,00010,327
I767__00170.327,8.45591009930913,45.571627835,I767,_,00170,327
I767__00160.327,8.443531323170836,45.56459371,I767,_,00160,327
I767__00150.327,8.440446878003305,45.56877392,I767,_,00150,327
I767__00110.327,8.425360812896958,45.576137759999995,I767,_,00110,327
I767__00060.327,8.445370240726078,45.57925809,I767,_,00060,327
I767__00050.327,8.44989294915483,45.58715789,I767,_,00050,327
I767__00030.327,8.471583623855253,45.577426564999996,I767,_,00030,327
I767__00020.327,8.469374172739752,45.58559233,I767,_,00020,327
I767__00010.328,8.462289225142854,45.58895433,I767,_,00010,328
I767__00170.328,8.455868332735367,45.57146126,I767,_,00170,328
I767__00150.328,8.441154636193243,45.569040599999994,I767,_,00150,328
I767__00110.328,8.42621210402443,45.576523245000004,I767,_,00110,328
I767__00090.328,8.4370690205398,45.574661705,I767,_,00090,328
I767__00060.328,8.445817540243583,45.579474125000004,I767,_,00060,328
I767__00050.328,8.443278473542765,45.58607377,I767,_,00050,328
I767__00030.328,8.466198491805105,45.577729875,I767,_,00030,328
I767__00020.328,8.468574060130273,45.585495855,I767,_,00020,328
I767__00010.329,8.462329667024093,45.58792709,I767,_,00010,329
I767__00160.329,8.442188689448155,45.572774765,I767,_,00160,329
I767__00110.329,8.423487400220417,45.573837425,I767,_,00110,329
I767__00060.329,8.446658861321769,45.580212855,I767,_,00060,329
I767__00050.329,8.444632700236589,45.585700725,I767,_,00050,329
I767__00040.329,8.452041458379185,45.579048424999996,I767,_,00040,329
I767__00030.329,8.470764417425455,45.57899371,I767,_,00030,329
I767__00020.329,8.468509331321432,45.585249855,I767,_,00020,329
I767__00010.33,8.456628628423365,45.58819945,I767,_,00010,33
I767__00180.33,8.438674933892768,45.566817005000004,I767,_,00180,33
I767__00170.33,8.452522273591665,45.574624224999994,I767,_,00170,33
I767__00160.33,8.444341217958641,45.576045345,I767,_,00160,33
I767__00150.33,8.434426989034218,45.575933465000006,I767,_,00150,33
I767__00140.33,8.430448621117861,45.57480715,I767,_,00140,33
I767__00130.33,8.424631597051373,45.568756225,I767,_,00130,33
I767__00120.33,8.416093586060502,45.57407789,I767,_,00120,33
I767__00110.33,8.41978822163269,45.578383544999994,I767,_,00110,33
I767__00100.33,8.428468571935479,45.582800254999995,I767,_,00100,33
I767__00090.33,8.436116421294477,45.57563079,I767,_,00090,33
I767__00070.33,8.435350072948854,45.586409245,I767,_,00070,33
I767__00060.33,8.440341090091913,45.58621399,I767,_,00060,33
I767__00050.33,8.453192459462702,45.591110175,I767,_,00050,33
I767__00040.33,8.452305396809182,45.58640262,I767,_,00040,33
I767__00030.33,8.46284474368397,45.57983747,I767,_,00030,33
I767__00020.33,8.457914695976783,45.58182043,I767,_,00020,33
I767__00010.330,8.463819982399215,45.592108870000004,I767,_,00010,330
I767__00160.330,8.448866721729193,45.575046085,I767,_,00160,330
I767__00150.330,8.43331086140071,45.574448405,I767,_,00150,330
I767__00110.330,8.425623772572559,45.574532735000005,I767,_,00110,330
I767__00070.330,8.434513465973819,45.58311496,I767,_,00070,330
I767__00060.330,8.446870207119431,45.580219975,I767,_,00060,330
I767__00050.330,8.446599820897962,45.584910615,I767,_,00050,330
I767__00040.330,8.451972528658345,45.578880940000005,I767,_,00040,330
I767__00030.330,8.460269315078762,45.578832930000004,I767,_,00030,330
I767__00020.330,8.469358584738071,45.585396575000004,I767,_,00020,330
I767__00010.331,8.464542715490314,45.591835005,I767,_,00010,331
I767__00170.331,8.455947118377473,45.57139919,I767,_,00170,331
I767__00160.331,8.443480044927409,45.570481805,I767,_,00160,331
I767__00110.331,8.422282017965006,45.573880025,I767,_,00110,331
I767__00080.331,8.437063921540096,45.577713575000004,I767,_,00080,331
I767__00070.331,8.437570445970358,45.587668465,I767,_,00070,331
I767__00060.331,8.443638196848344,45.582458775,I767,_,00060,331
I767__00050.331,8.443408660059536,45.58760503,I767,_,00050,331
I767__00040.331,8.451665843327119,45.57864816,I767,_,00040,331
I767__00030.331,8.461321011173977,45.578547154999995,I767,_,00030,331
I767__00020.331,8.469148199570252,45.585127725,I767,_,00020,331
I767__00010.332,8.465711097155715,45.589226205,I767,_,00010,332
I767__00110.332,8.420720782932223,45.570417715,I767,_,00110,332
I767__00070.332,8.434811675020693,45.58517914,I767,_,00070,332
I767__00060.332,8.446673968673736,45.58067345,I767,_,00060,332
I767__00050.332,8.446287201492396,45.58823426,I767,_,00050,332
I767__00040.332,8.451875138850758,45.57845456,I767,_,00040,332
I767__00030.332,8.461816718105212,45.578739569999996,I767,_,00030,332
I767__00020.332,8.470162828040671,45.58541442,I767,_,00020,332
I767__00010.333,8.465764143777374,45.589082875,I767,_,00010,333
I767__00160.333,8.446588301383875,45.57047962,I767,_,00160,333
I767__00110.333,8.42373489558937,45.5703566,I767,_,00110,333
I767__00080.333,8.43821591823378,45.576561755,I767,_,00080,333
I767__00070.333,8.435885962185568,45.585047349999996,I767,_,00070,333
I767__00060.333,8.44601846714691,45.581024920000004,I767,_,00060,333
I767__00050.333,8.446305136697848,45.58795497,I767,_,00050,333
I767__00040.333,8.45228854832343,45.57878908,I767,_,00040,333
I767__00030.333,8.462315758364142,45.578877320000004,I767,_,00030,333
I767__00020.333,8.47036984988154,45.585311635,I767,_,00020,333
I767__00010.334,8.464966289924902,45.592788155,I767,_,00010,334
I767__00170.334,8.455980153254778,45.57126490500001,I767,_,00170,334
I767__00160.334,8.442877670208507,45.57615947,I767,_,00160,334
I767__00110.334,8.422550921072059,45.58108731,I767,_,00110,334
I767__00070.334,8.435441689286886,45.583796695000004,I767,_,00070,334
I767__00060.334,8.446132190914753,45.581218215,I767,_,00060,334
I767__00050.334,8.442805985987258,45.586346775,I767,_,00050,334
I767__00040.334,8.452488178979305,45.57894593,I767,_,00040,334
I767__00030.334,8.46174023116826,45.578121115,I767,_,00030,334
I767__00020.334,8.471008927897774,45.584852185,I767,_,00020,334
I767__00010.335,8.467332289543673,45.59052115,I767,_,00010,335
I767__00160.335,8.443192794541984,45.576285385,I767,_,00160,335
I767__00110.335,8.419621129310297,45.57556865,I767,_,00110,335
I767__00080.335,8.440081432701898,45.57604881,I767,_,00080,335
I767__00060.335,8.446297032688404,45.581204459999995,I767,_,00060,335
I767__00050.335,8.443159332623065,45.585846860000004,I767,_,00050,335
I767__00040.335,8.452874839495482,45.578677235,I767,_,00040,335
I767__00030.335,8.462201845033348,45.578360955,I767,_,00030,335
I767__00020.335,8.470396492580722,45.584734174999994,I767,_,00020,335
I767__00010.336,8.4668343887531,45.589719155,I767,_,00010,336
I767__00160.336,8.443247241683107,45.575463975,I767,_,00160,336
I767__00150.336,8.435171609126105,45.574515525,I767,_,00150,336
I767__00110.336,8.423144376467764,45.57244162,I767,_,00110,336
I767__00090.336,8.438451078392902,45.57417379,I767,_,00090,336
I767__00080.336,8.438735642516995,45.57629001,I767,_,00080,336
I767__00070.336,8.434941312807297,45.583800305,I767,_,00070,336
I767__00060.336,8.446794353713287,45.581143275,I767,_,00060,336
I767__00050.336,8.443315456408797,45.585591275,I767,_,00050,336
I767__00040.336,8.452133302755028,45.578248485,I767,_,00040,336
I767__00030.336,8.462568472953064,45.5786243,I767,_,00030,336
I767__00020.336,8.468823740003746,45.58483423,I767,_,00020,336
I767__00010.337,8.468119604758424,45.589755409999995,I767,_,00010,337
I767__00170.337,8.456141424257938,45.571097460000004,I767,_,00170,337
I767__00160.337,8.445777772574676,45.57629718,I767,_,00160,337
I767__00150.337,8.435221576672095,45.574454645,I767,_,00150,337
I767__00110.337,8.42034120408617,45.570444755,I767,_,00110,337
I767__00090.337,8.436320694252023,45.576599814999994,I767,_,00090,337
I767__00080.337,8.439782205184358,45.57630071,I767,_,00080,337
I767__00070.337,8.435311380306203,45.5828741,I767,_,00070,337
I767__00060.337,8.447139222551714,45.58102038,I767,_,00060,337
I767__00050.337,8.445237418818241,45.585862215000006,I767,_,00050,337
I767__00040.337,8.45234668774615,45.57809487,I767,_,00040,337
I767__00030.337,8.460364648296604,45.573718615000004,I767,_,00030,337
I767__00020.337,8.468595642233929,45.58460606,I767,_,00020,337
I767__00010.338,8.466826666792866,45.589110455,I767,_,00010,338
I767__00170.338,8.456517315633686,45.571570035,I767,_,00170,338
I767__00160.338,8.44623812522179,45.576064849999995,I767,_,00160,338
I767__00150.338,8.435104051232571,45.574361890000006,I767,_,00150,338
I767__00110.338,8.420847314287311,45.569424999999995,I767,_,00110,338
I767__00090.338,8.436334405862066,45.57656854,I767,_,00090,338
I767__00080.338,8.439665026518345,45.576795595,I767,_,00080,338
I767__00070.338,8.436293097028877,45.585133725,I767,_,00070,338
I767__00060.338,8.447038094526174,45.58073006,I767,_,00060,338
I767__00050.338,8.447443249637995,45.585779145000004,I767,_,00050,338
I767__00040.338,8.453060717184492,45.57846532,I767,_,00040,338
I767__00030.338,8.465788967839933,45.57927253,I767,_,00030,338
I767__00020.338,8.468709687480342,45.584491595,I767,_,00020,338
I767__00010.339,8.45994457598848,45.59220408,I767,_,00010,339
I767__00170.339,8.456880727279305,45.571889185,I767,_,00170,339
I767__00160.339,8.447400234629793,45.5719482,I767,_,00160,339
I767__00150.339,8.434769778484938,45.574343850000005,I767,_,00150,339
I767__00110.339,8.426433718515288,45.573013225,I767,_,00110,339
I767__00090.339,8.436357066513214,45.576546485,I767,_,00090,339
I767__00080.339,8.438452427396276,45.578185125000005,I767,_,00080,339
I767__00070.339,8.435731365473716,45.57932426,I767,_,00070,339
I767__00060.339,8.44746734656516,45.58093446,I767,_,00060,339
I767__00050.339,8.448246624092164,45.58687598,I767,_,00050,339
I767__00040.339,8.453151259374627,45.578326215000004,I767,_,00040,339
I767__00030.339,8.465948590400922,45.57928753,I767,_,00030,339
I767__00020.339,8.46951612857869,45.58464873,I767,_,00020,339
I767__00010.34,8.456884232315456,45.58816699,I767,_,00010,34
I767__00180.34,8.43835693540064,45.566814655,I767,_,00180,34
I767__00170.34,8.452333763359665,45.574815525000005,I767,_,00170,34
I767__00160.34,8.445036378909371,45.57615217,I767,_,00160,34
I767__00140.34,8.429716272411367,45.574408645,I767,_,00140,34
I767__00130.34,8.42488256642665,45.568756225,I767,_,00130,34
I767__00120.34,8.41679227044198,45.574350105,I767,_,00120,34
I767__00110.34,8.4195008601014,45.578064389999994,I767,_,00110,34
I767__00100.34,8.429145161786835,45.581817605,I767,_,00100,34
I767__00090.34,8.436182802210812,45.57565952,I767,_,00090,34
I767__00070.34,8.435386996475387,45.58673689,I767,_,00070,34
I767__00060.34,8.440688182236313,45.58602234,I767,_,00060,34
I767__00040.34,8.451820296895436,45.58499336,I767,_,00040,34
I767__00030.34,8.463064556455402,45.580056145,I767,_,00030,34
I767__00020.34,8.457906173087604,45.581542215,I767,_,00020,34
I767__00010.340,8.45839831784989,45.59039988,I767,_,00010,340
I767__00170.340,8.456795423574988,45.571716475,I767,_,00170,340
I767__00160.340,8.448569598059402,45.570823625,I767,_,00160,340
I767__00150.340,8.43482808160547,45.574269924999996,I767,_,00150,340
I767__00110.340,8.423122969388722,45.575240045,I767,_,00110,340
I767__00080.340,8.438385388728493,45.57831322,I767,_,00080,340
I767__00060.340,8.447648559692752,45.58079042,I767,_,00060,340
I767__00050.340,8.448477050611746,45.586516095,I767,_,00050,340
I767__00040.340,8.452527914345254,45.578013795000004,I767,_,00040,340
I767__00030.340,8.46623213501952,45.579302465,I767,_,00030,340
I767__00020.340,8.470883241307801,45.58469532,I767,_,00020,340
I767__00020.341,8.468743829608112,45.584405605,I767,_,00020,341
I767__00170.341,8.45711844301877,45.57145956,I767,_,00170,341
I767__00160.341,8.448679921110994,45.5707146,I767,_,00160,341
I767__00150.341,8.434902716441542,45.57423226,I767,_,00150,341
I767__00110.341,8.41917839988205,45.578846889999994,I767,_,00110,341
I767__00080.341,8.438480087740263,45.57594881,I767,_,00080,341
I767__00070.341,8.43526300753184,45.583590425,I767,_,00070,341
I767__00060.341,8.447201315892901,45.580572235,I767,_,00060,341
I767__00040.341,8.452738373380937,45.578045169999996,I767,_,00040,341
I767__00030.341,8.466498297067101,45.579273380000004,I767,_,00030,341
I767__00010.342,8.46380520303465,45.592449265,I767,_,00010,342
I767__00170.342,8.45675847020328,45.57127413,I767,_,00170,342
I767__00160.342,8.446434203776233,45.56903593,I767,_,00160,342
I767__00110.342,8.422748936799145,45.580127305000005,I767,_,00110,342
I767__00090.342,8.43705907822645,45.57507472,I767,_,00090,342
I767__00080.342,8.438103514720657,45.57759305,I767,_,00080,342
I767__00060.342,8.447001402515198,45.580326785,I767,_,00060,342
I767__00040.342,8.453167895065938,45.578246345,I767,_,00040,342
I767__00030.342,8.466626202521093,45.57925227,I767,_,00030,342
I767__00020.342,8.46906963532242,45.584285045,I767,_,00020,342
I767__00010.343,8.463836786703316,45.59237133,I767,_,00010,343
I767__00170.343,8.456373137681517,45.57096843,I767,_,00170,343
I767__00160.343,8.446782748810662,45.56939622,I767,_,00160,343
I767__00150.343,8.435436137489397,45.57430652,I767,_,00150,343
I767__00110.343,8.421353821516485,45.579189615000004,I767,_,00110,343
I767__00090.343,8.437952642981266,45.5755527,I767,_,00090,343
I767__00080.343,8.437858904936569,45.578097595,I767,_,00080,343
I767__00060.343,8.447450925000643,45.580442835,I767,_,00060,343
I767__00050.343,8.446711600878885,45.589500525000005,I767,_,00050,343
I767__00040.343,8.453207275243935,45.578180355,I767,_,00040,343
I767__00030.343,8.466768562901853,45.579273815,I767,_,00030,343
I767__00020.343,8.470179420804303,45.58455753,I767,_,00020,343
I767__00010.344,8.467118649167702,45.591355545,I767,_,00010,344
I767__00170.344,8.456847455884036,45.57102501,I767,_,00170,344
I767__00160.344,8.4458022678279,45.567405705,I767,_,00160,344
I767__00150.344,8.436208088880054,45.572568605,I767,_,00150,344
I767__00110.344,8.420263139108611,45.576113835,I767,_,00110,344
I767__00080.344,8.438346556858942,45.576277094999995,I767,_,00080,344
I767__00070.344,8.43486575969573,45.581518349999996,I767,_,00070,344
I767__00060.344,8.447934493328857,45.580718015,I767,_,00060,344
I767__00050.344,8.451148605960544,45.587614654999996,I767,_,00050,344
I767__00040.344,8.452587678333977,45.5778615,I767,_,00040,344
I767__00030.344,8.466164442649486,45.578999335000006,I767,_,00030,344
I767__00010.345,8.467061826505926,45.589086595,I767,_,00010,345
I767__00170.345,8.456587622618054,45.57079587,I767,_,00170,345
I767__00160.345,8.441281221290556,45.571240904999996,I767,_,00160,345
I767__00150.345,8.438155508497651,45.57192191,I767,_,00150,345
I767__00110.345,8.426042771778299,45.576981675,I767,_,00110,345
I767__00070.345,8.436057770578245,45.579916350000005,I767,_,00070,345
I767__00060.345,8.448311643970099,45.580938614999994,I767,_,00060,345
I767__00040.345,8.452864614262237,45.5777492,I767,_,00040,345
I767__00030.345,8.466427362155066,45.578974485,I767,_,00030,345
I767__00020.345,8.470952881493783,45.58451963,I767,_,00020,345
I767__00010.346,8.463761440595889,45.593778415,I767,_,00010,346
I767__00170.346,8.457157302266278,45.57104681,I767,_,00170,346
I767__00160.346,8.441556289870604,45.570826605,I767,_,00160,346
I767__00110.346,8.426308414102248,45.576293535,I767,_,00110,346
I767__00090.346,8.435826864320507,45.577076455,I767,_,00090,346
I767__00080.346,8.43950748861545,45.576919275,I767,_,00080,346
I767__00060.346,8.448648013909418,45.58091796,I767,_,00060,346
I767__00050.346,8.452511016060072,45.58789359,I767,_,00050,346
I767__00040.346,8.453238484684828,45.577888705,I767,_,00040,346
I767__00030.346,8.466557328558435,45.57896205,I767,_,00030,346
I767__00020.346,8.470348231354675,45.584401,I767,_,00020,346
I767__00010.347,8.463406398106137,45.59342984,I767,_,00010,347
I767__00170.347,8.45739186589661,45.571037975,I767,_,00170,347
I767__00160.347,8.440593799475405,45.57083446,I767,_,00160,347
I767__00110.347,8.423237011200225,45.57444376,I767,_,00110,347
I767__00090.347,8.437710223893088,45.574284825,I767,_,00090,347
I767__00080.347,8.439720904955184,45.576997320000004,I767,_,00080,347
I767__00060.347,8.448324081561925,45.580523585,I767,_,00060,347
I767__00050.347,8.455141334800041,45.591131864999994,I767,_,00050,347
I767__00040.347,8.452949960552434,45.577608765,I767,_,00040,347
I767__00030.347,8.466699982505885,45.578977925000004,I767,_,00030,347
I767__00020.347,8.46897127271648,45.584053569999995,I767,_,00020,347
I767__00010.348,8.465797121768263,45.59318277,I767,_,00010,348
I767__00170.348,8.458447307134568,45.571186260000005,I767,_,00170,348
I767__00160.348,8.440776206470712,45.570525965,I767,_,00160,348
I767__00150.348,8.437789334108423,45.572683525,I767,_,00150,348
I767__00110.348,8.422660594423185,45.570290635,I767,_,00110,348
I767__00090.348,8.437934973499155,45.574384235,I767,_,00090,348
I767__00080.348,8.438135739868741,45.57830613,I767,_,00080,348
I767__00060.348,8.448101971554475,45.58025963,I767,_,00060,348
I767__00050.348,8.449111891041149,45.586770455,I767,_,00050,348
I767__00040.348,8.45337754815253,45.577813954999996,I767,_,00040,348
I767__00030.348,8.468392388899534,45.578113275,I767,_,00030,348
I767__00010.349,8.461042206849212,45.59169531,I767,_,00010,349
I767__00170.349,8.459981433636191,45.57179262,I767,_,00170,349
I767__00160.349,8.445741017770976,45.571767815,I767,_,00160,349
I767__00150.349,8.439947593276555,45.572632105,I767,_,00150,349
I767__00110.349,8.422342879545976,45.571088035,I767,_,00110,349
I767__00090.349,8.4381582961195,45.57448169,I767,_,00090,349
I767__00080.349,8.438038053491894,45.57814777,I767,_,00080,349
I767__00070.349,8.433869224347955,45.58150177,I767,_,00070,349
I767__00060.349,8.448018337581038,45.580483265,I767,_,00060,349
I767__00050.349,8.449198672616188,45.58679339,I767,_,00050,349
I767__00040.349,8.453511156911723,45.577713625,I767,_,00040,349
I767__00030.349,8.467609235501673,45.57814527,I767,_,00030,349
I767__00020.349,8.463333540214546,45.585652665,I767,_,00020,349
I767__00010.35,8.45696330814484,45.588039585000004,I767,_,00010,35
I767__00180.35,8.438567830685132,45.566973985000004,I767,_,00180,35
I767__00170.35,8.451713438868362,45.57549219,I767,_,00170,35
I767__00160.35,8.446476433500148,45.575796555,I767,_,00160,35
I767__00150.35,8.434698513319855,45.57547752,I767,_,00150,35
I767__00130.35,8.425267518658035,45.568798725,I767,_,00130,35
I767__00120.35,8.417084898682027,45.57398643,I767,_,00120,35
I767__00110.35,8.418520869319023,45.577611825,I767,_,00110,35
I767__00100.35,8.428772468629028,45.582988490000005,I767,_,00100,35
I767__00080.35,8.438286691956192,45.578416680000004,I767,_,00080,35
I767__00070.35,8.435247727785086,45.58690395,I767,_,00070,35
I767__00060.35,8.441525366694144,45.585908175,I767,_,00060,35
I767__00040.35,8.451986457750396,45.584918,I767,_,00040,35
I767__00030.35,8.464195355734947,45.57981773,I767,_,00030,35
I767__00020.35,8.457950563306817,45.581385855,I767,_,00020,35
I767__00010.350,8.460654034147938,45.58958231,I767,_,00010,350
I767__00170.350,8.458198659258672,45.571288595,I767,_,00170,350
I767__00160.350,8.44499373390745,45.56931817,I767,_,00160,350
I767__00150.350,8.440193546812434,45.57241343,I767,_,00150,350
I767__00110.350,8.424911731326052,45.571476794999995,I767,_,00110,350
I767__00090.350,8.43838794471074,45.574582605,I767,_,00090,350
I767__00070.350,8.435845255162228,45.57960957,I767,_,00070,350
I767__00060.350,8.44767657363181,45.580289719999996,I767,_,00060,350
I767__00050.350,8.449220339231477,45.586524405,I767,_,00050,350
I767__00040.350,8.453097797946615,45.577494685000005,I767,_,00040,350
I767__00030.350,8.466792336693578,45.57787849499999,I767,_,00030,350
I767__00020.350,8.469473792784354,45.58401422,I767,_,00020,350
I767__00010.351,8.455664344584637,45.58770462,I767,_,00010,351
I767__00170.351,8.45903796201197,45.5716077,I767,_,00170,351
I767__00160.351,8.443006931147451,45.567628150000004,I767,_,00160,351
I767__00150.351,8.439564856123326,45.572417085,I767,_,00150,351
I767__00110.351,8.420835086998434,45.57667341,I767,_,00110,351
I767__00090.351,8.438628414536904,45.574611430000004,I767,_,00090,351
I767__00070.351,8.435439791494808,45.58749704,I767,_,00070,351
I767__00060.351,8.44733454369704,45.579932845,I767,_,00060,351
I767__00050.351,8.449318136509653,45.586525015,I767,_,00050,351
I767__00040.351,8.452539868704012,45.57725803,I767,_,00040,351
I767__00030.351,8.467129297926483,45.577853445,I767,_,00030,351
I767__00020.351,8.470390415584124,45.584241385,I767,_,00020,351
I767__00010.352,8.456728853947764,45.590752269999996,I767,_,00010,352
I767__00170.352,8.458949032773964,45.571683930000006,I767,_,00170,352
I767__00160.352,8.44312963081979,45.567446775,I767,_,00160,352
I767__00150.352,8.439787198408744,45.572187595,I767,_,00150,352
I767__00110.352,8.41935928493714,45.579882395,I767,_,00110,352
I767__00080.352,8.438835419204576,45.57857351,I767,_,00080,352
I767__00070.352,8.435184157057304,45.58394217,I767,_,00070,352
I767__00060.352,8.446353440059951,45.57939641,I767,_,00060,352
I767__00050.352,8.44407545289545,45.58681774,I767,_,00050,352
I767__00040.352,8.452183364311399,45.577692084999995,I767,_,00040,352
I767__00030.352,8.467191908863498,45.577238730000005,I767,_,00030,352
I767__00020.352,8.4710577922034,45.58436084,I767,_,00020,352
I767__00010.353,8.460628641505114,45.59308828,I767,_,00010,353
I767__00170.353,8.458103237657106,45.57139076,I767,_,00170,353
I767__00110.353,8.419411494895588,45.579942630000005,I767,_,00110,353
I767__00090.353,8.438913901304279,45.574695365,I767,_,00090,353
I767__00080.353,8.439243740808186,45.57803038,I767,_,00080,353
I767__00060.353,8.446359717299112,45.579225135,I767,_,00060,353
I767__00050.353,8.444523994234643,45.586289980000004,I767,_,00050,353
I767__00040.353,8.451874507702291,45.57757852,I767,_,00040,353
I767__00030.353,8.467643079351582,45.577078745,I767,_,00030,353
I767__00010.354,8.46074435159047,45.59306232,I767,_,00010,354
I767__00170.354,8.458000892649014,45.571502205,I767,_,00170,354
I767__00160.354,8.445733646808087,45.568495775,I767,_,00160,354
I767__00110.354,8.419572439272997,45.57986306,I767,_,00110,354
I767__00090.354,8.437020890855967,45.576405179999995,I767,_,00090,354
I767__00080.354,8.439379883003248,45.577080280000004,I767,_,00080,354
I767__00070.354,8.43755915709116,45.580500685,I767,_,00070,354
I767__00060.354,8.44541062774704,45.578906149999995,I767,_,00060,354
I767__00050.354,8.447734128783079,45.5880393,I767,_,00050,354
I767__00040.354,8.451887752520193,45.577952795,I767,_,00040,354
I767__00030.354,8.467241536717626,45.577069285,I767,_,00030,354
I767__00020.354,8.470840492806978,45.58414998,I767,_,00020,354
I767__00010.355,8.460864654608082,45.59251416,I767,_,00010,355
I767__00170.355,8.458889175561477,45.571779235,I767,_,00170,355
I767__00160.355,8.444406576457814,45.573286615,I767,_,00160,355
I767__00150.355,8.435077956909085,45.568033165,I767,_,00150,355
I767__00110.355,8.41967719151219,45.578463285,I767,_,00110,355
I767__00090.355,8.437199059527025,45.57628229,I767,_,00090,355
I767__00080.355,8.439525145777566,45.577068714999996,I767,_,00080,355
I767__00060.355,8.445512139043831,45.57844498,I767,_,00060,355
I767__00050.355,8.448815632252476,45.58840051,I767,_,00050,355
I767__00040.355,8.451356863234714,45.577958100000004,I767,_,00040,355
I767__00030.355,8.46362338767906,45.57519879,I767,_,00030,355
I767__00020.355,8.468885439662612,45.583618564999995,I767,_,00020,355
I767__00010.356,8.460975991789201,45.59250839,I767,_,00010,356
I767__00170.356,8.458709873143501,45.57189152,I767,_,00170,356
I767__00160.356,8.445856196420827,45.573595409999996,I767,_,00160,356
I767__00150.356,8.435429882872189,45.568178555,I767,_,00150,356
I767__00110.356,8.418655476201703,45.572892915,I767,_,00110,356
I767__00090.356,8.435331934758022,45.576493490000004,I767,_,00090,356
I767__00080.356,8.439673157061815,45.57692175,I767,_,00080,356
I767__00060.356,8.446207131768638,45.578829555,I767,_,00060,356
I767__00050.356,8.446389855885723,45.58997321,I767,_,00050,356
I767__00040.356,8.45117534355121,45.57803921,I767,_,00040,356
I767__00030.356,8.463273604835642,45.58016885,I767,_,00030,356
I767__00020.356,8.471038162399992,45.584047229999996,I767,_,00020,356
I767__00010.357,8.4622307619914,45.592422295000006,I767,_,00010,357
I767__00170.357,8.45774559311447,45.571616345,I767,_,00170,357
I767__00160.357,8.448257734461954,45.573514465,I767,_,00160,357
I767__00150.357,8.434539018872647,45.567325589999996,I767,_,00150,357
I767__00110.357,8.42437724378064,45.574707005,I767,_,00110,357
I767__00090.357,8.436899138805003,45.575189975,I767,_,00090,357
I767__00080.357,8.43946458012407,45.57748477,I767,_,00080,357
I767__00060.357,8.446353730475956,45.579052919999995,I767,_,00060,357
I767__00050.357,8.447944289673856,45.589214855,I767,_,00050,357
I767__00040.357,8.451065013068426,45.578025135,I767,_,00040,357
I767__00030.357,8.460807696567885,45.57958676,I767,_,00030,357
I767__00010.358,8.46336542939402,45.59352612,I767,_,00010,358
I767__00170.358,8.4578940656116,45.571762885,I767,_,00170,358
I767__00160.358,8.44613279013009,45.57141804,I767,_,00160,358
I767__00150.358,8.434949567656446,45.567392075,I767,_,00150,358
I767__00110.358,8.422527081672982,45.571317485,I767,_,00110,358
I767__00090.358,8.437517821304683,45.576605625,I767,_,00090,358
I767__00080.358,8.4396327048319,45.576490325,I767,_,00080,358
I767__00070.358,8.433521010340872,45.58197917,I767,_,00070,358
I767__00060.358,8.4469097842356,45.579407544999995,I767,_,00060,358
I767__00050.358,8.452674444034102,45.589614215,I767,_,00050,358
I767__00040.358,8.451072518566676,45.577891265000005,I767,_,00040,358
I767__00030.358,8.461261880722141,45.574401625,I767,_,00030,358
I767__00010.359,8.460223001966646,45.589932085,I767,_,00010,359
I767__00170.359,8.459185214511415,45.57225822,I767,_,00170,359
I767__00160.359,8.449791220574058,45.568106475,I767,_,00160,359
I767__00150.359,8.439963167460768,45.571662115,I767,_,00150,359
I767__00110.359,8.424524908338288,45.572284249999996,I767,_,00110,359
I767__00080.359,8.439780320735444,45.576487135,I767,_,00080,359
I767__00070.359,8.434190228395835,45.581836075,I767,_,00070,359
I767__00060.359,8.447421186414335,45.579299655,I767,_,00060,359
I767__00050.359,8.444802479263458,45.58526837,I767,_,00050,359
I767__00040.359,8.450977125886347,45.577950035,I767,_,00040,359
I767__00030.359,8.461653037237966,45.574727745000004,I767,_,00030,359
I767__00020.359,8.471301544475477,45.583931820000004,I767,_,00020,359
I767__00010.36,8.457125525585726,45.58836708,I767,_,00010,36
I767__00180.36,8.438290586535002,45.567108535,I767,_,00180,36
I767__00170.36,8.452045510345213,45.575620705000006,I767,_,00170,36
I767__00160.36,8.445663919554777,45.575472364999996,I767,_,00160,36
I767__00150.36,8.434937442247445,45.575013925,I767,_,00150,36
I767__00130.36,8.424286476823259,45.568273835,I767,_,00130,36
I767__00120.36,8.416385183435409,45.573758705,I767,_,00120,36
I767__00110.36,8.417117848014511,45.576092365,I767,_,00110,36
I767__00100.36,8.430127266929885,45.581286184999996,I767,_,00100,36
I767__00090.36,8.436265885408806,45.57570215,I767,_,00090,36
I767__00060.36,8.441887450532098,45.585851255,I767,_,00060,36
I767__00040.36,8.452323626243619,45.584805855,I767,_,00040,36
I767__00030.36,8.46509655900557,45.579880239999994,I767,_,00030,36
I767__00020.36,8.458077814632208,45.581195065,I767,_,00020,36
I767__00010.360,8.463517291473059,45.588810295,I767,_,00010,360
I767__00170.360,8.458514518594079,45.57208378999999,I767,_,00170,360
I767__00160.360,8.447044828228108,45.56664509,I767,_,00160,360
I767__00150.360,8.43399018071609,45.573840015,I767,_,00150,360
I767__00110.360,8.421184587206564,45.571983355,I767,_,00110,360
I767__00090.360,8.437020839592943,45.576459845,I767,_,00090,360
I767__00060.360,8.447273724474508,45.579421605,I767,_,00060,360
I767__00050.360,8.447668440757992,45.586720185000004,I767,_,00050,360
I767__00040.360,8.451058089573937,45.577556525000006,I767,_,00040,360
I767__00030.360,8.46170966698268,45.573947149999995,I767,_,00030,360
I767__00020.360,8.469571605222686,45.583546125,I767,_,00020,360
I767__00010.361,8.46342601608091,45.587968425,I767,_,00010,361
I767__00170.361,8.458454747225185,45.5721394,I767,_,00170,361
I767__00160.361,8.447310626281219,45.575072455,I767,_,00160,361
I767__00110.361,8.424005864742856,45.57363227,I767,_,00110,361
I767__00090.361,8.436397431464922,45.577073240000004,I767,_,00090,361
I767__00080.361,8.438616387631209,45.578412165,I767,_,00080,361
I767__00060.361,8.447106881099463,45.579560310000005,I767,_,00060,361
I767__00050.361,8.447409470089823,45.586583875,I767,_,00050,361
I767__00040.361,8.450679691474885,45.5777668,I767,_,00040,361
I767__00030.361,8.462334252764485,45.574149585,I767,_,00030,361
I767__00020.361,8.469047452974399,45.583227535,I767,_,00020,361
I767__00010.362,8.46405299925052,45.588093545,I767,_,00010,362
I767__00170.362,8.458267366766467,45.572183655,I767,_,00170,362
I767__00110.362,8.424359547890559,45.573513625000004,I767,_,00110,362
I767__00080.362,8.438732582820858,45.578583385,I767,_,00080,362
I767__00070.362,8.435498853225972,45.584186439999996,I767,_,00070,362
I767__00060.362,8.447630785851803,45.579898595,I767,_,00060,362
I767__00050.362,8.447523156537668,45.586882105,I767,_,00050,362
I767__00040.362,8.450103798989854,45.577925504999996,I767,_,00040,362
I767__00030.362,8.465650788212974,45.57762269,I767,_,00030,362
I767__00020.362,8.470154120487848,45.583451710000006,I767,_,00020,362
I767__00010.363,8.464661724247563,45.59154041,I767,_,00010,363
I767__00110.363,8.424650045978348,45.573570515,I767,_,00110,363
I767__00060.363,8.447962950329847,45.579912164999996,I767,_,00060,363
I767__00050.363,8.447226710542518,45.58669677,I767,_,00050,363
I767__00040.363,8.44996891460454,45.577863225,I767,_,00040,363
I767__00030.363,8.461114691185935,45.579098825,I767,_,00030,363
I767__00020.363,8.470638076504784,45.583269994999995,I767,_,00020,363
I767__00010.364,8.465042054396427,45.587874445,I767,_,00010,364
I767__00170.364,8.457400235328612,45.572051395,I767,_,00170,364
I767__00160.364,8.442789505868806,45.56468759,I767,_,00160,364
I767__00150.364,8.436170714979356,45.571549469999994,I767,_,00150,364
I767__00110.364,8.424935239354195,45.57378035,I767,_,00110,364
I767__00080.364,8.43861220581785,45.576061925000005,I767,_,00080,364
I767__00060.364,8.44788749473213,45.57977568,I767,_,00060,364
I767__00050.364,8.447817069722138,45.58654866,I767,_,00050,364
I767__00040.364,8.44981221222217,45.577805694999995,I767,_,00040,364
I767__00030.364,8.470024688395931,45.576645675,I767,_,00030,364
I767__00020.364,8.471472349325552,45.58365295,I767,_,00020,364
I767__00010.365,8.465907918733407,45.588208495,I767,_,00010,365
I767__00170.365,8.458389407284521,45.57234298,I767,_,00170,365
I767__00160.365,8.444154275387682,45.566979540000005,I767,_,00160,365
I767__00150.365,8.43618137556932,45.571387200000004,I767,_,00150,365
I767__00110.365,8.425140052479826,45.573932165,I767,_,00110,365
I767__00090.365,8.439129373422743,45.574445485,I767,_,00090,365
I767__00080.365,8.438591735544055,45.57598758,I767,_,00080,365
I767__00060.365,8.448636755316157,45.580180925,I767,_,00060,365
I767__00050.365,8.447951068105233,45.586623635,I767,_,00050,365
I767__00040.365,8.449663700028475,45.577745715,I767,_,00040,365
I767__00030.365,8.469541230135736,45.576476895,I767,_,00030,365
I767__00020.365,8.471651615700646,45.583397155,I767,_,00020,365
I767__00010.366,8.465943695449965,45.588122330000004,I767,_,00010,366
I767__00170.366,8.458149067396715,45.57243045,I767,_,00170,366
I767__00160.366,8.444491516233406,45.566649514999995,I767,_,00160,366
I767__00110.366,8.425299189408879,45.574010035,I767,_,00110,366
I767__00080.366,8.4384322924871,45.578485305,I767,_,00080,366
I767__00060.366,8.448609508051451,45.580085125,I767,_,00060,366
I767__00050.366,8.4545604478845,45.589199545,I767,_,00050,366
I767__00040.366,8.45018732602653,45.577376494999996,I767,_,00040,366
I767__00030.366,8.468800198158455,45.57642043,I767,_,00030,366
I767__00020.366,8.471700641341494,45.583132215000006,I767,_,00020,366
I767__00010.367,8.466108581789879,45.58806003,I767,_,00010,367
I767__00170.367,8.457586863214921,45.572267695,I767,_,00170,367
I767__00160.367,8.44498799846642,45.56617336,I767,_,00160,367
I767__00150.367,8.439222344207224,45.569139745,I767,_,00150,367
I767__00110.367,8.42050986683818,45.571849475,I767,_,00110,367
I767__00090.367,8.437247120171465,45.57483841,I767,_,00090,367
I767__00080.367,8.438246879626835,45.57831686,I767,_,00080,367
I767__00060.367,8.448076152356883,45.57975948,I767,_,00060,367
I767__00050.367,8.454045724291877,45.589182865,I767,_,00050,367
I767__00040.367,8.44950174570044,45.577439655,I767,_,00040,367
I767__00030.367,8.46896358935717,45.576360324999996,I767,_,00030,367
I767__00020.367,8.47043099030003,45.582842535,I767,_,00020,367
I767__00010.368,8.465995073561913,45.592328135,I767,_,00010,368
I767__00170.368,8.457320486660496,45.57217412,I767,_,00170,368
I767__00160.368,8.443630127595787,45.5683155,I767,_,00160,368
I767__00110.368,8.420488338074996,45.57782516,I767,_,00110,368
I767__00090.368,8.437033957563717,45.57473568,I767,_,00090,368
I767__00080.368,8.439794157541666,45.576851035000004,I767,_,00080,368
I767__00060.368,8.448090701291047,45.57951346,I767,_,00060,368
I767__00050.368,8.454040823410294,45.588999815,I767,_,00050,368
I767__00040.368,8.450014682533531,45.5772033,I767,_,00040,368
I767__00030.368,8.469018953253906,45.576247835000004,I767,_,00030,368
I767__00020.368,8.470456562656196,45.582671045,I767,_,00020,368
I767__00010.369,8.466710044989043,45.59238396,I767,_,00010,369
I767__00170.369,8.45699663683463,45.572060125,I767,_,00170,369
I767__00160.369,8.444748518108586,45.567839785000004,I767,_,00160,369
I767__00110.369,8.423633214149824,45.571131855000004,I767,_,00110,369
I767__00080.369,8.439896624619475,45.576232965,I767,_,00080,369
I767__00070.369,8.438461408703898,45.579861135,I767,_,00070,369
I767__00060.369,8.44872027553188,45.580037515,I767,_,00060,369
I767__00050.369,8.44841052976453,45.58519251,I767,_,00050,369
I767__00040.369,8.449813029471256,45.57723743,I767,_,00040,369
I767__00030.369,8.459667451920616,45.57924062,I767,_,00030,369
I767__00020.369,8.471850589225479,45.58294658,I767,_,00020,369
I767__00010.37,8.457087958911433,45.589228975,I767,_,00010,37
I767__00180.37,8.437303806772068,45.567120974999995,I767,_,00180,37
I767__00170.37,8.452933348543471,45.57481847,I767,_,00170,37
I767__00160.37,8.445673158310882,45.575599229999995,I767,_,00160,37
I767__00150.37,8.4346674365061,45.57513231,I767,_,00150,37
I767__00130.37,8.422799549538919,45.568118420000005,I767,_,00130,37
I767__00120.37,8.416380637850434,45.573519454999996,I767,_,00120,37
I767__00110.37,8.417462737493373,45.576263170000004,I767,_,00110,37
I767__00100.37,8.431038268224428,45.580158435,I767,_,00100,37
I767__00090.37,8.436334343904782,45.57573868,I767,_,00090,37
I767__00070.37,8.43436217761871,45.586396719999996,I767,_,00070,37
I767__00060.37,8.442268095200333,45.585692075,I767,_,00060,37
I767__00050.37,8.445778380656952,45.59000456,I767,_,00050,37
I767__00040.37,8.45246241606971,45.58465717,I767,_,00040,37
I767__00030.37,8.465063608511247,45.579732175000004,I767,_,00030,37
I767__00020.37,8.458437923086773,45.581070505,I767,_,00020,37
I767__00010.370,8.466174919533838,45.591804305,I767,_,00010,370
I767__00170.370,8.457018362298243,45.572295605,I767,_,00170,370
I767__00110.370,8.425886071880774,45.574200454999996,I767,_,00110,370
I767__00080.370,8.438185603394555,45.57609615,I767,_,00080,370
I767__00070.370,8.438684594730955,45.57953479,I767,_,00070,370
I767__00060.370,8.448690121720274,45.579743885,I767,_,00060,370
I767__00050.370,8.445896986136972,45.586795495000004,I767,_,00050,370
I767__00040.370,8.449801818720285,45.57711963,I767,_,00040,370
I767__00030.370,8.460012635233733,45.57926177,I767,_,00030,370
I767__00020.370,8.471921856556186,45.58285212,I767,_,00020,370
I767__00010.371,8.466605341415038,45.589310545000004,I767,_,00010,371
I767__00170.371,8.457248463087538,45.57233362,I767,_,00170,371
I767__00150.371,8.436106543802069,45.574268745,I767,_,00150,371
I767__00110.371,8.426116613418824,45.573874345,I767,_,00110,371
I767__00080.371,8.4382233038505,45.576661665,I767,_,00080,371
I767__00070.371,8.436236101349724,45.587280795,I767,_,00070,371
I767__00060.371,8.448301270611939,45.57932921,I767,_,00060,371
I767__00050.371,8.449030746168429,45.584563259999996,I767,_,00050,371
I767__00040.371,8.449713480522995,45.576946505,I767,_,00040,371
I767__00030.371,8.466489009735703,45.579670335,I767,_,00030,371
I767__00020.371,8.471749667077415,45.58274858,I767,_,00020,371
I767__00010.372,8.466960944084589,45.588529120000004,I767,_,00010,372
I767__00170.372,8.457457145175091,45.572403789999996,I767,_,00170,372
I767__00150.372,8.436478281458566,45.574406575,I767,_,00150,372
I767__00080.372,8.439220603550242,45.576870055,I767,_,00080,372
I767__00070.372,8.435648723922824,45.58629856,I767,_,00070,372
I767__00060.372,8.447950369100237,45.5788693,I767,_,00060,372
I767__00050.372,8.45154378366442,45.587286184999996,I767,_,00050,372
I767__00040.372,8.449577060013842,45.57678677,I767,_,00040,372
I767__00030.372,8.459496994234946,45.574567595000005,I767,_,00030,372
I767__00020.372,8.4706025223356,45.582558805000005,I767,_,00020,372
I767__00010.373,8.46771764845142,45.588673965,I767,_,00010,373
I767__00170.373,8.457978682302517,45.57258315,I767,_,00170,373
I767__00160.373,8.44293724880238,45.567784205,I767,_,00160,373
I767__00150.373,8.436185335760936,45.57472715,I767,_,00150,373
I767__00060.373,8.447940169550785,45.578522865,I767,_,00060,373
I767__00050.373,8.449403019820995,45.586969690000004,I767,_,00050,373
I767__00040.373,8.449488311508155,45.57669343,I767,_,00040,373
I767__00030.373,8.469997701655025,45.578228089999996,I767,_,00030,373
I767__00020.373,8.470179844556448,45.582331505,I767,_,00020,373
I767__00010.374,8.467138439755221,45.588283705,I767,_,00010,374
I767__00170.374,8.45768810476072,45.57259389,I767,_,00170,374
I767__00160.374,8.442939394573528,45.575782745,I767,_,00160,374
I767__00060.374,8.447455448156253,45.578961375000006,I767,_,00060,374
I767__00050.374,8.449540392329599,45.586661745,I767,_,00050,374
I767__00040.374,8.448859985669905,45.57680968,I767,_,00040,374
I767__00030.374,8.470966939909957,45.578426949999994,I767,_,00030,374
I767__00020.374,8.471830716952649,45.582600815,I767,_,00020,374
I767__00010.375,8.467829523515665,45.58840033,I767,_,00010,375
I767__00170.375,8.458051025644426,45.572742775,I767,_,00170,375
I767__00150.375,8.438486768538393,45.573228795,I767,_,00150,375
I767__00090.375,8.435917590688742,45.576169695000004,I767,_,00090,375
I767__00080.375,8.439130728742319,45.57696453,I767,_,00080,375
I767__00060.375,8.447297646963182,45.578775405,I767,_,00060,375
I767__00050.375,8.449586997957116,45.586536555,I767,_,00050,375
I767__00040.375,8.448339932172114,45.576242745,I767,_,00040,375
I767__00030.375,8.472575077371271,45.578759905,I767,_,00030,375
I767__00020.375,8.472303884960905,45.582669429999996,I767,_,00020,375
I767__00010.376,8.460177906853044,45.589572610000005,I767,_,00010,376
I767__00170.376,8.458033965357117,45.57277585,I767,_,00170,376
I767__00160.376,8.441380625613466,45.571680244999996,I767,_,00160,376
I767__00150.376,8.43894592266973,45.572870205,I767,_,00150,376
I767__00090.376,8.437461801207798,45.576503935,I767,_,00090,376
I767__00080.376,8.438694349376407,45.577665855,I767,_,00080,376
I767__00070.376,8.435137584773424,45.581622894999995,I767,_,00070,376
I767__00060.376,8.446892572565543,45.578839975,I767,_,00060,376
I767__00050.376,8.451158861529397,45.587428630000005,I767,_,00050,376
I767__00040.376,8.448042052819812,45.575881885,I767,_,00040,376
I767__00030.376,8.45932925416355,45.578784240000005,I767,_,00030,376
I767__00020.376,8.472449159262895,45.582425295,I767,_,00020,376
I767__00010.377,8.456482289134627,45.591300235,I767,_,00010,377
I767__00170.377,8.457760059862002,45.572725105,I767,_,00170,377
I767__00090.377,8.437438328738097,45.576368245,I767,_,00090,377
I767__00080.377,8.439117988890615,45.576879579999996,I767,_,00080,377
I767__00060.377,8.446405807876285,45.578629185,I767,_,00060,377
I767__00050.377,8.451625525369996,45.58746107,I767,_,00050,377
I767__00040.377,8.448292741658323,45.575851115,I767,_,00040,377
I767__00030.377,8.465211713142201,45.575934485000005,I767,_,00030,377
I767__00020.377,8.472045404960351,45.582319285,I767,_,00020,377
I767__00010.378,8.456087382403277,45.59098467,I767,_,00010,378
I767__00170.378,8.456877429862619,45.572405445,I767,_,00170,378
I767__00160.378,8.44971590163323,45.572409095,I767,_,00160,378
I767__00150.378,8.439270978011782,45.57385152,I767,_,00150,378
I767__00080.378,8.441118453339715,45.57526531,I767,_,00080,378
I767__00060.378,8.44598311809153,45.578424119999994,I767,_,00060,378
I767__00050.378,8.453385854029392,45.588343120000005,I767,_,00050,378
I767__00040.378,8.448801418275277,45.576086759999995,I767,_,00040,378
I767__00030.378,8.464315772549456,45.575725155,I767,_,00030,378
I767__00020.378,8.470838018295403,45.582176204999996,I767,_,00020,378
I767__00010.379,8.457234270412261,45.589993085,I767,_,00010,379
I767__00170.379,8.457642906971525,45.5728694,I767,_,00170,379
I767__00160.379,8.449131815428046,45.572180935,I767,_,00160,379
I767__00150.379,8.439438747712593,45.57305909,I767,_,00150,379
I767__00080.379,8.4382383759914,45.578269675,I767,_,00080,379
I767__00060.379,8.44668119133227,45.578477475,I767,_,00060,379
I767__00050.379,8.454171955558774,45.58875035,I767,_,00050,379
I767__00040.379,8.449239801554626,45.576412545,I767,_,00040,379
I767__00030.379,8.464814251064057,45.57584948,I767,_,00030,379
I767__00020.379,8.469623999746553,45.581800650000005,I767,_,00020,379
I767__00010.38,8.456964101394473,45.5900502,I767,_,00010,38
I767__00180.38,8.438104252380114,45.567468805000004,I767,_,00180,38
I767__00170.38,8.453517571328895,45.57506695,I767,_,00170,38
I767__00160.38,8.445561734059002,45.57566851,I767,_,00160,38
I767__00150.38,8.434287605965281,45.575098045000004,I767,_,00150,38
I767__00130.38,8.422162412338274,45.567821730000006,I767,_,00130,38
I767__00120.38,8.416664661924989,45.573478785,I767,_,00120,38
I767__00110.38,8.41783253454966,45.57657896,I767,_,00110,38
I767__00100.38,8.431774390151478,45.57935235,I767,_,00100,38
I767__00090.38,8.436382824003498,45.575766715,I767,_,00090,38
I767__00080.38,8.438552775216138,45.578506985000004,I767,_,00080,38
I767__00070.38,8.434124468310369,45.586318485,I767,_,00070,38
I767__00060.38,8.44197527158195,45.585678099999996,I767,_,00060,38
I767__00050.38,8.446414268025753,45.59022935,I767,_,00050,38
I767__00040.38,8.452458669100517,45.584540110000006,I767,_,00040,38
I767__00030.38,8.464970220061083,45.579684865000004,I767,_,00030,38
I767__00020.38,8.458041931911211,45.580835875000005,I767,_,00020,38
I767__00010.380,8.457475557864765,45.59002994,I767,_,00010,380
I767__00170.380,8.457509168767992,45.572921355,I767,_,00170,380
I767__00160.380,8.443893799964039,45.574367935,I767,_,00160,380
I767__00150.380,8.439458441281275,45.574059975,I767,_,00150,380
I767__00080.380,8.43839131254817,45.57840589,I767,_,00080,380
I767__00060.380,8.446190296803891,45.578315724999996,I767,_,00060,380
I767__00040.380,8.448977182565532,45.57594229,I767,_,00040,380
I767__00030.380,8.463576124577031,45.575728975000004,I767,_,00030,380
I767__00020.380,8.470853322023366,45.582042795,I767,_,00020,380
I767__00010.381,8.457703102630788,45.590399930000004,I767,_,00010,381
I767__00170.381,8.45766570026673,45.573136070000004,I767,_,00170,381
I767__00160.381,8.445084521618522,45.57477092,I767,_,00160,381
I767__00150.381,8.43977918392644,45.573695985,I767,_,00150,381
I767__00080.381,8.439243044359417,45.57693476,I767,_,00080,381
I767__00070.381,8.437445095155688,45.57934926,I767,_,00070,381
I767__00060.381,8.446201100643588,45.57820374,I767,_,00060,381
I767__00040.381,8.450241287366904,45.57661666,I767,_,00040,381
I767__00030.381,8.459523176112206,45.57571154,I767,_,00030,381
I767__00020.381,8.469698270263446,45.581611394999996,I767,_,00020,381
I767__00010.382,8.457796442646892,45.59041875,I767,_,00010,382
I767__00170.382,8.45730610400621,45.572971515,I767,_,00170,382
I767__00160.382,8.442230494466127,45.575786054999995,I767,_,00160,382
I767__00150.382,8.434282621169089,45.568708115,I767,_,00150,382
I767__00090.382,8.436489029969099,45.57708943,I767,_,00090,382
I767__00080.382,8.437066428907842,45.57782572,I767,_,00080,382
I767__00070.382,8.435618173022407,45.58609573,I767,_,00070,382
I767__00060.382,8.446574108095472,45.57797872,I767,_,00060,382
I767__00040.382,8.450660951955838,45.57697279,I767,_,00040,382
I767__00030.382,8.460607739833652,45.57590623,I767,_,00030,382
I767__00020.382,8.471042095978643,45.581875895,I767,_,00020,382
I767__00010.383,8.458022474878087,45.59114441,I767,_,00010,383
I767__00170.383,8.45745634433252,45.57317788,I767,_,00170,383
I767__00160.383,8.444069232783635,45.573345885,I767,_,00160,383
I767__00150.383,8.44026446983906,45.5698972,I767,_,00150,383
I767__00090.383,8.436248801847555,45.577122605,I767,_,00090,383
I767__00080.383,8.43904789853742,45.57733193,I767,_,00080,383
I767__00060.383,8.44626115897919,45.577809955,I767,_,00060,383
I767__00050.383,8.444776299915024,45.58821657,I767,_,00050,383
I767__00040.383,8.450885334094789,45.576719435,I767,_,00040,383
I767__00030.383,8.461746231688142,45.576007195,I767,_,00030,383
I767__00020.383,8.472331011500344,45.582135805,I767,_,00020,383
I767__00010.384,8.463061140230955,45.594759175,I767,_,00010,384
I767__00170.384,8.457148758013755,45.573338385,I767,_,00170,384
I767__00160.384,8.444511343381414,45.573092925,I767,_,00160,384
I767__00150.384,8.440616601498753,45.56944124,I767,_,00150,384
I767__00090.384,8.436348420883444,45.577025245,I767,_,00090,384
I767__00080.384,8.438082001006343,45.578018674999996,I767,_,00080,384
I767__00070.384,8.438473333402907,45.585462455,I767,_,00070,384
I767__00060.384,8.44585293405552,45.57799292999999,I767,_,00060,384
I767__00050.384,8.445098848438423,45.58841841,I767,_,00050,384
I767__00040.384,8.451087985230696,45.57649327,I767,_,00040,384
I767__00030.384,8.462510865418105,45.57637873,I767,_,00030,384
I767__00020.384,8.472452327190883,45.58185094,I767,_,00020,384
I767__00010.385,8.462255217593007,45.594663295000004,I767,_,00010,385
I767__00170.385,8.456533521929247,45.572994519999995,I767,_,00170,385
I767__00160.385,8.441869027722653,45.574032505,I767,_,00160,385
I767__00150.385,8.434844705175113,45.571904075000006,I767,_,00150,385
I767__00090.385,8.436366952533142,45.577241920000006,I767,_,00090,385
I767__00080.385,8.437933988257742,45.577992845,I767,_,00080,385
I767__00070.385,8.438571048515907,45.585061205,I767,_,00070,385
I767__00060.385,8.445453706214266,45.577917675,I767,_,00060,385
I767__00050.385,8.445756151633482,45.588356895000004,I767,_,00050,385
I767__00040.385,8.451816285258523,45.576423495,I767,_,00040,385
I767__00030.385,8.463465755978806,45.576392985,I767,_,00030,385
I767__00020.385,8.471326278766167,45.581647270000005,I767,_,00020,385
I767__00010.386,8.463137728202117,45.59505421,I767,_,00010,386
I767__00170.386,8.456322373899418,45.57303414,I767,_,00170,386
I767__00160.386,8.449524954119834,45.569545875,I767,_,00160,386
I767__00090.386,8.436219054665079,45.577154335,I767,_,00090,386
I767__00080.386,8.438052796237862,45.578090615,I767,_,00080,386
I767__00070.386,8.437995148876428,45.585582185,I767,_,00070,386
I767__00060.386,8.445670273740541,45.57785895000001,I767,_,00060,386
I767__00050.386,8.444773684837758,45.588045445,I767,_,00050,386
I767__00040.386,8.451650373214953,45.57658225,I767,_,00040,386
I767__00030.386,8.463303393567724,45.575901869999996,I767,_,00030,386
I767__00020.386,8.469693918891062,45.581321575000004,I767,_,00020,386
I767__00010.387,8.464959714263788,45.59491969,I767,_,00010,387
I767__00170.387,8.45610719501651,45.573236585000004,I767,_,00170,387
I767__00160.387,8.44166173902546,45.574494515,I767,_,00160,387
I767__00090.387,8.438197318913302,45.57484118,I767,_,00090,387
I767__00080.387,8.439584695280669,45.577204699999996,I767,_,00080,387
I767__00070.387,8.438176578663882,45.584914264999995,I767,_,00070,387
I767__00060.387,8.445508450024377,45.577598565,I767,_,00060,387
I767__00050.387,8.44504157091995,45.587973045,I767,_,00050,387
I767__00040.387,8.451482377575257,45.576762599999995,I767,_,00040,387
I767__00030.387,8.462914126967956,45.575430595,I767,_,00030,387
I767__00020.387,8.471443853026663,45.581393074999994,I767,_,00020,387
I767__00010.388,8.457981157877278,45.589265139999995,I767,_,00010,388
I767__00170.388,8.456947195329656,45.573508505,I767,_,00170,388
I767__00080.388,8.43936544213721,45.57712474,I767,_,00080,388
I767__00070.388,8.437672914061855,45.579307225,I767,_,00070,388
I767__00060.388,8.44478896766724,45.57723145999999,I767,_,00060,388
I767__00050.388,8.445559810350748,45.58810073,I767,_,00050,388
I767__00040.388,8.451089281056735,45.57694142,I767,_,00040,388
I767__00030.388,8.462942163921607,45.57527073,I767,_,00030,388
I767__00020.388,8.472577049617481,45.581598075,I767,_,00020,388
I767__00010.389,8.45817315149896,45.589471044999996,I767,_,00010,389
I767__00170.389,8.456909160431483,45.573569355000004,I767,_,00170,389
I767__00150.389,8.4362261369998,45.56993662,I767,_,00150,389
I767__00080.389,8.438559140928968,45.57784301,I767,_,00080,389
I767__00060.389,8.444462068195687,45.57696784,I767,_,00060,389
I767__00050.389,8.445190514053337,45.58793739,I767,_,00050,389
I767__00040.389,8.451662068440573,45.57730345,I767,_,00040,389
I767__00030.389,8.46362392366144,45.57558138,I767,_,00030,389
I767__00010.39,8.456854535587645,45.590363964999995,I767,_,00010,39
I767__00180.39,8.43815752248063,45.567398585,I767,_,00180,39
I767__00170.39,8.452511671721496,45.575989684999996,I767,_,00170,39
I767__00160.39,8.44428330618134,45.5751915,I767,_,00160,39
I767__00150.39,8.434042276184641,45.57459236,I767,_,00150,39
I767__00130.39,8.42318208994542,45.56785505,I767,_,00130,39
I767__00120.39,8.41734303599749,45.573661755,I767,_,00120,39
I767__00110.39,8.418292548758478,45.57677152,I767,_,00110,39
I767__00090.39,8.436389356020774,45.57584547,I767,_,00090,39
I767__00080.39,8.438803011845435,45.578665725,I767,_,00080,39
I767__00070.39,8.433529993563297,45.58664757,I767,_,00070,39
I767__00060.39,8.441687374832119,45.585436295,I767,_,00060,39
I767__00050.39,8.445822904893285,45.58986114,I767,_,00050,39
I767__00040.39,8.452548324295103,45.584442210000006,I767,_,00040,39
I767__00030.39,8.46473510316212,45.579654915,I767,_,00030,39
I767__00020.39,8.45822946152365,45.580733824999996,I767,_,00020,39
I767__00010.390,8.45926256868951,45.591047805,I767,_,00010,390
I767__00170.390,8.456862423276554,45.57359864,I767,_,00170,390
I767__00160.390,8.44112174548668,45.571706265,I767,_,00160,390
I767__00090.390,8.437396036147156,45.575114885,I767,_,00090,390
I767__00080.390,8.43857312147803,45.576039755,I767,_,00080,390
I767__00070.390,8.43819240650469,45.57924212,I767,_,00070,390
I767__00060.390,8.444061939625758,45.576897885,I767,_,00060,390
I767__00050.390,8.445803961871562,45.58796936,I767,_,00050,390
I767__00040.390,8.451479567663444,45.57742692,I767,_,00040,390
I767__00030.390,8.463672336152054,45.5754382,I767,_,00030,390
I767__00010.391,8.460045278726287,45.59118492,I767,_,00010,391
I767__00170.391,8.456799383470951,45.573659795,I767,_,00170,391
I767__00090.391,8.438158824821159,45.575425685,I767,_,00090,391
I767__00080.391,8.438786329840294,45.57758546,I767,_,00080,391
I767__00060.391,8.443818227964773,45.576845559999995,I767,_,00060,391
I767__00040.391,8.451748541823708,45.577144475,I767,_,00040,391
I767__00020.391,8.472708995402492,45.58129453,I767,_,00020,391
I767__00010.392,8.460173205213255,45.59099923,I767,_,00010,392
I767__00170.392,8.456706284499878,45.573741665,I767,_,00170,392
I767__00090.392,8.437778797228823,45.575383904999995,I767,_,00090,392
I767__00080.392,8.438772992548557,45.57767968,I767,_,00080,392
I767__00060.392,8.443785055928476,45.576730155,I767,_,00060,392
I767__00040.392,8.4519154378816,45.57699729,I767,_,00040,392
I767__00020.392,8.47074912053968,45.581070795,I767,_,00020,392
I767__00020.393,8.470825283747443,45.58094365,I767,_,00020,393
I767__00170.393,8.455881499705011,45.573323265,I767,_,00170,393
I767__00090.393,8.437811460410444,45.5757336,I767,_,00090,393
I767__00080.393,8.438872765246087,45.57822904,I767,_,00080,393
I767__00060.393,8.44383278328813,45.576617815,I767,_,00060,393
I767__00040.393,8.452188740350714,45.577120715,I767,_,00040,393
I767__00010.394,8.460130526210365,45.58912972,I767,_,00010,394
I767__00170.394,8.455825536591206,45.573497265,I767,_,00170,394
I767__00090.394,8.437736814681916,45.57563319,I767,_,00090,394
I767__00070.394,8.436142452752962,45.57907974,I767,_,00070,394
I767__00060.394,8.443980443806039,45.576488135,I767,_,00060,394
I767__00050.394,8.445658133087413,45.589298475,I767,_,00050,394
I767__00040.394,8.452373863320066,45.576971225,I767,_,00040,394
I767__00020.394,8.470865572651444,45.58077831,I767,_,00020,394
I767__00010.395,8.460682269874559,45.58917469,I767,_,00010,395
I767__00170.395,8.4566622734471,45.573952905,I767,_,00170,395
I767__00090.395,8.437833162337746,45.57558806,I767,_,00090,395
I767__00080.395,8.438956369854797,45.57728881,I767,_,00080,395
I767__00070.395,8.436044763962043,45.579798115,I767,_,00070,395
I767__00060.395,8.443751281727288,45.576059485,I767,_,00060,395
I767__00040.395,8.452073780809108,45.576816195,I767,_,00040,395
I767__00020.395,8.470749576220648,45.580614525,I767,_,00020,395
I767__00010.396,8.460269983719268,45.590772265,I767,_,00010,396
I767__00170.396,8.455799555059611,45.573645235,I767,_,00170,396
I767__00080.396,8.438463466138213,45.577514210000004,I767,_,00080,396
I767__00070.396,8.436567729224905,45.579328245,I767,_,00070,396
I767__00060.396,8.444064509465019,45.57631421,I767,_,00060,396
I767__00040.396,8.452202735804732,45.576668819999995,I767,_,00040,396
I767__00020.396,8.470551224306234,45.580380325,I767,_,00020,396
I767__00010.397,8.460624364811963,45.590680385,I767,_,00010,397
I767__00170.397,8.45555967278709,45.573754269999995,I767,_,00170,397
I767__00060.397,8.445128135773366,45.576735615000004,I767,_,00060,397
I767__00040.397,8.452530267264684,45.576804800000005,I767,_,00040,397
I767__00020.397,8.470040233149621,45.580199375,I767,_,00020,397
I767__00010.398,8.462045065903938,45.590426934999996,I767,_,00010,398
I767__00170.398,8.456378785417932,45.57401426,I767,_,00170,398
I767__00080.398,8.439001715694655,45.57716312,I767,_,00080,398
I767__00060.398,8.444680272129032,45.576300215,I767,_,00060,398
I767__00040.398,8.452504550330666,45.576670365,I767,_,00040,398
I767__00020.398,8.472103945018063,45.580743670000004,I767,_,00020,398
I767__00010.399,8.461354701180905,45.59013322,I767,_,00010,399
I767__00170.399,8.456246433327188,45.574233015000004,I767,_,00170,399
I767__00150.399,8.434837566216478,45.575013925,I767,_,00150,399
I767__00080.399,8.438891420894159,45.577298715,I767,_,00080,399
I767__00070.399,8.43406832712793,45.58107458,I767,_,00070,399
I767__00060.399,8.445843330633593,45.576577825,I767,_,00060,399
I767__00040.399,8.452992767204032,45.57659117,I767,_,00040,399
I767__00020.399,8.472283692904558,45.580650829999996,I767,_,00020,399
I767__00010.4,8.458566454494008,45.592723895000006,I767,_,00010,4
I767__00180.4,8.427779060874435,45.563700960000006,I767,_,00180,4
I767__00170.4,8.450325207688877,45.57597455,I767,_,00170,4
I767__00160.4,8.441789518017242,45.575440295,I767,_,00160,4
I767__00150.4,8.433241734761861,45.575297524999996,I767,_,00150,4
I767__00140.4,8.426629158723909,45.57466248,I767,_,00140,4
I767__00130.4,8.417651228365678,45.56612588,I767,_,00130,4
I767__00120.4,8.412466888792398,45.57384872,I767,_,00120,4
I767__00110.4,8.419510847346674,45.580142315,I767,_,00110,4
I767__00100.4,8.42527021448305,45.578859165,I767,_,00100,4
I767__00090.4,8.435745632512614,45.57595082,I767,_,00090,4
I767__00070.4,8.433426731259221,45.587122105000006,I767,_,00070,4
I767__00060.4,8.438661022329043,45.587797605,I767,_,00060,4
I767__00050.4,8.442147866323978,45.5879971,I767,_,00050,4
I767__00040.4,8.448409904580876,45.58244681,I767,_,00040,4
I767__00030.4,8.459033558411377,45.579051645,I767,_,00030,4
I767__00020.4,8.4564477580834,45.585436025,I767,_,00020,4
I767__00010.40,8.456542223240142,45.590574085,I767,_,00010,40
I767__00180.40,8.43797223514654,45.567240305,I767,_,00180,40
I767__00170.40,8.452994397663153,45.575748745,I767,_,00170,40
I767__00160.40,8.442904367571472,45.57452507,I767,_,00160,40
I767__00150.40,8.433968492330226,45.57486055,I767,_,00150,40
I767__00130.40,8.423532716785456,45.567655305,I767,_,00130,40
I767__00120.40,8.416706753154733,45.573365609999996,I767,_,00120,40
I767__00110.40,8.418516767419645,45.57702389,I767,_,00110,40
I767__00100.40,8.43135297898277,45.57921459,I767,_,00100,40
I767__00090.40,8.436436265608402,45.57580139,I767,_,00090,40
I767__00080.40,8.438465699999902,45.578355875,I767,_,00080,40
I767__00070.40,8.433820309831642,45.58624623,I767,_,00070,40
I767__00060.40,8.441142915951984,45.58521638,I767,_,00060,40
I767__00040.40,8.452484428462324,45.58429681,I767,_,00040,40
I767__00030.40,8.463389299492086,45.579337815,I767,_,00030,40
I767__00020.40,8.458211060327422,45.580613055,I767,_,00020,40
I767__00010.400,8.462579787364,45.59054137,I767,_,00010,400
I767__00170.400,8.455382506679229,45.573922374999995,I767,_,00170,400
I767__00090.400,8.43647432791622,45.576060995000006,I767,_,00090,400
I767__00080.400,8.437401582426308,45.577830445000004,I767,_,00080,400
I767__00070.400,8.436236203108692,45.577778135,I767,_,00070,400
I767__00060.400,8.446030942936362,45.57660644,I767,_,00060,400
I767__00050.400,8.448039455130395,45.590293384999995,I767,_,00050,400
I767__00040.400,8.452770230200567,45.576632489999994,I767,_,00040,400
I767__00020.400,8.473257120486757,45.58091349,I767,_,00020,400
I767__00010.401,8.46267566458572,45.59034814,I767,_,00010,401
I767__00170.401,8.45525848884482,45.574035955,I767,_,00170,401
I767__00070.401,8.43634478058936,45.577638055,I767,_,00070,401
I767__00060.401,8.446038894185351,45.576812795,I767,_,00060,401
I767__00040.401,8.452497967455567,45.576480145,I767,_,00040,401
I767__00020.401,8.472623878821013,45.58061882,I767,_,00020,401
I767__00010.402,8.462941996033432,45.590130935000005,I767,_,00010,402
I767__00170.402,8.456030255787617,45.574288345,I767,_,00170,402
I767__00150.402,8.436452695906059,45.56886652,I767,_,00150,402
I767__00070.402,8.438923002112645,45.5811351,I767,_,00070,402
I767__00060.402,8.446578838197645,45.576932005,I767,_,00060,402
I767__00040.402,8.453319658115406,45.57660821,I767,_,00040,402
I767__00020.402,8.47292508684449,45.580390715,I767,_,00020,402
I767__00010.403,8.462652595604911,45.589005575,I767,_,00010,403
I767__00170.403,8.455906054896024,45.574402485,I767,_,00170,403
I767__00150.403,8.437105697730411,45.568232835,I767,_,00150,403
I767__00080.403,8.43917043896819,45.57691127,I767,_,00080,403
I767__00060.403,8.446487419074955,45.577054270000005,I767,_,00060,403
I767__00040.403,8.453111666254387,45.576846805,I767,_,00040,403
I767__00020.403,8.473134967869672,45.58029868,I767,_,00020,403
I767__00010.404,8.462381126375849,45.589043055,I767,_,00010,404
I767__00170.404,8.455092433855139,45.57409861,I767,_,00170,404
I767__00150.404,8.441294399660555,45.56805034,I767,_,00150,404
I767__00080.404,8.438099143370671,45.576433945,I767,_,00080,404
I767__00060.404,8.446342724129792,45.57714138,I767,_,00060,404
I767__00040.404,8.453139777280786,45.577071939999996,I767,_,00040,404
I767__00020.404,8.464465674771578,45.585384255,I767,_,00020,404
I767__00010.405,8.464555574303253,45.5905542,I767,_,00010,405
I767__00170.405,8.454795735155246,45.57420722,I767,_,00170,405
I767__00150.405,8.433056141744753,45.573365915,I767,_,00150,405
I767__00080.405,8.438121584054647,45.576413345,I767,_,00080,405
I767__00060.405,8.446289466602181,45.577184175,I767,_,00060,405
I767__00040.405,8.45325680552381,45.577381654999996,I767,_,00040,405
I767__00020.405,8.462949539059366,45.584391800000006,I767,_,00020,405
I767__00010.406,8.464954270452774,45.590599795,I767,_,00010,406
I767__00170.406,8.455132353419925,45.574321495,I767,_,00170,406
I767__00150.406,8.44179672268742,45.56832972,I767,_,00150,406
I767__00070.406,8.435840963716842,45.579847575,I767,_,00070,406
I767__00060.406,8.445727813007935,45.57684604,I767,_,00060,406
I767__00040.406,8.4536369241506,45.577486965000006,I767,_,00040,406
I767__00020.406,8.463361524123048,45.584728715,I767,_,00020,406
I767__00010.407,8.467099379515679,45.591709765000004,I767,_,00010,407
I767__00170.407,8.455354890298569,45.574360215,I767,_,00170,407
I767__00150.407,8.433259054449978,45.57417597,I767,_,00150,407
I767__00080.407,8.43740259504783,45.57801071,I767,_,00080,407
I767__00070.407,8.436193642352066,45.579197300000004,I767,_,00070,407
I767__00060.407,8.445747566511056,45.576967025,I767,_,00060,407
I767__00040.407,8.453679803390923,45.577177205,I767,_,00040,407
I767__00020.407,8.464392289438422,45.584081385000005,I767,_,00020,407
I767__00010.408,8.46906909964406,45.58846511,I767,_,00010,408
I767__00170.408,8.455885081777929,45.574535080000004,I767,_,00170,408
I767__00090.408,8.437858517730804,45.575283245,I767,_,00090,408
I767__00080.408,8.439162770212695,45.57698974,I767,_,00080,408
I767__00070.408,8.436320422720087,45.579158735,I767,_,00070,408
I767__00060.408,8.44621830273555,45.577252235,I767,_,00060,408
I767__00040.408,8.453941184731164,45.577198304999996,I767,_,00040,408
I767__00020.408,8.464598672323422,45.583799785,I767,_,00020,408
I767__00010.409,8.464536972451755,45.594849505,I767,_,00010,409
I767__00170.409,8.455753462584536,45.574631769999996,I767,_,00170,409
I767__00090.409,8.436340570834098,45.576443435,I767,_,00090,409
I767__00080.409,8.439164000153806,45.576837045000005,I767,_,00080,409
I767__00060.409,8.445951819826124,45.577266805,I767,_,00060,409
I767__00040.409,8.45396952452904,45.577107964999996,I767,_,00040,409
I767__00020.409,8.465206359735234,45.583904785,I767,_,00020,409
I767__00010.41,8.456869618603907,45.591068365,I767,_,00010,41
I767__00180.41,8.440446923317479,45.566633705,I767,_,00180,41
I767__00170.41,8.453746076890459,45.57520499,I767,_,00170,41
I767__00150.41,8.433788683206554,45.57479274,I767,_,00150,41
I767__00140.41,8.426500844997248,45.573434945,I767,_,00140,41
I767__00130.41,8.423458013971505,45.567116999999996,I767,_,00130,41
I767__00120.41,8.416847282668396,45.573294135,I767,_,00120,41
I767__00110.41,8.41921856271778,45.57726608,I767,_,00110,41
I767__00100.41,8.430390840785924,45.58011716,I767,_,00100,41
I767__00090.41,8.435619252983706,45.577162575,I767,_,00090,41
I767__00070.41,8.433170377438788,45.586527405,I767,_,00070,41
I767__00060.41,8.441484193607891,45.585513885,I767,_,00060,41
I767__00040.41,8.452507125017927,45.584133019999996,I767,_,00040,41
I767__00030.41,8.466257979728713,45.579948175,I767,_,00030,41
I767__00020.41,8.458526288478534,45.580502025,I767,_,00020,41
I767__00010.410,8.466078933178524,45.59213718,I767,_,00010,410
I767__00170.410,8.457185929715685,45.57435409,I767,_,00170,410
I767__00150.410,8.440195744506923,45.570972185,I767,_,00150,410
I767__00090.410,8.4363932619254,45.576659230000004,I767,_,00090,410
I767__00080.410,8.43861479212551,45.577033205,I767,_,00080,410
I767__00070.410,8.434052530319345,45.582678305,I767,_,00070,410
I767__00060.410,8.445462997731081,45.57709777,I767,_,00060,410
I767__00040.410,8.453701006039836,45.577087250000005,I767,_,00040,410
I767__00020.410,8.462017888382519,45.58250974,I767,_,00020,410
I767__00010.411,8.463489956748493,45.593900860000005,I767,_,00010,411
I767__00170.411,8.457377130290517,45.574166595,I767,_,00170,411
I767__00150.411,8.440379059854195,45.57075142,I767,_,00150,411
I767__00090.411,8.436424969330318,45.57659017,I767,_,00090,411
I767__00080.411,8.43859715499661,45.57620287,I767,_,00080,411
I767__00070.411,8.433865136657719,45.582870740000004,I767,_,00070,411
I767__00060.411,8.445678636322503,45.57726576,I767,_,00060,411
I767__00040.411,8.45373009922758,45.57695393,I767,_,00040,411
I767__00020.411,8.464498198974457,45.58280002,I767,_,00020,411
I767__00010.412,8.463350337183911,45.593800869999995,I767,_,00010,412
I767__00170.412,8.457551758925092,45.57413509,I767,_,00170,412
I767__00150.412,8.438061315507436,45.573274565,I767,_,00150,412
I767__00090.412,8.436308342142418,45.576431155,I767,_,00090,412
I767__00080.412,8.438576287771593,45.576142265,I767,_,00080,412
I767__00060.412,8.44563849123325,45.57739671,I767,_,00060,412
I767__00040.412,8.453974705083887,45.57696924,I767,_,00040,412
I767__00020.412,8.464515105904082,45.582511135000004,I767,_,00020,412
I767__00010.413,8.463908850686273,45.59296708,I767,_,00010,413
I767__00170.413,8.457535849454336,45.574013054999995,I767,_,00170,413
I767__00150.413,8.438638447663749,45.572605475,I767,_,00150,413
I767__00090.413,8.436392352857425,45.57662304,I767,_,00090,413
I767__00080.413,8.43836712989721,45.576078435,I767,_,00080,413
I767__00070.413,8.433048009246239,45.582516525,I767,_,00070,413
I767__00060.413,8.445754110917203,45.57741249,I767,_,00060,413
I767__00040.413,8.453745344975047,45.576612565,I767,_,00040,413
I767__00020.413,8.46513127448781,45.582264800000004,I767,_,00020,413
I767__00010.414,8.463861968485354,45.592755955,I767,_,00010,414
I767__00170.414,8.457491913094609,45.57390794,I767,_,00170,414
I767__00150.414,8.439130196828959,45.572302025,I767,_,00150,414
I767__00090.414,8.437018127943084,45.57587504,I767,_,00090,414
I767__00080.414,8.438316574050578,45.576107089999994,I767,_,00080,414
I767__00070.414,8.433144836809682,45.582555819999996,I767,_,00070,414
I767__00060.414,8.4458455325,45.577402915,I767,_,00060,414
I767__00040.414,8.45422347862225,45.57679005,I767,_,00040,414
I767__00020.414,8.46493652878399,45.586577305000006,I767,_,00020,414
I767__00010.415,8.4643063407695,45.594516255,I767,_,00010,415
I767__00170.415,8.457947848824789,45.57449283,I767,_,00170,415
I767__00150.415,8.435847276090094,45.568356449999996,I767,_,00150,415
I767__00140.415,8.431016600836529,45.572591005,I767,_,00140,415
I767__00090.415,8.436227300572856,45.57705797,I767,_,00090,415
I767__00080.415,8.438368216923053,45.576112845,I767,_,00080,415
I767__00070.415,8.433201270199074,45.58321296,I767,_,00070,415
I767__00060.415,8.445980539403939,45.577388835,I767,_,00060,415
I767__00040.415,8.454076211453323,45.57691545,I767,_,00040,415
I767__00020.415,8.465449683569972,45.58145442,I767,_,00020,415
I767__00010.416,8.46469025974966,45.594599635,I767,_,00010,416
I767__00170.416,8.458367101178212,45.57418062,I767,_,00170,416
I767__00150.416,8.436134667873969,45.56851608,I767,_,00150,416
I767__00140.416,8.43073813752579,45.572963275000006,I767,_,00140,416
I767__00090.416,8.437337048067441,45.574749165,I767,_,00090,416
I767__00080.416,8.438263689835964,45.57604137,I767,_,00080,416
I767__00060.416,8.445865438554918,45.577589085,I767,_,00060,416
I767__00040.416,8.454016475474713,45.577551615000004,I767,_,00040,416
I767__00020.416,8.466969576573199,45.58084429,I767,_,00020,416
I767__00010.417,8.465851659507287,45.59370053,I767,_,00010,417
I767__00170.417,8.457648059667218,45.573890585,I767,_,00170,417
I767__00140.417,8.430576111532101,45.573340585,I767,_,00140,417
I767__00090.417,8.435781829944599,45.57605562,I767,_,00090,417
I767__00080.417,8.438576580478522,45.578345694999996,I767,_,00080,417
I767__00060.417,8.446614197765442,45.57737531,I767,_,00060,417
I767__00040.417,8.453839791071607,45.578330045,I767,_,00040,417
I767__00020.417,8.468217870299846,45.585337339999995,I767,_,00020,417
I767__00010.418,8.46589990122417,45.593618410000005,I767,_,00010,418
I767__00170.418,8.457741229795886,45.573831150000004,I767,_,00170,418
I767__00150.418,8.433003740180833,45.57441474,I767,_,00150,418
I767__00140.418,8.430440712639996,45.57285321,I767,_,00140,418
I767__00090.418,8.435906891544928,45.575915215,I767,_,00090,418
I767__00080.418,8.438795904493926,45.57696371,I767,_,00080,418
I767__00070.418,8.43070455976239,45.58664938,I767,_,00070,418
I767__00060.418,8.446907588747774,45.577125235,I767,_,00060,418
I767__00040.418,8.454108629359537,45.57836425,I767,_,00040,418
I767__00020.418,8.459754272068025,45.582767485000005,I767,_,00020,418
I767__00010.419,8.458096692316808,45.587972235,I767,_,00010,419
I767__00170.419,8.457647970361725,45.57370141,I767,_,00170,419
I767__00150.419,8.432784561279203,45.574295774999996,I767,_,00150,419
I767__00140.419,8.430305283320202,45.573040635,I767,_,00140,419
I767__00080.419,8.438803487291587,45.576387305,I767,_,00080,419
I767__00060.419,8.447313475432887,45.57734386,I767,_,00060,419
I767__00040.419,8.454429726908042,45.57861947,I767,_,00040,419
I767__00020.419,8.463854200757769,45.58525408,I767,_,00020,419
I767__00010.42,8.4572480485087,45.590831179999995,I767,_,00010,42
I767__00180.42,8.441067608118,45.566663735000006,I767,_,00180,42
I767__00170.42,8.453934449621126,45.575341435,I767,_,00170,42
I767__00160.42,8.442129110632777,45.574046179999996,I767,_,00160,42
I767__00140.42,8.427081764196064,45.57371929,I767,_,00140,42
I767__00130.42,8.42184501387444,45.56712144,I767,_,00130,42
I767__00120.42,8.4167026181141,45.57314273,I767,_,00120,42
I767__00110.42,8.419261034085975,45.577412755,I767,_,00110,42
I767__00100.42,8.430961657913342,45.579013935,I767,_,00100,42
I767__00070.42,8.433685995205794,45.585765304999995,I767,_,00070,42
I767__00060.42,8.441376199987614,45.585590714999995,I767,_,00060,42
I767__00050.42,8.445965614758608,45.589841925,I767,_,00050,42
I767__00040.42,8.453249501556783,45.58437120000001,I767,_,00040,42
I767__00030.42,8.467206497066249,45.57990594,I767,_,00030,42
I767__00020.42,8.458517701628807,45.58037679,I767,_,00020,42
I767__00010.420,8.459138508219837,45.58908726,I767,_,00010,420
I767__00170.420,8.457760468635072,45.573678115,I767,_,00170,420
I767__00140.420,8.431291019867254,45.572712125,I767,_,00140,420
I767__00080.420,8.438844714341169,45.576608855,I767,_,00080,420
I767__00060.420,8.44706892501668,45.577517625,I767,_,00060,420
I767__00040.420,8.455228237170877,45.57818936,I767,_,00040,420
I767__00020.420,8.457596630428931,45.585100005,I767,_,00020,420
I767__00010.421,8.461725454118493,45.590914465,I767,_,00010,421
I767__00170.421,8.45790987311215,45.573673150000005,I767,_,00170,421
I767__00140.421,8.430985105854361,45.573070605,I767,_,00140,421
I767__00070.421,8.43295684018927,45.58640872,I767,_,00070,421
I767__00040.421,8.454818632322015,45.577939945,I767,_,00040,421
I767__00020.421,8.459240438781023,45.58344535,I767,_,00020,421
I767__00010.422,8.462633201311432,45.591153335,I767,_,00010,422
I767__00170.422,8.458540727039548,45.574011229999996,I767,_,00170,422
I767__00140.422,8.43081859908955,45.573456095,I767,_,00140,422
I767__00090.422,8.437012308838444,45.577048055,I767,_,00090,422
I767__00070.422,8.432877222550896,45.586351265,I767,_,00070,422
I767__00060.422,8.44708652215699,45.577883084999996,I767,_,00060,422
I767__00040.422,8.454334338248117,45.577661715000005,I767,_,00040,422
I767__00020.422,8.462192302869356,45.585220955,I767,_,00020,422
I767__00010.423,8.460826086581203,45.58823047,I767,_,00010,423
I767__00170.423,8.458730738933319,45.573820775,I767,_,00170,423
I767__00140.423,8.432846249569694,45.575314954999996,I767,_,00140,423
I767__00080.423,8.438544712533226,45.576189555,I767,_,00080,423
I767__00070.423,8.437119913379012,45.58120089,I767,_,00070,423
I767__00060.423,8.447593450027796,45.57757705,I767,_,00060,423
I767__00040.423,8.454490115966497,45.577394865,I767,_,00040,423
I767__00020.423,8.462408362037891,45.58481417,I767,_,00020,423
I767__00010.424,8.461329317399557,45.587980045,I767,_,00010,424
I767__00170.424,8.458009974404455,45.573567105,I767,_,00170,424
I767__00150.424,8.437294698711195,45.571975925000004,I767,_,00150,424
I767__00140.424,8.4288184116315,45.574846140000005,I767,_,00140,424
I767__00060.424,8.447627872916275,45.578396325,I767,_,00060,424
I767__00040.424,8.455052361560135,45.57773129,I767,_,00040,424
I767__00020.424,8.464584042975883,45.58674035,I767,_,00020,424
I767__00010.425,8.463733929697884,45.588308895,I767,_,00010,425
I767__00170.425,8.458005823080121,45.57340095,I767,_,00170,425
I767__00150.425,8.433212635389545,45.574551775,I767,_,00150,425
I767__00140.425,8.4290961293604,45.574910785,I767,_,00140,425
I767__00070.425,8.437106086885127,45.578820945000004,I767,_,00070,425
I767__00060.425,8.448634382691367,45.578390145,I767,_,00060,425
I767__00040.425,8.455526378754126,45.578014255,I767,_,00040,425
I767__00020.425,8.464877679337604,45.58628059,I767,_,00020,425
I767__00010.426,8.464153730930882,45.592602915,I767,_,00010,426
I767__00170.426,8.458232928522147,45.573388269999995,I767,_,00170,426
I767__00140.426,8.431562677962066,45.56617247,I767,_,00140,426
I767__00070.426,8.437056010434572,45.580212875,I767,_,00070,426
I767__00060.426,8.44887307195543,45.57819019,I767,_,00060,426
I767__00040.426,8.455783274092337,45.577789065000005,I767,_,00040,426
I767__00020.426,8.468595869792487,45.58156816,I767,_,00020,426
I767__00010.427,8.464331779974508,45.592353270000004,I767,_,00010,427
I767__00170.427,8.458345488350641,45.573249735000005,I767,_,00170,427
I767__00140.427,8.431678486006433,45.575580945,I767,_,00140,427
I767__00090.427,8.437007852591291,45.577170519999996,I767,_,00090,427
I767__00070.427,8.437410519056769,45.579217015,I767,_,00070,427
I767__00060.427,8.449304626669356,45.577826965,I767,_,00060,427
I767__00040.427,8.455225135800344,45.577534420000006,I767,_,00040,427
I767__00020.427,8.467236696679887,45.581294755,I767,_,00020,427
I767__00010.428,8.464603043325713,45.589188095,I767,_,00010,428
I767__00170.428,8.458947215921397,45.573606485,I767,_,00170,428
I767__00140.428,8.43137423281642,45.575907125,I767,_,00140,428
I767__00090.428,8.436771026566099,45.577073985,I767,_,00090,428
I767__00060.428,8.448843533759378,45.57797524,I767,_,00060,428
I767__00040.428,8.454660635041442,45.577294465,I767,_,00040,428
I767__00020.428,8.465501843238936,45.580644515,I767,_,00020,428
I767__00010.429,8.464815985492622,45.588639395,I767,_,00010,429
I767__00170.429,8.458789257274212,45.573231035,I767,_,00170,429
I767__00140.429,8.431394462080053,45.576217345,I767,_,00140,429
I767__00090.429,8.436568390028675,45.576917789999996,I767,_,00090,429
I767__00060.429,8.447993242291021,45.57782743,I767,_,00060,429
I767__00040.429,8.45460317670431,45.576696195,I767,_,00040,429
I767__00020.429,8.466360316075118,45.580486985,I767,_,00020,429
I767__00010.43,8.4573044122955,45.59125925,I767,_,00010,43
I767__00180.43,8.44090837245421,45.56620728,I767,_,00180,43
I767__00170.43,8.453172810641062,45.575758269999994,I767,_,00170,43
I767__00160.43,8.442453377036497,45.573734724999994,I767,_,00160,43
I767__00140.43,8.426921251047734,45.5732105,I767,_,00140,43
I767__00130.43,8.421526777055881,45.567486065,I767,_,00130,43
I767__00120.43,8.416807780056345,45.57309795,I767,_,00120,43
I767__00110.43,8.419516780220075,45.577394695,I767,_,00110,43
I767__00100.43,8.430858055052301,45.579598285,I767,_,00100,43
I767__00090.43,8.43588494505958,45.576638355,I767,_,00090,43
I767__00080.43,8.438755248750192,45.578472885,I767,_,00080,43
I767__00070.43,8.43332064437024,45.58572905,I767,_,00070,43
I767__00060.43,8.441236525186634,45.585634535,I767,_,00060,43
I767__00040.43,8.453310292981143,45.584100875,I767,_,00040,43
I767__00030.43,8.468846335182366,45.58023455,I767,_,00030,43
I767__00020.43,8.458221144066933,45.5801976,I767,_,00020,43
I767__00010.430,8.46622966912317,45.590290605,I767,_,00010,430
I767__00170.430,8.459426027981703,45.57310964,I767,_,00170,430
I767__00150.430,8.436860291741027,45.56792128,I767,_,00150,430
I767__00140.430,8.428783401023075,45.575443655,I767,_,00140,430
I767__00090.430,8.436659779941447,45.576703475,I767,_,00090,430
I767__00060.430,8.448080771635613,45.577697979999996,I767,_,00060,430
I767__00040.430,8.45458373840739,45.57631496,I767,_,00040,430
I767__00020.430,8.46308380542935,45.58580365,I767,_,00020,430
I767__00010.431,8.467195447730536,45.58812132,I767,_,00010,431
I767__00170.431,8.456767932528955,45.574503365,I767,_,00170,431
I767__00150.431,8.436269939932018,45.567877505,I767,_,00150,431
I767__00070.431,8.430898141071896,45.581949225,I767,_,00070,431
I767__00060.431,8.44842255587947,45.57765094,I767,_,00060,431
I767__00040.431,8.454860599355559,45.576587364999995,I767,_,00040,431
I767__00020.431,8.462909958987993,45.585571195,I767,_,00020,431
I767__00010.432,8.467956975363137,45.588290875,I767,_,00010,432
I767__00170.432,8.458907713392286,45.572858045000004,I767,_,00170,432
I767__00150.432,8.437543758810996,45.57166991,I767,_,00150,432
I767__00140.432,8.428921348154402,45.57551019,I767,_,00140,432
I767__00090.432,8.436961675883332,45.576580660000005,I767,_,00090,432
I767__00060.432,8.44791418701762,45.57737243,I767,_,00060,432
I767__00040.432,8.454953351739093,45.577106085,I767,_,00040,432
I767__00020.432,8.463029990410124,45.585364229999996,I767,_,00020,432
I767__00010.433,8.467120529544719,45.587967515,I767,_,00010,433
I767__00170.433,8.459114704717912,45.57260468,I767,_,00170,433
I767__00150.433,8.43762721708205,45.57154518,I767,_,00150,433
I767__00140.433,8.432480709516877,45.57352175,I767,_,00140,433
I767__00070.433,8.433590904025104,45.581641954999995,I767,_,00070,433
I767__00060.433,8.447693757644007,45.57754364,I767,_,00060,433
I767__00040.433,8.455474949809467,45.57742271,I767,_,00040,433
I767__00020.433,8.46343695044833,45.585443729999994,I767,_,00020,433
I767__00010.434,8.467960036067154,45.588135879999996,I767,_,00010,434
I767__00170.434,8.459729645636537,45.572850455,I767,_,00170,434
I767__00150.434,8.438622308799633,45.571799415,I767,_,00150,434
I767__00140.434,8.432611691476838,45.573523820000005,I767,_,00140,434
I767__00060.434,8.447407984845617,45.577308715,I767,_,00060,434
I767__00040.434,8.456011503212821,45.577747925,I767,_,00040,434
I767__00020.434,8.464174154868987,45.58558965,I767,_,00020,434
I767__00010.435,8.467222601544645,45.58783948,I767,_,00010,435
I767__00170.435,8.460146230750972,45.57231792,I767,_,00170,435
I767__00150.435,8.441310360911553,45.568673200000006,I767,_,00150,435
I767__00140.435,8.431447849837872,45.566358545,I767,_,00140,435
I767__00090.435,8.436945114534517,45.57568444,I767,_,00090,435
I767__00070.435,8.434722452745353,45.583156290000005,I767,_,00070,435
I767__00060.435,8.447618938625741,45.577166585,I767,_,00060,435
I767__00040.435,8.456182653009705,45.57765396,I767,_,00040,435
I767__00020.435,8.464079356217528,45.58360948,I767,_,00020,435
I767__00010.436,8.467190399286238,45.587761979999996,I767,_,00010,436
I767__00170.436,8.459568044559912,45.572151700000006,I767,_,00170,436
I767__00150.436,8.440967051469404,45.56931489,I767,_,00150,436
I767__00090.436,8.436702113331314,45.575809144999994,I767,_,00090,436
I767__00060.436,8.448758048937924,45.577649304999994,I767,_,00060,436
I767__00040.436,8.45549213253689,45.5772325,I767,_,00040,436
I767__00020.436,8.463881323724866,45.58343345,I767,_,00020,436
I767__00010.437,8.467602863659014,45.587779255,I767,_,00010,437
I767__00170.437,8.459494099914645,45.57192708,I767,_,00170,437
I767__00150.437,8.440944465807512,45.569357395,I767,_,00150,437
I767__00090.437,8.436722179862949,45.576133755,I767,_,00090,437
I767__00060.437,8.447492848946741,45.5765243,I767,_,00060,437
I767__00040.437,8.455116600915554,45.577004204999994,I767,_,00040,437
I767__00020.437,8.462079643199802,45.582345305000004,I767,_,00020,437
I767__00010.438,8.467869074508343,45.58796891,I767,_,00010,438
I767__00170.438,8.459851391592956,45.57209402,I767,_,00170,438
I767__00150.438,8.440815907225414,45.5692654,I767,_,00150,438
I767__00140.438,8.432228311037498,45.56627992,I767,_,00140,438
I767__00090.438,8.43798618342807,45.574990775,I767,_,00090,438
I767__00070.438,8.438117968600178,45.579786940000005,I767,_,00070,438
I767__00060.438,8.446843589513362,45.576581995,I767,_,00060,438
I767__00040.438,8.45529668963813,45.57696951,I767,_,00040,438
I767__00020.438,8.462168875802229,45.582228595000004,I767,_,00020,438
I767__00010.439,8.468043455163732,45.587911125000005,I767,_,00010,439
I767__00170.439,8.459571132371362,45.571847000000005,I767,_,00170,439
I767__00150.439,8.438418337735062,45.573706,I767,_,00150,439
I767__00140.439,8.42998588579287,45.575494535000004,I767,_,00140,439
I767__00070.439,8.436128663315237,45.57965776,I767,_,00070,439
I767__00060.439,8.446643537433438,45.57668534,I767,_,00060,439
I767__00040.439,8.455735429516615,45.577181374999995,I767,_,00040,439
I767__00020.439,8.462186613158632,45.58212395,I767,_,00020,439
I767__00010.44,8.457499563012059,45.590752280000004,I767,_,00010,44
I767__00180.44,8.440022275761686,45.566030785,I767,_,00180,44
I767__00170.44,8.45370512858387,45.575631015,I767,_,00170,44
I767__00160.44,8.442989641665067,45.57397942,I767,_,00160,44
I767__00140.44,8.427201866710691,45.573035125000004,I767,_,00140,44
I767__00130.44,8.421259348181495,45.56712144,I767,_,00130,44
I767__00120.44,8.416812598082679,45.57300882,I767,_,00120,44
I767__00110.44,8.419604979435125,45.577631585000006,I767,_,00110,44
I767__00100.44,8.43074525729783,45.579776875,I767,_,00100,44
I767__00070.44,8.433130209731335,45.585661195,I767,_,00070,44
I767__00060.44,8.441184721984179,45.585683904999996,I767,_,00060,44
I767__00050.44,8.446100324359772,45.58978457,I767,_,00050,44
I767__00040.44,8.452687860233812,45.583954379999994,I767,_,00040,44
I767__00030.44,8.467470819136853,45.579891545,I767,_,00030,44
I767__00020.44,8.458315823244087,45.579992815,I767,_,00020,44
I767__00010.440,8.468161783955189,45.58789058,I767,_,00010,440
I767__00170.440,8.459964081839242,45.572018315,I767,_,00170,440
I767__00140.440,8.430409319410256,45.57138622,I767,_,00140,440
I767__00090.440,8.438036691289172,45.57531608,I767,_,00090,440
I767__00070.440,8.433662909467273,45.584038855,I767,_,00070,440
I767__00060.440,8.446528216267183,45.576747555,I767,_,00060,440
I767__00040.440,8.456332349941249,45.57753986,I767,_,00040,440
I767__00020.440,8.463481029051259,45.582660145000006,I767,_,00020,440
I767__00010.441,8.468552326472327,45.587997085,I767,_,00010,441
I767__00170.441,8.460389125457846,45.57261002,I767,_,00170,441
I767__00140.441,8.427406358273752,45.57519829,I767,_,00140,441
I767__00070.441,8.43402996284997,45.58383303,I767,_,00070,441
I767__00060.441,8.446138395347521,45.57640198,I767,_,00060,441
I767__00040.441,8.45642644463991,45.57744701,I767,_,00040,441
I767__00020.441,8.463058770918664,45.58231596,I767,_,00020,441
I767__00010.442,8.4691154931207,45.588090640000004,I767,_,00010,442
I767__00170.442,8.45975327407923,45.573530340000005,I767,_,00170,442
I767__00150.442,8.43598018344833,45.572655964999996,I767,_,00150,442
I767__00070.442,8.433886046853063,45.583943695,I767,_,00070,442
I767__00060.442,8.446411707577484,45.576413575000004,I767,_,00060,442
I767__00040.442,8.455831682464249,45.577089,I767,_,00040,442
I767__00020.442,8.462997024737614,45.582205085,I767,_,00020,442
I767__00010.443,8.466786782843705,45.590720015,I767,_,00010,443
I767__00170.443,8.459367703186008,45.57411602,I767,_,00170,443
I767__00140.443,8.427893247029768,45.57471364,I767,_,00140,443
I767__00060.443,8.446676752160243,45.576429245,I767,_,00060,443
I767__00040.443,8.455387349041278,45.576820095,I767,_,00040,443
I767__00020.443,8.472647906360828,45.580528115,I767,_,00020,443
I767__00010.444,8.467509911512836,45.590873485,I767,_,00010,444
I767__00170.444,8.458844402872407,45.57450494,I767,_,00170,444
I767__00140.444,8.432596092535608,45.57551751,I767,_,00140,444
I767__00090.444,8.435816222115385,45.57601716,I767,_,00090,444
I767__00060.444,8.44242031061762,45.582991559999996,I767,_,00060,444
I767__00040.444,8.455160653116373,45.576503945,I767,_,00040,444
I767__00020.444,8.472727957994834,45.580456985,I767,_,00020,444
I767__00010.445,8.468448930167135,45.589511279999996,I767,_,00010,445
I767__00170.445,8.459089774983894,45.57468985,I767,_,00170,445
I767__00140.445,8.432646758386564,45.570956365,I767,_,00140,445
I767__00090.445,8.435945361584846,45.57611533,I767,_,00090,445
I767__00070.445,8.437994018408556,45.578563445,I767,_,00070,445
I767__00060.445,8.441997070913704,45.58281056,I767,_,00060,445
I767__00040.445,8.455633534635565,45.576418775,I767,_,00040,445
I767__00020.445,8.456839614964078,45.585623805,I767,_,00020,445
I767__00010.446,8.457543044637042,45.592132665,I767,_,00010,446
I767__00170.446,8.458210475260906,45.574338835,I767,_,00170,446
I767__00150.446,8.436630485539396,45.567957,I767,_,00150,446
I767__00090.446,8.436023604673238,45.575991905,I767,_,00090,446
I767__00060.446,8.447042732266896,45.5761739,I767,_,00060,446
I767__00040.446,8.456193424008884,45.576993325000004,I767,_,00040,446
I767__00020.446,8.456989460119786,45.585705094999994,I767,_,00020,446
I767__00010.447,8.457185578781171,45.591924065,I767,_,00010,447
I767__00170.447,8.459545936244577,45.572357965,I767,_,00170,447
I767__00150.447,8.436450665438514,45.567886055,I767,_,00150,447
I767__00140.447,8.431424094156974,45.57163334,I767,_,00140,447
I767__00090.447,8.43587054851259,45.575957905,I767,_,00090,447
I767__00070.447,8.43710281315175,45.579790215,I767,_,00070,447
I767__00060.447,8.4468503926241,45.57599301,I767,_,00060,447
I767__00040.447,8.456793822418623,45.577028375,I767,_,00040,447
I767__00020.447,8.457893050286081,45.58518434,I767,_,00020,447
I767__00010.448,8.464775943069515,45.593698115,I767,_,00010,448
I767__00170.448,8.452830410259068,45.572216874999995,I767,_,00170,448
I767__00150.448,8.438775528796201,45.572067919999995,I767,_,00150,448
I767__00140.448,8.430694195127504,45.574925465,I767,_,00140,448
I767__00090.448,8.43594158378119,45.575789955000005,I767,_,00090,448
I767__00070.448,8.43827712860912,45.587453385,I767,_,00070,448
I767__00040.448,8.456008007417537,45.57640663,I767,_,00040,448
I767__00020.448,8.458272427599239,45.582640605,I767,_,00020,448
I767__00010.449,8.458204289308824,45.58999825,I767,_,00010,449
I767__00170.449,8.452488029805995,45.57229572,I767,_,00170,449
I767__00150.449,8.435598224760158,45.568814355,I767,_,00150,449
I767__00140.449,8.4315556950948,45.57112069,I767,_,00140,449
I767__00090.449,8.436357832679253,45.576695955,I767,_,00090,449
I767__00070.449,8.4375860524455,45.58726679,I767,_,00070,449
I767__00060.449,8.439287671752572,45.58599558,I767,_,00060,449
I767__00040.449,8.456156319779907,45.576398940000004,I767,_,00040,449
I767__00020.449,8.45836093100479,45.581584585,I767,_,00020,449
I767__00010.45,8.457519952551962,45.591427345,I767,_,00010,45
I767__00180.45,8.439528374717007,45.565162560000005,I767,_,00180,45
I767__00170.45,8.453523038158366,45.575830455,I767,_,00170,45
I767__00160.45,8.44452440557064,45.57447608,I767,_,00160,45
I767__00130.45,8.421559181035548,45.566849225,I767,_,00130,45
I767__00120.45,8.415365653548868,45.57247697,I767,_,00120,45
I767__00110.45,8.419903690598538,45.577514905,I767,_,00110,45
I767__00100.45,8.430652222334338,45.579924245,I767,_,00100,45
I767__00080.45,8.438931990729634,45.578472274999996,I767,_,00080,45
I767__00070.45,8.43343010458278,45.585227885,I767,_,00070,45
I767__00060.45,8.440464404090015,45.58562398,I767,_,00060,45
I767__00050.45,8.446244948747593,45.589726755,I767,_,00050,45
I767__00040.45,8.450593479571172,45.583499919999994,I767,_,00040,45
I767__00030.45,8.468667747186618,45.580127085,I767,_,00030,45
I767__00020.45,8.458128853327455,45.587057895,I767,_,00020,45
I767__00010.450,8.458076078730663,45.589838154999995,I767,_,00010,450
I767__00170.450,8.456680479159491,45.572714665,I767,_,00170,450
I767__00150.450,8.437752064667556,45.571445865,I767,_,00150,450
I767__00140.450,8.433008437058156,45.567482255,I767,_,00140,450
I767__00090.450,8.435793164038461,45.576042494999996,I767,_,00090,450
I767__00070.450,8.436508839075648,45.586507139999995,I767,_,00070,450
I767__00040.450,8.456303503696395,45.57638704,I767,_,00040,450
I767__00020.450,8.459915714740143,45.586400749999996,I767,_,00020,450
I767__00010.451,8.459798417659535,45.591195035,I767,_,00010,451
I767__00170.451,8.456049559711996,45.576154765,I767,_,00170,451
I767__00150.451,8.43785624988226,45.571308195,I767,_,00150,451
I767__00140.451,8.433487979722567,45.567372595,I767,_,00140,451
I767__00090.451,8.435870659648625,45.5760849,I767,_,00090,451
I767__00070.451,8.431293639726455,45.586821995,I767,_,00070,451
I767__00060.451,8.448070031982263,45.5821015,I767,_,00060,451
I767__00040.451,8.457056754519453,45.57641998,I767,_,00040,451
I767__00020.451,8.461013860182938,45.58652734,I767,_,00020,451
I767__00010.452,8.461632798946592,45.591475055,I767,_,00010,452
I767__00170.452,8.456173244736085,45.576163355,I767,_,00170,452
I767__00090.452,8.43654674475209,45.577165074999996,I767,_,00090,452
I767__00060.452,8.44183253357296,45.576284465,I767,_,00060,452
I767__00040.452,8.454620280520643,45.588456725,I767,_,00040,452
I767__00020.452,8.460576550071377,45.58633987,I767,_,00020,452
I767__00010.453,8.462423911719714,45.59159558499999,I767,_,00010,453
I767__00170.453,8.45694079292195,45.57614487,I767,_,00170,453
I767__00150.453,8.437928315655675,45.572546185,I767,_,00150,453
I767__00060.453,8.448357793044384,45.57731583,I767,_,00060,453
I767__00040.453,8.452553184241506,45.57850609,I767,_,00040,453
I767__00020.453,8.461722780953973,45.586330185,I767,_,00020,453
I767__00010.454,8.468030815694938,45.590280480000004,I767,_,00010,454
I767__00170.454,8.456523375872347,45.57608942,I767,_,00170,454
I767__00150.454,8.438404337198266,45.57244989,I767,_,00150,454
I767__00070.454,8.433834275796052,45.580960215000005,I767,_,00070,454
I767__00060.454,8.447344977609482,45.576030079999995,I767,_,00060,454
I767__00040.454,8.452687804510898,45.578315835,I767,_,00040,454
I767__00020.454,8.462326504390075,45.586412755,I767,_,00020,454
I767__00010.455,8.466892190355766,45.58970255,I767,_,00010,455
I767__00170.455,8.449090068516071,45.570349475,I767,_,00170,455
I767__00150.455,8.440442848429786,45.569659575,I767,_,00150,455
I767__00140.455,8.42922285723078,45.573706105,I767,_,00140,455
I767__00070.455,8.434191053854855,45.58115545,I767,_,00070,455
I767__00060.455,8.441250699744803,45.57735456,I767,_,00060,455
I767__00040.455,8.450470758398165,45.57755055,I767,_,00040,455
I767__00020.455,8.460737687436183,45.582195245,I767,_,00020,455
I767__00010.456,8.467342743994859,45.58987782,I767,_,00010,456
I767__00170.456,8.451436235968613,45.569442249999994,I767,_,00170,456
I767__00150.456,8.433516642548886,45.574882869999996,I767,_,00150,456
I767__00140.456,8.432830121658057,45.57186581,I767,_,00140,456
I767__00070.456,8.437855729272318,45.58722328,I767,_,00070,456
I767__00060.456,8.443432016589746,45.578439814999996,I767,_,00060,456
I767__00040.456,8.44937508126181,45.579738665,I767,_,00040,456
I767__00020.456,8.464016473561886,45.585717105,I767,_,00020,456
I767__00010.457,8.468037920998789,45.589979275000005,I767,_,00010,457
I767__00170.457,8.451631495236011,45.572090349999996,I767,_,00170,457
I767__00150.457,8.433799376470713,45.57279405,I767,_,00150,457
I767__00140.457,8.432641429941599,45.572290085,I767,_,00140,457
I767__00060.457,8.441424170302149,45.58773763,I767,_,00060,457
I767__00040.457,8.449593610905023,45.580890139999994,I767,_,00040,457
I767__00020.457,8.463018152456167,45.58463939000001,I767,_,00020,457
I767__00010.458,8.461438626083044,45.58924212,I767,_,00010,458
I767__00170.458,8.452456606145057,45.571807185,I767,_,00170,458
I767__00140.458,8.430591313053085,45.574044,I767,_,00140,458
I767__00090.458,8.436490781988407,45.575456715,I767,_,00090,458
I767__00060.458,8.441666611253629,45.58724742,I767,_,00060,458
I767__00040.458,8.456797299918993,45.58655061,I767,_,00040,458
I767__00020.458,8.464578272667676,45.583083645,I767,_,00020,458
I767__00010.459,8.462178280615316,45.588845535000004,I767,_,00010,459
I767__00170.459,8.45221274550832,45.57594715,I767,_,00170,459
I767__00090.459,8.436494722274688,45.575494635,I767,_,00090,459
I767__00060.459,8.439470680860138,45.583178915,I767,_,00060,459
I767__00040.459,8.457284885434799,45.583737575,I767,_,00040,459
I767__00020.459,8.465275399107494,45.58209345,I767,_,00020,459
I767__00010.46,8.457701576456646,45.59093699,I767,_,00010,46
I767__00180.46,8.439696779226383,45.56522482,I767,_,00180,46
I767__00170.46,8.453141650389464,45.576008834999996,I767,_,00170,46
I767__00160.46,8.444424417008037,45.574659055,I767,_,00160,46
I767__00130.46,8.420987072817763,45.56622787,I767,_,00130,46
I767__00120.46,8.414638219162295,45.572111175,I767,_,00120,46
I767__00110.46,8.419979894635205,45.5775994,I767,_,00110,46
I767__00100.46,8.430844254761496,45.57975191,I767,_,00100,46
I767__00090.46,8.43596436679411,45.576638575000004,I767,_,00090,46
I767__00080.46,8.438638002731693,45.57828928,I767,_,00080,46
I767__00070.46,8.433663480767454,45.58521286,I767,_,00070,46
I767__00060.46,8.440694681083652,45.58508072,I767,_,00060,46
I767__00040.46,8.450715436733786,45.5833746,I767,_,00040,46
I767__00030.46,8.467415680547557,45.57972609,I767,_,00030,46
I767__00020.46,8.458110717937206,45.58726427,I767,_,00020,46
I767__00010.460,8.466926567311631,45.58981618,I767,_,00010,460
I767__00170.460,8.452528528906027,45.57517634,I767,_,00170,460
I767__00140.460,8.4322340497035,45.56593418,I767,_,00140,460
I767__00090.460,8.436563558358905,45.57548541,I767,_,00090,460
I767__00060.460,8.439852137797828,45.583298694999996,I767,_,00060,460
I767__00040.460,8.45834301652658,45.5838359,I767,_,00040,460
I767__00020.460,8.464760967607702,45.58222956,I767,_,00020,460
I767__00010.461,8.455678777358884,45.588520869999996,I767,_,00010,461
I767__00170.461,8.452903294228555,45.575360165,I767,_,00170,461
I767__00090.461,8.436430406612256,45.575491805,I767,_,00090,461
I767__00070.461,8.43012093415116,45.586580135000005,I767,_,00070,461
I767__00060.461,8.44402099787332,45.58265869,I767,_,00060,461
I767__00040.461,8.450995497189075,45.58093205,I767,_,00040,461
I767__00020.461,8.463998651984419,45.58152058500001,I767,_,00020,461
I767__00010.462,8.465756530500771,45.59255498,I767,_,00010,462
I767__00170.462,8.453311510299706,45.575029885,I767,_,00170,462
I767__00140.462,8.431253416543115,45.57200474,I767,_,00140,462
I767__00090.462,8.436504594513698,45.5753852,I767,_,00090,462
I767__00060.462,8.44572601230578,45.58239509,I767,_,00060,462
I767__00040.462,8.4573651418271,45.57951292,I767,_,00040,462
I767__00020.462,8.463364041354016,45.581406385,I767,_,00020,462
I767__00010.463,8.464906664974473,45.592387215,I767,_,00010,463
I767__00170.463,8.454050493535663,45.570712975,I767,_,00170,463
I767__00090.463,8.43657804480618,45.575422544999995,I767,_,00090,463
I767__00060.463,8.445381677128314,45.582928965,I767,_,00060,463
I767__00040.463,8.456469861082386,45.579306445,I767,_,00040,463
I767__00020.463,8.462704414858433,45.581340575,I767,_,00020,463
I767__00010.464,8.460441357699557,45.593549055,I767,_,00010,464
I767__00170.464,8.453480694828432,45.57006497,I767,_,00170,464
I767__00150.464,8.434062829590685,45.57407424,I767,_,00150,464
I767__00140.464,8.430299589359329,45.574076965,I767,_,00140,464
I767__00090.464,8.436013591494534,45.576141820000004,I767,_,00090,464
I767__00060.464,8.445959300137194,45.579804034999995,I767,_,00060,464
I767__00040.464,8.450491997544662,45.579753464999996,I767,_,00040,464
I767__00020.464,8.46421742958426,45.580625725,I767,_,00020,464
I767__00010.465,8.46092562433487,45.59182484,I767,_,00010,465
I767__00170.465,8.454132908868742,45.57306099,I767,_,00170,465
I767__00150.465,8.434413670747587,45.574967834999995,I767,_,00150,465
I767__00090.465,8.436107387152255,45.57602541,I767,_,00090,465
I767__00060.465,8.447140279856093,45.579206705000004,I767,_,00060,465
I767__00040.465,8.450265417568058,45.57945182,I767,_,00040,465
I767__00020.465,8.467610872250603,45.583400025,I767,_,00020,465
I767__00010.466,8.461548335265093,45.59282768,I767,_,00010,466
I767__00170.466,8.453814709589993,45.572986830000005,I767,_,00170,466
I767__00140.466,8.430542336214334,45.5742882,I767,_,00140,466
I767__00090.466,8.435980562687305,45.575749635,I767,_,00090,466
I767__00070.466,8.435986902389544,45.581462099999996,I767,_,00070,466
I767__00040.466,8.450771348051035,45.57684423,I767,_,00040,466
I767__00020.466,8.467861255977418,45.583339835000004,I767,_,00020,466
I767__00010.467,8.462186574217082,45.592958339999996,I767,_,00010,467
I767__00170.467,8.456132215619045,45.574084765,I767,_,00170,467
I767__00090.467,8.435879474648914,45.577334969999995,I767,_,00090,467
I767__00070.467,8.436444551211736,45.581290440000004,I767,_,00070,467
I767__00060.467,8.447478638665341,45.578145875000004,I767,_,00060,467
I767__00040.467,8.451182218969624,45.57702129,I767,_,00040,467
I767__00020.467,8.46725869268493,45.58310233,I767,_,00020,467
I767__00010.468,8.46307512300815,45.589195635,I767,_,00010,468
I767__00170.468,8.451877523073263,45.575164185000006,I767,_,00170,468
I767__00140.468,8.430458139351025,45.573864715,I767,_,00140,468
I767__00090.468,8.437912645228355,45.57493603,I767,_,00090,468
I767__00070.468,8.43665771895397,45.580923965,I767,_,00070,468
I767__00040.468,8.451065857304117,45.577313939999996,I767,_,00040,468
I767__00020.468,8.46774063321999,45.583090535,I767,_,00020,468
I767__00010.469,8.46368346641474,45.5893133,I767,_,00010,469
I767__00170.469,8.45219863653199,45.5748141,I767,_,00170,469
I767__00070.469,8.436693790447247,45.580835515,I767,_,00070,469
I767__00060.469,8.447832350847952,45.577804595,I767,_,00060,469
I767__00040.469,8.448826987447323,45.580854939999995,I767,_,00040,469
I767__00020.469,8.463365910797542,45.585589965,I767,_,00020,469
I767__00010.47,8.457817543243113,45.591694285,I767,_,00010,47
I767__00180.47,8.440009327852747,45.56514858,I767,_,00180,47
I767__00170.47,8.45428265043955,45.57614042,I767,_,00170,47
I767__00160.47,8.444097857224726,45.574687735,I767,_,00160,47
I767__00140.47,8.42747064938047,45.572895455,I767,_,00140,47
I767__00130.47,8.419835231659473,45.56560076,I767,_,00130,47
I767__00120.47,8.415442773942392,45.572776045,I767,_,00120,47
I767__00110.47,8.420111780724975,45.57768676,I767,_,00110,47
I767__00100.47,8.430737374972217,45.580178384999996,I767,_,00100,47
I767__00070.47,8.434235518984467,45.58553414,I767,_,00070,47
I767__00060.47,8.440403569750572,45.585058375,I767,_,00060,47
I767__00040.47,8.451244138597204,45.583566215000005,I767,_,00040,47
I767__00030.47,8.4682790810724,45.579890745,I767,_,00030,47
I767__00020.47,8.459679433843203,45.58747153,I767,_,00020,47
I767__00010.470,8.465530710936083,45.58937292,I767,_,00010,470
I767__00170.470,8.452418730517966,45.57457243,I767,_,00170,470
I767__00150.470,8.436011515062734,45.572406865000005,I767,_,00150,470
I767__00140.470,8.430660456932923,45.574024660000006,I767,_,00140,470
I767__00090.470,8.438233821594475,45.57548021,I767,_,00090,470
I767__00060.470,8.442082445196773,45.58732486,I767,_,00060,470
I767__00040.470,8.448891999819644,45.58076246,I767,_,00040,470
I767__00020.470,8.469123231628782,45.58310201,I767,_,00020,470
I767__00010.471,8.459578459809949,45.59082078,I767,_,00010,471
I767__00170.471,8.450869637910532,45.574177385,I767,_,00170,471
I767__00140.471,8.43184908636375,45.566553425,I767,_,00140,471
I767__00090.471,8.438346402619025,45.575126325,I767,_,00090,471
I767__00060.471,8.440399946531375,45.586829359999996,I767,_,00060,471
I767__00040.471,8.4494276687759,45.58112888,I767,_,00040,471
I767__00020.471,8.470600302194946,45.58340005,I767,_,00020,471
I767__00010.472,8.465951808620428,45.59084967,I767,_,00010,472
I767__00170.472,8.450036380661285,45.573994815,I767,_,00170,472
I767__00140.472,8.431871605093166,45.565994445,I767,_,00140,472
I767__00090.472,8.437315190866947,45.575962454999996,I767,_,00090,472
I767__00070.472,8.435047375203638,45.584069029999995,I767,_,00070,472
I767__00060.472,8.44392185447634,45.58391834,I767,_,00060,472
I767__00040.472,8.449407237877654,45.580983405,I767,_,00040,472
I767__00020.472,8.470171936406317,45.582186565,I767,_,00020,472
I767__00010.473,8.466637930797987,45.590977415,I767,_,00010,473
I767__00170.473,8.450032256180993,45.57420942,I767,_,00170,473
I767__00140.473,8.431646784076438,45.56604754,I767,_,00140,473
I767__00090.473,8.437430276152416,45.575901565,I767,_,00090,473
I767__00060.473,8.448601252747569,45.577305585000005,I767,_,00060,473
I767__00040.473,8.45480850719893,45.5819104,I767,_,00040,473
I767__00020.473,8.47095299224347,45.58090402,I767,_,00020,473
I767__00010.474,8.467280664438787,45.591109615,I767,_,00010,474
I767__00170.474,8.454279468050252,45.57377697,I767,_,00170,474
I767__00150.474,8.43509144536364,45.57123524,I767,_,00150,474
I767__00140.474,8.431759286442384,45.566319635,I767,_,00140,474
I767__00090.474,8.437536908893076,45.575948165,I767,_,00090,474
I767__00070.474,8.436061498491705,45.581253905,I767,_,00070,474
I767__00060.474,8.44873513493021,45.57719087,I767,_,00060,474
I767__00040.474,8.454829247721602,45.581749290000005,I767,_,00040,474
I767__00020.474,8.469988178559264,45.58033164,I767,_,00020,474
I767__00010.475,8.465802479839656,45.588835555,I767,_,00010,475
I767__00170.475,8.457786424589736,45.572830505,I767,_,00170,475
I767__00150.475,8.433350640910069,45.57533537,I767,_,00150,475
I767__00140.475,8.431720213268312,45.570537575,I767,_,00140,475
I767__00090.475,8.436048101227556,45.57747697,I767,_,00090,475
I767__00070.475,8.438361234624523,45.578864575,I767,_,00070,475
I767__00060.475,8.447785743293942,45.576503395,I767,_,00060,475
I767__00040.475,8.455288226992334,45.582046445,I767,_,00040,475
I767__00020.475,8.470184197836879,45.58010471,I767,_,00020,475
I767__00020.476,8.463145547646471,45.58441182999999,I767,_,00020,476
I767__00170.476,8.456222777204374,45.573136090000006,I767,_,00170,476
I767__00150.476,8.43302789290778,45.575203220000006,I767,_,00150,476
I767__00140.476,8.431520971297013,45.570446105,I767,_,00140,476
I767__00090.476,8.436143266760485,45.57731828,I767,_,00090,476
I767__00060.476,8.448001672786605,45.57641217,I767,_,00060,476
I767__00040.476,8.455324468968847,45.58191167,I767,_,00040,476
I767__00020.477,8.463127852880973,45.5846919,I767,_,00020,477
I767__00170.477,8.45565423799952,45.57539206,I767,_,00170,477
I767__00150.477,8.433845119992323,45.575124595,I767,_,00150,477
I767__00090.477,8.437526304319276,45.575195995,I767,_,00090,477
I767__00040.477,8.451313291139709,45.58049071,I767,_,00040,477
I767__00020.478,8.465005586601478,45.582152225,I767,_,00020,478
I767__00170.478,8.45550967042332,45.57497492,I767,_,00170,478
I767__00140.478,8.43173253274561,45.565940935,I767,_,00140,478
I767__00090.478,8.436839527124619,45.57509419,I767,_,00090,478
I767__00070.478,8.436360466687969,45.579097785,I767,_,00070,478
I767__00060.478,8.447586936233646,45.57600166,I767,_,00060,478
I767__00040.478,8.451772607083091,45.58076821,I767,_,00040,478
I767__00020.479,8.464017350019692,45.586025934999995,I767,_,00020,479
I767__00170.479,8.455184338614927,45.57564351,I767,_,00170,479
I767__00150.479,8.433291654473463,45.568597335,I767,_,00150,479
I767__00090.479,8.437738459092005,45.57497055,I767,_,00090,479
I767__00070.479,8.43622166991173,45.57897335,I767,_,00070,479
I767__00060.479,8.447784884599614,45.575958885000006,I767,_,00060,479
I767__00040.479,8.448489015992632,45.58227599,I767,_,00040,479
I767__00010.48,8.458362398544944,45.591619539999996,I767,_,00010,48
I767__00180.48,8.440398253216543,45.56527181,I767,_,00180,48
I767__00170.48,8.454110831623211,45.57591427,I767,_,00170,48
I767__00150.48,8.43313401925414,45.57414583,I767,_,00150,48
I767__00140.48,8.427841926619768,45.57276537,I767,_,00140,48
I767__00130.48,8.419995333025357,45.56544135,I767,_,00130,48
I767__00120.48,8.415558869230482,45.57293006,I767,_,00120,48
I767__00110.48,8.420319554930867,45.577740829999996,I767,_,00110,48
I767__00100.48,8.43034218524053,45.58053904,I767,_,00100,48
I767__00070.48,8.43467559975311,45.585724625,I767,_,00070,48
I767__00060.48,8.440163869832695,45.58497089,I767,_,00060,48
I767__00040.48,8.451407586066551,45.583615815,I767,_,00040,48
I767__00030.48,8.46781061709197,45.579552,I767,_,00030,48
I767__00020.48,8.458395376100421,45.586572385,I767,_,00020,48
I767__00020.480,8.462947799889243,45.58550863,I767,_,00020,480
I767__00170.480,8.449576079767441,45.573929435,I767,_,00170,480
I767__00150.480,8.434036001263532,45.572325045,I767,_,00150,480
I767__00090.480,8.438055570785668,45.57538125000001,I767,_,00090,480
I767__00060.480,8.439392509541317,45.587795455000006,I767,_,00060,480
I767__00040.480,8.448529944553819,45.581922565,I767,_,00040,480
I767__00020.481,8.470278385440649,45.5800326,I767,_,00020,481
I767__00170.481,8.450922127847946,45.570429974999996,I767,_,00170,481
I767__00090.481,8.4377749087623,45.575284085,I767,_,00090,481
I767__00070.481,8.43474168515924,45.58176114,I767,_,00070,481
I767__00060.481,8.43941844651404,45.588016455,I767,_,00060,481
I767__00040.481,8.449262397182954,45.58247585,I767,_,00040,481
I767__00020.482,8.470601046604688,45.580012249999996,I767,_,00020,482
I767__00170.482,8.452522826870137,45.57065016,I767,_,00170,482
I767__00070.482,8.430552490451653,45.584410525,I767,_,00070,482
I767__00060.482,8.440917010873703,45.585776055,I767,_,00060,482
I767__00040.482,8.449337666990967,45.582016545,I767,_,00040,482
I767__00020.483,8.458993070807534,45.585576384999996,I767,_,00020,483
I767__00170.483,8.451521799713667,45.572893465,I767,_,00170,483
I767__00150.483,8.433379741308602,45.575415660000004,I767,_,00150,483
I767__00070.483,8.430012820691498,45.58595335,I767,_,00070,483
I767__00060.483,8.442015288861384,45.58455338,I767,_,00060,483
I767__00040.483,8.450031339042717,45.58347226,I767,_,00040,483
I767__00020.484,8.459056000199366,45.582943905,I767,_,00020,484
I767__00170.484,8.45922771795986,45.572446345,I767,_,00170,484
I767__00090.484,8.43781189111861,45.575414075,I767,_,00090,484
I767__00070.484,8.430134844428476,45.58482729,I767,_,00070,484
I767__00060.484,8.44195871753979,45.584474685,I767,_,00060,484
I767__00040.484,8.451682576785366,45.584299294999994,I767,_,00040,484
I767__00020.485,8.458669237401693,45.58020434,I767,_,00020,485
I767__00170.485,8.451100373892665,45.568447715000005,I767,_,00170,485
I767__00140.485,8.43163466661729,45.566481905,I767,_,00140,485
I767__00090.485,8.438230252624244,45.57557167,I767,_,00090,485
I767__00070.485,8.429555185561652,45.5849941,I767,_,00070,485
I767__00060.485,8.443035354987042,45.58474765,I767,_,00060,485
I767__00040.485,8.449933337708384,45.582911179999996,I767,_,00040,485
I767__00020.486,8.458632937668657,45.579976305,I767,_,00020,486
I767__00170.486,8.452176350153643,45.5690563,I767,_,00170,486
I767__00150.486,8.436902996821752,45.57228566,I767,_,00150,486
I767__00140.486,8.431902361301766,45.576006379999995,I767,_,00140,486
I767__00090.486,8.43806108014161,45.57552203,I767,_,00090,486
I767__00070.486,8.429776111353128,45.58472677,I767,_,00070,486
I767__00060.486,8.443025230239687,45.58453945,I767,_,00060,486
I767__00040.486,8.449965865816704,45.58264077,I767,_,00040,486
I767__00020.487,8.458563865791941,45.586124330000004,I767,_,00020,487
I767__00170.487,8.454625349502082,45.569980125,I767,_,00170,487
I767__00140.487,8.431860502822673,45.566370320000004,I767,_,00140,487
I767__00090.487,8.438208773900072,45.57565115,I767,_,00090,487
I767__00070.487,8.429881602675223,45.585083165,I767,_,00070,487
I767__00060.487,8.443544388595871,45.583781134999995,I767,_,00060,487
I767__00040.487,8.452004285801095,45.583412890000005,I767,_,00040,487
I767__00040.488,8.453035757542168,45.583109635,I767,_,00040,488
I767__00170.488,8.45365098345508,45.56999173,I767,_,00170,488
I767__00150.488,8.434424752551898,45.5727344,I767,_,00150,488
I767__00140.488,8.427842678829782,45.573922319999994,I767,_,00140,488
I767__00090.488,8.437728489906714,45.57537964,I767,_,00090,488
I767__00070.488,8.43003570488541,45.58485294,I767,_,00070,488
I767__00060.488,8.439086906843917,45.58380695,I767,_,00060,488
I767__00040.489,8.453392080888785,45.583265284999996,I767,_,00040,489
I767__00170.489,8.45326991668451,45.572857745,I767,_,00170,489
I767__00150.489,8.434619871465959,45.57272102,I767,_,00150,489
I767__00090.489,8.43850093778164,45.574916654999996,I767,_,00090,489
I767__00060.489,8.438941105586373,45.58364052,I767,_,00060,489
I767__00010.49,8.458590902817779,45.591917365,I767,_,00010,49
I767__00180.49,8.440762375062132,45.565554805000005,I767,_,00180,49
I767__00170.49,8.455437241274398,45.57601946,I767,_,00170,49
I767__00160.49,8.444382828159927,45.575038265,I767,_,00160,49
I767__00140.49,8.427989926056004,45.57256315,I767,_,00140,49
I767__00130.49,8.420113938545194,45.56533231,I767,_,00130,49
I767__00120.49,8.41552208892217,45.5730301,I767,_,00120,49
I767__00110.49,8.420732234465826,45.577896145,I767,_,00110,49
I767__00100.49,8.430279003766408,45.58049302,I767,_,00100,49
I767__00090.49,8.436129858325126,45.57672418,I767,_,00090,49
I767__00080.49,8.438811988386856,45.578364915,I767,_,00080,49
I767__00070.49,8.434630987931158,45.58543497,I767,_,00070,49
I767__00060.49,8.440268113955629,45.585448095000004,I767,_,00060,49
I767__00040.49,8.451746329220388,45.583731315,I767,_,00040,49
I767__00030.49,8.469285929455587,45.579944615,I767,_,00030,49
I767__00020.49,8.460113434394492,45.587111515000004,I767,_,00020,49
I767__00020.490,8.461150353541424,45.585742815,I767,_,00020,490
I767__00170.490,8.454613362764055,45.57356148,I767,_,00170,490
I767__00140.490,8.42743125910415,45.574088945,I767,_,00140,490
I767__00090.490,8.436159279467411,45.57640285,I767,_,00090,490
I767__00070.490,8.430952134898046,45.586492230000005,I767,_,00070,490
I767__00060.490,8.439397168308727,45.581775515000004,I767,_,00060,490
I767__00040.490,8.453577197765764,45.58336181,I767,_,00040,490
I767__00020.491,8.461161408397414,45.585627125,I767,_,00020,491
I767__00170.491,8.454354094627163,45.57261343,I767,_,00170,491
I767__00150.491,8.43723278605233,45.57183919,I767,_,00150,491
I767__00090.491,8.436283572260042,45.576401505,I767,_,00090,491
I767__00070.491,8.431093631924416,45.585919375,I767,_,00070,491
I767__00040.491,8.456804690386488,45.58629801,I767,_,00040,491
I767__00020.492,8.461107833911473,45.58535657,I767,_,00020,492
I767__00170.492,8.457250183083387,45.57135082,I767,_,00170,492
I767__00140.492,8.427843969465407,45.57364293,I767,_,00140,492
I767__00090.492,8.436139357841238,45.577483355,I767,_,00090,492
I767__00070.492,8.431551992268048,45.58602407,I767,_,00070,492
I767__00060.492,8.439449398741559,45.579775275,I767,_,00060,492
I767__00040.492,8.45667314043098,45.585944075,I767,_,00040,492
I767__00020.493,8.461599633279803,45.585775465,I767,_,00020,493
I767__00170.493,8.456920628651865,45.571205085,I767,_,00170,493
I767__00140.493,8.427360999939776,45.574059575,I767,_,00140,493
I767__00090.493,8.437724453663403,45.575194894999996,I767,_,00090,493
I767__00060.493,8.439592053986319,45.579836755,I767,_,00060,493
I767__00040.493,8.456802947692307,45.585945845,I767,_,00040,493
I767__00020.494,8.459964642412784,45.584433110000006,I767,_,00020,494
I767__00170.494,8.456631764583165,45.57382566,I767,_,00170,494
I767__00090.494,8.438668997534869,45.574978325000004,I767,_,00090,494
I767__00060.494,8.447137244251145,45.58327988,I767,_,00060,494
I767__00040.494,8.452287053344183,45.582531044999996,I767,_,00040,494
I767__00020.495,8.459974162647828,45.58430272,I767,_,00020,495
I767__00170.495,8.45897547825281,45.57271475,I767,_,00170,495
I767__00140.495,8.427772145597768,45.57361161,I767,_,00140,495
I767__00070.495,8.436926433865226,45.580336365,I767,_,00070,495
I767__00040.495,8.452384580835542,45.582559180000004,I767,_,00040,495
I767__00020.496,8.461457430855155,45.585094125,I767,_,00020,496
I767__00170.496,8.457834263915046,45.571568075,I767,_,00170,496
I767__00150.496,8.433971014966234,45.57347518500001,I767,_,00150,496
I767__00140.496,8.427280377130163,45.574025135,I767,_,00140,496
I767__00070.496,8.435335571132597,45.581036624999996,I767,_,00070,496
I767__00060.496,8.447198895826627,45.584175485,I767,_,00060,496
I767__00040.496,8.452529248913397,45.58255567,I767,_,00040,496
I767__00020.497,8.46191479772219,45.585630165,I767,_,00020,497
I767__00170.497,8.454500139865115,45.571713265,I767,_,00170,497
I767__00070.497,8.431098174342914,45.582992555000004,I767,_,00070,497
I767__00060.497,8.446907594212355,45.5839039,I767,_,00060,497
I767__00040.497,8.452655314647657,45.582568525,I767,_,00040,497
I767__00020.498,8.46127035192859,45.58298764,I767,_,00020,498
I767__00170.498,8.451070308482404,45.57351921,I767,_,00170,498
I767__00150.498,8.435284302412796,45.573539115,I767,_,00150,498
I767__00140.498,8.427689150338278,45.573572825,I767,_,00140,498
I767__00070.498,8.430979480966933,45.583775605,I767,_,00070,498
I767__00060.498,8.446999926235954,45.58388612,I767,_,00060,498
I767__00040.498,8.452704060113915,45.58212195,I767,_,00040,498
I767__00020.499,8.461189070688366,45.58250946,I767,_,00020,499
I767__00170.499,8.450172029361267,45.573430295,I767,_,00170,499
I767__00140.499,8.427280301666347,45.57380635,I767,_,00140,499
I767__00090.499,8.437889397774258,45.57545439,I767,_,00090,499
I767__00060.499,8.447763921065334,45.582721995,I767,_,00060,499
I767__00040.499,8.452812902398485,45.582141555,I767,_,00040,499
I767__00010.5,8.45535840706579,45.59047606,I767,_,00010,5
I767__00180.5,8.428150970520576,45.56310757,I767,_,00180,5
I767__00170.5,8.450579904698017,45.575951005,I767,_,00170,5
I767__00150.5,8.43355801866499,45.575454660000005,I767,_,00150,5
I767__00140.5,8.426774649215034,45.57422549,I767,_,00140,5
I767__00130.5,8.418454927330245,45.565571395,I767,_,00130,5
I767__00120.5,8.412788271652783,45.573100915,I767,_,00120,5
I767__00110.5,8.41993436323402,45.579970700000004,I767,_,00110,5
I767__00100.5,8.425053962827254,45.57917937,I767,_,00100,5
I767__00090.5,8.435858221555296,45.57581103,I767,_,00090,5
I767__00070.5,8.433964479736282,45.58742511,I767,_,00070,5
I767__00060.5,8.438889667888994,45.58820087,I767,_,00060,5
I767__00050.5,8.442236041975672,45.587818080000005,I767,_,00050,5
I767__00040.5,8.449176495786183,45.58266329,I767,_,00040,5
I767__00030.5,8.459421561111547,45.579120724999996,I767,_,00030,5
I767__00020.5,8.456535541724037,45.58546045,I767,_,00020,5
I767__00010.50,8.458788732862828,45.591857765,I767,_,00010,50
I767__00180.50,8.441053759477096,45.56483144,I767,_,00180,50
I767__00170.50,8.457706601881828,45.5758025,I767,_,00170,50
I767__00160.50,8.445993233199445,45.57537302,I767,_,00160,50
I767__00130.50,8.421442354581497,45.56616553,I767,_,00130,50
I767__00120.50,8.415404931018895,45.573138525000005,I767,_,00120,50
I767__00110.50,8.42147071031589,45.5787415,I767,_,00110,50
I767__00100.50,8.430328867239119,45.579904835,I767,_,00100,50
I767__00090.50,8.436180272749393,45.57680475,I767,_,00090,50
I767__00080.50,8.43751577686062,45.577480995,I767,_,00080,50
I767__00070.50,8.433894348310396,45.58511899,I767,_,00070,50
I767__00060.50,8.440007739959611,45.585402314999996,I767,_,00060,50
I767__00050.50,8.446522540633051,45.58953835,I767,_,00050,50
I767__00040.50,8.451805001826244,45.583663599999994,I767,_,00040,50
I767__00030.50,8.469099973935588,45.579742675000006,I767,_,00030,50
I767__00020.50,8.458857680802279,45.586833275000004,I767,_,00020,50
I767__00020.500,8.45981252851739,45.58046374,I767,_,00020,500
I767__00170.500,8.458707121404409,45.57205041,I767,_,00170,500
I767__00070.500,8.434376016984494,45.578170225,I767,_,00070,500
I767__00060.500,8.446760967219786,45.57750884,I767,_,00060,500
I767__00040.500,8.452861684878286,45.582222685,I767,_,00040,500
I767__00040.501,8.452960380674927,45.58225229,I767,_,00040,501
I767__00170.501,8.454043442356122,45.57206846,I767,_,00170,501
I767__00150.501,8.43858903930386,45.570787335,I767,_,00150,501
I767__00140.501,8.427546935317178,45.57386888,I767,_,00140,501
I767__00070.501,8.43214223321201,45.586492230000005,I767,_,00070,501
I767__00060.501,8.447111460496878,45.57724652,I767,_,00060,501
I767__00040.502,8.45377994645264,45.582598239999996,I767,_,00040,502
I767__00170.502,8.45263328934805,45.574703735,I767,_,00170,502
I767__00090.502,8.437996655291819,45.57546507,I767,_,00090,502
I767__00070.502,8.435555546666432,45.580347,I767,_,00070,502
I767__00060.502,8.448835795258265,45.577844815000006,I767,_,00060,502
I767__00020.503,8.46381662585309,45.584004300000004,I767,_,00020,503
I767__00170.503,8.452445755474969,45.574880725,I767,_,00170,503
I767__00150.503,8.434141408283836,45.57534011,I767,_,00150,503
I767__00140.503,8.43220402769083,45.57612279,I767,_,00140,503
I767__00070.503,8.435040986446573,45.57780142,I767,_,00070,503
I767__00060.503,8.446549877985188,45.57610287,I767,_,00060,503
I767__00040.503,8.453922604718919,45.582502864999995,I767,_,00040,503
I767__00040.504,8.453931425036238,45.5823929,I767,_,00040,504
I767__00170.504,8.451842348026226,45.575522635,I767,_,00170,504
I767__00140.504,8.432082708421166,45.576534980000005,I767,_,00140,504
I767__00070.504,8.436020561001705,45.578458499999996,I767,_,00070,504
I767__00060.504,8.446701653834868,45.57605322,I767,_,00060,504
I767__00020.505,8.463125084827812,45.583353215,I767,_,00020,505
I767__00170.505,8.453614768841868,45.574943015,I767,_,00170,505
I767__00150.505,8.438464279186089,45.571339019999996,I767,_,00150,505
I767__00140.505,8.43238733484679,45.576205365,I767,_,00140,505
I767__00060.505,8.446611942313005,45.576260985000005,I767,_,00060,505
I767__00040.505,8.453701010817184,45.58231753,I767,_,00040,505
I767__00020.506,8.463143628663634,45.583290794999996,I767,_,00020,506
I767__00170.506,8.453990654713149,45.57441757,I767,_,00170,506
I767__00150.506,8.433914335286005,45.572549179999996,I767,_,00150,506
I767__00140.506,8.431724339367964,45.57641049,I767,_,00140,506
I767__00060.506,8.446769882133342,45.576244635,I767,_,00060,506
I767__00040.506,8.454880580399593,45.581515769999996,I767,_,00040,506
I767__00020.507,8.462040959824993,45.583235255,I767,_,00020,507
I767__00170.507,8.45757482518647,45.571877145,I767,_,00170,507
I767__00150.507,8.435917577725426,45.57356746,I767,_,00150,507
I767__00060.507,8.446650201604346,45.57650346,I767,_,00060,507
I767__00040.507,8.454899997231259,45.581425995000004,I767,_,00040,507
I767__00020.508,8.46218428589587,45.58318708,I767,_,00020,508
I767__00170.508,8.450883659596546,45.571419184999996,I767,_,00170,508
I767__00150.508,8.434735248917065,45.57582743,I767,_,00150,508
I767__00140.508,8.432412692774239,45.57586671,I767,_,00140,508
I767__00070.508,8.435646932924392,45.581419815000004,I767,_,00070,508
I767__00060.508,8.446818691535094,45.57640624,I767,_,00060,508
I767__00040.508,8.454919089384102,45.58133696,I767,_,00040,508
I767__00040.509,8.454954669835441,45.58124664,I767,_,00040,509
I767__00170.509,8.451371019962746,45.5717316,I767,_,00170,509
I767__00150.509,8.433016422524421,45.57499161,I767,_,00150,509
I767__00070.509,8.438263135789358,45.580650765,I767,_,00070,509
I767__00060.509,8.439790329398535,45.58588310499999,I767,_,00060,509
I767__00010.51,8.4588400125323,45.592175725000004,I767,_,00010,51
I767__00180.51,8.44217653964045,45.563714445,I767,_,00180,51
I767__00170.51,8.457871588099188,45.57590561,I767,_,00170,51
I767__00160.51,8.44651591050164,45.57564542,I767,_,00160,51
I767__00130.51,8.421421962663107,45.565937065,I767,_,00130,51
I767__00120.51,8.415306667879191,45.57321888,I767,_,00120,51
I767__00110.51,8.421381495904747,45.578511219999996,I767,_,00110,51
I767__00100.51,8.430115992209668,45.579849589999995,I767,_,00100,51
I767__00080.51,8.43778763169455,45.577768105000004,I767,_,00080,51
I767__00070.51,8.433659471303535,45.584879665,I767,_,00070,51
I767__00060.51,8.439761621695407,45.58531002,I767,_,00060,51
I767__00050.51,8.44709902314385,45.589280575000004,I767,_,00050,51
I767__00040.51,8.45146417336982,45.58354696,I767,_,00040,51
I767__00030.51,8.468577621869981,45.57923531,I767,_,00030,51
I767__00020.51,8.46031173146985,45.58699489,I767,_,00020,51
I767__00020.510,8.464904016181698,45.58107957,I767,_,00020,510
I767__00170.510,8.452899069171314,45.573635280000005,I767,_,00170,510
I767__00150.510,8.43431593051536,45.57298524,I767,_,00150,510
I767__00070.510,8.438540409980831,45.580091935,I767,_,00070,510
I767__00060.510,8.442103737606304,45.586887329999996,I767,_,00060,510
I767__00040.510,8.455660839374282,45.579320215,I767,_,00040,510
I767__00020.511,8.464430520347342,45.58117075,I767,_,00020,511
I767__00170.511,8.44910385411511,45.569640774999996,I767,_,00170,511
I767__00070.511,8.434309197334303,45.579499895,I767,_,00070,511
I767__00060.511,8.44194087053239,45.586200930000004,I767,_,00060,511
I767__00040.511,8.453103731805964,45.580366175,I767,_,00040,511
I767__00020.512,8.464057880389673,45.581212965000006,I767,_,00020,512
I767__00150.512,8.434993212610054,45.575537955,I767,_,00150,512
I767__00070.512,8.43624201639291,45.5837862,I767,_,00070,512
I767__00060.512,8.44111757537626,45.583343915,I767,_,00060,512
I767__00040.512,8.45605322059182,45.57840036,I767,_,00040,512
I767__00020.513,8.46443378654407,45.580665055,I767,_,00020,513
I767__00150.513,8.434294162557835,45.57330374,I767,_,00150,513
I767__00070.513,8.436223441179441,45.5836111,I767,_,00070,513
I767__00060.513,8.441419729625148,45.583364259999996,I767,_,00060,513
I767__00040.513,8.45323982407276,45.579343875000006,I767,_,00040,513
I767__00020.514,8.46634822425294,45.587364234999995,I767,_,00020,514
I767__00150.514,8.435806053805694,45.574519275,I767,_,00150,514
I767__00070.514,8.4362863794974,45.583482005,I767,_,00070,514
I767__00060.514,8.446705649876408,45.581932165,I767,_,00060,514
I767__00040.514,8.451239722300317,45.579850105,I767,_,00040,514
I767__00020.515,8.465457350113951,45.584856695,I767,_,00020,515
I767__00150.515,8.43485918414269,45.57567435,I767,_,00150,515
I767__00060.515,8.447238370471677,45.582286034999996,I767,_,00060,515
I767__00040.515,8.450994482200624,45.579566889999995,I767,_,00040,515
I767__00020.516,8.467437930455183,45.58508832,I767,_,00020,516
I767__00150.516,8.437510057803319,45.571181734999996,I767,_,00150,516
I767__00070.516,8.435409371333376,45.581785960000005,I767,_,00070,516
I767__00060.516,8.443645108640661,45.58169177,I767,_,00060,516
I767__00040.516,8.449895148303863,45.57938377,I767,_,00040,516
I767__00020.517,8.467547783783697,45.584818854999995,I767,_,00020,517
I767__00150.517,8.433921516592907,45.57389468,I767,_,00150,517
I767__00070.517,8.435637868057789,45.580042004999996,I767,_,00070,517
I767__00060.517,8.444787506252222,45.57822237,I767,_,00060,517
I767__00040.517,8.450006029684975,45.579367125000005,I767,_,00040,517
I767__00020.518,8.466717521688627,45.58389443,I767,_,00020,518
I767__00150.518,8.433625406759656,45.573749365,I767,_,00150,518
I767__00070.518,8.43341012897097,45.58103168,I767,_,00070,518
I767__00040.518,8.449601360489991,45.57911046,I767,_,00040,518
I767__00020.519,8.465613607257136,45.583681615,I767,_,00020,519
I767__00070.519,8.432093471228468,45.580338415,I767,_,00070,519
I767__00060.519,8.446435945590157,45.579690060000004,I767,_,00060,519
I767__00040.519,8.449707412028854,45.579093920000005,I767,_,00040,519
I767__00010.52,8.459199478265424,45.592175725000004,I767,_,00010,52
I767__00180.52,8.440413095592351,45.564206245,I767,_,00180,52
I767__00170.52,8.458047961782214,45.575599495000006,I767,_,00170,52
I767__00160.52,8.446865765556147,45.575348225,I767,_,00160,52
I767__00150.52,8.432539276398778,45.574226575,I767,_,00150,52
I767__00130.52,8.42051031991302,45.5652798,I767,_,00130,52
I767__00120.52,8.41554098257575,45.573392805,I767,_,00120,52
I767__00110.52,8.421501148056702,45.57839044,I767,_,00110,52
I767__00100.52,8.429369531087211,45.58043704,I767,_,00100,52
I767__00070.52,8.434773285000233,45.585310155,I767,_,00070,52
I767__00060.52,8.439918002772524,45.58493058,I767,_,00060,52
I767__00050.52,8.446681554875578,45.589141865,I767,_,00050,52
I767__00040.52,8.451283672569335,45.58350553,I767,_,00040,52
I767__00030.52,8.46814261851084,45.57939218,I767,_,00030,52
I767__00020.52,8.461973506742817,45.58724953,I767,_,00020,52
I767__00020.520,8.466489905575834,45.583894205,I767,_,00020,520
I767__00150.520,8.435643870050924,45.57291298,I767,_,00150,520
I767__00070.520,8.435966576720642,45.58014736,I767,_,00070,520
I767__00060.520,8.448581062198432,45.580569249999996,I767,_,00060,520
I767__00040.520,8.44990575890903,45.57831328,I767,_,00040,520
I767__00020.521,8.465264564243824,45.58333607,I767,_,00020,521
I767__00070.521,8.435260913623864,45.578875165,I767,_,00070,521
I767__00060.521,8.448840871125569,45.58049761,I767,_,00060,521
I767__00040.521,8.453224792243304,45.57809822,I767,_,00040,521
I767__00020.522,8.466620882648332,45.583731545000006,I767,_,00020,522
I767__00150.522,8.432869028631327,45.573450554999994,I767,_,00150,522
I767__00070.522,8.43467385963406,45.57810771,I767,_,00070,522
I767__00060.522,8.445756092917843,45.578903170000004,I767,_,00060,522
I767__00040.522,8.452747105865633,45.577845685,I767,_,00040,522
I767__00020.523,8.465843432373106,45.583449265,I767,_,00020,523
I767__00150.523,8.432934519540389,45.573613890000004,I767,_,00150,523
I767__00060.523,8.445389537175345,45.57873735,I767,_,00060,523
I767__00040.523,8.451473393910877,45.577980215,I767,_,00040,523
I767__00020.524,8.46681014458394,45.583782389999996,I767,_,00020,524
I767__00150.524,8.436293186589301,45.570951655,I767,_,00150,524
I767__00060.524,8.439750444798994,45.586708145,I767,_,00060,524
I767__00040.524,8.451577857321404,45.577997085,I767,_,00040,524
I767__00020.525,8.466921864889176,45.58357515,I767,_,00020,525
I767__00150.525,8.435423395781566,45.57542868,I767,_,00150,525
I767__00070.525,8.434218761461139,45.58112662,I767,_,00070,525
I767__00060.525,8.441018536148597,45.584559145,I767,_,00060,525
I767__00040.525,8.45649172430728,45.577387305,I767,_,00040,525
I767__00020.526,8.46577077514208,45.583034225,I767,_,00020,526
I767__00150.526,8.43508435672885,45.57596168,I767,_,00150,526
I767__00060.526,8.4412239897424,45.584347120000004,I767,_,00060,526
I767__00040.526,8.455962743906923,45.57706615,I767,_,00040,526
I767__00020.527,8.468299210033873,45.582727930000004,I767,_,00020,527
I767__00070.527,8.433799299762857,45.58091261,I767,_,00070,527
I767__00060.527,8.441255910186827,45.584709615,I767,_,00060,527
I767__00040.527,8.455478056659746,45.576771835,I767,_,00040,527
I767__00020.528,8.46583226057108,45.582694015,I767,_,00020,528
I767__00060.528,8.441510538597441,45.584508,I767,_,00060,528
I767__00040.528,8.452787489034208,45.585487799999996,I767,_,00040,528
I767__00040.529,8.4512553457945,45.585374735,I767,_,00040,529
I767__00070.529,8.434078871971355,45.581061205,I767,_,00070,529
I767__00060.529,8.43925352647858,45.583281815,I767,_,00060,529
I767__00010.53,8.459448632249707,45.592480980000005,I767,_,00010,53
I767__00180.53,8.440107823135428,45.564166900000004,I767,_,00180,53
I767__00170.53,8.458357032055453,45.575069055,I767,_,00170,53
I767__00160.53,8.446993469869756,45.575241415,I767,_,00160,53
I767__00140.53,8.430123677716725,45.57391246,I767,_,00140,53
I767__00130.53,8.421054139147955,45.565065535,I767,_,00130,53
I767__00120.53,8.414062583493138,45.57296479,I767,_,00120,53
I767__00110.53,8.421185080215428,45.577731315,I767,_,00110,53
I767__00100.53,8.429539540501125,45.580169909999995,I767,_,00100,53
I767__00090.53,8.436066223402763,45.576647475,I767,_,00090,53
I767__00070.53,8.435553098693227,45.585734225,I767,_,00070,53
I767__00060.53,8.439718203719755,45.584896810000004,I767,_,00060,53
I767__00050.53,8.446271618488826,45.588873414999995,I767,_,00050,53
I767__00040.53,8.450823266249007,45.583327975,I767,_,00040,53
I767__00030.53,8.467500722149204,45.579131430000004,I767,_,00030,53
I767__00020.53,8.45997327822895,45.586848715,I767,_,00020,53
I767__00020.530,8.466169378885231,45.58127187,I767,_,00020,530
I767__00070.530,8.433051221868297,45.580569355,I767,_,00070,530
I767__00060.530,8.44836464962941,45.581431295,I767,_,00060,530
I767__00040.530,8.45049167820929,45.582439225,I767,_,00040,530
I767__00020.531,8.46537572657628,45.581057915,I767,_,00020,531
I767__00070.531,8.433556915648689,45.58082254,I767,_,00070,531
I767__00060.531,8.448083235995282,45.581334145,I767,_,00060,531
I767__00040.531,8.45087494725859,45.58158012,I767,_,00040,531
I767__00040.532,8.451301136615825,45.58208798,I767,_,00040,532
I767__00070.532,8.436550586501644,45.581372540000004,I767,_,00070,532
I767__00060.532,8.443260862527348,45.58112809,I767,_,00060,532
I767__00020.533,8.466930523636183,45.58093325,I767,_,00020,533
I767__00150.533,8.435240643863732,45.57413724,I767,_,00150,533
I767__00070.533,8.436259627738824,45.581290440000004,I767,_,00070,533
I767__00060.533,8.445178822208852,45.577449400000006,I767,_,00060,533
I767__00040.533,8.450909950536671,45.58258099,I767,_,00040,533
I767__00020.534,8.468109425583934,45.587755715,I767,_,00020,534
I767__00060.534,8.444109552045036,45.58244612,I767,_,00060,534
I767__00040.534,8.457132121059526,45.587061345,I767,_,00040,534
I767__00020.535,8.46820823447175,45.584947650000004,I767,_,00020,535
I767__00150.535,8.43301789509881,45.574051795,I767,_,00150,535
I767__00060.535,8.439649058075247,45.579862635,I767,_,00060,535
I767__00040.535,8.4523066219068,45.577502875,I767,_,00040,535
I767__00020.536,8.46947680892569,45.58478453,I767,_,00020,536
I767__00150.536,8.434511814601617,45.57377165,I767,_,00150,536
I767__00060.536,8.439702556491017,45.579891285,I767,_,00060,536
I767__00040.536,8.452067973298096,45.577388490000004,I767,_,00040,536
I767__00020.537,8.469495713324694,45.584556485,I767,_,00020,537
I767__00150.537,8.433817827339356,45.574467135,I767,_,00150,537
I767__00060.537,8.439763276379328,45.579912785000005,I767,_,00060,537
I767__00040.537,8.452391408043898,45.585293605000004,I767,_,00040,537
I767__00020.538,8.469680936573337,45.58391976,I767,_,00020,538
I767__00060.538,8.445531188885745,45.582255919999994,I767,_,00060,538
I767__00040.538,8.451859791180084,45.58606012,I767,_,00040,538
I767__00020.539,8.469287858441895,45.582997289999994,I767,_,00020,539
I767__00150.539,8.439113330938882,45.571701745,I767,_,00150,539
I767__00060.539,8.4440047355617,45.58215141,I767,_,00060,539
I767__00040.539,8.451617722304382,45.585629804999996,I767,_,00040,539
I767__00020.54,8.45945287418641,45.586697040000004,I767,_,00020,54
I767__00180.54,8.43949459729134,45.564480835,I767,_,00180,54
I767__00170.54,8.4581918406533,45.57507921,I767,_,00170,54
I767__00160.54,8.447526674544658,45.57481275,I767,_,00160,54
I767__00150.54,8.433215787519504,45.573619595,I767,_,00150,54
I767__00130.54,8.422208296484225,45.565272465,I767,_,00130,54
I767__00120.54,8.414104679988,45.572808045,I767,_,00120,54
I767__00110.54,8.421200569755559,45.577972325000005,I767,_,00110,54
I767__00100.54,8.429658286132792,45.579994875,I767,_,00100,54
I767__00080.54,8.438088156267433,45.577451260000004,I767,_,00080,54
I767__00070.54,8.436987481693157,45.5861387,I767,_,00070,54
I767__00060.54,8.439553436078896,45.584889105,I767,_,00060,54
I767__00050.54,8.446549090603748,45.588766045,I767,_,00050,54
I767__00040.54,8.450860464193614,45.58325808,I767,_,00040,54
I767__00030.54,8.467934724629423,45.579032600000005,I767,_,00030,54
I767__00020.540,8.470430842451908,45.583092805,I767,_,00020,540
I767__00150.540,8.433349188330652,45.574318579999996,I767,_,00150,540
I767__00060.540,8.443080481333958,45.58183185,I767,_,00060,540
I767__00040.540,8.455147801641598,45.582616785,I767,_,00040,540
I767__00020.541,8.469306268710756,45.58286378,I767,_,00020,541
I767__00070.541,8.433815413866427,45.582389445000004,I767,_,00070,541
I767__00060.541,8.442461465829073,45.58142935,I767,_,00060,541
I767__00040.541,8.454806494068116,45.582535825,I767,_,00040,541
I767__00020.542,8.469376073491564,45.582747624999996,I767,_,00020,542
I767__00070.542,8.433650234346821,45.58232988,I767,_,00070,542
I767__00060.542,8.43906948934114,45.585059215,I767,_,00060,542
I767__00040.542,8.452717198395256,45.581028059999994,I767,_,00040,542
I767__00020.543,8.469167054356738,45.582563065,I767,_,00020,543
I767__00150.543,8.437156003416113,45.571580755,I767,_,00150,543
I767__00070.543,8.433488096993598,45.582411065,I767,_,00070,543
I767__00060.543,8.440403226354864,45.583844805,I767,_,00060,543
I767__00040.543,8.452319211148431,45.580648035,I767,_,00040,543
I767__00020.544,8.469223421309287,45.58242455,I767,_,00020,544
I767__00150.544,8.437191189803485,45.572054175,I767,_,00150,544
I767__00070.544,8.437169984041736,45.580466619999996,I767,_,00070,544
I767__00060.544,8.442530860354314,45.584653145000004,I767,_,00060,544
I767__00040.544,8.452202177345594,45.580464585,I767,_,00040,544
I767__00020.545,8.469278842671127,45.582294610000005,I767,_,00020,545
I767__00150.545,8.434534055011909,45.57414722,I767,_,00150,545
I767__00060.545,8.442399340734724,45.584504095,I767,_,00060,545
I767__00040.545,8.45480923303051,45.578557145000005,I767,_,00040,545
I767__00020.546,8.469572664428785,45.581930305,I767,_,00020,546
I767__00150.546,8.434065277350742,45.57314988,I767,_,00150,546
I767__00060.546,8.447137996962859,45.57660521,I767,_,00060,546
I767__00040.546,8.453661870345643,45.57989254,I767,_,00040,546
I767__00020.547,8.472028525404106,45.5810118,I767,_,00020,547
I767__00070.547,8.436374195002674,45.58033693,I767,_,00070,547
I767__00060.547,8.447092006570042,45.576735975,I767,_,00060,547
I767__00040.547,8.453962645079994,45.57807371,I767,_,00040,547
I767__00020.548,8.472038739195522,45.58086912500001,I767,_,00020,548
I767__00060.548,8.447190840598342,45.57685018,I767,_,00060,548
I767__00040.548,8.45412187856195,45.577795315,I767,_,00040,548
I767__00020.549,8.470934348936566,45.58026403,I767,_,00020,549
I767__00150.549,8.434252140012179,45.567117159999995,I767,_,00150,549
I767__00060.549,8.447328351416733,45.577002039999996,I767,_,00060,549
I767__00040.549,8.454341801635497,45.578248259999995,I767,_,00040,549
I767__00010.55,8.459657195025573,45.592547405000005,I767,_,00010,55
I767__00180.55,8.44046742658594,45.563034475,I767,_,00180,55
I767__00170.55,8.457951107317632,45.5754917,I767,_,00170,55
I767__00160.55,8.446243018066367,45.574680555,I767,_,00160,55
I767__00130.55,8.422616616431187,45.564868735000005,I767,_,00130,55
I767__00120.55,8.414401766542737,45.572808045,I767,_,00120,55
I767__00110.55,8.421482383078551,45.577936125,I767,_,00110,55
I767__00100.55,8.42975646586272,45.579621669999995,I767,_,00100,55
I767__00080.55,8.437612257298737,45.577092570000005,I767,_,00080,55
I767__00070.55,8.436926730846908,45.585741525,I767,_,00070,55
I767__00060.55,8.439476647361463,45.5852894,I767,_,00060,55
I767__00050.55,8.44708755896285,45.589015204999995,I767,_,00050,55
I767__00040.55,8.451326266533565,45.58344176,I767,_,00040,55
I767__00030.55,8.45881324753196,45.57545879,I767,_,00030,55
I767__00020.55,8.460592237906308,45.586747185,I767,_,00020,55
I767__00040.550,8.454567958594922,45.578120325,I767,_,00040,550
I767__00150.550,8.434093444230218,45.5749459,I767,_,00150,550
I767__00070.550,8.431093803121733,45.586096575,I767,_,00070,550
I767__00060.550,8.446767319489577,45.57689601,I767,_,00060,550
I767__00020.551,8.471289293247015,45.580244185,I767,_,00020,551
I767__00070.551,8.433668663503619,45.58247752,I767,_,00070,551
I767__00060.551,8.446945523485143,45.577015360000004,I767,_,00060,551
I767__00040.551,8.454675057112283,45.578429195,I767,_,00040,551
I767__00020.552,8.47139909675543,45.58017814,I767,_,00020,552
I767__00150.552,8.439602037016158,45.57163709,I767,_,00150,552
I767__00060.552,8.447163879639955,45.577158565,I767,_,00060,552
I767__00040.552,8.45492300239022,45.578329305,I767,_,00040,552
I767__00020.553,8.468029547546717,45.58326143,I767,_,00020,553
I767__00150.553,8.438438924401101,45.57199579,I767,_,00150,553
I767__00040.553,8.452160059466063,45.587476345,I767,_,00040,553
I767__00020.554,8.456620823210399,45.58488833,I767,_,00020,554
I767__00150.554,8.433857805388879,45.573679600000006,I767,_,00150,554
I767__00060.554,8.444030385640673,45.579449915,I767,_,00060,554
I767__00040.554,8.457548005732285,45.583749185,I767,_,00040,554
I767__00020.555,8.456724365765751,45.584634895,I767,_,00020,555
I767__00150.555,8.43489759404515,45.57465748,I767,_,00150,555
I767__00070.555,8.434946429724867,45.58073468,I767,_,00070,555
I767__00060.555,8.442817337052222,45.579515369999996,I767,_,00060,555
I767__00040.555,8.457851165601532,45.583759725,I767,_,00040,555
I767__00020.556,8.457942730468496,45.581729355,I767,_,00020,556
I767__00150.556,8.43529268969709,45.5750955,I767,_,00150,556
I767__00070.556,8.435366851250665,45.580171895,I767,_,00070,556
I767__00060.556,8.44474606489537,45.584366445,I767,_,00060,556
I767__00040.556,8.4492794978905,45.581366720000005,I767,_,00040,556
I767__00020.557,8.457976508614124,45.581642130000006,I767,_,00020,557
I767__00040.557,8.453318309535595,45.585264485,I767,_,00040,557
I767__00020.558,8.459796733081351,45.585396605,I767,_,00020,558
I767__00150.558,8.4344937593077,45.575231075,I767,_,00150,558
I767__00060.558,8.439610989640826,45.578261545000004,I767,_,00060,558
I767__00040.558,8.453665011783986,45.585272735000004,I767,_,00040,558
I767__00020.559,8.460808068951108,45.58144442,I767,_,00020,559
I767__00040.559,8.453603461923448,45.585986015,I767,_,00040,559
I767__00010.56,8.459804849886575,45.59308688,I767,_,00010,56
I767__00180.56,8.440318965525016,45.563006415000004,I767,_,00180,56
I767__00170.56,8.457857201042236,45.575466555,I767,_,00170,56
I767__00160.56,8.446210801858372,45.574852324999995,I767,_,00160,56
I767__00150.56,8.435236562867832,45.57529113,I767,_,00150,56
I767__00140.56,8.430086847515476,45.573385445,I767,_,00140,56
I767__00130.56,8.422516409312056,45.564735025000004,I767,_,00130,56
I767__00120.56,8.414179490130227,45.57263514,I767,_,00120,56
I767__00110.56,8.421693608436907,45.578067225,I767,_,00110,56
I767__00100.56,8.430086909214436,45.579348875,I767,_,00100,56
I767__00080.56,8.43814456845297,45.577167974999995,I767,_,00080,56
I767__00070.56,8.43583605340665,45.585440005,I767,_,00070,56
I767__00060.56,8.438966540083305,45.585193255,I767,_,00060,56
I767__00050.56,8.447188121611019,45.588808310000005,I767,_,00050,56
I767__00040.56,8.45185997983512,45.58359224,I767,_,00040,56
I767__00030.56,8.458620021518005,45.57511369,I767,_,00030,56
I767__00020.56,8.461923678734717,45.58696822,I767,_,00020,56
I767__00020.560,8.4611555569761,45.581640469999996,I767,_,00020,560
I767__00040.560,8.453794353839534,45.586409880000005,I767,_,00040,560
I767__00020.561,8.461660203526847,45.581167655,I767,_,00020,561
I767__00070.561,8.435799068798012,45.58330238,I767,_,00070,561
I767__00040.561,8.454211684636874,45.586516044999996,I767,_,00040,561
I767__00020.562,8.461741660966123,45.580994544999996,I767,_,00020,562
I767__00150.562,8.434875022446526,45.572351915,I767,_,00150,562
I767__00070.562,8.435113116031282,45.583082965,I767,_,00070,562
I767__00040.562,8.454121950742465,45.585309605,I767,_,00040,562
I767__00020.563,8.461732216318389,45.580732084999994,I767,_,00020,563
I767__00150.563,8.43459028747657,45.572578025,I767,_,00150,563
I767__00060.563,8.440282611227197,45.578707124999994,I767,_,00060,563
I767__00040.563,8.454549055224614,45.58559846,I767,_,00040,563
I767__00020.564,8.463109032596122,45.58198496,I767,_,00020,564
I767__00150.564,8.434627537378107,45.57240879,I767,_,00150,564
I767__00060.564,8.44073184355481,45.57883197,I767,_,00060,564
I767__00040.564,8.45458950516684,45.586592585,I767,_,00040,564
I767__00020.565,8.463216654666432,45.581906905,I767,_,00020,565
I767__00150.565,8.435627640090312,45.571934145,I767,_,00150,565
I767__00060.565,8.440464521353084,45.579190145,I767,_,00060,565
I767__00040.565,8.454196594798853,45.58436018,I767,_,00040,565
I767__00020.566,8.462335058511934,45.581906939999996,I767,_,00020,566
I767__00150.566,8.435069014983274,45.573384454999996,I767,_,00150,566
I767__00060.566,8.439706218239373,45.579098795,I767,_,00060,566
I767__00040.566,8.45463108831214,45.584350415,I767,_,00040,566
I767__00020.567,8.462387156788298,45.581823990000004,I767,_,00020,567
I767__00150.567,8.43490902083908,45.57325007,I767,_,00150,567
I767__00070.567,8.432823784932445,45.586131845,I767,_,00070,567
I767__00060.567,8.441416347281653,45.577989540000004,I767,_,00060,567
I767__00040.567,8.455014790454907,45.584437185,I767,_,00040,567
I767__00020.568,8.463842391716472,45.581159310000004,I767,_,00020,568
I767__00150.568,8.438980101608898,45.57399249,I767,_,00150,568
I767__00070.568,8.432331314775729,45.585140775,I767,_,00070,568
I767__00040.568,8.45535024955143,45.58452538,I767,_,00040,568
I767__00020.569,8.465742907321536,45.5860346,I767,_,00020,569
I767__00150.569,8.433939899033401,45.575629185,I767,_,00150,569
I767__00070.569,8.436904292400481,45.579760025,I767,_,00070,569
I767__00060.569,8.441912701289883,45.57985024,I767,_,00060,569
I767__00040.569,8.455126618732525,45.585069985000004,I767,_,00040,569
I767__00010.57,8.459893629616797,45.59286956,I767,_,00010,57
I767__00180.57,8.439412091591773,45.564044805,I767,_,00180,57
I767__00170.57,8.458065634984365,45.575117045,I767,_,00170,57
I767__00160.57,8.445972313809152,45.575252815,I767,_,00160,57
I767__00130.57,8.422591264143959,45.56669832,I767,_,00130,57
I767__00120.57,8.414198351777653,45.572586355,I767,_,00120,57
I767__00110.57,8.422115893698347,45.57835475,I767,_,00110,57
I767__00100.57,8.430421476553754,45.578992075,I767,_,00100,57
I767__00090.57,8.436109653532323,45.576514555,I767,_,00090,57
I767__00080.57,8.438398009845237,45.57738725,I767,_,00080,57
I767__00070.57,8.435200913659283,45.584867435,I767,_,00070,57
I767__00060.57,8.438802792472968,45.584770815,I767,_,00060,57
I767__00050.57,8.446788168809661,45.588679639999995,I767,_,00050,57
I767__00040.57,8.451973452927202,45.583536875,I767,_,00040,57
I767__00030.57,8.459360791854614,45.575287114999995,I767,_,00030,57
I767__00020.57,8.458782495215704,45.58628994,I767,_,00020,57
I767__00020.570,8.466267847801916,45.58518576,I767,_,00020,570
I767__00150.570,8.435929463581946,45.574764725,I767,_,00150,570
I767__00070.570,8.436951464817183,45.579616355,I767,_,00070,570
I767__00060.570,8.441732926445962,45.5791964,I767,_,00060,570
I767__00040.570,8.455141176134294,45.5835857,I767,_,00040,570
I767__00020.571,8.466071224673332,45.583704815,I767,_,00020,571
I767__00150.571,8.435388557056276,45.575469155,I767,_,00150,571
I767__00060.571,8.442455119604928,45.578646085,I767,_,00060,571
I767__00040.571,8.455711912747546,45.58378874,I767,_,00040,571
I767__00020.572,8.465274430794612,45.583508339999995,I767,_,00020,572
I767__00150.572,8.437197873053698,45.57342827,I767,_,00150,572
I767__00040.572,8.455911455540381,45.584018055,I767,_,00040,572
I767__00020.573,8.465511687164327,45.58358529,I767,_,00020,573
I767__00150.573,8.43808632707958,45.57225708,I767,_,00150,573
I767__00040.573,8.455285814539774,45.585973194999994,I767,_,00040,573
I767__00020.574,8.466546602569068,45.58381956,I767,_,00020,574
I767__00150.574,8.433972179439724,45.574165475,I767,_,00150,574
I767__00060.574,8.440042605963848,45.577311879999996,I767,_,00060,574
I767__00040.574,8.455266873079314,45.585393005,I767,_,00040,574
I767__00020.575,8.466589099504233,45.582351564999996,I767,_,00020,575
I767__00150.575,8.433721140847386,45.573703935,I767,_,00150,575
I767__00040.575,8.45594789851125,45.584230219999995,I767,_,00040,575
I767__00020.576,8.468992126826024,45.580903844999995,I767,_,00020,576
I767__00150.576,8.43338783739202,45.573846259999996,I767,_,00150,576
I767__00040.576,8.449965427404582,45.57947485,I767,_,00040,576
I767__00020.577,8.46736611163857,45.587473579999994,I767,_,00020,577
I767__00150.577,8.434659066733769,45.574014465,I767,_,00150,577
I767__00040.577,8.450392363331797,45.580096409999996,I767,_,00040,577
I767__00020.578,8.467437027173386,45.587295345,I767,_,00020,578
I767__00150.578,8.434417141129707,45.56904507,I767,_,00150,578
I767__00040.578,8.452512599886711,45.581928415,I767,_,00040,578
I767__00020.579,8.468148479596337,45.587626134999994,I767,_,00020,579
I767__00150.579,8.434797929550914,45.573611944999996,I767,_,00150,579
I767__00040.579,8.455628131583246,45.581373465,I767,_,00040,579
I767__00010.58,8.46024695479083,45.592056389999996,I767,_,00010,58
I767__00180.58,8.43933984114997,45.56389301,I767,_,00180,58
I767__00170.58,8.458028408771415,45.574923925,I767,_,00170,58
I767__00160.58,8.445992119683162,45.57498519,I767,_,00160,58
I767__00150.58,8.4335673536222,45.574068355,I767,_,00150,58
I767__00130.58,8.42397639564027,45.566541400000006,I767,_,00130,58
I767__00120.58,8.414308308414927,45.57251556,I767,_,00120,58
I767__00110.58,8.422279484994618,45.578501385,I767,_,00110,58
I767__00100.58,8.430343973688313,45.57883964,I767,_,00100,58
I767__00070.58,8.435057344443923,45.58507347,I767,_,00070,58
I767__00060.58,8.439081666218705,45.58458909,I767,_,00060,58
I767__00050.58,8.44616033737192,45.588238705,I767,_,00050,58
I767__00040.58,8.45136312531083,45.583375860000004,I767,_,00040,58
I767__00030.58,8.45939960635972,45.575174399999995,I767,_,00030,58
I767__00020.58,8.460337828521153,45.586586185,I767,_,00020,58
I767__00020.580,8.468244147968093,45.587469185,I767,_,00020,580
I767__00070.580,8.436619779116556,45.579934345,I767,_,00070,580
I767__00040.580,8.456530818645295,45.58196318,I767,_,00040,580
I767__00020.581,8.46791663068937,45.586016795,I767,_,00020,581
I767__00150.581,8.435686124851557,45.572469255,I767,_,00150,581
I767__00040.581,8.455293337068667,45.580563435,I767,_,00040,581
I767__00020.582,8.468700843705696,45.586172669999996,I767,_,00020,582
I767__00040.582,8.456192034498205,45.58079425,I767,_,00040,582
I767__00020.583,8.469884903309765,45.585738985,I767,_,00020,583
I767__00150.583,8.43506842891422,45.572657945,I767,_,00150,583
I767__00040.583,8.455177950740662,45.579497695,I767,_,00040,583
I767__00020.584,8.470465265379218,45.585852779999996,I767,_,00020,584
I767__00150.584,8.435321418559285,45.57237669,I767,_,00150,584
I767__00040.584,8.449840218217648,45.5790083,I767,_,00040,584
I767__00020.585,8.468555348002438,45.58365868,I767,_,00020,585
I767__00150.585,8.433653275354395,45.57435102,I767,_,00150,585
I767__00040.585,8.44993951655478,45.578954485,I767,_,00040,585
I767__00020.586,8.46972769420751,45.583790625000006,I767,_,00020,586
I767__00150.586,8.437269277245495,45.57107017,I767,_,00150,586
I767__00070.586,8.43636308468719,45.579517585000005,I767,_,00070,586
I767__00040.586,8.45015313795575,45.57933721,I767,_,00040,586
I767__00020.587,8.470776376303544,45.5810017,I767,_,00020,587
I767__00070.587,8.43467068105458,45.583386274999995,I767,_,00070,587
I767__00040.587,8.450209730568673,45.57927219,I767,_,00040,587
I767__00020.588,8.464281865991754,45.585723125,I767,_,00020,588
I767__00150.588,8.433466988715272,45.574205785000004,I767,_,00150,588
I767__00070.588,8.4335744980708,45.580233245,I767,_,00070,588
I767__00040.588,8.451191834792303,45.5785878,I767,_,00040,588
I767__00020.589,8.463384911885605,45.5855484,I767,_,00020,589
I767__00150.589,8.438916232081501,45.571606605,I767,_,00150,589
I767__00070.589,8.434512023220075,45.580035065000004,I767,_,00070,589
I767__00040.589,8.451468868434718,45.57901491,I767,_,00040,589
I767__00010.59,8.46050164173028,45.592134470000005,I767,_,00010,59
I767__00180.59,8.439055001017632,45.564051085,I767,_,00180,59
I767__00170.59,8.457461092624671,45.575878274999994,I767,_,00170,59
I767__00160.59,8.446060604440053,45.57491639,I767,_,00160,59
I767__00150.59,8.434608457556916,45.57485519,I767,_,00150,59
I767__00140.59,8.431286711470381,45.574607764999996,I767,_,00140,59
I767__00130.59,8.423887141127835,45.56717802,I767,_,00130,59
I767__00120.59,8.414555941434001,45.57243744,I767,_,00120,59
I767__00110.59,8.422429586097355,45.578562345,I767,_,00110,59
I767__00100.59,8.430069859713212,45.57885002,I767,_,00100,59
I767__00070.59,8.434478266780104,45.584852334999994,I767,_,00070,59
I767__00060.59,8.439293667797152,45.58483685,I767,_,00060,59
I767__00050.59,8.446186394761265,45.587964244999995,I767,_,00050,59
I767__00040.59,8.450959225639357,45.583214659999996,I767,_,00040,59
I767__00030.59,8.459368855608355,45.575037365,I767,_,00030,59
I767__00020.59,8.461962771254196,45.586692935,I767,_,00020,59
I767__00020.590,8.462970128343017,45.58546793,I767,_,00020,590
I767__00070.590,8.434402897650305,45.58074807,I767,_,00070,590
I767__00040.590,8.451525084280547,45.579188445,I767,_,00040,590
I767__00020.591,8.462599540908847,45.585535535000005,I767,_,00020,591
I767__00150.591,8.434330117796485,45.567957570000004,I767,_,00150,591
I767__00070.591,8.434891309052055,45.580106799999996,I767,_,00070,591
I767__00040.591,8.448522299035208,45.582179665,I767,_,00040,591
I767__00020.592,8.46290715239756,45.584985290000006,I767,_,00020,592
I767__00150.592,8.435026881710215,45.57475399,I767,_,00150,592
I767__00070.592,8.434455064885855,45.580813845,I767,_,00070,592
I767__00040.592,8.44854640561134,45.5820843,I767,_,00040,592
I767__00020.593,8.464216123683846,45.58457241,I767,_,00020,593
I767__00150.593,8.435075690856458,45.57299768,I767,_,00150,593
I767__00070.593,8.434889495336488,45.580232620000004,I767,_,00070,593
I767__00040.593,8.449295709082916,45.582379044999996,I767,_,00040,593
I767__00020.594,8.464791295499307,45.584684235,I767,_,00020,594
I767__00150.594,8.438195227590594,45.572654145,I767,_,00150,594
I767__00070.594,8.434335430834382,45.583417205,I767,_,00070,594
I767__00040.594,8.449300948884241,45.582274444999996,I767,_,00040,594
I767__00020.595,8.464695937687159,45.58690482,I767,_,00020,595
I767__00070.595,8.434324494877009,45.581600115,I767,_,00070,595
I767__00040.595,8.456448451763341,45.576375655,I767,_,00040,595
I767__00020.596,8.468558648619851,45.581680205,I767,_,00020,596
I767__00070.596,8.435438608232422,45.58146034,I767,_,00070,596
I767__00040.596,8.454627064824354,45.57974554,I767,_,00040,596
I767__00020.597,8.467356665479642,45.58143738,I767,_,00020,597
I767__00150.597,8.436735747489912,45.572212025,I767,_,00150,597
I767__00070.597,8.436978771110477,45.58083569,I767,_,00070,597
I767__00040.597,8.454636592876717,45.579372155,I767,_,00040,597
I767__00020.598,8.465321787706682,45.580165465,I767,_,00020,598
I767__00150.598,8.436524055128036,45.572167955,I767,_,00150,598
I767__00070.598,8.4364955092087,45.580624465,I767,_,00070,598
I767__00040.598,8.454817871258385,45.580413840000006,I767,_,00040,598
I767__00020.599,8.471141213446236,45.580477115,I767,_,00020,599
I767__00150.599,8.436212023918518,45.57280897,I767,_,00150,599
I767__00070.599,8.436309286189395,45.579978,I767,_,00070,599
I767__00040.599,8.455057481371727,45.58015184,I767,_,00040,599
I767__00010.6,8.455423932831485,45.59019601,I767,_,00010,6
I767__00180.6,8.428939153802348,45.56184379,I767,_,00180,6
I767__00170.6,8.449774828441564,45.5756195,I767,_,00170,6
I767__00160.6,8.442521120545454,45.57604619,I767,_,00160,6
I767__00140.6,8.427150591392973,45.57451922,I767,_,00140,6
I767__00130.6,8.41885091451211,45.56547365,I767,_,00130,6
I767__00120.6,8.412947003783817,45.572834175,I767,_,00120,6
I767__00110.6,8.418855120096778,45.57907667,I767,_,00110,6
I767__00100.6,8.425326127273415,45.579075875,I767,_,00100,6
I767__00090.6,8.435371759814911,45.576819745,I767,_,00090,6
I767__00070.6,8.434205674589316,45.587689585,I767,_,00070,6
I767__00060.6,8.438997682460842,45.587808225,I767,_,00060,6
I767__00050.6,8.442430403323456,45.58734158,I767,_,00050,6
I767__00040.6,8.448625707165,45.581427829999996,I767,_,00040,6
I767__00030.6,8.460223169537791,45.578969380000004,I767,_,00030,6
I767__00020.6,8.456581228655427,45.58553027,I767,_,00020,6
I767__00010.60,8.460154732172995,45.592962175,I767,_,00010,60
I767__00180.60,8.43914078124609,45.563811885,I767,_,00180,60
I767__00170.60,8.457779895525306,45.57498237,I767,_,00170,60
I767__00160.60,8.444589396215079,45.57398413,I767,_,00160,60
I767__00140.60,8.431722319007928,45.574814270000005,I767,_,00140,60
I767__00130.60,8.424323280031537,45.56733535,I767,_,00130,60
I767__00120.60,8.413302358992123,45.572661475000004,I767,_,00120,60
I767__00110.60,8.42252346339169,45.578653185,I767,_,00110,60
I767__00100.60,8.42994663229101,45.578684605,I767,_,00100,60
I767__00080.60,8.438251323912333,45.577673340000004,I767,_,00080,60
I767__00070.60,8.434648268793346,45.584760615,I767,_,00070,60
I767__00060.60,8.439348490315878,45.584617359999996,I767,_,00060,60
I767__00050.60,8.446484390676705,45.58794775,I767,_,00050,60
I767__00040.60,8.450130263430248,45.582911179999996,I767,_,00040,60
I767__00030.60,8.459778623167395,45.574706219999996,I767,_,00030,60
I767__00020.60,8.45874227894206,45.585958524999995,I767,_,00020,60
I767__00020.600,8.463660771926849,45.58481278,I767,_,00020,600
I767__00150.600,8.433703480028175,45.567684795000005,I767,_,00150,600
I767__00070.600,8.433665775527587,45.581771285,I767,_,00070,600
I767__00040.600,8.454785427578194,45.579005655,I767,_,00040,600
I767__00020.601,8.458714442766688,45.58065437,I767,_,00020,601
I767__00150.601,8.433851720590253,45.57352584,I767,_,00150,601
I767__00070.601,8.433222723150438,45.582441365,I767,_,00070,601
I767__00040.601,8.454880950956149,45.580101555,I767,_,00040,601
I767__00020.602,8.458023580554517,45.58256763,I767,_,00020,602
I767__00150.602,8.439040223797544,45.57344269,I767,_,00150,602
I767__00040.602,8.453914367026755,45.580022265,I767,_,00040,602
I767__00020.603,8.459761391546696,45.584982894999996,I767,_,00020,603
I767__00150.603,8.434124325006238,45.575870605,I767,_,00150,603
I767__00070.603,8.43645375675892,45.57953243,I767,_,00070,603
I767__00040.603,8.454178106292517,45.57995249,I767,_,00040,603
I767__00020.604,8.461395482604615,45.582146179999995,I767,_,00020,604
I767__00070.604,8.436533843648103,45.579575945,I767,_,00070,604
I767__00040.604,8.454167574134953,45.579597765,I767,_,00040,604
I767__00020.605,8.46336785713892,45.58726283,I767,_,00020,605
I767__00070.605,8.436625899330805,45.579592364999996,I767,_,00070,605
I767__00040.605,8.451206237937654,45.5837035,I767,_,00040,605
I767__00020.606,8.462844044473323,45.584007735,I767,_,00020,606
I767__00070.606,8.436211417641822,45.579771375,I767,_,00070,606
I767__00040.606,8.457070457703011,45.582477255,I767,_,00040,606
I767__00020.607,8.461992227058499,45.58389346,I767,_,00020,607
I767__00070.607,8.436369440168091,45.579777195,I767,_,00070,607
I767__00020.608,8.46196136224268,45.583731285,I767,_,00020,608
I767__00150.608,8.438053099286144,45.572791405000004,I767,_,00150,608
I767__00070.608,8.436444812992733,45.579832275,I767,_,00070,608
I767__00040.608,8.448097988333943,45.582631125,I767,_,00040,608
I767__00020.609,8.464198960120605,45.580178655,I767,_,00020,609
I767__00150.609,8.43789211787918,45.57294855000001,I767,_,00150,609
I767__00070.609,8.436543579911984,45.579821535,I767,_,00070,609
I767__00040.609,8.448419103873684,45.583085374999996,I767,_,00040,609
I767__00010.61,8.46023740267822,45.593072545,I767,_,00010,61
I767__00180.61,8.439438255827856,45.563488485,I767,_,00180,61
I767__00170.61,8.457287290264798,45.5758204,I767,_,00170,61
I767__00160.61,8.446197600754289,45.57429606,I767,_,00160,61
I767__00150.61,8.43412711698599,45.574223294999996,I767,_,00150,61
I767__00140.61,8.431225665759541,45.574227615,I767,_,00140,61
I767__00130.61,8.424358102289668,45.567642065,I767,_,00130,61
I767__00120.61,8.413268495248625,45.572038289999995,I767,_,00120,61
I767__00110.61,8.422774859023631,45.578591405,I767,_,00110,61
I767__00100.61,8.42965098883792,45.578422775,I767,_,00100,61
I767__00080.61,8.438225596977457,45.577926065,I767,_,00080,61
I767__00070.61,8.434094773139396,45.5846005,I767,_,00070,61
I767__00060.61,8.440130727469931,45.584644374999996,I767,_,00060,61
I767__00050.61,8.44648745774996,45.588195389999996,I767,_,00050,61
I767__00040.61,8.449792820555139,45.583033485,I767,_,00040,61
I767__00030.61,8.459967493860926,45.575224455,I767,_,00030,61
I767__00020.61,8.459698191842971,45.586236490000005,I767,_,00020,61
I767__00020.610,8.467134521291499,45.584184375,I767,_,00020,610
I767__00150.610,8.43831436035178,45.57225911,I767,_,00150,610
I767__00070.610,8.436194531777943,45.579549705000005,I767,_,00070,610
I767__00040.610,8.44862027497872,45.582835395000004,I767,_,00040,610
I767__00020.611,8.470964402380186,45.584925905,I767,_,00020,611
I767__00070.611,8.431833154835648,45.58570056000001,I767,_,00070,611
I767__00040.611,8.449221265687724,45.58294059,I767,_,00040,611
I767__00020.612,8.470923494778924,45.585001219999995,I767,_,00020,612
I767__00150.612,8.437693695353396,45.57330495,I767,_,00150,612
I767__00070.612,8.431316724004377,45.58633393,I767,_,00070,612
I767__00040.612,8.449806751736201,45.582727595,I767,_,00040,612
I767__00020.613,8.470754059948936,45.58505694,I767,_,00020,613
I767__00150.613,8.433152556352864,45.57475981,I767,_,00150,613
I767__00070.613,8.436292893210346,45.580916075,I767,_,00070,613
I767__00040.613,8.451367650324379,45.58409149,I767,_,00040,613
I767__00020.614,8.470631184893872,45.58511906,I767,_,00020,614
I767__00150.614,8.43282417963621,45.574895845,I767,_,00150,614
I767__00070.614,8.43391007890362,45.58253328,I767,_,00070,614
I767__00020.615,8.470587716672904,45.585215985000005,I767,_,00020,615
I767__00150.615,8.433034556634357,45.574699925,I767,_,00150,615
I767__00070.615,8.437631852975263,45.583540150000005,I767,_,00070,615
I767__00020.616,8.470317120056542,45.58479958,I767,_,00020,616
I767__00150.616,8.432767845536086,45.574606075,I767,_,00150,616
I767__00070.616,8.437824629117499,45.583537135,I767,_,00070,616
I767__00020.617,8.470300512775722,45.584882085000004,I767,_,00020,617
I767__00150.617,8.434001607759694,45.575994390000005,I767,_,00150,617
I767__00070.617,8.434550522924098,45.58330236,I767,_,00070,617
I767__00020.618,8.470160588568614,45.584946005,I767,_,00020,618
I767__00070.618,8.437277756674446,45.57979711,I767,_,00070,618
I767__00020.619,8.470031647889133,45.58500449,I767,_,00020,619
I767__00070.619,8.437571509679477,45.579834985,I767,_,00070,619
I767__00010.62,8.460538950234977,45.592351805,I767,_,00010,62
I767__00180.62,8.439264758946244,45.56351083,I767,_,00180,62
I767__00170.62,8.457318879392538,45.575448425,I767,_,00170,62
I767__00160.62,8.446692867056308,45.574492344999996,I767,_,00160,62
I767__00140.62,8.431173145863884,45.573910080000005,I767,_,00140,62
I767__00130.62,8.424658209477833,45.567700455,I767,_,00130,62
I767__00120.62,8.413338195240637,45.571925179999994,I767,_,00120,62
I767__00110.62,8.422865940681081,45.57867469,I767,_,00110,62
I767__00100.62,8.429100473677254,45.57845768,I767,_,00100,62
I767__00090.62,8.436155194767489,45.57629527,I767,_,00090,62
I767__00080.62,8.438030099861535,45.577884435,I767,_,00080,62
I767__00070.62,8.43378351532068,45.584744975,I767,_,00070,62
I767__00060.62,8.440701566143732,45.584855665,I767,_,00060,62
I767__00050.62,8.446884263485657,45.588281005,I767,_,00050,62
I767__00040.62,8.450061227793771,45.582451289999995,I767,_,00040,62
I767__00030.62,8.458906830543572,45.575992955000004,I767,_,00030,62
I767__00020.62,8.461113157050088,45.58639927,I767,_,00020,62
I767__00020.620,8.469983315807227,45.58510692,I767,_,00020,620
I767__00070.620,8.437964288569841,45.579993994999995,I767,_,00070,620
I767__00020.621,8.462223233884327,45.582058555,I767,_,00020,621
I767__00160.621,8.443419738837791,45.570813075000004,I767,_,00160,621
I767__00150.621,8.434170201739555,45.575817755,I767,_,00150,621
I767__00070.621,8.43747804657378,45.584743204999995,I767,_,00070,621
I767__00020.622,8.463007267866349,45.582139145,I767,_,00020,622
I767__00020.623,8.459550534626601,45.581030569999996,I767,_,00020,623
I767__00020.624,8.467217361729524,45.58057073,I767,_,00020,624
I767__00150.624,8.434317867602383,45.5758054,I767,_,00150,624
I767__00020.625,8.464884011485577,45.587034685,I767,_,00020,625
I767__00160.625,8.441577661496769,45.57348069,I767,_,00160,625
I767__00150.625,8.434245767625026,45.575730565,I767,_,00150,625
I767__00020.626,8.465061030023396,45.58658492,I767,_,00020,626
I767__00160.626,8.442053824520757,45.57317874,I767,_,00160,626
I767__00150.626,8.434339174921453,45.57557577,I767,_,00150,626
I767__00020.627,8.467622265664483,45.581828395,I767,_,00020,627
I767__00150.627,8.437448192577978,45.571963055,I767,_,00150,627
I767__00020.628,8.470325207427422,45.58144765,I767,_,00020,628
I767__00160.628,8.442321093833158,45.574176705,I767,_,00160,628
I767__00150.628,8.437382236950892,45.571969755,I767,_,00150,628
I767__00020.629,8.470087097400032,45.581119105,I767,_,00020,629
I767__00160.629,8.442637372062505,45.574311855000005,I767,_,00160,629
I767__00150.629,8.43746631485692,45.571844125,I767,_,00150,629
I767__00010.63,8.460379892237096,45.593053999999995,I767,_,00010,63
I767__00180.63,8.43907688735641,45.563414030000004,I767,_,00180,63
I767__00170.63,8.457617478212988,45.574968875,I767,_,00170,63
I767__00160.63,8.447692946991701,45.57448811,I767,_,00160,63
I767__00150.63,8.434350314424432,45.57433465,I767,_,00150,63
I767__00140.63,8.431278417276896,45.573777914999994,I767,_,00140,63
I767__00130.63,8.424898573617657,45.566773785,I767,_,00130,63
I767__00120.63,8.413107231824029,45.571675475000006,I767,_,00120,63
I767__00110.63,8.423007878723244,45.578682475,I767,_,00110,63
I767__00100.63,8.428751103231825,45.578085785,I767,_,00100,63
I767__00090.63,8.436213691839288,45.576331145,I767,_,00090,63
I767__00080.63,8.438365282708638,45.57797942,I767,_,00080,63
I767__00070.63,8.433809875145858,45.58448514,I767,_,00070,63
I767__00060.63,8.441021287035683,45.584837164999996,I767,_,00060,63
I767__00050.63,8.446784061650382,45.58792226,I767,_,00050,63
I767__00040.63,8.450147177748178,45.582299355,I767,_,00040,63
I767__00030.63,8.460289027299794,45.576338765,I767,_,00030,63
I767__00020.63,8.459934490002906,45.58613127,I767,_,00020,63
I767__00020.630,8.46605659348681,45.582955595,I767,_,00020,630
I767__00160.630,8.447787368594891,45.57496581,I767,_,00160,630
I767__00150.630,8.437503553312833,45.571820134999996,I767,_,00150,630
I767__00020.631,8.460228808895614,45.58591563,I767,_,00020,631
I767__00160.631,8.443237624539336,45.57451974,I767,_,00160,631
I767__00150.631,8.437485226117282,45.57298645,I767,_,00150,631
I767__00020.632,8.461020716953538,45.585980140000004,I767,_,00020,632
I767__00160.632,8.44461585838714,45.574981175,I767,_,00160,632
I767__00150.632,8.433889628053404,45.573969965,I767,_,00150,632
I767__00020.633,8.459474774600118,45.581194095,I767,_,00020,633
I767__00160.633,8.444002770077025,45.572582735,I767,_,00160,633
I767__00150.633,8.433829499253262,45.57393774,I767,_,00150,633
I767__00020.634,8.469833213617747,45.586328115,I767,_,00020,634
I767__00160.634,8.443257676025784,45.575894625000004,I767,_,00160,634
I767__00150.634,8.433808433551176,45.573926799999995,I767,_,00150,634
I767__00070.634,8.436780788164338,45.57847693,I767,_,00070,634
I767__00020.635,8.465263067219997,45.585475395,I767,_,00020,635
I767__00160.635,8.445907175979734,45.570958925,I767,_,00160,635
I767__00150.635,8.433700635772267,45.573918985000006,I767,_,00150,635
I767__00070.635,8.436897946409536,45.578215154999995,I767,_,00070,635
I767__00020.636,8.46995269232829,45.58553335,I767,_,00020,636
I767__00160.636,8.446676864350966,45.57150789,I767,_,00160,636
I767__00150.636,8.433571928376598,45.573853505,I767,_,00150,636
I767__00070.636,8.436981662875734,45.578243015,I767,_,00070,636
I767__00020.637,8.470572764471708,45.5856621,I767,_,00020,637
I767__00150.637,8.433535796811004,45.57397096,I767,_,00150,637
I767__00070.637,8.436948994177808,45.57861796,I767,_,00070,637
I767__00150.638,8.433549508084461,45.57401834,I767,_,00150,638
I767__00160.638,8.446806181834427,45.571394194999996,I767,_,00160,638
I767__00070.639,8.43732746791894,45.57848904,I767,_,00070,639
I767__00150.639,8.433799648110561,45.574014835,I767,_,00150,639
I767__00010.64,8.460667275904767,45.59236477,I767,_,00010,64
I767__00180.64,8.439479667178176,45.56261596,I767,_,00180,64
I767__00170.64,8.457565200854603,45.574886935,I767,_,00170,64
I767__00160.64,8.447242013804512,45.574153505,I767,_,00160,64
I767__00140.64,8.431677995186515,45.57379633,I767,_,00140,64
I767__00130.64,8.42435598754306,45.566344565,I767,_,00130,64
I767__00120.64,8.413379295139649,45.57161184500001,I767,_,00120,64
I767__00110.64,8.422980872410971,45.57885931,I767,_,00110,64
I767__00100.64,8.428576432434943,45.577929929999996,I767,_,00100,64
I767__00080.64,8.438471959716146,45.57804669,I767,_,00080,64
I767__00070.64,8.433349132628118,45.58461511,I767,_,00070,64
I767__00060.64,8.441732152519602,45.584398635,I767,_,00060,64
I767__00050.64,8.447702075680958,45.588280255,I767,_,00050,64
I767__00040.64,8.450150915228775,45.582164835,I767,_,00040,64
I767__00030.64,8.461417900497057,45.576788295,I767,_,00030,64
I767__00020.64,8.460985924580772,45.586254155000006,I767,_,00020,64
I767__00060.640,8.440302278126632,45.576683705,I767,_,00060,640
I767__00160.640,8.446988127455953,45.571332345,I767,_,00160,640
I767__00060.641,8.440960023404816,45.579871135,I767,_,00060,641
I767__00150.641,8.433975171874925,45.568812885,I767,_,00150,641
I767__00070.641,8.437588141423054,45.57847152,I767,_,00070,641
I767__00060.642,8.441846944050333,45.579934905,I767,_,00060,642
I767__00160.642,8.447124309776441,45.57127704,I767,_,00160,642
I767__00150.642,8.433725826601739,45.56905784,I767,_,00150,642
I767__00060.643,8.439725166426655,45.580433825,I767,_,00060,643
I767__00160.643,8.441471340442355,45.57404595,I767,_,00160,643
I767__00150.643,8.435910629792943,45.575028630000006,I767,_,00150,643
I767__00070.643,8.437580334172901,45.57831861,I767,_,00070,643
I767__00060.644,8.440352690051984,45.580934805,I767,_,00060,644
I767__00160.644,8.440421080265757,45.574107745,I767,_,00160,644
I767__00150.644,8.436305515885508,45.57128759,I767,_,00150,644
I767__00070.644,8.437240269793865,45.57811672,I767,_,00070,644
I767__00070.645,8.433594078093542,45.581874674999995,I767,_,00070,645
I767__00150.645,8.436407036262834,45.571335704999996,I767,_,00150,645
I767__00060.646,8.439346375791294,45.577827205,I767,_,00060,646
I767__00150.646,8.435558921057556,45.571160405,I767,_,00150,646
I767__00070.646,8.433401741664785,45.582070865000006,I767,_,00070,646
I767__00060.647,8.440214559651633,45.581972719999996,I767,_,00060,647
I767__00150.647,8.434693938204019,45.574529459999994,I767,_,00150,647
I767__00070.647,8.437362758206906,45.585147075,I767,_,00070,647
I767__00060.648,8.439829748972247,45.58236615,I767,_,00060,648
I767__00150.648,8.43321983340687,45.572368465,I767,_,00150,648
I767__00060.649,8.44041455127392,45.576412245,I767,_,00060,649
I767__00150.649,8.43285335548429,45.572981819999995,I767,_,00150,649
I767__00010.65,8.46080869695501,45.592355485,I767,_,00010,65
I767__00180.65,8.440186630089041,45.56207829,I767,_,00180,65
I767__00170.65,8.45699762354969,45.575830405000005,I767,_,00170,65
I767__00160.65,8.446762995065207,45.573940325,I767,_,00160,65
I767__00140.65,8.43175202171792,45.574227615,I767,_,00140,65
I767__00130.65,8.424634062533162,45.56609477,I767,_,00130,65
I767__00120.65,8.413434624905701,45.571107784999995,I767,_,00120,65
I767__00110.65,8.423115183862281,45.57889353,I767,_,00110,65
I767__00100.65,8.428419623450527,45.577821310000004,I767,_,00100,65
I767__00080.65,8.438476964154605,45.57770608,I767,_,00080,65
I767__00070.65,8.434084035536332,45.584378325,I767,_,00070,65
I767__00060.65,8.441671323883593,45.584971620000005,I767,_,00060,65
I767__00050.65,8.447367422388808,45.588340585,I767,_,00050,65
I767__00040.65,8.450332127227718,45.582500325,I767,_,00040,65
I767__00030.65,8.462322735756395,45.57708379,I767,_,00030,65
I767__00060.650,8.440170484351071,45.57700074,I767,_,00060,650
I767__00070.650,8.437191626542488,45.58535208,I767,_,00070,650
I767__00060.651,8.440177243371313,45.579575739999996,I767,_,00060,651
I767__00070.651,8.436903041713489,45.585209899999995,I767,_,00070,651
I767__00060.652,8.440393664384592,45.57856013,I767,_,00060,652
I767__00070.652,8.435185020369172,45.581812455,I767,_,00070,652
I767__00060.653,8.43950909505277,45.578035195,I767,_,00060,653
I767__00070.653,8.435241740162645,45.58163161,I767,_,00070,653
I767__00060.654,8.439498221473492,45.578355555,I767,_,00060,654
I767__00070.654,8.436915138110113,45.579991574999994,I767,_,00070,654
I767__00060.655,8.439135833738561,45.57833849,I767,_,00060,655
I767__00060.656,8.439280958016898,45.578365930000004,I767,_,00060,656
I767__00070.656,8.437574909717963,45.579980395,I767,_,00070,656
I767__00060.657,8.4392144742205,45.57820523,I767,_,00060,657
I767__00070.657,8.437889070352,45.580083825,I767,_,00070,657
I767__00060.658,8.442851545300122,45.577646810000005,I767,_,00060,658
I767__00070.658,8.436140784482028,45.5803695,I767,_,00070,658
I767__00060.659,8.442234191947641,45.577438,I767,_,00060,659
I767__00070.659,8.436846221653731,45.5781926,I767,_,00070,659
I767__00010.66,8.460590275856756,45.59288258,I767,_,00010,66
I767__00180.66,8.440168733580581,45.562285939999995,I767,_,00180,66
I767__00170.66,8.457105217227943,45.575456079999995,I767,_,00170,66
I767__00160.66,8.444581869042697,45.57366779,I767,_,00160,66
I767__00150.66,8.43499603617584,45.574494189999996,I767,_,00150,66
I767__00140.66,8.432083147115318,45.574324235,I767,_,00140,66
I767__00130.66,8.424517549663802,45.564556755,I767,_,00130,66
I767__00120.66,8.415117021612264,45.57186472,I767,_,00120,66
I767__00110.66,8.422414491819929,45.57916134,I767,_,00110,66
I767__00100.66,8.427404414495143,45.578560280000005,I767,_,00100,66
I767__00090.66,8.436215127940155,45.576552660000004,I767,_,00090,66
I767__00080.66,8.438598420541169,45.577506764999995,I767,_,00080,66
I767__00070.66,8.433167904256203,45.584493715,I767,_,00070,66
I767__00060.66,8.44206356666149,45.584953115000005,I767,_,00060,66
I767__00050.66,8.447118634593952,45.58851285,I767,_,00050,66
I767__00040.66,8.450667105624076,45.58248686,I767,_,00040,66
I767__00030.66,8.462810713905156,45.577262625,I767,_,00030,66
I767__00060.660,8.442495385142045,45.577217595,I767,_,00060,660
I767__00070.660,8.436558801205926,45.58003246,I767,_,00070,660
I767__00060.661,8.439089124758048,45.578874515,I767,_,00060,661
I767__00070.661,8.433399634797919,45.58219733,I767,_,00070,661
I767__00060.662,8.439850311281612,45.57853912,I767,_,00060,662
I767__00070.662,8.434385174108915,45.581332965,I767,_,00070,662
I767__00070.663,8.434594726203557,45.58138999,I767,_,00070,663
I767__00070.664,8.434978751972196,45.587030185,I767,_,00070,664
I767__00070.665,8.433697682500004,45.58110934,I767,_,00070,665
I767__00060.666,8.439943905953783,45.577612505,I767,_,00060,666
I767__00060.667,8.44044534930531,45.57775409,I767,_,00060,667
I767__00070.667,8.436603164388504,45.58029486,I767,_,00070,667
I767__00060.668,8.440217085429284,45.579305575,I767,_,00060,668
I767__00070.668,8.437249236106307,45.58008066,I767,_,00070,668
I767__00060.669,8.4403569440393,45.57909481,I767,_,00060,669
I767__00070.669,8.435508489500695,45.579407669999995,I767,_,00070,669
I767__00010.67,8.46087145044083,45.593065935,I767,_,00010,67
I767__00180.67,8.433475989735733,45.56209122,I767,_,00180,67
I767__00170.67,8.45740643226942,45.574975045,I767,_,00170,67
I767__00160.67,8.442907895409764,45.573475810000005,I767,_,00160,67
I767__00140.67,8.43241453507135,45.57328027,I767,_,00140,67
I767__00130.67,8.423358154644603,45.568379305,I767,_,00130,67
I767__00120.67,8.415998317796399,45.571872815000006,I767,_,00120,67
I767__00110.67,8.422807481988693,45.579509380000005,I767,_,00110,67
I767__00100.67,8.427138110811272,45.57818006,I767,_,00100,67
I767__00080.67,8.438019025410469,45.577715095,I767,_,00080,67
I767__00070.67,8.434658898032719,45.58460059,I767,_,00070,67
I767__00060.67,8.44245544889272,45.58526973,I767,_,00060,67
I767__00050.67,8.447399473195574,45.58873799,I767,_,00050,67
I767__00040.67,8.449859612191673,45.58198685,I767,_,00040,67
I767__00030.67,8.46294663138524,45.577134405,I767,_,00030,67
I767__00020.67,8.46011657774308,45.586026845,I767,_,00020,67
I767__00070.670,8.435653434064138,45.57921186,I767,_,00070,670
I767__00070.671,8.437073012552585,45.585151135000004,I767,_,00070,671
I767__00070.672,8.437946276882277,45.579407579999994,I767,_,00070,672
I767__00070.674,8.435353865211,45.579619255,I767,_,00070,674
I767__00070.675,8.436951566066625,45.584863944999995,I767,_,00070,675
I767__00070.676,8.43736175913553,45.58495628,I767,_,00070,676
I767__00070.677,8.437411858734588,45.584861575,I767,_,00070,677
I767__00070.678,8.43707781853687,45.58478484,I767,_,00070,678
I767__00070.679,8.438005580580452,45.5859594,I767,_,00070,679
I767__00010.68,8.461130287516436,45.59244328,I767,_,00010,68
I767__00180.68,8.438664433772534,45.566453365,I767,_,00180,68
I767__00170.68,8.456287729250185,45.57551794,I767,_,00170,68
I767__00150.68,8.435137703033764,45.57423226,I767,_,00150,68
I767__00120.68,8.416138455902892,45.57209971,I767,_,00120,68
I767__00110.68,8.42334585083857,45.57893616,I767,_,00110,68
I767__00100.68,8.426777045947683,45.577678655,I767,_,00100,68
I767__00070.68,8.4353739701859,45.584709575000005,I767,_,00070,68
I767__00060.68,8.44202746748758,45.58523448,I767,_,00060,68
I767__00050.68,8.448113457853246,45.58882198,I767,_,00050,68
I767__00040.68,8.450070622938348,45.581985715,I767,_,00040,68
I767__00030.68,8.463079215463225,45.5768762,I767,_,00030,68
I767__00020.68,8.461002737820596,45.586117985,I767,_,00020,68
I767__00070.682,8.435019319515312,45.579775760000004,I767,_,00070,682
I767__00070.684,8.435180762492369,45.57955706,I767,_,00070,684
I767__00070.685,8.437668456331357,45.57910672,I767,_,00070,685
I767__00070.686,8.43778213354117,45.579064215,I767,_,00070,686
I767__00070.687,8.436817924143867,45.584711150000004,I767,_,00070,687
I767__00070.688,8.436450146784921,45.582025635,I767,_,00070,688
I767__00070.689,8.436709587148998,45.582011995,I767,_,00070,689
I767__00010.69,8.461317635734169,45.592406575,I767,_,00010,69
I767__00180.69,8.440091633583867,45.56366597,I767,_,00180,69
I767__00170.69,8.456023997993812,45.574942394999994,I767,_,00170,69
I767__00160.69,8.442189130687797,45.57353465,I767,_,00160,69
I767__00140.69,8.431569451289855,45.572858,I767,_,00140,69
I767__00130.69,8.426746117132176,45.56519495,I767,_,00130,69
I767__00120.69,8.416603353624197,45.57220524,I767,_,00120,69
I767__00110.69,8.423528795786066,45.579105145,I767,_,00110,69
I767__00100.69,8.426589785915144,45.577601055,I767,_,00100,69
I767__00090.69,8.436347641309453,45.576495734999995,I767,_,00090,69
I767__00080.69,8.438700014433245,45.578149415,I767,_,00080,69
I767__00070.69,8.435828453642788,45.585150424999995,I767,_,00070,69
I767__00060.69,8.4423032253694,45.58484054,I767,_,00060,69
I767__00050.69,8.447497520656462,45.58915491,I767,_,00050,69
I767__00040.69,8.450108130046608,45.581901675,I767,_,00040,69
I767__00030.69,8.463001133428172,45.57656377,I767,_,00030,69
I767__00020.69,8.46173108258867,45.586472425,I767,_,00020,69
I767__00070.690,8.436680978159917,45.581575564999994,I767,_,00070,690
I767__00070.691,8.436752321820794,45.58172683,I767,_,00070,691
I767__00070.692,8.436671353986178,45.58178694,I767,_,00070,692
I767__00070.693,8.436812691235932,45.5818388,I767,_,00070,693
I767__00070.694,8.436385508779761,45.581612750000005,I767,_,00070,694
I767__00070.695,8.436651291332756,45.581035735,I767,_,00070,695
I767__00070.696,8.433720261060337,45.582753115,I767,_,00070,696
I767__00070.697,8.433819078411233,45.57879732,I767,_,00070,697
I767__00010.7,8.45477948642356,45.589723395,I767,_,00010,7
I767__00170.7,8.449872472397324,45.575547975,I767,_,00170,7
I767__00160.7,8.442666109613128,45.575684115,I767,_,00160,7
I767__00140.7,8.42725723732963,45.574340425,I767,_,00140,7
I767__00130.7,8.418386863255105,45.567200145,I767,_,00130,7
I767__00120.7,8.412937574233155,45.573235620000005,I767,_,00120,7
I767__00110.7,8.419246605314441,45.57907817,I767,_,00110,7
I767__00100.7,8.426010154316266,45.57872217,I767,_,00100,7
I767__00090.7,8.435602602537326,45.57657356,I767,_,00090,7
I767__00070.7,8.435009482982238,45.587311525000004,I767,_,00070,7
I767__00060.7,8.439185338867116,45.587651805,I767,_,00060,7
I767__00050.7,8.442590617710689,45.587610604999995,I767,_,00050,7
I767__00040.7,8.449183166662607,45.58173808,I767,_,00040,7
I767__00020.7,8.456606905306693,45.585561565,I767,_,00020,7
I767__00010.70,8.461090743570946,45.592963135000005,I767,_,00010,70
I767__00180.70,8.427962029747437,45.56205259,I767,_,00180,70
I767__00170.70,8.455373178456835,45.57510843,I767,_,00170,70
I767__00160.70,8.441015698879475,45.57306542,I767,_,00160,70
I767__00150.70,8.434776962397132,45.57390911,I767,_,00150,70
I767__00130.70,8.42558377177878,45.564983885000004,I767,_,00130,70
I767__00120.70,8.417523859566895,45.573082045,I767,_,00120,70
I767__00110.70,8.423766101402922,45.579096684999996,I767,_,00110,70
I767__00100.70,8.426447952551062,45.577577930000004,I767,_,00100,70
I767__00090.70,8.43620297376344,45.576633720000004,I767,_,00090,70
I767__00080.70,8.438994994278783,45.578214450000004,I767,_,00080,70
I767__00070.70,8.436307305182641,45.58505002,I767,_,00070,70
I767__00060.70,8.44248406824888,45.584779015,I767,_,00060,70
I767__00050.70,8.447894879536298,45.58927445,I767,_,00050,70
I767__00040.70,8.45076089023607,45.582092035,I767,_,00040,70
I767__00030.70,8.462410208467237,45.576760445000005,I767,_,00030,70
I767__00020.70,8.462371402914718,45.586560825,I767,_,00020,70
I767__00010.71,8.46158368956975,45.59413823,I767,_,00010,71
I767__00180.71,8.431412972234867,45.561987515,I767,_,00180,71
I767__00170.71,8.455071482892532,45.5756972,I767,_,00170,71
I767__00160.71,8.442382942109592,45.57239558,I767,_,00160,71
I767__00140.71,8.430374670068757,45.573391130000005,I767,_,00140,71
I767__00130.71,8.42265873380104,45.569170985,I767,_,00130,71
I767__00120.71,8.417754203261449,45.57336318,I767,_,00120,71
I767__00110.71,8.423839756176587,45.579138065,I767,_,00110,71
I767__00100.71,8.426365150281619,45.57745065,I767,_,00100,71
I767__00090.71,8.436270876971998,45.57670858,I767,_,00090,71
I767__00080.71,8.439117086393292,45.578234755,I767,_,00080,71
I767__00070.71,8.436126645888587,45.58490564,I767,_,00070,71
I767__00060.71,8.442022105007315,45.58431776,I767,_,00060,71
I767__00050.71,8.448512520962584,45.589498455,I767,_,00050,71
I767__00040.71,8.450207334444176,45.581734194999996,I767,_,00040,71
I767__00030.71,8.461540935447983,45.57625668,I767,_,00030,71
I767__00020.71,8.461711163035037,45.586122415,I767,_,00020,71
I767__00010.72,8.461618712735266,45.593789470000004,I767,_,00010,72
I767__00180.72,8.431753920135034,45.561423875,I767,_,00180,72
I767__00170.72,8.45498184893909,45.57567282,I767,_,00170,72
I767__00160.72,8.442577432407202,45.57304912,I767,_,00160,72
I767__00140.72,8.429878482416163,45.573031465,I767,_,00140,72
I767__00130.72,8.422790957909502,45.568865505000005,I767,_,00130,72
I767__00120.72,8.417147013617399,45.572676255000005,I767,_,00120,72
I767__00110.72,8.424008914779318,45.579136265,I767,_,00110,72
I767__00100.72,8.426229539150285,45.577361745000005,I767,_,00100,72
I767__00090.72,8.436309149188192,45.57664743,I767,_,00090,72
I767__00070.72,8.436378805295362,45.58490181,I767,_,00070,72
I767__00060.72,8.442194880229692,45.58440049,I767,_,00060,72
I767__00050.72,8.448325031553246,45.589646195,I767,_,00050,72
I767__00040.72,8.450178808194911,45.5815168,I767,_,00040,72
I767__00030.72,8.461413255456343,45.575182425,I767,_,00030,72
I767__00020.72,8.46227319775225,45.586219075,I767,_,00020,72
I767__00010.73,8.461487554770109,45.593657755,I767,_,00010,73
I767__00180.73,8.43233390548085,45.560359565,I767,_,00180,73
I767__00170.73,8.455242510348612,45.5751537,I767,_,00170,73
I767__00160.73,8.445398716043268,45.573092925,I767,_,00160,73
I767__00140.73,8.430760974171136,45.57246021,I767,_,00140,73
I767__00130.73,8.422901533314473,45.56846615,I767,_,00130,73
I767__00120.73,8.417427339607038,45.57264873,I767,_,00120,73
I767__00110.73,8.42416479298512,45.579368564999996,I767,_,00110,73
I767__00100.73,8.425965663221103,45.577435525,I767,_,00100,73
I767__00070.73,8.436481180875447,45.584717,I767,_,00070,73
I767__00060.73,8.44261527054408,45.58442938,I767,_,00060,73
I767__00050.73,8.448165414246969,45.58977443,I767,_,00050,73
I767__00040.73,8.450602198293772,45.581649345,I767,_,00040,73
I767__00030.73,8.461630617862188,45.57553733,I767,_,00030,73
I767__00020.73,8.459493609889826,45.585518775,I767,_,00020,73
I767__00010.74,8.461634189821856,45.593530215,I767,_,00010,74
I767__00180.74,8.43217524907979,45.55993179,I767,_,00180,74
I767__00170.74,8.455173287286396,45.57499518,I767,_,00170,74
I767__00160.74,8.447728186748254,45.573852779999996,I767,_,00160,74
I767__00140.74,8.430614923573536,45.572190285,I767,_,00140,74
I767__00130.74,8.420190463329245,45.565267455,I767,_,00130,74
I767__00120.74,8.417484764694535,45.57248658,I767,_,00120,74
I767__00110.74,8.424382531291812,45.57943265,I767,_,00110,74
I767__00100.74,8.426541392889265,45.576734075000005,I767,_,00100,74
I767__00080.74,8.43906504635691,45.57821063,I767,_,00080,74
I767__00060.74,8.442680867306128,45.58429617,I767,_,00060,74
I767__00050.74,8.447743761950106,45.58947139,I767,_,00050,74
I767__00040.74,8.45041484224363,45.581437375,I767,_,00040,74
I767__00030.74,8.462008484143677,45.57571327,I767,_,00030,74
I767__00020.74,8.459416026330306,45.585148685,I767,_,00020,74
I767__00010.75,8.461738304864173,45.59334102,I767,_,00010,75
I767__00180.75,8.43255043787784,45.559971995,I767,_,00180,75
I767__00170.75,8.454863401163188,45.575633315000005,I767,_,00170,75
I767__00160.75,8.448472942074876,45.574399029999995,I767,_,00160,75
I767__00140.75,8.430350066775496,45.572566915,I767,_,00140,75
I767__00130.75,8.423321409740218,45.566215605,I767,_,00130,75
I767__00120.75,8.41818260708593,45.572748355,I767,_,00120,75
I767__00110.75,8.42461113749171,45.579254445000004,I767,_,00110,75
I767__00080.75,8.438746074374489,45.578035705000005,I767,_,00080,75
I767__00070.75,8.436064698076777,45.58459848,I767,_,00070,75
I767__00060.75,8.443051188468733,45.584416485000006,I767,_,00060,75
I767__00050.75,8.447847941482852,45.58974335,I767,_,00050,75
I767__00040.75,8.450490521468506,45.581346325,I767,_,00040,75
I767__00030.75,8.462104996540033,45.57498565,I767,_,00030,75
I767__00020.75,8.46039367868269,45.585406825,I767,_,00020,75
I767__00010.76,8.46130886312064,45.593038855,I767,_,00010,76
I767__00180.76,8.442331408323765,45.56383951,I767,_,00180,76
I767__00170.76,8.454720700582328,45.575614545,I767,_,00170,76
I767__00150.76,8.434300155385113,45.573950069999995,I767,_,00150,76
I767__00140.76,8.429245509153912,45.572174110000006,I767,_,00140,76
I767__00130.76,8.421749486005254,45.568619585,I767,_,00130,76
I767__00120.76,8.417716393075686,45.57234688,I767,_,00120,76
I767__00110.76,8.424246896267832,45.578899615,I767,_,00110,76
I767__00100.76,8.427144507343122,45.57615686,I767,_,00100,76
I767__00090.76,8.436307563600522,45.576612005,I767,_,00090,76
I767__00080.76,8.438810728289472,45.577891269999995,I767,_,00080,76
I767__00070.76,8.435525947083267,45.584366115,I767,_,00070,76
I767__00050.76,8.447413720590621,45.589482005,I767,_,00050,76
I767__00040.76,8.4504384172688,45.581246345,I767,_,00040,76
I767__00030.76,8.462391083181673,45.57448997,I767,_,00030,76
I767__00020.76,8.459872917951333,45.585187055000006,I767,_,00020,76
I767__00010.77,8.462100610980233,45.593244475000006,I767,_,00010,77
I767__00180.77,8.439758801216037,45.562643875000006,I767,_,00180,77
I767__00170.77,8.455099521378642,45.57488686,I767,_,00170,77
I767__00160.77,8.447903962727263,45.574987915,I767,_,00160,77
I767__00140.77,8.429204468667237,45.57294231,I767,_,00140,77
I767__00130.77,8.421886793417507,45.568629645,I767,_,00130,77
I767__00120.77,8.418277290071643,45.572558395,I767,_,00120,77
I767__00110.77,8.424415151214037,45.578678365,I767,_,00110,77
I767__00100.77,8.428117841307099,45.575742254999994,I767,_,00100,77
I767__00070.77,8.435222605134804,45.584069029999995,I767,_,00070,77
I767__00060.77,8.44336505919094,45.58461842,I767,_,00060,77
I767__00050.77,8.447266828198156,45.58939634,I767,_,00050,77
I767__00040.77,8.450581234919937,45.58119266,I767,_,00040,77
I767__00030.77,8.460419722952047,45.574713425,I767,_,00030,77
I767__00020.77,8.45970589381294,45.58506073,I767,_,00020,77
I767__00010.78,8.461530092457853,45.592929229999996,I767,_,00010,78
I767__00180.78,8.440549778271613,45.561596875,I767,_,00180,78
I767__00170.78,8.454932979656519,45.57495519,I767,_,00170,78
I767__00160.78,8.448179843665805,45.57530932,I767,_,00160,78
I767__00130.78,8.425246448425572,45.56779784,I767,_,00130,78
I767__00120.78,8.412231327728438,45.568710535,I767,_,00120,78
I767__00110.78,8.424538238750667,45.57849989,I767,_,00110,78
I767__00100.78,8.427705475837591,45.576138165,I767,_,00100,78
I767__00080.78,8.438920789307435,45.577806859999995,I767,_,00080,78
I767__00070.78,8.434970811037179,45.58434799,I767,_,00070,78
I767__00060.78,8.443123234249995,45.584962745,I767,_,00060,78
I767__00050.78,8.447207785143515,45.589399695,I767,_,00050,78
I767__00040.78,8.450810650192128,45.58183092,I767,_,00040,78
I767__00030.78,8.46029654682563,45.57405751,I767,_,00030,78
I767__00020.78,8.459481920029328,45.58477545,I767,_,00020,78
I767__00010.79,8.462166373311524,45.59305949,I767,_,00010,79
I767__00180.79,8.432060114145765,45.56089074,I767,_,00180,79
I767__00170.79,8.454626499631232,45.57549393,I767,_,00170,79
I767__00160.79,8.447596368567632,45.5755982,I767,_,00160,79
I767__00140.79,8.428217256430244,45.571948305,I767,_,00140,79
I767__00130.79,8.422973881132432,45.567937560000004,I767,_,00130,79
I767__00120.79,8.413475664444174,45.568306365,I767,_,00120,79
I767__00110.79,8.424614860495787,45.578377515,I767,_,00110,79
I767__00100.79,8.427098335790607,45.576819125,I767,_,00100,79
I767__00090.79,8.436470130979474,45.576529565,I767,_,00090,79
I767__00070.79,8.43436336530679,45.584195199999996,I767,_,00070,79
I767__00060.79,8.443032997701117,45.5850534,I767,_,00060,79
I767__00050.79,8.447361511937295,45.589511095000006,I767,_,00050,79
I767__00040.79,8.451118671105593,45.58183091,I767,_,00040,79
I767__00030.79,8.460449564071762,45.573927714999996,I767,_,00030,79
I767__00020.79,8.460506839378805,45.585037195,I767,_,00020,79
I767__00010.8,8.455372035261785,45.58987011000001,I767,_,00010,8
I767__00180.8,8.430357466603715,45.561777405,I767,_,00180,8
I767__00170.8,8.450779230604944,45.575930825,I767,_,00170,8
I767__00160.8,8.44414255357188,45.5757326,I767,_,00160,8
I767__00150.8,8.433355144871907,45.57503982,I767,_,00150,8
I767__00130.8,8.419656062993017,45.566671830000004,I767,_,00130,8
I767__00120.8,8.413149893538058,45.57325315,I767,_,00120,8
I767__00110.8,8.419006221464993,45.578928945,I767,_,00110,8
I767__00100.8,8.426092760619657,45.578213059999996,I767,_,00100,8
I767__00090.8,8.43580881256473,45.576339435,I767,_,00090,8
I767__00080.8,8.437228996886613,45.577880815,I767,_,00080,8
I767__00070.8,8.434832096494052,45.587937444999994,I767,_,00070,8
I767__00060.8,8.439260477045462,45.588485410000004,I767,_,00060,8
I767__00040.8,8.449267302694608,45.581535065,I767,_,00040,8
I767__00030.8,8.45989128035054,45.578430215,I767,_,00030,8
I767__00020.8,8.456731625613894,45.585412645000005,I767,_,00020,8
I767__00010.80,8.461946071695351,45.59275218,I767,_,00010,80
I767__00180.80,8.434321925340095,45.562372715,I767,_,00180,80
I767__00170.80,8.454491404157324,45.57544734,I767,_,00170,80
I767__00160.80,8.448378441394883,45.57557681,I767,_,00160,80
I767__00150.80,8.434170240762985,45.57367542,I767,_,00150,80
I767__00140.80,8.428698679861427,45.572341085000005,I767,_,00140,80
I767__00130.80,8.422423265394684,45.567666535,I767,_,00130,80
I767__00120.80,8.41375274244654,45.56817539,I767,_,00120,80
I767__00110.80,8.424976286538293,45.578352054999996,I767,_,00110,80
I767__00100.80,8.427320779768237,45.576943715,I767,_,00100,80
I767__00090.80,8.436420165539717,45.576450550000004,I767,_,00090,80
I767__00080.80,8.438938250035012,45.577969870000004,I767,_,00080,80
I767__00060.80,8.44295461821491,45.585139944999995,I767,_,00060,80
I767__00050.80,8.447854861252793,45.58984484,I767,_,00050,80
I767__00040.80,8.450330285452889,45.583030359999995,I767,_,00040,80
I767__00030.80,8.460688129853171,45.57344807,I767,_,00030,80
I767__00020.80,8.459720392435365,45.584644715,I767,_,00020,80
I767__00010.81,8.46164984776506,45.592384345,I767,_,00010,81
I767__00180.81,8.432682373670236,45.56174795,I767,_,00180,81
I767__00170.81,8.45474410820897,45.575037025,I767,_,00170,81
I767__00160.81,8.449158856380684,45.575400915,I767,_,00160,81
I767__00150.81,8.433744523184163,45.57354569,I767,_,00150,81
I767__00140.81,8.428586959444452,45.571350100000004,I767,_,00140,81
I767__00130.81,8.423584820166415,45.568140995,I767,_,00130,81
I767__00110.81,8.424583696452226,45.57774961,I767,_,00110,81
I767__00100.81,8.427461336924583,45.576975205,I767,_,00100,81
I767__00090.81,8.4364276966434,45.576471855,I767,_,00090,81
I767__00080.81,8.439034454295815,45.577838355,I767,_,00080,81
I767__00070.81,8.434318968182003,45.583722025,I767,_,00070,81
I767__00060.81,8.44321819171003,45.585140235,I767,_,00060,81
I767__00050.81,8.447770997768002,45.58989898,I767,_,00050,81
I767__00040.81,8.451033311688807,45.58307393,I767,_,00040,81
I767__00030.81,8.461661103785374,45.573044875,I767,_,00030,81
I767__00020.81,8.460553230102501,45.584861275,I767,_,00020,81
I767__00010.82,8.461992781669952,45.59245584,I767,_,00010,82
I767__00180.82,8.440720085380484,45.563915574999996,I767,_,00180,82
I767__00170.82,8.45462770305233,45.574989665000004,I767,_,00170,82
I767__00160.82,8.448786184187934,45.57537456,I767,_,00160,82
I767__00150.82,8.433493593042837,45.57332418,I767,_,00150,82
I767__00140.82,8.427486852870555,45.571475105000005,I767,_,00140,82
I767__00130.82,8.42481193333052,45.567757645,I767,_,00130,82
I767__00110.82,8.424307745737526,45.57773479,I767,_,00110,82
I767__00100.82,8.427636162695016,45.577035075,I767,_,00100,82
I767__00090.82,8.436556024494628,45.576461275,I767,_,00090,82
I767__00080.82,8.439126143380083,45.5778835,I767,_,00080,82
I767__00070.82,8.435696773886981,45.583937355,I767,_,00070,82
I767__00060.82,8.443371407044154,45.58492563,I767,_,00060,82
I767__00050.82,8.447292119937266,45.589554985,I767,_,00050,82
I767__00040.82,8.451086457642747,45.582661529999996,I767,_,00040,82
I767__00030.82,8.460976343701955,45.572806295,I767,_,00030,82
I767__00020.82,8.461138361032363,45.58586346,I767,_,00020,82
I767__00010.83,8.462462294899078,45.59259294,I767,_,00010,83
I767__00180.83,8.441101854688917,45.563446645,I767,_,00180,83
I767__00170.83,8.454374485995608,45.575371004999994,I767,_,00170,83
I767__00150.83,8.43324814634768,45.57316539,I767,_,00150,83
I767__00140.83,8.427970222822019,45.57079359,I767,_,00140,83
I767__00130.83,8.424929633141797,45.567879335,I767,_,00130,83
I767__00120.83,8.415376924098702,45.570121055,I767,_,00120,83
I767__00110.83,8.423773579686095,45.578389845000004,I767,_,00110,83
I767__00100.83,8.427867698139131,45.577094364999994,I767,_,00100,83
I767__00090.83,8.436618813716379,45.57631988,I767,_,00090,83
I767__00070.83,8.434665337233536,45.583623349999996,I767,_,00070,83
I767__00060.83,8.443566637065349,45.584656530000004,I767,_,00060,83
I767__00050.83,8.447159741328626,45.58943575000001,I767,_,00050,83
I767__00040.83,8.451480122773681,45.58228348,I767,_,00040,83
I767__00030.83,8.46120303896923,45.572386895,I767,_,00030,83
I767__00020.83,8.460182668306452,45.58460568,I767,_,00020,83
I767__00010.84,8.4631361546442,45.594909515,I767,_,00010,84
I767__00180.84,8.440199037342232,45.56332893,I767,_,00180,84
I767__00170.84,8.454199536002399,45.575217815,I767,_,00170,84
I767__00160.84,8.449944960387533,45.575001785,I767,_,00160,84
I767__00140.84,8.427408292680589,45.57097555,I767,_,00140,84
I767__00130.84,8.425210978118393,45.567203660000004,I767,_,00130,84
I767__00120.84,8.416510810588814,45.56975902,I767,_,00120,84
I767__00110.84,8.423565724542627,45.57833187,I767,_,00110,84
I767__00100.84,8.428853354460728,45.577162,I767,_,00100,84
I767__00090.84,8.436515018485874,45.57636534,I767,_,00090,84
I767__00070.84,8.43365136228503,45.58302501,I767,_,00070,84
I767__00060.84,8.443690176018693,45.58490697,I767,_,00060,84
I767__00050.84,8.446937556403498,45.58957821,I767,_,00050,84
I767__00040.84,8.451643452372505,45.58235414000001,I767,_,00040,84
I767__00030.84,8.46276990124869,45.57461187,I767,_,00030,84
I767__00020.84,8.460136415068185,45.58393864,I767,_,00020,84
I767__00010.85,8.462367724376069,45.5945076,I767,_,00010,85
I767__00180.85,8.440114515049313,45.563366630000004,I767,_,00180,85
I767__00170.85,8.454485976681907,45.57479612,I767,_,00170,85
I767__00160.85,8.449980835030686,45.574664795000004,I767,_,00160,85
I767__00140.85,8.426805268273363,45.571049675,I767,_,00140,85
I767__00130.85,8.42596713284555,45.56336216,I767,_,00130,85
I767__00120.85,8.416649523481945,45.569974380000005,I767,_,00120,85
I767__00110.85,8.4241418060016,45.577626190000004,I767,_,00110,85
I767__00100.85,8.429213122886681,45.577286045,I767,_,00100,85
I767__00090.85,8.436372684639682,45.576323675,I767,_,00090,85
I767__00070.85,8.432887411720563,45.58399884,I767,_,00070,85
I767__00060.85,8.443859897025561,45.58507018,I767,_,00060,85
I767__00050.85,8.447055040654295,45.589667405,I767,_,00050,85
I767__00040.85,8.451324611474067,45.58264339,I767,_,00040,85
I767__00030.85,8.463109263239602,45.57434611,I767,_,00030,85
I767__00020.85,8.460293421296095,45.583257995,I767,_,00020,85
I767__00010.86,8.463298998965682,45.594692505,I767,_,00010,86
I767__00180.86,8.439233117029271,45.562929985,I767,_,00180,86
I767__00170.86,8.454433587446726,45.574431405,I767,_,00170,86
I767__00160.86,8.4495005285727,45.57466683,I767,_,00160,86
I767__00150.86,8.433865584881364,45.572682485,I767,_,00150,86
I767__00140.86,8.42652949881585,45.57104631,I767,_,00140,86
I767__00120.86,8.417361277037218,45.56998207,I767,_,00120,86
I767__00110.86,8.423900452279156,45.577639160000004,I767,_,00110,86
I767__00100.86,8.428824859508634,45.576267785,I767,_,00100,86
I767__00090.86,8.436316962897575,45.57624056,I767,_,00090,86
I767__00080.86,8.43799208759609,45.576398335,I767,_,00080,86
I767__00050.86,8.447487527599243,45.59001868,I767,_,00050,86
I767__00040.86,8.45137034388149,45.582942575,I767,_,00040,86
I767__00030.86,8.462663734176726,45.573539170000004,I767,_,00030,86
I767__00020.86,8.460334613150394,45.58302535,I767,_,00020,86
I767__00010.87,8.4624529813092,45.594232765,I767,_,00010,87
I767__00180.87,8.43930322884899,45.562736365,I767,_,00180,87
I767__00170.87,8.454182458944084,45.57476522,I767,_,00170,87
I767__00160.87,8.449395876206673,45.574843904999994,I767,_,00160,87
I767__00140.87,8.42633174410528,45.570964524999994,I767,_,00140,87
I767__00120.87,8.4171820897071,45.570160619999996,I767,_,00120,87
I767__00110.87,8.42339920787088,45.578252094999996,I767,_,00110,87
I767__00080.87,8.437983232196693,45.57648375,I767,_,00080,87
I767__00070.87,8.428134937884781,45.586588785000004,I767,_,00070,87
I767__00060.87,8.444401672720542,45.584244459999994,I767,_,00060,87
I767__00050.87,8.447340326152684,45.59015425,I767,_,00050,87
I767__00040.87,8.451681711353906,45.58263085,I767,_,00040,87
I767__00030.87,8.463943220992757,45.57411767,I767,_,00030,87
I767__00020.87,8.458886763192902,45.582105935,I767,_,00020,87
I767__00010.88,8.463368988034834,45.59440252,I767,_,00010,88
I767__00180.88,8.439562483319111,45.563052674999994,I767,_,00180,88
I767__00170.88,8.453962548896635,45.575056079999996,I767,_,00170,88
I767__00160.88,8.44834295153559,45.57478107,I767,_,00160,88
I767__00140.88,8.426062338764371,45.570864125,I767,_,00140,88
I767__00120.88,8.416709926974553,45.570653879999995,I767,_,00120,88
I767__00110.88,8.423331313134746,45.578176545000005,I767,_,00110,88
I767__00080.88,8.438124014049416,45.5764871,I767,_,00080,88
I767__00070.88,8.428670418409903,45.586323635,I767,_,00070,88
I767__00060.88,8.444354968221598,45.58390832,I767,_,00060,88
I767__00050.88,8.446837795966413,45.589808395,I767,_,00050,88
I767__00040.88,8.452633184973532,45.582736505,I767,_,00040,88
I767__00020.88,8.45909958800229,45.581685575,I767,_,00020,88
I767__00010.89,8.462300758273322,45.5940502,I767,_,00010,89
I767__00180.89,8.439517077229034,45.563110725,I767,_,00180,89
I767__00170.89,8.453804880328775,45.575016500000004,I767,_,00170,89
I767__00160.89,8.449239568631633,45.574277565,I767,_,00160,89
I767__00140.89,8.427060324158937,45.571092045,I767,_,00140,89
I767__00120.89,8.41693462759781,45.57080005,I767,_,00120,89
I767__00110.89,8.423725277302902,45.577693875,I767,_,00110,89
I767__00100.89,8.430691552116155,45.576718095000004,I767,_,00100,89
I767__00080.89,8.43799584908644,45.5765666,I767,_,00080,89
I767__00070.89,8.429239436164954,45.585629005,I767,_,00070,89
I767__00060.89,8.444254544768548,45.583806915,I767,_,00060,89
I767__00050.89,8.447040610208802,45.590210225,I767,_,00050,89
I767__00040.89,8.452439358184307,45.583077495,I767,_,00040,89
I767__00030.89,8.463436174547024,45.573421785,I767,_,00030,89
I767__00020.89,8.459243190984175,45.58217123,I767,_,00020,89
I767__00010.9,8.45624096084154,45.59017521,I767,_,00010,9
I767__00180.9,8.431460215016546,45.561137735,I767,_,00180,9
I767__00170.9,8.449941350816475,45.57548759,I767,_,00170,9
I767__00160.9,8.44273864805666,45.57532792,I767,_,00160,9
I767__00150.9,8.433549303916532,45.57523494,I767,_,00150,9
I767__00130.9,8.420003889818068,45.566289229999995,I767,_,00130,9
I767__00120.9,8.413199437506531,45.573477600000004,I767,_,00120,9
I767__00110.9,8.419256784300785,45.57893556,I767,_,00110,9
I767__00100.9,8.426372670658992,45.578506265,I767,_,00100,9
I767__00090.9,8.435769833996137,45.576069655,I767,_,00090,9
I767__00080.9,8.437322399273835,45.577930065000004,I767,_,00080,9
I767__00070.9,8.435683432408219,45.588145940000004,I767,_,00070,9
I767__00060.9,8.440319759376866,45.588070265,I767,_,00060,9
I767__00050.9,8.441947208592374,45.588574995,I767,_,00050,9
I767__00040.9,8.4487464838936,45.581065065000004,I767,_,00040,9
I767__00030.9,8.460643669311558,45.578838255,I767,_,00030,9
I767__00020.9,8.456693070357757,45.58564493,I767,_,00020,9
I767__00010.90,8.463077625037478,45.594204475,I767,_,00010,90
I767__00180.90,8.43264905182081,45.5619439,I767,_,00180,90
I767__00170.90,8.454007706657514,45.57474393,I767,_,00170,90
I767__00160.90,8.448510445471001,45.573774075,I767,_,00160,90
I767__00140.90,8.425309426722304,45.570426319999996,I767,_,00140,90
I767__00120.90,8.416628462935105,45.571412859999995,I767,_,00120,90
I767__00110.90,8.424002258580696,45.577351605000004,I767,_,00110,90
I767__00080.90,8.43806756870778,45.57657487,I767,_,00080,90
I767__00070.90,8.42909803967546,45.583597525,I767,_,00070,90
I767__00060.90,8.443988459082348,45.584031055,I767,_,00060,90
I767__00050.90,8.44702035663985,45.590381019999995,I767,_,00050,90
I767__00040.90,8.452061578482013,45.58289879,I767,_,00040,90
I767__00030.90,8.461651277481012,45.57762347,I767,_,00030,90
I767__00020.90,8.459483237727598,45.58171538,I767,_,00020,90
I767__00010.91,8.46258844811367,45.593897775,I767,_,00010,91
I767__00180.91,8.433468262580455,45.562724115,I767,_,00180,91
I767__00170.91,8.453680287476889,45.574443450000004,I767,_,00170,91
I767__00160.91,8.448724002774396,45.57348699,I767,_,00160,91
I767__00150.91,8.434109618598159,45.57249528,I767,_,00150,91
I767__00140.91,8.424985278420056,45.57035918,I767,_,00140,91
I767__00120.91,8.417327173238618,45.571249429999995,I767,_,00120,91
I767__00110.91,8.423600055886773,45.5777707,I767,_,00110,91
I767__00100.91,8.429945354981797,45.577360185,I767,_,00100,91
I767__00070.91,8.431199682778125,45.580534105,I767,_,00070,91
I767__00060.91,8.443864618766849,45.584554955,I767,_,00060,91
I767__00050.91,8.44695896735984,45.59046491,I767,_,00050,91
I767__00040.91,8.452091530246669,45.583251575000006,I767,_,00040,91
I767__00030.91,8.463388036660518,45.57829875,I767,_,00030,91
I767__00020.91,8.45954404815825,45.58217123,I767,_,00020,91
I767__00010.92,8.4635194142887,45.594081785,I767,_,00010,92
I767__00180.92,8.44177870711912,45.56432942,I767,_,00180,92
I767__00170.92,8.453385014537442,45.5748344,I767,_,00170,92
I767__00160.92,8.44856762652712,45.573408584999996,I767,_,00160,92
I767__00150.92,8.434381486590688,45.572835534999996,I767,_,00150,92
I767__00140.92,8.424202312857616,45.57031621,I767,_,00140,92
I767__00120.92,8.417477866394778,45.570746084999996,I767,_,00120,92
I767__00110.92,8.422940863289881,45.57829653,I767,_,00110,92
I767__00100.92,8.430410541566722,45.57768765,I767,_,00100,92
I767__00060.92,8.443300450658388,45.58440325,I767,_,00060,92
I767__00050.92,8.447793442095726,45.59073411,I767,_,00050,92
I767__00040.92,8.452838871447838,45.58382591,I767,_,00040,92
I767__00030.92,8.46440416556319,45.579194035,I767,_,00030,92
I767__00020.92,8.459790259881851,45.58209034,I767,_,00020,92
I767__00010.93,8.462628925588003,45.593696695000006,I767,_,00010,93
I767__00180.93,8.438504230646583,45.566668899999996,I767,_,00180,93
I767__00170.93,8.453251651768223,45.574784,I767,_,00170,93
I767__00160.93,8.448308308890702,45.573733614999995,I767,_,00160,93
I767__00140.93,8.424455636268714,45.570218665,I767,_,00140,93
I767__00120.93,8.417738780240994,45.571245655,I767,_,00120,93
I767__00110.93,8.423322171826168,45.5777707,I767,_,00110,93
I767__00100.93,8.431091720602428,45.57666106,I767,_,00100,93
I767__00070.93,8.43310293542224,45.582294345,I767,_,00070,93
I767__00060.93,8.443062653993678,45.584049754999995,I767,_,00060,93
I767__00040.93,8.45333137356386,45.58396571,I767,_,00040,93
I767__00030.93,8.465300304450459,45.579197585,I767,_,00030,93
I767__00020.93,8.460153356146012,45.58198607,I767,_,00020,93
I767__00010.94,8.462710243116597,45.59356855,I767,_,00010,94
I767__00180.94,8.439083005592042,45.566357625,I767,_,00180,94
I767__00170.94,8.453460017993722,45.574529325,I767,_,00170,94
I767__00160.94,8.448078843893594,45.573551835,I767,_,00160,94
I767__00150.94,8.434147435634113,45.57327004,I767,_,00150,94
I767__00140.94,8.424212078641169,45.569690734999995,I767,_,00140,94
I767__00120.94,8.417868846124392,45.570587545,I767,_,00120,94
I767__00110.94,8.423226545473458,45.577512215,I767,_,00110,94
I767__00100.94,8.431361329234523,45.576998995,I767,_,00100,94
I767__00070.94,8.432938851460257,45.582704414999995,I767,_,00070,94
I767__00060.94,8.443276532801978,45.583948664999994,I767,_,00060,94
I767__00050.94,8.44847234630191,45.5903507,I767,_,00050,94
I767__00040.94,8.453436451727,45.583905885,I767,_,00040,94
I767__00030.94,8.463912805265757,45.57900334,I767,_,00030,94
I767__00020.94,8.460434593531463,45.581975330000006,I767,_,00020,94
I767__00010.95,8.463372137525491,45.59359624,I767,_,00010,95
I767__00180.95,8.439015731097342,45.56569345,I767,_,00180,95
I767__00170.95,8.453418673638485,45.57445369,I767,_,00170,95
I767__00160.95,8.44802270823869,45.57334597,I767,_,00160,95
I767__00140.95,8.424749617597294,45.569803725,I767,_,00140,95
I767__00120.95,8.41813164920493,45.57048077,I767,_,00120,95
I767__00110.95,8.421645820232655,45.577673625,I767,_,00110,95
I767__00080.95,8.438279372587694,45.576718875,I767,_,00080,95
I767__00070.95,8.433924126804348,45.581286505,I767,_,00070,95
I767__00060.95,8.443413214165819,45.583846445,I767,_,00060,95
I767__00050.95,8.449092945769912,45.58993678,I767,_,00050,95
I767__00040.95,8.452524319045693,45.583614655000005,I767,_,00040,95
I767__00020.95,8.460563178460177,45.581986015,I767,_,00020,95
I767__00010.96,8.46372814956123,45.593355315,I767,_,00010,96
I767__00180.96,8.429994252355991,45.56405798,I767,_,00180,96
I767__00170.96,8.453158681375331,45.574750075,I767,_,00170,96
I767__00160.96,8.44772012135275,45.57361611,I767,_,00160,96
I767__00150.96,8.434701764863823,45.57299838,I767,_,00150,96
I767__00140.96,8.424831324920515,45.569713054999994,I767,_,00140,96
I767__00120.96,8.417884790851609,45.570265445000004,I767,_,00120,96
I767__00110.96,8.422637207366453,45.577607745,I767,_,00110,96
I767__00100.96,8.430625681666708,45.57796896,I767,_,00100,96
I767__00080.96,8.438414009182452,45.57673882,I767,_,00080,96
I767__00060.96,8.442990098891716,45.583461584999995,I767,_,00060,96
I767__00050.96,8.449513546569285,45.589824135,I767,_,00050,96
I767__00040.96,8.452605434931238,45.583482525,I767,_,00040,96
I767__00030.96,8.465606559647156,45.579195805,I767,_,00030,96
I767__00020.96,8.460701096087297,45.58198828,I767,_,00020,96
I767__00010.97,8.463902558791318,45.593252285,I767,_,00010,97
I767__00170.97,8.453007962674914,45.57470301,I767,_,00170,97
I767__00160.97,8.447621544645884,45.573597164999995,I767,_,00160,97
I767__00150.97,8.434999762330968,45.573188515,I767,_,00150,97
I767__00140.97,8.425073057107127,45.569640135,I767,_,00140,97
I767__00120.97,8.418249626909404,45.570448225,I767,_,00120,97
I767__00110.97,8.42194047931678,45.577615895,I767,_,00110,97
I767__00100.97,8.430799456403808,45.578226674999996,I767,_,00100,97
I767__00080.97,8.438323520898685,45.576669124999995,I767,_,00080,97
I767__00070.97,8.434550363286505,45.58168872,I767,_,00070,97
I767__00060.97,8.443247596835999,45.583445555,I767,_,00060,97
I767__00050.97,8.449694988545737,45.589581735,I767,_,00050,97
I767__00040.97,8.453670598059263,45.583862665,I767,_,00040,97
I767__00030.97,8.465891588496394,45.579024955,I767,_,00030,97
I767__00020.97,8.46077502270447,45.582827565,I767,_,00020,97
I767__00010.98,8.462971510951267,45.59285274,I767,_,00010,98
I767__00180.98,8.43026070504591,45.562728345,I767,_,00180,98
I767__00170.98,8.453130577641218,45.574566585,I767,_,00170,98
I767__00160.98,8.447848301256212,45.573300335,I767,_,00160,98
I767__00150.98,8.435323285821163,45.573290145,I767,_,00150,98
I767__00140.98,8.424666157304966,45.5692879,I767,_,00140,98
I767__00120.98,8.418309563999607,45.570225585,I767,_,00120,98
I767__00110.98,8.420849615439089,45.577259420000004,I767,_,00110,98
I767__00100.98,8.43125195831413,45.57798178,I767,_,00100,98
I767__00080.98,8.438461669561276,45.576593665000004,I767,_,00080,98
I767__00060.98,8.443165444632541,45.58325606,I767,_,00060,98
I767__00050.98,8.449096786990559,45.589587045,I767,_,00050,98
I767__00040.98,8.453585310064017,45.58372437,I767,_,00040,98
I767__00030.98,8.467012512652994,45.578893175000005,I767,_,00030,98
I767__00020.98,8.461180777747092,45.582683,I767,_,00020,98
I767__00010.99,8.463806119941854,45.59308849,I767,_,00010,99
I767__00180.99,8.434601469703397,45.564272630000005,I767,_,00180,99
I767__00170.99,8.45337510793459,45.574266745,I767,_,00170,99
I767__00160.99,8.44775236020999,45.573259359999994,I767,_,00160,99
I767__00150.99,8.435121687714487,45.5735481,I767,_,00150,99
I767__00140.99,8.425666715927996,45.567646245000006,I767,_,00140,99
I767__00120.99,8.418532633783546,45.57061512,I767,_,00120,99
I767__00110.99,8.421126516907101,45.577148735,I767,_,00110,99
I767__00100.99,8.431140083719345,45.578451529999995,I767,_,00100,99
I767__00080.99,8.438436555467835,45.57666702,I767,_,00080,99
I767__00060.99,8.443775525294084,45.583374205,I767,_,00060,99
I767__00050.99,8.448196896337482,45.589198905,I767,_,00050,99
I767__00040.99,8.452752623442814,45.583396015,I767,_,00040,99
I767__00030.99,8.467123347207345,45.579095214999995,I767,_,00030,99
I767__00020.99,8.461379631554845,45.5823621,I767,_,00020,99
